stockid,date,close,open,high,low,volume
486005,2021-03-12,454.1,461.0,461.35,448.0,3544.0
486005,2021-01-08,370.15,378.65,384.95,369.0,6342.0
486005,2021-01-15,402.0,405.95,415.65,391.5,20783.0
486005,2021-02-01,419.45,424.2,425.0,400.0,10179.0
486005,2021-02-24,422.5,425.3,430.0,420.1,918.0
486005,2021-04-19,417.8,414.05,423.0,414.0,5616.0
486005,2021-05-14,513.1,541.7,541.7,504.95,6974.0
486005,2021-05-18,518.05,527.65,529.0,514.8,3239.0
486005,2021-06-18,552.9,570.0,570.0,544.0,7817.0
486005,2021-06-30,585.35,565.0,600.0,565.0,28088.0
486005,2021-07-02,760.5,650.0,760.5,645.0,497288.0
486005,2021-08-26,782.4,782.55,799.0,761.4,8533.0
486005,2021-09-03,812.7,809.0,841.0,791.95,37578.0
486005,2021-09-20,790.0,819.5,832.5,786.1,19990.0
486005,2021-10-20,773.2,790.0,790.0,771.8,12529.0
486005,2021-11-04,769.05,765.1,775.0,765.1,1791.0
486005,2021-11-16,799.5,782.0,810.6,782.0,10626.0
486005,2021-11-26,760.6,774.95,777.0,755.0,17222.0
486005,2021-11-29,739.4,744.05,759.3,715.5,16885.0
486005,2021-12-10,972.1,973.9,994.1,933.5,44377.0
486005,2021-12-27,808.4,801.05,827.95,801.05,18718.0
486005,2022-02-08,814.1,803.4,829.0,781.1,26367.0
486005,2022-02-10,801.45,819.9,819.9,795.85,4249.0
486005,2022-04-20,675.9,670.55,698.8,662.05,11092.0
486005,2022-05-19,671.15,685.0,685.0,668.25,5103.0
486005,2022-05-27,752.95,679.1,770.2,672.35,32423.0
486005,2022-07-07,656.4,653.65,660.0,641.8,4408.0
486005,2022-08-02,771.25,790.0,803.9,753.75,21648.0
486005,2022-08-22,785.2,797.55,806.25,775.35,11738.0
486005,2022-09-20,949.7,980.0,987.2,940.2,35102.0
486005,2022-09-27,893.6,910.0,934.9,878.7,36835.0
486005,2022-11-29,1003.3,994.0,1045.0,992.05,29731.0
486005,2022-12-15,964.0,918.9,968.0,918.1,32358.0
486005,2023-01-25,886.2,905.6,906.85,874.1,9645.0
486005,2023-01-27,889.15,915.0,915.0,838.6,14408.0
486005,2023-02-07,861.3,855.0,870.05,855.0,3120.0
486005,2023-02-23,860.2,863.95,865.9,845.0,5642.0
486005,2023-03-13,761.25,789.95,793.5,757.0,16338.0
486005,2023-03-16,724.65,730.0,741.7,715.1,29938.0
486005,2023-03-22,703.75,719.95,720.0,695.0,13922.0
486005,2023-08-08,855.1,860.0,878.0,850.0,26155.0
486005,2023-08-09,846.2,861.1,866.0,841.9,14121.0
486005,2021-01-05,372.8,375.0,376.0,364.95,7613.0
486005,2021-01-19,440.25,425.0,450.0,425.0,31923.0
486005,2021-02-02,421.4,423.7,428.9,416.3,4762.0
486005,2021-02-08,428.8,426.2,432.0,422.15,5530.0
486005,2021-02-16,411.9,429.0,429.0,407.6,4464.0
486005,2021-03-08,456.2,469.95,469.95,453.0,1863.0
486005,2021-04-09,456.05,458.65,464.0,451.05,1937.0
486005,2021-07-16,800.75,786.0,810.15,775.6,27746.0
486005,2021-07-30,795.4,810.0,813.0,790.15,9319.0
486005,2021-08-23,773.35,760.0,794.95,730.05,23603.0
486005,2021-09-08,825.0,829.95,837.0,811.75,22784.0
486005,2021-09-14,792.15,799.4,802.5,785.1,20364.0
486005,2021-09-17,822.95,807.9,834.0,793.15,93382.0
486005,2021-11-18,782.05,806.0,823.15,777.0,21141.0
486005,2022-01-19,827.35,825.0,839.0,817.4,3860.0
486005,2022-01-21,801.1,838.0,838.0,792.0,12495.0
486005,2022-01-25,775.55,793.0,799.0,736.8,9066.0
486005,2022-02-09,805.55,810.0,822.2,795.25,3000.0
486005,2022-02-11,792.85,790.1,809.9,786.65,3072.0
486005,2022-02-14,761.1,782.0,789.85,738.45,23776.0
486005,2022-02-18,815.15,820.0,845.0,801.25,34927.0
486005,2022-02-23,789.2,776.0,800.0,776.0,8088.0
486005,2022-03-14,722.9,706.5,737.0,706.0,9692.0
486005,2022-04-06,702.4,695.1,724.0,695.1,23917.0
486005,2022-04-13,685.95,704.55,710.0,684.0,5525.0
486005,2022-05-13,685.35,682.7,700.0,679.0,9003.0
486005,2022-06-09,639.85,638.15,644.95,635.0,3600.0
486005,2022-07-13,661.75,661.4,674.0,652.05,4088.0
486005,2022-07-14,665.7,656.1,671.85,651.0,3887.0
486005,2022-09-12,852.35,864.0,877.75,845.0,11236.0
486005,2022-10-03,840.5,870.0,872.95,833.0,16112.0
486005,2022-10-06,849.0,848.0,868.95,842.05,21062.0
486005,2022-12-06,967.45,967.05,986.05,961.5,22503.0
486005,2022-12-20,948.85,956.0,966.15,936.9,13917.0
486005,2023-01-19,935.8,935.05,965.25,930.0,5558.0
486005,2023-01-24,904.2,901.0,926.3,896.0,8732.0
486005,2023-02-13,879.9,887.0,889.8,864.05,5984.0
486005,2023-03-06,804.75,795.05,828.0,795.05,10316.0
486005,2023-03-20,704.95,730.0,748.15,701.1,41670.0
486005,2023-03-29,663.95,662.4,672.0,652.55,12356.0
486005,2023-05-18,755.1,770.0,787.95,747.2,17288.0
486005,2023-05-19,761.55,759.7,778.95,752.25,11453.0
486005,2023-07-13,831.25,853.95,867.9,816.0,19582.0
486005,2021-01-04,373.85,381.85,384.95,363.25,15952.0
486005,2021-02-11,418.1,426.0,426.0,415.0,2513.0
486005,2021-02-18,406.75,410.0,415.8,403.0,2378.0
486005,2021-04-06,457.15,421.35,464.0,414.75,38311.0
486005,2021-04-28,475.45,454.0,482.0,448.15,25108.0
486005,2021-05-21,524.9,530.55,532.1,511.65,8194.0
486005,2021-05-24,587.1,538.9,608.0,534.95,97249.0
486005,2021-07-26,816.85,827.95,848.0,813.0,31446.0
486005,2021-08-24,771.2,770.0,785.0,731.25,18450.0
486005,2021-08-30,785.85,780.05,795.55,778.85,11184.0
486005,2021-09-30,764.65,781.0,790.75,761.05,15645.0
486005,2021-10-07,781.3,753.2,819.0,753.2,45924.0
486005,2021-10-12,767.95,765.8,782.95,760.7,13330.0
486005,2021-11-24,777.75,790.3,800.05,772.0,7311.0
486005,2021-12-07,889.45,900.25,918.0,881.15,31505.0
486005,2021-12-09,968.2,919.9,998.75,903.0,149101.0
486005,2021-12-15,872.4,909.9,923.95,870.0,60581.0
486005,2021-12-21,801.55,860.0,860.0,790.35,26965.0
486005,2022-01-05,812.25,827.0,829.0,802.35,15078.0
486005,2022-01-18,834.45,856.35,856.35,816.05,16167.0
486005,2022-01-24,757.7,800.0,805.15,750.0,16063.0
486005,2022-02-16,821.05,790.0,838.0,777.85,50988.0
486005,2022-02-28,766.55,785.0,799.8,751.05,9802.0
486005,2022-03-21,741.0,778.0,778.0,734.0,5505.0
486005,2022-03-29,681.75,697.2,699.9,674.05,18642.0
486005,2022-04-08,719.15,701.15,729.1,700.05,15711.0
486005,2022-05-05,733.9,748.05,761.0,723.0,6711.0
486005,2022-06-15,612.65,625.0,636.7,602.35,7418.0
486005,2022-06-30,636.85,653.45,672.0,630.5,9274.0
486005,2022-08-26,807.65,804.8,827.9,800.0,58617.0
486005,2022-09-15,874.95,877.7,886.4,865.1,16458.0
486005,2022-09-21,935.45,958.0,967.0,921.5,14646.0
486005,2022-09-23,900.8,947.6,947.6,892.4,11484.0
486005,2022-10-11,844.65,875.0,885.0,840.1,10036.0
486005,2022-10-12,840.05,848.0,852.0,833.3,9727.0
486005,2022-10-19,946.9,899.8,964.85,899.45,138362.0
486005,2022-10-28,882.1,875.7,888.0,875.0,2776.0
486005,2022-11-25,1022.15,1049.95,1050.0,1014.0,23726.0
486005,2023-01-11,979.55,949.9,986.0,942.25,37313.0
486005,2023-01-16,971.25,988.0,997.0,961.05,5722.0
486005,2023-02-21,870.95,874.0,874.0,865.1,1410.0
486005,2023-03-01,818.25,785.0,830.35,772.9,9926.0
486005,2023-04-18,798.2,820.0,829.0,791.95,6583.0
486005,2023-04-25,788.65,793.8,798.0,784.0,18131.0
486005,2023-05-17,772.15,750.0,777.8,733.35,97356.0
486005,2023-06-13,744.0,751.1,757.55,741.75,11505.0
486005,2023-07-04,860.2,877.0,919.65,852.2,98100.0
486005,2023-07-07,864.45,877.3,884.0,856.85,20120.0
486005,2023-07-17,845.15,849.85,856.95,840.1,13413.0
486005,2023-07-20,851.0,857.95,872.55,840.5,17354.0
486005,2023-07-24,841.2,838.5,847.95,831.3,10449.0
486005,2023-08-02,874.85,849.0,895.0,848.1,138215.0
486005,2021-01-21,416.7,433.05,439.0,415.2,14158.0
486005,2021-02-05,423.7,431.55,433.7,421.1,4823.0
486005,2021-02-23,425.95,411.0,438.0,408.85,9483.0
486005,2021-03-03,463.65,471.0,490.65,460.1,18551.0
486005,2021-03-24,489.95,506.45,511.45,485.0,11987.0
486005,2021-03-26,427.5,471.5,478.0,420.0,74678.0
486005,2021-05-17,513.55,529.7,529.7,506.5,5128.0
486005,2021-06-07,570.55,570.0,575.4,556.45,16939.0
486005,2021-07-05,712.1,774.0,774.0,708.35,155400.0
486005,2021-07-08,681.0,686.0,710.0,676.0,26954.0
486005,2021-08-05,775.7,795.95,795.95,750.15,34682.0
486005,2021-08-18,790.75,830.05,837.4,784.45,26899.0
486005,2021-08-20,763.45,780.2,813.65,744.0,38857.0
486005,2021-09-13,792.3,825.0,825.0,787.25,21207.0
486005,2021-10-11,761.95,772.0,789.5,754.1,25044.0
486005,2021-11-11,783.7,798.0,804.95,770.2,22599.0
486005,2021-11-17,805.55,800.0,822.5,785.3,18248.0
486005,2021-12-08,912.0,889.0,925.0,889.0,45957.0
486005,2021-12-31,814.3,840.0,844.9,806.1,12158.0
486005,2022-01-20,828.65,820.0,840.85,819.05,3211.0
486005,2022-02-01,822.05,826.25,826.3,810.0,3905.0
486005,2022-02-22,784.0,790.1,805.2,767.0,12307.0
486005,2022-04-21,673.5,688.7,688.7,671.55,4215.0
486005,2022-07-01,650.65,630.0,655.55,620.5,4931.0
486005,2022-07-22,711.8,713.0,723.0,700.1,10706.0
486005,2022-08-11,757.25,764.25,796.25,752.0,46535.0
486005,2022-09-30,871.1,866.0,893.6,860.0,26174.0
486005,2022-11-17,962.75,1001.95,1008.9,942.0,33724.0
486005,2022-11-18,1071.6,976.0,1083.0,969.0,257745.0
486005,2022-11-21,1067.9,1095.0,1112.9,1051.1,141093.0
486005,2023-02-06,866.25,866.45,880.7,861.85,3489.0
486005,2023-02-14,865.1,886.5,886.5,859.55,7315.0
486005,2023-02-22,855.2,862.2,866.45,849.95,4616.0
486005,2023-03-02,798.75,820.0,823.15,797.0,10702.0
486005,2023-04-26,777.8,791.85,791.85,771.0,4137.0
486005,2023-04-27,787.95,780.45,794.8,780.25,10030.0
486005,2023-05-23,749.55,765.0,775.2,745.0,13743.0
486005,2023-06-01,748.25,746.15,759.7,745.0,7910.0
486005,2023-06-08,770.4,777.6,801.95,764.0,34918.0
486005,2023-06-23,747.95,760.35,760.35,745.15,12434.0
486005,2023-06-26,743.95,755.35,755.35,742.2,6511.0
486005,2023-06-27,752.65,751.4,755.05,742.0,7786.0
486005,2023-07-25,888.85,847.9,899.8,847.0,167060.0
486005,2021-05-06,549.7,542.0,555.0,529.4,27484.0
486005,2021-06-25,564.6,576.3,590.0,558.05,7758.0
486005,2021-07-28,815.75,832.9,833.05,780.1,22368.0
486005,2021-08-02,803.35,802.85,817.05,788.05,40200.0
486005,2021-08-16,827.75,875.75,875.75,816.75,24993.0
486005,2021-09-07,831.75,813.95,842.9,791.45,27193.0
486005,2021-09-15,793.6,793.0,830.0,783.0,45531.0
486005,2021-11-12,808.0,770.0,887.0,765.05,67758.0
486005,2022-01-11,838.0,824.0,865.0,824.0,25992.0
486005,2022-01-12,839.35,841.95,854.05,827.1,13257.0
486005,2022-03-09,723.4,724.95,729.85,713.75,9018.0
486005,2022-03-10,732.8,749.85,760.0,730.0,8855.0
486005,2022-04-25,668.95,680.0,684.0,661.05,7137.0
486005,2022-05-11,683.4,672.0,692.6,648.55,9641.0
486005,2022-05-16,677.0,675.15,706.95,671.55,8592.0
486005,2022-06-07,630.9,627.95,637.9,621.95,8607.0
486005,2022-06-16,598.9,618.95,643.0,592.55,11795.0
486005,2022-06-27,655.05,640.0,685.45,627.7,45100.0
486005,2022-07-21,704.35,700.0,715.15,678.7,12572.0
486005,2022-08-03,749.85,760.0,786.6,738.95,29045.0
486005,2022-08-17,818.25,825.0,840.0,801.1,28083.0
486005,2022-08-18,811.9,802.05,824.0,802.05,14622.0
486005,2022-09-08,864.75,877.0,877.0,856.0,13759.0
486005,2022-11-22,1041.2,1076.95,1098.95,1030.6,42738.0
486005,2022-12-14,918.1,926.0,945.0,914.0,26839.0
486005,2022-12-30,887.15,875.95,892.0,862.65,9549.0
486005,2023-02-01,869.85,901.4,909.4,845.0,11509.0
486005,2023-02-09,876.65,899.85,905.9,870.95,3515.0
486005,2023-05-25,736.65,737.9,750.0,728.95,9777.0
486005,2023-05-29,765.3,763.0,777.85,749.1,23555.0
486005,2023-06-07,777.6,758.6,793.0,758.6,26338.0
486005,2023-07-18,860.5,840.05,865.0,832.5,16031.0
486005,2021-01-06,375.9,375.0,385.05,352.6,14064.0
486005,2021-01-25,415.25,425.0,425.0,408.0,4518.0
486005,2021-01-29,410.7,429.45,429.45,407.75,3345.0
486005,2021-02-04,428.25,435.0,435.95,425.35,4190.0
486005,2021-02-09,428.6,432.0,434.65,425.05,4000.0
486005,2021-03-30,424.5,430.0,448.0,422.0,14390.0
486005,2021-04-13,430.5,420.05,440.65,420.05,2021.0
486005,2021-06-02,559.05,551.0,562.55,540.55,5106.0
486005,2021-06-29,564.45,560.2,573.25,560.0,4768.0
486005,2021-07-01,633.75,592.35,643.5,580.05,131935.0
486005,2021-08-04,789.95,790.5,810.0,781.35,11733.0
486005,2021-08-09,858.7,862.8,949.0,841.55,170913.0
486005,2021-08-13,867.8,918.0,930.0,850.05,51182.0
486005,2021-10-08,770.7,785.25,797.0,768.05,42942.0
486005,2021-10-13,772.7,770.0,780.05,764.0,12862.0
486005,2021-10-18,795.9,798.0,811.0,784.45,97243.0
486005,2021-10-25,794.9,777.0,809.6,746.0,52182.0
486005,2021-10-29,776.45,774.65,786.05,765.0,7194.0
486005,2021-12-16,915.05,885.8,924.0,857.55,47093.0
486005,2021-12-30,838.4,829.0,844.85,816.05,10002.0
486005,2022-02-21,801.65,818.0,839.45,791.75,16141.0
486005,2022-03-11,706.45,715.55,739.8,698.6,7440.0
486005,2022-03-16,719.55,730.0,741.85,715.1,6946.0
486005,2022-03-31,660.9,675.0,699.6,656.05,21927.0
486005,2022-04-04,705.95,709.8,720.85,692.1,12031.0
486005,2022-04-12,694.15,718.85,718.85,684.05,13436.0
486005,2022-05-12,683.2,672.0,699.25,661.25,10134.0
486005,2022-05-30,733.0,752.95,752.95,727.0,5307.0
486005,2022-06-01,710.65,734.65,736.7,705.0,4247.0
486005,2022-07-15,657.25,666.1,669.0,649.9,5327.0
486005,2022-09-13,872.7,853.0,881.3,853.0,24056.0
486005,2022-09-14,867.75,872.05,875.45,864.95,18209.0
486005,2022-09-26,896.6,890.0,916.8,865.0,101574.0
486005,2022-10-21,898.7,905.5,928.9,890.0,9681.0
486005,2022-11-14,915.1,890.0,921.45,875.05,19832.0
486005,2022-11-15,959.75,929.9,992.0,925.05,60498.0
486005,2023-01-03,973.75,966.6,1002.85,954.1,41754.0
486005,2023-02-02,884.8,853.0,898.0,853.0,6131.0
486005,2023-03-03,792.6,807.05,815.0,786.85,17540.0
486005,2023-03-15,741.05,761.05,764.95,738.85,30094.0
486005,2023-04-21,782.9,790.55,801.0,775.0,9921.0
486005,2023-04-24,790.0,790.0,797.0,784.3,3457.0
486005,2023-05-04,799.4,820.0,820.0,790.0,11868.0
486005,2023-05-30,756.35,776.7,782.15,751.15,13788.0
486005,2023-05-31,746.15,766.9,766.9,744.8,12982.0
486005,2023-06-06,757.75,771.95,771.95,749.0,13331.0
486005,2023-07-12,844.15,850.0,858.15,835.2,22086.0
486005,2023-08-01,844.95,840.8,852.0,818.85,73342.0
486005,2023-08-16,822.4,823.55,828.95,817.0,8949.0
486005,2021-01-12,378.8,365.0,387.0,360.95,15534.0
486005,2021-02-10,418.1,423.05,426.6,415.1,10289.0
486005,2021-02-26,418.5,429.0,429.0,418.0,6995.0
486005,2021-05-04,546.8,480.1,561.0,473.0,181382.0
486005,2021-05-05,537.55,560.0,575.0,531.0,102435.0
486005,2021-05-26,568.25,593.0,593.0,566.65,7654.0
486005,2021-07-22,809.5,844.35,844.35,790.1,42810.0
486005,2021-07-23,820.45,817.0,835.95,799.0,38196.0
486005,2021-09-06,803.4,822.0,822.0,799.6,7156.0
486005,2021-09-09,811.6,820.0,831.9,806.45,35523.0
486005,2021-11-10,789.5,768.0,809.0,768.0,8836.0
486005,2022-01-10,831.15,834.95,840.0,816.05,10098.0
486005,2022-01-27,770.05,776.0,795.0,758.55,12461.0
486005,2022-03-07,725.15,756.65,768.85,705.1,12642.0
486005,2022-03-08,709.05,730.0,736.95,690.95,15792.0
486005,2022-03-30,663.55,689.9,694.7,660.0,19339.0
486005,2022-05-20,669.7,681.15,697.0,666.05,3385.0
486005,2022-07-04,652.2,651.9,659.9,640.55,3906.0
486005,2022-07-27,705.25,729.0,729.0,702.15,3854.0
486005,2022-08-05,738.75,742.8,755.0,735.0,4747.0
486005,2022-08-25,803.9,788.0,814.9,788.0,10368.0
486005,2022-12-02,988.45,985.8,1010.0,975.9,11646.0
486005,2022-12-16,961.3,970.0,980.05,935.05,16170.0
486005,2022-12-21,915.2,940.15,953.1,897.75,49002.0
486005,2022-12-23,839.4,897.5,898.05,829.0,31799.0
486005,2022-12-26,843.2,821.0,853.55,807.0,51478.0
486005,2023-01-05,929.95,949.8,954.25,925.05,7378.0
486005,2023-01-10,941.0,943.1,951.05,933.0,4845.0
486005,2023-01-13,976.15,971.0,983.8,969.05,7264.0
486005,2023-01-23,914.85,940.45,940.45,890.0,15283.0
486005,2023-02-27,815.55,828.35,840.0,811.0,7821.0
486005,2023-04-28,805.1,796.0,824.0,788.55,18499.0
486005,2023-05-03,808.65,812.5,819.9,790.0,10901.0
486005,2023-05-12,767.8,769.6,784.4,764.0,21711.0
486005,2023-07-06,877.3,873.75,886.9,873.75,17455.0
486005,2023-07-11,841.9,828.0,860.25,825.55,23761.0
486005,2023-07-28,822.95,825.0,828.8,815.05,43625.0
486005,2023-08-04,861.3,863.0,871.8,857.65,15613.0
486005,2023-08-17,818.8,826.45,826.95,816.0,8402.0
486005,2021-02-19,402.0,407.2,409.4,398.0,3821.0
486005,2021-01-18,421.65,402.05,427.75,402.05,22344.0
486005,2021-01-22,418.35,416.7,427.0,412.9,14773.0
486005,2021-02-22,407.7,393.9,420.0,386.65,5364.0
486005,2021-04-22,429.7,423.0,434.3,420.0,2156.0
486005,2021-05-03,470.65,492.05,498.0,467.5,85451.0
486005,2021-05-31,556.5,551.05,565.0,547.0,14237.0
486005,2021-06-10,550.7,545.0,560.05,545.0,9338.0
486005,2021-07-09,670.8,681.0,695.0,665.2,9183.0
486005,2021-07-12,690.55,670.8,705.0,660.15,49975.0
486005,2021-08-27,778.65,782.15,784.2,772.05,7840.0
486005,2021-08-31,800.85,786.0,825.0,778.4,26985.0
486005,2021-11-23,786.35,748.0,804.0,735.05,26267.0
486005,2022-01-03,823.9,820.0,840.0,816.95,11446.0
486005,2022-01-17,842.35,848.95,852.0,831.35,18493.0
486005,2022-01-31,825.7,846.0,846.0,817.5,4661.0
486005,2022-04-07,701.1,711.95,712.55,697.85,8283.0
486005,2022-04-22,676.2,674.0,704.95,669.0,5645.0
486005,2022-05-31,723.85,741.65,741.65,721.5,4054.0
486005,2022-07-08,667.25,656.4,673.25,650.0,5033.0
486005,2022-08-23,805.75,789.25,814.8,772.85,21488.0
486005,2022-11-03,867.15,867.8,879.45,847.7,7719.0
486005,2022-11-09,872.15,885.75,885.75,863.0,7656.0
486005,2022-11-16,987.15,970.0,999.65,930.1,71528.0
486005,2022-12-13,927.95,960.0,975.0,921.0,39526.0
486005,2023-01-12,977.9,980.0,983.95,960.5,9474.0
486005,2023-02-17,869.5,875.2,898.85,865.0,3156.0
486005,2023-03-14,749.9,768.85,774.0,742.55,23497.0
486005,2023-03-17,726.95,724.65,743.0,703.05,18499.0
486005,2023-04-05,700.55,712.8,714.95,697.0,20654.0
486005,2023-04-11,747.6,715.4,765.0,713.1,29856.0
486005,2023-05-10,767.85,782.95,783.0,764.1,7831.0
486005,2023-05-15,779.65,767.9,789.8,767.0,29015.0
486005,2023-06-12,746.4,750.0,755.65,744.15,11538.0
486005,2023-06-15,777.6,740.0,792.0,740.0,43565.0
486005,2023-07-31,840.8,833.75,855.0,821.05,46788.0
486005,2023-08-03,865.9,874.95,885.0,850.05,28132.0
486005,2023-08-07,856.1,866.9,879.8,853.0,17849.0
486005,2023-08-10,836.85,846.0,854.95,833.5,13779.0
486005,2021-02-15,407.95,423.9,438.0,406.65,5799.0
486005,2021-01-14,402.35,400.0,405.1,385.25,15102.0
486005,2021-01-20,433.2,447.0,447.5,430.0,16181.0
486005,2021-02-12,410.7,419.95,428.9,409.95,13501.0
486005,2021-03-19,501.6,422.8,501.6,401.65,161025.0
486005,2021-05-11,529.85,545.0,547.0,528.9,9201.0
486005,2021-06-01,550.7,569.5,569.5,541.15,8722.0
486005,2021-07-14,817.7,715.0,853.85,715.0,624414.0
486005,2021-08-06,840.6,756.0,865.95,729.0,211279.0
486005,2021-09-23,783.65,792.0,813.7,772.85,28593.0
486005,2021-09-27,770.8,777.45,784.75,763.0,5828.0
486005,2021-09-29,770.0,769.5,781.0,760.0,134813.0
486005,2021-10-06,746.2,769.0,772.55,740.7,24472.0
486005,2021-10-14,770.8,772.7,784.9,761.0,44061.0
486005,2021-10-19,791.95,795.9,811.15,765.0,45418.0
486005,2021-12-03,850.4,834.75,875.0,826.0,79114.0
486005,2022-03-28,674.05,714.9,714.9,670.2,22837.0
486005,2022-04-01,696.2,664.15,701.0,664.15,11612.0
486005,2022-05-17,680.0,667.0,690.55,664.95,11990.0
486005,2022-06-21,626.9,597.25,640.0,585.05,25184.0
486005,2022-07-11,667.7,662.1,678.0,659.9,5624.0
486005,2022-07-18,678.35,658.1,684.0,658.1,9635.0
486005,2022-07-28,718.15,712.3,750.0,709.25,32672.0
486005,2022-08-01,790.65,748.3,804.95,739.25,82968.0
486005,2022-09-01,809.8,784.0,814.8,784.0,12122.0
486005,2022-11-01,874.1,895.45,895.45,855.8,7150.0
486005,2022-11-11,882.95,878.8,926.8,862.25,20074.0
486005,2022-11-24,1046.7,1056.5,1074.5,1033.0,22215.0
486005,2022-11-28,994.0,1028.5,1045.0,978.65,49090.0
486005,2022-12-19,956.3,970.0,974.0,955.0,9130.0
486005,2023-01-30,890.45,906.8,906.8,858.0,6407.0
486005,2023-01-31,897.95,893.7,907.8,885.05,4532.0
486005,2023-03-09,777.75,802.0,810.35,775.0,12425.0
486005,2023-04-12,806.0,755.1,861.0,755.05,176696.0
486005,2023-05-02,809.45,811.9,815.0,802.05,9436.0
486005,2023-05-11,768.9,779.35,785.95,765.2,9768.0
486005,2023-05-22,762.6,763.2,766.9,757.6,4862.0
486005,2023-05-24,736.55,746.55,760.95,723.1,18557.0
486005,2023-06-05,760.55,765.3,774.9,747.15,17911.0
486005,2023-08-18,837.0,819.6,854.5,816.5,18715.0
486005,2021-03-02,462.9,440.0,476.3,431.0,33239.0
486005,2021-02-25,421.55,427.55,430.9,410.45,11245.0
486005,2021-03-10,458.6,455.05,463.55,440.0,7176.0
486005,2021-03-22,489.5,500.0,514.2,481.0,51906.0
486005,2021-03-04,473.45,473.0,479.0,454.7,9074.0
486005,2021-03-31,424.25,431.85,449.7,419.0,14076.0
486005,2021-04-15,423.65,426.0,429.95,417.85,2668.0
486005,2021-04-05,415.9,435.1,435.1,409.0,7563.0
486005,2021-04-16,427.95,425.5,440.0,425.35,3932.0
486005,2021-04-07,462.1,457.15,469.0,450.9,10610.0
486005,2021-04-27,445.25,445.0,449.0,420.0,6634.0
486005,2021-04-23,425.25,422.8,442.5,420.2,4980.0
486005,2021-04-30,464.35,475.0,482.0,456.5,25363.0
486005,2021-11-08,772.1,772.9,779.05,761.0,9508.0
486005,2021-11-15,800.75,802.0,813.05,787.25,11707.0
486005,2021-05-10,539.3,527.15,547.5,522.05,13286.0
486005,2021-12-06,888.3,875.0,927.0,869.95,119389.0
486005,2021-05-20,530.55,539.15,540.0,522.05,4098.0
486005,2021-06-08,552.0,579.9,579.9,545.65,9963.0
486005,2022-01-04,819.85,825.0,865.55,817.45,25299.0
486005,2022-01-28,822.5,770.0,860.0,770.0,35975.0
486005,2021-06-15,559.8,559.75,567.8,551.1,10059.0
486005,2022-03-02,759.5,777.95,783.85,751.0,6558.0
486005,2021-06-17,565.1,551.0,570.0,551.0,6613.0
486005,2022-03-04,757.5,772.0,774.55,754.7,5285.0
486005,2021-08-10,814.75,850.05,907.85,773.8,106863.0
486005,2022-04-11,711.25,715.0,728.95,708.0,3689.0
486005,2021-09-16,801.9,794.0,820.0,785.95,47511.0
486005,2022-05-02,765.15,734.35,822.05,722.45,135131.0
486005,2021-10-27,818.95,835.0,849.5,803.55,47951.0
486005,2022-06-10,639.7,641.05,646.75,635.05,2552.0
486005,2021-11-09,768.75,772.1,782.55,765.0,9172.0
486005,2022-06-22,610.5,614.4,626.65,605.0,7412.0
486005,2022-01-07,822.3,842.0,842.0,812.55,18922.0
486005,2022-07-05,648.6,656.4,676.8,644.85,11922.0
486005,2022-01-14,831.35,848.25,848.25,825.0,8930.0
486005,2022-02-15,782.4,790.0,819.0,748.85,15264.0
486005,2022-08-19,797.55,811.9,825.8,783.0,16943.0
486005,2022-09-05,870.85,820.3,881.95,820.25,170562.0
486005,2022-02-24,728.4,776.1,785.0,715.1,22701.0
486005,2022-10-04,835.8,851.0,852.0,831.0,24377.0
486005,2022-03-17,740.1,740.0,748.6,734.15,13890.0
486005,2022-03-22,733.25,745.0,746.15,731.0,6093.0
486005,2022-10-24,901.25,899.0,909.9,895.5,2527.0
486005,2022-11-02,864.15,887.0,887.0,862.0,5648.0
486005,2022-04-05,702.15,710.0,716.25,695.0,15769.0
486005,2022-12-12,956.95,966.0,1001.95,950.0,56720.0
486005,2022-04-18,673.15,686.0,689.75,659.6,11702.0
486005,2023-01-09,937.55,953.25,953.25,932.55,3877.0
486005,2022-04-28,685.65,655.0,717.55,646.0,31836.0
486005,2023-02-24,828.35,860.7,867.5,823.0,8926.0
486005,2022-04-29,734.35,685.0,757.0,671.0,43497.0
486005,2023-02-28,787.55,820.1,829.8,776.65,20652.0
486005,2022-05-25,647.35,675.25,679.9,644.05,5705.0
486005,2023-03-08,794.75,799.0,809.45,784.85,14426.0
486005,2022-07-25,714.3,706.6,738.0,705.05,16717.0
486005,2023-03-21,710.75,715.0,715.0,704.0,14805.0
486005,2022-08-16,818.65,794.3,829.75,781.65,48674.0
486005,2023-03-28,662.45,670.05,679.95,647.05,20558.0
486005,2022-09-06,880.1,871.05,889.2,846.9,66237.0
486005,2023-04-10,715.4,714.0,719.7,711.0,8209.0
486005,2023-06-09,747.4,775.0,776.25,743.5,30904.0
486005,2022-09-19,963.1,880.0,1014.6,880.0,253795.0
486005,2022-12-28,876.3,864.0,884.0,856.0,13947.0
486005,2023-07-05,873.75,868.8,889.0,864.0,39580.0
486005,2023-01-04,945.35,965.05,976.95,940.2,16749.0
486005,2023-08-14,819.45,836.9,836.9,802.35,23663.0
486005,2023-02-10,888.0,885.05,917.0,875.0,11632.0
486005,2023-02-20,861.65,869.5,882.4,860.0,2903.0
486005,2023-04-13,788.55,806.0,812.1,782.0,14930.0
486005,2023-05-08,789.8,798.2,805.0,787.95,10992.0
486005,2023-06-20,782.85,776.35,790.0,769.1,28570.0
486005,2023-07-10,831.3,862.95,878.35,825.5,22298.0
486005,2023-07-21,839.65,850.05,856.35,836.0,7757.0
486005,2023-08-21,835.7,837.0,844.95,825.0,8647.0
486005,2023-08-23,845.6,840.0,855.0,827.45,4801.0
486005,2021-01-01,377.1,388.0,394.8,365.35,21712.0
486005,2021-01-28,414.8,423.95,433.5,411.1,9680.0
486005,2021-03-01,435.6,418.55,446.05,384.3,21299.0
486005,2021-03-16,443.15,449.5,450.3,440.95,764.0
486005,2021-03-25,468.4,489.0,489.0,463.2,12225.0
486005,2021-04-01,430.8,434.0,440.0,428.0,7252.0
486005,2021-04-12,421.3,455.5,455.5,417.7,9322.0
486005,2021-04-26,432.8,425.25,434.35,425.25,1586.0
486005,2021-06-11,554.55,565.0,565.0,546.25,6077.0
486005,2021-06-21,551.15,554.95,557.0,538.0,9378.0
486005,2021-06-22,572.9,568.0,576.9,547.35,11288.0
486005,2021-07-19,774.85,802.95,805.0,763.3,43984.0
486005,2021-07-27,825.1,824.85,836.0,818.65,34422.0
486005,2021-08-03,793.3,810.7,816.5,788.3,15322.0
486005,2021-08-12,897.95,825.0,910.0,821.75,59809.0
486005,2021-09-01,788.25,801.0,820.0,782.95,13541.0
486005,2021-09-28,766.0,774.0,785.0,756.5,8246.0
486005,2021-10-28,779.95,818.95,818.95,770.05,11186.0
486005,2021-11-01,775.2,780.35,790.0,771.0,10955.0
486005,2021-11-03,759.7,780.0,787.45,752.8,5255.0
486005,2021-12-14,912.8,973.15,980.0,902.2,49019.0
486005,2021-12-20,819.7,883.55,883.55,804.0,40742.0
486005,2022-02-03,803.15,812.0,830.0,800.2,6181.0
486005,2022-02-04,820.5,819.9,823.05,806.45,3424.0
486005,2022-03-24,718.2,735.0,735.3,705.0,5064.0
486005,2022-05-04,737.0,776.65,794.0,731.1,14364.0
486005,2022-05-06,741.4,728.0,746.1,709.4,9422.0
486005,2022-05-26,678.6,650.65,687.95,640.25,4227.0
486005,2022-06-24,633.0,614.3,642.3,614.3,7669.0
486005,2022-06-28,658.9,660.0,668.2,650.85,5803.0
486005,2022-07-12,656.7,673.95,674.75,650.55,2864.0
486005,2022-07-26,703.0,719.0,732.35,700.0,7539.0
486005,2022-08-10,751.15,733.25,757.0,721.0,7555.0
486005,2022-08-24,799.25,804.05,822.8,795.0,16579.0
486005,2022-08-30,795.7,806.15,819.4,790.05,31089.0
486005,2022-09-29,868.25,905.7,905.7,843.95,35173.0
486005,2022-11-07,876.9,895.0,895.0,875.0,2386.0
486005,2022-11-10,879.1,869.0,880.45,851.05,4794.0
486005,2022-12-08,1003.8,1008.7,1015.0,992.4,27645.0
486005,2023-01-17,948.2,984.95,984.95,944.0,4168.0
486005,2023-01-18,946.4,948.5,962.3,936.85,4961.0
486005,2023-02-08,890.5,867.7,899.9,864.15,7363.0
486005,2023-02-15,881.6,858.0,887.95,858.0,3742.0
486005,2023-03-24,690.55,705.0,707.9,686.45,24904.0
486005,2023-05-16,799.55,786.95,820.0,779.0,38572.0
486005,2023-06-02,751.95,755.0,760.4,744.05,18776.0
486005,2023-07-26,835.2,880.0,880.0,831.3,85779.0
486005,2023-08-22,844.05,830.2,850.75,827.0,16382.0
486005,2021-01-07,378.55,385.0,385.0,373.95,3082.0
486005,2021-03-17,431.7,447.6,447.6,429.05,3678.0
486005,2021-03-18,418.0,440.9,440.9,407.0,13657.0
486005,2021-05-07,521.5,559.6,559.65,512.0,15965.0
486005,2021-05-27,568.95,570.0,583.95,567.05,5514.0
486005,2021-05-28,546.65,578.45,580.0,540.1,22967.0
486005,2021-06-24,578.0,564.0,585.0,564.0,11781.0
486005,2021-06-28,565.45,581.25,581.25,558.0,14222.0
486005,2021-07-06,684.35,705.0,730.0,675.25,53087.0
486005,2021-07-07,679.3,690.0,698.0,652.15,52725.0
486005,2021-07-13,711.55,702.0,719.8,690.25,52722.0
486005,2021-07-15,786.35,820.0,830.0,781.0,149511.0
486005,2021-08-25,780.95,788.75,790.0,777.05,8185.0
486005,2021-09-21,791.6,785.0,794.9,775.0,19349.0
486005,2021-09-22,785.05,792.0,800.0,777.7,13918.0
486005,2021-11-02,777.9,778.55,788.0,775.0,2635.0
486005,2021-11-25,776.0,781.65,796.0,774.0,23654.0
486005,2021-11-30,736.8,743.1,763.85,732.05,8002.0
486005,2021-12-17,883.55,920.0,943.0,870.1,56712.0
486005,2021-12-22,816.1,800.0,832.0,800.0,13743.0
486005,2022-02-25,787.35,750.0,789.9,750.0,5822.0
486005,2022-03-15,725.9,729.1,741.65,718.0,5151.0
486005,2022-03-23,723.95,733.25,765.0,720.05,5116.0
486005,2022-03-25,704.1,705.0,735.0,700.9,14241.0
486005,2022-05-24,679.45,682.15,682.15,663.3,3785.0
486005,2022-07-29,740.9,721.55,757.0,721.55,31723.0
486005,2022-08-12,785.65,757.25,819.0,746.6,163006.0
486005,2022-09-09,851.4,870.0,875.0,844.0,22002.0
486005,2022-09-22,938.2,939.9,965.0,925.2,11997.0
486005,2022-10-10,872.35,865.05,874.4,849.55,18600.0
486005,2022-10-18,900.2,819.5,942.65,810.45,98902.0
486005,2022-12-07,996.5,967.45,1013.15,961.0,37711.0
486005,2022-12-27,863.65,852.7,892.0,851.85,23630.0
486005,2023-01-02,962.95,900.0,984.95,900.0,130437.0
486005,2023-03-23,696.0,710.0,720.5,688.4,44996.0
486005,2023-04-03,702.4,684.0,705.0,680.35,9396.0
486005,2023-05-05,793.2,807.4,810.0,785.5,10918.0
486005,2023-06-19,771.9,780.45,783.85,765.5,10717.0
486005,2023-06-28,792.1,750.65,811.9,749.8,119876.0
486005,2023-07-19,852.5,864.0,866.0,840.0,12160.0
486005,2023-07-27,819.05,835.0,845.0,800.35,54604.0
486005,2023-08-11,829.6,840.0,840.0,825.0,11285.0
486005,2021-02-03,429.85,429.0,439.75,424.0,22002.0
486005,2021-01-27,417.95,421.45,424.75,405.0,10456.0
486005,2021-03-15,446.95,455.15,459.55,430.05,4349.0
486005,2021-03-23,506.5,491.0,523.6,489.35,37030.0
486005,2021-05-25,573.05,598.45,600.0,571.0,19455.0
486005,2021-06-03,556.75,562.65,563.0,539.0,8386.0
486005,2021-06-09,542.65,565.0,565.0,540.2,11128.0
486005,2021-07-29,811.55,835.0,835.0,805.15,7095.0
486005,2021-10-01,775.8,765.45,800.0,752.6,22106.0
486005,2021-12-24,823.55,830.8,834.3,791.0,18599.0
486005,2022-02-07,801.6,821.0,829.85,798.05,3917.0
486005,2022-04-19,660.65,683.15,696.1,655.55,10950.0
486005,2022-06-08,637.95,632.0,645.0,628.0,5040.0
486005,2022-06-13,620.05,648.0,648.0,612.15,5478.0
486005,2022-06-23,614.4,614.9,623.3,604.9,5248.0
486005,2022-06-29,650.95,655.0,673.4,645.0,8455.0
486005,2022-07-06,644.05,645.05,658.15,641.5,3436.0
486005,2022-07-20,704.7,708.8,719.0,697.0,42684.0
486005,2022-08-04,742.8,749.85,769.95,727.25,9811.0
486005,2022-08-08,725.95,746.15,751.25,723.95,13037.0
486005,2022-09-07,876.9,875.0,905.0,869.35,37107.0
486005,2022-09-16,870.9,879.9,880.4,858.0,18151.0
486005,2022-10-07,864.15,849.95,867.95,849.0,6956.0
486005,2022-10-13,822.2,840.05,848.95,821.0,6167.0
486005,2022-10-25,881.85,901.0,918.0,875.35,6063.0
486005,2022-10-27,875.7,876.05,898.45,870.1,4863.0
486005,2022-10-31,882.3,895.35,899.8,867.95,5066.0
486005,2022-11-30,1008.2,1006.95,1030.0,994.55,17638.0
486005,2022-12-22,897.5,915.0,915.0,868.85,22142.0
486005,2022-12-29,863.15,882.0,882.0,853.2,6071.0
486005,2023-02-16,886.3,881.95,892.1,858.0,8478.0
486005,2023-04-19,801.8,805.0,817.35,794.0,6185.0
486005,2023-05-26,758.8,737.75,765.0,737.75,8283.0
486005,2023-06-14,736.95,744.05,749.85,734.75,10959.0
486005,2023-06-16,774.65,780.0,794.0,772.0,18529.0
486005,2023-06-21,767.0,785.0,785.0,757.0,34138.0
486005,2023-07-14,849.85,828.0,854.9,828.0,10385.0
486005,2021-02-17,410.0,413.1,419.9,407.0,2503.0
486005,2021-03-09,452.75,456.95,461.15,443.1,4475.0
486005,2021-04-08,464.0,468.95,478.55,457.0,6458.0
486005,2021-04-20,426.95,420.05,430.5,416.05,6206.0
486005,2021-05-12,531.35,544.95,556.7,530.0,11001.0
486005,2021-06-04,556.8,550.05,566.75,548.9,7858.0
486005,2021-06-14,552.8,550.0,561.0,546.05,8116.0
486005,2021-07-20,812.6,785.0,854.7,756.4,125004.0
486005,2021-08-11,819.35,805.05,831.6,757.25,57849.0
486005,2021-09-02,787.05,792.9,799.0,775.0,11629.0
486005,2021-10-21,791.5,773.0,809.85,765.0,27176.0
486005,2021-10-26,825.6,800.05,833.0,780.4,52762.0
486005,2021-12-02,822.85,767.9,860.0,755.0,82085.0
486005,2021-12-13,976.55,980.0,983.0,937.35,25509.0
486005,2021-12-23,830.8,820.0,839.0,807.05,11251.0
486005,2021-12-28,823.65,838.45,838.5,811.0,14670.0
486005,2021-12-29,818.6,825.9,830.0,815.0,31688.0
486005,2022-01-13,843.7,839.35,864.55,828.0,14741.0
486005,2022-02-02,817.0,834.85,841.0,812.7,12390.0
486005,2022-02-17,816.15,830.0,830.0,801.2,17466.0
486005,2022-05-09,724.65,742.75,752.4,715.1,4588.0
486005,2022-05-18,692.15,686.4,701.1,679.95,6301.0
486005,2022-05-23,672.15,657.0,695.0,657.0,4349.0
486005,2022-06-03,615.3,702.6,705.25,606.5,76995.0
486005,2022-06-20,595.1,600.0,618.0,585.25,10671.0
486005,2022-08-29,806.15,787.65,812.15,771.0,22292.0
486005,2022-09-02,812.2,809.85,824.6,800.5,16930.0
486005,2022-09-28,892.3,903.0,916.45,885.0,16214.0
486005,2022-10-17,807.45,840.05,840.05,805.2,7238.0
486005,2022-10-20,919.3,933.1,943.0,913.0,12707.0
486005,2022-11-04,888.3,880.1,895.0,873.1,7425.0
486005,2022-12-01,985.8,1010.0,1019.3,977.0,18385.0
486005,2022-12-05,978.2,989.0,1003.7,954.0,54232.0
486005,2022-12-09,992.0,1003.8,1035.0,980.25,39124.0
486005,2023-01-06,939.15,922.2,960.0,922.2,7718.0
486005,2023-03-10,781.1,785.0,796.0,760.0,12764.0
486005,2023-04-06,712.05,701.1,716.25,699.05,41665.0
486005,2023-05-09,777.2,786.15,800.0,769.2,22880.0
486005,2021-01-11,359.4,376.0,385.0,355.1,5594.0
486005,2021-01-13,398.9,388.85,424.85,382.55,35720.0
486005,2021-03-05,455.7,474.95,475.0,453.05,6095.0
486005,2021-04-29,473.95,481.95,481.95,456.1,11935.0
486005,2021-05-19,529.65,524.95,533.2,516.15,8154.0
486005,2021-06-16,556.25,567.0,575.05,555.0,5990.0
486005,2021-06-23,570.55,580.0,587.45,563.3,14160.0
486005,2021-08-17,829.45,835.95,847.6,820.1,21167.0
486005,2021-09-24,773.4,791.7,795.0,770.0,10748.0
486005,2021-10-04,769.5,797.7,805.0,765.0,15327.0
486005,2021-10-05,768.7,771.4,779.8,765.4,8591.0
486005,2021-10-22,776.45,782.0,793.4,775.15,10695.0
486005,2021-11-22,744.2,780.1,787.3,737.8,17690.0
486005,2021-12-01,764.1,730.0,770.0,730.0,16083.0
486005,2022-01-06,834.75,823.5,839.5,807.0,11543.0
486005,2022-03-03,774.3,774.9,785.35,757.75,4993.0
486005,2022-04-26,669.9,678.95,688.4,665.05,6942.0
486005,2022-04-27,654.9,678.8,678.8,650.05,7205.0
486005,2022-05-10,668.15,729.45,729.45,655.25,12866.0
486005,2022-06-02,692.35,710.0,716.4,687.0,16512.0
486005,2022-06-06,620.5,605.0,630.0,585.15,67313.0
486005,2022-06-14,620.45,629.2,629.2,607.4,2644.0
486005,2022-06-17,609.8,597.0,617.95,585.25,4569.0
486005,2022-07-19,700.3,678.35,707.95,674.35,16115.0
486005,2022-10-14,833.95,834.45,869.95,831.1,5108.0
486005,2022-11-23,1049.4,1045.0,1080.0,1041.0,27083.0
486005,2023-01-20,926.65,932.45,948.0,918.0,7524.0
486005,2023-02-03,866.45,884.8,891.85,855.35,6346.0
486005,2023-03-27,670.0,700.0,700.0,661.0,22441.0
486005,2023-03-31,676.8,668.0,688.0,665.5,19304.0
486005,2023-04-17,810.4,787.95,827.5,775.75,11190.0
486005,2023-04-20,790.5,804.0,805.0,786.15,10549.0
486005,2023-06-22,752.8,764.05,775.25,748.0,26100.0
486005,2023-06-30,814.9,801.0,827.85,792.8,90049.0
486005,2023-07-03,876.05,822.0,891.0,816.7,146591.0
