stockid,date,close,open,high,low,volume
705833,2021-02-15,301.4,297.0,308.85,295.15,271398.0
705833,2021-01-27,265.3,266.7,275.5,263.1,95841.0
705833,2021-01-01,283.95,280.5,285.0,277.75,133346.0
705833,2021-01-08,292.0,301.2,303.4,290.2,233746.0
705833,2021-02-16,307.65,302.7,317.25,301.5,363092.0
705833,2021-03-09,318.2,321.75,323.1,314.75,133853.0
705833,2021-01-04,290.25,285.9,295.85,284.35,392341.0
705833,2021-01-13,288.45,288.5,294.35,284.0,123149.0
705833,2021-01-28,271.7,260.1,275.3,258.85,74903.0
705833,2021-02-24,311.45,312.4,317.0,306.1,50165.0
705833,2021-03-01,329.2,317.55,335.0,312.55,268037.0
705833,2021-01-12,290.7,283.8,298.5,283.0,199626.0
705833,2021-01-15,285.8,283.25,294.5,283.25,149762.0
705833,2021-01-21,283.35,290.0,290.0,282.0,73506.0
705833,2021-02-04,287.3,278.0,291.5,276.95,142799.0
705833,2021-02-08,286.65,286.0,293.0,283.8,116470.0
705833,2021-02-18,306.5,297.0,309.95,294.8,169033.0
705833,2021-02-09,280.4,289.4,292.0,278.95,165140.0
705833,2021-02-12,294.75,291.55,300.7,288.0,237563.0
705833,2021-01-14,283.3,288.45,290.0,282.5,77862.0
705833,2021-02-01,271.35,269.5,273.2,260.2,142281.0
705833,2021-02-22,302.15,311.9,320.0,298.15,201933.0
705833,2021-03-04,315.35,317.0,323.7,313.95,85688.0
705833,2021-01-06,282.0,286.0,287.9,277.15,171752.0
705833,2021-01-18,278.05,287.0,287.0,275.0,88690.0
705833,2021-02-17,298.6,306.8,313.55,295.0,156120.0
705833,2021-03-08,320.5,319.0,325.0,318.85,70860.0
705833,2021-03-10,319.8,319.15,323.0,315.1,44531.0
705833,2021-01-11,282.25,294.0,294.4,280.15,167040.0
705833,2021-02-10,283.25,282.85,297.9,278.9,332482.0
705833,2021-02-19,309.9,304.7,322.0,299.95,347378.0
705833,2021-01-19,280.9,278.2,284.4,278.2,50304.0
705833,2021-01-29,266.95,272.05,285.6,264.25,414192.0
705833,2021-01-25,267.7,273.6,278.4,264.05,90798.0
705833,2021-02-05,285.25,288.0,293.0,281.9,146890.0
705833,2021-02-11,291.55,283.25,294.75,282.1,162851.0
705833,2021-01-05,285.5,287.95,288.7,283.85,134514.0
705833,2021-01-20,287.75,281.85,294.85,281.8,107054.0
705833,2021-02-03,281.1,276.05,285.5,274.0,175681.0
705833,2021-02-25,322.1,312.0,327.9,312.0,277628.0
705833,2021-03-05,318.4,312.15,320.25,312.15,152110.0
705833,2021-01-07,299.5,284.25,306.9,284.15,1045068.0
705833,2021-01-22,272.0,284.9,285.65,270.05,130219.0
705833,2021-02-02,275.85,273.1,277.85,271.65,85719.0
705833,2021-02-23,311.7,305.65,317.0,305.65,178941.0
705833,2021-02-26,317.55,317.65,322.9,310.1,183219.0
705833,2021-03-02,318.8,328.05,331.9,318.0,105072.0
705833,2021-03-03,318.9,320.35,331.25,318.0,110038.0
705833,2021-03-31,318.65,314.8,329.95,313.85,160743.0
705833,2021-03-30,313.2,310.95,322.7,310.95,74776.0
705833,2021-04-22,353.45,333.05,354.8,333.05,95703.0
705833,2021-04-09,357.45,357.7,363.9,355.55,186249.0
705833,2021-05-28,374.8,383.1,388.75,372.0,85376.0
705833,2021-04-28,364.15,361.5,373.3,359.05,167759.0
705833,2021-07-16,408.1,397.0,412.4,396.95,146752.0
705833,2021-05-11,376.3,375.0,383.05,371.65,149065.0
705833,2021-07-23,437.9,419.7,442.15,408.9,1150313.0
705833,2021-05-31,372.5,373.1,380.95,369.35,104448.0
705833,2021-08-31,407.4,416.2,416.2,406.1,59446.0
705833,2021-06-18,368.6,372.0,375.5,357.35,102872.0
705833,2021-09-01,395.85,409.0,410.0,394.75,54999.0
705833,2021-07-02,397.0,389.15,398.5,389.0,66202.0
705833,2021-09-15,392.35,391.6,396.35,389.15,43311.0
705833,2021-08-17,401.7,409.0,410.1,400.0,65754.0
705833,2021-09-09,385.35,388.0,393.95,381.9,60555.0
705833,2021-09-13,392.2,382.0,393.75,382.0,41089.0
705833,2021-06-22,399.45,390.0,406.8,385.15,349738.0
705833,2021-04-16,343.8,338.0,348.85,338.0,75895.0
705833,2021-07-05,391.1,400.0,400.0,390.05,66615.0
705833,2021-07-14,399.15,395.2,405.0,395.2,101871.0
705833,2021-05-17,372.6,356.95,374.7,353.65,232470.0
705833,2021-07-15,397.35,399.0,403.85,395.25,71401.0
705833,2021-08-13,418.6,421.0,425.0,413.95,109010.0
705833,2021-07-20,397.2,408.8,413.15,392.05,100776.0
705833,2021-08-27,387.3,387.95,394.0,385.2,56642.0
705833,2021-08-11,405.7,415.0,421.95,381.05,214522.0
705833,2021-08-16,409.0,417.0,417.0,380.9,152463.0
705833,2021-08-20,384.05,393.0,394.9,382.5,95730.0
705833,2021-03-17,315.95,318.9,322.4,312.55,90849.0
705833,2021-03-24,309.0,309.4,312.55,305.9,53772.0
705833,2021-04-07,336.15,342.0,347.3,334.0,131169.0
705833,2021-04-19,346.2,335.0,351.85,332.0,207008.0
705833,2021-06-07,376.9,379.85,382.15,375.25,57711.0
705833,2021-05-04,368.45,378.7,386.45,365.1,148394.0
705833,2021-06-08,372.35,377.1,378.75,368.0,59585.0
705833,2021-05-10,386.0,387.0,398.0,384.1,231053.0
705833,2021-06-04,375.9,371.0,377.8,369.55,101724.0
705833,2021-07-30,446.3,452.0,456.0,443.0,191497.0
705833,2021-06-23,400.2,402.6,412.0,395.95,317761.0
705833,2021-08-12,418.65,409.8,426.0,409.8,77813.0
705833,2021-09-07,388.35,391.0,394.95,386.7,40042.0
705833,2021-08-03,445.95,460.0,461.5,444.45,226981.0
705833,2021-08-04,436.4,449.45,454.0,433.0,180694.0
705833,2021-08-24,387.05,381.0,390.0,374.25,57534.0
705833,2021-03-19,294.15,300.05,300.05,286.9,117412.0
705833,2021-03-18,302.35,315.95,320.8,298.0,80226.0
705833,2021-03-23,308.95,306.35,314.2,306.35,44754.0
705833,2021-05-25,390.75,390.0,400.0,388.35,136041.0
705833,2021-06-15,388.35,393.0,398.7,386.85,112023.0
705833,2021-04-06,340.55,344.9,349.85,336.5,163291.0
705833,2021-07-08,395.9,407.4,409.65,391.0,76136.0
705833,2021-04-13,343.1,338.0,346.5,337.7,132916.0
705833,2021-08-06,439.6,438.0,445.85,437.0,86034.0
705833,2021-04-20,343.1,342.0,351.6,336.25,77983.0
705833,2021-04-26,352.25,343.4,361.0,343.4,322575.0
705833,2021-04-30,367.3,374.9,387.7,365.25,195314.0
705833,2021-05-05,367.8,372.0,377.8,365.5,67385.0
705833,2021-05-19,414.4,394.0,418.9,393.0,741880.0
705833,2021-06-30,387.2,393.55,396.95,385.4,72449.0
705833,2021-07-01,390.05,388.0,391.5,386.85,40128.0
705833,2021-09-16,389.6,392.7,396.25,386.45,51011.0
705833,2021-05-06,367.05,369.8,377.55,365.05,79416.0
705833,2021-03-12,319.2,321.4,325.95,316.6,67932.0
705833,2021-03-22,304.8,299.0,307.9,280.0,55572.0
705833,2021-04-23,341.65,355.95,359.8,339.35,67470.0
705833,2021-05-18,392.9,377.0,401.0,376.25,1053201.0
705833,2021-05-21,402.85,400.45,411.0,399.15,198655.0
705833,2021-06-01,356.6,374.95,375.45,354.0,147862.0
705833,2021-06-14,389.4,395.45,397.45,381.1,84360.0
705833,2021-06-24,397.65,401.0,414.1,396.3,184216.0
705833,2021-06-16,381.4,388.8,391.0,376.05,78705.0
705833,2021-07-09,400.55,397.8,403.5,392.05,77509.0
705833,2021-07-13,396.8,399.9,404.8,395.05,73563.0
705833,2021-07-19,408.75,406.1,425.0,401.3,310957.0
705833,2021-07-27,442.35,445.95,453.5,435.7,364057.0
705833,2021-07-29,451.6,444.0,462.0,435.2,620949.0
705833,2021-08-05,438.2,439.4,442.0,423.65,163083.0
705833,2021-08-26,386.35,388.0,388.7,383.95,40465.0
705833,2021-04-01,335.8,318.95,349.7,318.0,927110.0
705833,2021-04-15,341.5,344.0,348.8,338.3,119747.0
705833,2021-05-12,362.5,380.0,381.6,360.1,109728.0
705833,2021-05-14,349.55,366.0,368.5,345.7,157162.0
705833,2021-05-24,387.55,404.9,408.3,385.1,232709.0
705833,2021-03-16,318.25,317.65,321.25,317.05,51675.0
705833,2021-05-07,388.9,373.0,394.75,372.45,500720.0
705833,2021-03-25,299.95,309.0,309.0,295.0,63124.0
705833,2021-03-26,309.0,301.45,312.85,301.45,61613.0
705833,2021-04-05,339.8,339.8,347.8,329.05,284975.0
705833,2021-04-29,377.85,368.6,386.7,368.6,679873.0
705833,2021-06-21,382.5,363.95,384.4,360.95,66546.0
705833,2021-07-07,406.0,390.0,411.35,389.0,210821.0
705833,2021-07-22,415.95,402.3,418.8,402.0,238095.0
705833,2021-08-18,397.15,402.95,408.05,394.8,68747.0
705833,2021-06-09,368.45,370.4,376.95,365.0,60572.0
705833,2021-07-28,440.55,444.95,447.5,432.85,139852.0
705833,2021-08-02,452.45,449.8,466.2,442.5,1196015.0
705833,2021-08-30,415.15,394.0,418.0,389.0,220255.0
705833,2021-09-06,390.85,395.95,395.95,386.25,46914.0
705833,2021-09-14,389.65,393.85,395.8,388.0,31022.0
705833,2021-05-26,385.2,392.05,397.5,381.0,181885.0
705833,2021-04-27,361.1,354.75,368.5,352.95,296571.0
705833,2021-06-10,379.45,377.9,386.15,376.4,137504.0
705833,2021-06-11,393.65,382.1,395.8,380.1,198000.0
705833,2021-06-17,373.35,378.95,388.1,367.0,68615.0
705833,2021-06-25,408.4,401.2,412.3,398.3,196328.0
705833,2021-07-12,395.2,404.0,413.75,392.1,134597.0
705833,2021-07-26,439.0,443.0,449.9,437.1,405694.0
705833,2021-08-09,433.3,444.9,445.65,431.0,91388.0
705833,2021-08-10,415.15,435.2,435.2,405.55,129990.0
705833,2021-08-23,374.7,396.0,400.2,366.45,103917.0
705833,2021-08-25,393.3,393.7,399.3,387.15,68254.0
705833,2021-09-02,393.45,397.65,397.85,391.25,50835.0
705833,2021-09-17,406.0,389.1,408.0,385.0,178083.0
705833,2021-06-02,371.05,357.1,372.8,357.1,109605.0
705833,2021-06-28,403.75,411.0,412.65,401.55,84171.0
705833,2021-06-29,390.15,405.0,406.1,388.0,96697.0
705833,2021-07-06,392.45,392.95,398.8,390.0,57535.0
705833,2021-09-03,393.4,395.45,398.1,389.9,50383.0
705833,2021-03-15,314.9,320.05,322.85,311.6,93008.0
705833,2021-04-08,356.35,337.85,364.5,337.85,627599.0
705833,2021-04-12,336.3,345.1,348.75,330.1,215221.0
705833,2021-05-03,375.9,370.0,383.0,370.0,224583.0
705833,2021-05-20,399.6,416.0,416.0,395.0,297333.0
705833,2021-05-27,378.4,388.0,388.0,376.0,119873.0
705833,2021-06-03,368.55,374.45,378.25,366.95,94047.0
705833,2021-09-08,387.8,390.0,391.25,381.25,46974.0
705833,2021-10-28,367.4,379.0,380.35,366.0,47236.0
705833,2021-10-06,393.55,399.1,403.0,392.0,50304.0
705833,2021-10-20,375.85,387.8,387.8,373.7,85991.0
705833,2021-09-24,385.9,393.0,393.0,383.1,32377.0
705833,2021-10-05,399.15,395.95,401.9,390.95,81313.0
705833,2021-10-08,390.35,391.3,399.5,389.55,32963.0
705833,2021-11-29,321.15,325.0,325.95,311.3,44478.0
705833,2021-11-12,361.7,368.2,369.55,361.0,31745.0
705833,2022-02-04,320.85,325.45,329.95,319.2,32947.0
705833,2022-01-19,347.9,340.8,349.8,336.4,31356.0
705833,2022-02-21,286.15,294.75,295.55,285.05,35856.0
705833,2022-02-18,293.3,295.85,297.85,292.0,18475.0
705833,2022-03-24,315.1,306.15,320.0,305.85,131938.0
705833,2022-02-22,282.25,286.15,286.15,279.4,28607.0
705833,2022-03-25,316.25,314.0,327.0,313.1,79825.0
705833,2022-03-04,298.45,305.0,314.95,295.0,50253.0
705833,2022-04-11,334.75,330.2,339.9,330.2,72701.0
705833,2022-04-20,322.8,324.4,332.5,320.45,41969.0
705833,2022-04-04,315.95,307.65,318.0,307.65,62192.0
705833,2022-05-12,297.7,279.7,310.0,273.2,158453.0
705833,2022-05-02,307.8,306.05,313.75,306.05,17706.0
705833,2022-07-01,279.45,283.05,283.05,275.55,10068.0
705833,2022-05-09,290.85,297.6,298.95,286.55,25067.0
705833,2022-07-07,299.05,291.1,300.0,290.7,16769.0
705833,2022-05-31,309.85,304.55,314.0,302.4,85333.0
705833,2022-07-11,305.75,300.0,307.4,298.65,21953.0
705833,2022-09-13,332.1,333.0,335.6,331.15,14919.0
705833,2022-08-02,307.25,307.6,309.0,301.05,22913.0
705833,2022-09-16,324.9,333.8,333.8,318.25,115247.0
705833,2022-09-21,333.1,334.7,338.05,330.0,33793.0
705833,2022-08-04,301.05,306.25,310.0,300.0,31359.0
705833,2022-08-23,292.2,290.0,293.35,288.8,17181.0
705833,2022-10-07,302.45,307.5,307.65,301.3,20448.0
705833,2022-09-12,333.0,333.8,336.0,331.05,14721.0
705833,2022-11-21,331.3,329.45,333.05,321.6,156043.0
705833,2022-09-26,312.15,326.0,326.85,310.0,71796.0
705833,2022-12-05,339.2,338.7,345.4,336.05,66055.0
705833,2022-11-07,302.05,304.9,304.9,297.95,24608.0
705833,2022-12-06,366.5,342.7,369.5,337.15,543365.0
705833,2022-11-23,315.75,318.0,324.4,314.45,25221.0
705833,2022-12-28,365.55,361.45,369.5,359.55,64866.0
705833,2023-01-06,361.45,373.9,373.9,360.0,45920.0
705833,2023-02-20,313.3,316.15,317.85,312.65,11671.0
705833,2023-02-14,317.1,319.9,321.85,316.25,15419.0
705833,2023-02-24,307.5,315.65,316.15,305.2,24465.0
705833,2023-03-23,306.5,309.9,311.45,303.9,33249.0
705833,2023-04-03,302.25,296.3,303.85,296.05,42786.0
705833,2023-06-21,355.2,360.0,360.0,352.75,31292.0
705833,2023-07-04,349.85,358.1,360.6,348.55,21594.0
705833,2023-05-16,339.8,343.55,343.55,338.75,10665.0
705833,2023-05-19,324.15,330.3,330.3,320.55,26520.0
705833,2023-05-30,338.1,336.0,343.9,332.0,31909.0
705833,2023-07-05,353.7,347.25,360.1,347.25,25801.0
705833,2023-06-06,340.9,344.75,344.75,336.7,21764.0
705833,2023-07-14,378.7,372.9,384.0,370.7,237228.0
705833,2023-07-18,374.35,381.0,387.1,372.7,67091.0
705833,2023-07-25,393.0,406.7,412.0,387.85,275825.0
705833,2023-08-04,423.3,430.0,437.0,421.75,105937.0
705833,2023-08-02,413.4,430.0,433.95,407.25,183668.0
705833,2021-11-02,364.4,373.35,376.0,362.1,65602.0
705833,2021-11-16,356.95,358.45,363.5,355.0,32365.0
705833,2021-11-22,338.95,349.3,353.3,333.55,55411.0
705833,2021-12-02,327.15,323.0,329.85,321.6,28208.0
705833,2021-12-10,330.35,328.3,334.55,327.35,35021.0
705833,2021-12-17,314.15,319.7,319.7,312.1,19503.0
705833,2022-01-27,317.2,317.0,325.55,309.35,124112.0
705833,2022-02-01,314.3,315.1,318.9,308.45,96469.0
705833,2022-03-14,306.1,308.7,310.0,302.45,33201.0
705833,2022-03-17,307.5,302.6,312.85,302.6,53928.0
705833,2022-04-21,322.8,324.45,326.35,321.4,17838.0
705833,2022-05-19,300.2,291.0,304.1,291.0,15464.0
705833,2022-05-27,296.25,297.5,300.3,294.55,8044.0
705833,2022-05-30,300.05,296.25,305.05,296.25,18135.0
705833,2022-06-01,310.05,309.8,315.0,307.25,22411.0
705833,2022-06-10,295.55,300.25,301.9,294.85,17048.0
705833,2022-06-24,274.35,273.95,275.8,267.9,6374.0
705833,2022-06-28,286.1,280.4,287.95,280.4,11014.0
705833,2022-08-01,306.2,300.95,308.4,299.6,30076.0
705833,2022-08-12,288.8,285.35,293.5,282.15,41853.0
705833,2022-08-22,290.5,298.65,298.65,290.05,16868.0
705833,2022-08-26,296.15,295.3,301.0,293.3,39752.0
705833,2022-09-01,329.2,320.25,335.35,319.2,121710.0
705833,2022-09-29,298.45,306.65,310.95,296.15,17045.0
705833,2022-11-18,318.75,299.0,324.0,296.0,171421.0
705833,2022-11-29,322.2,326.65,329.45,321.0,13047.0
705833,2022-12-08,362.05,365.0,366.2,360.35,73951.0
705833,2022-12-09,351.8,363.9,368.7,348.7,47440.0
705833,2022-12-23,333.95,349.5,350.45,332.9,69798.0
705833,2023-02-17,316.9,314.0,321.05,314.0,21589.0
705833,2023-03-03,317.05,311.5,323.5,311.5,37060.0
705833,2023-03-21,311.1,308.95,314.0,307.1,12681.0
705833,2023-03-29,290.05,296.0,296.0,283.2,46117.0
705833,2023-04-25,321.0,318.5,323.95,316.05,13863.0
705833,2023-04-28,331.75,321.0,335.85,316.15,293818.0
705833,2023-05-03,343.85,345.0,345.0,341.2,25376.0
705833,2023-05-17,332.6,339.8,342.5,329.1,25455.0
705833,2023-06-01,336.3,335.25,340.35,332.3,15969.0
705833,2023-06-02,339.05,336.0,341.0,335.55,24591.0
705833,2023-06-13,351.9,353.0,358.95,349.6,76175.0
705833,2023-06-23,346.75,351.2,352.25,342.4,17610.0
705833,2023-06-30,355.9,345.05,360.0,345.05,39165.0
705833,2023-07-11,356.6,350.4,359.0,350.0,44369.0
705833,2021-10-19,389.45,406.45,408.05,380.0,119442.0
705833,2021-10-21,377.55,378.0,383.0,375.05,41301.0
705833,2021-11-08,365.6,366.0,369.0,361.45,44538.0
705833,2021-12-03,325.0,328.0,333.35,321.05,22764.0
705833,2021-12-29,324.6,326.75,330.0,323.05,13641.0
705833,2022-04-27,311.6,316.0,316.4,304.0,26311.0
705833,2022-04-29,312.25,311.1,315.95,310.0,15087.0
705833,2022-07-08,299.25,300.55,303.7,297.55,13605.0
705833,2022-09-30,301.35,298.45,304.2,297.1,15744.0
705833,2022-10-13,297.7,292.5,298.95,290.5,30772.0
705833,2022-10-19,301.4,298.95,304.0,295.1,17566.0
705833,2022-10-25,299.85,299.7,303.35,296.0,15214.0
705833,2022-12-01,339.45,328.95,352.95,324.2,288636.0
705833,2022-12-02,335.05,341.15,349.7,332.8,74387.0
705833,2022-12-16,357.1,365.55,367.4,353.25,34315.0
705833,2022-12-20,356.9,358.0,362.95,353.65,47515.0
705833,2023-03-22,309.9,311.05,313.45,308.0,8682.0
705833,2023-05-05,339.8,344.95,345.7,338.0,30383.0
705833,2023-05-18,328.65,333.1,336.9,327.4,13837.0
705833,2023-05-22,332.2,325.6,335.0,321.55,14886.0
705833,2023-05-24,332.3,326.05,334.15,326.05,7204.0
705833,2023-06-15,347.45,353.0,353.0,347.0,23537.0
705833,2023-07-20,372.1,371.0,377.4,371.0,43427.0
705833,2023-08-09,441.2,442.7,448.0,440.0,122463.0
705833,2021-10-18,402.65,401.1,408.0,400.0,98678.0
705833,2021-12-09,329.0,328.75,332.35,322.25,25364.0
705833,2021-12-21,309.65,304.65,314.6,304.65,20280.0
705833,2022-01-05,335.15,321.1,340.45,320.55,108407.0
705833,2022-01-12,336.6,341.55,344.7,334.15,31445.0
705833,2022-01-13,345.2,338.1,350.65,336.4,71330.0
705833,2022-01-28,312.7,305.55,319.45,305.55,117650.0
705833,2022-02-17,296.45,300.75,303.45,295.3,14455.0
705833,2022-04-19,324.45,330.4,336.0,322.15,48338.0
705833,2022-05-13,299.05,302.0,308.0,296.95,44427.0
705833,2022-05-16,294.25,300.55,303.0,293.25,17912.0
705833,2022-06-16,275.9,286.45,290.0,274.0,20990.0
705833,2022-06-29,284.6,285.55,290.0,283.05,11228.0
705833,2022-07-05,288.85,283.8,290.0,283.55,16638.0
705833,2022-07-13,304.75,306.55,306.55,303.15,7458.0
705833,2022-07-22,302.65,296.95,305.0,295.95,28251.0
705833,2022-09-05,332.1,334.95,336.55,329.3,31014.0
705833,2022-10-27,297.8,301.35,305.05,295.05,23896.0
705833,2022-10-28,297.55,298.0,303.0,296.05,8604.0
705833,2022-10-31,298.85,299.05,301.0,297.05,8960.0
705833,2022-11-01,300.25,300.0,302.5,296.0,10075.0
705833,2022-12-13,368.65,360.05,378.15,359.1,155707.0
705833,2022-12-26,338.4,330.1,348.3,322.2,110969.0
705833,2023-01-17,349.1,345.05,353.0,339.9,63130.0
705833,2023-01-30,327.75,329.0,338.65,325.35,30011.0
705833,2023-02-15,312.65,318.35,318.35,310.0,34928.0
705833,2023-02-22,312.45,314.1,314.45,310.35,12161.0
705833,2023-03-16,306.55,307.0,309.4,301.0,18599.0
705833,2023-03-20,307.6,305.0,310.45,305.0,15457.0
705833,2023-03-24,303.75,305.65,308.45,303.0,13465.0
705833,2023-04-10,311.8,301.9,313.05,300.4,59175.0
705833,2023-06-22,349.45,355.2,363.85,346.2,44106.0
705833,2021-11-18,352.3,360.25,360.25,350.1,24143.0
705833,2021-11-25,338.3,342.4,344.9,337.0,20486.0
705833,2021-12-23,323.35,318.2,325.7,318.2,19574.0
705833,2022-02-14,300.05,303.0,313.0,296.65,36841.0
705833,2022-02-24,266.7,281.0,281.0,265.0,51394.0
705833,2022-03-07,295.95,295.0,303.0,293.6,50434.0
705833,2022-03-21,304.3,309.05,311.0,303.05,58113.0
705833,2022-05-11,284.7,289.65,289.65,280.1,19660.0
705833,2022-06-07,305.45,311.6,312.25,303.05,12929.0
705833,2022-06-17,274.95,270.2,283.2,270.2,19133.0
705833,2022-06-30,281.6,286.05,287.05,280.05,10456.0
705833,2022-07-14,297.35,306.0,306.0,293.55,12688.0
705833,2022-08-18,297.45,287.5,300.7,287.5,36156.0
705833,2022-09-27,306.35,312.0,319.0,303.3,16722.0
705833,2022-10-06,305.95,302.4,307.95,302.35,11729.0
705833,2022-10-18,296.9,295.85,298.0,291.35,10642.0
705833,2022-10-21,295.75,302.85,304.55,283.7,81480.0
705833,2022-11-03,296.2,296.0,299.7,295.2,11513.0
705833,2023-01-12,352.55,364.0,366.95,348.4,104896.0
705833,2023-01-13,351.05,354.35,361.95,349.1,62290.0
705833,2023-01-18,348.75,353.25,357.1,346.65,39729.0
705833,2023-01-27,333.95,338.45,339.6,323.0,60349.0
705833,2023-02-06,322.35,320.7,325.25,315.0,38693.0
705833,2023-02-28,307.15,304.75,309.45,303.05,10713.0
705833,2023-05-12,339.95,338.1,340.95,336.75,15821.0
705833,2023-05-26,324.05,322.7,327.15,320.85,23146.0
705833,2023-05-31,333.55,337.95,337.95,332.0,17722.0
705833,2023-07-26,395.7,395.0,403.4,392.7,105697.0
705833,2023-08-11,429.05,442.95,442.95,421.25,191766.0
705833,2021-10-01,383.65,381.0,388.95,379.55,48144.0
705833,2021-10-12,390.45,390.0,394.25,387.35,23615.0
705833,2022-01-24,325.45,334.25,337.9,319.65,34380.0
705833,2022-02-25,285.4,265.0,289.0,265.0,36007.0
705833,2022-03-29,304.0,307.0,309.1,302.65,51730.0
705833,2022-03-31,296.4,298.5,303.35,295.1,43916.0
705833,2022-04-22,323.75,322.8,329.65,321.1,31593.0
705833,2022-04-25,312.35,323.05,324.1,311.45,33394.0
705833,2022-05-10,288.2,291.0,297.9,285.0,21258.0
705833,2022-05-17,305.35,298.65,309.9,296.55,46517.0
705833,2022-05-25,296.0,298.6,301.4,291.1,14355.0
705833,2022-06-09,301.85,303.95,305.9,300.0,6801.0
705833,2022-07-25,295.5,303.9,304.1,292.2,14128.0
705833,2022-07-27,298.15,291.05,300.95,290.0,10560.0
705833,2022-07-28,295.7,298.35,301.0,294.0,15418.0
705833,2022-08-17,291.45,286.0,293.0,285.7,26671.0
705833,2022-08-24,295.15,293.7,297.0,293.55,12783.0
705833,2022-08-25,293.25,295.15,298.05,291.2,17426.0
705833,2022-11-10,297.5,301.75,302.05,294.0,21203.0
705833,2022-11-17,297.9,297.45,299.5,296.0,10886.0
705833,2022-12-15,365.55,371.0,371.75,362.3,37285.0
705833,2022-12-30,361.65,367.9,376.95,360.1,65368.0
705833,2023-01-16,348.05,352.85,356.2,346.15,34571.0
705833,2023-01-24,339.45,347.25,347.85,337.65,39002.0
705833,2023-01-25,336.75,341.1,341.1,331.35,27850.0
705833,2023-03-31,294.8,291.55,297.05,291.55,33379.0
705833,2023-04-05,303.4,303.8,307.0,301.65,34854.0
705833,2023-04-26,319.9,321.15,322.4,317.35,12098.0
705833,2023-05-08,347.1,343.15,352.0,335.05,40971.0
705833,2021-11-04,362.85,366.0,366.0,362.0,17913.0
705833,2022-02-02,317.15,317.0,321.5,315.0,46624.0
705833,2022-02-09,316.3,320.95,322.4,314.9,24989.0
705833,2022-02-23,284.95,293.7,293.7,282.05,15053.0
705833,2022-05-18,305.0,305.35,311.0,303.05,30393.0
705833,2022-05-26,296.0,297.5,298.6,290.5,16952.0
705833,2022-06-03,311.35,313.05,318.0,310.0,15763.0
705833,2022-06-13,289.75,293.0,293.0,288.0,19339.0
705833,2022-07-19,307.55,303.15,309.35,302.05,16164.0
705833,2022-08-03,305.45,306.9,313.0,303.75,39997.0
705833,2022-08-05,298.25,301.15,305.8,295.0,49347.0
705833,2022-08-10,285.55,283.25,287.4,282.5,27399.0
705833,2022-08-30,320.95,315.7,324.35,314.2,88106.0
705833,2022-09-02,330.45,330.0,335.65,328.0,65979.0
705833,2022-11-16,297.45,298.05,299.5,296.0,12336.0
705833,2022-11-28,326.0,324.95,328.8,319.05,35472.0
705833,2022-11-30,327.35,323.85,331.5,320.15,30088.0
705833,2023-02-08,329.55,315.5,333.15,315.5,35815.0
705833,2023-02-13,320.4,322.15,327.35,318.85,24666.0
705833,2023-04-11,308.75,313.0,313.0,307.85,17593.0
705833,2023-04-18,324.55,324.05,325.9,322.05,72569.0
705833,2023-06-19,360.5,352.9,365.0,352.9,83600.0
705833,2023-06-26,344.95,348.5,351.35,344.65,26576.0
705833,2023-07-28,400.5,403.0,413.1,399.15,198213.0
705833,2023-08-03,426.3,414.9,434.95,414.9,224103.0
705833,2021-11-17,358.45,356.25,364.85,355.05,46607.0
705833,2021-09-27,380.55,387.15,387.85,377.1,45368.0
705833,2021-10-07,391.05,393.7,397.9,390.05,25988.0
705833,2021-10-04,393.55,384.1,396.6,384.1,59592.0
705833,2021-09-28,381.65,382.5,386.0,380.0,29395.0
705833,2021-11-26,326.95,337.0,341.95,321.35,50034.0
705833,2021-12-08,327.1,320.8,332.95,320.8,30891.0
705833,2021-12-24,322.35,323.95,329.0,315.85,14855.0
705833,2021-12-27,321.55,319.15,324.95,315.0,15692.0
705833,2022-03-02,309.85,292.0,315.0,275.0,196542.0
705833,2022-03-16,300.95,298.55,304.9,298.05,53435.0
705833,2022-03-23,306.05,307.25,309.0,303.0,41920.0
705833,2022-04-01,306.1,299.05,309.8,297.05,38328.0
705833,2022-04-07,319.6,320.0,327.0,318.1,58553.0
705833,2022-04-12,327.7,332.0,334.25,324.1,31477.0
705833,2022-05-06,296.1,295.0,299.0,290.0,28218.0
705833,2022-06-22,268.4,283.05,284.85,266.1,21744.0
705833,2022-07-26,292.5,295.5,297.9,291.05,12049.0
705833,2022-09-08,337.15,334.8,340.3,332.25,47129.0
705833,2022-11-14,299.35,298.75,304.65,298.0,35328.0
705833,2023-02-01,333.5,334.15,340.35,328.45,38505.0
705833,2023-02-07,318.3,324.0,325.25,316.25,21871.0
705833,2023-02-10,322.1,330.0,331.8,320.9,34268.0
705833,2023-02-23,315.15,313.95,316.0,310.1,14287.0
705833,2023-02-27,303.2,309.0,309.0,301.05,41587.0
705833,2023-03-10,314.45,312.5,316.0,310.1,19434.0
705833,2023-03-17,312.55,308.1,316.0,308.0,36791.0
705833,2023-03-28,282.95,291.0,291.95,281.0,42235.0
705833,2023-06-05,343.0,343.95,346.55,340.65,47689.0
705833,2023-06-09,339.65,342.0,346.95,338.0,18114.0
705833,2023-06-12,351.0,343.95,358.15,339.2,139344.0
705833,2023-06-28,350.0,348.0,351.0,347.55,28080.0
705833,2023-07-10,348.7,353.8,353.8,347.1,37000.0
705833,2023-07-17,381.6,380.55,388.0,380.0,104399.0
705833,2023-07-24,403.0,383.7,413.6,373.15,1070220.0
705833,2023-08-14,442.75,425.05,445.15,418.0,187772.0
705833,2023-08-18,471.35,480.0,483.7,465.1,282630.0
705833,2021-11-15,358.8,362.3,365.1,355.7,32968.0
705833,2021-11-24,340.65,346.4,348.0,338.0,36383.0
705833,2021-12-14,332.8,329.8,335.55,329.3,13952.0
705833,2021-12-20,303.9,310.0,311.7,298.85,42563.0
705833,2021-12-22,321.1,311.15,322.55,310.25,26018.0
705833,2022-01-14,344.85,344.15,346.9,341.2,28120.0
705833,2022-01-25,324.3,325.0,333.05,316.95,28631.0
705833,2022-02-10,317.2,315.0,325.6,315.0,41963.0
705833,2022-03-28,305.75,316.25,317.85,305.0,58598.0
705833,2022-03-30,298.6,306.1,307.45,297.0,58237.0
705833,2022-04-13,330.05,329.35,333.65,327.5,33114.0
705833,2022-04-18,327.3,329.0,330.0,323.8,28022.0
705833,2022-06-08,303.95,307.85,309.0,301.55,7013.0
705833,2022-10-12,291.25,298.1,299.9,289.95,32904.0
705833,2022-11-09,303.0,308.95,308.95,301.4,14495.0
705833,2022-12-12,359.9,351.0,369.9,345.5,96979.0
705833,2022-12-22,349.45,386.0,392.0,346.0,265280.0
705833,2023-01-02,375.7,360.0,387.65,360.0,216873.0
705833,2023-01-03,372.2,377.3,382.3,369.2,83371.0
705833,2023-02-02,330.35,333.0,336.4,327.05,19356.0
705833,2023-03-15,305.6,305.7,321.8,301.8,124947.0
705833,2023-06-20,359.75,361.95,365.1,358.0,34764.0
705833,2023-07-13,370.35,359.35,379.3,359.05,453736.0
705833,2023-07-21,380.5,372.1,384.95,372.1,62048.0
705833,2023-08-07,432.3,426.0,434.65,425.05,119439.0
705833,2023-08-08,440.5,433.9,449.5,429.2,221247.0
705833,2021-09-29,387.9,381.6,390.95,371.0,45125.0
705833,2021-10-14,398.35,393.6,406.5,391.25,94336.0
705833,2021-12-13,331.6,332.6,337.6,330.1,26445.0
705833,2021-12-31,319.05,317.6,321.95,317.6,31766.0
705833,2022-01-04,322.95,327.6,327.6,320.5,41176.0
705833,2022-01-31,313.5,313.0,318.6,312.75,23794.0
705833,2022-02-03,325.45,317.15,328.55,317.15,38715.0
705833,2022-02-07,323.75,320.0,331.0,319.75,29323.0
705833,2022-02-11,313.8,315.0,318.45,310.05,25914.0
705833,2022-04-05,316.9,320.35,322.7,315.0,67025.0
705833,2022-04-06,319.05,312.3,326.95,312.3,98547.0
705833,2022-05-04,300.15,309.35,314.1,298.0,25235.0
705833,2022-06-23,272.55,268.0,275.75,268.0,8975.0
705833,2022-07-15,298.45,300.3,301.0,296.5,5536.0
705833,2022-09-06,331.85,333.8,334.95,330.05,20612.0
705833,2022-09-07,332.95,331.0,334.65,331.0,19390.0
705833,2022-09-09,332.1,342.0,342.0,330.5,29063.0
705833,2022-09-15,332.55,337.7,342.85,330.05,47952.0
705833,2022-11-02,296.1,299.3,299.55,294.3,8765.0
705833,2022-11-25,318.85,316.95,323.0,313.5,13674.0
705833,2022-12-29,365.65,362.05,368.0,359.1,45529.0
705833,2023-01-19,351.05,347.0,358.15,347.0,58428.0
705833,2023-02-03,320.75,332.05,332.05,316.9,38313.0
705833,2023-02-09,330.5,324.5,331.5,324.45,45143.0
705833,2023-02-16,316.1,312.5,317.75,312.5,20240.0
705833,2023-04-06,299.5,303.9,304.55,298.2,35378.0
705833,2023-05-04,344.55,343.8,349.0,341.1,34475.0
705833,2023-05-10,337.6,338.35,344.4,336.0,20745.0
705833,2023-05-29,335.5,331.0,338.9,325.25,27941.0
705833,2023-06-16,352.8,349.9,356.45,349.0,48335.0
705833,2023-07-12,358.6,358.4,361.15,356.6,59874.0
705833,2023-07-19,371.5,376.25,376.5,368.1,40144.0
705833,2021-10-11,390.0,391.1,393.9,388.0,28092.0
705833,2021-11-09,370.45,364.0,372.5,364.0,28808.0
705833,2021-12-01,321.75,322.8,324.9,314.75,24370.0
705833,2021-12-06,313.1,327.55,328.0,306.9,41099.0
705833,2022-02-15,301.1,301.6,305.0,295.25,45318.0
705833,2022-03-08,297.15,297.45,302.95,290.6,38917.0
705833,2022-03-09,303.5,298.65,308.9,297.0,38488.0
705833,2022-03-22,305.7,303.95,309.35,303.95,30066.0
705833,2022-04-08,329.65,321.2,333.0,319.0,97987.0
705833,2022-05-23,300.95,290.2,306.4,290.15,70236.0
705833,2022-06-02,313.3,310.05,318.0,308.0,14665.0
705833,2022-06-14,291.1,285.0,293.6,285.0,14546.0
705833,2022-07-20,303.1,314.9,314.9,301.0,45212.0
705833,2022-08-08,287.4,299.95,303.6,281.15,212468.0
705833,2022-08-19,297.15,298.95,301.3,293.8,23895.0
705833,2022-08-29,311.95,283.1,319.0,283.1,96661.0
705833,2022-09-20,333.1,326.9,338.95,320.2,80475.0
705833,2022-10-24,298.25,296.0,300.0,296.0,6466.0
705833,2022-12-07,367.25,369.4,371.6,363.7,188107.0
705833,2023-01-09,370.05,366.85,374.55,366.45,39801.0
705833,2023-01-23,345.5,347.4,348.3,344.95,18869.0
705833,2023-02-21,314.35,314.9,316.4,311.85,13115.0
705833,2023-03-06,315.45,323.0,323.0,315.0,19558.0
705833,2023-03-09,313.3,319.7,321.0,312.6,36532.0
705833,2023-04-21,318.4,321.0,321.0,316.85,22519.0
705833,2023-05-09,336.65,348.85,355.25,332.7,96730.0
705833,2023-05-23,330.3,330.0,335.0,329.5,12968.0
705833,2023-05-25,322.7,330.0,332.95,321.2,29347.0
705833,2023-06-14,353.15,354.05,355.0,349.7,33921.0
705833,2023-07-03,358.1,359.9,361.15,356.7,27500.0
705833,2023-08-01,428.0,429.0,444.9,425.15,407081.0
705833,2023-08-10,439.0,441.2,448.95,437.05,180659.0
705833,2023-08-17,474.4,459.0,481.95,451.5,512350.0
705833,2023-08-21,505.45,479.95,509.7,475.0,505881.0
705833,2021-12-15,326.85,332.8,334.35,325.25,20852.0
705833,2021-10-13,391.6,390.3,395.65,387.15,68254.0
705833,2021-11-01,371.45,372.9,385.0,369.9,142827.0
705833,2022-01-03,325.25,319.0,328.1,315.3,35074.0
705833,2021-11-03,361.3,365.15,368.4,360.65,31739.0
705833,2021-11-11,366.35,367.05,369.75,364.0,26361.0
705833,2022-01-11,340.1,342.1,343.65,337.65,32512.0
705833,2021-11-23,345.4,336.0,348.9,330.1,32580.0
705833,2022-01-21,332.55,339.5,341.55,331.3,30125.0
705833,2021-11-30,321.15,322.8,333.0,318.5,29555.0
705833,2022-08-11,283.9,287.0,287.0,282.25,21347.0
705833,2022-09-23,325.2,333.6,333.6,325.0,18919.0
705833,2021-12-16,319.7,327.4,331.2,318.55,30867.0
705833,2022-10-04,300.85,303.95,306.9,298.0,44378.0
705833,2021-12-30,317.15,324.0,325.65,316.3,26550.0
705833,2022-01-10,342.1,338.9,343.9,338.9,29296.0
705833,2022-11-04,297.45,297.65,298.0,295.0,14986.0
705833,2022-02-28,291.3,290.0,342.4,289.5,74534.0
705833,2022-11-15,298.5,302.0,302.4,297.5,12602.0
705833,2022-03-10,303.85,305.0,309.75,301.55,41308.0
705833,2023-01-11,365.25,364.75,369.9,364.05,28328.0
705833,2022-05-24,298.55,309.0,309.0,296.4,45146.0
705833,2022-06-15,285.0,292.0,292.0,284.0,13478.0
705833,2023-01-31,334.05,329.4,336.35,329.4,29078.0
705833,2022-06-20,266.2,274.95,275.8,264.1,30284.0
705833,2023-03-01,313.95,308.7,314.95,307.2,10313.0
705833,2022-06-21,283.65,263.1,285.0,263.1,22377.0
705833,2023-04-12,313.75,308.1,314.7,308.0,28146.0
705833,2022-06-27,284.3,280.0,284.75,277.7,12347.0
705833,2023-04-27,321.8,318.9,324.55,318.6,13802.0
705833,2023-05-15,341.8,342.0,344.05,339.4,21963.0
705833,2022-07-04,282.35,283.0,285.4,280.55,10375.0
705833,2023-07-27,401.45,397.7,418.0,397.7,262642.0
705833,2023-08-23,516.1,515.0,523.55,514.0,59950.0
705833,2022-07-21,304.05,305.8,306.15,302.15,25332.0
705833,2022-09-22,332.7,333.7,336.35,325.0,19343.0
705833,2022-09-28,305.1,306.35,313.45,301.85,21267.0
705833,2022-10-10,301.65,304.0,305.3,300.0,13234.0
705833,2022-10-11,297.8,305.2,305.2,295.0,27311.0
705833,2022-11-11,298.75,299.5,302.95,296.5,29059.0
705833,2022-11-22,317.2,334.25,334.25,315.05,46702.0
705833,2022-12-14,371.4,370.45,376.35,366.05,100443.0
705833,2022-12-21,374.1,360.45,384.0,360.45,579092.0
705833,2022-12-27,361.45,340.1,364.9,340.1,75661.0
705833,2023-01-10,362.9,370.0,374.0,360.7,25763.0
705833,2023-01-20,343.95,351.0,354.45,341.0,38463.0
705833,2023-03-13,312.45,315.95,316.2,311.0,20169.0
705833,2023-03-27,290.7,303.75,305.3,286.25,75834.0
705833,2023-04-17,324.0,322.95,327.05,319.25,92068.0
705833,2023-04-24,316.3,320.0,320.0,315.0,8318.0
705833,2023-05-11,339.45,339.3,344.95,336.8,15508.0
705833,2023-07-07,347.1,348.2,355.95,342.45,25847.0
705833,2023-07-31,423.7,403.0,426.3,403.0,375201.0
705833,2021-09-20,391.95,400.0,401.0,390.0,58906.0
705833,2021-09-21,380.05,389.1,393.95,363.5,93460.0
705833,2021-09-22,384.3,381.75,389.75,381.7,33778.0
705833,2021-10-22,377.95,380.15,382.1,371.25,41274.0
705833,2021-11-10,370.15,369.9,374.9,363.95,58715.0
705833,2021-12-28,327.5,319.05,329.95,319.05,16560.0
705833,2022-01-18,341.7,353.5,353.5,340.55,31121.0
705833,2022-03-03,308.65,315.0,322.8,305.9,56970.0
705833,2022-03-11,307.15,304.35,311.9,303.2,45977.0
705833,2022-03-15,297.05,306.2,306.95,295.0,39924.0
705833,2022-04-26,315.1,314.0,322.35,313.9,13341.0
705833,2022-05-05,297.6,301.65,312.95,296.75,20413.0
705833,2022-05-20,304.9,303.1,308.55,302.05,29045.0
705833,2022-06-06,311.2,307.0,313.15,303.0,23949.0
705833,2022-07-06,289.65,288.4,290.0,284.15,5726.0
705833,2022-07-18,303.15,299.95,303.55,299.05,11725.0
705833,2022-09-19,325.25,326.55,329.95,324.5,18677.0
705833,2022-10-17,294.4,293.6,296.9,291.05,16269.0
705833,2022-10-20,299.9,304.85,304.85,296.2,12892.0
705833,2023-01-04,364.55,373.8,373.8,361.9,55726.0
705833,2023-01-05,372.15,362.9,376.6,352.75,90003.0
705833,2023-03-02,311.7,315.55,316.5,311.0,11424.0
705833,2023-03-14,304.2,310.6,310.6,300.0,16439.0
705833,2023-04-19,321.15,327.15,327.9,320.0,19112.0
705833,2023-04-20,320.2,321.1,323.4,319.5,23738.0
705833,2023-06-07,345.6,342.65,347.85,338.4,34839.0
705833,2023-06-08,341.95,348.0,348.0,340.95,21412.0
705833,2023-07-06,352.7,353.7,356.5,350.95,15917.0
705833,2023-08-22,514.7,513.0,530.7,511.05,394812.0
705833,2021-09-23,391.85,387.8,418.1,387.6,70779.0
705833,2021-09-30,384.6,389.0,392.6,370.1,58120.0
705833,2021-10-25,373.75,378.7,379.85,365.3,36430.0
705833,2021-10-26,379.3,374.85,382.2,372.45,31607.0
705833,2021-10-27,379.75,379.3,383.9,376.05,27220.0
705833,2021-10-29,368.55,370.0,373.35,365.25,24465.0
705833,2021-12-07,317.85,315.9,321.65,315.0,44613.0
705833,2022-01-06,340.5,345.0,348.0,339.0,147077.0
705833,2022-01-07,337.2,342.2,344.8,335.2,40216.0
705833,2022-01-17,350.55,343.95,353.9,342.8,55662.0
705833,2022-01-20,342.25,347.85,353.75,338.05,32352.0
705833,2022-02-08,318.45,326.65,328.5,314.3,32060.0
705833,2022-02-16,299.25,305.0,305.9,297.0,33079.0
705833,2022-04-28,309.55,313.2,315.25,307.7,17618.0
705833,2022-07-12,305.0,305.0,306.25,302.1,10330.0
705833,2022-07-29,299.5,297.05,302.35,297.05,29138.0
705833,2022-08-16,285.3,293.15,294.85,283.9,50448.0
705833,2022-09-14,336.0,332.0,339.5,329.35,40259.0
705833,2022-10-03,301.0,303.45,307.35,298.4,27169.0
705833,2022-10-14,294.5,299.2,303.45,293.0,22906.0
705833,2022-11-24,315.35,317.35,319.4,313.95,11584.0
705833,2022-12-19,362.05,357.2,366.5,356.2,39278.0
705833,2023-03-08,315.95,309.7,319.0,309.7,13606.0
705833,2023-04-13,321.05,316.0,322.8,312.0,140206.0
705833,2023-05-02,345.0,334.0,348.75,331.8,103562.0
705833,2023-06-27,347.55,344.05,349.05,344.05,16013.0
705833,2023-08-16,448.75,449.1,452.7,439.9,184724.0
