stockid,date,close,open,high,low,volume
396911,2021-01-25,85.65,84.95,87.9,83.45,100177.0
396911,2021-02-01,81.4,86.0,87.5,81.0,304610.0
396911,2021-02-08,79.55,80.5,82.2,79.0,128621.0
396911,2021-02-12,77.6,78.4,79.95,77.4,78450.0
396911,2021-03-18,80.4,83.75,84.9,78.35,225375.0
396911,2021-03-19,79.5,79.95,80.9,77.75,397992.0
396911,2021-04-23,80.1,81.0,81.9,79.5,94879.0
396911,2021-04-29,88.85,82.75,90.6,82.2,1044168.0
396911,2021-02-09,77.3,79.8,80.5,76.9,177622.0
396911,2021-01-14,88.5,90.0,91.7,87.75,127648.0
396911,2021-02-25,83.8,81.9,85.5,80.1,318563.0
396911,2021-03-08,79.7,82.45,82.5,79.4,139769.0
396911,2021-01-18,87.25,91.8,91.8,86.2,141200.0
396911,2021-03-17,82.65,88.7,89.0,82.25,1717233.0
396911,2021-02-24,80.1,82.0,82.0,78.0,46981.0
396911,2021-03-02,81.45,82.2,82.9,80.65,121527.0
396911,2021-04-07,78.9,79.5,80.0,78.5,89942.0
396911,2021-04-09,79.7,79.8,81.85,78.9,153790.0
396911,2021-04-20,82.0,79.5,83.0,79.05,163012.0
396911,2021-04-30,90.95,87.75,97.6,86.9,1898821.0
396911,2021-05-12,103.85,94.7,109.8,93.4,2330348.0
396911,2021-05-18,120.15,129.0,129.55,117.65,2722881.0
396911,2021-02-03,79.1,79.65,82.8,78.7,128326.0
396911,2021-02-04,80.65,79.9,81.5,79.5,72383.0
396911,2021-04-01,79.15,78.6,80.3,78.6,123540.0
396911,2021-04-27,82.05,81.75,85.0,81.25,179170.0
396911,2021-05-17,125.4,107.65,126.75,104.8,4465011.0
396911,2021-05-24,124.15,130.45,131.4,123.0,422460.0
396911,2021-01-06,91.8,93.0,94.2,90.2,269831.0
396911,2021-02-22,80.0,81.45,83.0,79.5,62929.0
396911,2021-05-05,94.35,90.1,98.35,89.7,1246739.0
396911,2021-01-04,92.8,95.0,95.25,91.8,226420.0
396911,2021-01-13,88.8,91.0,92.4,88.4,215912.0
396911,2021-01-29,88.5,91.0,92.0,87.0,156350.0
396911,2021-05-19,133.45,120.2,138.75,119.55,3900561.0
396911,2021-01-05,93.45,92.75,96.0,91.3,455121.0
396911,2021-03-03,82.4,81.5,84.5,81.1,132735.0
396911,2021-03-30,78.95,79.65,81.95,78.0,105492.0
396911,2021-03-10,78.95,79.85,82.25,78.1,221371.0
396911,2021-03-16,84.95,82.85,86.7,82.2,917487.0
396911,2021-03-22,83.05,80.7,84.0,79.05,208344.0
396911,2021-03-31,78.05,78.1,79.9,77.8,94726.0
396911,2021-01-19,87.45,88.0,89.5,87.0,55450.0
396911,2021-02-16,80.0,80.7,81.1,79.7,47267.0
396911,2021-03-05,80.05,82.1,84.8,79.65,207372.0
396911,2021-04-06,79.15,79.45,80.45,78.35,152208.0
396911,2021-04-08,78.8,79.75,81.2,78.0,107701.0
396911,2021-04-26,82.05,80.85,82.45,80.25,77252.0
396911,2021-05-04,89.0,93.35,95.0,88.4,322738.0
396911,2021-01-21,86.55,87.2,90.9,85.95,176813.0
396911,2021-01-22,84.95,86.55,87.9,82.2,105097.0
396911,2021-01-27,86.8,85.15,89.95,84.55,176928.0
396911,2021-04-19,79.35,77.45,80.0,75.15,109919.0
396911,2021-05-14,105.65,105.4,109.7,102.5,1275391.0
396911,2021-02-05,80.4,81.5,82.9,80.05,79278.0
396911,2021-02-11,78.05,77.75,80.8,75.25,160778.0
396911,2021-04-12,77.75,77.8,78.95,77.2,187750.0
396911,2021-03-09,78.75,80.35,80.6,78.45,111735.0
396911,2021-05-11,94.7,94.1,98.8,93.95,449944.0
396911,2021-05-20,131.1,133.0,136.0,128.6,1351408.0
396911,2021-04-05,78.85,79.0,79.45,76.8,150668.0
396911,2021-05-25,127.05,124.9,131.0,120.0,625154.0
396911,2021-04-13,79.55,78.5,80.2,77.75,75333.0
396911,2021-04-22,81.2,81.1,82.25,79.45,73761.0
396911,2021-05-10,96.2,100.55,101.4,95.8,719638.0
396911,2021-01-01,94.8,90.6,98.45,87.6,1560880.0
396911,2021-01-11,91.7,93.0,94.0,89.9,386559.0
396911,2021-01-12,90.5,91.0,92.35,90.2,106525.0
396911,2021-02-15,80.1,77.7,82.4,77.7,161069.0
396911,2021-02-17,82.5,80.05,84.9,79.25,228429.0
396911,2021-02-19,81.5,82.3,87.8,80.7,504141.0
396911,2021-03-01,82.05,84.0,84.65,81.85,111293.0
396911,2021-03-12,79.2,80.6,82.8,79.0,270657.0
396911,2021-03-15,81.85,79.85,82.9,78.2,264217.0
396911,2021-03-23,82.85,83.6,85.1,82.35,158268.0
396911,2021-05-03,94.35,90.95,96.3,90.95,734851.0
396911,2021-01-08,90.3,92.5,93.4,88.5,248546.0
396911,2021-01-15,87.05,88.4,89.4,86.55,88964.0
396911,2021-01-20,87.7,87.5,88.9,86.45,51193.0
396911,2021-02-10,77.0,77.4,78.0,76.75,142241.0
396911,2021-02-23,80.4,79.1,82.0,79.1,108021.0
396911,2021-02-26,83.95,81.6,85.5,81.5,255190.0
396911,2021-03-04,81.6,83.9,83.9,81.2,201030.0
396911,2021-05-07,100.95,103.5,107.2,99.2,1772833.0
396911,2021-04-28,80.9,82.05,82.85,80.4,304323.0
396911,2021-05-21,129.35,132.45,133.5,126.1,580713.0
396911,2021-01-28,89.7,87.95,90.0,85.95,165662.0
396911,2021-03-24,79.35,83.15,83.25,79.0,127633.0
396911,2021-03-25,76.5,79.85,80.4,76.0,171013.0
396911,2021-04-16,81.35,83.3,84.5,80.9,180401.0
396911,2021-05-06,103.05,94.0,104.5,94.0,2007117.0
396911,2021-01-07,90.7,92.95,93.6,90.3,209975.0
396911,2021-02-02,79.25,83.35,83.35,78.6,144123.0
396911,2021-02-18,80.7,83.15,83.95,80.1,84094.0
396911,2021-03-26,79.3,79.0,81.0,77.15,156045.0
396911,2021-04-15,82.05,79.95,82.7,78.5,203764.0
396911,2021-06-04,149.55,150.0,153.8,146.0,760714.0
396911,2021-06-17,137.55,138.8,144.4,135.8,377052.0
396911,2021-06-09,137.35,141.95,146.0,133.0,428255.0
396911,2021-06-23,148.25,146.9,153.95,145.25,1120752.0
396911,2021-06-24,143.95,149.0,149.7,143.0,223152.0
396911,2021-06-08,140.55,145.7,146.2,135.55,490977.0
396911,2021-06-01,125.15,130.0,130.25,123.2,393419.0
396911,2021-07-16,207.0,213.4,217.0,205.1,683486.0
396911,2021-08-02,207.7,190.0,207.7,190.0,537232.0
396911,2021-09-28,190.5,192.0,195.25,189.0,125333.0
396911,2021-10-19,215.65,226.6,227.5,212.8,319105.0
396911,2021-10-27,208.6,203.75,209.4,198.95,209840.0
396911,2021-10-29,215.45,208.0,215.45,198.7,349350.0
396911,2021-11-12,249.5,254.6,258.85,245.8,223261.0
396911,2021-12-02,278.55,266.0,278.55,262.95,433013.0
396911,2021-12-09,271.9,273.6,276.95,269.85,77471.0
396911,2021-12-15,282.05,285.35,293.2,280.15,116778.0
396911,2021-12-22,286.35,279.3,288.6,278.1,147964.0
396911,2021-12-30,329.8,328.9,338.2,325.0,189937.0
396911,2022-01-27,390.15,379.0,408.0,375.15,713108.0
396911,2022-03-14,363.15,369.0,381.2,360.1,208711.0
396911,2022-04-01,390.5,402.0,406.65,382.25,574665.0
396911,2022-04-05,392.35,390.75,403.05,389.25,367859.0
396911,2022-04-19,372.8,383.8,389.4,361.75,234278.0
396911,2022-05-30,447.6,449.0,456.0,440.0,424219.0
396911,2022-06-13,384.95,400.0,400.2,382.55,311206.0
396911,2022-06-21,358.7,347.0,368.65,345.25,481325.0
396911,2022-09-06,356.1,365.5,367.45,352.55,160825.0
396911,2022-09-08,358.55,359.0,369.7,356.65,673497.0
396911,2022-09-12,358.15,355.0,361.35,352.7,157578.0
396911,2022-10-17,374.6,384.75,384.75,367.85,344771.0
396911,2022-12-29,364.45,368.75,368.75,359.75,107137.0
396911,2023-01-02,368.55,364.5,377.05,364.0,164702.0
396911,2023-02-20,423.7,398.5,428.0,395.75,908956.0
396911,2023-05-02,370.8,366.35,378.45,365.25,585497.0
396911,2023-06-22,485.3,499.45,504.35,481.1,304951.0
396911,2023-07-19,547.9,539.95,549.4,539.95,125167.0
396911,2021-06-18,139.95,140.3,141.45,131.0,419694.0
396911,2021-07-07,167.1,168.0,171.8,163.8,307595.0
396911,2021-07-23,187.05,194.5,195.55,185.4,218596.0
396911,2021-08-05,219.05,214.0,219.05,208.6,651206.0
396911,2021-08-24,195.2,188.0,198.8,181.6,479984.0
396911,2021-09-07,202.7,205.0,205.35,193.55,552432.0
396911,2021-10-06,208.55,218.8,222.15,207.6,266717.0
396911,2021-12-01,265.3,275.0,275.5,255.25,245617.0
396911,2021-12-06,268.05,279.6,285.0,267.0,222380.0
396911,2022-01-12,356.75,355.05,374.0,355.05,260305.0
396911,2022-02-24,331.05,325.25,343.7,325.25,353267.0
396911,2022-03-09,380.15,382.9,396.0,375.25,285587.0
396911,2022-05-27,443.55,456.0,459.0,441.05,418251.0
396911,2022-06-17,367.85,377.5,380.0,357.5,581346.0
396911,2022-08-01,346.3,351.0,354.5,345.1,236470.0
396911,2022-08-16,332.75,338.7,339.85,331.0,253480.0
396911,2022-08-18,340.2,344.0,345.0,335.0,398636.0
396911,2022-10-10,385.25,386.3,407.0,381.0,954958.0
396911,2022-12-15,374.6,376.0,381.6,373.0,79075.0
396911,2023-01-16,376.05,385.1,385.1,373.0,125954.0
396911,2023-02-10,370.85,363.9,377.35,360.15,218707.0
396911,2023-02-16,407.05,394.0,420.0,390.2,1228742.0
396911,2023-02-24,401.85,409.45,410.35,399.0,133900.0
396911,2023-02-27,393.3,404.7,406.2,385.0,142465.0
396911,2023-03-29,354.8,347.45,357.9,347.4,141796.0
396911,2023-04-27,360.45,361.0,365.95,358.9,105526.0
396911,2023-05-23,395.55,397.9,399.4,394.0,87293.0
396911,2021-12-23,304.45,286.35,309.9,284.1,512053.0
396911,2022-01-05,331.4,323.9,344.8,322.7,350806.0
396911,2022-01-17,386.9,395.05,396.15,381.35,340167.0
396911,2022-03-22,416.3,390.9,419.7,385.9,1002970.0
396911,2022-04-25,367.35,371.0,371.0,361.0,169570.0
396911,2022-04-26,370.45,372.0,376.9,367.25,128793.0
396911,2022-05-18,488.8,465.8,519.9,460.05,2690598.0
396911,2022-05-25,422.15,441.15,444.8,410.0,450684.0
396911,2022-07-25,377.75,364.8,385.0,350.55,1720465.0
396911,2022-09-15,345.65,358.1,360.2,343.25,497343.0
396911,2022-09-29,346.3,355.0,358.6,343.0,137012.0
396911,2022-11-16,372.85,361.0,376.5,361.0,265854.0
396911,2022-11-25,381.35,379.75,387.0,375.7,128974.0
396911,2022-12-26,343.7,341.6,351.3,335.6,171254.0
396911,2022-12-27,359.7,346.0,361.95,346.0,246260.0
396911,2023-01-12,381.05,383.05,387.2,379.0,198997.0
396911,2023-01-23,380.4,373.5,382.5,373.5,143424.0
396911,2023-01-27,366.6,378.95,379.9,361.0,166003.0
396911,2023-01-31,363.95,363.0,366.95,358.5,169221.0
396911,2023-02-13,369.9,369.0,377.0,356.15,242632.0
396911,2023-04-11,352.55,358.5,358.5,351.0,120245.0
396911,2023-06-27,482.45,480.0,491.5,479.05,147373.0
396911,2023-06-28,483.1,483.05,492.0,479.0,215937.0
396911,2023-08-22,585.65,582.0,594.0,575.35,496316.0
396911,2021-08-13,218.1,223.4,229.0,214.25,202652.0
396911,2021-09-03,198.2,194.8,198.2,186.05,439870.0
396911,2021-09-23,194.95,196.8,199.55,191.85,126866.0
396911,2021-09-24,192.7,196.4,199.0,192.0,109556.0
396911,2021-11-22,247.4,252.0,256.65,244.9,243244.0
396911,2022-02-02,416.05,392.0,420.0,392.0,552537.0
396911,2022-02-09,389.65,397.7,402.0,387.2,202348.0
396911,2022-03-03,373.3,361.75,388.05,358.15,328694.0
396911,2022-08-17,344.0,336.0,347.05,335.05,617150.0
396911,2022-08-22,348.0,348.0,352.0,343.35,255074.0
396911,2022-09-22,355.65,341.95,362.95,339.55,953564.0
396911,2022-10-03,366.9,352.9,375.7,352.85,1390286.0
396911,2022-10-13,383.15,376.6,387.0,372.85,502279.0
396911,2022-11-07,365.95,360.0,368.25,357.9,254125.0
396911,2022-11-14,364.2,365.6,366.0,355.65,197513.0
396911,2023-01-11,380.95,370.75,383.7,367.4,269310.0
396911,2023-01-20,374.75,376.3,380.0,373.0,59438.0
396911,2023-02-09,364.35,365.0,366.5,360.0,46315.0
396911,2023-02-28,384.75,400.0,400.0,381.6,121038.0
396911,2023-03-02,410.0,397.55,416.2,397.55,243109.0
396911,2023-03-17,374.5,378.0,382.0,373.1,84013.0
396911,2023-04-24,356.8,359.0,359.9,355.05,231037.0
396911,2023-05-04,383.15,376.9,386.15,375.5,226743.0
396911,2023-05-17,392.15,399.35,399.6,388.7,121746.0
396911,2023-06-15,478.95,488.25,488.7,466.85,463670.0
396911,2023-08-01,524.6,540.8,547.85,522.25,178264.0
396911,2021-08-25,188.95,197.8,197.8,188.25,179148.0
396911,2021-06-30,140.65,144.3,145.9,140.1,255341.0
396911,2021-07-28,202.45,208.4,212.95,197.0,512144.0
396911,2021-08-03,218.05,214.95,218.05,212.1,222826.0
396911,2021-08-10,214.8,223.0,231.75,212.6,763624.0
396911,2021-08-20,199.3,211.0,211.0,199.3,162094.0
396911,2021-10-01,203.8,196.5,204.5,190.8,404939.0
396911,2021-10-07,208.95,210.2,214.85,204.5,131818.0
396911,2021-10-21,206.55,208.95,210.0,194.7,174836.0
396911,2021-10-25,192.9,197.0,200.0,186.45,365128.0
396911,2021-11-18,257.75,256.5,263.7,248.0,289699.0
396911,2021-12-16,292.85,283.0,299.9,281.5,394097.0
396911,2021-12-29,327.15,345.0,354.0,325.0,637684.0
396911,2022-01-13,359.35,357.0,362.8,351.75,156447.0
396911,2022-02-18,359.45,360.0,370.95,354.95,243497.0
396911,2022-03-04,377.85,375.0,382.85,365.0,248232.0
396911,2022-03-21,388.55,364.0,396.25,362.85,538046.0
396911,2022-04-18,380.4,381.1,393.3,376.1,461281.0
396911,2022-04-27,359.5,366.3,372.0,355.7,140648.0
396911,2022-05-05,466.55,431.9,488.0,429.8,2170617.0
396911,2022-05-26,448.25,423.75,454.0,423.75,1018566.0
396911,2022-06-16,381.1,402.8,414.0,378.4,832652.0
396911,2022-07-05,340.1,352.5,361.0,337.35,318824.0
396911,2022-07-12,345.0,348.0,355.1,343.05,166515.0
396911,2022-09-05,363.65,350.0,382.0,350.0,783207.0
396911,2022-10-20,353.85,353.35,356.95,348.5,148068.0
396911,2022-10-28,379.4,375.1,395.0,375.1,2641673.0
396911,2022-11-24,378.0,388.0,391.8,375.4,300038.0
396911,2023-01-19,374.2,377.9,381.75,372.1,156190.0
396911,2023-02-14,386.8,369.65,391.4,366.95,548231.0
396911,2023-04-03,356.6,364.0,364.0,355.0,147600.0
396911,2023-04-13,355.85,361.95,361.95,353.3,348312.0
396911,2023-05-11,386.95,382.8,390.7,382.1,119090.0
396911,2023-06-05,468.45,459.4,473.7,458.35,616725.0
396911,2023-06-14,486.35,478.45,494.0,478.0,329450.0
396911,2023-07-05,493.6,485.75,496.5,483.05,220391.0
396911,2023-07-13,527.5,529.7,537.0,524.0,265015.0
396911,2023-07-17,546.0,531.8,551.55,529.35,371113.0
396911,2023-07-26,533.6,534.95,543.15,527.15,132024.0
396911,2021-08-31,188.55,192.3,192.3,186.0,154940.0
396911,2021-09-08,205.75,206.0,211.35,202.25,458877.0
396911,2021-10-08,219.35,211.0,219.35,211.0,364807.0
396911,2021-10-28,205.2,208.6,209.7,198.8,223507.0
396911,2021-11-10,251.9,252.0,262.75,246.55,838078.0
396911,2021-11-15,243.8,250.0,250.95,239.9,185741.0
396911,2022-03-17,362.55,365.0,370.0,357.95,116395.0
396911,2022-05-11,426.45,440.4,443.0,375.6,935072.0
396911,2022-05-16,450.75,420.5,455.9,418.25,736347.0
396911,2022-06-07,437.75,451.05,454.5,436.0,176149.0
396911,2022-06-23,341.2,349.8,351.65,337.25,252426.0
396911,2022-07-06,349.5,338.6,352.0,338.6,198621.0
396911,2022-07-08,344.3,356.8,357.45,341.0,268151.0
396911,2022-08-23,357.15,350.0,364.0,343.3,1169731.0
396911,2022-11-30,385.45,390.0,396.45,382.5,478397.0
396911,2022-12-09,368.85,373.0,375.35,366.55,153541.0
396911,2022-12-21,360.9,373.05,376.4,358.3,192235.0
396911,2023-01-03,366.4,369.0,372.15,365.45,79457.0
396911,2023-02-23,405.4,400.0,411.9,397.0,214834.0
396911,2023-03-01,399.8,384.95,405.0,384.95,98631.0
396911,2023-04-06,359.25,362.3,366.7,356.65,144960.0
396911,2023-05-03,375.5,371.0,378.65,368.65,270998.0
396911,2023-05-10,381.35,388.0,391.95,380.35,134414.0
396911,2023-05-19,397.4,392.25,399.0,386.1,92654.0
396911,2023-05-22,396.55,397.9,398.65,393.0,75455.0
396911,2023-06-13,476.5,489.7,494.7,474.35,311026.0
396911,2023-07-10,509.9,518.35,518.55,502.65,211049.0
396911,2021-08-17,210.6,212.0,217.7,206.2,268330.0
396911,2021-09-02,188.8,182.7,191.8,182.7,232341.0
396911,2021-10-26,199.45,193.7,202.45,193.7,226435.0
396911,2021-11-09,250.25,261.85,261.85,248.0,988757.0
396911,2021-12-27,311.0,315.05,315.4,302.0,173685.0
396911,2022-01-06,332.05,327.0,335.55,325.3,140569.0
396911,2022-01-11,351.75,355.9,365.35,348.8,262688.0
396911,2022-01-28,396.75,397.9,408.0,394.05,344377.0
396911,2022-02-04,404.65,408.0,411.0,400.15,158392.0
396911,2022-02-22,346.2,330.0,349.85,328.5,384343.0
396911,2022-04-08,378.65,377.0,389.0,376.05,271531.0
396911,2022-04-22,368.7,370.95,376.0,365.3,163498.0
396911,2022-05-12,418.45,421.85,440.0,408.85,436413.0
396911,2022-06-14,378.5,380.0,399.0,375.0,450802.0
396911,2022-08-12,335.45,337.4,338.45,334.35,124253.0
396911,2022-08-25,360.15,361.45,366.15,356.5,390046.0
396911,2022-09-16,338.85,344.95,345.8,328.0,479708.0
396911,2022-09-28,351.7,351.0,365.8,347.9,361365.0
396911,2022-10-19,353.0,359.15,359.8,348.6,578026.0
396911,2022-10-25,352.3,358.5,358.5,350.7,392341.0
396911,2022-11-21,367.75,359.35,370.4,355.55,232199.0
396911,2022-12-12,371.7,369.9,374.95,363.0,233251.0
396911,2022-12-28,367.3,360.3,370.7,358.3,132141.0
396911,2023-01-25,377.05,381.7,382.4,374.4,56318.0
396911,2023-03-23,373.75,366.5,376.8,364.9,152388.0
396911,2023-03-31,356.0,360.0,362.55,352.2,210897.0
396911,2023-04-17,354.65,354.95,358.7,352.6,119603.0
396911,2023-04-21,357.85,360.3,363.7,355.65,245841.0
396911,2023-05-29,403.1,398.95,424.95,394.2,837980.0
396911,2023-06-07,466.6,460.6,474.8,458.9,262742.0
396911,2023-06-16,482.95,479.7,487.8,479.35,252363.0
396911,2023-06-21,497.75,514.85,515.55,495.2,423373.0
396911,2023-07-20,535.9,547.9,553.3,533.5,125373.0
396911,2023-08-07,507.75,497.45,512.0,492.05,402328.0
396911,2021-06-02,136.35,127.8,137.65,122.2,879102.0
396911,2021-07-12,184.7,177.35,189.7,177.2,821654.0
396911,2021-06-03,148.65,137.0,149.75,135.0,2154206.0
396911,2021-06-07,144.75,151.5,151.5,143.0,370921.0
396911,2021-06-14,136.95,138.75,139.4,132.0,168108.0
396911,2021-06-25,143.85,144.5,148.0,142.0,361659.0
396911,2021-07-14,219.1,207.05,220.45,203.0,1434822.0
396911,2021-08-11,217.95,208.0,221.5,204.1,453187.0
396911,2021-09-06,203.7,202.0,208.1,199.0,541197.0
396911,2021-10-05,217.85,224.6,224.6,215.2,840507.0
396911,2021-10-12,216.95,223.7,225.85,215.65,256146.0
396911,2021-10-13,216.95,222.0,223.4,214.0,375265.0
396911,2021-10-22,196.25,206.55,208.1,196.25,216361.0
396911,2021-11-23,259.05,245.0,259.75,243.05,206027.0
396911,2021-11-25,284.65,273.95,284.65,273.95,447976.0
396911,2021-12-03,277.55,281.0,286.8,270.0,259289.0
396911,2021-12-31,324.55,330.2,334.9,320.1,205388.0
396911,2022-01-21,408.45,371.3,409.8,365.2,1759833.0
396911,2022-02-14,348.5,371.0,373.55,345.05,360256.0
396911,2022-03-02,354.5,345.0,359.5,340.95,223324.0
396911,2022-03-16,361.2,355.0,366.55,353.2,147542.0
396911,2022-04-20,364.8,374.0,379.0,362.05,201767.0
396911,2022-05-23,451.4,456.0,466.5,445.0,431854.0
396911,2022-06-10,413.3,413.0,417.95,407.0,151705.0
396911,2022-06-27,359.85,362.85,365.45,355.35,284567.0
396911,2022-07-07,353.3,348.0,359.95,348.0,319371.0
396911,2022-07-13,315.95,326.35,332.5,306.5,1482838.0
396911,2022-08-19,351.45,340.2,357.8,338.1,689182.0
396911,2022-10-06,406.35,366.5,412.5,363.8,1627833.0
396911,2022-10-14,384.75,390.8,390.8,380.0,317174.0
396911,2022-10-21,352.45,356.7,357.3,350.0,143444.0
396911,2022-11-18,360.7,365.5,365.9,357.15,177205.0
396911,2022-11-23,384.45,370.0,388.65,365.0,358947.0
396911,2023-01-06,362.6,368.0,368.0,361.0,92708.0
396911,2023-02-21,416.0,428.95,429.0,410.5,404836.0
396911,2023-03-27,355.8,370.95,370.95,353.9,160700.0
396911,2023-04-28,364.1,364.8,365.5,358.8,634987.0
396911,2023-05-16,398.05,384.25,409.45,384.25,434790.0
396911,2023-06-01,453.45,436.5,461.8,432.25,762968.0
396911,2023-06-20,513.95,488.05,519.25,482.75,1357609.0
396911,2023-07-04,484.9,489.9,496.95,480.0,120282.0
396911,2023-07-18,538.15,549.8,558.95,536.0,288145.0
396911,2023-07-21,534.1,535.0,544.0,526.2,128611.0
396911,2023-08-08,504.15,491.0,517.4,482.05,739801.0
396911,2023-08-17,524.55,503.05,527.5,503.05,230000.0
396911,2021-05-27,136.6,135.05,141.9,131.75,1287769.0
396911,2021-05-31,128.65,133.05,134.35,128.0,284528.0
396911,2021-07-26,196.4,187.0,196.4,181.8,449152.0
396911,2021-08-23,189.35,200.05,202.95,189.35,277241.0
396911,2021-08-26,185.35,189.0,193.0,182.3,60136.0
396911,2021-09-20,189.7,192.5,196.95,187.65,70217.0
396911,2021-10-04,213.95,203.0,213.95,203.0,234130.0
396911,2021-11-02,237.5,237.5,237.5,237.5,84112.0
396911,2021-12-20,269.9,276.8,280.0,263.2,235465.0
396911,2022-01-03,328.2,324.95,334.9,323.45,134324.0
396911,2022-03-11,369.5,368.7,374.8,365.05,168283.0
396911,2022-04-12,379.55,385.65,395.0,375.1,320642.0
396911,2022-07-11,353.5,338.0,354.6,337.05,288907.0
396911,2022-07-29,349.9,349.8,356.45,342.0,617266.0
396911,2022-10-11,362.4,387.6,388.7,357.0,653655.0
396911,2022-12-01,392.8,388.7,403.0,385.25,512547.0
396911,2022-12-07,367.45,379.8,379.8,364.5,299387.0
396911,2022-12-13,376.3,372.0,386.95,370.15,393846.0
396911,2022-12-22,341.55,362.9,364.0,340.0,273747.0
396911,2023-02-01,356.95,365.0,373.55,350.8,96590.0
396911,2023-02-03,352.1,360.0,360.0,347.45,95117.0
396911,2023-02-07,353.5,349.3,360.0,349.3,79363.0
396911,2023-03-24,369.7,373.0,377.7,367.25,80611.0
396911,2023-05-05,388.15,384.0,393.7,382.0,308880.0
396911,2023-05-31,438.7,417.0,445.0,415.1,1180728.0
396911,2023-08-21,581.05,569.0,594.0,557.3,1006932.0
396911,2021-07-13,200.45,186.05,203.15,185.55,1211276.0
396911,2021-06-10,140.0,140.0,144.05,135.0,327409.0
396911,2021-06-16,140.55,135.5,142.95,134.1,833821.0
396911,2021-07-01,140.7,141.25,143.0,140.0,141714.0
396911,2021-07-09,176.05,177.0,184.0,175.0,469317.0
396911,2021-07-27,206.2,197.4,206.2,197.4,510215.0
396911,2021-07-30,197.85,203.0,203.15,189.25,847558.0
396911,2021-09-15,205.55,208.85,209.95,204.0,81622.0
396911,2021-10-11,222.85,227.8,230.3,221.65,361962.0
396911,2021-11-30,268.65,267.0,275.85,261.05,274348.0
396911,2022-01-07,360.15,333.05,365.25,333.05,830763.0
396911,2022-02-07,406.55,411.9,424.9,403.0,406508.0
396911,2022-02-11,381.15,375.0,389.6,374.8,118667.0
396911,2022-05-17,464.9,456.0,468.0,450.05,635235.0
396911,2022-09-01,366.65,359.5,370.0,358.35,259148.0
396911,2022-09-20,335.55,338.9,344.7,333.5,166461.0
396911,2022-09-23,347.15,356.95,361.95,345.0,357158.0
396911,2022-11-03,373.1,373.25,382.35,368.45,178643.0
396911,2022-12-06,378.05,382.0,387.2,375.7,306502.0
396911,2022-12-08,372.45,366.1,379.15,365.5,587425.0
396911,2022-12-19,382.8,380.0,387.85,379.8,164968.0
396911,2023-02-02,355.55,359.0,364.0,350.85,77127.0
396911,2023-03-09,393.15,395.9,401.9,390.0,10753251.0
396911,2023-03-14,379.8,380.95,389.3,373.5,210934.0
396911,2023-03-28,349.2,353.0,363.1,344.45,248880.0
396911,2023-04-05,361.25,358.45,364.85,355.0,136927.0
396911,2023-04-25,358.0,358.0,359.5,356.3,174983.0
396911,2023-04-26,360.6,358.65,362.95,358.1,186864.0
396911,2023-05-18,392.25,393.25,398.4,388.15,129721.0
396911,2023-06-19,478.1,484.0,489.95,475.0,124902.0
396911,2023-06-23,478.05,486.0,489.0,475.05,199467.0
396911,2023-07-07,514.3,515.0,522.1,507.4,388032.0
396911,2023-07-12,526.35,513.5,532.4,513.0,336157.0
396911,2023-08-10,505.75,500.0,511.75,495.3,172841.0
396911,2021-06-21,140.0,137.7,142.0,135.15,192391.0
396911,2021-06-28,142.95,144.0,146.55,142.35,180034.0
396911,2021-07-02,154.75,141.85,154.75,138.8,1191771.0
396911,2021-07-05,170.2,157.8,170.2,155.5,2234304.0
396911,2021-07-06,165.7,171.0,179.0,161.1,1675369.0
396911,2021-08-06,230.0,230.0,230.0,230.0,173338.0
396911,2021-08-12,220.3,220.0,226.1,216.0,194098.0
396911,2021-08-30,194.05,194.65,194.65,189.15,523649.0
396911,2021-09-13,207.95,208.4,214.9,202.0,341318.0
396911,2021-09-17,196.85,202.95,202.95,192.4,152512.0
396911,2021-09-27,189.75,197.0,197.1,189.5,116968.0
396911,2021-09-29,190.7,189.75,193.25,188.8,65644.0
396911,2021-09-30,194.8,192.1,197.1,191.8,99025.0
396911,2021-11-24,271.1,259.95,272.0,255.55,583136.0
396911,2021-12-28,342.1,313.7,342.1,313.7,747125.0
396911,2022-01-04,322.65,327.1,329.25,318.7,159872.0
396911,2022-01-18,374.0,388.2,394.65,366.6,245562.0
396911,2022-01-20,372.55,382.0,382.0,371.05,128656.0
396911,2022-01-24,367.7,410.0,410.0,367.65,1276474.0
396911,2022-01-25,381.45,365.0,389.85,335.1,613823.0
396911,2022-01-31,391.2,408.0,417.5,384.75,384415.0
396911,2022-02-01,391.55,398.0,399.6,384.3,195084.0
396911,2022-02-15,381.75,352.9,393.0,336.0,518339.0
396911,2022-02-17,365.0,373.0,376.05,363.0,221740.0
396911,2022-03-08,382.85,356.1,384.7,356.1,254933.0
396911,2022-03-28,392.25,411.7,413.3,389.1,389080.0
396911,2022-04-28,352.4,362.0,365.95,351.25,153041.0
396911,2022-04-29,399.7,356.0,414.0,354.9,3491343.0
396911,2022-05-02,462.7,402.4,474.0,395.0,7983319.0
396911,2022-05-09,456.75,472.65,481.6,454.0,740404.0
396911,2022-05-10,438.15,459.4,466.0,430.05,402109.0
396911,2022-05-13,420.45,431.0,444.1,415.25,695387.0
396911,2022-05-19,452.05,465.0,474.15,443.35,1079038.0
396911,2022-06-15,388.6,387.0,397.0,381.1,337704.0
396911,2022-08-08,340.35,347.0,349.7,339.0,150977.0
396911,2022-09-09,354.6,360.8,363.0,352.15,137061.0
396911,2022-09-14,358.05,354.05,366.0,354.05,217208.0
396911,2022-10-07,397.7,408.4,424.7,396.0,1457166.0
396911,2022-10-18,357.1,378.0,379.0,352.55,480385.0
396911,2022-11-11,363.5,365.95,378.45,361.0,473488.0
396911,2022-11-29,375.8,382.75,384.55,371.9,175665.0
396911,2022-12-30,365.65,367.8,368.55,363.75,90007.0
396911,2023-02-15,387.9,385.0,396.5,384.0,248839.0
396911,2023-02-17,392.6,408.95,414.05,387.0,321734.0
396911,2023-03-03,401.15,412.0,416.15,396.3,195655.0
396911,2023-03-10,385.95,391.05,396.75,383.2,561701.0
396911,2023-03-20,365.6,376.15,378.0,362.85,147904.0
396911,2023-06-30,483.1,485.0,491.95,477.8,177930.0
396911,2023-07-14,533.95,531.35,540.65,527.1,272433.0
396911,2023-08-03,507.4,500.0,514.6,494.25,127534.0
396911,2023-08-09,495.35,498.1,502.0,492.0,229540.0
396911,2021-05-26,133.9,127.8,137.1,125.0,608027.0
396911,2021-05-28,132.8,138.0,140.55,132.25,443157.0
396911,2021-06-15,134.7,137.0,139.6,133.4,255964.0
396911,2021-06-29,143.15,143.0,149.95,142.5,340833.0
396911,2021-07-15,208.15,224.1,226.0,208.15,1184521.0
396911,2021-08-04,208.65,228.95,228.95,207.15,722932.0
396911,2021-09-01,182.7,189.6,191.0,180.55,139230.0
396911,2021-09-09,205.9,210.0,212.0,203.25,224234.0
396911,2021-11-01,226.2,226.2,226.2,222.45,233011.0
396911,2021-11-11,254.65,248.0,257.25,247.05,360856.0
396911,2021-11-26,277.75,285.0,298.0,271.6,554300.0
396911,2021-12-24,315.35,312.0,327.5,308.0,675819.0
396911,2022-02-03,405.6,423.4,428.05,402.6,468433.0
396911,2022-02-08,393.55,408.5,411.0,388.05,214239.0
396911,2022-02-21,353.4,361.0,368.95,350.1,381056.0
396911,2022-02-25,342.8,340.0,352.0,339.0,197813.0
396911,2022-03-10,368.7,391.75,403.6,362.65,463962.0
396911,2022-04-04,387.65,390.7,398.9,385.05,327745.0
396911,2022-04-07,374.0,387.65,389.8,367.7,324884.0
396911,2022-04-11,384.35,380.65,387.95,380.25,167065.0
396911,2022-04-13,377.75,378.0,389.65,376.0,239274.0
396911,2022-04-21,370.95,375.6,384.0,368.05,305858.0
396911,2022-05-20,456.95,463.95,467.95,443.75,750629.0
396911,2022-06-01,476.65,446.95,482.7,444.0,1232765.0
396911,2022-06-20,349.95,368.95,372.0,338.0,415642.0
396911,2022-07-19,331.4,332.1,338.0,330.0,835951.0
396911,2022-08-05,345.3,330.35,348.35,330.0,464048.0
396911,2022-08-24,359.1,358.4,368.0,356.0,673013.0
396911,2022-08-26,364.75,358.0,367.2,358.0,316581.0
396911,2022-08-29,355.55,351.5,363.7,350.45,352150.0
396911,2022-09-26,343.25,342.05,346.85,336.0,398896.0
396911,2022-11-01,383.55,370.0,388.5,366.35,460301.0
396911,2022-11-04,357.9,374.8,375.75,356.1,557977.0
396911,2022-12-20,372.5,383.7,387.65,370.85,154251.0
396911,2023-03-08,407.6,402.4,411.7,401.8,178579.0
396911,2023-04-20,360.15,362.9,365.4,357.05,139501.0
396911,2023-05-15,383.5,386.0,391.7,382.2,96334.0
396911,2023-05-25,394.3,391.0,400.0,390.95,105051.0
396911,2023-05-26,392.95,390.85,398.8,373.6,371066.0
396911,2023-06-06,459.55,468.4,468.45,456.8,267535.0
396911,2023-06-09,456.55,455.0,466.4,453.0,165173.0
396911,2023-07-28,529.4,536.0,540.6,523.05,143090.0
396911,2023-08-11,501.0,505.75,509.9,495.25,131307.0
396911,2023-08-14,508.55,500.0,523.05,499.5,179076.0
396911,2023-08-16,503.6,508.55,514.0,500.1,111741.0
396911,2021-08-18,209.75,211.0,216.7,206.05,218317.0
396911,2021-09-14,206.35,208.5,213.0,204.45,144685.0
396911,2021-11-08,249.4,239.7,249.4,234.15,401107.0
396911,2021-12-14,284.7,280.6,289.45,276.6,186964.0
396911,2021-12-17,285.05,293.45,294.85,282.8,227809.0
396911,2022-01-14,394.05,357.95,395.25,356.25,954973.0
396911,2022-03-15,351.35,363.15,369.95,348.0,189054.0
396911,2022-03-23,403.95,419.0,423.75,402.0,639456.0
396911,2022-03-25,409.6,402.7,415.0,386.0,523412.0
396911,2022-05-04,430.7,460.7,467.2,420.0,3273892.0
396911,2022-06-09,420.55,415.0,425.5,413.0,227977.0
396911,2022-07-14,326.9,308.2,332.0,301.1,1332057.0
396911,2022-07-15,319.65,329.5,334.0,315.0,565852.0
396911,2022-07-21,354.25,342.9,359.0,340.15,731198.0
396911,2022-07-26,357.45,377.0,377.0,355.6,689357.0
396911,2022-07-28,345.3,359.4,361.7,343.1,310644.0
396911,2022-08-02,343.3,347.95,353.55,342.0,395892.0
396911,2022-08-04,327.95,336.0,341.45,326.0,326499.0
396911,2022-09-07,357.5,356.0,359.8,352.5,168330.0
396911,2022-09-21,338.55,337.5,344.5,336.0,223902.0
396911,2022-10-12,374.95,364.95,393.95,359.5,1334999.0
396911,2022-11-22,368.4,371.0,375.0,366.15,159302.0
396911,2022-12-14,376.45,377.85,382.4,374.05,127757.0
396911,2022-12-23,341.6,339.55,349.05,328.4,370770.0
396911,2023-01-04,363.4,367.0,367.85,361.55,53445.0
396911,2023-01-18,379.45,380.9,386.7,377.55,390501.0
396911,2023-03-06,406.45,401.15,408.0,399.85,120133.0
396911,2023-05-09,389.65,397.0,402.4,387.95,120039.0
396911,2023-05-24,390.85,395.0,398.0,388.0,79343.0
396911,2023-05-30,416.55,408.0,421.3,398.0,362030.0
396911,2023-06-12,485.0,460.5,497.4,460.0,1337094.0
396911,2023-06-26,477.7,478.0,482.0,473.75,143366.0
396911,2023-07-06,512.55,493.5,518.5,487.0,567588.0
396911,2023-08-02,509.15,526.5,527.9,498.25,222869.0
396911,2021-07-22,194.15,200.4,202.15,192.2,172064.0
396911,2021-08-09,223.75,233.7,233.7,219.0,519469.0
396911,2021-08-27,185.4,185.95,187.95,181.65,90514.0
396911,2021-09-16,200.55,207.8,208.45,200.0,173468.0
396911,2021-11-04,237.55,254.5,256.45,236.9,1031077.0
396911,2021-11-17,252.1,255.0,268.7,248.85,758341.0
396911,2021-11-29,264.5,275.0,275.0,263.9,275396.0
396911,2021-12-07,269.55,274.3,277.3,267.85,159145.0
396911,2021-12-08,271.5,273.5,278.7,271.0,94924.0
396911,2021-12-10,270.95,272.0,275.0,270.0,76632.0
396911,2021-12-13,280.6,284.0,295.0,278.45,319543.0
396911,2022-02-23,353.1,349.9,363.35,349.9,266378.0
396911,2022-03-07,363.1,372.1,375.0,357.4,214894.0
396911,2022-03-24,398.65,402.0,414.9,395.15,305173.0
396911,2022-03-29,389.8,394.9,399.0,386.5,264688.0
396911,2022-03-30,397.7,392.5,403.4,391.0,290713.0
396911,2022-03-31,404.3,399.55,438.8,395.5,2010059.0
396911,2022-04-06,385.05,391.75,393.85,382.15,290479.0
396911,2022-05-06,473.75,460.0,480.0,436.5,1510684.0
396911,2022-05-31,443.7,446.5,453.45,442.05,245910.0
396911,2022-06-02,476.7,481.0,488.25,461.1,790813.0
396911,2022-06-03,458.15,481.0,487.5,455.05,386107.0
396911,2022-06-06,449.0,454.0,458.6,441.7,233100.0
396911,2022-06-22,347.7,359.7,360.0,345.0,222820.0
396911,2022-06-30,346.2,350.0,351.85,343.4,145883.0
396911,2022-08-10,334.75,341.5,344.95,333.0,193329.0
396911,2022-09-02,348.4,368.25,371.6,347.5,274532.0
396911,2022-09-27,353.2,347.7,355.0,343.9,553373.0
396911,2022-10-04,370.5,370.15,373.7,364.8,251583.0
396911,2022-10-31,367.0,382.0,389.7,364.3,574396.0
396911,2022-11-02,378.15,383.5,384.95,375.8,189155.0
396911,2022-11-09,368.05,368.85,372.85,364.05,224116.0
396911,2022-11-15,364.0,364.2,367.75,360.4,151867.0
396911,2022-12-16,379.75,374.0,388.9,373.75,255098.0
396911,2023-01-05,367.8,365.45,375.9,363.3,129421.0
396911,2023-01-10,369.8,363.2,380.0,363.2,326165.0
396911,2023-01-17,379.05,376.0,382.95,375.8,109529.0
396911,2023-02-06,350.15,355.0,355.0,349.05,59608.0
396911,2023-02-08,363.95,355.3,365.6,351.25,127778.0
396911,2023-03-16,376.25,377.5,382.2,371.0,220192.0
396911,2023-03-22,368.1,369.25,374.1,365.3,121449.0
396911,2023-06-08,453.4,469.75,471.95,447.25,288619.0
396911,2023-08-23,577.95,587.55,587.8,575.6,51237.0
396911,2021-06-11,137.75,140.5,141.9,136.8,191616.0
396911,2021-07-20,197.15,202.0,206.0,191.0,447273.0
396911,2021-09-22,196.7,189.0,197.45,188.95,144694.0
396911,2021-10-14,221.25,220.7,226.8,215.75,260251.0
396911,2021-11-03,249.35,249.35,249.35,249.35,319196.0
396911,2021-12-21,277.95,271.0,281.0,271.0,143352.0
396911,2022-01-10,354.7,363.85,364.4,353.45,329433.0
396911,2022-02-10,390.45,390.0,398.0,381.9,173890.0
396911,2022-02-28,345.45,340.0,352.0,332.0,160457.0
396911,2022-06-24,355.4,344.8,360.0,344.8,517988.0
396911,2022-06-29,348.85,349.75,354.65,346.0,160325.0
396911,2022-07-18,338.95,314.0,344.6,308.95,1387800.0
396911,2022-07-20,342.4,335.0,344.4,328.6,677288.0
396911,2022-08-11,334.35,339.75,346.0,332.15,473757.0
396911,2022-09-30,348.1,348.0,353.15,339.85,463061.0
396911,2022-11-10,361.15,362.0,367.9,357.1,120630.0
396911,2022-11-17,365.45,370.0,370.0,364.05,103098.0
396911,2022-12-02,388.2,391.95,394.0,386.05,134816.0
396911,2022-12-05,387.7,390.45,393.0,385.5,203297.0
396911,2023-01-24,379.95,385.0,385.0,375.9,45398.0
396911,2023-02-22,401.35,409.75,414.0,398.0,244115.0
396911,2023-03-13,380.45,386.05,391.25,373.0,481765.0
396911,2023-04-10,353.75,359.0,362.45,351.4,150885.0
396911,2023-05-08,395.2,389.0,399.75,382.3,188181.0
396911,2023-05-12,386.3,386.0,389.95,385.1,150923.0
396911,2023-07-03,487.7,485.0,506.8,484.05,469592.0
396911,2023-07-24,530.2,535.9,555.5,526.0,241864.0
396911,2023-07-31,535.95,533.95,539.95,530.9,96948.0
396911,2023-08-04,497.45,511.4,514.1,495.0,172426.0
396911,2021-06-22,145.7,141.0,149.9,140.1,1294234.0
396911,2021-07-08,175.3,168.65,181.4,167.9,945015.0
396911,2021-07-19,201.05,205.0,209.95,197.0,317291.0
396911,2021-07-29,199.2,204.0,207.8,198.0,161816.0
396911,2021-08-16,209.1,218.1,218.1,208.0,168310.0
396911,2021-09-21,188.05,189.7,192.0,185.0,121998.0
396911,2021-10-18,223.95,227.35,231.0,221.0,349496.0
396911,2021-10-20,204.9,215.65,216.0,204.9,332331.0
396911,2021-11-16,255.95,242.0,255.95,238.05,346167.0
396911,2022-01-19,380.1,374.15,382.6,364.6,197645.0
396911,2022-02-16,370.45,384.5,388.3,368.0,222387.0
396911,2022-05-24,436.7,451.95,456.7,433.75,345907.0
396911,2022-06-08,419.9,441.2,444.25,415.8,507330.0
396911,2022-06-28,354.3,359.7,359.7,350.15,241029.0
396911,2022-07-01,341.1,342.0,347.65,334.0,114855.0
396911,2022-07-04,349.7,342.6,351.6,341.45,131671.0
396911,2022-07-22,361.0,357.0,377.4,354.2,2912804.0
396911,2022-07-27,354.8,359.0,362.95,351.1,362735.0
396911,2022-08-03,334.7,344.95,346.2,333.0,306389.0
396911,2022-08-30,361.95,357.35,366.9,355.5,218863.0
396911,2022-09-13,362.3,359.6,371.75,359.5,392390.0
396911,2022-09-19,335.25,339.0,343.55,333.4,219326.0
396911,2022-10-24,358.5,355.6,359.8,353.5,48879.0
396911,2022-10-27,362.0,352.6,365.8,352.6,251275.0
396911,2022-11-28,381.65,381.0,393.0,378.05,212880.0
396911,2023-01-09,362.7,364.25,367.15,359.5,69555.0
396911,2023-01-13,386.3,385.05,392.8,379.85,281538.0
396911,2023-01-30,360.85,364.05,370.05,360.05,80508.0
396911,2023-03-15,378.35,382.45,390.7,375.15,136690.0
396911,2023-03-21,369.25,371.1,371.3,365.7,86773.0
396911,2023-04-12,357.3,354.0,364.2,351.0,373446.0
396911,2023-04-18,364.85,357.8,367.5,355.05,330792.0
396911,2023-04-19,362.85,364.95,369.0,361.0,120685.0
396911,2023-06-02,456.8,455.55,459.45,450.35,332758.0
396911,2023-07-11,510.85,512.7,527.75,501.05,420036.0
396911,2023-07-25,533.65,532.9,547.45,531.95,175406.0
396911,2023-07-27,534.25,535.0,542.55,530.05,109629.0
396911,2023-08-18,561.35,528.0,578.95,526.1,1589361.0
