stockid,date,close,open,high,low,volume
751972,2021-01-20,1210.75,1211.0,1215.9,1196.65,873452.0
751972,2021-02-01,1156.35,1110.55,1164.9,1090.0,1309024.0
751972,2021-03-17,1279.0,1275.95,1292.0,1266.5,1142480.0
751972,2021-03-26,1235.8,1201.5,1247.0,1170.5,1195770.0
751972,2021-06-11,1474.35,1495.0,1496.0,1471.05,981014.0
751972,2021-06-22,1506.7,1498.0,1518.8,1492.05,1967423.0
751972,2021-07-13,1558.75,1565.0,1579.5,1556.25,596313.0
751972,2021-07-14,1547.2,1569.0,1572.8,1543.75,633915.0
751972,2021-08-03,1585.4,1595.8,1603.35,1573.95,483169.0
751972,2021-08-06,1547.2,1568.4,1590.8,1505.0,2649875.0
751972,2021-10-11,1533.75,1536.05,1558.45,1511.9,644793.0
751972,2021-10-28,1482.25,1527.0,1527.5,1476.0,693140.0
751972,2021-12-02,1494.3,1462.8,1497.85,1455.6,1312710.0
751972,2021-04-07,1205.65,1211.0,1219.0,1198.0,619290.0
751972,2021-04-13,1173.35,1185.0,1209.0,1169.15,1146320.0
751972,2021-05-06,1170.15,1150.0,1174.0,1146.4,590519.0
751972,2021-05-14,1167.95,1171.0,1177.4,1152.5,600997.0
751972,2021-05-20,1263.15,1259.0,1298.0,1257.7,1351888.0
751972,2021-07-02,1477.4,1473.9,1496.0,1456.4,1427078.0
751972,2021-07-09,1534.6,1535.0,1548.75,1528.2,764607.0
751972,2021-07-26,1556.8,1565.0,1570.25,1545.7,634706.0
751972,2021-09-06,1525.0,1515.0,1533.95,1508.1,409322.0
751972,2021-09-21,1479.1,1478.0,1483.0,1432.0,1093338.0
751972,2021-09-29,1469.5,1459.0,1485.1,1447.0,544221.0
751972,2021-10-13,1567.05,1546.55,1577.75,1535.0,976346.0
751972,2021-10-27,1520.3,1531.55,1547.1,1518.0,441419.0
751972,2021-11-24,1496.0,1528.3,1533.1,1485.0,785928.0
751972,2021-12-03,1482.55,1496.1,1508.0,1480.0,400192.0
751972,2021-12-06,1466.8,1487.0,1494.3,1464.05,329405.0
751972,2021-01-12,1276.65,1270.5,1283.75,1260.2,1268659.0
751972,2021-01-27,1131.9,1170.0,1172.8,1130.0,1457778.0
751972,2021-03-03,1318.5,1319.95,1331.6,1310.0,683405.0
751972,2021-03-10,1304.9,1267.25,1312.85,1265.85,1742432.0
751972,2021-03-25,1187.05,1224.0,1224.5,1165.9,1061914.0
751972,2021-04-08,1237.0,1216.1,1245.0,1210.0,1489515.0
751972,2021-04-09,1233.85,1239.8,1265.0,1227.2,1398503.0
751972,2021-04-20,1141.95,1156.95,1172.35,1134.0,874884.0
751972,2021-05-04,1149.2,1164.9,1176.0,1145.75,443495.0
751972,2021-06-17,1482.7,1498.9,1511.3,1476.65,1154828.0
751972,2021-08-13,1451.2,1457.25,1459.45,1443.0,652148.0
751972,2021-09-24,1505.05,1520.0,1530.7,1496.0,346181.0
751972,2021-10-04,1520.85,1537.9,1542.45,1514.35,668680.0
751972,2022-01-05,1533.45,1535.0,1559.95,1529.2,535612.0
751972,2022-01-06,1533.3,1529.2,1536.65,1514.95,350756.0
751972,2021-01-04,1244.15,1222.9,1263.0,1220.0,3030142.0
751972,2021-01-11,1270.5,1276.0,1280.0,1243.0,1462153.0
751972,2022-01-13,1498.05,1526.4,1526.4,1488.0,721974.0
751972,2021-01-14,1251.0,1237.4,1253.85,1216.65,1466910.0
751972,2021-02-02,1166.95,1173.0,1182.95,1152.0,1053066.0
751972,2021-03-01,1302.1,1297.3,1330.35,1285.0,1300733.0
751972,2021-04-12,1159.95,1209.75,1209.75,1138.35,1411088.0
751972,2021-04-22,1146.95,1126.0,1158.85,1121.0,1007598.0
751972,2021-08-10,1475.0,1505.0,1505.05,1470.0,1112024.0
751972,2021-09-02,1525.15,1530.0,1532.1,1512.0,474775.0
751972,2021-11-10,1671.95,1625.0,1682.9,1617.65,1471628.0
751972,2021-11-16,1662.1,1708.1,1709.0,1656.35,1062269.0
751972,2021-11-18,1603.0,1645.75,1648.15,1593.8,700570.0
751972,2022-01-19,1475.1,1471.0,1480.0,1447.0,438787.0
751972,2022-02-21,1321.85,1318.0,1347.95,1308.5,948243.0
751972,2022-02-25,1346.95,1330.0,1354.0,1328.55,1093505.0
751972,2021-01-01,1213.35,1215.0,1221.05,1208.15,649133.0
751972,2021-01-05,1292.6,1252.0,1298.0,1240.0,2784127.0
751972,2021-02-03,1168.55,1170.0,1182.95,1161.85,1435910.0
751972,2021-03-08,1259.45,1228.5,1271.1,1225.0,3302106.0
751972,2021-03-19,1230.45,1236.3,1247.05,1198.0,1356660.0
751972,2021-04-23,1200.85,1147.0,1207.0,1146.0,2069671.0
751972,2021-04-26,1174.75,1204.0,1215.95,1171.0,1102356.0
751972,2021-05-12,1169.1,1199.1,1200.0,1165.0,590285.0
751972,2021-06-08,1491.3,1520.0,1522.0,1484.0,1279696.0
751972,2021-06-21,1486.75,1450.4,1498.9,1448.0,1307713.0
751972,2021-07-23,1567.05,,1616.05,1560.0,896456.0
751972,2021-08-09,1499.2,1531.0,1533.35,1485.05,1835434.0
751972,2021-08-18,1479.4,1488.1,1489.0,1470.7,674182.0
751972,2021-10-18,1559.15,1568.1,1580.0,1545.05,522124.0
751972,2021-10-19,1552.4,1559.95,1589.4,1535.0,729901.0
751972,2021-10-20,1533.25,1547.0,1566.2,1513.95,671846.0
751972,2021-11-04,1530.1,1569.0,1575.0,1519.0,538803.0
751972,2021-11-29,1427.1,1427.35,1465.0,1390.0,1043536.0
751972,2021-12-09,1509.5,1475.1,1515.9,1475.1,589665.0
751972,2021-12-27,1487.25,1460.6,1494.0,1460.6,308466.0
751972,2021-05-19,1264.45,1257.2,1274.8,1256.0,624657.0
751972,2021-06-16,1514.65,1514.45,1542.0,1497.0,1851954.0
751972,2021-06-24,1466.15,1485.0,1487.95,1458.5,559080.0
751972,2021-07-15,1568.55,1554.0,1583.4,1549.55,693234.0
751972,2021-08-24,1503.05,1468.3,1512.0,1451.0,1145765.0
751972,2021-08-25,1481.0,1505.0,1518.0,1471.5,739942.0
751972,2021-09-01,1525.05,1527.0,1533.35,1510.6,406760.0
751972,2021-09-07,1531.15,1525.0,1564.0,1518.0,1016948.0
751972,2021-09-14,1542.4,1550.0,1560.0,1537.6,289304.0
751972,2021-10-08,1519.65,1547.0,1559.95,1515.2,541904.0
751972,2021-10-29,1467.75,1487.0,1495.8,1450.9,687082.0
751972,2021-11-17,1639.2,1660.0,1664.95,1625.0,898434.0
751972,2021-12-01,1460.6,1449.25,1477.95,1439.0,1192258.0
751972,2021-12-07,1495.4,1471.0,1503.0,1461.3,532643.0
751972,2021-12-13,1490.7,1503.9,1503.95,1479.05,442103.0
751972,2021-12-29,1493.3,1500.6,1511.95,1488.1,314293.0
751972,2022-01-17,1496.25,1483.0,1500.0,1480.0,242945.0
751972,2022-01-28,1438.4,1440.5,1486.0,1430.55,692577.0
751972,2022-02-17,1309.9,1360.0,1361.9,1306.0,1877489.0
751972,2022-03-02,1386.3,1355.0,1394.6,1348.4,1207059.0
751972,2021-01-06,1280.9,1299.8,1311.05,1258.05,2359748.0
751972,2021-02-11,1276.25,1267.85,1310.0,1261.55,4101570.0
751972,2021-02-25,1329.15,1300.0,1340.0,1300.0,2353972.0
751972,2021-03-04,1314.75,1318.0,1334.8,1308.05,1605488.0
751972,2021-04-16,1168.1,1160.0,1180.0,1142.0,845133.0
751972,2021-05-17,1221.55,1183.0,1234.0,1175.0,2017066.0
751972,2021-05-25,1260.9,1277.5,1282.0,1255.9,624138.0
751972,2021-06-04,1509.35,1497.0,1550.0,1482.85,5359959.0
751972,2021-06-09,1469.1,1493.7,1513.85,1456.1,2033120.0
751972,2021-07-01,1470.35,1484.95,1484.95,1465.0,453878.0
751972,2021-07-06,1535.2,1568.0,1576.8,1525.65,2716236.0
751972,2021-07-29,1563.05,1545.0,1567.2,1540.1,540846.0
751972,2021-08-04,1592.3,1594.3,1638.85,1582.5,2052331.0
751972,2021-08-12,1448.45,1455.0,1463.0,1432.55,790749.0
751972,2021-08-26,1485.4,1467.1,1499.9,1467.1,595100.0
751972,2021-09-03,1507.0,1524.0,1538.5,1497.05,620812.0
751972,2021-09-08,1544.95,1532.0,1564.95,1523.55,738402.0
751972,2021-10-07,1544.5,1520.0,1589.85,1504.05,1649561.0
751972,2021-10-14,1552.6,1587.0,1588.0,1541.3,551085.0
751972,2021-11-12,1691.35,1699.8,1709.65,1678.0,1069334.0
751972,2021-12-16,1464.4,1471.0,1479.8,1446.45,547166.0
751972,2022-01-12,1518.45,1531.25,1538.0,1508.6,707506.0
751972,2022-01-24,1441.9,1437.0,1455.9,1405.0,1075305.0
751972,2022-02-18,1324.05,1303.0,1338.05,1294.05,1318749.0
751972,2021-03-02,1310.9,1306.0,1327.0,1300.55,843375.0
751972,2021-03-12,1278.25,1310.0,1311.95,1272.0,1322927.0
751972,2021-04-01,1214.35,1222.0,1222.0,1199.75,649180.0
751972,2021-04-30,1157.4,1159.8,1187.0,1151.0,1058811.0
751972,2021-05-26,1270.3,1280.0,1292.0,1265.0,1414370.0
751972,2021-05-28,1266.2,1253.0,1274.0,1246.25,688147.0
751972,2021-06-29,1468.75,1496.0,1501.0,1463.0,1035297.0
751972,2021-08-27,1491.7,1486.0,1497.6,1480.0,269958.0
751972,2021-09-22,1543.5,1486.0,1547.5,1473.9,1126487.0
751972,2021-11-11,1686.45,1680.0,1706.8,1648.5,2120492.0
751972,2022-02-01,1467.1,1463.1,1492.35,1445.1,634634.0
751972,2022-03-09,1425.5,1383.85,1440.0,1383.85,931359.0
751972,2022-03-16,1331.05,1347.0,1356.9,1327.05,790866.0
751972,2021-01-13,1237.4,1280.0,1289.45,1206.0,3982200.0
751972,2021-01-18,1174.65,1203.5,1203.5,1160.0,1912724.0
751972,2021-02-05,1164.1,1192.5,1194.8,1155.5,1726460.0
751972,2021-02-15,1321.2,1329.6,1361.6,1315.4,3154298.0
751972,2021-02-18,1293.25,1328.7,1338.4,1285.25,2047432.0
751972,2021-02-19,1297.0,1300.0,1320.8,1277.4,2156407.0
751972,2021-02-22,1291.4,1309.7,1324.6,1278.7,1902991.0
751972,2021-03-15,1262.75,1271.3,1285.0,1251.5,663807.0
751972,2021-03-22,1238.3,1236.0,1247.5,1221.6,615189.0
751972,2021-03-30,1210.05,1238.6,1251.15,1198.35,973544.0
751972,2021-04-19,1142.75,1140.0,1148.0,1121.0,1228823.0
751972,2021-06-03,1511.7,1442.75,1537.5,1427.0,13711450.0
751972,2021-06-10,1482.05,1475.0,1488.9,1456.4,1051186.0
751972,2021-07-20,1528.35,,1547.9,1514.0,380494.0
751972,2021-09-27,1493.3,1505.0,1510.25,1483.2,324586.0
751972,2021-10-26,1529.3,1526.75,1542.0,1504.0,902649.0
751972,2022-02-09,1456.35,1448.0,1460.0,1446.3,258503.0
751972,2022-02-14,1355.2,1360.0,1393.95,1350.0,2111735.0
751972,2021-02-12,1315.0,1274.9,1329.9,1274.75,4290890.0
751972,2021-02-17,1323.45,1313.65,1353.4,1285.0,2237472.0
751972,2021-03-05,1289.85,1308.0,1319.8,1283.0,1352365.0
751972,2021-03-09,1261.6,1255.0,1268.9,1244.0,960195.0
751972,2021-03-18,1241.05,1290.0,1299.4,1231.6,970456.0
751972,2021-04-05,1184.2,1215.0,1216.4,1165.0,676793.0
751972,2021-04-15,1153.05,1180.0,1183.5,1136.65,1318568.0
751972,2021-05-05,1150.75,1164.0,1165.0,1145.0,427270.0
751972,2021-05-10,1222.95,1224.0,1230.0,1200.0,941440.0
751972,2021-06-02,1414.9,1307.5,1439.0,1293.15,7848352.0
751972,2021-06-23,1478.8,1510.0,1514.0,1470.0,808478.0
751972,2021-07-30,1554.75,1571.5,1598.75,1548.8,690368.0
751972,2021-08-05,1584.15,1598.0,1600.0,1573.0,585052.0
751972,2021-09-09,1538.9,1548.0,1548.0,1517.2,664017.0
751972,2021-09-13,1544.55,1538.0,1550.55,1534.35,669489.0
751972,2021-09-30,1450.3,1456.0,1478.75,1446.35,543427.0
751972,2021-10-05,1521.0,1522.0,1537.7,1515.35,575832.0
751972,2021-10-22,1566.05,1540.0,1612.0,1532.0,2997151.0
751972,2021-11-25,1481.65,1499.9,1509.7,1477.0,651893.0
751972,2021-12-20,1407.25,1444.0,1447.0,1381.0,876924.0
751972,2022-01-14,1484.85,1498.0,1502.45,1477.1,648098.0
751972,2022-02-02,1469.9,1465.0,1501.6,1463.0,944374.0
751972,2022-02-10,1465.5,1459.3,1470.0,1440.05,314990.0
751972,2022-02-23,1344.0,1354.0,1366.4,1335.0,646286.0
751972,2021-12-31,1495.65,1474.0,1501.9,1474.0,319179.0
751972,2022-01-11,1525.3,1545.0,1545.05,1521.25,383727.0
751972,2022-01-18,1463.25,1503.9,1518.9,1455.55,619696.0
751972,2022-01-27,1435.55,1460.0,1460.0,1405.0,635964.0
751972,2022-03-10,1390.8,1448.0,1448.0,1381.35,746154.0
751972,2022-02-28,1358.75,1347.0,1380.0,1329.35,1072920.0
751972,2021-01-19,1207.85,1174.6,1211.0,1171.15,1068153.0
751972,2021-02-08,1176.55,1177.7,1186.8,1165.05,1107651.0
751972,2021-02-23,1286.45,1291.4,1313.35,1280.0,1388642.0
751972,2021-04-06,1204.3,1188.0,1221.0,1180.7,924992.0
751972,2021-04-27,1176.25,1179.95,1190.25,1170.0,733140.0
751972,2021-05-27,1244.15,1267.05,1267.05,1232.0,1542074.0
751972,2021-07-07,1561.95,1543.25,1567.0,1523.0,1026390.0
751972,2021-07-28,1546.15,1560.0,1562.4,1537.5,640287.0
751972,2021-09-15,1542.35,1547.0,1557.35,1532.3,307112.0
751972,2021-09-23,1519.95,1559.0,1560.3,1516.9,804207.0
751972,2021-11-02,1491.3,1489.0,1510.0,1481.8,632883.0
751972,2021-11-03,1519.1,1493.2,1556.7,1491.1,1827204.0
751972,2021-12-15,1463.8,1487.0,1490.0,1460.0,371816.0
751972,2022-01-21,1432.75,1470.0,1470.0,1420.0,1031971.0
751972,2022-01-31,1457.6,1450.65,1468.05,1446.0,426747.0
751972,2022-02-04,1420.55,1433.8,1439.0,1409.55,650058.0
751972,2022-03-03,1423.75,1404.0,1444.5,1401.1,1474839.0
751972,2022-03-15,1333.35,1360.0,1378.35,1328.55,644839.0
751972,2022-03-17,1337.05,1355.0,1355.0,1332.15,1016870.0
751972,2021-01-21,1182.9,1215.0,1228.0,1177.0,1206726.0
751972,2021-02-04,1184.7,1170.0,1195.9,1162.3,2106805.0
751972,2021-03-24,1219.25,1237.0,1243.7,1215.0,918064.0
751972,2021-05-07,1211.7,1180.0,1216.95,1177.0,2141889.0
751972,2021-05-21,1265.2,1272.0,1278.0,1261.25,579488.0
751972,2021-06-07,1513.15,1510.0,1525.65,1486.0,2055428.0
751972,2021-07-08,1533.25,1564.0,1572.2,1528.6,680515.0
751972,2021-07-16,1569.2,,1581.95,1563.6,453737.0
751972,2021-08-20,1457.95,1448.0,1473.25,1436.0,784220.0
751972,2021-08-23,1458.25,1471.95,1477.9,1441.2,722315.0
751972,2021-09-20,1475.45,1500.0,1516.0,1452.0,636161.0
751972,2021-11-26,1440.65,1480.9,1484.2,1437.0,923373.0
751972,2021-11-30,1426.2,1444.8,1459.0,1417.25,1529711.0
751972,2021-12-08,1501.0,1502.0,1514.95,1492.6,412636.0
751972,2021-12-17,1453.95,1460.2,1467.95,1438.6,665400.0
751972,2021-12-21,1405.3,1413.0,1434.0,1394.7,467167.0
751972,2021-12-23,1494.2,1459.45,1500.0,1453.15,1390890.0
751972,2021-12-24,1472.85,1492.0,1498.2,1468.0,462795.0
751972,2021-12-28,1492.2,1497.0,1506.2,1477.9,387188.0
751972,2022-01-04,1533.25,1540.4,1549.85,1524.0,303354.0
751972,2022-01-25,1462.35,1443.2,1490.05,1418.0,986255.0
751972,2022-02-03,1422.15,1475.0,1475.0,1416.0,1160781.0
751972,2022-03-04,1376.15,1419.7,1419.7,1370.9,1042120.0
751972,2022-03-08,1371.55,1353.85,1378.0,1338.9,758890.0
751972,2022-03-11,1382.0,1381.1,1401.35,1373.3,724301.0
751972,2021-02-16,1315.3,1332.0,1343.85,1309.0,1721816.0
751972,2021-02-24,1293.5,1297.0,1314.0,1277.1,671116.0
751972,2021-05-24,1268.05,1267.0,1274.8,1244.0,952156.0
751972,2021-05-31,1311.6,1270.0,1319.0,1262.4,1989390.0
751972,2021-08-16,1474.0,1458.0,1479.75,1442.75,1364617.0
751972,2021-08-30,1503.2,1504.0,1518.8,1495.75,822735.0
751972,2021-09-28,1463.45,1493.3,1498.45,1458.45,475347.0
751972,2021-10-01,1533.8,1455.0,1542.95,1453.15,3330546.0
751972,2021-11-01,1492.6,1483.0,1496.5,1457.25,441123.0
751972,2021-11-23,1528.3,1537.0,1553.9,1520.0,1119856.0
751972,2022-01-07,1525.85,1534.0,1545.0,1512.0,259201.0
751972,2022-02-07,1422.9,1420.55,1429.15,1396.25,711152.0
751972,2022-03-14,1355.95,1388.0,1389.05,1339.0,1092885.0
751972,2021-01-25,1173.55,1174.0,1205.0,1155.1,1738566.0
751972,2021-03-16,1273.4,1275.0,1285.0,1267.2,664878.0
751972,2021-03-23,1238.0,1247.1,1249.35,1225.0,476555.0
751972,2021-03-31,1205.9,1209.2,1229.35,1196.75,712047.0
751972,2021-04-28,1177.85,1182.0,1186.0,1173.3,710804.0
751972,2021-05-18,1268.3,1233.0,1277.0,1230.05,2086320.0
751972,2021-06-28,1489.95,1490.05,1495.0,1475.0,511263.0
751972,2021-07-12,1558.4,1551.0,1584.5,1541.65,1345335.0
751972,2021-07-19,1541.85,,1574.8,1533.0,411561.0
751972,2021-07-22,1604.65,,1612.0,1532.0,2191336.0
751972,2021-07-27,1560.45,1566.0,1580.15,1536.15,1020536.0
751972,2021-08-11,1443.3,1481.8,1482.05,1402.4,2079999.0
751972,2021-10-06,1501.1,1535.95,1540.8,1495.0,537571.0
751972,2021-10-21,1531.5,1548.0,1548.9,1512.5,608376.0
751972,2021-11-09,1629.05,1659.0,1672.8,1616.4,1287977.0
751972,2021-11-15,1712.8,1693.55,1721.95,1652.6,1280389.0
751972,2021-12-22,1445.25,1409.8,1453.5,1408.1,418159.0
751972,2021-12-30,1479.5,1493.05,1502.9,1473.8,360968.0
751972,2022-01-03,1540.4,1499.0,1547.3,1489.15,997714.0
751972,2022-01-10,1539.4,1526.1,1550.0,1526.1,516543.0
751972,2022-02-15,1354.0,1375.0,1375.0,1303.0,2079343.0
751972,2022-02-22,1348.5,1304.0,1353.0,1299.75,1193620.0
751972,2021-01-08,1283.3,1280.0,1294.0,1267.35,1382458.0
751972,2021-01-28,1115.7,1120.0,1136.85,1107.6,1556229.0
751972,2021-02-26,1299.7,1314.5,1321.45,1270.8,2236983.0
751972,2021-04-29,1166.25,1186.0,1193.7,1162.15,1119127.0
751972,2021-05-11,1197.95,1211.6,1218.55,1195.0,539855.0
751972,2021-06-01,1308.9,1318.2,1324.7,1285.8,1200226.0
751972,2021-06-14,1503.5,1484.1,1514.9,1445.1,1865735.0
751972,2021-06-25,1484.95,1469.1,1490.0,1465.0,577924.0
751972,2021-08-17,1473.9,1480.4,1485.5,1465.0,664828.0
751972,2021-09-16,1553.5,1542.45,1555.0,1528.05,538580.0
751972,2021-09-17,1513.5,1550.9,1563.0,1503.6,1120149.0
751972,2021-10-12,1541.0,1532.6,1555.3,1527.8,478933.0
751972,2021-11-08,1659.4,1550.0,1683.1,1532.0,7164107.0
751972,2021-12-14,1495.75,1490.0,1501.7,1453.55,793589.0
751972,2022-02-08,1439.95,1425.0,1448.0,1410.5,481143.0
751972,2022-03-07,1350.3,1377.0,1378.95,1343.05,731166.0
751972,2021-01-07,1277.45,1284.0,1294.0,1272.0,1049691.0
751972,2021-01-15,1203.0,1254.0,1254.0,1193.0,2690581.0
751972,2021-01-22,1165.4,1184.0,1197.4,1162.0,1334225.0
751972,2021-01-29,1105.85,1120.0,1131.65,1100.1,1543021.0
751972,2021-02-09,1186.6,1188.0,1225.0,1178.35,4647756.0
751972,2021-02-10,1267.9,1200.0,1274.8,1190.0,9275539.0
751972,2021-05-03,1159.7,1155.0,1164.7,1135.0,424881.0
751972,2021-06-15,1516.75,1522.0,1523.05,1500.0,1280198.0
751972,2021-06-18,1472.4,1475.0,1488.05,1446.4,1434839.0
751972,2021-06-30,1481.65,1480.0,1498.0,1474.4,1118377.0
751972,2021-07-05,1558.6,1492.0,1565.0,1482.0,3124351.0
751972,2021-08-02,1584.65,1565.9,1595.5,1557.0,595881.0
751972,2021-08-31,1514.0,1509.0,1521.6,1490.0,772060.0
751972,2021-10-25,1520.45,1578.0,1578.0,1506.65,718804.0
751972,2021-11-22,1545.45,1603.0,1603.0,1539.0,1087201.0
751972,2021-12-10,1491.95,1508.0,1516.0,1489.15,248646.0
751972,2022-01-20,1473.5,1482.9,1488.7,1462.0,421387.0
751972,2022-02-11,1424.15,1465.4,1465.4,1415.0,526337.0
751972,2022-02-24,1315.05,1325.0,1346.0,1291.15,1566179.0
751972,2022-02-16,1356.0,1370.0,1405.0,1338.1,1449590.0
751972,2022-03-22,1369.0,1350.0,1375.0,1340.1,476254.0
751972,2022-05-04,1252.85,1278.0,1291.95,1245.0,522475.0
751972,2022-05-17,1189.2,1146.0,1191.5,1137.9,447290.0
751972,2022-05-19,1160.6,1140.0,1174.9,1140.0,976165.0
751972,2022-05-24,1144.25,1161.5,1165.5,1130.05,724620.0
751972,2022-04-18,1319.15,1336.0,1336.0,1295.4,480858.0
751972,2022-05-02,1273.65,1252.0,1276.7,1248.55,272103.0
751972,2022-03-24,1350.8,1337.3,1354.9,1328.35,382004.0
751972,2022-03-25,1307.65,1362.0,1362.0,1277.0,3702963.0
751972,2022-03-23,1336.5,1375.0,1378.55,1332.2,563501.0
751972,2022-04-07,1358.25,1363.9,1381.0,1355.0,412378.0
751972,2022-04-27,1252.3,1286.0,1301.9,1247.0,958269.0
751972,2022-03-21,1354.55,1348.0,1361.65,1332.0,756656.0
751972,2022-04-08,1374.95,1370.0,1384.0,1360.65,311760.0
751972,2022-04-04,1362.3,1358.0,1367.0,1346.0,431309.0
751972,2022-06-07,1066.3,1070.0,1078.65,1057.2,475859.0
751972,2022-05-12,1110.9,1148.0,1151.85,1102.0,752431.0
751972,2022-04-12,1347.6,1361.25,1377.6,1333.0,621814.0
751972,2022-05-10,1171.65,1205.0,1218.85,1165.0,615861.0
751972,2022-06-20,993.6,999.9,1022.0,987.0,535579.0
751972,2022-04-13,1336.8,1350.65,1356.8,1333.15,433733.0
751972,2022-03-29,1293.2,1303.0,1314.95,1286.5,993257.0
751972,2022-04-01,1354.75,1335.0,1359.0,1331.15,443146.0
751972,2022-04-22,1312.25,1332.0,1339.1,1309.65,300769.0
751972,2022-05-13,1119.4,1130.0,1142.2,1110.0,388637.0
751972,2022-06-08,1074.4,1065.0,1079.0,1055.6,834757.0
751972,2022-06-21,1022.5,1006.8,1025.55,998.15,226063.0
751972,2022-04-28,1276.6,1265.0,1280.0,1250.0,718172.0
751972,2022-05-30,1120.05,1100.0,1125.0,1100.0,722748.0
751972,2022-05-31,1143.1,1125.65,1151.4,1116.2,673088.0
751972,2022-04-06,1365.6,1360.0,1382.0,1356.75,336265.0
751972,2022-04-20,1316.15,1317.9,1320.35,1300.55,420571.0
751972,2022-04-25,1277.05,1290.0,1298.0,1253.0,738680.0
751972,2022-05-05,1213.25,1270.0,1272.15,1210.0,826801.0
751972,2022-05-27,1096.15,1099.95,1109.0,1026.7,4014975.0
751972,2022-06-13,1039.8,1025.0,1055.0,1023.0,535385.0
751972,2022-06-02,1121.65,1110.0,1130.0,1103.9,712335.0
751972,2022-04-19,1303.5,1325.0,1345.0,1290.0,422307.0
751972,2022-04-11,1371.35,1370.0,1381.0,1360.0,899835.0
751972,2022-05-16,1138.8,1115.0,1148.65,1110.0,290018.0
751972,2022-06-09,1073.35,1071.0,1081.1,1065.05,261947.0
751972,2022-06-10,1062.35,1068.35,1071.0,1055.05,762658.0
751972,2022-04-21,1333.4,1322.0,1346.0,1317.0,534098.0
751972,2022-03-30,1315.2,1305.0,1319.0,1291.45,527708.0
751972,2022-05-26,1137.25,1115.6,1148.0,1110.0,517117.0
751972,2022-06-15,1042.5,1037.0,1055.3,1029.9,1294274.0
751972,2022-06-16,1034.7,1054.0,1054.0,1028.85,510251.0
751972,2022-05-09,1201.65,1200.0,1213.1,1173.0,386348.0
751972,2022-05-25,1122.95,1147.45,1153.2,1117.7,426936.0
751972,2022-04-26,1298.95,1290.0,1304.65,1280.0,244672.0
751972,2022-05-18,1186.55,1201.0,1209.5,1172.4,511218.0
751972,2022-06-06,1078.7,1105.0,1105.0,1067.7,776565.0
751972,2022-06-17,999.8,1020.6,1027.5,987.95,1468939.0
751972,2022-05-06,1210.85,1181.15,1226.0,1181.15,487348.0
751972,2022-05-11,1154.4,1175.2,1181.75,1128.6,555878.0
751972,2022-05-20,1159.85,1172.0,1175.0,1151.0,776963.0
751972,2022-06-01,1111.95,1145.0,1151.0,1105.55,499614.0
751972,2022-06-03,1105.75,1125.0,1137.65,1101.4,826888.0
751972,2022-06-14,1029.4,1039.8,1050.5,1025.15,359691.0
751972,2022-03-28,1291.7,1318.5,1318.5,1283.1,685171.0
751972,2022-03-31,1330.95,1320.0,1338.45,1307.35,632616.0
751972,2022-04-05,1365.95,1356.0,1374.0,1354.3,524664.0
751972,2022-04-29,1262.95,1281.0,1295.15,1260.0,566623.0
751972,2022-05-23,1161.5,1173.45,1173.45,1151.85,422406.0
751972,2022-07-06,1055.35,1054.0,1058.1,1040.65,1506421.0
751972,2022-06-27,1001.3,1000.95,1004.95,988.0,897071.0
751972,2022-09-02,1030.0,1046.0,1062.15,1028.0,953335.0
751972,2022-07-08,1035.6,1055.0,1056.25,1026.0,707729.0
751972,2022-07-29,1065.65,1077.0,1091.3,1059.5,720937.0
751972,2022-07-20,1025.3,1045.0,1046.8,1022.0,534042.0
751972,2022-07-25,1052.05,1044.65,1054.8,1035.95,370281.0
751972,2022-08-04,1101.3,1115.0,1122.6,1093.3,657867.0
751972,2022-08-24,1031.7,1038.05,1044.0,1028.0,571065.0
751972,2022-08-26,1047.45,1049.0,1059.9,1035.75,505532.0
751972,2022-11-18,1061.45,1084.95,1087.85,1057.05,1154358.0
751972,2022-12-14,1108.6,1111.0,1124.4,1106.0,434187.0
751972,2022-12-22,1085.65,1094.0,1103.0,1080.0,503732.0
751972,2023-01-05,1081.75,1096.5,1096.5,1076.75,389887.0
751972,2023-01-06,1072.25,1084.9,1087.0,1063.95,323351.0
751972,2023-01-25,1040.05,1056.0,1058.25,1026.6,678345.0
751972,2023-03-09,943.85,953.15,965.9,940.55,387798.0
751972,2023-03-10,942.75,940.25,945.4,929.0,510858.0
751972,2023-06-14,1153.85,1157.9,1158.65,1140.5,390757.0
751972,2023-08-07,1362.05,1349.55,1365.0,1341.35,168695.0
751972,2023-08-18,1241.6,1254.4,1256.95,1234.05,517938.0
751972,2022-08-12,1187.4,1172.85,1213.95,1163.35,1570362.0
751972,2022-08-17,1067.75,1050.55,1083.9,1044.0,4066934.0
751972,2022-08-23,1035.8,1028.9,1060.0,1015.35,1059330.0
751972,2022-08-25,1051.5,1043.65,1058.45,1037.3,1036728.0
751972,2022-08-29,1037.8,1015.0,1040.8,1012.1,608206.0
751972,2022-09-05,1030.6,1039.2,1044.8,1028.5,469263.0
751972,2022-10-24,1035.35,1039.0,1042.15,1031.2,64685.0
751972,2022-11-04,1076.05,1055.0,1083.0,1052.65,1047381.0
751972,2022-12-21,1089.35,1095.1,1126.0,1084.15,1194194.0
751972,2022-12-29,1056.6,1056.25,1072.75,1040.0,944279.0
751972,2022-12-30,1063.05,1062.15,1079.2,1060.0,357182.0
751972,2023-01-11,1067.85,1075.0,1080.0,1063.0,269332.0
751972,2023-01-19,1050.35,1053.95,1056.6,1045.0,218009.0
751972,2023-02-16,990.85,1003.9,1004.65,987.65,630114.0
751972,2023-06-12,1133.1,1112.0,1141.9,1112.0,394676.0
751972,2023-07-10,1255.35,1268.35,1269.0,1250.0,231682.0
751972,2023-07-19,1292.75,1299.0,1307.95,1289.0,224641.0
751972,2023-07-24,1296.75,1280.5,1300.5,1272.0,280464.0
751972,2023-08-16,1256.15,1268.85,1268.85,1250.1,449616.0
751972,2022-09-09,1045.35,1045.6,1051.0,1041.0,417043.0
751972,2022-10-12,1028.75,1030.0,1036.25,1014.5,384979.0
751972,2022-12-26,1064.5,1045.95,1071.25,1035.05,824043.0
751972,2023-02-02,1026.0,1015.0,1028.0,1004.55,397750.0
751972,2023-02-09,1017.7,1006.0,1024.95,1002.65,453749.0
751972,2023-02-20,990.0,981.95,992.3,979.05,443250.0
751972,2023-03-27,966.0,958.35,980.45,949.05,675254.0
751972,2023-04-05,989.75,995.0,995.0,979.75,239828.0
751972,2023-04-25,1016.45,1025.65,1033.2,1014.0,472116.0
751972,2023-06-27,1238.1,1241.95,1242.75,1223.5,319748.0
751972,2023-06-28,1247.5,1240.0,1251.85,1232.3,603336.0
751972,2023-07-04,1242.15,1252.0,1258.0,1238.05,414003.0
751972,2023-07-11,1270.85,1257.9,1279.5,1257.9,351730.0
751972,2023-08-08,1365.1,1361.05,1371.75,1352.2,494281.0
751972,2023-08-14,1282.2,1320.45,1320.45,1236.55,2519880.0
751972,2022-09-14,1041.6,1035.0,1052.35,1030.7,602674.0
751972,2022-09-07,1035.9,1031.9,1040.3,1024.15,510482.0
751972,2022-09-12,1046.15,1045.3,1059.5,1042.95,399366.0
751972,2022-09-29,1033.35,1048.65,1058.0,1020.3,1382613.0
751972,2022-12-13,1105.35,1096.1,1111.3,1093.7,274763.0
751972,2022-12-15,1102.25,1109.0,1115.0,1095.95,245297.0
751972,2022-10-13,1020.2,1029.5,1030.05,1016.0,593384.0
751972,2022-12-23,1043.45,1076.95,1080.0,1023.35,682389.0
751972,2022-11-01,1067.8,1047.65,1079.0,1042.1,878870.0
751972,2022-11-17,1083.25,1085.5,1093.0,1079.3,465811.0
751972,2023-02-15,998.9,1000.4,1002.0,993.3,233823.0
751972,2023-01-09,1076.85,1074.15,1086.1,1073.0,615045.0
751972,2023-02-24,965.4,961.8,974.0,958.25,185048.0
751972,2023-01-12,1063.3,1070.0,1075.9,1060.55,333971.0
751972,2023-03-01,960.4,973.2,980.95,959.0,521792.0
751972,2023-02-14,1000.4,1002.9,1005.85,988.0,218625.0
751972,2023-03-02,954.8,963.0,967.2,952.5,243628.0
751972,2023-02-27,958.75,965.2,967.0,947.4,357879.0
751972,2023-03-16,930.3,920.0,936.85,911.25,333014.0
751972,2023-04-20,1039.3,1040.15,1042.6,1022.4,805835.0
751972,2023-05-18,1050.4,1060.0,1062.0,1048.7,170430.0
751972,2023-03-22,971.65,970.3,977.85,960.2,807815.0
751972,2023-06-15,1155.85,1157.0,1169.15,1140.95,580174.0
751972,2023-04-06,1020.15,994.45,1023.0,978.5,1708935.0
751972,2023-06-23,1221.85,1214.9,1227.0,1195.05,468789.0
751972,2023-04-10,1027.95,1025.0,1030.0,1015.0,779901.0
751972,2023-07-07,1268.25,1254.95,1275.4,1246.85,395194.0
751972,2023-07-27,1331.9,1309.4,1343.4,1305.25,870523.0
751972,2023-04-13,1033.35,1021.0,1034.95,1013.45,319335.0
751972,2023-04-26,1016.9,1018.0,1025.0,1011.0,750019.0
751972,2023-07-28,1330.05,1331.8,1338.55,1321.65,737177.0
751972,2023-06-16,1167.85,1157.85,1179.0,1145.0,507665.0
751972,2023-08-02,1349.9,1347.1,1353.7,1335.35,258797.0
751972,2022-07-26,1026.7,1052.0,1054.0,1024.0,617578.0
751972,2022-06-24,985.3,999.8,1003.0,980.0,944827.0
751972,2022-07-05,1059.05,1072.0,1076.85,1055.5,516807.0
751972,2022-07-12,1015.25,1028.0,1028.7,1008.45,699305.0
751972,2022-07-21,1045.3,1027.0,1049.7,1023.45,504421.0
751972,2022-09-16,1033.4,1057.25,1057.25,1029.6,1543902.0
751972,2022-09-22,1014.3,1036.4,1038.4,1006.8,1009721.0
751972,2022-10-31,1043.45,1047.6,1051.95,1034.25,562845.0
751972,2022-11-14,1087.3,1076.0,1102.0,1074.55,761518.0
751972,2022-12-02,1135.75,1113.3,1138.35,1105.6,1166964.0
751972,2022-12-05,1142.1,1137.95,1158.75,1133.05,1396099.0
751972,2022-12-27,1065.9,1064.1,1076.2,1057.2,416478.0
751972,2023-01-27,1010.15,1043.0,1048.05,1001.0,577350.0
751972,2023-01-31,1044.1,1027.0,1048.0,1021.0,362687.0
751972,2023-02-10,1013.95,1017.45,1019.9,1008.0,279736.0
751972,2023-02-23,957.05,973.0,975.15,954.95,598211.0
751972,2023-03-13,929.1,943.0,945.9,924.05,615301.0
751972,2023-03-14,924.15,930.0,940.85,921.0,275133.0
751972,2023-04-03,981.2,980.95,997.7,976.15,724912.0
751972,2023-04-24,1019.1,1032.55,1033.9,1011.85,632920.0
751972,2023-05-15,1068.65,1059.9,1086.75,1057.3,458583.0
751972,2023-05-22,1124.2,1046.0,1134.0,1046.0,4328646.0
751972,2023-05-29,1115.95,1118.0,1129.9,1108.5,286216.0
751972,2023-07-12,1285.65,1273.55,1290.75,1261.2,333713.0
751972,2023-07-14,1307.75,1297.0,1309.85,1289.45,428466.0
751972,2023-07-20,1294.5,1298.9,1304.25,1288.6,172042.0
751972,2022-08-10,1127.25,1133.95,1133.95,1112.15,503935.0
751972,2022-08-11,1172.35,1140.0,1179.0,1128.25,1254427.0
751972,2022-08-18,1060.5,1069.0,1076.85,1052.0,1578967.0
751972,2022-08-30,1055.1,1045.0,1059.0,1044.0,596668.0
751972,2022-09-01,1044.75,1037.0,1067.1,1035.8,860418.0
751972,2022-09-21,1036.4,1034.0,1056.0,1031.0,580021.0
751972,2022-10-07,1058.4,1047.95,1060.0,1037.2,387703.0
751972,2022-10-20,1048.0,1046.1,1069.1,1036.25,715586.0
751972,2022-11-21,1059.3,1066.8,1067.7,1049.0,447040.0
751972,2022-12-09,1103.3,1129.65,1129.65,1090.0,504458.0
751972,2023-01-23,1059.3,1052.45,1062.95,1052.4,987705.0
751972,2023-02-17,981.25,992.1,992.1,976.0,329475.0
751972,2023-03-17,928.6,933.0,937.9,925.0,170110.0
751972,2023-03-23,981.85,973.0,989.35,966.8,529010.0
751972,2023-03-28,966.3,963.0,976.7,959.85,467411.0
751972,2023-03-29,974.7,960.0,976.0,960.0,534469.0
751972,2023-06-07,1127.65,1133.9,1133.9,1121.45,155109.0
751972,2023-08-23,1252.95,1256.0,1263.55,1252.4,27115.0
751972,2022-06-28,993.3,995.0,1001.35,976.25,942348.0
751972,2022-08-19,1044.05,1061.0,1071.65,1040.45,1330191.0
751972,2022-06-30,976.3,971.0,979.0,964.0,636183.0
751972,2022-07-11,1026.95,1037.0,1046.1,1022.05,461790.0
751972,2022-08-05,1144.4,1105.5,1152.0,1105.05,1800984.0
751972,2022-10-25,1052.05,1032.3,1060.0,1031.65,517421.0
751972,2022-10-27,1041.8,1031.55,1064.0,1030.1,612241.0
751972,2023-01-16,1062.0,1068.0,1091.45,1053.25,818659.0
751972,2023-02-06,1037.45,1020.0,1042.2,1005.0,458605.0
751972,2023-02-07,1010.75,1000.0,1034.9,980.0,1352704.0
751972,2023-02-28,972.6,960.9,977.9,958.0,405030.0
751972,2023-03-03,950.2,955.0,961.85,945.0,417131.0
751972,2023-04-12,1025.0,1034.0,1034.0,1018.0,624112.0
751972,2023-05-02,1027.4,1023.05,1031.15,1013.4,1125815.0
751972,2023-06-09,1116.8,1128.0,1131.0,1109.0,314658.0
751972,2023-06-21,1231.1,1191.5,1239.6,1186.1,1586212.0
751972,2023-07-13,1277.85,1285.65,1297.0,1270.05,406556.0
751972,2023-07-26,1309.6,1314.95,1318.4,1303.45,1014053.0
751972,2022-06-22,989.15,1022.0,1022.0,987.0,350809.0
751972,2022-07-22,1038.35,1046.8,1053.85,1034.55,372762.0
751972,2022-09-13,1050.2,1052.0,1054.9,1044.5,311227.0
751972,2022-10-03,1029.6,1031.0,1043.45,1019.8,654575.0
751972,2022-11-02,1060.55,1070.0,1082.55,1051.0,688331.0
751972,2022-11-23,1053.45,1054.0,1065.0,1049.2,512617.0
751972,2022-12-20,1091.7,1080.4,1097.5,1072.45,304355.0
751972,2023-01-04,1090.05,1087.25,1100.8,1077.5,454794.0
751972,2023-05-03,1019.1,1025.55,1026.35,1012.0,391273.0
751972,2023-05-10,1068.2,1064.05,1073.55,1062.35,291870.0
751972,2023-05-25,1111.0,1103.65,1117.9,1091.35,484566.0
751972,2023-05-26,1108.5,1111.75,1113.7,1093.6,375498.0
751972,2023-06-02,1123.6,1130.0,1133.65,1117.0,209361.0
751972,2023-06-05,1126.9,1126.0,1129.5,1115.15,241937.0
751972,2022-06-23,984.65,990.0,1001.05,980.0,1011251.0
751972,2022-07-13,1002.15,1015.25,1022.0,1000.25,613175.0
751972,2022-07-15,1017.95,993.0,1020.9,991.0,748231.0
751972,2022-08-16,1040.1,1093.0,1093.0,1009.3,9964906.0
751972,2022-10-06,1043.95,1045.3,1074.4,1039.95,959379.0
751972,2022-11-10,1105.45,1114.9,1133.9,1098.75,833908.0
751972,2022-11-15,1120.05,1087.5,1125.95,1077.3,1487359.0
751972,2022-12-28,1078.15,1065.85,1090.0,1064.0,707302.0
751972,2023-01-10,1074.35,1075.3,1079.8,1066.0,359251.0
751972,2023-01-18,1054.55,1058.0,1058.0,1044.2,217584.0
751972,2023-02-22,971.5,985.75,986.8,966.95,385970.0
751972,2023-03-06,952.9,955.0,965.0,950.3,321342.0
751972,2023-05-12,1059.7,1068.0,1079.2,1057.1,570353.0
751972,2023-05-16,1062.95,1070.0,1079.55,1060.55,394472.0
751972,2023-06-30,1239.65,1249.35,1254.45,1234.0,448143.0
751972,2023-08-04,1349.1,1352.85,1352.85,1334.3,321524.0
751972,2022-09-27,1012.05,961.1,1034.0,961.1,2355830.0
751972,2022-10-10,1052.5,1050.0,1057.0,1021.35,589159.0
751972,2022-10-14,1015.1,1030.0,1041.0,1011.0,770121.0
751972,2022-10-17,1022.05,1015.95,1028.95,1007.45,462639.0
751972,2022-11-11,1073.95,1100.0,1108.95,1036.55,3518577.0
751972,2022-12-08,1121.2,1116.0,1124.75,1106.05,324566.0
751972,2022-12-19,1089.65,1087.15,1101.95,1080.6,356258.0
751972,2023-01-17,1054.5,1067.35,1067.35,1044.55,451633.0
751972,2023-02-01,1015.6,1044.5,1057.95,1001.25,616406.0
751972,2023-03-21,970.75,954.9,976.5,939.0,954338.0
751972,2023-04-21,1035.05,1026.5,1039.3,1020.0,535616.0
751972,2023-05-04,1047.3,1022.5,1055.95,1016.7,2802742.0
751972,2023-05-11,1068.5,1066.5,1074.0,1061.55,168080.0
751972,2023-05-23,1128.2,1122.0,1143.7,1118.95,1137780.0
751972,2023-06-13,1156.4,1137.0,1159.95,1135.6,806743.0
751972,2023-07-06,1260.4,1260.0,1265.5,1249.0,193314.0
751972,2023-07-31,1350.4,1331.0,1358.0,1321.9,444481.0
751972,2022-08-01,1113.45,1080.0,1135.0,1067.0,1900084.0
751972,2022-07-04,1062.65,1041.9,1091.6,1039.5,1515688.0
751972,2022-08-22,1029.4,1035.0,1043.6,1013.95,1037069.0
751972,2022-09-08,1040.35,1045.0,1048.85,1039.0,438353.0
751972,2022-09-15,1059.55,1046.85,1067.0,1040.3,1486124.0
751972,2022-09-20,1033.95,1033.25,1049.75,1023.05,1822845.0
751972,2022-11-09,1118.0,1130.0,1141.0,1109.05,1338477.0
751972,2022-12-01,1111.35,1093.0,1114.0,1083.15,571530.0
751972,2023-01-20,1052.45,1050.95,1064.85,1047.05,499047.0
751972,2023-02-21,985.8,990.0,995.85,983.15,283139.0
751972,2023-04-17,1048.85,1033.3,1053.7,1027.5,504163.0
751972,2023-04-18,1050.2,1030.0,1078.3,1024.1,1481851.0
751972,2023-04-19,1042.1,1052.95,1053.55,1034.55,622638.0
751972,2023-05-08,1067.75,1057.95,1071.3,1055.0,265587.0
751972,2023-06-19,1180.5,1169.0,1187.0,1166.5,380216.0
751972,2023-07-25,1312.3,1303.0,1318.85,1286.6,404639.0
751972,2023-08-09,1362.6,1370.0,1370.0,1346.05,229326.0
751972,2023-08-10,1364.85,1363.0,1370.55,1354.35,498500.0
751972,2023-08-11,1350.05,1367.2,1379.95,1346.05,264842.0
751972,2023-08-22,1255.7,1263.7,1268.75,1251.0,485986.0
751972,2022-07-14,993.0,1002.2,1008.2,987.0,980530.0
751972,2022-07-18,1056.8,1031.65,1059.4,1022.65,655055.0
751972,2022-07-28,1063.9,1030.0,1078.65,1024.05,1153269.0
751972,2022-11-07,1113.25,1083.0,1124.0,1080.0,1215596.0
751972,2022-11-28,1090.05,1083.4,1095.0,1075.55,438798.0
751972,2022-11-30,1080.75,1092.0,1094.75,1075.1,700056.0
751972,2022-12-07,1108.15,1113.0,1121.9,1100.0,361232.0
751972,2023-01-03,1087.25,1098.2,1102.65,1083.1,302077.0
751972,2023-01-30,1023.2,1014.25,1027.0,1005.95,352096.0
751972,2023-02-13,1001.05,1015.2,1017.9,1000.0,213751.0
751972,2023-04-28,1020.7,1012.95,1023.5,1012.95,837376.0
751972,2023-05-09,1064.05,1070.0,1080.0,1058.75,259334.0
751972,2023-06-08,1125.1,1131.1,1133.1,1115.0,264080.0
751972,2023-06-20,1191.25,1182.0,1194.0,1176.0,329604.0
751972,2023-08-01,1347.1,1359.2,1362.75,1331.0,276666.0
751972,2022-06-29,970.6,984.95,990.0,960.4,944102.0
751972,2022-07-27,1020.9,1030.0,1031.45,1012.1,905272.0
751972,2022-08-03,1107.15,1105.1,1115.0,1092.05,620126.0
751972,2022-10-04,1040.05,1045.6,1053.0,1031.75,777162.0
751972,2022-10-11,1027.3,1051.0,1052.35,1025.2,608515.0
751972,2022-10-19,1049.85,1041.0,1054.4,1036.3,716350.0
751972,2022-12-16,1078.6,1102.3,1103.6,1068.05,475229.0
751972,2023-01-02,1091.7,1065.3,1095.0,1062.05,290289.0
751972,2023-01-13,1062.65,1068.9,1068.9,1045.6,330747.0
751972,2023-01-24,1058.35,1063.0,1067.35,1051.0,790201.0
751972,2023-02-03,1027.5,1026.0,1036.55,1017.15,255447.0
751972,2023-02-08,1006.35,1016.1,1019.95,995.5,555938.0
751972,2023-03-08,948.4,940.1,952.0,935.85,328485.0
751972,2023-03-24,962.35,979.0,982.7,960.0,517086.0
751972,2023-03-31,979.95,968.2,984.1,965.25,544235.0
751972,2023-07-18,1289.7,1306.7,1313.0,1282.0,419548.0
751972,2023-08-03,1334.95,1342.3,1359.9,1329.8,440588.0
751972,2023-08-17,1254.65,1259.0,1265.55,1250.6,596797.0
751972,2022-08-02,1112.9,1116.0,1121.55,1096.0,607174.0
751972,2022-07-01,1042.65,980.0,1048.3,977.1,1982052.0
751972,2022-07-07,1046.95,1056.8,1066.0,1037.25,573482.0
751972,2022-07-19,1036.95,1055.0,1055.0,1029.0,540444.0
751972,2022-09-06,1030.6,1034.6,1041.0,1027.9,645805.0
751972,2022-09-19,1028.1,1033.2,1042.5,1020.6,528575.0
751972,2022-09-23,1002.5,1019.4,1019.4,998.0,642287.0
751972,2022-09-26,956.2,994.95,994.95,950.2,1113761.0
751972,2022-09-30,1040.05,1033.35,1048.85,1020.0,512916.0
751972,2022-11-03,1058.25,1054.0,1067.85,1047.25,331972.0
751972,2022-11-16,1080.5,1122.0,1123.5,1076.45,992060.0
751972,2022-11-29,1087.05,1094.0,1099.05,1085.05,441905.0
751972,2022-12-06,1115.85,1120.0,1140.45,1111.2,495276.0
751972,2023-04-27,1012.1,1016.9,1020.3,1003.25,789892.0
751972,2023-05-31,1115.5,1116.0,1126.2,1110.35,526630.0
751972,2023-06-01,1126.05,1120.0,1131.15,1112.5,229233.0
751972,2023-06-26,1237.75,1220.7,1240.0,1200.0,455204.0
751972,2022-08-08,1122.9,1145.0,1148.7,1115.25,546089.0
751972,2022-09-28,1048.65,1000.0,1054.0,997.8,2459849.0
751972,2022-10-18,1040.85,1024.0,1043.6,1023.55,568881.0
751972,2022-10-21,1033.0,1053.25,1053.25,1029.0,674733.0
751972,2022-10-28,1047.6,1047.05,1058.25,1037.5,345063.0
751972,2022-11-22,1054.15,1057.0,1067.1,1046.8,540995.0
751972,2022-11-24,1074.05,1059.8,1076.0,1052.15,856457.0
751972,2022-11-25,1078.0,1070.0,1083.9,1064.6,342457.0
751972,2022-12-12,1095.3,1108.15,1108.15,1082.0,464126.0
751972,2023-03-15,915.8,926.85,932.3,913.15,244153.0
751972,2023-03-20,946.1,939.9,963.0,931.1,1304669.0
751972,2023-04-11,1027.75,1027.95,1045.0,1025.4,794757.0
751972,2023-05-05,1057.6,1047.8,1069.0,1043.6,985962.0
751972,2023-05-17,1057.15,1060.55,1068.4,1046.4,211526.0
751972,2023-05-19,1034.9,1055.9,1057.0,1022.5,712408.0
751972,2023-05-24,1103.65,1124.5,1128.2,1093.35,1205166.0
751972,2023-05-30,1116.4,1115.85,1119.25,1104.0,216424.0
751972,2023-06-06,1126.65,1126.7,1130.0,1119.5,213921.0
751972,2023-06-22,1209.9,1235.7,1238.45,1202.6,395547.0
751972,2023-07-03,1248.2,1242.75,1258.85,1237.35,477399.0
751972,2023-07-05,1260.1,1242.15,1266.0,1240.0,379938.0
751972,2023-07-17,1310.7,1293.1,1313.85,1292.3,268061.0
751972,2023-07-21,1286.75,1298.0,1301.2,1282.35,177560.0
751972,2023-08-21,1261.75,1229.65,1266.05,1225.0,312173.0
