stockid,date,close,open,high,low,volume
569237,2021-01-01,1529.9,1549.0,1558.95,1520.0,156994.0
569237,2021-01-25,1591.1,1619.95,1619.95,1542.15,204142.0
569237,2021-03-16,1730.8,1635.15,1739.0,1630.0,1034130.0
569237,2021-06-01,1950.0,1950.0,1958.8,1905.25,230031.0
569237,2021-06-11,2009.75,1980.0,2069.0,1965.25,1889149.0
569237,2021-07-13,2190.95,2228.0,2241.0,2165.1,405618.0
569237,2021-07-27,2596.6,2600.0,2616.95,2563.05,517705.0
569237,2021-08-16,2746.45,2768.1,2809.4,2734.95,444615.0
569237,2021-09-08,2958.3,2997.0,2997.0,2933.0,489569.0
569237,2021-10-07,3186.2,3141.65,3259.0,3125.0,740158.0
569237,2021-11-08,3385.15,3354.1,3407.9,3290.0,519399.0
569237,2022-01-10,3200.95,3250.05,3279.0,3180.0,763573.0
569237,2022-01-12,3217.45,3240.0,3243.95,3180.0,478892.0
569237,2022-01-20,3051.05,3089.75,3128.65,3005.2,551856.0
569237,2022-02-16,2988.95,3000.0,3050.0,2966.15,476398.0
569237,2021-04-05,1755.1,1750.0,1778.45,1713.15,473624.0
569237,2021-05-04,1754.95,1790.0,1796.25,1748.5,238613.0
569237,2021-06-15,2061.45,1994.0,2071.05,1990.0,842577.0
569237,2021-07-15,2389.0,2375.5,2407.35,2331.9,885491.0
569237,2021-08-23,2866.9,2899.0,3001.0,2845.25,1956870.0
569237,2021-08-31,2898.1,2881.9,2923.7,2870.25,991789.0
569237,2021-09-15,3191.8,3060.5,3206.95,3046.25,1066230.0
569237,2021-09-21,3196.95,3102.0,3217.8,3073.1,849978.0
569237,2021-10-06,3111.6,3163.3,3165.0,3081.0,598884.0
569237,2021-11-04,3316.6,3325.0,3341.85,3300.0,31960.0
569237,2022-01-03,3422.65,3392.0,3479.0,3390.05,548857.0
569237,2022-01-24,2947.35,3025.95,3060.0,2845.25,1189507.0
569237,2022-02-02,3127.7,3113.1,3187.05,3113.1,342507.0
569237,2021-01-04,1519.35,1550.0,1557.0,1505.0,389716.0
569237,2021-01-14,1696.15,1664.05,1735.0,1617.4,714819.0
569237,2021-02-03,1591.05,1578.85,1609.95,1534.95,550668.0
569237,2021-02-15,1670.8,1660.0,1683.95,1636.45,280527.0
569237,2021-04-07,1732.45,1749.9,1752.55,1714.9,1085872.0
569237,2021-06-22,2008.9,2055.0,2085.0,2002.0,412384.0
569237,2021-07-08,2176.4,2174.0,2215.0,2160.0,460524.0
569237,2021-08-10,2708.6,2702.0,2758.9,2681.0,590969.0
569237,2021-08-27,2894.8,2760.0,2910.0,2740.25,1188351.0
569237,2021-09-13,3000.2,2975.0,3015.0,2860.0,681247.0
569237,2021-09-28,3154.7,3242.0,3243.1,3039.55,1573075.0
569237,2021-10-14,3266.6,3225.0,3455.0,3224.9,2139363.0
569237,2021-10-21,3396.45,3470.15,3503.85,3283.3,1184242.0
569237,2021-11-12,3353.4,3405.0,3417.95,3329.05,773128.0
569237,2021-02-09,1647.2,1634.5,1674.9,1625.15,329026.0
569237,2021-11-29,2988.5,2958.0,3044.75,2929.45,1245417.0
569237,2021-12-29,3310.05,3330.0,3344.95,3293.55,534624.0
569237,2021-02-16,1683.6,1684.75,1695.0,1670.25,230890.0
569237,2021-02-19,1688.6,1700.0,1703.0,1655.0,125265.0
569237,2022-01-11,3207.45,3220.0,3244.0,3188.8,380691.0
569237,2021-03-03,1696.0,1709.95,1747.75,1661.85,512298.0
569237,2022-01-17,3284.65,3265.0,3300.0,3202.1,624020.0
569237,2021-04-26,1724.3,1730.0,1805.85,1715.15,1273633.0
569237,2022-02-14,2899.95,2905.0,2988.65,2883.0,475833.0
569237,2021-05-03,1785.8,1764.0,1791.5,1750.0,293527.0
569237,2021-05-19,1767.9,1767.0,1799.8,1754.25,357231.0
569237,2021-05-24,1829.95,1811.5,1844.65,1800.1,581346.0
569237,2021-06-02,1907.6,1950.0,1955.0,1903.25,490512.0
569237,2021-06-14,1994.75,2018.0,2037.0,1974.5,557037.0
569237,2021-06-18,2032.85,2059.4,2099.9,1993.6,1089882.0
569237,2021-08-09,2702.0,2713.25,2743.0,2665.0,387255.0
569237,2021-08-11,2673.0,2727.95,2743.0,2638.0,507503.0
569237,2021-08-17,2841.55,2761.8,2855.0,2728.8,794585.0
569237,2021-08-20,2848.0,2843.95,2910.0,2773.1,664079.0
569237,2021-09-14,3055.45,3015.0,3067.0,2984.0,559672.0
569237,2021-09-20,3106.7,3151.1,3270.0,3091.45,664392.0
569237,2021-11-16,3454.35,3444.8,3494.8,3427.0,785380.0
569237,2021-12-09,3132.95,3145.05,3162.6,3102.9,278294.0
569237,2021-12-10,3133.9,3110.0,3150.0,3107.0,197909.0
569237,2021-12-24,3218.0,3224.8,3291.25,3182.5,862697.0
569237,2021-12-30,3345.6,3307.85,3359.0,3285.8,552959.0
569237,2022-01-06,3257.15,3298.0,3298.0,3225.0,674963.0
569237,2022-01-13,3305.9,3240.0,3314.45,3221.05,463951.0
569237,2022-02-08,2981.6,3040.2,3057.5,2940.0,235153.0
569237,2022-02-11,3001.55,3068.0,3077.65,2945.0,589646.0
569237,2021-01-19,1616.8,1635.0,1665.0,1591.2,194318.0
569237,2021-01-22,1599.05,1559.05,1616.0,1537.0,920370.0
569237,2021-02-04,1589.5,1604.05,1613.7,1575.35,214307.0
569237,2021-03-05,1634.7,1668.05,1675.0,1622.3,401535.0
569237,2021-03-08,1612.05,1650.0,1659.4,1600.0,205579.0
569237,2021-03-09,1592.9,1627.9,1627.9,1575.25,319538.0
569237,2021-05-17,1762.4,1788.85,1802.0,1728.0,664940.0
569237,2021-06-03,1919.7,1922.0,1928.85,1875.0,385166.0
569237,2021-06-28,2049.4,2067.2,2080.0,2040.1,175489.0
569237,2021-06-30,2134.2,2095.0,2144.3,2076.05,653567.0
569237,2021-07-26,2589.15,2512.0,2634.7,2473.95,1525148.0
569237,2021-09-03,2952.25,2902.0,2976.0,2871.05,1149543.0
569237,2021-09-30,3104.4,3164.8,3175.0,3095.05,600588.0
569237,2021-11-15,3422.75,3390.0,3444.9,3375.0,488346.0
569237,2021-11-25,3261.6,3220.3,3295.95,3208.0,1017061.0
569237,2021-11-26,3059.2,3210.0,3214.75,3029.0,873005.0
569237,2022-01-14,3263.7,3312.45,3312.45,3217.45,614958.0
569237,2022-01-18,3201.5,3290.0,3319.5,3175.9,607433.0
569237,2022-02-17,3009.55,3018.8,3038.0,2991.9,289180.0
569237,2021-01-05,1581.65,1525.05,1610.0,1525.0,677882.0
569237,2021-01-06,1615.75,1595.55,1697.4,1586.0,973000.0
569237,2021-01-27,1585.8,1591.1,1605.0,1545.15,349539.0
569237,2021-02-12,1646.45,1638.0,1660.0,1628.0,75900.0
569237,2021-02-26,1646.9,1620.0,1666.5,1610.5,230398.0
569237,2021-04-09,1802.45,1778.0,1825.0,1770.05,633856.0
569237,2021-04-29,1770.0,1760.9,1775.95,1747.75,566928.0
569237,2021-06-07,1964.9,1919.0,1974.0,1914.0,521073.0
569237,2021-06-17,2039.55,2098.5,2133.55,2019.5,851840.0
569237,2021-07-22,2397.4,2405.15,2450.0,2363.25,1055208.0
569237,2021-07-30,2599.75,2668.0,2668.95,2582.65,584986.0
569237,2021-08-06,2694.65,2670.0,2714.9,2658.0,375995.0
569237,2021-09-22,3251.05,3230.0,3302.7,3181.7,998609.0
569237,2021-10-20,3470.15,3572.15,3595.9,3367.6,986753.0
569237,2021-11-10,3363.1,3352.0,3394.95,3324.95,296942.0
569237,2021-12-01,3011.6,2867.8,3029.7,2851.0,988525.0
569237,2021-12-15,3208.85,3179.8,3223.6,3121.05,661097.0
569237,2021-12-21,3107.2,3125.0,3182.0,3072.0,613451.0
569237,2022-01-07,3240.2,3289.1,3289.1,3220.0,365542.0
569237,2022-01-19,3088.25,3200.0,3200.0,3058.05,858708.0
569237,2022-01-27,2934.0,3001.05,3034.95,2890.5,956035.0
569237,2022-02-03,3013.75,3129.0,3129.95,2990.3,302239.0
569237,2021-01-07,1663.0,1639.0,1675.0,1620.0,347070.0
569237,2021-02-17,1644.9,1676.6,1690.0,1626.0,234830.0
569237,2021-04-20,1657.65,1710.0,1729.9,1644.1,411238.0
569237,2021-04-22,1642.75,1650.0,1687.95,1630.0,553502.0
569237,2021-05-31,1944.35,1950.8,1965.0,1935.3,269385.0
569237,2021-06-08,1932.5,1973.0,1983.7,1916.35,531921.0
569237,2021-09-16,3174.8,3205.0,3233.1,3143.4,888625.0
569237,2021-09-23,3338.6,3284.0,3394.0,3255.0,853124.0
569237,2021-10-25,3203.7,3294.0,3303.95,3105.0,791785.0
569237,2021-12-16,3210.2,3225.1,3262.0,3181.05,397555.0
569237,2021-12-17,3263.15,3235.0,3339.0,3221.25,1266717.0
569237,2021-12-28,3329.85,3262.0,3353.95,3250.05,989627.0
569237,2021-12-31,3396.7,3345.6,3419.2,3310.0,442436.0
569237,2022-01-04,3395.9,3449.8,3470.0,3370.0,314076.0
569237,2022-01-28,3039.3,2989.45,3110.0,2974.3,474404.0
569237,2021-01-08,1639.3,1669.0,1673.0,1605.0,853366.0
569237,2021-03-17,1683.8,1727.0,1769.0,1665.2,971091.0
569237,2021-03-18,1637.75,1708.0,1731.1,1612.4,439447.0
569237,2021-03-31,1776.5,1780.0,1811.25,1711.25,1134437.0
569237,2021-04-01,1747.8,1785.0,1809.0,1738.0,423748.0
569237,2021-04-13,1682.25,1745.0,1758.35,1603.0,744747.0
569237,2021-04-27,1705.15,1725.0,1743.2,1695.75,312043.0
569237,2021-04-28,1748.9,1717.0,1759.0,1707.85,389821.0
569237,2021-06-10,1964.2,1927.85,1972.0,1914.95,456342.0
569237,2021-06-21,2047.25,2030.0,2057.95,1974.0,434930.0
569237,2021-07-06,2126.9,2124.8,2141.85,2111.45,315862.0
569237,2021-07-07,2173.7,2138.85,2185.4,2105.05,477903.0
569237,2021-07-14,2375.5,2201.0,2397.7,2200.15,2140671.0
569237,2021-07-16,2390.2,2389.0,2421.95,2346.4,432057.0
569237,2021-11-17,3442.65,3468.0,3491.8,3402.05,547200.0
569237,2022-01-31,3106.5,3076.1,3146.85,3076.1,389982.0
569237,2022-02-22,3122.35,2961.0,3145.5,2959.4,841097.0
569237,2021-01-13,1651.35,1675.0,1675.0,1636.5,504008.0
569237,2021-01-15,1667.55,1704.0,1704.0,1647.0,331478.0
569237,2021-03-15,1628.45,1620.0,1645.2,1614.95,342894.0
569237,2021-03-25,1673.1,1676.2,1682.0,1602.0,401831.0
569237,2021-03-26,1635.25,1682.0,1682.0,1626.35,369659.0
569237,2021-05-10,1843.95,1845.0,1864.7,1830.0,408510.0
569237,2021-05-12,1799.35,1848.3,1858.0,1775.05,676426.0
569237,2021-06-04,1909.45,1927.0,1948.85,1902.0,325694.0
569237,2021-06-29,2086.15,2054.95,2094.0,2030.6,480765.0
569237,2021-07-02,2154.95,2161.0,2199.4,2111.1,666544.0
569237,2021-10-08,3247.65,3187.0,3312.8,3180.15,772354.0
569237,2021-10-12,3123.5,3126.0,3154.95,3061.0,794569.0
569237,2021-10-22,3254.7,3200.0,3519.2,3085.0,2688874.0
569237,2021-12-08,3131.3,3084.8,3154.15,3066.2,500088.0
569237,2021-12-27,3230.35,3205.0,3238.95,3155.05,444764.0
569237,2022-02-09,3030.25,2997.3,3069.95,2993.6,384113.0
569237,2022-02-21,3064.9,2980.0,3082.95,2947.7,502347.0
569237,2021-01-28,1555.5,1550.0,1586.55,1534.0,406023.0
569237,2021-02-08,1632.1,1590.0,1639.7,1577.6,378476.0
569237,2021-02-18,1694.1,1657.9,1710.0,1650.0,302746.0
569237,2021-02-24,1694.35,1749.65,1749.65,1624.25,227168.0
569237,2021-03-24,1672.45,1676.55,1685.95,1650.95,326973.0
569237,2021-05-26,1914.05,1886.9,1929.5,1882.25,786050.0
569237,2021-07-12,2215.1,2257.1,2257.1,2208.0,273006.0
569237,2021-08-02,2626.8,2619.5,2644.85,2602.0,321213.0
569237,2021-09-24,3342.35,3375.0,3534.6,3322.8,1223208.0
569237,2021-09-27,3218.3,3399.95,3399.95,3165.05,1134438.0
569237,2021-10-11,3104.8,3185.0,3200.0,2945.55,1295172.0
569237,2021-10-27,3351.6,3250.25,3366.0,3240.0,751000.0
569237,2021-11-02,3387.55,3320.95,3454.45,3320.9,502036.0
569237,2021-11-03,3299.35,3400.0,3445.3,3284.5,425741.0
569237,2021-11-24,3212.15,3324.4,3350.0,3198.55,702672.0
569237,2021-12-13,3223.95,3153.65,3267.0,3150.0,621098.0
569237,2022-01-21,3024.6,3026.0,3200.0,2920.0,1640071.0
569237,2022-02-15,2993.9,2950.0,3007.2,2863.45,653338.0
569237,2021-02-05,1574.6,1597.0,1610.95,1556.0,573788.0
569237,2021-02-22,1699.45,1680.0,1748.0,1640.85,538833.0
569237,2021-03-01,1639.3,1659.9,1665.0,1625.05,121376.0
569237,2021-03-12,1617.1,1650.3,1666.0,1605.55,342389.0
569237,2021-06-23,1985.3,2032.65,2038.75,1980.0,252588.0
569237,2021-06-25,2067.15,2055.5,2087.55,2044.0,526840.0
569237,2021-07-19,2342.8,2390.2,2407.25,2330.95,503783.0
569237,2021-08-25,2792.15,2814.6,2838.55,2747.0,756084.0
569237,2021-08-26,2743.25,2795.95,2824.0,2736.1,650414.0
569237,2021-08-30,2865.05,2910.0,2936.9,2853.0,688575.0
569237,2021-09-09,2993.55,2960.0,3000.0,2935.25,525337.0
569237,2021-12-14,3187.6,3230.0,3230.0,3130.0,567038.0
569237,2022-02-10,3110.15,3046.2,3118.0,3020.0,634918.0
569237,2021-01-21,1600.65,1667.4,1667.4,1590.0,345085.0
569237,2021-02-01,1529.95,1535.0,1558.95,1511.0,265113.0
569237,2021-02-25,1651.7,1694.95,1699.95,1622.05,870245.0
569237,2021-03-04,1687.3,1685.0,1716.0,1673.0,154947.0
569237,2021-03-22,1670.05,1680.75,1680.75,1632.0,285987.0
569237,2021-03-23,1676.55,1677.5,1707.45,1668.0,263310.0
569237,2021-04-06,1745.1,1770.0,1771.45,1735.6,305235.0
569237,2021-05-18,1765.15,1785.0,1790.0,1745.1,492208.0
569237,2021-05-21,1786.05,1786.95,1839.8,1748.05,799241.0
569237,2021-06-09,1918.25,1950.0,1969.8,1911.0,452593.0
569237,2021-06-24,2049.1,1989.85,2073.3,1989.85,1025993.0
569237,2021-08-04,2663.75,2711.5,2740.0,2652.3,751794.0
569237,2021-08-18,2844.25,2850.0,2938.8,2803.5,959572.0
569237,2021-09-01,2834.45,2920.2,2930.0,2816.1,721085.0
569237,2021-10-04,3089.1,3058.5,3099.0,3040.0,550121.0
569237,2021-10-13,3130.3,3143.0,3144.05,3087.0,528691.0
569237,2021-10-19,3546.45,3411.0,3659.75,3411.0,2079946.0
569237,2021-12-02,3107.1,3012.0,3123.3,2974.85,908162.0
569237,2021-12-22,3169.2,3091.35,3186.0,3091.35,438811.0
569237,2022-01-25,3062.25,2928.0,3072.35,2845.25,914743.0
569237,2022-02-07,3022.4,3051.7,3077.95,2995.0,193583.0
569237,2021-01-18,1635.0,1667.3,1667.7,1620.1,465525.0
569237,2021-01-20,1647.1,1628.0,1676.0,1621.65,301343.0
569237,2021-01-29,1531.35,1572.0,1604.55,1512.0,400404.0
569237,2021-02-11,1631.9,1640.0,1660.0,1611.0,231604.0
569237,2021-03-19,1666.3,1635.0,1685.9,1623.25,473541.0
569237,2021-04-19,1703.15,1671.0,1721.45,1644.1,399442.0
569237,2021-04-30,1764.8,1770.0,1784.95,1755.3,457673.0
569237,2021-05-07,1846.2,1852.0,1883.45,1826.55,632380.0
569237,2021-05-14,1788.85,1776.2,1804.25,1761.65,772439.0
569237,2021-05-25,1880.4,1830.0,1913.75,1828.75,1057299.0
569237,2021-05-28,1936.1,1979.0,1995.0,1921.0,827508.0
569237,2021-07-20,2368.5,2345.05,2403.3,2266.8,733341.0
569237,2021-07-23,2530.15,2565.0,2677.0,2472.05,6346868.0
569237,2021-08-03,2692.25,2636.45,2735.0,2636.45,1158111.0
569237,2021-10-28,3270.9,3385.05,3390.0,3255.0,529347.0
569237,2021-10-29,3235.8,3273.0,3316.85,3212.0,436159.0
569237,2021-12-03,3086.85,3130.0,3138.15,3065.0,304524.0
569237,2021-12-23,3186.4,3194.8,3220.0,3156.7,345682.0
569237,2022-01-05,3313.55,3380.0,3390.0,3295.0,483649.0
569237,2022-02-01,3146.95,3140.0,3194.95,3110.05,339786.0
569237,2022-02-04,3051.85,2986.0,3064.6,2977.3,226441.0
569237,2022-02-18,3021.95,2952.0,3043.35,2952.0,219536.0
569237,2021-02-02,1572.8,1539.8,1590.65,1532.15,405555.0
569237,2021-04-15,1699.95,1653.0,1736.7,1641.0,663225.0
569237,2021-04-23,1696.5,1643.1,1714.95,1643.1,606412.0
569237,2021-05-05,1747.15,1747.0,1778.9,1736.0,207032.0
569237,2021-05-06,1846.0,1750.0,1869.5,1737.0,1687587.0
569237,2021-10-05,3141.3,3093.9,3152.0,3034.8,610635.0
569237,2021-11-01,3320.95,3268.0,3335.0,3250.15,456330.0
569237,2021-11-09,3373.1,3385.15,3462.0,3365.0,625236.0
569237,2021-11-11,3348.25,3364.8,3379.4,3293.75,357090.0
569237,2021-03-30,1778.85,1643.0,1798.75,1637.0,845092.0
569237,2021-04-08,1760.35,1745.1,1825.0,1745.1,1021233.0
569237,2021-04-16,1708.3,1699.95,1727.75,1671.35,436542.0
569237,2021-05-27,1968.75,1919.9,2009.95,1916.45,1107586.0
569237,2021-06-16,2098.75,2050.0,2110.0,2031.0,1039899.0
569237,2021-07-05,2114.2,2178.15,2204.9,2104.0,768600.0
569237,2021-07-09,2229.3,2177.0,2269.0,2177.0,1374846.0
569237,2021-07-28,2587.7,2595.0,2628.45,2543.35,547211.0
569237,2021-07-29,2669.6,2591.0,2677.5,2563.0,868934.0
569237,2021-08-05,2665.2,2687.9,2756.55,2642.5,976311.0
569237,2021-08-12,2764.45,2679.0,2770.0,2678.95,652280.0
569237,2021-08-24,2799.05,2905.25,2924.95,2780.0,969258.0
569237,2021-09-02,2888.6,2859.0,2910.0,2811.4,867752.0
569237,2021-10-01,3026.25,3109.0,3119.0,3010.0,1122648.0
569237,2021-11-18,3339.15,3460.0,3471.25,3315.75,516894.0
569237,2021-11-22,3247.7,3345.0,3360.0,3177.05,765536.0
569237,2021-11-23,3290.95,3247.7,3329.25,3152.0,762502.0
569237,2021-12-06,3022.85,3090.0,3119.5,3007.0,310890.0
569237,2021-12-07,3047.0,3056.0,3083.15,2990.75,447610.0
569237,2021-12-20,3098.15,3220.0,3247.85,3021.6,571770.0
569237,2021-01-11,1699.15,1660.0,1710.0,1656.0,711646.0
569237,2021-01-12,1657.35,1700.0,1706.5,1644.5,795854.0
569237,2021-02-10,1639.15,1652.2,1665.9,1625.9,309641.0
569237,2021-02-23,1745.0,1715.0,1787.8,1710.05,711692.0
569237,2021-03-02,1688.05,1640.0,1715.0,1618.3,568161.0
569237,2021-03-10,1646.7,1610.95,1675.0,1598.0,599154.0
569237,2021-04-12,1740.1,1799.8,1837.45,1716.05,625677.0
569237,2021-05-11,1848.7,1835.0,1868.9,1818.15,338923.0
569237,2021-05-20,1764.35,1782.95,1792.75,1758.7,141546.0
569237,2021-07-01,2171.8,2136.95,2184.0,2110.0,533962.0
569237,2021-08-13,2753.85,2780.35,2791.65,2742.3,502027.0
569237,2021-09-06,3025.7,2970.0,3034.8,2931.05,888951.0
569237,2021-09-07,2976.45,3051.0,3079.0,2962.0,989201.0
569237,2021-09-17,3194.1,3177.6,3217.25,3137.3,1038070.0
569237,2021-09-29,3145.15,3130.0,3226.0,3071.95,1177475.0
569237,2021-10-18,3356.7,3390.0,3390.0,3299.85,1149208.0
569237,2021-10-26,3244.0,3203.7,3341.85,3201.4,659888.0
569237,2021-11-30,2895.15,3075.0,3106.25,2825.0,11262910.0
569237,2022-03-02,3149.65,3096.0,3173.0,3060.1,390699.0
569237,2022-04-07,3165.0,3186.0,3208.4,3151.1,446888.0
569237,2022-04-06,3197.75,3310.0,3334.6,3186.0,707833.0
569237,2022-03-23,3240.9,3191.0,3265.0,3182.05,517606.0
569237,2022-03-22,3186.65,3103.9,3199.0,3095.55,655289.0
569237,2022-03-25,3279.15,3333.25,3370.0,3267.05,468977.0
569237,2022-05-24,2488.65,2525.0,2541.25,2470.1,412184.0
569237,2022-06-08,2522.4,2510.0,2554.7,2503.6,303856.0
569237,2022-06-09,2592.85,2500.0,2616.85,2482.0,757544.0
569237,2022-06-15,2338.75,2316.5,2348.5,2310.55,357443.0
569237,2022-06-16,2308.85,2378.0,2399.85,2294.0,981605.0
569237,2022-07-04,2228.75,2252.9,2264.0,2185.0,298460.0
569237,2022-07-11,2201.35,2201.0,2214.5,2131.0,498479.0
569237,2022-07-19,2146.8,2158.0,2173.3,2132.0,591954.0
569237,2022-07-25,2322.35,2290.0,2342.0,2264.95,1112984.0
569237,2022-08-03,2320.0,2282.0,2328.0,2261.0,672850.0
569237,2022-09-05,2092.4,2073.0,2098.2,2070.25,392956.0
569237,2022-11-04,1969.8,1990.0,1993.65,1956.0,294554.0
569237,2023-02-22,2200.0,2186.6,2208.45,2165.0,317563.0
569237,2023-03-28,1669.1,1712.6,1713.95,1661.2,807937.0
569237,2023-04-11,1799.05,1818.5,1847.7,1790.05,537815.0
569237,2023-05-30,1974.9,1975.5,1985.2,1960.8,277684.0
569237,2023-06-05,1987.35,2025.0,2040.0,1977.3,575415.0
569237,2023-06-09,1853.25,1870.0,1874.85,1843.0,374786.0
569237,2023-06-27,1839.25,1818.0,1842.0,1813.4,443340.0
569237,2023-08-21,2316.9,2292.0,2365.5,2221.0,701721.0
569237,2022-03-24,3333.25,3248.0,3347.3,3232.0,551259.0
569237,2022-02-23,3108.4,3130.0,3169.0,3098.05,429372.0
569237,2022-06-01,2529.45,2599.0,2616.0,2520.05,321628.0
569237,2022-06-03,2568.05,2650.0,2700.0,2558.9,625250.0
569237,2022-07-18,2159.0,2160.0,2203.95,2141.2,567322.0
569237,2022-09-14,2089.65,2075.3,2103.75,2075.3,687260.0
569237,2022-11-22,1923.95,1925.0,1934.7,1898.5,720683.0
569237,2023-01-02,1969.4,1985.0,1985.75,1932.65,315327.0
569237,2023-01-25,2070.0,2118.0,2123.85,2057.6,388559.0
569237,2023-01-27,2072.4,2089.0,2108.95,2042.25,453614.0
569237,2023-02-07,2091.15,2094.6,2119.65,2086.8,186256.0
569237,2023-02-28,2035.4,2048.95,2086.0,2023.6,1527840.0
569237,2023-04-19,1784.05,1792.0,1793.2,1760.0,307190.0
569237,2023-05-18,1862.2,1869.9,1879.95,1850.0,244990.0
569237,2023-05-25,1933.9,1957.0,1957.0,1916.95,199824.0
569237,2023-05-31,1946.85,1965.2,1975.0,1931.35,1212827.0
569237,2023-06-19,1873.05,1867.0,1879.0,1854.15,263493.0
569237,2023-07-07,1877.5,1872.8,1898.7,1861.45,437357.0
569237,2023-07-11,1908.85,1885.0,1913.3,1880.0,449393.0
569237,2023-07-20,2213.9,2171.0,2220.95,2160.0,936054.0
569237,2022-03-31,3376.85,3444.4,3465.8,3354.0,519402.0
569237,2022-04-11,3129.2,3175.95,3178.15,3112.05,336454.0
569237,2022-06-13,2365.1,2437.0,2442.55,2356.25,437523.0
569237,2022-06-29,2314.65,2337.55,2343.85,2305.75,726355.0
569237,2022-07-06,2204.3,2170.0,2231.95,2152.55,362899.0
569237,2022-09-28,2082.5,2050.5,2099.0,2042.0,602215.0
569237,2022-10-12,2087.6,2090.0,2105.0,2046.0,481258.0
569237,2022-11-15,2013.65,2030.0,2050.0,1987.3,505605.0
569237,2022-12-27,1942.0,1926.3,1950.0,1914.25,240021.0
569237,2023-03-02,2047.2,2043.0,2077.55,2012.8,529211.0
569237,2023-03-03,2079.2,2052.95,2091.55,2038.0,351099.0
569237,2023-03-10,2038.95,2065.35,2078.8,2032.0,474820.0
569237,2023-03-14,1896.7,1971.6,1976.85,1886.35,1046921.0
569237,2023-05-09,1860.2,1851.0,1874.95,1837.15,414152.0
569237,2023-05-22,1968.8,1914.8,1974.7,1907.5,596977.0
569237,2023-06-07,1908.75,1923.95,1934.0,1903.25,489623.0
569237,2023-06-14,1877.25,1890.0,1898.15,1872.75,219687.0
569237,2022-04-13,3050.8,3075.0,3088.0,3037.35,224310.0
569237,2022-06-02,2584.5,2529.7,2610.0,2529.7,375883.0
569237,2022-06-22,2287.05,2280.0,2325.05,2228.0,969838.0
569237,2022-06-23,2310.9,2297.05,2338.6,2284.2,569468.0
569237,2022-07-14,2111.2,2163.95,2172.25,2090.0,528566.0
569237,2022-08-24,2220.4,2275.0,2294.2,2210.0,591632.0
569237,2022-09-01,2094.6,2118.0,2137.8,2081.0,532533.0
569237,2022-09-07,2083.95,2055.0,2092.2,2035.0,457584.0
569237,2022-10-03,2006.3,2088.05,2097.9,2000.1,693743.0
569237,2022-10-21,2042.95,2120.0,2130.0,2032.35,1176766.0
569237,2022-10-24,2038.0,2051.1,2066.0,2026.4,52373.0
569237,2022-11-01,2011.3,1988.4,2015.5,1977.1,426274.0
569237,2022-11-02,2036.15,2019.0,2041.95,2003.0,312704.0
569237,2022-12-05,2135.95,2164.95,2176.95,2112.2,358098.0
569237,2022-12-28,1940.4,1934.0,1951.7,1916.2,337565.0
569237,2023-01-03,2004.3,1969.5,2017.0,1963.25,390461.0
569237,2023-01-09,1999.5,1990.95,2028.95,1986.85,335236.0
569237,2023-02-14,2152.15,2128.6,2168.0,2126.8,245721.0
569237,2023-03-06,2138.45,2085.0,2145.55,2085.0,488708.0
569237,2023-03-23,1782.85,1799.0,1799.0,1763.55,360986.0
569237,2023-04-05,1815.65,1801.6,1827.0,1787.0,400995.0
569237,2023-05-17,1860.65,1880.15,1890.0,1839.6,296129.0
569237,2023-06-12,1889.95,1856.95,1893.0,1850.0,325236.0
569237,2023-08-02,2208.0,2289.05,2289.05,2183.0,862983.0
569237,2023-08-07,2330.15,2265.5,2342.45,2260.0,462263.0
569237,2022-03-29,3378.05,3350.0,3404.95,3335.0,366799.0
569237,2022-04-01,3344.05,3375.0,3389.6,3316.05,263995.0
569237,2022-05-23,2520.1,2469.0,2536.95,2452.5,295765.0
569237,2022-06-14,2306.35,2348.9,2389.3,2296.0,463627.0
569237,2022-06-20,2179.05,2184.0,2204.6,2112.05,577009.0
569237,2022-06-28,2370.95,2320.0,2379.6,2300.0,361325.0
569237,2022-07-26,2177.55,2318.0,2320.0,2170.0,1219513.0
569237,2022-08-19,2394.15,2423.0,2444.9,2372.25,614666.0
569237,2022-09-08,2096.6,2122.0,2136.6,2081.55,371054.0
569237,2022-09-29,2075.95,2100.95,2108.5,2051.25,1543877.0
569237,2022-10-06,2122.05,2079.0,2130.55,2075.05,1035068.0
569237,2022-10-07,2118.45,2137.8,2139.8,2083.5,449791.0
569237,2022-10-19,2109.45,2117.0,2125.45,2106.75,149644.0
569237,2022-11-16,2036.45,2014.0,2039.65,2000.0,476391.0
569237,2023-01-06,1977.7,2010.0,2030.0,1967.55,596221.0
569237,2023-02-15,2158.7,2150.05,2172.0,2123.45,232991.0
569237,2023-03-27,1724.75,1745.1,1768.55,1720.1,542919.0
569237,2023-05-02,1861.05,1823.95,1879.0,1821.0,799693.0
569237,2023-05-05,1820.0,1845.0,1852.0,1812.5,203833.0
569237,2023-06-02,2017.65,1997.0,2032.8,1978.65,650822.0
569237,2023-06-06,1914.4,1947.55,1947.55,1895.0,906257.0
569237,2023-07-04,1915.55,1912.0,1921.9,1900.0,442884.0
569237,2023-07-05,1882.05,1874.9,1884.45,1853.0,617494.0
569237,2023-07-12,1904.0,1904.2,1919.1,1889.5,319792.0
569237,2022-04-20,2886.05,2875.0,2959.15,2828.0,535240.0
569237,2022-04-25,2794.85,2880.0,2885.0,2784.05,442407.0
569237,2022-04-26,2767.5,2846.45,2846.45,2746.7,448578.0
569237,2022-05-02,2740.1,2799.0,2823.0,2730.05,282493.0
569237,2022-05-06,2694.05,2626.0,2713.0,2560.05,649080.0
569237,2022-05-13,2443.7,2555.0,2579.9,2430.0,417695.0
569237,2022-06-27,2338.75,2294.95,2350.0,2294.95,418206.0
569237,2022-07-15,2141.55,2122.3,2144.9,2070.5,885044.0
569237,2022-08-01,2305.95,2330.0,2334.15,2291.85,475779.0
569237,2022-09-27,2052.75,2051.0,2084.1,2018.05,520323.0
569237,2022-10-10,2126.5,2080.0,2133.0,2068.0,329230.0
569237,2022-10-13,2086.6,2078.0,2105.8,2059.0,217471.0
569237,2022-10-31,1978.5,1960.0,1989.7,1959.0,378914.0
569237,2022-11-14,2035.4,2048.0,2063.0,2024.0,529228.0
569237,2023-01-12,2014.4,2040.0,2050.2,1991.9,334707.0
569237,2023-01-16,2039.9,2044.95,2053.15,2019.0,259852.0
569237,2023-01-31,2072.8,2119.95,2122.6,2068.0,434683.0
569237,2023-03-22,1799.35,1808.0,1836.85,1792.15,735379.0
569237,2023-04-26,1760.0,1755.75,1769.5,1743.8,463884.0
569237,2023-05-19,1906.5,1862.2,1927.75,1848.55,737768.0
569237,2023-05-26,1974.7,1947.55,1992.45,1944.0,576992.0
569237,2023-06-15,1875.1,1880.0,1893.55,1869.15,259571.0
569237,2023-07-14,2069.55,1940.0,2079.0,1935.0,2663627.0
569237,2023-07-19,2169.8,2125.0,2175.0,2105.05,690457.0
569237,2023-07-28,2250.35,2299.15,2299.15,2216.75,303060.0
569237,2023-08-10,2348.9,2357.95,2378.9,2323.55,314682.0
569237,2022-05-27,2484.15,2436.0,2511.9,2426.15,269694.0
569237,2022-06-30,2294.05,2339.0,2352.7,2273.0,334462.0
569237,2022-08-26,2166.05,2221.55,2232.95,2156.85,537381.0
569237,2022-09-09,2144.85,2121.75,2158.0,2092.0,348807.0
569237,2022-11-24,1941.25,1909.15,1948.2,1901.05,717399.0
569237,2022-12-02,2157.35,2160.0,2168.0,2133.7,720904.0
569237,2022-12-08,2080.45,2087.0,2087.0,2056.05,282639.0
569237,2022-12-30,1972.8,1956.1,2001.9,1950.0,652304.0
569237,2023-01-04,2006.35,2007.0,2017.4,1973.0,468753.0
569237,2023-01-20,2024.65,2039.05,2048.4,1959.95,1260169.0
569237,2023-02-06,2094.6,2087.75,2104.4,2055.55,167480.0
569237,2023-02-10,2153.35,2140.0,2157.0,2125.15,193468.0
569237,2023-02-21,2210.3,2254.35,2290.0,2205.0,442832.0
569237,2023-02-24,2197.95,2194.0,2210.0,2161.35,317547.0
569237,2023-03-08,2144.9,2118.5,2149.8,2085.0,306958.0
569237,2023-03-24,1737.4,1789.0,1812.0,1727.15,450064.0
569237,2023-05-29,1967.85,1982.2,2000.0,1960.55,379011.0
569237,2023-07-18,2123.4,2136.95,2143.9,2089.95,720149.0
569237,2022-03-11,3285.9,3201.9,3300.0,3171.2,326673.0
569237,2022-02-24,2951.95,2986.0,3063.95,2930.0,432597.0
569237,2022-03-17,3106.9,3174.0,3176.95,3097.95,643321.0
569237,2022-03-21,3103.9,3110.0,3152.4,3070.0,539535.0
569237,2022-04-08,3161.15,3185.0,3216.0,3125.05,430971.0
569237,2022-04-27,2797.7,2739.2,2822.1,2698.05,463052.0
569237,2022-05-25,2344.65,2460.0,2469.6,2262.05,1346883.0
569237,2022-06-24,2260.65,2320.0,2344.0,2252.4,808684.0
569237,2022-08-25,2192.95,2239.8,2245.0,2188.0,362956.0
569237,2022-09-02,2072.85,2116.25,2116.85,2070.05,524466.0
569237,2022-09-12,2160.6,2166.0,2178.85,2141.15,538099.0
569237,2022-09-19,2028.15,2023.95,2040.0,1991.1,443410.0
569237,2022-09-21,2075.1,2064.95,2095.7,2050.0,363504.0
569237,2022-09-23,2019.45,2031.0,2076.9,2010.5,472795.0
569237,2022-10-11,2093.8,2137.7,2153.6,2080.0,601969.0
569237,2022-12-09,1997.3,2095.0,2098.8,1975.55,584153.0
569237,2022-12-19,1923.05,1921.0,1929.1,1896.05,323348.0
569237,2022-12-26,1916.75,1919.45,1938.0,1910.0,337990.0
569237,2023-05-11,1872.2,1884.0,1889.95,1863.05,171687.0
569237,2023-05-23,1944.25,1980.0,1995.0,1935.0,436514.0
569237,2023-06-22,1855.05,1865.65,1869.95,1850.1,517032.0
569237,2023-07-17,2123.75,2095.9,2198.0,2080.05,2680349.0
569237,2023-07-24,2272.6,2330.85,2330.85,2218.95,1341158.0
569237,2023-08-08,2340.15,2345.5,2380.0,2320.85,692715.0
569237,2023-08-22,2368.5,2339.9,2373.25,2325.5,505599.0
569237,2022-03-14,3313.15,3299.0,3359.9,3262.2,412311.0
569237,2022-02-25,3050.4,3030.0,3099.5,2990.7,289108.0
569237,2022-03-10,3201.9,3250.0,3285.0,3181.1,557311.0
569237,2022-02-28,3108.7,3008.0,3132.65,2975.0,546703.0
569237,2022-04-18,2879.9,2975.0,3005.55,2824.2,1223666.0
569237,2022-04-22,2895.85,2890.0,2940.0,2866.0,356851.0
569237,2022-05-09,2641.55,2670.0,2710.3,2616.75,436963.0
569237,2022-05-16,2477.9,2450.5,2495.95,2410.05,431644.0
569237,2022-05-31,2593.55,2582.0,2616.8,2550.0,557655.0
569237,2022-06-06,2538.1,2549.0,2552.85,2495.6,209214.0
569237,2022-06-07,2506.5,2530.0,2530.0,2476.15,185160.0
569237,2022-06-10,2507.85,2564.0,2576.75,2491.65,373302.0
569237,2022-06-21,2285.15,2200.0,2300.0,2159.25,521526.0
569237,2022-07-29,2299.8,2264.8,2319.0,2261.3,867621.0
569237,2022-08-05,2394.85,2380.0,2410.0,2365.0,451844.0
569237,2022-08-08,2391.15,2399.95,2408.2,2364.55,305148.0
569237,2022-08-16,2353.75,2413.9,2413.9,2343.5,278989.0
569237,2022-08-18,2411.2,2404.0,2419.0,2353.0,462934.0
569237,2022-10-14,2105.7,2138.0,2150.0,2097.0,578289.0
569237,2022-10-28,1947.85,1970.0,1982.0,1928.5,837372.0
569237,2022-11-07,1981.05,1975.3,1987.9,1951.45,431966.0
569237,2023-01-05,2013.4,2015.0,2018.0,1980.55,378231.0
569237,2023-01-11,2029.0,1988.75,2052.0,1975.85,678584.0
569237,2023-01-30,2116.85,2070.0,2125.0,2053.6,630496.0
569237,2023-03-13,1961.75,2047.1,2067.9,1953.0,459395.0
569237,2023-03-17,1886.4,1923.25,1932.9,1876.5,1416238.0
569237,2023-04-12,1820.6,1806.95,1825.25,1788.0,268871.0
569237,2023-05-04,1844.9,1857.0,1862.1,1838.05,209106.0
569237,2023-05-10,1865.8,1870.0,1879.4,1850.45,589666.0
569237,2023-06-01,1977.35,1955.0,2023.0,1955.0,778642.0
569237,2023-07-06,1882.75,1877.6,1891.2,1872.2,375110.0
569237,2023-08-01,2294.6,2295.0,2321.0,2275.5,777930.0
569237,2023-08-09,2363.3,2333.0,2368.7,2300.85,551091.0
569237,2022-03-08,3175.3,3165.0,3200.0,3135.0,497170.0
569237,2022-03-04,3187.15,3126.8,3218.0,3092.1,543605.0
569237,2022-04-19,2857.05,2916.9,2975.0,2827.5,667020.0
569237,2022-03-16,3098.0,3260.0,3269.65,3023.1,1328257.0
569237,2022-04-29,2843.2,2860.0,2873.0,2790.0,680768.0
569237,2022-03-28,3338.15,3289.8,3356.0,3265.2,459504.0
569237,2022-05-19,2457.65,2550.0,2600.8,2445.7,672976.0
569237,2022-04-21,2900.75,2929.0,2929.0,2861.1,438423.0
569237,2022-08-17,2404.4,2369.8,2419.0,2348.15,554084.0
569237,2022-04-28,2798.05,2808.0,2837.7,2746.05,602016.0
569237,2022-09-26,2042.8,2005.0,2064.5,1981.55,569497.0
569237,2022-05-12,2512.65,2580.5,2622.2,2505.55,314731.0
569237,2022-11-17,1972.55,2020.5,2038.05,1965.0,519462.0
569237,2022-05-18,2643.15,2600.0,2697.85,2593.3,669942.0
569237,2022-12-06,2095.6,2124.85,2128.0,2080.05,552477.0
569237,2022-05-26,2399.05,2357.0,2410.0,2319.7,479355.0
569237,2022-12-21,1959.35,1960.5,1982.0,1948.0,297312.0
569237,2022-06-17,2193.15,2270.0,2285.25,2170.3,1081819.0
569237,2023-01-24,2117.2,2065.5,2143.7,2055.25,953857.0
569237,2022-07-13,2147.05,2178.65,2192.95,2140.0,329805.0
569237,2023-04-03,1797.65,1812.0,1818.0,1769.55,314524.0
569237,2023-06-08,1863.85,1906.0,1908.75,1860.0,589171.0
569237,2022-09-30,2087.65,2052.0,2105.0,2052.0,891735.0
569237,2023-06-13,1898.25,1899.9,1914.0,1891.0,215275.0
569237,2023-07-13,1922.2,1905.0,1954.8,1901.75,795780.0
569237,2022-11-10,1928.15,1939.0,1954.8,1914.05,425487.0
569237,2023-08-03,2236.65,2210.0,2242.2,2195.25,390088.0
569237,2022-12-12,1998.9,1996.5,2020.6,1954.25,407461.0
569237,2023-08-04,2263.65,2255.0,2279.0,2244.0,233173.0
569237,2022-12-23,1919.45,1984.0,1984.0,1904.0,302970.0
569237,2023-08-11,2329.65,2350.0,2369.0,2306.0,226666.0
569237,2023-01-10,1988.75,1990.0,1995.0,1954.0,259070.0
569237,2023-08-23,2355.95,2369.0,2384.0,2350.55,54058.0
569237,2023-02-02,2095.8,2098.0,2110.0,2070.05,324450.0
569237,2023-03-20,1823.35,1853.8,1879.95,1810.05,605197.0
569237,2023-05-24,1947.8,1938.0,1954.85,1911.25,314938.0
569237,2023-06-28,1848.8,1854.0,1854.0,1834.0,487241.0
569237,2023-07-31,2294.95,2254.95,2300.0,2249.55,264781.0
569237,2022-03-03,3145.7,3169.0,3245.0,3105.1,900478.0
569237,2022-03-15,3187.2,3318.0,3339.55,3145.05,917776.0
569237,2022-03-30,3429.0,3420.0,3439.0,3368.05,339830.0
569237,2022-04-05,3318.25,3350.0,3367.95,3310.0,399785.0
569237,2022-07-01,2241.15,2279.2,2299.45,2220.1,332856.0
569237,2022-07-07,2209.85,2220.0,2255.0,2185.05,358481.0
569237,2022-07-20,2256.35,2180.0,2269.95,2165.5,817926.0
569237,2022-07-22,2276.45,2264.8,2298.0,2173.0,1217951.0
569237,2022-08-11,2424.75,2380.7,2429.85,2380.7,451705.0
569237,2022-09-22,2058.7,2051.65,2097.9,2045.05,402091.0
569237,2022-10-18,2115.0,2111.7,2132.0,2106.0,311138.0
569237,2022-11-03,1989.7,2005.0,2009.0,1981.0,466764.0
569237,2022-12-07,2070.25,2093.8,2093.8,2053.5,617199.0
569237,2022-12-15,1962.35,1988.05,1999.0,1957.55,456609.0
569237,2023-01-23,2058.8,2026.0,2064.3,1999.0,416099.0
569237,2023-02-27,2039.85,2150.0,2151.0,2021.9,1287017.0
569237,2023-04-10,1811.7,1799.95,1819.0,1786.45,235546.0
569237,2023-04-17,1736.55,1749.95,1749.95,1660.05,1218305.0
569237,2023-04-18,1783.8,1744.0,1789.0,1733.75,390524.0
569237,2023-04-24,1760.3,1765.0,1768.95,1734.1,482497.0
569237,2023-04-27,1784.05,1751.75,1806.65,1751.75,504125.0
569237,2023-04-28,1814.45,1751.0,1843.7,1751.0,1043873.0
569237,2023-05-15,1865.05,1850.05,1872.0,1842.65,208388.0
569237,2023-06-16,1860.05,1855.0,1892.0,1852.1,666741.0
569237,2023-06-20,1884.5,1873.05,1889.0,1854.3,589667.0
569237,2023-07-03,1903.35,1917.0,1926.85,1891.2,543978.0
569237,2023-07-25,2268.1,2272.6,2300.0,2252.65,465020.0
569237,2023-07-27,2280.95,2254.45,2322.0,2254.45,317414.0
569237,2022-04-12,3057.3,3109.5,3121.1,3041.0,423867.0
569237,2022-05-04,2683.8,2760.0,2764.15,2655.0,372332.0
569237,2022-05-30,2586.7,2529.8,2638.2,2526.0,582060.0
569237,2022-07-05,2169.95,2194.9,2229.95,2161.0,557928.0
569237,2022-08-02,2282.8,2305.95,2305.95,2265.3,301778.0
569237,2022-08-10,2364.4,2390.0,2391.15,2312.75,398935.0
569237,2022-08-29,2087.3,2075.0,2119.95,2062.05,582186.0
569237,2022-09-15,2096.65,2100.1,2111.35,2071.05,226664.0
569237,2022-10-04,2068.0,2040.0,2078.1,2026.3,835622.0
569237,2022-10-27,1969.95,2055.25,2055.25,1961.0,691102.0
569237,2022-11-11,2026.65,1965.1,2034.0,1962.95,1345942.0
569237,2022-11-23,1899.65,1932.0,1948.0,1898.0,586691.0
569237,2022-12-13,1988.85,2009.4,2018.95,1982.95,559205.0
569237,2022-12-20,1950.7,1923.05,1959.4,1902.0,357921.0
569237,2022-12-22,1989.15,1987.0,1994.3,1963.5,399957.0
569237,2022-12-29,1931.6,1921.9,1941.8,1915.2,556989.0
569237,2023-01-18,2047.05,2043.0,2056.7,2037.95,239104.0
569237,2023-02-03,2087.3,2112.0,2114.95,2076.7,267860.0
569237,2023-02-20,2243.1,2225.55,2255.75,2210.0,440065.0
569237,2023-04-06,1794.1,1805.65,1826.25,1766.35,248868.0
569237,2023-04-20,1758.0,1785.0,1799.0,1754.1,252068.0
569237,2023-05-08,1850.8,1839.0,1860.0,1829.3,359581.0
569237,2023-05-16,1880.15,1874.9,1899.25,1861.25,299566.0
569237,2023-06-23,1831.05,1854.8,1857.0,1826.3,347429.0
569237,2023-08-14,2367.55,2296.0,2375.7,2285.0,358483.0
569237,2023-08-17,2339.9,2310.0,2351.2,2305.6,255090.0
569237,2023-08-18,2291.05,2332.8,2332.8,2255.0,641460.0
569237,2022-04-04,3312.45,3338.0,3373.55,3297.15,349529.0
569237,2022-05-17,2574.7,2488.0,2585.0,2477.0,361504.0
569237,2022-05-20,2459.05,2505.0,2519.85,2450.3,263903.0
569237,2022-08-22,2346.3,2389.0,2389.0,2330.0,688091.0
569237,2022-09-06,2061.05,2100.0,2111.7,2055.05,590972.0
569237,2022-09-13,2152.1,2180.0,2182.0,2143.15,384532.0
569237,2022-09-20,2072.85,2035.4,2115.0,2035.4,526606.0
569237,2022-10-17,2100.95,2100.0,2112.0,2082.2,321142.0
569237,2022-11-09,1949.65,1985.9,1996.65,1941.0,464504.0
569237,2022-11-29,2003.65,2006.5,2020.0,1994.4,261501.0
569237,2023-01-13,2035.25,2025.0,2042.65,1962.1,624989.0
569237,2023-02-09,2140.15,2126.0,2144.4,2104.0,135845.0
569237,2023-02-16,2262.55,2169.5,2271.55,2165.0,1188258.0
569237,2023-03-01,2060.4,2035.0,2081.0,2028.3,258083.0
569237,2023-03-09,2104.9,2148.95,2154.95,2098.6,145057.0
569237,2023-03-16,1905.05,1899.35,1912.85,1862.95,333657.0
569237,2023-04-13,1771.05,1804.0,1809.95,1755.6,598354.0
569237,2023-05-03,1852.4,1824.0,1858.5,1806.6,414566.0
569237,2023-05-12,1852.35,1875.2,1877.95,1842.5,276950.0
569237,2023-07-26,2254.45,2275.0,2316.55,2245.4,460927.0
569237,2022-05-11,2627.45,2664.5,2671.25,2502.0,433239.0
569237,2022-07-08,2232.8,2242.6,2271.75,2208.0,368033.0
569237,2022-07-21,2259.65,2270.0,2274.0,2216.0,645966.0
569237,2022-07-27,2217.95,2186.6,2223.8,2151.0,679285.0
569237,2022-07-28,2236.2,2244.95,2257.55,2216.35,595036.0
569237,2022-08-12,2373.95,2426.2,2427.95,2362.55,485288.0
569237,2022-08-23,2264.95,2310.0,2315.4,2215.1,911999.0
569237,2022-10-20,2147.4,2100.0,2151.0,2071.55,418957.0
569237,2022-10-25,2034.4,2054.0,2055.0,2020.0,335214.0
569237,2022-11-21,1925.4,1949.05,1952.0,1922.05,428671.0
569237,2023-01-17,2041.5,2041.0,2048.35,2026.6,151554.0
569237,2023-01-19,2067.35,2035.0,2071.65,2027.85,224500.0
569237,2023-02-01,2072.15,2085.0,2100.0,2044.35,196539.0
569237,2023-02-13,2128.6,2164.15,2164.15,2099.9,243747.0
569237,2023-03-31,1795.75,1732.95,1802.45,1732.95,748058.0
569237,2023-07-21,2330.85,2115.05,2350.0,2112.1,3363261.0
569237,2023-08-16,2314.35,2367.55,2387.45,2302.3,742798.0
569237,2022-03-07,3126.4,3135.0,3189.9,3100.0,826638.0
569237,2022-03-09,3214.45,3201.15,3267.1,3190.35,612713.0
569237,2022-05-05,2693.15,2719.0,2723.95,2670.55,226449.0
569237,2022-05-10,2650.5,2640.0,2679.0,2610.8,301338.0
569237,2022-07-12,2164.95,2196.8,2234.0,2155.0,443194.0
569237,2022-08-04,2371.45,2345.0,2386.95,2308.0,1057557.0
569237,2022-08-30,2130.95,2146.0,2148.95,2090.1,549308.0
569237,2022-09-16,2016.35,2090.0,2090.5,2002.15,582948.0
569237,2022-11-18,1948.6,1978.0,1987.45,1936.0,449785.0
569237,2022-11-25,1989.55,1950.0,1999.95,1930.5,582576.0
569237,2022-11-28,2011.65,1989.75,2022.5,1974.0,353028.0
569237,2022-11-30,2017.25,2006.0,2032.5,1977.05,638173.0
569237,2022-12-01,2135.2,2047.0,2146.0,2040.0,1799183.0
569237,2022-12-14,2000.85,2008.0,2032.0,1985.0,456721.0
569237,2022-12-16,1913.15,1944.5,1978.05,1899.75,1423859.0
569237,2023-02-08,2126.8,2105.75,2149.9,2105.15,396080.0
569237,2023-02-17,2236.55,2245.0,2262.8,2212.9,523265.0
569237,2023-02-23,2183.05,2200.0,2207.45,2162.55,331969.0
569237,2023-03-15,1899.35,1910.0,1925.0,1890.0,531708.0
569237,2023-03-21,1792.3,1823.0,1828.8,1785.8,596353.0
569237,2023-03-29,1718.2,1670.0,1749.55,1670.0,3001937.0
569237,2023-04-21,1759.95,1730.05,1762.95,1725.0,410227.0
569237,2023-04-25,1759.8,1760.0,1773.9,1734.85,513355.0
569237,2023-06-21,1876.75,1880.0,1888.9,1870.0,249164.0
569237,2023-06-26,1814.0,1828.0,1839.05,1807.6,1020207.0
569237,2023-06-30,1895.05,1875.0,1922.0,1850.3,937648.0
569237,2023-07-10,1884.6,1880.0,1892.45,1850.0,434173.0
