stockid,date,close,open,high,low,volume
701197,2021-01-04,112.95,115.7,119.5,111.0,236096.0
701197,2021-01-19,121.05,110.0,126.5,110.0,1028926.0
701197,2021-02-09,112.95,115.45,116.05,112.5,88781.0
701197,2021-03-24,116.45,121.6,122.0,115.25,132172.0
701197,2021-04-16,113.65,115.9,118.6,113.0,197390.0
701197,2021-04-27,114.8,113.2,116.25,113.2,82215.0
701197,2021-06-09,142.45,140.35,146.9,139.0,515000.0
701197,2021-07-14,183.15,185.0,186.55,181.0,120423.0
701197,2021-08-16,282.7,294.9,296.0,278.7,247230.0
701197,2021-08-25,274.85,280.1,285.9,270.0,123406.0
701197,2021-04-29,114.1,115.0,115.8,113.7,69692.0
701197,2021-02-05,114.85,119.3,119.8,114.2,115023.0
701197,2021-05-03,119.4,116.9,123.3,115.5,456547.0
701197,2021-02-23,113.5,111.35,116.55,108.6,214153.0
701197,2021-08-18,291.05,283.95,294.75,281.1,262440.0
701197,2021-04-13,116.9,115.15,118.55,113.5,135316.0
701197,2021-08-31,314.4,335.0,335.25,311.6,517279.0
701197,2021-05-11,135.4,130.8,139.9,128.7,669825.0
701197,2021-09-24,306.8,312.0,315.0,304.65,176365.0
701197,2021-06-24,177.75,181.5,182.0,176.25,247927.0
701197,2021-09-29,304.35,301.45,309.85,298.0,152561.0
701197,2021-09-16,312.7,318.0,319.95,311.15,128695.0
701197,2021-01-06,122.25,127.0,127.0,119.6,539269.0
701197,2021-01-07,122.9,123.55,124.9,119.35,345516.0
701197,2021-02-15,116.05,118.7,120.3,115.5,91469.0
701197,2021-03-10,115.15,112.0,117.3,111.8,239955.0
701197,2021-04-08,122.35,126.0,128.5,121.95,268408.0
701197,2021-04-09,120.45,121.7,123.45,118.7,142414.0
701197,2021-05-05,119.2,121.05,121.35,118.0,210294.0
701197,2021-02-17,114.5,114.0,115.8,113.0,113350.0
701197,2021-05-26,146.95,145.95,151.95,142.1,1068697.0
701197,2021-03-22,120.8,123.05,124.0,118.65,280114.0
701197,2021-07-12,185.25,186.7,190.0,184.0,115276.0
701197,2021-03-30,115.9,115.25,116.5,114.0,105724.0
701197,2021-08-03,286.75,292.0,295.55,286.0,130435.0
701197,2021-05-12,132.0,136.9,136.9,131.3,270824.0
701197,2021-08-04,278.75,287.85,290.1,275.05,176185.0
701197,2021-05-27,153.1,154.75,156.8,148.0,1899407.0
701197,2021-09-02,319.6,327.45,327.45,316.95,278361.0
701197,2021-09-06,312.4,312.8,319.6,311.0,125589.0
701197,2021-06-10,148.85,142.25,152.0,142.25,684397.0
701197,2021-07-07,185.55,189.9,193.0,183.65,174053.0
701197,2021-09-07,307.2,314.45,316.4,302.15,197108.0
701197,2021-07-13,184.7,185.25,188.75,183.5,106283.0
701197,2021-09-14,308.55,311.0,313.1,307.0,125800.0
701197,2021-07-27,302.75,277.1,302.75,275.25,1000851.0
701197,2021-09-20,308.15,301.0,318.45,300.05,393287.0
701197,2021-09-17,304.55,313.1,316.0,296.15,177076.0
701197,2021-09-23,304.15,306.2,313.9,303.1,195343.0
701197,2021-01-01,115.0,115.6,117.4,114.2,160915.0
701197,2021-01-25,111.3,114.8,115.95,110.25,174952.0
701197,2021-01-27,109.45,93.0,112.25,93.0,209236.0
701197,2021-02-04,118.35,115.5,122.5,113.55,457619.0
701197,2021-02-11,116.9,116.2,119.6,115.55,196891.0
701197,2021-02-19,112.15,113.5,115.0,111.4,117025.0
701197,2021-03-02,110.7,111.3,112.15,109.5,102046.0
701197,2021-03-12,112.05,114.0,116.9,111.3,139980.0
701197,2021-03-26,113.75,115.0,116.95,112.45,117741.0
701197,2021-04-06,119.1,119.0,121.8,114.4,199924.0
701197,2021-04-15,114.9,117.5,118.0,112.6,120574.0
701197,2021-04-19,109.8,112.0,112.1,108.5,139880.0
701197,2021-04-26,114.15,115.0,117.0,113.5,121621.0
701197,2021-05-25,144.55,140.95,149.3,139.05,1186134.0
701197,2021-06-03,142.35,140.9,144.35,139.7,319710.0
701197,2021-06-08,140.35,138.6,143.0,138.6,325270.0
701197,2021-06-23,180.35,178.0,184.8,177.2,514438.0
701197,2021-06-29,189.1,175.95,194.2,173.55,1108845.0
701197,2021-06-30,189.3,191.4,199.0,187.0,560190.0
701197,2021-07-26,275.25,297.5,297.5,273.0,473037.0
701197,2021-08-06,276.0,273.2,279.9,272.15,131773.0
701197,2021-08-13,292.75,288.7,301.7,278.5,562640.0
701197,2021-08-27,315.0,313.4,325.0,308.05,1433551.0
701197,2021-10-04,304.55,303.0,312.45,302.0,208861.0
701197,2021-01-13,118.8,122.7,123.7,117.0,151174.0
701197,2021-01-14,117.05,120.3,120.75,116.5,144544.0
701197,2021-01-20,119.5,122.0,123.8,118.5,264136.0
701197,2021-02-26,109.6,108.7,112.45,108.7,80251.0
701197,2021-03-17,125.25,128.0,135.5,122.55,2046099.0
701197,2021-05-10,131.8,133.85,135.7,130.4,492730.0
701197,2021-08-05,272.15,278.8,284.9,265.0,178514.0
701197,2021-09-03,312.85,320.6,322.7,310.0,130192.0
701197,2021-02-02,113.5,113.5,116.8,113.0,149148.0
701197,2021-02-16,114.0,116.85,117.4,113.5,80955.0
701197,2021-02-24,112.65,114.0,115.4,112.0,62531.0
701197,2021-04-30,118.1,114.4,120.8,113.5,410568.0
701197,2021-05-19,129.95,129.0,132.9,129.0,164148.0
701197,2021-05-20,133.65,130.0,138.45,128.5,339969.0
701197,2021-08-02,290.1,292.0,299.0,286.0,191113.0
701197,2021-08-26,302.3,278.85,302.3,273.95,679476.0
701197,2021-09-09,316.55,324.0,326.0,315.0,129516.0
701197,2021-09-21,300.6,305.0,308.65,294.0,231433.0
701197,2021-01-05,126.9,112.95,131.2,110.1,3486611.0
701197,2021-02-03,114.4,115.9,116.2,113.05,124773.0
701197,2021-03-18,115.65,125.8,127.9,112.35,768625.0
701197,2021-04-28,114.45,115.0,116.2,114.0,81221.0
701197,2021-03-31,115.35,116.6,116.65,114.4,63793.0
701197,2021-05-28,145.55,155.5,155.5,144.75,545593.0
701197,2021-07-06,188.45,197.2,197.65,187.0,299084.0
701197,2021-06-25,173.45,178.15,180.4,171.55,157505.0
701197,2021-07-20,313.3,314.0,326.7,278.05,3655452.0
701197,2021-08-17,280.45,280.05,289.4,278.0,166184.0
701197,2021-08-10,279.5,289.05,296.95,266.75,310698.0
701197,2021-09-08,321.7,309.6,325.0,305.15,382689.0
701197,2021-08-20,276.6,282.2,287.9,263.95,294462.0
701197,2021-10-06,328.3,326.0,340.0,324.0,803960.0
701197,2021-09-27,305.55,309.0,322.8,303.95,360207.0
701197,2021-01-08,124.65,126.0,128.7,123.25,370187.0
701197,2021-01-18,109.95,114.7,114.7,107.0,163846.0
701197,2021-02-01,113.3,110.85,115.8,106.3,234415.0
701197,2021-02-08,115.4,116.0,118.5,114.5,99237.0
701197,2021-01-21,114.45,120.0,120.45,113.35,155936.0
701197,2021-03-08,112.0,115.6,116.2,110.1,153303.0
701197,2021-01-22,113.35,114.0,118.0,112.5,175805.0
701197,2021-03-15,112.7,112.85,114.55,110.0,138996.0
701197,2021-03-25,112.4,117.05,117.4,111.15,161710.0
701197,2021-03-16,124.5,112.9,126.25,112.9,2139751.0
701197,2021-04-07,125.05,119.95,128.35,119.1,356160.0
701197,2021-04-12,114.65,118.85,119.75,113.0,223255.0
701197,2021-04-23,113.8,113.0,116.0,112.15,140338.0
701197,2021-05-17,128.55,130.5,132.5,127.8,123261.0
701197,2021-06-28,175.45,174.9,179.4,170.55,173466.0
701197,2021-05-21,134.65,135.0,138.0,134.05,359908.0
701197,2021-07-01,189.05,190.8,194.6,183.3,365069.0
701197,2021-06-21,182.5,170.1,188.5,166.85,1677985.0
701197,2021-07-09,183.65,182.0,187.0,180.3,95704.0
701197,2021-06-22,176.2,184.5,189.9,175.15,861485.0
701197,2021-09-22,303.3,303.4,307.0,302.05,123896.0
701197,2021-07-16,250.45,225.0,260.8,213.2,4393620.0
701197,2021-09-28,303.45,306.3,308.15,300.1,130027.0
701197,2021-08-24,278.3,276.0,282.75,268.7,135967.0
701197,2021-08-30,333.3,325.45,346.5,322.0,1959247.0
701197,2021-09-01,325.5,316.8,335.0,313.0,474162.0
701197,2021-10-05,322.85,305.4,326.0,305.0,778148.0
701197,2021-01-11,121.15,125.6,126.55,119.0,249875.0
701197,2021-01-12,121.7,121.45,124.15,119.6,204996.0
701197,2021-01-29,112.4,117.8,121.0,110.25,210337.0
701197,2021-03-01,110.55,110.2,112.9,109.7,100506.0
701197,2021-04-20,111.35,111.75,113.5,110.65,140709.0
701197,2021-04-22,112.4,112.6,114.35,110.65,150794.0
701197,2021-05-07,132.65,139.85,139.85,130.4,770284.0
701197,2021-05-14,129.6,133.45,133.6,127.05,196900.0
701197,2021-02-12,117.7,116.9,120.9,115.8,275709.0
701197,2021-05-24,139.95,135.75,144.4,135.55,880156.0
701197,2021-06-02,139.5,136.4,141.9,136.4,220873.0
701197,2021-02-25,112.4,113.6,114.8,112.0,98165.0
701197,2021-06-11,150.95,152.5,155.45,149.3,671218.0
701197,2021-03-09,111.15,112.95,113.7,110.5,104161.0
701197,2021-09-15,316.75,311.9,329.0,311.0,419762.0
701197,2021-03-19,123.05,116.7,125.0,112.1,554101.0
701197,2021-09-30,302.7,310.0,312.0,301.1,106720.0
701197,2021-06-07,139.3,142.25,142.9,138.0,363759.0
701197,2021-06-17,156.95,146.05,159.7,144.0,1012265.0
701197,2021-06-18,175.0,162.0,184.45,158.05,5922833.0
701197,2021-07-05,196.0,195.3,199.95,195.0,424543.0
701197,2021-07-15,219.75,185.3,219.75,185.0,2591926.0
701197,2021-07-19,300.5,245.8,300.5,240.45,2738199.0
701197,2021-08-11,267.95,272.25,277.75,251.55,389980.0
701197,2021-08-12,286.3,269.7,290.0,269.65,294959.0
701197,2021-02-18,113.45,114.55,115.8,113.1,72373.0
701197,2021-03-03,118.85,111.7,120.5,111.05,535513.0
701197,2021-03-04,116.3,120.0,121.5,115.7,204726.0
701197,2021-03-23,122.4,121.4,124.7,121.1,274969.0
701197,2021-04-05,118.0,120.2,121.45,112.45,161158.0
701197,2021-05-06,138.7,119.6,140.8,118.75,2309503.0
701197,2021-05-18,129.0,129.7,133.7,128.2,204602.0
701197,2021-06-01,136.2,141.0,143.35,134.4,459013.0
701197,2021-06-04,141.3,142.9,144.5,140.0,398519.0
701197,2021-06-16,147.8,148.6,151.45,146.0,218037.0
701197,2021-07-23,296.55,319.85,322.7,294.55,700084.0
701197,2021-08-09,287.8,282.8,303.0,282.8,451341.0
701197,2021-08-23,275.85,278.0,295.0,274.0,364505.0
701197,2021-10-01,300.85,301.9,305.0,298.55,111225.0
701197,2021-01-15,113.85,117.65,118.7,113.0,133665.0
701197,2021-01-28,115.9,109.0,118.6,106.0,433718.0
701197,2021-02-10,115.75,113.0,118.0,112.8,167291.0
701197,2021-02-22,110.55,114.75,114.75,109.1,98581.0
701197,2021-03-05,114.25,116.95,120.0,113.55,257577.0
701197,2021-04-01,122.55,116.0,123.35,116.0,300901.0
701197,2021-05-04,120.1,120.4,124.7,119.2,387203.0
701197,2021-05-31,140.3,144.0,149.0,140.0,416618.0
701197,2021-06-14,146.65,152.0,152.3,143.85,321065.0
701197,2021-06-15,148.6,147.8,152.8,147.05,229678.0
701197,2021-07-02,193.35,189.9,195.95,188.0,362260.0
701197,2021-07-08,182.1,189.6,191.95,176.15,190830.0
701197,2021-07-22,317.6,319.55,330.0,311.6,1186842.0
701197,2021-07-28,296.45,303.0,312.8,292.9,686018.0
701197,2021-07-29,291.5,301.7,306.0,287.2,287608.0
701197,2021-07-30,289.85,295.2,305.0,286.05,266017.0
701197,2021-09-13,309.05,318.7,318.95,307.0,156762.0
701197,2021-10-07,322.8,332.4,337.8,319.5,329485.0
701197,2021-10-08,364.55,324.95,371.2,321.05,2546710.0
701197,2021-10-28,313.85,325.75,325.75,308.4,174753.0
701197,2021-10-14,358.85,358.8,373.0,356.0,280240.0
701197,2021-10-12,369.7,356.8,382.4,356.0,975920.0
701197,2021-10-19,331.3,350.65,365.0,300.2,605086.0
701197,2021-10-11,354.55,366.7,366.7,349.7,513065.0
701197,2021-10-13,356.55,368.0,368.5,354.0,331514.0
701197,2021-10-20,328.25,333.7,344.9,316.75,328790.0
701197,2021-11-18,320.75,331.0,334.2,313.1,188800.0
701197,2021-12-02,302.35,296.0,304.0,287.4,180502.0
701197,2021-10-21,332.1,322.25,337.9,322.25,192928.0
701197,2021-12-07,288.2,290.05,293.25,286.25,92994.0
701197,2021-12-03,300.65,303.95,307.45,298.0,100795.0
701197,2021-12-30,304.0,309.9,314.35,302.3,182338.0
701197,2021-12-06,285.8,292.5,296.75,281.0,274562.0
701197,2022-01-18,344.05,355.0,360.0,341.0,188172.0
701197,2021-12-08,295.2,288.2,300.45,288.2,98468.0
701197,2022-02-03,310.9,314.05,319.4,309.15,114114.0
701197,2021-12-10,300.8,297.0,303.9,297.0,82079.0
701197,2022-02-09,299.5,302.2,307.45,295.25,129752.0
701197,2022-02-14,278.45,292.1,294.0,275.0,193806.0
701197,2021-12-13,304.5,307.0,312.9,303.05,146100.0
701197,2022-01-10,348.6,322.3,353.0,320.8,1018240.0
701197,2022-03-09,273.2,267.0,274.0,262.2,161689.0
701197,2022-04-13,306.4,311.7,314.65,304.5,65751.0
701197,2022-03-29,309.75,307.5,312.4,304.65,115015.0
701197,2022-05-02,297.75,301.0,303.7,294.0,138304.0
701197,2022-04-28,311.6,292.1,318.6,290.0,1106705.0
701197,2022-05-12,239.8,236.05,244.0,234.75,136379.0
701197,2022-04-29,304.7,319.6,319.75,303.0,263248.0
701197,2022-06-28,294.45,291.0,296.2,285.45,55442.0
701197,2022-05-05,294.4,297.9,299.95,292.3,61626.0
701197,2022-07-05,292.0,293.0,302.1,291.0,116791.0
701197,2022-06-07,323.75,322.15,335.85,321.4,193767.0
701197,2022-06-17,278.3,281.05,286.7,275.15,89246.0
701197,2022-09-01,301.25,303.9,308.35,300.2,82549.0
701197,2022-09-02,330.95,305.25,338.65,305.2,1317940.0
701197,2022-08-12,297.0,299.5,301.0,294.4,76961.0
701197,2022-09-15,333.15,348.4,351.75,331.35,210519.0
701197,2022-09-14,345.75,340.0,348.8,340.0,210425.0
701197,2022-09-23,322.35,330.2,333.05,320.1,132224.0
701197,2022-09-20,337.95,336.25,347.75,335.3,137991.0
701197,2022-09-29,301.45,311.0,314.8,295.0,151820.0
701197,2022-09-28,307.2,308.85,312.0,301.55,82596.0
701197,2021-10-29,314.05,314.0,325.45,300.7,280777.0
701197,2022-02-11,298.05,301.0,304.1,295.55,142008.0
701197,2022-02-24,233.25,247.0,250.0,230.1,246086.0
701197,2021-12-24,290.35,287.5,299.8,282.3,241646.0
701197,2021-12-29,309.2,297.3,318.95,295.2,571468.0
701197,2022-03-02,256.65,252.05,258.85,248.6,127330.0
701197,2022-04-26,293.75,295.05,297.95,292.05,70718.0
701197,2022-04-05,327.1,333.0,335.4,325.2,197747.0
701197,2022-05-04,295.05,298.4,303.9,291.2,71870.0
701197,2022-04-27,290.9,291.95,298.0,286.1,65807.0
701197,2022-06-24,287.0,284.5,293.6,284.1,112208.0
701197,2022-05-17,296.0,248.95,296.0,248.2,594094.0
701197,2022-07-04,291.25,289.8,293.55,287.5,56520.0
701197,2022-05-19,314.1,317.3,325.9,310.85,701238.0
701197,2022-05-26,292.1,288.0,307.5,279.4,179783.0
701197,2022-07-27,295.5,298.0,302.7,291.0,70365.0
701197,2022-06-23,281.4,282.95,286.8,273.1,112650.0
701197,2022-08-26,300.9,302.9,305.15,299.9,64553.0
701197,2022-07-07,297.05,295.0,301.5,294.2,91212.0
701197,2022-08-22,296.55,301.25,302.5,295.5,61219.0
701197,2022-10-20,304.4,305.15,308.95,303.0,50551.0
701197,2021-11-16,325.6,326.6,336.5,324.0,134626.0
701197,2021-11-23,312.05,300.75,314.9,294.45,195079.0
701197,2021-12-21,268.0,275.0,283.65,261.65,286095.0
701197,2022-01-20,339.25,350.0,363.45,328.4,763728.0
701197,2022-01-25,310.3,290.0,314.1,288.25,183468.0
701197,2022-01-31,302.4,307.2,310.0,301.3,109938.0
701197,2022-02-28,252.05,250.0,254.7,243.15,236548.0
701197,2022-03-07,247.1,246.1,252.5,244.5,78915.0
701197,2022-03-11,274.05,270.0,276.8,269.1,70332.0
701197,2022-03-28,308.05,312.6,313.3,305.0,149941.0
701197,2022-04-06,329.3,326.5,338.0,325.0,156976.0
701197,2022-04-08,316.1,313.4,320.25,312.25,130400.0
701197,2022-04-25,292.75,301.25,304.4,292.0,111842.0
701197,2022-06-14,297.55,293.0,300.75,291.5,105395.0
701197,2022-08-11,298.75,296.0,304.75,294.0,131507.0
701197,2022-08-16,300.2,297.95,301.95,295.5,66100.0
701197,2022-09-06,326.6,339.8,340.8,324.6,202942.0
701197,2022-09-09,340.6,348.85,352.7,338.0,228988.0
701197,2022-09-12,355.2,342.95,363.8,342.15,648319.0
701197,2022-10-04,306.1,307.0,309.4,304.25,73012.0
701197,2021-10-27,325.75,324.9,335.0,309.0,731701.0
701197,2021-11-25,317.45,314.15,321.95,314.15,103773.0
701197,2022-01-13,349.6,347.35,355.0,346.35,217244.0
701197,2022-02-10,303.7,301.8,306.0,298.3,105618.0
701197,2022-02-25,249.55,245.0,251.15,243.2,150387.0
701197,2022-03-04,251.35,260.65,264.95,250.25,120273.0
701197,2022-03-15,273.65,277.7,283.6,269.9,125837.0
701197,2022-03-25,310.45,306.0,314.5,303.7,393150.0
701197,2022-05-13,238.9,248.0,249.95,235.0,132838.0
701197,2022-06-06,326.3,331.9,333.85,321.0,170573.0
701197,2022-08-10,291.35,298.1,298.1,290.0,54826.0
701197,2022-09-05,338.15,335.0,350.0,332.3,717870.0
701197,2022-09-21,334.15,338.9,342.0,330.55,105923.0
701197,2022-10-14,302.8,313.75,315.65,301.25,77916.0
701197,2021-10-22,316.15,334.0,340.3,309.65,299394.0
701197,2021-11-26,303.65,310.0,315.8,302.5,157107.0
701197,2021-10-26,321.9,305.0,324.7,302.0,230713.0
701197,2021-11-01,321.2,314.0,325.0,314.0,129581.0
701197,2021-11-10,338.8,336.5,347.85,333.0,157021.0
701197,2021-11-22,300.75,321.05,321.05,293.8,284666.0
701197,2021-12-20,272.7,284.8,287.95,270.0,156485.0
701197,2021-12-28,295.0,298.5,302.1,292.8,148181.0
701197,2022-01-14,357.4,357.6,366.95,352.0,419640.0
701197,2022-01-17,355.35,355.05,363.95,353.0,209795.0
701197,2022-02-21,279.7,290.0,290.0,277.2,148082.0
701197,2022-04-01,313.9,302.0,315.2,301.0,193676.0
701197,2022-07-01,287.45,281.5,289.95,278.9,60129.0
701197,2022-07-11,294.25,299.0,299.0,292.4,99261.0
701197,2022-07-18,298.0,293.7,300.85,292.5,85201.0
701197,2022-07-25,309.05,309.5,312.7,305.1,68978.0
701197,2022-07-28,299.6,299.7,302.65,296.6,85295.0
701197,2022-09-07,326.95,325.5,333.0,323.8,119741.0
701197,2021-10-18,348.15,361.9,364.1,347.5,223807.0
701197,2021-11-30,289.2,285.0,299.5,285.0,228940.0
701197,2021-12-14,305.45,303.75,307.95,300.1,136182.0
701197,2022-01-24,301.15,321.55,324.15,298.05,265652.0
701197,2022-02-16,293.8,287.2,299.7,286.95,160942.0
701197,2022-02-23,255.6,259.0,277.5,254.0,337336.0
701197,2022-04-22,303.95,296.1,307.5,294.6,116054.0
701197,2022-06-02,322.55,312.05,331.5,312.05,487464.0
701197,2022-06-21,283.85,264.05,294.5,264.05,150112.0
701197,2022-06-30,285.8,294.1,302.95,284.1,100135.0
701197,2022-07-14,288.55,293.95,295.15,286.55,35887.0
701197,2022-07-20,305.7,305.45,314.9,304.05,156400.0
701197,2022-08-03,303.9,309.8,311.6,303.05,64027.0
701197,2022-08-19,301.25,305.45,306.55,300.0,75195.0
701197,2022-08-24,303.15,303.5,307.4,301.1,63644.0
701197,2022-08-25,301.15,305.9,305.9,300.0,54960.0
701197,2022-10-10,322.95,325.1,326.75,320.65,82525.0
701197,2022-10-12,305.85,312.55,314.6,300.5,117864.0
701197,2021-12-31,306.0,305.1,312.8,304.25,134859.0
701197,2021-12-01,293.5,281.8,296.25,281.8,177657.0
701197,2021-10-25,305.45,320.3,320.3,305.0,212009.0
701197,2021-11-11,333.45,338.6,341.2,332.0,61478.0
701197,2021-12-16,300.35,305.2,308.5,299.05,92733.0
701197,2022-01-21,318.45,340.0,349.8,313.4,457673.0
701197,2022-02-04,305.15,312.0,314.4,302.55,104634.0
701197,2022-03-22,279.9,283.3,287.9,278.0,137822.0
701197,2022-05-11,241.15,256.2,261.2,233.95,191899.0
701197,2022-10-11,312.55,325.35,327.95,308.6,110168.0
701197,2022-10-17,310.4,301.6,318.9,301.6,144056.0
701197,2022-10-19,308.25,309.35,313.4,306.05,42776.0
701197,2022-01-19,352.3,344.1,357.0,341.05,228515.0
701197,2022-01-27,299.55,306.0,310.85,297.3,186828.0
701197,2022-02-07,304.9,305.4,308.5,303.25,137288.0
701197,2022-02-01,306.3,305.4,312.95,299.75,190789.0
701197,2022-03-14,277.7,275.8,279.0,274.1,105124.0
701197,2022-02-08,300.85,307.0,308.5,297.7,119230.0
701197,2022-03-17,276.75,278.6,280.3,275.0,80788.0
701197,2022-03-03,260.4,260.0,262.95,258.75,69763.0
701197,2022-03-24,302.1,281.0,309.8,280.55,872171.0
701197,2022-03-16,274.65,276.5,279.35,272.95,94257.0
701197,2022-04-11,313.9,316.2,321.85,311.05,119623.0
701197,2022-05-10,259.3,270.05,276.8,254.0,85939.0
701197,2022-05-16,246.7,240.05,254.0,238.0,141936.0
701197,2022-05-30,325.5,307.0,334.7,302.2,767026.0
701197,2022-06-03,331.95,325.9,351.0,325.0,1240238.0
701197,2022-05-31,314.3,323.8,327.0,312.0,188227.0
701197,2022-06-27,290.25,291.9,296.5,288.5,88273.0
701197,2022-06-01,312.8,312.0,322.8,308.0,189714.0
701197,2022-07-08,296.45,299.7,302.75,295.0,87373.0
701197,2022-06-22,279.35,285.95,286.65,276.5,121647.0
701197,2022-07-22,309.75,305.95,315.0,305.1,143818.0
701197,2022-06-29,292.1,290.0,295.0,288.0,61575.0
701197,2022-07-26,297.45,311.0,311.5,295.0,109461.0
701197,2022-08-02,310.1,314.0,318.9,306.25,144545.0
701197,2022-08-17,304.15,300.0,309.95,299.95,180671.0
701197,2022-09-13,351.95,357.95,359.0,346.6,208811.0
701197,2021-11-02,334.65,325.8,340.95,321.85,357790.0
701197,2021-11-03,322.95,337.0,337.35,321.35,125770.0
701197,2021-12-22,281.8,267.65,284.5,266.95,155697.0
701197,2022-01-03,308.15,307.35,314.45,306.3,183830.0
701197,2022-01-06,312.15,303.05,314.95,303.0,253330.0
701197,2022-02-15,284.45,275.0,287.8,272.0,164659.0
701197,2022-05-09,270.0,287.0,287.0,268.15,138636.0
701197,2022-05-24,302.3,309.7,311.7,302.0,78927.0
701197,2022-06-09,325.65,326.95,334.0,324.1,122513.0
701197,2022-06-10,304.8,323.85,323.85,301.0,230122.0
701197,2022-08-05,295.85,302.95,302.95,294.35,73278.0
701197,2022-10-18,307.15,311.25,314.7,305.0,52550.0
701197,2021-11-29,283.15,290.2,298.75,279.25,248877.0
701197,2021-11-04,327.1,324.6,329.55,324.0,27332.0
701197,2021-12-09,300.25,297.85,304.9,296.5,152817.0
701197,2022-01-12,345.7,357.6,361.9,342.5,317122.0
701197,2022-02-17,288.5,292.4,297.8,286.45,99385.0
701197,2022-02-18,290.1,284.3,294.7,283.65,76553.0
701197,2022-03-10,269.3,279.75,285.0,268.4,144806.0
701197,2022-03-21,282.25,282.0,289.9,277.0,155989.0
701197,2021-11-08,332.0,329.1,337.5,323.0,167223.0
701197,2022-03-30,299.0,312.0,317.8,293.05,169847.0
701197,2021-11-15,327.5,338.8,338.8,325.1,163016.0
701197,2022-04-07,310.25,329.3,333.5,287.6,158893.0
701197,2021-11-17,328.1,326.0,338.0,326.0,134899.0
701197,2022-04-19,297.2,304.2,310.0,295.8,87545.0
701197,2021-12-15,303.4,308.0,314.4,302.0,251986.0
701197,2022-05-18,336.7,300.0,347.5,299.85,2741426.0
701197,2021-12-17,290.45,302.6,303.2,288.05,119159.0
701197,2022-05-23,305.9,319.1,321.0,300.0,140009.0
701197,2022-01-05,309.6,305.7,316.95,303.85,256849.0
701197,2022-07-12,293.45,294.5,298.85,292.0,62300.0
701197,2022-01-07,319.9,310.25,329.0,310.25,494775.0
701197,2022-08-23,303.8,291.0,308.9,291.0,207008.0
701197,2022-02-02,314.05,309.0,321.0,307.65,255862.0
701197,2022-09-30,311.65,301.4,316.0,299.4,172413.0
701197,2022-02-22,258.55,251.1,271.0,251.1,246914.0
701197,2022-10-07,329.15,319.0,331.05,319.0,307472.0
701197,2022-04-04,332.45,316.25,337.8,313.0,552417.0
701197,2022-04-21,298.15,303.45,306.0,296.35,95894.0
701197,2022-05-06,289.45,288.65,292.6,284.5,72598.0
701197,2022-05-20,317.95,317.1,326.4,312.5,253237.0
701197,2022-05-25,287.95,304.95,305.95,285.0,83676.0
701197,2022-06-08,326.2,326.95,334.2,322.65,155760.0
701197,2022-06-15,291.65,299.0,303.35,288.75,91349.0
701197,2022-06-20,261.05,280.95,283.85,256.9,171904.0
701197,2022-07-15,289.05,290.0,290.85,284.8,43511.0
701197,2022-08-01,314.6,311.95,318.9,308.0,267329.0
701197,2022-09-16,329.4,334.8,337.7,318.45,193809.0
701197,2022-09-27,306.55,307.2,313.9,303.0,69556.0
701197,2022-01-28,303.8,303.95,311.9,300.0,123252.0
701197,2022-03-23,281.6,281.55,286.75,280.15,150819.0
701197,2022-04-18,304.05,303.05,309.45,296.85,118509.0
701197,2022-04-20,301.05,297.2,305.9,297.0,89527.0
701197,2022-05-27,304.1,295.8,309.5,295.4,160186.0
701197,2022-06-13,293.25,297.05,299.7,284.95,215927.0
701197,2022-07-06,293.25,293.95,295.4,290.05,46144.0
701197,2022-07-29,304.95,302.05,310.0,301.05,301848.0
701197,2022-08-30,305.15,303.5,308.0,302.1,113598.0
701197,2022-09-19,335.9,326.4,337.0,325.8,168529.0
701197,2022-10-03,301.8,309.25,314.95,300.1,89253.0
701197,2021-11-09,338.35,333.8,348.5,331.0,382658.0
701197,2021-11-12,337.15,334.0,343.5,334.0,111266.0
701197,2021-11-24,314.65,316.8,323.5,313.0,176106.0
701197,2021-12-23,286.05,282.0,292.0,282.0,144953.0
701197,2021-12-27,296.35,286.0,298.0,283.55,239447.0
701197,2022-01-04,307.6,309.5,312.7,302.5,188538.0
701197,2022-01-11,356.95,351.85,366.4,342.1,1003644.0
701197,2022-03-08,261.1,252.0,264.0,250.0,127038.0
701197,2022-03-31,299.6,301.6,306.35,297.05,136901.0
701197,2022-04-12,309.35,314.8,316.25,304.2,122930.0
701197,2022-06-16,284.3,295.9,300.95,282.0,132263.0
701197,2022-07-13,292.6,296.7,296.95,291.0,45516.0
701197,2022-07-19,302.5,299.8,311.8,295.8,176137.0
701197,2022-07-21,304.45,306.0,309.0,302.0,52597.0
701197,2022-08-04,300.0,309.0,311.8,298.0,111626.0
701197,2022-08-08,293.7,294.0,297.7,292.0,58419.0
701197,2022-08-18,305.45,304.15,310.5,301.0,249012.0
701197,2022-08-29,300.95,290.0,308.0,290.0,240147.0
701197,2022-09-08,345.55,329.7,354.95,329.7,807951.0
701197,2022-09-22,328.9,334.8,337.5,328.0,63900.0
701197,2022-09-26,304.9,317.0,320.05,301.1,161243.0
701197,2022-10-06,314.3,308.35,321.5,308.3,114217.0
701197,2022-10-13,307.6,307.45,311.05,305.4,54368.0
701197,2022-11-14,319.55,316.5,326.75,315.3,184797.0
701197,2022-10-25,306.55,307.95,309.05,304.7,28288.0
701197,2022-10-31,302.8,301.8,307.95,300.0,69381.0
701197,2022-11-18,309.25,310.1,312.85,307.0,32339.0
701197,2022-11-07,313.65,319.25,322.95,310.05,70080.0
701197,2022-11-15,315.9,317.25,321.15,314.95,58863.0
701197,2022-12-27,286.95,280.1,289.0,280.1,50662.0
701197,2023-02-17,310.0,315.0,317.0,307.7,173275.0
701197,2023-03-14,304.0,293.9,305.1,291.6,165326.0
701197,2023-03-24,286.1,292.2,296.45,283.4,61880.0
701197,2023-05-05,441.1,410.15,472.9,405.6,7329111.0
701197,2023-06-16,562.95,563.1,578.4,560.4,449320.0
701197,2022-10-28,306.7,309.5,314.7,305.3,81882.0
701197,2022-11-25,306.8,307.0,310.0,304.9,45583.0
701197,2023-01-05,282.7,285.0,288.0,280.0,52646.0
701197,2023-02-24,323.6,327.0,332.0,320.5,179398.0
701197,2023-03-06,305.9,305.6,314.0,304.8,97007.0
701197,2023-05-18,470.45,470.5,475.45,464.55,255204.0
701197,2023-07-14,665.9,650.7,678.7,647.05,1049448.0
701197,2023-07-17,539.15,667.9,677.0,532.75,1722412.0
701197,2022-12-01,308.75,310.0,317.5,308.05,154872.0
701197,2022-12-07,305.1,308.0,309.95,304.0,37399.0
701197,2022-12-15,308.05,299.1,310.9,298.05,222696.0
701197,2023-02-02,303.5,296.0,309.45,296.0,136233.0
701197,2023-02-14,301.65,303.1,304.45,300.1,61581.0
701197,2023-02-16,317.85,319.65,328.7,311.1,578300.0
701197,2023-02-21,318.7,316.1,336.85,315.15,1135338.0
701197,2023-03-02,310.65,303.0,313.2,300.35,218668.0
701197,2023-03-29,281.95,281.6,284.4,277.3,55213.0
701197,2023-04-11,294.35,296.9,300.0,291.65,63290.0
701197,2023-04-13,301.45,300.5,304.0,298.5,74354.0
701197,2023-05-08,434.5,445.1,464.9,427.15,1894144.0
701197,2023-05-24,452.45,469.75,469.75,449.7,344281.0
701197,2023-06-28,563.85,539.0,575.0,536.0,992231.0
701197,2023-07-04,560.25,563.6,573.95,554.0,289328.0
701197,2022-12-08,304.15,303.55,307.75,303.4,32453.0
701197,2022-12-16,303.7,310.9,310.9,302.25,86433.0
701197,2023-01-13,282.1,284.7,287.0,279.05,36729.0
701197,2023-01-18,276.5,278.45,278.9,274.5,34542.0
701197,2023-02-01,296.1,300.0,305.95,292.95,201460.0
701197,2023-02-06,298.15,295.05,302.1,295.05,50552.0
701197,2023-02-07,296.4,299.0,300.3,295.5,43169.0
701197,2023-03-03,303.7,310.9,313.7,302.65,99690.0
701197,2023-03-10,301.9,303.8,306.75,297.85,90576.0
701197,2023-03-21,289.05,292.35,294.35,286.8,37192.0
701197,2023-04-26,301.2,299.5,303.45,298.45,85455.0
701197,2023-05-03,414.15,413.0,431.8,394.8,5189650.0
701197,2023-06-05,552.5,528.9,577.05,528.0,1603433.0
701197,2023-07-12,609.05,611.9,619.95,603.0,344296.0
701197,2023-07-26,548.65,557.35,563.2,546.0,99793.0
701197,2022-10-24,307.3,307.1,309.9,305.0,12566.0
701197,2022-12-29,279.3,278.0,280.45,276.05,31839.0
701197,2023-01-12,280.8,280.05,284.95,278.1,28271.0
701197,2023-01-17,277.05,275.0,278.4,273.8,37185.0
701197,2023-02-10,301.55,306.4,308.5,298.2,95553.0
701197,2023-02-22,317.75,320.25,325.1,315.55,189298.0
701197,2023-03-15,300.45,308.75,308.75,298.45,69302.0
701197,2023-03-20,290.5,294.2,294.9,288.2,45687.0
701197,2023-03-22,295.75,290.75,299.5,288.55,67353.0
701197,2023-06-09,542.25,547.4,554.1,535.25,505017.0
701197,2023-06-13,588.65,584.35,595.6,571.6,1073075.0
701197,2023-07-06,593.0,578.0,617.65,575.8,1399295.0
701197,2023-07-18,602.65,549.7,617.05,546.3,3103518.0
701197,2023-07-24,545.25,555.0,561.9,539.3,239518.0
701197,2022-11-04,318.6,321.2,324.4,314.05,73485.0
701197,2022-11-22,305.45,306.8,311.95,303.1,57172.0
701197,2022-11-03,319.0,311.35,329.95,308.8,225363.0
701197,2022-11-09,313.1,314.0,324.5,308.0,121582.0
701197,2022-11-21,306.15,306.25,310.4,302.0,71275.0
701197,2022-12-02,308.45,310.0,311.4,306.1,37850.0
701197,2022-12-09,301.35,305.1,307.3,301.0,66333.0
701197,2023-02-08,304.4,297.05,305.95,296.1,107926.0
701197,2023-05-16,466.1,472.0,483.8,463.65,399084.0
701197,2023-05-19,492.15,471.55,511.0,467.0,2099632.0
701197,2023-05-22,476.4,495.05,499.45,473.0,457799.0
701197,2023-05-31,470.55,449.45,473.4,447.0,660621.0
701197,2023-06-02,524.6,529.15,537.7,509.15,1218688.0
701197,2023-06-07,555.75,553.3,573.5,546.1,655502.0
701197,2022-12-23,258.9,276.1,279.25,256.0,157198.0
701197,2022-11-17,310.9,314.5,314.5,309.15,49930.0
701197,2022-12-22,281.6,299.05,302.05,274.5,216652.0
701197,2023-03-08,304.4,304.85,307.75,301.85,55836.0
701197,2023-03-23,293.25,295.0,297.0,292.0,35028.0
701197,2023-04-12,299.5,296.6,301.9,294.15,70964.0
701197,2023-05-11,462.4,464.1,472.4,458.1,551572.0
701197,2023-05-23,469.7,476.0,480.35,460.9,511367.0
701197,2023-06-27,536.4,550.0,553.95,533.75,288442.0
701197,2023-07-20,564.65,588.0,589.9,561.1,407858.0
701197,2023-07-27,549.95,554.8,559.95,548.0,66778.0
701197,2023-01-06,280.15,283.0,291.1,278.35,101616.0
701197,2023-01-24,303.7,313.0,315.0,300.65,175789.0
701197,2023-02-09,305.3,304.65,309.4,300.25,89338.0
701197,2023-02-27,298.2,321.4,321.5,295.2,356780.0
701197,2023-04-03,289.2,289.2,291.25,286.0,40255.0
701197,2022-12-30,277.05,282.0,288.2,275.3,77421.0
701197,2023-01-02,279.75,281.8,287.9,275.85,147089.0
701197,2023-01-16,273.6,283.8,283.8,269.75,115532.0
701197,2023-03-17,293.2,296.35,297.05,291.85,56402.0
701197,2023-03-28,276.15,282.1,284.95,273.0,72438.0
701197,2023-04-25,298.2,296.2,303.85,294.55,81392.0
701197,2023-05-15,476.6,472.0,482.0,468.5,431248.0
701197,2023-06-01,517.6,477.8,517.6,475.0,1681231.0
701197,2023-06-15,557.65,580.45,581.1,555.05,609523.0
701197,2023-06-22,551.65,566.95,567.4,545.0,296617.0
701197,2023-01-04,286.9,282.0,293.15,279.5,144161.0
701197,2022-10-27,306.4,309.9,309.9,304.15,30232.0
701197,2022-11-01,311.0,305.05,312.75,302.05,84911.0
701197,2022-10-21,304.35,307.45,308.95,300.05,49786.0
701197,2022-11-02,311.85,313.0,319.5,310.0,138058.0
701197,2022-11-28,310.3,306.0,315.0,306.0,53495.0
701197,2022-12-14,299.1,303.95,303.95,298.1,42993.0
701197,2023-01-03,283.45,283.6,286.9,281.8,61330.0
701197,2023-01-11,280.0,280.9,284.2,278.8,25196.0
701197,2023-04-06,290.7,290.0,292.0,287.55,42526.0
701197,2023-04-20,294.55,298.0,298.0,292.8,34947.0
701197,2023-04-21,293.65,295.1,295.95,292.35,37591.0
701197,2023-05-17,463.0,468.0,473.4,447.0,533469.0
701197,2023-06-20,574.15,554.7,578.8,547.05,553855.0
701197,2023-07-28,541.3,551.9,558.95,539.0,115804.0
701197,2022-11-11,315.6,315.9,322.0,312.3,127126.0
701197,2022-11-10,307.25,313.5,314.35,306.15,56093.0
701197,2022-12-05,311.1,311.9,313.8,309.65,50627.0
701197,2022-12-26,277.3,265.8,282.45,261.55,106307.0
701197,2022-12-28,278.2,287.0,287.0,276.25,65604.0
701197,2023-01-31,297.75,298.0,300.9,293.65,79308.0
701197,2023-02-28,298.9,298.2,305.35,295.6,149706.0
701197,2023-04-18,296.75,296.75,298.0,293.85,40410.0
701197,2023-05-25,452.9,453.95,467.55,448.05,449463.0
701197,2023-06-06,546.65,557.9,559.8,533.8,603111.0
701197,2022-12-20,304.75,305.7,312.0,302.3,111945.0
701197,2023-04-17,294.35,300.0,300.0,292.95,55861.0
701197,2023-05-30,447.9,454.45,455.6,446.0,123690.0
701197,2023-07-05,576.9,562.0,589.0,560.0,667926.0
701197,2023-07-31,558.15,548.0,562.0,540.0,198798.0
701197,2023-01-10,280.9,282.35,283.8,278.65,27947.0
701197,2023-01-20,299.3,306.8,309.9,298.0,411789.0
701197,2023-01-23,312.4,302.6,321.4,298.0,678983.0
701197,2023-01-30,296.55,292.65,302.0,291.25,170810.0
701197,2023-02-03,299.1,304.55,310.0,294.05,125861.0
701197,2023-02-13,303.5,302.7,307.9,301.1,103432.0
701197,2023-02-20,314.9,310.95,318.0,307.0,151788.0
701197,2023-02-23,325.9,318.05,328.5,315.55,249248.0
701197,2023-03-09,304.65,304.5,308.85,303.75,47726.0
701197,2023-04-24,296.2,293.65,297.45,292.25,72539.0
701197,2023-04-27,315.2,302.1,321.1,301.7,534683.0
701197,2023-04-28,346.25,315.6,359.9,313.7,1426781.0
701197,2023-05-29,453.55,447.0,465.5,446.15,407556.0
701197,2023-06-19,554.65,566.0,566.9,551.4,222103.0
701197,2023-06-30,558.2,564.9,567.0,552.25,208900.0
701197,2023-07-03,561.1,556.4,571.6,555.1,252729.0
701197,2023-07-19,586.2,608.95,616.0,567.3,932816.0
701197,2023-07-21,557.25,565.0,569.0,555.0,233138.0
701197,2023-07-25,556.3,545.25,567.6,543.0,230925.0
701197,2022-11-16,314.7,315.85,319.65,308.5,125092.0
701197,2022-12-12,299.65,301.4,303.9,296.65,47502.0
701197,2022-12-19,303.4,303.3,305.7,302.1,45895.0
701197,2023-01-25,304.5,304.65,307.5,302.05,108790.0
701197,2023-02-15,317.0,306.0,320.4,302.0,599394.0
701197,2023-03-01,302.55,299.7,305.0,299.7,99223.0
701197,2023-03-31,284.2,286.2,289.5,283.0,54560.0
701197,2023-05-09,462.55,440.0,467.8,430.2,1460391.0
701197,2023-05-10,464.1,467.0,478.55,451.05,1656153.0
701197,2023-06-26,547.35,549.8,554.5,542.6,120695.0
701197,2022-12-06,308.65,311.1,312.85,306.05,33984.0
701197,2022-12-21,297.35,307.0,309.05,295.1,63531.0
701197,2023-03-27,280.95,285.05,289.55,280.0,73832.0
701197,2023-04-05,289.25,291.95,292.45,288.0,41880.0
701197,2023-05-02,413.45,365.0,415.5,365.0,6479026.0
701197,2023-05-04,410.15,412.0,422.0,397.0,1108970.0
701197,2023-05-12,474.0,460.0,483.0,457.6,1018012.0
701197,2023-06-08,545.8,556.95,560.95,539.45,443755.0
701197,2023-06-12,582.15,542.8,609.5,542.8,3528430.0
701197,2023-06-14,578.8,591.7,593.35,574.05,338832.0
701197,2023-06-21,566.95,576.85,584.1,563.0,294068.0
701197,2023-06-23,549.05,551.95,554.05,538.05,424109.0
701197,2023-07-07,617.7,595.0,633.5,592.55,1583092.0
701197,2023-07-10,594.65,620.85,620.9,588.1,608088.0
701197,2023-07-11,610.05,596.3,616.6,591.3,487594.0
701197,2022-11-23,306.6,308.0,309.1,304.3,43981.0
701197,2022-11-24,305.7,308.0,309.5,303.8,46020.0
701197,2022-11-29,302.35,311.0,314.95,299.95,149384.0
701197,2022-11-30,305.4,304.6,306.9,302.65,47057.0
701197,2022-12-13,300.1,300.5,303.4,298.3,37171.0
701197,2023-01-09,281.6,281.95,284.6,280.5,31588.0
701197,2023-01-19,306.8,276.0,314.8,273.65,1855010.0
701197,2023-01-27,292.65,305.9,310.0,288.15,163222.0
701197,2023-03-13,290.95,299.95,303.9,288.1,107389.0
701197,2023-03-16,292.25,304.4,304.4,290.4,203212.0
701197,2023-04-10,296.9,297.0,304.9,294.05,133602.0
701197,2023-04-19,296.55,297.2,299.7,294.0,42291.0
701197,2023-05-26,443.9,455.0,457.4,442.1,305250.0
701197,2023-07-13,646.8,611.9,663.5,611.35,1945242.0
701197,2023-08-04,540.2,543.7,553.95,536.6,94961.0
701197,2023-08-14,520.2,507.0,528.0,485.45,212662.0
701197,2023-08-07,547.05,541.15,554.0,540.2,81869.0
701197,2023-08-08,540.55,550.85,564.75,536.05,175436.0
701197,2023-08-22,555.75,551.0,559.95,550.0,129508.0
701197,2023-08-02,538.05,561.0,561.0,508.65,194799.0
701197,2023-08-10,504.7,545.05,555.0,477.75,352975.0
701197,2023-08-03,543.65,534.0,547.65,533.0,67580.0
701197,2023-08-17,552.95,555.75,556.85,543.65,132782.0
701197,2023-08-23,559.3,556.25,562.8,555.8,22370.0
701197,2023-08-21,550.2,549.0,560.0,531.55,167476.0
701197,2023-08-01,554.25,564.95,566.3,548.05,99447.0
701197,2023-08-09,541.55,544.0,547.7,540.0,75700.0
701197,2023-08-18,545.6,553.95,555.6,537.0,97966.0
701197,2023-08-11,507.05,517.6,532.85,502.2,237688.0
701197,2023-08-16,550.25,521.0,554.0,512.3,339176.0
