stockid,date,close,open,high,low,volume
884883,2021-01-15,144.9,141.5,147.0,139.65,1376946.0
884883,2021-01-28,144.45,143.45,146.5,142.0,296922.0
884883,2021-02-15,126.3,130.2,132.4,125.55,254028.0
884883,2021-02-17,133.1,128.25,134.9,128.1,436916.0
884883,2021-02-19,134.05,134.4,138.0,132.75,356009.0
884883,2021-02-23,125.4,127.1,130.0,123.3,184512.0
884883,2021-03-02,134.55,132.9,136.7,128.0,443107.0
884883,2021-02-02,141.05,144.5,145.15,139.85,238573.0
884883,2021-02-09,132.25,137.0,137.95,129.5,323158.0
884883,2021-02-10,131.2,132.4,134.25,129.5,204237.0
884883,2021-01-01,121.05,118.0,122.5,118.0,234542.0
884883,2021-01-12,137.9,134.3,141.2,134.25,375200.0
884883,2021-01-19,141.35,140.2,143.8,140.15,329803.0
884883,2021-01-29,142.0,145.1,145.9,138.1,276907.0
884883,2021-02-11,131.8,131.6,132.95,126.4,191913.0
884883,2021-01-06,138.35,132.5,140.05,131.7,1550048.0
884883,2021-01-05,132.75,126.95,134.8,125.0,1479109.0
884883,2021-01-18,137.85,146.05,146.75,132.0,668554.0
884883,2021-02-01,141.55,142.95,144.45,137.65,326434.0
884883,2021-02-04,137.7,139.65,141.5,137.05,210523.0
884883,2021-02-25,125.45,126.4,128.4,124.8,211881.0
884883,2021-03-03,139.45,135.3,141.9,133.2,1184760.0
884883,2021-03-09,138.0,141.65,145.0,136.8,332552.0
884883,2021-01-13,133.7,138.9,139.0,129.5,347317.0
884883,2021-01-25,138.45,137.05,151.0,128.25,2747460.0
884883,2021-02-26,124.85,125.4,128.9,123.45,465285.0
884883,2021-01-04,127.25,124.05,129.6,122.0,753735.0
884883,2021-01-11,134.3,138.0,139.5,133.0,255800.0
884883,2021-02-12,130.2,132.4,133.9,129.8,127755.0
884883,2021-01-20,141.1,141.35,143.85,140.5,215715.0
884883,2021-03-01,131.85,126.7,134.7,125.3,555761.0
884883,2021-02-22,128.25,135.0,135.7,127.5,231076.0
884883,2021-02-24,126.05,125.0,129.0,115.0,146134.0
884883,2021-03-10,135.6,140.4,141.4,135.0,229336.0
884883,2021-01-14,140.7,134.4,143.0,133.9,837264.0
884883,2021-01-22,133.1,145.45,149.0,131.5,1371639.0
884883,2021-01-27,144.85,142.0,149.0,138.0,1196942.0
884883,2021-02-16,127.6,126.3,129.8,126.3,168593.0
884883,2021-01-07,139.9,142.5,144.0,139.1,578105.0
884883,2021-01-08,136.05,142.0,142.0,134.8,362098.0
884883,2021-02-18,134.75,133.4,138.0,132.6,710809.0
884883,2021-02-03,139.65,144.0,144.0,138.8,221451.0
884883,2021-02-08,136.55,136.1,137.6,134.0,213387.0
884883,2021-03-04,146.4,144.0,155.0,143.0,4791413.0
884883,2021-03-05,143.7,148.8,152.8,138.1,1286865.0
884883,2021-02-05,133.75,138.6,139.1,130.0,299219.0
884883,2021-03-08,141.55,144.85,146.75,139.2,466353.0
884883,2021-01-21,143.85,142.1,147.65,141.2,732165.0
884883,2021-04-20,127.6,128.0,137.0,126.6,203257.0
884883,2021-05-04,158.4,172.95,173.55,157.0,1915391.0
884883,2021-05-19,179.6,178.0,184.0,177.05,1214250.0
884883,2021-05-28,165.9,172.95,175.15,165.1,832518.0
884883,2021-06-17,167.7,166.5,170.1,164.7,349669.0
884883,2021-06-23,169.7,167.0,172.4,165.45,578111.0
884883,2021-07-02,179.55,183.2,184.8,179.0,764258.0
884883,2021-07-26,187.35,185.5,193.0,185.4,893549.0
884883,2021-08-09,190.25,193.85,195.5,189.3,399501.0
884883,2021-09-06,173.6,181.95,182.95,172.0,514022.0
884883,2021-09-15,177.2,179.6,179.6,176.5,149040.0
884883,2021-10-07,169.0,170.7,170.7,167.4,278774.0
884883,2021-10-27,174.15,168.6,176.95,167.3,463943.0
884883,2021-11-03,168.0,170.85,172.1,167.05,198012.0
884883,2021-12-10,164.85,162.35,165.6,161.5,205256.0
884883,2022-01-14,170.45,170.45,174.0,169.15,242985.0
884883,2022-02-14,178.05,181.8,186.35,176.95,461936.0
884883,2022-03-24,251.35,242.0,255.0,242.0,344661.0
884883,2022-04-20,355.8,370.0,386.7,336.05,5179780.0
884883,2022-05-09,285.15,308.0,308.95,280.4,463563.0
884883,2022-05-25,290.8,331.15,340.0,285.35,872378.0
884883,2022-06-08,308.35,311.0,317.8,306.8,227412.0
884883,2022-07-20,308.85,317.0,319.9,304.4,245455.0
884883,2022-08-08,299.15,297.0,310.0,297.0,541769.0
884883,2022-08-12,292.95,298.0,298.0,290.0,679191.0
884883,2022-08-18,290.5,295.0,295.0,289.1,172692.0
884883,2022-08-22,283.9,288.6,290.0,282.25,195965.0
884883,2022-09-27,290.05,290.5,297.9,287.25,409601.0
884883,2022-10-31,252.8,244.05,258.5,242.7,733734.0
884883,2022-11-17,229.95,233.2,233.9,229.0,119781.0
884883,2022-12-09,252.5,265.0,265.85,249.75,756466.0
884883,2023-01-10,241.0,243.4,243.7,238.0,158835.0
884883,2023-03-03,232.25,233.9,235.0,229.2,182260.0
884883,2023-03-29,235.85,230.7,237.15,229.25,250846.0
884883,2023-04-05,248.95,235.5,251.0,234.75,595166.0
884883,2023-04-13,265.55,249.1,273.4,246.2,4189123.0
884883,2023-05-10,255.7,255.0,263.5,254.9,469265.0
884883,2023-06-20,251.8,250.25,253.8,247.0,240131.0
884883,2023-06-21,248.85,251.95,254.7,247.6,284781.0
884883,2023-06-27,242.15,243.5,244.5,241.5,142849.0
884883,2021-04-06,129.45,129.8,132.2,128.5,148679.0
884883,2021-04-07,131.6,130.1,132.8,129.65,180374.0
884883,2021-03-30,128.3,128.55,131.45,127.55,145693.0
884883,2021-04-05,129.15,135.4,136.2,122.05,681441.0
884883,2021-03-22,136.25,132.25,138.25,131.35,273043.0
884883,2021-05-12,173.85,177.35,179.65,172.05,689294.0
884883,2021-06-10,169.55,168.65,171.0,165.35,486160.0
884883,2021-07-28,184.65,190.8,192.7,182.05,995928.0
884883,2021-09-21,173.15,175.35,175.95,171.15,215477.0
884883,2021-09-27,172.7,174.95,174.95,170.0,194899.0
884883,2021-09-29,174.25,171.0,176.75,171.0,197811.0
884883,2021-10-01,170.15,174.0,174.0,168.9,340246.0
884883,2021-11-01,171.0,164.35,172.8,163.0,643999.0
884883,2021-11-16,174.45,175.85,178.4,172.9,183082.0
884883,2021-12-23,161.2,160.5,163.0,160.5,88933.0
884883,2022-01-18,190.15,185.0,194.4,180.15,3116709.0
884883,2022-01-25,189.3,179.0,190.1,175.55,639579.0
884883,2022-02-16,187.25,193.0,194.0,185.95,332360.0
884883,2022-03-09,217.3,222.0,223.85,211.0,2648755.0
884883,2022-03-22,251.85,244.0,259.5,244.0,1194083.0
884883,2022-06-13,289.85,296.2,299.85,286.0,267806.0
884883,2022-09-05,269.3,272.0,276.5,268.4,433911.0
884883,2022-09-09,276.55,282.45,287.0,273.3,544413.0
884883,2022-09-13,286.15,287.1,290.8,284.6,415754.0
884883,2022-10-06,277.05,273.05,280.3,273.05,262434.0
884883,2022-10-10,270.55,277.0,280.35,269.45,321586.0
884883,2022-11-09,243.85,250.85,250.85,243.05,208836.0
884883,2022-12-08,262.6,255.85,267.7,252.8,1843285.0
884883,2023-01-20,251.15,249.9,256.25,245.0,356093.0
884883,2023-02-23,231.85,236.75,237.0,230.25,101564.0
884883,2023-03-15,249.75,251.5,254.3,246.5,226218.0
884883,2023-03-17,248.2,249.6,253.0,245.0,220919.0
884883,2023-06-08,245.5,251.4,251.4,245.0,224326.0
884883,2023-06-19,249.95,251.0,251.8,249.0,155694.0
884883,2023-07-14,251.5,238.8,253.85,238.8,1185336.0
884883,2023-07-19,248.85,253.0,253.3,247.9,210640.0
884883,2023-08-11,243.15,244.65,246.8,242.0,180175.0
884883,2023-08-21,244.8,240.8,248.3,239.0,293626.0
884883,2021-04-28,144.15,133.1,153.9,131.5,2234254.0
884883,2021-04-23,129.05,129.0,130.8,128.25,139381.0
884883,2021-04-12,131.75,138.0,138.05,130.0,336600.0
884883,2021-04-26,132.15,129.7,134.5,129.7,227794.0
884883,2021-05-10,165.95,167.55,171.9,164.0,712162.0
884883,2021-05-25,172.9,174.65,176.8,170.0,777155.0
884883,2021-05-26,175.4,173.2,178.65,172.6,813515.0
884883,2021-06-14,165.05,167.7,168.1,162.0,357993.0
884883,2021-05-31,167.7,165.9,170.75,165.9,332411.0
884883,2021-07-14,190.6,188.5,193.5,188.2,809557.0
884883,2021-06-08,171.0,170.45,173.5,167.0,687152.0
884883,2021-08-31,182.85,170.05,187.8,168.3,1611904.0
884883,2021-07-20,178.65,185.95,186.05,173.2,477412.0
884883,2021-08-10,177.25,191.55,194.0,174.6,668910.0
884883,2021-09-07,173.85,174.7,178.0,172.7,252988.0
884883,2021-10-22,169.8,170.3,171.4,168.0,197681.0
884883,2021-09-09,176.8,175.0,179.3,172.7,304162.0
884883,2021-10-25,168.1,170.45,170.45,165.1,186220.0
884883,2021-10-05,170.85,170.9,173.0,170.15,289798.0
884883,2021-10-06,168.9,172.6,173.55,168.5,355310.0
884883,2021-11-12,177.4,176.8,179.8,175.8,293318.0
884883,2021-12-03,161.0,160.25,162.75,159.0,122814.0
884883,2021-12-29,163.9,164.95,166.9,163.0,83529.0
884883,2021-12-20,151.65,158.0,158.0,150.05,216303.0
884883,2022-02-11,186.0,187.1,192.05,184.0,306330.0
884883,2022-01-11,173.3,175.75,177.5,172.2,280166.0
884883,2022-03-10,219.9,219.8,226.0,214.1,1660414.0
884883,2022-02-08,196.6,196.1,198.5,187.15,513165.0
884883,2022-03-23,246.25,252.5,255.4,244.95,370856.0
884883,2022-04-07,256.4,262.0,269.8,248.25,382009.0
884883,2022-02-18,186.2,184.0,191.95,184.0,270152.0
884883,2022-03-08,217.85,195.0,220.9,195.0,5913327.0
884883,2022-04-13,316.85,299.8,329.65,298.45,2348265.0
884883,2022-04-28,320.05,338.95,345.0,314.0,1368903.0
884883,2022-05-05,320.45,335.35,336.8,318.05,345445.0
884883,2022-05-04,328.55,321.75,344.0,319.8,1295653.0
884883,2022-06-15,286.4,297.5,300.1,281.35,199071.0
884883,2022-07-13,304.0,312.0,317.45,300.4,227582.0
884883,2022-06-29,277.75,280.0,284.4,275.05,389583.0
884883,2022-07-22,308.85,309.3,312.0,304.2,166418.0
884883,2022-07-12,311.8,312.95,318.5,308.35,303263.0
884883,2022-07-14,310.85,305.0,313.95,304.6,262797.0
884883,2022-07-28,298.6,295.95,310.95,295.95,364613.0
884883,2022-09-30,280.2,282.0,285.35,277.25,277413.0
884883,2022-11-10,241.55,242.0,246.0,240.2,224369.0
884883,2022-10-03,268.45,279.2,282.0,265.0,413444.0
884883,2022-11-18,228.4,233.0,233.0,226.5,234575.0
884883,2022-11-07,247.15,252.5,253.8,246.5,151418.0
884883,2022-11-24,227.4,227.4,232.8,226.6,162808.0
884883,2022-11-29,229.75,232.0,234.65,228.15,150231.0
884883,2022-11-28,231.6,230.8,232.9,230.0,115246.0
884883,2022-12-12,251.05,254.0,254.0,246.4,322292.0
884883,2022-12-05,237.1,241.4,242.05,236.05,204332.0
884883,2022-12-23,233.3,237.9,239.3,224.4,403499.0
884883,2023-01-16,241.25,241.9,243.75,240.0,113223.0
884883,2022-12-28,250.3,247.25,252.7,243.45,223635.0
884883,2023-01-19,247.5,242.7,247.95,240.1,171514.0
884883,2023-01-23,248.15,254.0,254.0,247.15,87513.0
884883,2023-01-11,241.75,242.25,249.6,239.9,285209.0
884883,2023-02-20,238.25,230.5,245.8,230.5,607019.0
884883,2023-02-28,228.25,229.3,230.65,226.25,181099.0
884883,2023-03-24,238.3,245.0,247.6,236.1,247320.0
884883,2023-04-26,275.35,274.0,277.9,271.6,452646.0
884883,2023-03-21,252.05,245.5,253.2,243.1,268260.0
884883,2023-04-21,269.05,282.0,282.0,263.0,709072.0
884883,2023-06-14,248.1,249.0,251.65,247.25,224200.0
884883,2023-05-24,242.2,246.8,246.8,241.9,229282.0
884883,2023-06-30,238.6,240.15,241.1,237.1,235265.0
884883,2023-07-31,261.65,259.4,264.6,257.6,354385.0
884883,2023-07-17,250.8,253.0,255.2,248.7,470826.0
884883,2023-08-03,252.3,258.5,259.4,250.1,256346.0
884883,2023-07-20,260.8,248.85,262.35,248.8,1633488.0
884883,2023-08-09,243.6,241.9,250.0,240.35,309582.0
884883,2023-07-28,258.55,258.0,261.8,256.65,189744.0
884883,2023-08-10,242.85,244.45,244.45,241.5,148606.0
884883,2023-08-14,238.35,245.0,245.0,237.05,286004.0
884883,2023-08-16,239.05,238.0,241.0,237.0,142027.0
884883,2021-03-31,127.85,128.95,132.0,126.8,170931.0
884883,2021-05-14,168.0,175.25,176.0,165.0,702160.0
884883,2021-05-18,174.4,174.45,176.7,173.0,449573.0
884883,2021-07-07,184.8,182.5,191.5,181.5,3700453.0
884883,2021-07-12,184.6,186.4,189.7,183.55,435645.0
884883,2021-08-20,167.85,167.0,175.4,165.1,472222.0
884883,2021-08-25,163.75,163.0,166.9,162.95,288533.0
884883,2021-08-30,170.4,165.5,173.0,165.0,384619.0
884883,2021-09-03,180.05,184.8,186.1,179.3,309832.0
884883,2021-09-14,177.6,178.7,179.7,177.05,160489.0
884883,2021-09-16,175.45,178.0,179.15,171.0,307426.0
884883,2021-09-24,172.4,175.4,176.35,172.0,207756.0
884883,2021-10-19,174.3,179.85,181.8,172.35,362510.0
884883,2021-11-02,169.55,172.3,174.8,168.65,368125.0
884883,2021-11-23,168.05,165.0,168.95,163.2,146414.0
884883,2021-12-14,162.55,164.95,165.65,162.05,105907.0
884883,2022-02-01,211.35,216.5,217.3,205.0,804465.0
884883,2022-02-03,203.4,200.2,207.0,200.2,906294.0
884883,2022-03-03,196.3,207.0,209.0,192.35,602677.0
884883,2022-03-29,265.75,270.0,275.5,262.2,942105.0
884883,2022-04-12,297.15,295.0,305.0,287.5,1920106.0
884883,2022-04-29,331.45,321.4,335.6,305.85,1516646.0
884883,2022-05-11,290.55,270.0,295.0,265.0,883929.0
884883,2022-06-06,322.45,325.0,330.0,315.85,364680.0
884883,2022-07-26,297.85,302.3,303.75,291.0,223327.0
884883,2022-08-10,307.15,301.9,310.0,297.15,401935.0
884883,2022-10-12,267.0,263.5,267.9,263.1,214774.0
884883,2022-11-15,239.1,234.0,239.95,230.8,247394.0
884883,2022-12-22,237.95,248.3,248.3,234.25,303533.0
884883,2023-01-09,243.1,247.9,247.9,240.6,187465.0
884883,2023-01-13,240.5,237.8,241.7,236.55,142262.0
884883,2023-02-09,233.05,238.5,238.95,231.5,85954.0
884883,2023-03-16,248.35,249.5,252.1,241.3,221817.0
884883,2023-03-22,254.8,253.25,263.5,253.0,672439.0
884883,2023-06-01,252.25,243.0,253.9,242.6,970674.0
884883,2023-06-12,242.75,245.0,245.75,241.6,219577.0
884883,2023-08-18,239.25,238.0,242.45,238.0,147648.0
884883,2021-06-03,164.0,166.55,169.0,163.1,417015.0
884883,2021-06-09,167.3,172.3,176.5,166.05,1440625.0
884883,2021-06-29,170.85,175.7,176.0,169.6,328609.0
884883,2021-07-13,188.2,185.95,191.1,184.3,842332.0
884883,2021-07-16,186.35,188.5,189.6,185.1,295949.0
884883,2021-07-29,191.55,186.0,194.45,185.0,1226680.0
884883,2021-09-13,176.65,176.9,180.15,176.1,315338.0
884883,2021-10-18,178.85,179.0,183.05,177.65,504213.0
884883,2021-11-26,163.1,167.95,170.55,162.2,188040.0
884883,2022-05-18,323.4,328.0,340.0,320.1,687209.0
884883,2022-05-19,313.35,315.0,325.0,310.05,509509.0
884883,2022-06-14,294.65,285.0,300.85,285.0,229659.0
884883,2022-06-23,236.25,242.5,245.0,233.1,236419.0
884883,2022-06-27,277.45,258.6,286.7,253.4,1961611.0
884883,2022-08-03,297.15,303.0,303.9,294.0,170473.0
884883,2022-08-16,288.85,299.0,299.0,284.0,423412.0
884883,2022-09-22,307.15,298.4,311.0,288.0,1061135.0
884883,2022-10-14,265.15,268.8,269.9,264.0,207420.0
884883,2022-10-18,264.55,259.0,266.95,258.0,277534.0
884883,2022-11-01,254.15,254.45,256.45,249.1,241148.0
884883,2022-12-06,233.65,237.5,240.0,232.1,171803.0
884883,2022-12-21,247.05,256.0,256.0,245.25,184055.0
884883,2022-12-30,255.75,254.95,259.7,249.0,522953.0
884883,2023-01-12,236.25,243.0,244.3,235.0,210588.0
884883,2023-02-02,237.5,237.0,244.9,235.3,304539.0
884883,2023-02-03,237.75,238.9,243.45,233.45,209225.0
884883,2023-03-10,250.15,247.95,252.0,244.1,342160.0
884883,2023-05-05,287.25,286.55,291.8,284.0,345963.0
884883,2023-06-05,249.85,257.0,257.15,249.1,309403.0
884883,2023-07-04,243.05,244.7,244.9,240.65,187543.0
884883,2023-07-10,238.65,241.95,241.95,238.25,155958.0
884883,2021-04-29,143.9,145.2,149.7,141.15,960959.0
884883,2021-06-11,167.85,171.0,172.4,166.3,439112.0
884883,2021-07-08,186.75,187.4,195.0,185.2,2464778.0
884883,2021-07-22,184.85,181.85,186.4,181.0,426713.0
884883,2021-08-12,185.15,176.25,188.0,175.6,531648.0
884883,2021-08-13,182.3,185.3,188.7,180.85,356742.0
884883,2021-09-02,184.8,176.1,186.8,176.1,541572.0
884883,2021-11-04,171.55,169.3,172.0,168.8,76128.0
884883,2021-12-30,163.3,163.9,165.4,163.0,74820.0
884883,2022-01-04,165.15,167.95,168.3,164.0,121237.0
884883,2022-01-24,180.3,186.85,190.5,174.15,824126.0
884883,2022-02-04,202.5,203.4,207.8,200.8,497922.0
884883,2022-02-23,188.45,177.0,194.0,176.35,1559752.0
884883,2022-03-14,236.6,240.0,243.9,234.15,2268108.0
884883,2022-03-21,243.35,254.0,254.0,242.0,490179.0
884883,2022-04-04,267.0,263.5,279.0,263.15,955540.0
884883,2022-04-22,361.7,345.5,375.9,337.35,2908916.0
884883,2022-05-02,318.8,330.0,331.4,316.0,458031.0
884883,2022-05-06,311.2,310.6,319.9,304.75,363912.0
884883,2022-05-12,282.7,292.0,293.0,278.25,437652.0
884883,2022-05-20,334.8,320.5,337.7,319.25,534942.0
884883,2022-05-31,336.5,332.4,349.8,328.0,2242305.0
884883,2022-07-08,301.55,308.0,314.0,296.0,545037.0
884883,2022-08-04,296.4,299.0,304.5,294.1,210392.0
884883,2022-08-25,290.8,297.55,297.75,289.25,228725.0
884883,2022-08-30,275.0,283.9,284.8,273.75,737403.0
884883,2022-09-01,270.95,275.0,280.5,269.55,548174.0
884883,2022-10-13,264.15,266.8,269.95,263.1,140425.0
884883,2022-10-20,256.8,258.75,259.9,256.0,124210.0
884883,2022-11-02,251.45,255.45,256.8,251.0,154729.0
884883,2022-12-20,255.0,249.25,259.6,245.55,292493.0
884883,2023-01-18,242.7,238.25,243.95,236.95,157933.0
884883,2023-01-31,257.9,229.3,263.0,225.5,1158189.0
884883,2023-05-02,292.55,294.4,299.3,290.0,811912.0
884883,2023-05-03,284.45,291.55,292.0,283.35,379511.0
884883,2023-05-19,234.65,239.9,239.9,232.3,354684.0
884883,2023-06-22,247.45,248.2,252.9,246.2,256496.0
884883,2023-06-26,242.6,242.55,245.2,240.9,183608.0
884883,2023-07-21,258.3,260.0,265.85,257.2,961581.0
884883,2023-08-07,238.65,249.3,249.95,237.05,1263749.0
884883,2021-03-24,133.25,135.9,136.95,132.5,206636.0
884883,2021-04-01,135.2,128.4,137.9,128.4,407247.0
884883,2021-06-01,162.8,167.7,169.9,162.2,276423.0
884883,2021-06-28,175.7,179.25,179.25,174.05,550275.0
884883,2021-08-02,189.4,198.5,201.6,186.1,1866259.0
884883,2021-08-03,190.25,189.8,193.4,186.5,795221.0
884883,2021-08-04,192.9,191.7,201.0,190.4,2183865.0
884883,2021-08-11,174.8,178.25,180.25,169.0,703523.0
884883,2021-08-26,166.45,164.75,168.8,162.4,388339.0
884883,2021-09-17,181.55,176.75,184.9,172.0,631410.0
884883,2021-11-25,170.0,172.5,173.4,169.1,93154.0
884883,2021-12-01,157.35,159.3,160.95,155.85,123150.0
884883,2021-12-02,159.45,158.05,160.5,157.2,96094.0
884883,2021-12-06,158.1,161.1,163.4,157.5,78321.0
884883,2021-12-15,162.25,162.3,165.5,160.55,126926.0
884883,2021-12-28,164.85,166.3,169.85,162.8,224620.0
884883,2022-01-05,168.3,166.0,171.45,163.05,337780.0
884883,2022-04-06,261.15,262.5,265.6,259.0,287639.0
884883,2022-06-01,326.05,335.75,339.8,321.65,472138.0
884883,2022-06-07,309.25,322.25,322.25,302.0,480682.0
884883,2022-06-09,305.8,305.0,312.0,304.0,178786.0
884883,2022-06-10,305.8,298.0,308.0,296.2,232656.0
884883,2022-06-17,251.4,264.0,264.65,245.0,631024.0
884883,2022-06-24,256.25,240.9,273.65,240.9,2045918.0
884883,2022-06-30,282.7,275.2,285.35,273.45,388841.0
884883,2022-07-04,282.2,275.95,289.8,275.95,493746.0
884883,2022-07-07,305.75,286.65,309.75,285.65,1081254.0
884883,2022-07-18,319.75,312.0,327.0,311.9,566375.0
884883,2022-08-19,287.65,293.0,294.2,285.3,172740.0
884883,2022-09-28,275.3,284.9,286.7,273.75,633908.0
884883,2022-10-28,243.25,248.4,248.4,235.4,373288.0
884883,2022-11-04,251.2,248.9,253.0,245.55,200076.0
884883,2022-11-14,232.8,237.25,241.45,222.35,536655.0
884883,2022-11-25,230.05,225.5,231.85,225.5,137345.0
884883,2022-11-30,228.8,230.85,231.9,225.95,195348.0
884883,2022-12-01,238.65,229.95,248.7,229.9,1687164.0
884883,2022-12-02,240.15,239.85,241.95,237.6,248575.0
884883,2022-12-15,252.6,258.85,259.25,251.7,169955.0
884883,2023-01-03,253.4,256.3,259.2,253.0,178008.0
884883,2023-02-06,234.15,237.75,238.95,233.45,130633.0
884883,2023-02-10,231.65,232.05,234.8,230.9,73083.0
884883,2023-02-17,230.5,231.05,234.0,228.6,154253.0
884883,2023-02-22,236.75,240.75,242.3,233.7,158007.0
884883,2023-03-06,236.0,233.0,241.7,230.15,399659.0
884883,2023-03-08,244.8,233.0,245.8,233.0,401277.0
884883,2023-04-11,245.65,251.3,251.3,244.65,143013.0
884883,2023-04-17,280.7,268.0,283.4,267.9,2842990.0
884883,2023-04-20,277.3,273.0,284.0,268.5,429643.0
884883,2023-05-09,253.75,259.5,262.7,253.0,598722.0
884883,2023-05-11,251.3,256.95,258.3,250.0,383032.0
884883,2023-05-26,245.15,246.25,246.3,244.25,180751.0
884883,2023-06-07,249.6,255.0,257.5,248.7,409477.0
884883,2023-07-13,238.8,238.85,240.75,236.55,177715.0
884883,2023-08-02,258.5,264.0,264.75,255.15,290836.0
884883,2023-08-04,256.05,253.0,261.0,252.55,283141.0
884883,2023-08-08,240.65,238.65,243.25,238.6,291645.0
884883,2021-04-16,133.45,136.1,138.2,132.2,341884.0
884883,2021-05-05,164.7,160.9,166.0,158.1,601742.0
884883,2021-05-06,161.4,166.0,167.05,158.75,339132.0
884883,2021-06-25,177.95,179.0,182.35,177.0,825491.0
884883,2021-07-09,184.85,187.65,189.15,183.0,644359.0
884883,2021-07-15,187.55,191.4,193.5,186.55,482975.0
884883,2021-08-16,177.45,183.2,183.2,176.2,306372.0
884883,2021-08-27,164.75,167.0,167.0,163.0,149238.0
884883,2021-09-23,173.95,176.55,176.85,173.5,157632.0
884883,2021-10-26,168.3,169.0,170.6,166.0,203296.0
884883,2021-10-28,166.7,174.2,174.2,166.1,317297.0
884883,2021-11-15,175.3,178.65,179.6,173.65,242609.0
884883,2021-12-08,163.1,166.95,168.9,161.15,185108.0
884883,2022-01-10,174.45,170.55,176.0,170.0,543810.0
884883,2022-01-17,182.9,171.0,183.5,170.3,2080294.0
884883,2022-04-01,264.05,260.95,268.9,259.1,305564.0
884883,2022-04-27,331.6,351.7,351.7,330.0,850335.0
884883,2022-05-10,272.4,284.0,294.7,270.0,892625.0
884883,2022-05-27,302.2,308.3,309.9,297.1,269492.0
884883,2022-07-15,309.95,310.85,316.5,308.05,179027.0
884883,2022-07-25,301.2,308.85,309.3,298.35,191951.0
884883,2022-08-26,295.3,290.95,304.8,289.55,456060.0
884883,2022-10-07,279.25,275.55,281.25,275.55,192046.0
884883,2022-12-14,258.85,257.7,264.35,255.0,299877.0
884883,2023-02-16,231.05,228.0,232.95,227.0,206198.0
884883,2023-03-27,231.65,238.25,238.25,229.1,307325.0
884883,2023-04-03,234.25,234.5,235.0,231.0,175314.0
884883,2023-04-06,246.15,250.9,250.9,243.35,202400.0
884883,2023-04-24,267.25,271.05,272.65,265.0,320081.0
884883,2023-05-23,245.05,234.25,247.8,234.25,888112.0
884883,2023-05-25,244.85,240.6,246.7,240.05,188584.0
884883,2023-05-29,242.0,246.95,247.55,240.65,182670.0
884883,2023-05-31,242.05,238.55,248.7,236.0,598521.0
884883,2023-07-03,242.5,239.95,246.25,239.0,277131.0
884883,2023-07-07,241.0,243.9,243.9,240.25,207107.0
884883,2023-08-01,263.35,262.5,267.0,261.0,376798.0
884883,2023-08-17,239.55,239.05,240.75,237.55,139747.0
884883,2021-03-19,132.25,130.0,134.8,126.0,365716.0
884883,2021-03-26,127.55,132.0,132.0,125.35,207600.0
884883,2021-03-23,137.25,137.5,139.0,134.45,188461.0
884883,2021-06-24,177.2,170.85,180.4,170.05,3294759.0
884883,2021-07-01,182.05,174.7,187.4,171.45,3154537.0
884883,2021-09-20,175.35,173.1,181.0,173.1,444581.0
884883,2021-09-30,173.25,176.2,177.4,172.1,214238.0
884883,2021-12-13,165.0,166.1,168.0,163.6,164592.0
884883,2021-12-31,169.35,164.15,174.8,163.8,420347.0
884883,2022-02-28,193.7,186.1,195.75,182.45,733864.0
884883,2022-03-15,231.25,237.0,242.5,225.4,1332131.0
884883,2022-03-17,251.65,263.1,264.65,250.0,2496464.0
884883,2022-04-11,292.45,265.0,299.65,265.0,3517560.0
884883,2022-06-22,242.15,242.0,245.65,235.0,352116.0
884883,2022-08-05,296.15,297.7,301.1,294.5,160053.0
884883,2022-09-14,285.8,281.0,288.75,279.05,224635.0
884883,2022-12-19,249.25,249.9,251.5,245.55,149282.0
884883,2022-12-27,247.2,247.0,253.55,246.0,164285.0
884883,2022-12-29,252.4,250.3,254.75,247.8,187648.0
884883,2023-01-04,249.65,254.0,255.05,247.5,136589.0
884883,2023-01-27,232.4,238.95,239.65,231.0,166600.0
884883,2023-02-08,234.8,231.1,236.6,230.25,139717.0
884883,2023-02-13,230.25,232.85,233.5,229.4,94906.0
884883,2023-02-24,231.55,232.45,235.75,229.35,112135.0
884883,2023-03-14,249.85,247.8,251.1,239.1,243816.0
884883,2023-04-12,246.65,247.45,249.7,242.3,276421.0
884883,2023-05-15,243.35,246.8,248.95,242.35,346935.0
884883,2023-05-16,236.7,243.5,245.4,236.0,570958.0
884883,2023-05-17,234.4,237.85,240.6,233.5,440402.0
884883,2023-05-18,238.0,235.55,241.35,234.1,532196.0
884883,2023-05-30,239.75,241.85,242.85,239.15,192698.0
884883,2023-07-05,241.85,243.0,244.0,240.8,142130.0
884883,2023-07-27,257.1,261.4,261.4,256.45,211411.0
884883,2021-03-16,138.0,136.75,140.35,134.95,178211.0
884883,2021-03-12,137.1,136.5,140.4,136.0,360377.0
884883,2021-04-08,134.75,132.3,135.5,131.4,319783.0
884883,2021-04-19,127.25,131.25,131.25,125.0,234766.0
884883,2021-05-11,175.95,168.05,178.2,166.75,1586452.0
884883,2021-06-22,166.4,167.45,168.75,166.05,177408.0
884883,2021-07-27,189.35,188.85,191.95,186.4,542085.0
884883,2021-08-06,190.25,190.75,193.65,190.1,251071.0
884883,2021-08-17,174.5,178.85,179.3,174.0,206363.0
884883,2021-09-22,173.75,173.25,175.8,172.45,189498.0
884883,2021-09-28,173.6,173.7,174.9,172.0,149072.0
884883,2021-10-11,171.85,171.0,173.4,170.0,301806.0
884883,2021-10-20,169.3,173.95,175.0,168.0,278014.0
884883,2021-11-24,171.35,168.75,173.1,167.95,214518.0
884883,2021-12-22,159.6,156.8,160.95,156.75,88943.0
884883,2021-12-24,160.85,162.5,163.15,159.0,65894.0
884883,2021-12-27,165.0,160.95,166.75,156.7,239204.0
884883,2022-01-03,166.6,170.7,170.9,165.95,150139.0
884883,2022-01-06,167.0,167.4,169.1,166.3,134912.0
884883,2022-01-19,195.95,192.0,199.9,191.25,2786684.0
884883,2022-02-02,197.9,200.0,204.0,195.4,1751718.0
884883,2022-02-09,192.0,198.2,198.65,190.15,295074.0
884883,2022-03-07,194.4,195.0,199.95,187.2,627848.0
884883,2022-04-18,333.85,317.5,338.9,311.0,2468042.0
884883,2022-07-05,285.95,283.35,294.0,283.35,414896.0
884883,2022-09-16,281.25,286.45,287.0,280.0,294534.0
884883,2022-10-21,257.0,258.1,259.65,255.05,109610.0
884883,2022-11-21,232.2,227.5,233.9,224.1,235675.0
884883,2023-01-06,241.75,244.2,247.8,241.0,195230.0
884883,2023-01-17,237.1,241.85,243.05,236.0,142028.0
884883,2023-01-25,237.95,243.1,243.4,235.25,136454.0
884883,2023-02-15,226.35,226.7,230.25,225.55,181937.0
884883,2023-03-28,230.0,230.95,236.5,228.05,255288.0
884883,2023-04-18,279.55,282.5,287.35,276.1,950947.0
884883,2023-04-19,272.4,278.0,282.5,270.3,385601.0
884883,2023-05-12,247.1,251.4,252.65,245.7,411113.0
884883,2023-05-22,234.25,235.0,236.5,232.25,236714.0
884883,2023-06-02,255.1,257.0,259.3,253.1,747208.0
884883,2023-07-06,243.6,241.85,245.5,240.85,196173.0
884883,2023-07-11,237.0,239.95,240.8,236.55,266187.0
884883,2021-03-15,136.7,137.8,138.6,135.5,276674.0
884883,2021-03-18,131.8,138.05,140.25,130.1,320389.0
884883,2021-04-27,132.9,133.3,133.95,131.9,101087.0
884883,2021-05-03,169.45,150.3,172.7,148.6,6420220.0
884883,2021-06-02,165.45,164.1,166.25,163.5,309624.0
884883,2021-07-23,185.2,184.6,186.9,181.5,319472.0
884883,2021-12-16,162.75,164.6,167.5,162.0,193857.0
884883,2021-12-21,156.0,152.8,157.55,152.8,120557.0
884883,2022-01-21,185.3,189.95,191.1,181.1,644430.0
884883,2022-01-27,216.65,189.8,220.8,187.1,5580208.0
884883,2022-02-10,190.05,192.0,195.6,189.0,415863.0
884883,2022-02-15,189.6,178.0,193.0,177.15,517749.0
884883,2022-02-17,185.7,188.2,189.9,184.55,154017.0
884883,2022-02-25,186.1,180.2,189.5,180.2,388010.0
884883,2022-03-11,238.45,218.4,244.3,217.2,5408767.0
884883,2022-03-30,259.5,268.0,274.8,256.0,489870.0
884883,2022-04-21,348.6,362.0,369.45,344.2,1627110.0
884883,2022-04-25,361.1,361.5,374.85,353.15,1589184.0
884883,2022-05-23,328.9,337.0,342.6,326.0,426887.0
884883,2022-05-26,304.35,293.0,307.0,280.05,657760.0
884883,2022-06-02,335.0,324.9,339.0,320.35,445437.0
884883,2022-06-03,322.55,341.0,354.0,318.7,1020796.0
884883,2022-07-06,284.5,288.1,291.0,281.35,213598.0
884883,2022-07-11,312.25,301.55,314.5,301.0,371132.0
884883,2022-08-24,295.2,291.75,296.95,291.0,182315.0
884883,2022-08-29,280.6,284.5,292.0,278.0,561561.0
884883,2022-09-06,271.15,270.0,272.4,266.4,302480.0
884883,2022-09-20,293.7,283.0,304.0,280.8,2526938.0
884883,2022-10-11,263.05,271.45,272.0,262.5,361846.0
884883,2022-10-17,256.35,265.0,265.35,255.05,288668.0
884883,2022-10-19,259.95,264.6,266.8,259.05,164057.0
884883,2022-11-22,227.85,233.4,234.6,227.0,208363.0
884883,2022-11-23,227.4,227.85,230.15,225.1,163197.0
884883,2022-12-16,248.7,252.0,255.0,244.0,230816.0
884883,2023-02-07,230.9,237.0,237.0,228.7,185323.0
884883,2023-02-21,242.75,240.0,246.65,238.4,444728.0
884883,2023-03-09,250.75,246.0,252.8,241.7,454206.0
884883,2023-03-13,247.35,251.95,252.2,242.25,221666.0
884883,2023-04-25,271.6,268.7,278.9,266.2,772747.0
884883,2023-05-04,284.6,284.75,290.3,283.25,282216.0
884883,2023-07-18,252.1,255.0,255.7,250.15,374165.0
884883,2021-03-17,137.45,138.95,143.35,135.2,562707.0
884883,2021-04-15,132.95,134.0,135.95,132.1,137681.0
884883,2021-06-16,167.4,171.5,172.7,167.0,303804.0
884883,2021-06-18,165.65,170.0,170.45,158.7,457101.0
884883,2021-08-05,190.75,195.2,196.35,189.25,651989.0
884883,2021-08-18,172.2,175.9,177.0,170.75,252336.0
884883,2021-09-01,177.0,183.05,185.4,176.1,393007.0
884883,2021-11-09,171.0,169.9,172.35,168.85,267021.0
884883,2021-11-17,177.15,173.95,177.95,173.0,223094.0
884883,2021-11-30,158.5,158.6,162.7,157.2,120075.0
884883,2021-12-17,159.75,162.9,163.4,159.2,95323.0
884883,2022-03-02,203.3,191.0,209.0,190.65,1453733.0
884883,2022-03-04,196.15,194.0,205.6,192.05,596398.0
884883,2022-03-25,249.4,253.65,253.65,245.6,251625.0
884883,2022-03-28,267.65,251.0,269.4,246.2,972972.0
884883,2022-03-31,260.2,258.95,264.7,258.0,195589.0
884883,2022-04-05,262.9,267.9,269.75,260.05,400212.0
884883,2022-05-13,307.05,288.0,318.0,285.0,1108346.0
884883,2022-06-16,267.65,287.5,294.4,265.0,465852.0
884883,2022-06-21,239.75,237.0,242.95,234.9,423922.0
884883,2022-07-21,306.4,308.85,313.15,304.5,191685.0
884883,2022-08-17,293.3,293.0,294.8,291.0,226835.0
884883,2022-09-02,271.0,270.0,273.0,267.5,299634.0
884883,2022-10-24,257.8,259.5,260.55,256.0,39428.0
884883,2023-01-02,256.3,255.75,259.6,255.0,172738.0
884883,2023-02-14,225.55,230.9,231.5,224.5,137726.0
884883,2023-03-01,231.25,229.4,234.9,227.7,155835.0
884883,2023-04-28,291.15,279.95,298.7,278.0,1574287.0
884883,2023-06-09,244.3,246.1,249.4,243.35,212031.0
884883,2023-06-28,240.0,242.8,244.75,239.5,207714.0
884883,2023-07-25,259.6,261.4,262.0,256.65,294701.0
884883,2023-07-26,259.7,260.7,263.0,257.6,243876.0
884883,2023-08-22,245.2,245.4,247.2,243.35,153826.0
884883,2023-08-23,246.05,246.65,247.2,244.1,25742.0
884883,2021-04-13,136.25,131.0,138.0,131.0,330497.0
884883,2021-04-22,128.85,129.0,129.85,127.3,159535.0
884883,2021-05-07,163.65,163.0,167.7,161.25,351251.0
884883,2021-05-17,172.75,170.05,174.0,167.5,467550.0
884883,2021-06-07,169.3,161.0,173.7,160.45,2455749.0
884883,2021-06-30,173.6,172.8,177.7,171.65,635798.0
884883,2021-11-08,168.45,172.25,172.35,167.2,168594.0
884883,2021-11-11,176.8,172.7,179.9,172.65,628458.0
884883,2021-12-07,163.0,158.7,170.0,158.15,107310.0
884883,2022-01-20,190.7,197.2,198.7,190.0,593018.0
884883,2022-02-24,177.35,178.1,185.2,174.5,648335.0
884883,2022-03-16,260.75,239.4,265.35,233.15,6952017.0
884883,2022-04-08,261.4,256.0,264.0,256.0,182574.0
884883,2022-04-19,352.5,341.0,394.15,341.0,7514919.0
884883,2022-04-26,351.7,367.0,371.7,348.5,993315.0
884883,2022-06-28,283.6,276.0,286.0,270.0,800108.0
884883,2022-07-19,313.8,319.5,319.6,311.5,240630.0
884883,2022-08-01,307.85,302.8,312.0,302.8,308584.0
884883,2022-08-02,303.9,307.85,311.85,302.5,197755.0
884883,2022-09-07,278.45,269.6,281.6,269.0,450804.0
884883,2022-09-08,280.2,281.0,282.0,277.4,187995.0
884883,2022-09-19,275.8,284.25,286.5,275.0,334865.0
884883,2022-09-23,310.3,315.5,318.7,303.1,1615225.0
884883,2022-10-04,271.65,273.45,275.0,270.0,283109.0
884883,2022-12-13,256.45,252.35,262.5,252.0,599695.0
884883,2023-02-01,235.25,254.75,256.0,232.6,612545.0
884883,2023-02-27,229.3,232.7,232.7,227.0,177758.0
884883,2023-03-02,231.1,231.0,234.1,229.1,157015.0
884883,2023-04-10,250.75,247.2,254.4,245.15,261865.0
884883,2023-05-08,259.75,269.0,275.0,253.7,1507287.0
884883,2023-06-13,247.9,243.7,250.75,242.35,370724.0
884883,2023-07-24,259.8,258.6,266.15,258.1,570892.0
884883,2021-03-25,128.0,134.8,134.8,126.5,140174.0
884883,2021-04-09,139.15,143.5,143.9,138.5,1782315.0
884883,2021-04-30,150.25,142.4,153.5,142.4,1902929.0
884883,2021-06-04,163.0,164.7,165.15,162.0,317638.0
884883,2021-07-05,179.6,179.75,182.8,177.55,475439.0
884883,2021-07-30,194.1,192.9,197.1,191.55,1999882.0
884883,2021-08-23,159.05,167.85,169.5,155.25,910259.0
884883,2021-08-24,161.95,159.0,162.8,156.0,550590.0
884883,2021-10-04,170.3,174.0,174.15,168.8,388228.0
884883,2021-10-13,179.55,175.0,181.95,174.55,965052.0
884883,2021-10-14,177.45,182.0,182.7,176.5,374248.0
884883,2021-10-21,168.95,169.95,171.8,165.6,312143.0
884883,2021-11-22,165.15,170.0,171.95,163.8,303981.0
884883,2021-11-29,158.0,163.1,163.2,155.0,167093.0
884883,2022-01-07,169.2,167.0,172.3,166.65,517989.0
884883,2022-01-13,170.75,174.25,174.25,170.0,203761.0
884883,2022-01-31,214.4,214.7,225.0,212.0,3144511.0
884883,2022-02-07,194.55,202.9,204.5,193.0,465702.0
884883,2022-02-22,174.4,175.0,182.3,170.65,522955.0
884883,2022-05-16,318.8,302.05,323.8,298.0,872058.0
884883,2022-05-24,329.05,330.0,338.0,322.95,291862.0
884883,2022-05-30,339.8,324.75,345.0,308.1,2013471.0
884883,2022-07-01,275.15,280.0,282.6,268.05,245672.0
884883,2022-07-29,302.75,301.0,305.65,299.35,153721.0
884883,2022-09-12,285.25,281.5,287.0,276.0,703378.0
884883,2022-09-15,286.45,288.95,290.6,285.3,249134.0
884883,2022-09-21,298.4,296.0,306.5,293.1,1396290.0
884883,2022-09-26,290.3,308.0,308.2,285.9,783550.0
884883,2022-10-25,250.95,257.8,257.8,250.0,227055.0
884883,2023-01-05,245.1,250.7,251.5,243.1,132316.0
884883,2023-01-24,242.2,247.0,249.05,241.7,122148.0
884883,2023-03-23,244.6,255.0,255.1,243.05,433860.0
884883,2023-03-31,232.35,238.8,240.95,230.6,278833.0
884883,2023-06-16,250.5,250.55,254.9,250.0,216455.0
884883,2023-07-12,238.7,239.75,239.95,235.7,221594.0
884883,2021-05-20,178.95,181.05,185.0,177.0,719767.0
884883,2021-05-21,181.9,182.0,186.55,178.5,1019070.0
884883,2021-05-24,172.75,185.0,186.8,170.05,3672141.0
884883,2021-05-27,173.8,177.0,177.45,171.0,488135.0
884883,2021-06-15,170.5,166.35,172.0,166.0,581742.0
884883,2021-06-21,166.15,162.0,166.95,160.5,243434.0
884883,2021-07-06,181.9,180.9,186.35,178.0,1643771.0
884883,2021-07-19,183.3,185.0,188.8,181.1,414123.0
884883,2021-09-08,174.2,173.85,177.9,173.25,200722.0
884883,2021-10-08,169.45,169.05,174.65,168.85,331543.0
884883,2021-10-12,173.7,172.45,174.6,171.5,286729.0
884883,2021-10-29,164.35,168.0,168.75,163.5,336032.0
884883,2021-11-10,172.7,171.8,174.45,170.4,462646.0
884883,2021-11-18,169.7,178.0,178.0,167.8,300714.0
884883,2021-12-09,161.5,167.0,167.4,160.7,221150.0
884883,2022-01-12,172.9,174.2,177.8,171.8,217530.0
884883,2022-01-28,208.65,221.0,227.0,205.7,3886016.0
884883,2022-02-21,180.9,187.15,187.45,179.0,238407.0
884883,2022-05-17,325.15,321.35,327.35,314.05,471665.0
884883,2022-06-20,227.95,245.5,247.0,215.4,1149625.0
884883,2022-07-27,293.6,294.0,298.75,289.3,235253.0
884883,2022-08-11,309.7,308.9,317.0,305.3,415917.0
884883,2022-08-23,293.15,287.0,300.0,284.95,991710.0
884883,2022-09-29,282.0,278.1,284.0,273.0,514914.0
884883,2022-10-27,247.65,254.0,254.0,246.2,205447.0
884883,2022-11-03,247.65,251.0,253.6,246.0,248415.0
884883,2022-11-11,243.9,242.8,246.0,241.1,148186.0
884883,2022-11-16,233.2,239.1,240.7,232.05,143710.0
884883,2022-12-07,254.55,234.85,257.85,233.85,4811228.0
884883,2022-12-26,245.85,234.5,249.55,232.1,261422.0
884883,2023-01-30,229.0,226.0,241.6,226.0,345184.0
884883,2023-03-20,243.1,248.75,249.95,238.1,321520.0
884883,2023-04-27,277.9,275.5,282.9,272.5,566448.0
884883,2023-06-06,251.4,249.85,254.2,246.7,202004.0
884883,2023-06-15,250.45,249.0,254.0,247.2,259874.0
884883,2023-06-23,243.5,246.25,247.65,240.5,217180.0
