stockid,date,close,open,high,low,volume
608125,2021-01-04,813.673505,849.9436999999999,849.9436999999999,806.4760749999999,2704793.0
608125,2021-01-11,786.177705,800.37039,800.37039,784.439,308059.0
608125,2021-01-13,777.88853,788.56337,798.9956,772.79372,408023.0
608125,2021-02-16,760.299305,778.7781,781.8107249999999,757.0240699999999,232061.0
608125,2021-01-01,788.846415,785.9755299999999,794.70949,784.439,342632.0
608125,2021-01-08,796.0034099999999,807.8913,809.83218,790.9086,436939.0
608125,2021-01-22,750.8779499999999,777.88853,792.68774,747.2388,630249.0
608125,2021-01-25,736.88744,758.5606,762.19975,730.539145,256885.0
608125,2021-01-05,802.7964900000001,812.2582799999999,812.2582799999999,796.65037,461359.0
608125,2021-01-29,736.56396,731.8734999999999,751.2823,728.6387,386738.0
608125,2021-02-01,744.934005,741.01181,752.091,726.2126,539322.0
608125,2021-01-06,803.76693,816.7869999999999,841.048,788.684675,1438147.0
608125,2021-02-11,782.619425,788.4825,796.0842799999999,778.980275,243392.0
608125,2021-02-15,775.988085,785.7733549999999,792.526,772.3085,239260.0
608125,2021-01-14,778.61636,779.546365,791.47469,774.128075,292173.0
608125,2021-01-21,773.27894,754.5575349999999,786.0563999999999,754.03188,941334.0
608125,2021-01-20,753.14231,751.36317,764.181065,748.8562,311397.0
608125,2021-01-28,727.8704349999999,727.8299999999999,731.8734999999999,718.20647,185847.0
608125,2021-02-04,761.47192,758.5606,767.53717,754.27449,251984.0
608125,2021-01-19,750.7970799999999,752.3336099999999,767.86065,748.93707,323582.0
608125,2021-02-05,761.0271349999999,764.100195,786.662925,752.25274,621378.0
608125,2021-02-10,791.9194749999999,788.4825,812.6626299999999,778.53549,1448566.0
608125,2021-01-27,733.773945,736.7257,748.0475,720.753875,293719.0
608125,2021-02-02,745.70227,747.2388,764.2215,740.7692,335207.0
608125,2021-01-18,752.25274,775.5432999999999,776.352,744.97444,333196.0
608125,2021-02-03,761.1080049999999,752.01013,772.3085,743.03356,499221.0
608125,2021-02-17,790.4638150000001,760.9058299999999,793.7794849999999,758.64147,702078.0
608125,2021-02-09,783.7516049999999,790.949035,806.2739,776.43287,832671.0
608125,2021-01-07,803.241275,810.3174,815.1696,800.734305,435345.0
608125,2021-02-12,785.73292,780.3955,798.955165,780.3955,400420.0
608125,2021-01-12,781.406375,786.8651,807.8913,777.1607,577650.0
608125,2021-01-15,764.9493299999999,777.9694,783.38769,762.482795,280688.0
608125,2021-02-08,787.6738,766.6476,798.1868999999999,764.585415,1130188.0
608125,2021-02-18,816.7869999999999,790.4638150000001,826.4914,782.0129,1348166.0
608125,2021-02-23,786.015965,776.352,794.1433999999999,768.467175,383588.0
608125,2021-03-08,1145.1192,1003.35409,1145.1192,1003.35409,4862724.0
608125,2021-03-31,1015.525025,1033.5186,1036.18731,1012.00718,241826.0
608125,2021-02-22,775.70504,794.1433999999999,794.54775,769.8824,377679.0
608125,2021-04-08,1035.05513,1039.1795,1055.27263,1024.6229,380212.0
608125,2021-05-05,959.1182,950.424675,965.5878,947.028135,209833.0
608125,2021-08-23,1052.563485,1049.44999,1059.397,1041.484295,169728.0
608125,2021-09-07,1087.499325,1096.5972,1100.6407,1080.4232,85458.0
608125,2021-09-17,1145.84703,1178.397205,1183.734625,1124.9017,292749.0
608125,2021-09-27,1135.57654,1119.2408,1154.8236,1099.99374,357129.0
608125,2021-10-06,1208.03606,1175.4858849999998,1243.69973,1175.4858849999998,1245190.0
608125,2021-10-21,1292.05999,1244.18495,1305.201365,1242.0418949999998,336878.0
608125,2021-11-17,1329.90715,1303.6648349999998,1348.02203,1295.13305,347112.0
608125,2021-11-29,1516.352935,1340.8246,1556.50489,1268.28421,2847183.0
608125,2021-11-30,1494.23499,1496.9036999999998,1552.704,1455.66,1100486.0
608125,2021-12-16,1496.297175,1540.5735,1554.5640099999998,1488.008,205787.0
608125,2021-12-28,1309.9322599999998,1302.007,1332.939775,1300.3896,238823.0
608125,2022-01-21,1459.7034999999998,1478.829255,1506.0824449999998,1439.526435,367491.0
608125,2022-04-25,1368.23953,1417.6511,1417.6511,1358.616,107066.0
608125,2022-05-13,1092.47283,1099.872435,1136.2235,1087.7015,85431.0
608125,2022-05-20,1122.596905,1148.151825,1157.371005,1117.6638349999998,102944.0
608125,2022-06-14,991.910985,980.1444,1001.938865,972.13827,99821.0
608125,2022-06-17,950.586415,970.44,977.31395,935.6659,291140.0
608125,2022-06-30,1014.958935,1034.3273,1047.2665,1010.875,121283.0
608125,2022-07-25,1042.49517,1077.1884,1078.280145,1034.448605,97036.0
608125,2022-08-16,1420.602855,1418.176755,1431.399,1395.0479349999998,402988.0
608125,2022-09-20,1544.4,1523.0,1549.0,1501.2,21612.0
608125,2022-10-10,1503.95,1501.0,1532.95,1496.9,28419.0
608125,2022-11-03,1522.0,1541.1,1560.0,1510.3,54837.0
608125,2022-11-28,1487.45,1473.1,1497.4,1472.0,37558.0
608125,2022-12-28,1389.3,1388.9,1399.9,1372.65,25574.0
608125,2023-01-19,1503.15,1508.0,1515.0,1500.0,21309.0
608125,2023-02-17,1430.15,1420.0,1453.55,1416.0,134085.0
608125,2023-04-27,1196.35,1204.45,1205.0,1194.0,32628.0
608125,2023-05-24,1411.0,1419.05,1432.5,1405.0,49660.0
608125,2023-06-08,1512.25,1524.9,1528.7,1499.0,114846.0
608125,2023-06-26,1572.8,1634.0,1634.0,1565.0,260502.0
608125,2023-07-21,1682.9,1600.0,1693.7,1596.0,828866.0
608125,2021-05-11,1065.30051,997.9358,1090.9363,994.822305,2055371.0
608125,2021-05-24,1074.68143,1065.8666,1091.66413,1064.2492,485247.0
608125,2021-05-28,1060.407875,1069.1014,1076.29883,1057.7796,237436.0
608125,2021-06-25,1086.8928,1084.4667,1102.2581,1077.26927,245298.0
608125,2021-10-14,1342.19939,1236.5023,1358.616,1220.3283,1556271.0
608125,2021-10-19,1273.9855449999998,1327.8854,1331.484115,1255.5876199999998,308368.0
608125,2021-11-04,1293.83913,1293.92,1304.19049,1285.99474,26364.0
608125,2021-12-14,1577.45022,1556.66663,1589.0955,1540.73524,325435.0
608125,2021-12-31,1328.77497,1321.4158,1357.8073,1321.132755,216940.0
608125,2022-01-07,1478.06099,1511.21769,1519.06208,1463.7469999999998,353259.0
608125,2022-04-18,1521.8116599999998,1495.973695,1563.2170999999998,1481.255355,640863.0
608125,2022-05-10,1224.6548449999998,1261.572,1275.522075,1214.303485,63858.0
608125,2022-07-20,1089.88499,1086.0841,1111.88163,1082.5258199999998,117784.0
608125,2022-08-26,1485.784075,1455.700435,1504.10113,1455.700435,320471.0
608125,2022-09-12,1569.65,1644.0,1648.0,1547.45,27185.0
608125,2022-09-30,1482.8,1485.0,1511.0,1475.0,37944.0
608125,2022-11-09,1555.1,1535.0,1594.0,1535.0,167370.0
608125,2022-12-22,1389.05,1441.1,1456.05,1379.0,100349.0
608125,2023-02-27,1286.2,1331.05,1349.4,1280.0,98359.0
608125,2023-03-24,1274.45,1248.05,1279.0,1230.3,394244.0
608125,2023-04-10,1268.55,1274.8,1288.25,1262.0,37953.0
608125,2023-04-19,1235.0,1254.0,1257.1,1230.0,86144.0
608125,2023-04-28,1216.75,1204.8,1232.0,1186.0,139116.0
608125,2023-05-04,1389.4,1280.0,1427.8,1275.4,2802850.0
608125,2023-05-15,1413.8,1379.4,1444.7,1366.8,419393.0
608125,2023-07-06,1588.25,1600.9,1609.0,1581.4,90366.0
608125,2023-07-10,1566.25,1547.95,1575.0,1545.0,105557.0
608125,2021-03-23,1098.093295,1135.4148,1143.34006,1084.4667,956647.0
608125,2021-05-18,1058.26482,1061.0144,1083.09191,1052.9274,549789.0
608125,2021-06-11,1072.619245,1081.2319,1089.48064,1063.4405,341294.0
608125,2021-06-16,1079.088845,1095.62676,1095.7885,1069.950535,513944.0
608125,2021-06-29,1080.0592849999998,1087.7015,1103.47115,1077.59275,308977.0
608125,2021-07-07,1070.31445,1073.9536,1101.53027,1056.56655,1010018.0
608125,2021-07-20,1028.5046599999998,1051.31,1057.53699,1022.1968,201882.0
608125,2021-08-04,1083.81974,1082.8493,1092.5537,1077.9971,282635.0
608125,2021-09-15,1192.0642349999998,1164.28539,1208.1978,1145.159635,1547682.0
608125,2021-09-30,1159.27145,1161.2932,1170.795425,1152.3975,155406.0
608125,2021-10-12,1244.144515,1257.12415,1271.882925,1231.24575,280650.0
608125,2021-10-13,1232.05445,1244.5893,1257.28589,1226.63616,190206.0
608125,2021-10-22,1274.147285,1298.7722,1327.48105,1262.502005,200810.0
608125,2021-11-26,1340.7032949999998,1297.1548,1437.22164,1289.79563,1469018.0
608125,2021-12-29,1315.6335949999998,1313.3288,1335.81066,1311.104875,261947.0
608125,2022-01-12,1531.313885,1524.3995,1548.49876,1520.356,241825.0
608125,2022-03-04,1232.660975,1266.4242,1273.7025,1229.224,140704.0
608125,2022-03-08,1163.31495,1167.7628,1224.3718,1153.2062,282628.0
608125,2022-04-19,1481.0127449999998,1536.53,1560.62926,1439.72861,335058.0
608125,2022-05-04,1291.41303,1326.268,1331.160635,1280.01036,69279.0
608125,2022-06-21,962.716915,950.2225,970.44,932.067185,93279.0
608125,2022-06-22,981.68093,962.353,1001.1706,942.580285,217287.0
608125,2022-07-21,1094.9798,1091.745,1104.60333,1084.06235,54347.0
608125,2022-08-10,1241.6375449999998,1191.2151,1252.6763,1182.3194,429299.0
608125,2022-08-18,1452.99129,1436.2512,1467.7905,1436.2512,320120.0
608125,2022-09-21,1564.55,1546.0,1589.3,1525.5,37539.0
608125,2022-10-04,1480.95,1480.0,1498.95,1470.0,42105.0
608125,2022-10-14,1517.75,1531.5,1542.8,1506.3,23526.0
608125,2022-10-18,1567.3,1540.0,1597.9,1515.25,131512.0
608125,2022-11-14,1526.85,1535.0,1544.8,1518.0,40160.0
608125,2022-11-15,1498.75,1526.9,1536.0,1492.0,44615.0
608125,2022-11-16,1498.65,1500.0,1510.9,1484.05,34049.0
608125,2022-12-30,1468.3,1461.35,1499.8,1457.0,67697.0
608125,2023-01-05,1484.7,1510.0,1514.95,1481.0,46423.0
608125,2023-01-18,1511.5,1512.0,1523.85,1509.65,26635.0
608125,2023-01-27,1448.2,1495.0,1509.15,1412.0,55593.0
608125,2023-02-14,1383.25,1386.0,1391.8,1374.1,35102.0
608125,2023-02-15,1380.35,1383.0,1394.9,1375.95,24755.0
608125,2023-03-16,1242.4,1161.0,1251.0,1128.0,550817.0
608125,2023-03-28,1250.35,1254.9,1259.7,1240.6,62711.0
608125,2023-06-27,1573.7,1584.3,1592.95,1566.0,122594.0
608125,2023-07-04,1576.5,1592.5,1609.0,1573.0,117940.0
608125,2023-08-14,1933.45,1956.0,1968.95,1914.0,191909.0
608125,2021-03-03,956.409055,999.5532,1010.511085,946.25987,594234.0
608125,2021-04-23,912.29447,939.30505,953.416865,904.9353,264466.0
608125,2021-04-29,941.73115,961.38256,969.46956,937.728085,197733.0
608125,2021-04-30,943.874205,930.8137,976.9096,928.3876,429313.0
608125,2021-05-03,938.73896,939.668965,953.416865,922.7267,227337.0
608125,2021-06-07,1092.917615,1098.659385,1115.075995,1084.668875,609576.0
608125,2021-07-22,1035.499915,1035.136,1068.93966,1032.30555,328543.0
608125,2021-08-12,1065.78573,1047.2665,1069.9909699999998,1046.9025849999998,99029.0
608125,2021-08-18,1055.75785,1053.7361,1063.4405,1049.409555,142302.0
608125,2021-08-26,1049.652165,1055.11089,1065.7048599999998,1044.11257,97562.0
608125,2021-09-09,1076.2583949999998,1084.4667,1091.34065,1072.780985,81090.0
608125,2021-10-07,1243.901905,1218.7109,1259.752425,1196.876,729523.0
608125,2021-10-20,1246.36844,1268.44595,1327.8854,1221.137,545413.0
608125,2021-10-25,1244.629735,1280.9808,1280.9808,1233.34837,122029.0
608125,2021-10-26,1296.629145,1241.3545,1340.8246,1234.682725,504017.0
608125,2021-11-09,1346.9707199999998,1291.57477,1356.35164,1289.95737,444817.0
608125,2021-11-11,1311.46879,1321.537105,1330.3115,1303.30092,120943.0
608125,2021-12-22,1401.194055,1399.051,1433.0164,1395.0479349999998,113952.0
608125,2022-01-31,1470.13573,1461.40177,1497.30805,1458.288275,184087.0
608125,2022-03-09,1148.556175,1171.8063,1191.9024949999998,1136.62785,424975.0
608125,2022-03-23,1240.95015,1261.531565,1261.531565,1237.311,64197.0
608125,2022-03-30,1381.82569,1337.91328,1395.0075,1319.353615,263175.0
608125,2022-06-02,1111.71989,1124.9017,1141.0757,1109.5364,72103.0
608125,2022-08-04,1160.40363,1155.6323,1172.37239,1132.9887,238128.0
608125,2022-08-25,1454.1234699999998,1466.9818,1479.1123,1447.73474,299637.0
608125,2022-09-13,1536.7,1570.0,1570.0,1502.8,91607.0
608125,2022-12-21,1436.0,1467.0,1489.0,1424.9,105230.0
608125,2023-01-03,1522.3,1519.95,1539.9,1510.45,80480.0
608125,2023-02-07,1368.7,1386.0,1393.85,1362.95,42690.0
608125,2023-03-10,1169.7,1178.05,1182.05,1167.25,73923.0
608125,2023-03-13,1176.95,1169.7,1188.0,1161.6,78613.0
608125,2023-03-29,1247.0,1250.0,1265.05,1242.65,86305.0
608125,2023-04-24,1194.45,1213.9,1213.9,1190.0,46729.0
608125,2023-05-12,1376.2,1394.7,1397.8,1363.7,89973.0
608125,2023-06-02,1496.75,1504.0,1518.8,1489.05,170153.0
608125,2023-06-23,1629.3,1624.0,1648.0,1576.0,298767.0
608125,2023-07-27,1803.85,1802.0,1823.8,1793.05,127211.0
608125,2023-08-07,2004.7,2012.95,2017.0,1907.95,420071.0
608125,2023-08-09,2025.8,2048.0,2052.6,2012.2,138391.0
608125,2021-04-28,953.13382,966.356065,989.8488,946.179,294584.0
608125,2021-07-16,1056.849595,1082.8493,1090.3702099999998,1053.0082699999998,608026.0
608125,2021-07-29,1035.823395,1043.991265,1050.09695,1033.478165,118242.0
608125,2021-09-01,1092.9984849999998,1067.07965,1115.1973,1063.4405,686686.0
608125,2021-09-06,1094.049795,1092.5537,1105.89725,1087.903675,221437.0
608125,2021-09-20,1129.67303,1131.8565199999998,1166.1454,1118.715145,277029.0
608125,2021-12-24,1338.115455,1383.079175,1393.2283599999998,1334.880655,193845.0
608125,2022-02-03,1493.062375,1496.095,1507.4168,1485.66277,87191.0
608125,2022-04-12,1471.550955,1513.0777,1513.0777,1457.2774,143945.0
608125,2022-08-01,1070.88054,1035.9447,1082.0406,1035.904265,217677.0
608125,2022-08-02,1149.40531,1069.9101,1175.60719,1063.4405,705915.0
608125,2022-08-08,1185.271155,1149.1627,1191.94293,1144.3105,336910.0
608125,2022-08-24,1452.26346,1495.2863,1500.05763,1439.486,222766.0
608125,2022-11-18,1494.95,1491.0,1516.45,1478.0,45841.0
608125,2022-12-02,1462.75,1475.0,1486.45,1450.0,45951.0
608125,2022-12-09,1537.2,1552.0,1564.95,1512.6,106927.0
608125,2023-01-11,1503.95,1512.0,1531.0,1489.65,52324.0
608125,2023-02-23,1368.25,1378.0,1389.95,1360.2,41370.0
608125,2023-03-02,1210.95,1225.0,1240.0,1206.0,111440.0
608125,2023-03-08,1186.6,1210.35,1216.45,1182.1,124050.0
608125,2023-03-23,1248.3,1190.0,1259.0,1181.8,413348.0
608125,2023-04-12,1226.95,1267.0,1272.45,1215.25,113532.0
608125,2023-04-21,1208.05,1217.0,1224.05,1201.0,38578.0
608125,2023-06-05,1510.5,1505.05,1530.0,1505.05,211743.0
608125,2023-06-15,1507.1,1514.35,1520.3,1500.0,68052.0
608125,2023-07-18,1592.8,1618.95,1618.95,1585.0,104108.0
608125,2023-07-24,1772.55,1697.0,1795.0,1690.05,1488866.0
608125,2023-08-01,1974.5,2014.9,2018.0,1962.7,467148.0
608125,2021-03-04,966.517805,943.7529,999.5532,930.005,595932.0
608125,2021-03-24,1056.849595,1092.95805,1092.95805,1049.6926,491964.0
608125,2021-04-09,1024.663335,1032.7099,1039.139065,1019.44722,249155.0
608125,2021-04-19,933.88676,930.8137,950.2225,905.784435,204012.0
608125,2021-04-27,957.98602,921.59452,968.8226,920.3006,309038.0
608125,2021-05-14,1047.873025,1076.905355,1085.7606199999998,1036.146875,374461.0
608125,2021-06-02,1056.526115,1042.33343,1066.59443,1038.53254,269249.0
608125,2021-09-02,1081.514945,1098.2146,1110.304665,1072.3362,310426.0
608125,2021-09-23,1122.79908,1144.3105,1154.98534,1117.70427,171054.0
608125,2021-10-18,1325.499735,1341.6333,1370.50389,1315.229245,661216.0
608125,2021-11-25,1309.406605,1263.9981,1325.86365,1263.9981,195204.0
608125,2022-01-06,1505.031135,1462.250905,1552.54226,1455.781305,1359785.0
608125,2022-01-11,1530.1412699999998,1497.06544,1542.959165,1477.050115,412607.0
608125,2022-03-22,1251.30151,1269.214215,1269.214215,1245.47887,89008.0
608125,2022-03-28,1268.1224699999998,1245.31713,1279.3634,1229.224,249375.0
608125,2022-03-29,1325.21669,1271.68075,1334.718915,1271.11466,448045.0
608125,2022-04-06,1432.12683,1446.157775,1456.4687,1413.971515,143513.0
608125,2022-04-26,1364.964295,1383.240915,1408.310615,1360.2333999999998,107271.0
608125,2022-05-12,1091.98761,1120.13037,1146.33225,1077.956665,179809.0
608125,2022-05-27,1056.6474199999998,1027.049,1066.6753,1015.7272,410344.0
608125,2022-05-30,1118.310795,1056.6474199999998,1128.9452,1054.8278449999998,153467.0
608125,2022-06-01,1126.397795,1133.7974,1167.84367,1116.97644,166793.0
608125,2022-06-10,1037.31949,1086.48845,1088.469765,1025.4316,203156.0
608125,2022-06-15,1012.41153,1003.5967,1017.223295,999.5532,81438.0
608125,2022-08-19,1470.337905,1454.0426,1493.6689,1425.01027,486295.0
608125,2022-08-22,1481.37666,1470.2166,1503.3733,1455.862175,446474.0
608125,2022-09-28,1454.55,1470.0,1472.05,1444.95,66760.0
608125,2022-10-28,1570.9,1574.5,1588.35,1561.1,19729.0
608125,2022-11-01,1557.2,1580.0,1583.95,1553.5,33166.0
608125,2022-11-02,1548.95,1557.0,1649.8,1545.0,39335.0
608125,2022-12-07,1557.1,1545.0,1579.9,1533.15,257244.0
608125,2022-12-14,1483.05,1493.0,1503.5,1478.85,53369.0
608125,2022-12-20,1465.85,1465.6,1481.7,1447.75,165955.0
608125,2022-12-26,1360.85,1320.05,1372.0,1306.55,60806.0
608125,2023-05-03,1271.3,1232.4,1298.0,1228.05,412957.0
608125,2023-05-05,1373.15,1379.5,1417.9,1362.4,501395.0
608125,2023-05-17,1422.35,1420.05,1436.95,1405.0,226297.0
608125,2023-06-20,1628.75,1583.95,1648.0,1554.4,527153.0
608125,2023-08-11,1965.15,1997.45,2053.0,1919.35,614100.0
608125,2023-08-16,1925.55,1929.9,1966.45,1911.05,241144.0
608125,2023-08-23,2142.0,2119.0,2183.7,2112.0,528099.0
608125,2021-03-15,1094.49458,1161.77842,1169.29933,1078.0779699999998,1141808.0
608125,2021-04-05,999.512765,1055.3535,1057.739165,974.928285,786274.0
608125,2021-04-06,1023.32898,1006.8315,1035.136,985.07747,578103.0
608125,2021-05-27,1067.9287849999998,1062.6318,1078.56319,1055.3535,669429.0
608125,2021-06-15,1087.86324,1111.9625,1114.348165,1080.4636349999998,359458.0
608125,2021-06-18,1109.738575,1127.89389,1138.6496,1083.98148,485149.0
608125,2021-07-06,1071.77011,1077.9971,1094.9798,1068.61618,324531.0
608125,2021-07-28,1041.484295,1058.5883,1060.2057,1035.37861,138455.0
608125,2021-08-02,1065.21964,1058.5883,1075.16665,1042.81865,183168.0
608125,2021-08-06,1085.801055,1083.81974,1110.91119,1071.60837,669744.0
608125,2021-08-13,1063.157455,1065.46225,1074.7623,1054.30219,109730.0
608125,2021-08-30,1061.17614,1055.3535,1074.7623,1052.159135,127065.0
608125,2021-09-08,1084.70931,1087.62063,1107.99987,1079.69537,278389.0
608125,2021-09-16,1178.397205,1192.872935,1208.1978,1172.77674,376686.0
608125,2021-09-24,1114.348165,1130.5626,1133.433485,1109.819445,114460.0
608125,2021-10-01,1151.548365,1156.27926,1158.70536,1133.999575,240817.0
608125,2021-10-28,1303.826575,1297.9635,1330.06889,1289.0678,299525.0
608125,2021-11-01,1308.15312,1298.7722,1341.6333,1297.9635,232020.0
608125,2021-11-03,1288.82519,1313.3288,1318.140565,1285.469085,108048.0
608125,2021-12-03,1527.6343,1540.613935,1567.01799,1501.7559,890072.0
608125,2021-12-07,1653.104105,1661.0698,1686.1395,1599.6086,1887200.0
608125,2021-12-09,1619.66436,1629.5304999999998,1648.1710349999998,1605.2695,333315.0
608125,2021-12-20,1380.976555,1395.0075,1408.229745,1342.442,311703.0
608125,2022-01-18,1477.41403,1504.10113,1513.037265,1471.834,231264.0
608125,2022-02-14,1399.61709,1480.7297,1483.9645,1374.79,174453.0
608125,2022-03-10,1191.61945,1175.8498,1216.244365,1160.605805,390322.0
608125,2022-03-11,1198.4934,1200.1108,1217.01263,1191.37684,151819.0
608125,2022-03-16,1240.424495,1238.483615,1261.572,1233.2675,112763.0
608125,2022-04-04,1435.52337,1438.394255,1458.5713199999998,1424.28244,157203.0
608125,2022-05-23,1126.963885,1131.3713,1140.267,1120.29211,48903.0
608125,2022-06-16,970.965655,1022.965065,1027.049,962.353,134507.0
608125,2022-06-28,1024.78464,1019.04287,1040.7969,980.54875,135646.0
608125,2022-08-29,1467.992675,1454.1234699999998,1500.05763,1448.017785,247792.0
608125,2022-09-14,1512.55,1500.0,1535.0,1481.1,18596.0
608125,2022-10-11,1529.4,1530.0,1548.0,1510.0,107471.0
608125,2022-11-30,1468.45,1477.0,1488.3,1463.0,81741.0
608125,2022-12-16,1467.15,1489.0,1498.75,1460.0,78407.0
608125,2022-12-23,1322.0,1380.0,1388.0,1313.0,72195.0
608125,2023-01-24,1514.9,1511.1,1525.0,1499.25,31951.0
608125,2023-02-06,1362.5,1385.0,1393.5,1355.1,48140.0
608125,2023-03-22,1198.05,1204.0,1204.95,1190.1,42090.0
608125,2023-04-18,1245.3,1234.0,1269.0,1234.0,351607.0
608125,2023-05-08,1399.95,1389.9,1445.0,1389.9,605367.0
608125,2023-05-11,1393.9,1391.0,1413.95,1386.85,99146.0
608125,2023-05-16,1423.85,1418.8,1452.0,1415.35,348914.0
608125,2023-05-19,1418.25,1450.0,1455.0,1413.5,101352.0
608125,2023-05-22,1438.1,1432.0,1448.0,1427.25,98367.0
608125,2023-06-09,1497.25,1517.8,1524.2,1484.05,90568.0
608125,2021-02-26,872.546865,851.5611,887.9526,835.6297099999999,1786629.0
608125,2021-02-24,802.513445,794.9521,816.7061299999999,792.728175,533438.0
608125,2021-03-10,1167.964975,1097.81025,1193.358155,1085.2754,3235729.0
608125,2021-04-01,1067.120085,1020.17505,1077.91623,1015.605895,563017.0
608125,2021-04-22,948.36249,921.918,955.8834,921.918,246449.0
608125,2021-04-26,920.9879949999998,917.0658,934.0485,913.831,170566.0
608125,2021-05-10,1008.165855,955.0747,1022.1968,952.608165,1091018.0
608125,2021-06-04,1088.631505,1064.2492,1104.6842,1061.25701,1519294.0
608125,2021-06-17,1117.0977449999998,1061.8231,1152.3975,1061.8231,3104943.0
608125,2021-06-22,1091.300215,1097.4059,1111.113365,1087.37802,232566.0
608125,2021-07-02,1087.256715,1100.55983,1114.3886,1082.8493,355282.0
608125,2021-07-12,1053.776535,1062.6318,1067.484,1051.31,141158.0
608125,2021-07-30,1053.857405,1036.34905,1061.8231,1036.34905,197617.0
608125,2021-08-11,1046.9025849999998,1057.7796,1058.547865,1022.43941,148455.0
608125,2021-09-28,1137.0322,1138.6496,1156.441,1119.3216699999998,242315.0
608125,2021-11-15,1286.88431,1302.007,1316.5636,1277.90774,126916.0
608125,2021-12-13,1566.168855,1568.878,1607.45299,1549.4692,306518.0
608125,2022-01-10,1497.7124,1473.04705,1509.8429,1465.566575,266536.0
608125,2022-02-04,1473.168355,1493.6689,1512.02639,1466.9818,91603.0
608125,2022-02-09,1506.729405,1496.01413,1523.5908,1492.091935,264300.0
608125,2022-02-10,1504.788525,1506.6081,1556.7475,1485.74364,769734.0
608125,2022-02-11,1502.64547,1516.3125,1534.02303,1490.11062,206737.0
608125,2022-03-02,1256.80067,1254.2937,1278.63557,1245.398,79476.0
608125,2022-03-03,1275.56251,1265.8985449999998,1305.2418,1265.6155,120931.0
608125,2022-03-24,1221.05613,1234.8849,1247.0154,1215.4761,90514.0
608125,2022-04-13,1496.701525,1482.58971,1509.802465,1472.15748,184408.0
608125,2022-04-28,1358.171215,1365.8943,1386.9205,1324.6910349999998,171310.0
608125,2022-05-06,1280.01036,1278.5547,1289.22954,1261.572,58965.0
608125,2022-06-08,1098.901995,1082.8493,1111.1538,1073.266205,102622.0
608125,2022-06-13,980.346575,1013.3011,1018.88113,974.523935,125950.0
608125,2022-06-23,982.24702,982.530065,986.614,971.2487,87086.0
608125,2022-08-05,1149.89053,1133.7974,1162.82973,1133.7974,127710.0
608125,2022-09-07,1487.158865,1474.2601,1503.332865,1472.036175,410108.0
608125,2022-10-07,1520.0,1503.05,1544.0,1503.05,123958.0
608125,2022-10-25,1560.2,1595.35,1598.15,1549.95,58024.0
608125,2022-11-17,1486.1,1490.15,1505.0,1480.0,26088.0
608125,2022-11-21,1488.5,1494.95,1500.0,1484.0,30132.0
608125,2022-12-29,1468.7,1389.0,1505.0,1380.15,180210.0
608125,2023-01-17,1509.35,1514.0,1528.05,1503.0,39826.0
608125,2023-02-21,1425.55,1435.0,1442.95,1417.0,177685.0
608125,2023-03-06,1210.35,1219.0,1224.6,1205.0,70546.0
608125,2023-03-17,1217.05,1241.5,1249.0,1212.2,133817.0
608125,2021-03-16,1113.98425,1099.99374,1151.50793,1091.745,1471057.0
608125,2021-05-04,941.00332,939.30505,994.78187,931.70327,730139.0
608125,2023-04-03,1261.85,1261.0,1300.0,1252.2,137979.0
608125,2023-06-01,1498.2,1436.55,1505.0,1436.55,476949.0
608125,2021-05-21,1063.238325,1080.4636349999998,1097.72938,1055.3535,972649.0
608125,2021-07-15,1070.193145,1068.21183,1090.248905,1066.75617,511166.0
608125,2023-06-07,1522.25,1502.0,1537.0,1500.0,219180.0
608125,2023-07-05,1593.75,1580.0,1611.0,1580.0,110673.0
608125,2021-08-03,1079.007975,1065.179205,1083.658,1065.0579,346199.0
608125,2023-08-04,2005.3,2058.5,2074.95,1985.0,281046.0
608125,2023-08-18,2027.2,2041.0,2041.0,1989.05,321678.0
608125,2021-12-27,1294.607395,1298.7722,1324.73147,1269.861175,439152.0
608125,2022-01-24,1440.2947,1459.905675,1478.38447,1417.08501,379139.0
608125,2022-03-17,1257.8115449999998,1265.6155,1271.51901,1249.4415,176495.0
608125,2022-05-25,1050.218255,1118.4321,1118.4321,1027.45335,218497.0
608125,2022-07-22,1074.92404,1094.9798,1099.832,1065.0579,81812.0
608125,2022-07-26,1014.43328,1047.2665,1055.151325,1010.875,119452.0
608125,2022-08-17,1462.9383,1426.87028,1488.008,1408.7554,993145.0
608125,2022-10-21,1592.95,1639.95,1642.9,1590.25,50102.0
608125,2022-10-24,1592.25,1602.0,1620.0,1588.0,11364.0
608125,2022-10-31,1576.1,1578.8,1585.0,1561.55,24012.0
608125,2022-12-13,1491.65,1514.0,1524.0,1482.15,68108.0
608125,2023-01-02,1518.65,1475.0,1535.0,1472.65,261207.0
608125,2023-01-06,1486.0,1486.0,1517.8,1476.0,95706.0
608125,2023-02-01,1396.05,1539.8,1579.9,1378.0,402124.0
608125,2023-02-08,1395.6,1378.0,1402.5,1363.05,40143.0
608125,2023-03-27,1249.3,1286.9,1286.9,1229.95,231971.0
608125,2023-04-26,1204.7,1188.6,1215.0,1184.1,72518.0
608125,2023-05-10,1399.8,1414.9,1418.5,1385.1,129341.0
608125,2023-07-25,1804.45,1779.85,1815.15,1747.2,771301.0
608125,2021-02-19,789.978595,814.3609,834.6592699999999,779.546365,889961.0
608125,2021-03-19,1085.84149,1052.9274,1111.80076,999.270155,1051422.0
608125,2021-03-05,954.266,966.3965,990.6575,927.5789,1426685.0
608125,2021-04-20,941.00332,950.2225,963.56605,920.260165,278369.0
608125,2021-05-12,1067.281825,1067.88835,1111.9625,1043.223,1138619.0
608125,2021-05-26,1060.44831,1065.8666,1079.169715,1053.7361,235886.0
608125,2021-06-03,1054.989585,1059.397,1079.37189,1041.6056,356564.0
608125,2021-07-14,1062.348755,1058.42656,1095.62676,1048.0752,1496078.0
608125,2021-07-23,1043.86996,1040.7969,1046.53867,1032.912075,170883.0
608125,2021-09-13,1085.7606199999998,1081.95973,1107.1103,1078.118405,279362.0
608125,2021-09-14,1159.231015,1090.69369,1166.9541,1086.690625,1551014.0
608125,2021-10-04,1155.6323,1151.5888,1163.7193,1146.696165,160175.0
608125,2021-10-29,1298.28698,1287.93562,1329.5028,1265.6155,178479.0
608125,2021-11-10,1324.24625,1342.36113,1374.79,1298.28698,535616.0
608125,2021-11-23,1263.472445,1272.9746699999998,1289.7147599999998,1253.64674,157208.0
608125,2022-01-20,1478.829255,1488.0888699999998,1512.269,1462.1296,303346.0
608125,2022-04-11,1508.46811,1506.163315,1535.7213,1481.5384,351507.0
608125,2022-04-21,1440.901225,1483.88363,1491.32367,1424.322875,132547.0
608125,2022-05-02,1319.757965,1335.9724,1356.83686,1313.49054,86743.0
608125,2022-05-09,1263.553315,1269.659,1279.3634,1237.311,104864.0
608125,2022-05-11,1148.0305199999998,1225.9892,1229.224,1099.832,268397.0
608125,2022-05-17,1164.972785,1133.999575,1170.9976,1133.999575,70607.0
608125,2022-06-20,927.2554199999998,970.35913,970.35913,895.2309,182854.0
608125,2022-06-27,1024.339855,1036.7534,1043.020825,1019.7707,181295.0
608125,2022-07-12,1064.289635,1065.0579,1077.1884,1055.3535,112929.0
608125,2022-08-30,1493.871075,1487.401475,1520.27513,1483.8027599999998,321940.0
608125,2022-11-22,1479.45,1476.0,1496.9,1476.0,23079.0
608125,2022-12-05,1561.1,1474.0,1574.0,1466.5,678021.0
608125,2023-01-13,1526.65,1502.0,1530.0,1500.0,78503.0
608125,2023-02-03,1374.25,1410.0,1420.5,1346.5,93394.0
608125,2023-02-22,1375.5,1424.0,1424.0,1371.0,57414.0
608125,2023-05-25,1410.8,1410.1,1430.1,1404.05,48540.0
608125,2023-05-29,1423.95,1429.0,1439.0,1416.4,73459.0
608125,2023-07-13,1568.2,1579.8,1605.0,1557.05,112332.0
608125,2023-07-20,1605.4,1610.9,1630.95,1600.0,119183.0
608125,2021-04-07,1039.624285,1022.1968,1062.6318,1006.0228,781088.0
608125,2021-04-15,978.76961,959.52255,993.043165,956.04514,317131.0
608125,2021-04-16,982.89398,982.5705,1005.820625,973.068275,303623.0
608125,2021-05-06,963.1617,967.77129,974.4835,955.8834,154350.0
608125,2021-05-17,1054.14045,1057.334815,1069.9101,1035.86383,487954.0
608125,2021-05-31,1052.967835,1065.8666,1066.6753,1047.2665,248427.0
608125,2021-06-01,1044.9212699999998,1067.484,1073.1449,1041.6056,417456.0
608125,2021-06-08,1082.404515,1099.832,1102.2581,1078.8058,219916.0
608125,2021-07-01,1096.11198,1085.639315,1115.92513,1078.199275,1044834.0
608125,2021-09-03,1087.175845,1083.90061,1095.7885,1073.9536,188033.0
608125,2021-11-08,1291.615205,1289.8765,1306.0505,1285.99474,192962.0
608125,2021-12-10,1570.940185,1620.6348,1631.9566,1560.791,403428.0
608125,2022-05-24,1105.614205,1124.17387,1135.374365,1095.86937,49871.0
608125,2022-05-26,1018.47678,1050.218255,1066.796605,959.643855,249363.0
608125,2022-06-03,1112.04337,1122.79908,1138.2856849999998,1088.5506349999998,138841.0
608125,2022-06-24,1019.85157,986.614,1049.5308599999998,981.7618,139955.0
608125,2022-06-29,1038.12819,1016.45503,1065.745295,1006.224975,293353.0
608125,2022-08-23,1487.724955,1478.3036,1511.4603,1471.834,298492.0
608125,2022-09-15,1526.05,1520.0,1535.0,1500.0,17474.0
608125,2022-09-19,1523.35,1543.0,1558.0,1509.5,13506.0
608125,2022-09-27,1481.7,1498.0,1524.95,1476.0,31846.0
608125,2022-10-17,1526.2,1503.2,1549.0,1496.5,50486.0
608125,2022-10-19,1599.05,1567.3,1619.0,1567.2,103159.0
608125,2022-11-23,1480.5,1486.85,1499.8,1475.85,22080.0
608125,2022-11-29,1472.8,1490.0,1500.0,1470.0,56222.0
608125,2023-01-10,1507.15,1503.0,1522.6,1486.8,54725.0
608125,2023-04-11,1266.8,1274.0,1278.3,1259.2,38675.0
608125,2023-05-02,1234.95,1216.0,1255.55,1214.0,153378.0
608125,2023-05-26,1424.6,1417.4,1460.0,1398.2,298247.0
608125,2023-07-11,1613.85,1570.0,1633.3,1569.95,285078.0
608125,2023-07-28,1815.85,1800.1,1828.0,1800.0,179386.0
608125,2023-07-31,2014.9,1829.25,2056.55,1822.65,3050410.0
608125,2021-04-12,945.895955,982.5705,1000.159725,934.493285,457096.0
608125,2021-05-07,950.38424,964.13214,970.884785,942.1355,127337.0
608125,2021-05-19,1056.89003,1059.07352,1070.55706,1043.30387,350765.0
608125,2021-06-24,1082.970605,1093.3624,1097.56764,1077.552315,165263.0
608125,2021-06-30,1080.82755,1084.4667,1088.954985,1071.5275,176356.0
608125,2021-07-05,1075.40926,1094.1711,1095.667195,1071.8105449999998,271746.0
608125,2021-07-08,1067.484,1074.7623,1083.9410449999998,1061.054835,211873.0
608125,2021-07-19,1049.733035,1048.0752,1064.16833,1045.285185,180105.0
608125,2021-08-05,1083.81974,1086.0841,1089.359335,1064.2492,165428.0
608125,2021-08-16,1051.55261,1063.4405,1071.36576,1040.028635,135551.0
608125,2021-08-24,1042.33343,1046.86215,1052.078265,1029.4751,110702.0
608125,2021-08-31,1069.465315,1054.5448,1077.9971,1054.5448,99077.0
608125,2021-12-02,1531.5564949999998,1500.1385,1657.835,1492.2941099999998,4776097.0
608125,2022-01-05,1488.008,1403.0945,1499.693715,1381.138295,1576287.0
608125,2022-01-14,1536.93435,1499.08719,1560.62926,1488.97844,485879.0
608125,2022-01-27,1444.7829849999998,1415.225,1461.927425,1407.9467,95513.0
608125,2022-02-07,1473.7344449999998,1480.7297,1480.851005,1452.02085,88631.0
608125,2022-02-08,1487.76539,1479.880565,1503.3733,1442.3973199999998,208857.0
608125,2022-03-21,1255.9919699999998,1264.40245,1280.9808,1247.8241,217581.0
608125,2022-03-25,1242.0418949999998,1229.06226,1257.5285,1222.552225,108876.0
608125,2022-05-16,1127.0043199999998,1107.1103,1142.36962,1088.227155,90703.0
608125,2022-06-09,1088.5506349999998,1097.81025,1103.835065,1082.0406,52922.0
608125,2022-07-05,1038.69428,1023.32898,1046.4578,1023.32898,107851.0
608125,2022-07-28,1018.193735,1017.3446,1031.132935,1013.179795,56199.0
608125,2022-07-29,1029.515535,1023.288545,1048.0752,1023.288545,166653.0
608125,2022-08-03,1157.290135,1168.5715,1180.37852,1134.6061,688307.0
608125,2022-09-05,1466.456145,1535.7213,1542.9996,1456.54957,254796.0
608125,2022-09-06,1476.322285,1471.834,1504.02026,1455.57913,271720.0
608125,2022-09-29,1479.9,1465.0,1497.8,1465.0,38590.0
608125,2022-10-13,1519.4,1521.0,1531.95,1512.0,19443.0
608125,2022-11-24,1481.5,1490.0,1495.0,1476.0,45354.0
608125,2022-12-12,1506.15,1537.95,1540.0,1502.15,53114.0
608125,2023-01-20,1502.75,1507.0,1525.0,1492.05,36150.0
608125,2023-01-31,1539.75,1473.9,1544.9,1470.9,143956.0
608125,2023-02-16,1415.75,1382.7,1428.75,1377.25,73029.0
608125,2023-02-28,1243.95,1295.0,1295.0,1230.0,113946.0
608125,2023-03-01,1221.8,1235.0,1235.05,1206.4,166593.0
608125,2023-04-20,1213.6,1240.55,1240.55,1212.0,48696.0
608125,2023-05-09,1411.4,1400.0,1420.0,1378.8,252454.0
608125,2023-05-30,1432.0,1431.9,1444.8,1420.85,76116.0
608125,2023-06-06,1498.8,1518.4,1524.75,1494.2,114266.0
608125,2023-06-13,1499.05,1522.0,1527.3,1491.1,83780.0
608125,2023-06-16,1550.9,1510.0,1564.9,1510.0,356603.0
608125,2023-06-28,1612.05,1585.8,1639.9,1581.2,290408.0
608125,2023-07-12,1571.6,1625.8,1639.55,1551.0,280002.0
608125,2023-07-26,1802.0,1812.9,1824.0,1788.0,223133.0
608125,2021-03-01,942.21637,881.483,958.3095,873.396,2250849.0
608125,2021-02-25,865.55161,806.1121599999999,881.483,805.06085,2825075.0
608125,2021-03-02,992.881425,950.2225,1006.8315,939.7094,1640591.0
608125,2021-03-22,1121.74777,1124.093,1148.313565,1099.91287,1563755.0
608125,2021-03-17,1112.326415,1124.9017,1148.92009,1091.82587,1282165.0
608125,2021-03-25,1022.60115,1051.31,1051.31,1005.45671,650578.0
608125,2021-05-20,1070.79967,1061.17614,1095.54589,1046.7408449999998,1090308.0
608125,2021-06-09,1072.25533,1088.34846,1113.5799,1055.555675,642533.0
608125,2021-06-10,1070.7188,1079.53363,1087.29715,1063.642675,267191.0
608125,2021-06-21,1092.108915,1080.4232,1105.97812,1080.4232,231373.0
608125,2021-06-23,1085.19453,1096.5972,1129.956075,1082.081035,630630.0
608125,2021-06-28,1087.256715,1094.49458,1094.49458,1080.4636349999998,178958.0
608125,2021-07-09,1054.62567,1069.66749,1072.538375,1053.08914,225659.0
608125,2021-09-21,1124.537785,1131.3713,1137.76003,1113.5799,180958.0
608125,2021-09-22,1138.32612,1124.093,1156.441,1119.07906,195620.0
608125,2021-11-12,1309.649215,1317.250995,1323.27581,1304.02875,59239.0
608125,2021-11-18,1312.11575,1357.72643,1357.72643,1303.05831,420040.0
608125,2022-01-03,1322.911895,1334.355,1349.841605,1318.181,157091.0
608125,2022-02-16,1404.95451,1418.823715,1454.0426,1397.67621,136027.0
608125,2022-02-18,1350.084215,1399.4957849999998,1404.994945,1189.5977,128347.0
608125,2022-02-23,1287.4908349999998,1233.227065,1293.92,1229.2644349999998,273313.0
608125,2022-04-01,1438.394255,1457.2774,1471.0253,1433.0164,178177.0
608125,2022-04-20,1469.32703,1492.0515,1511.4603,1458.0861,140854.0
608125,2022-06-06,1089.07629,1111.80076,1111.80076,1083.73887,49802.0
608125,2022-07-01,1031.9012,1014.9185,1039.1795,1003.11148,76162.0
608125,2022-07-13,1054.5448,1071.5275,1075.571,1047.34737,63619.0
608125,2022-07-14,1042.939955,1054.5448,1063.84485,1035.9447,45983.0
608125,2022-07-19,1075.81361,1068.2927,1089.3189,1065.8666,100500.0
608125,2022-07-27,1011.562395,1018.921565,1035.136,1002.747565,132588.0
608125,2022-09-01,1516.514675,1488.8167,1536.44913,1484.813635,311042.0
608125,2022-10-20,1634.7,1583.0,1639.9,1583.0,109693.0
608125,2022-11-04,1549.5,1525.5,1566.85,1525.5,55630.0
608125,2022-11-25,1476.25,1482.5,1496.0,1472.0,36304.0
608125,2022-12-15,1493.15,1488.0,1514.0,1478.05,79917.0
608125,2022-12-19,1465.6,1467.15,1477.5,1458.5,34034.0
608125,2023-01-23,1510.85,1518.3,1536.0,1502.0,73107.0
608125,2023-01-25,1492.9,1518.0,1518.9,1482.45,35948.0
608125,2023-01-30,1463.05,1448.2,1495.95,1433.35,50409.0
608125,2023-02-02,1392.55,1403.0,1450.0,1367.2,121083.0
608125,2023-03-31,1257.4,1261.3,1279.4,1250.1,67991.0
608125,2023-05-23,1419.55,1439.95,1443.9,1415.65,55771.0
608125,2023-05-31,1436.55,1439.0,1455.85,1428.15,195087.0
608125,2023-06-14,1514.35,1504.95,1521.0,1498.15,62406.0
608125,2023-06-21,1641.6,1659.0,1749.6,1625.7,2018498.0
608125,2023-06-22,1622.9,1659.9,1674.05,1605.0,255306.0
608125,2023-07-19,1610.9,1605.25,1622.0,1592.1,107779.0
608125,2021-03-18,1056.687855,1130.279555,1136.0617599999998,1032.507725,935260.0
608125,2021-06-14,1108.444655,1109.5364,1124.01213,1084.87105,2165324.0
608125,2021-07-13,1055.6365449999998,1060.2057,1063.3596300000002,1052.1187,90834.0
608125,2021-08-20,1040.14994,1044.8404,1051.31,1025.51247,214190.0
608125,2021-08-25,1051.754785,1044.0317,1057.0517699999998,1044.0317,101970.0
608125,2021-09-29,1159.99928,1132.0182599999998,1178.2759,1124.214305,589823.0
608125,2021-10-05,1175.20284,1146.049205,1189.5977,1146.049205,457392.0
608125,2021-11-22,1272.449015,1306.0505,1321.9010199999998,1269.82074,162866.0
608125,2021-11-24,1261.572,1259.1459,1276.85643,1259.1459,112335.0
608125,2021-12-08,1627.50875,1635.02966,1652.942365,1610.970835,483763.0
608125,2021-12-17,1443.327325,1496.297175,1500.017195,1427.3555,308445.0
608125,2022-01-04,1399.13187,1338.3985,1413.93108,1310.74096,835080.0
608125,2022-01-13,1500.3811099999998,1525.2082,1538.06653,1493.02194,183377.0
608125,2022-01-25,1442.9634099999998,1441.548185,1504.182,1394.562715,387713.0
608125,2022-01-28,1453.759555,1458.8948,1524.3995,1443.8125449999998,414037.0
608125,2022-02-01,1454.649125,1489.6254,1494.032815,1432.36944,221491.0
608125,2022-02-02,1490.11062,1454.649125,1503.3733,1454.649125,213632.0
608125,2022-02-15,1418.823715,1402.93276,1427.3555,1376.4074,164142.0
608125,2022-02-28,1262.94679,1245.398,1273.7025,1229.5070449999998,95759.0
608125,2022-03-14,1238.28144,1203.18386,1243.7806,1178.92286,224181.0
608125,2022-04-07,1449.59475,1433.42075,1506.93158,1432.2077,693637.0
608125,2022-04-08,1501.877205,1463.7469999999998,1517.889465,1463.7469999999998,603479.0
608125,2022-04-27,1356.9986,1352.55075,1364.19603,1338.843285,87316.0
608125,2022-07-08,1051.31,1049.6926,1071.4061949999998,1044.8404,106287.0
608125,2022-07-18,1071.001845,1050.5013,1074.317515,1044.9212699999998,107416.0
608125,2022-08-12,1418.1363199999998,1399.253175,1437.0599,1369.20997,966929.0
608125,2022-10-03,1460.6,1482.8,1507.55,1450.1,62552.0
608125,2022-10-12,1521.2,1531.0,1555.0,1503.7,104361.0
608125,2022-11-07,1533.8,1557.25,1559.95,1531.05,38816.0
608125,2022-12-01,1473.6,1477.45,1510.05,1467.5,86020.0
608125,2022-12-06,1547.5,1559.6,1584.9,1533.0,368231.0
608125,2023-03-09,1180.75,1189.1,1194.0,1175.0,73910.0
608125,2023-04-13,1222.85,1231.45,1239.0,1217.45,50917.0
608125,2023-04-17,1220.2,1224.4,1226.0,1212.5,48241.0
608125,2023-04-25,1189.9,1196.0,1206.85,1186.95,57875.0
608125,2023-06-12,1515.7,1509.4,1524.0,1500.5,112757.0
608125,2023-08-08,2047.85,2100.0,2134.5,2026.85,883400.0
608125,2023-08-10,1981.35,2028.9,2055.0,1968.05,198674.0
608125,2023-08-22,2082.25,2072.0,2134.0,2064.9,518600.0
608125,2021-03-09,1087.014105,1221.9457,1247.17714,1071.5275,5699342.0
608125,2021-03-26,1032.62903,1034.3273,1063.4405,1022.68202,521229.0
608125,2021-03-12,1149.64792,1179.8933,1187.1716,1126.84258,1488895.0
608125,2021-04-13,973.634365,957.09645,986.614,952.72947,334403.0
608125,2021-03-30,1033.316425,1042.212125,1056.9709,1023.369415,344081.0
608125,2021-05-25,1061.944405,1079.6145,1083.860175,1058.952215,328648.0
608125,2021-07-26,1057.820035,1044.35518,1068.61618,1040.594725,320992.0
608125,2021-07-27,1057.0517699999998,1061.8231,1067.484,1051.31,162083.0
608125,2021-08-09,1076.743615,1079.6145,1082.6875599999998,1067.56487,114970.0
608125,2021-08-10,1054.342625,1069.1822699999998,1082.161905,1047.34737,116027.0
608125,2021-08-17,1054.14045,1047.2665,1061.8231,1045.24475,151727.0
608125,2021-08-27,1050.17782,1049.652165,1054.22132,1033.8016449999998,116220.0
608125,2021-10-08,1224.04832,1245.15539,1266.66681,1217.9022,513198.0
608125,2021-10-11,1260.480255,1236.5023,1284.175165,1216.406105,729658.0
608125,2021-12-01,1499.73415,1509.0342,1538.915665,1468.073545,539939.0
608125,2021-10-27,1311.5900949999998,1296.629145,1324.6506,1294.32435,138268.0
608125,2021-11-02,1306.010065,1306.8592,1353.35945,1298.7722,376608.0
608125,2021-12-06,1628.7218,1551.81443,1666.852005,1538.106965,2272229.0
608125,2021-12-15,1532.72911,1576.07543,1578.056745,1507.0528849999998,147113.0
608125,2021-11-16,1299.82351,1289.0678,1321.4158,1289.0678,189583.0
608125,2021-12-23,1382.7556949999998,1409.5641,1423.312,1375.03261,221569.0
608125,2021-12-21,1404.347985,1398.08056,1475.0688,1389.791385,505628.0
608125,2022-01-17,1506.12288,1531.6778,1581.0085,1491.2428,463204.0
608125,2021-12-30,1319.272745,1320.6071,1338.31763,1302.007,301934.0
608125,2022-02-17,1399.4957849999998,1406.3293,1418.21719,1397.4335999999998,174964.0
608125,2022-01-19,1480.284915,1472.6427,1503.3733,1424.36331,288715.0
608125,2022-02-25,1249.11802,1212.2413,1262.46157,1212.2413,221078.0
608125,2022-02-21,1242.931465,1326.268,1331.1202,1229.224,392583.0
608125,2022-03-15,1226.7979,1237.311,1264.8068,1215.07175,160339.0
608125,2022-03-31,1470.903995,1368.3204,1479.921,1367.390395,703859.0
608125,2022-02-22,1220.57091,1213.05,1243.093205,1192.8325,235501.0
608125,2022-02-24,1190.56814,1253.485,1253.485,1180.702,246405.0
608125,2022-04-05,1446.157775,1462.9383,1494.4776,1437.8686,470358.0
608125,2022-03-07,1164.568435,1196.876,1218.7109,1145.9279,136907.0
608125,2022-04-22,1425.49549,1437.0599,1471.75313,1411.1815,148240.0
608125,2022-04-29,1342.320695,1362.74037,1389.306165,1336.61936,82827.0
608125,2022-05-18,1188.46552,1178.2759,1203.305165,1170.83586,83320.0
608125,2022-05-05,1308.517035,1300.349165,1320.20275,1295.739575,92537.0
608125,2022-07-11,1071.001845,1056.9709,1082.0406,1047.34737,96944.0
608125,2022-05-19,1123.890825,1149.9714,1164.244955,1091.82587,94147.0
608125,2022-07-15,1044.67866,1051.31,1063.4405,1035.9447,66652.0
608125,2022-05-31,1145.644855,1137.8409,1158.0584,1112.60946,177680.0
608125,2022-08-11,1442.07384,1252.6763,1483.47928,1217.0935,2132543.0
608125,2022-06-07,1075.571,1115.1973,1124.052565,1061.0144,443086.0
608125,2022-09-16,1539.45,1505.65,1562.0,1505.65,60725.0
608125,2022-07-04,1021.347665,1033.43773,1037.96645,1012.4924,49353.0
608125,2022-10-06,1503.05,1488.4,1518.0,1487.85,37450.0
608125,2022-07-06,1040.999075,1030.324235,1055.3535,1028.42379,74395.0
608125,2022-10-27,1583.2,1563.0,1595.0,1561.75,44475.0
608125,2022-07-07,1047.873025,1046.21519,1065.0579,1041.6056,62390.0
608125,2022-09-02,1531.11171,1526.8256,1563.985365,1501.7559,334548.0
608125,2022-11-11,1533.35,1547.0,1547.0,1524.0,41904.0
608125,2022-12-27,1389.15,1365.15,1410.0,1365.0,50376.0
608125,2022-09-26,1493.3,1549.0,1558.8,1482.0,69675.0
608125,2023-01-04,1509.4,1522.3,1533.95,1500.1,59176.0
608125,2022-11-10,1518.4,1532.2,1548.8,1489.0,66111.0
608125,2023-01-12,1501.45,1502.7,1514.75,1495.0,32368.0
608125,2022-12-08,1551.25,1569.8,1569.8,1545.0,103153.0
608125,2023-02-10,1378.85,1383.7,1395.0,1345.6,135503.0
608125,2023-01-09,1507.5,1496.9,1529.0,1490.75,97953.0
608125,2023-01-16,1516.95,1529.9,1549.9,1509.0,135567.0
608125,2023-02-20,1404.6,1433.95,1442.55,1390.0,64823.0
608125,2023-02-24,1357.85,1370.0,1383.7,1349.8,43163.0
608125,2023-02-09,1381.1,1395.0,1409.0,1374.15,34771.0
608125,2023-03-03,1216.1,1219.95,1229.0,1208.0,101207.0
608125,2023-02-13,1385.95,1389.0,1412.95,1375.0,76137.0
608125,2023-03-15,1158.4,1178.9,1185.2,1154.1,53306.0
608125,2023-03-14,1173.0,1174.6,1194.05,1146.8,201057.0
608125,2023-03-20,1199.95,1219.95,1220.0,1180.0,82344.0
608125,2023-03-21,1203.05,1202.0,1212.0,1190.1,74076.0
608125,2023-04-05,1282.05,1271.8,1293.0,1258.55,45010.0
608125,2023-04-06,1270.45,1276.55,1289.75,1256.25,36594.0
608125,2023-06-19,1572.4,1563.0,1584.5,1555.0,265711.0
608125,2023-05-18,1446.1,1429.9,1460.0,1415.5,297139.0
608125,2023-06-30,1620.8,1623.45,1639.0,1612.9,111757.0
608125,2023-07-17,1616.0,1591.1,1644.15,1591.1,177644.0
608125,2023-07-03,1595.2,1620.8,1636.85,1583.05,129414.0
608125,2023-08-02,2054.3,1956.35,2127.85,1946.55,2780030.0
608125,2023-07-07,1541.95,1593.0,1598.9,1519.0,220719.0
608125,2023-08-03,2044.95,2058.0,2116.0,2006.75,653207.0
608125,2023-07-14,1591.15,1579.0,1602.9,1560.0,148284.0
608125,2023-08-17,2041.55,1925.9,2063.7,1925.9,966108.0
608125,2023-08-21,2069.3,2030.0,2076.6,2030.0,452586.0
