stockid,date,close,open,high,low,volume
116280,2021-01-15,547.55,552.7,557.9,536.9,126463.0
116280,2021-01-21,552.55,556.9,559.9,540.0,80491.0
116280,2021-02-03,600.2,580.0,604.0,575.0,223359.0
116280,2021-03-22,747.45,744.0,758.0,717.5,110641.0
116280,2021-03-24,722.5,734.0,742.65,718.2,76057.0
116280,2021-03-25,715.55,728.6,738.0,695.25,199019.0
116280,2021-04-06,741.35,757.55,774.95,734.0,111847.0
116280,2021-04-23,683.15,681.0,698.95,676.85,38116.0
116280,2021-05-05,731.55,736.0,755.0,727.0,146066.0
116280,2021-05-07,724.05,739.9,751.75,720.15,150497.0
116280,2021-10-28,835.7,838.0,845.1,831.0,66458.0
116280,2021-11-24,825.1,839.9,847.8,818.25,62640.0
116280,2021-11-26,813.6,810.1,835.0,810.0,33311.0
116280,2021-12-07,847.05,829.1,849.5,825.0,37607.0
116280,2021-12-10,862.0,875.9,880.55,860.0,26785.0
116280,2021-12-21,859.35,869.0,869.0,841.0,69814.0
116280,2021-12-23,872.8,892.95,914.0,867.4,114786.0
116280,2022-01-06,899.05,891.0,918.5,881.6,35903.0
116280,2022-02-21,840.1,866.0,866.1,821.25,50232.0
116280,2022-05-10,724.4,755.0,767.5,720.0,48372.0
116280,2022-06-16,698.35,717.2,726.4,690.0,138351.0
116280,2022-07-15,800.3,789.95,802.0,775.0,66191.0
116280,2022-07-20,794.05,804.9,818.0,791.1,46194.0
116280,2022-08-12,819.05,808.0,840.05,801.1,112876.0
116280,2022-08-22,840.6,854.0,854.0,828.05,84118.0
116280,2022-09-12,883.9,883.7,895.0,878.0,119948.0
116280,2022-11-09,953.65,999.0,1003.85,938.1,246401.0
116280,2023-01-04,962.25,954.4,974.8,954.4,62168.0
116280,2023-01-06,991.1,1012.0,1020.0,976.0,733214.0
116280,2023-01-09,1001.2,992.0,1012.0,982.0,75268.0
116280,2023-01-11,981.15,996.2,1002.8,978.65,42192.0
116280,2023-01-17,961.85,964.05,972.0,959.0,463635.0
116280,2023-02-01,980.55,990.0,1014.0,966.45,100227.0
116280,2023-02-07,969.8,973.5,989.2,964.05,203585.0
116280,2021-01-05,558.3,541.95,560.0,536.0,101396.0
116280,2021-01-07,543.75,544.5,545.45,531.25,108265.0
116280,2021-01-13,549.1,569.9,569.9,541.0,197668.0
116280,2021-01-14,550.0,549.0,556.3,538.65,122449.0
116280,2021-02-10,599.2,594.65,607.0,586.25,69438.0
116280,2021-02-16,652.1,649.95,657.0,642.0,200720.0
116280,2021-03-23,734.55,750.0,778.0,732.05,78329.0
116280,2021-06-30,808.65,798.95,811.85,795.0,94228.0
116280,2021-07-07,794.25,803.0,808.35,790.2,50471.0
116280,2021-08-04,797.95,786.95,805.25,779.95,127091.0
116280,2021-08-10,758.1,774.5,795.55,752.0,74397.0
116280,2021-08-27,775.05,781.6,785.2,763.7,156026.0
116280,2021-09-15,913.4,902.1,924.9,890.0,262879.0
116280,2021-12-06,824.75,846.0,866.85,822.25,36797.0
116280,2022-02-11,844.8,842.7,863.0,820.0,39915.0
116280,2022-03-21,883.55,877.1,892.0,862.05,100433.0
116280,2022-04-07,845.75,875.0,883.2,840.55,71380.0
116280,2022-04-26,824.0,800.1,830.0,800.1,254875.0
116280,2022-05-18,733.35,746.0,749.05,730.0,18475.0
116280,2022-06-23,696.1,688.2,698.5,678.4,42463.0
116280,2022-07-04,743.55,748.95,750.0,738.0,66322.0
116280,2022-07-07,759.05,747.0,787.2,747.0,528460.0
116280,2022-07-11,793.15,778.0,796.4,770.95,44009.0
116280,2022-07-12,770.85,796.9,796.9,770.0,69862.0
116280,2022-08-30,835.15,838.2,851.3,833.1,233197.0
116280,2022-09-02,842.1,843.5,850.0,835.95,119537.0
116280,2022-10-03,913.5,913.8,924.7,906.05,94258.0
116280,2022-10-04,930.3,917.95,932.7,910.45,155180.0
116280,2022-10-21,904.1,885.0,913.8,885.0,52576.0
116280,2022-10-28,912.85,908.35,918.0,906.15,45877.0
116280,2022-12-28,959.85,935.75,966.0,933.05,67840.0
116280,2021-01-01,522.9,522.8,527.9,516.0,56162.0
116280,2021-01-08,557.45,545.4,558.65,545.05,102215.0
116280,2021-01-20,549.8,557.25,560.05,543.6,393263.0
116280,2021-02-09,592.7,597.95,605.0,585.1,81086.0
116280,2021-04-07,743.9,741.35,754.0,734.6,62985.0
116280,2021-04-09,730.9,739.9,741.8,730.0,43342.0
116280,2021-06-07,816.75,811.7,823.9,811.0,83210.0
116280,2021-06-08,831.45,815.8,838.9,814.75,147429.0
116280,2021-06-16,830.3,845.0,845.0,826.0,74381.0
116280,2021-06-28,808.5,799.0,849.0,792.05,205376.0
116280,2021-08-16,769.15,783.0,789.95,766.1,74642.0
116280,2021-10-18,932.7,945.0,955.65,929.45,52898.0
116280,2021-12-22,887.4,867.8,890.85,860.75,70136.0
116280,2021-12-27,855.6,870.0,870.0,852.1,14543.0
116280,2022-01-07,879.3,891.1,913.45,875.85,50645.0
116280,2022-01-10,883.25,879.3,892.45,871.45,43768.0
116280,2022-02-28,852.1,829.95,874.0,805.15,75639.0
116280,2022-05-06,755.25,775.0,779.0,750.0,114294.0
116280,2022-05-26,735.5,735.2,740.05,702.2,18909.0
116280,2022-06-01,790.75,776.15,811.15,776.15,68414.0
116280,2022-07-18,799.55,804.3,818.85,795.0,53279.0
116280,2022-08-08,827.55,856.25,859.8,815.55,120239.0
116280,2022-08-18,842.15,839.0,858.9,835.95,467258.0
116280,2022-09-23,903.15,918.0,928.2,893.5,111417.0
116280,2022-10-11,932.85,929.0,944.0,923.25,151941.0
116280,2022-10-19,902.3,918.0,925.0,892.35,48914.0
116280,2022-10-24,900.3,928.0,928.0,895.05,10857.0
116280,2022-12-09,928.6,920.05,935.0,914.5,109331.0
116280,2022-12-15,973.75,969.65,999.95,957.6,277185.0
116280,2023-01-02,970.0,976.55,978.85,964.25,27181.0
116280,2021-01-11,561.6,559.95,565.0,554.15,108914.0
116280,2021-02-18,692.3,684.95,707.7,682.05,180896.0
116280,2021-03-30,773.05,735.1,784.95,727.0,111818.0
116280,2021-04-13,709.65,699.0,719.8,694.45,128059.0
116280,2021-04-28,695.8,683.1,703.85,683.1,57657.0
116280,2021-05-10,715.1,729.0,736.0,707.45,103470.0
116280,2021-05-31,790.6,794.95,807.7,783.3,90395.0
116280,2021-07-09,784.7,791.6,798.6,778.7,45805.0
116280,2021-08-13,777.7,814.0,816.7,771.0,209348.0
116280,2021-09-07,875.55,873.0,891.4,863.0,648368.0
116280,2021-10-22,830.1,845.9,861.8,775.25,96939.0
116280,2021-11-04,850.05,849.0,859.95,841.45,11228.0
116280,2021-11-29,821.4,802.25,828.0,778.05,69167.0
116280,2022-02-03,849.85,870.0,900.0,791.3,28781.0
116280,2022-02-07,850.65,845.5,857.95,833.1,17194.0
116280,2022-03-28,926.1,921.2,934.4,911.0,47761.0
116280,2022-04-19,843.95,842.1,855.0,834.6,19997.0
116280,2022-04-27,807.7,820.05,829.0,803.1,109890.0
116280,2022-06-20,688.75,687.0,695.0,675.25,38179.0
116280,2022-07-19,800.65,803.5,809.9,775.6,99531.0
116280,2022-07-29,829.35,810.0,850.0,795.1,206229.0
116280,2022-08-03,843.15,846.0,868.0,839.95,152724.0
116280,2022-08-10,810.3,831.65,832.0,807.0,87064.0
116280,2022-08-17,843.45,835.4,850.0,822.0,70824.0
116280,2022-09-19,883.8,907.1,920.65,871.0,168283.0
116280,2022-09-20,911.4,896.0,934.5,891.8,264599.0
116280,2022-10-12,929.35,930.15,945.0,923.6,122797.0
116280,2022-11-03,947.9,937.3,968.0,935.75,198297.0
116280,2022-11-16,914.85,927.0,938.0,907.8,62706.0
116280,2022-11-24,909.4,902.6,915.45,901.55,72228.0
116280,2022-12-13,920.5,930.8,935.45,918.0,135990.0
116280,2022-12-23,923.6,930.05,937.75,915.0,129655.0
116280,2021-02-23,711.35,722.5,739.85,708.1,142812.0
116280,2021-03-02,713.4,715.0,725.25,707.55,69848.0
116280,2021-05-26,775.4,787.0,791.4,770.1,68524.0
116280,2021-06-14,833.45,836.5,839.0,815.0,72950.0
116280,2021-06-17,822.3,828.6,842.75,816.0,76694.0
116280,2021-07-29,750.4,740.0,753.05,733.55,141959.0
116280,2021-08-24,768.6,763.4,782.95,759.3,84691.0
116280,2021-09-14,896.4,892.0,933.8,884.15,601305.0
116280,2021-09-24,907.5,930.3,939.9,900.25,101944.0
116280,2021-12-15,862.75,855.7,866.65,855.7,36138.0
116280,2022-01-18,905.4,915.0,919.5,900.5,28072.0
116280,2022-01-20,890.6,898.0,918.0,886.6,12943.0
116280,2022-01-28,834.3,860.0,864.95,825.5,25543.0
116280,2022-02-09,838.7,824.9,848.85,813.0,51755.0
116280,2022-02-14,838.05,825.0,842.0,815.6,33575.0
116280,2022-03-02,834.6,853.0,854.85,823.55,39315.0
116280,2022-03-04,821.0,820.0,843.95,819.0,35459.0
116280,2022-04-22,833.6,838.9,849.0,828.0,79982.0
116280,2022-05-17,742.05,721.0,759.0,721.0,69659.0
116280,2022-06-15,717.2,717.9,722.0,707.0,25952.0
116280,2022-07-14,786.25,792.0,794.45,776.3,53825.0
116280,2022-07-27,805.4,824.3,824.3,800.0,64724.0
116280,2022-08-16,835.4,819.05,845.25,819.05,54644.0
116280,2022-08-24,845.2,858.0,864.25,833.15,186406.0
116280,2022-08-25,835.95,853.6,859.7,831.9,86786.0
116280,2022-09-06,839.25,845.0,856.05,836.0,210329.0
116280,2022-10-25,900.05,905.0,914.2,890.05,81408.0
116280,2022-12-29,959.5,960.0,995.0,954.0,59921.0
116280,2022-12-30,971.7,955.3,979.0,955.3,43863.0
116280,2023-01-30,987.75,999.0,1018.0,973.25,85426.0
116280,2021-01-18,547.5,547.55,550.3,539.0,44273.0
116280,2021-01-19,557.25,550.2,565.0,546.55,65237.0
116280,2021-01-27,553.5,560.75,569.65,550.95,174765.0
116280,2021-01-28,538.65,552.45,559.0,535.0,63695.0
116280,2021-03-08,709.6,715.0,722.0,706.0,65843.0
116280,2021-03-10,728.9,729.0,736.0,722.7,89513.0
116280,2021-04-30,698.6,692.0,711.0,672.25,83773.0
116280,2021-06-02,784.65,782.0,793.4,775.25,66144.0
116280,2021-06-15,847.65,834.0,857.0,828.7,103055.0
116280,2021-07-20,770.8,784.85,790.0,756.65,57280.0
116280,2021-08-11,739.45,762.3,769.4,735.5,138561.0
116280,2021-10-29,835.5,825.2,845.15,811.45,51028.0
116280,2021-11-08,858.0,860.0,869.5,840.45,39307.0
116280,2021-11-18,799.0,812.0,818.75,790.45,35701.0
116280,2021-12-20,856.1,854.0,859.9,801.1,85719.0
116280,2022-01-13,905.8,910.0,922.0,892.35,47777.0
116280,2022-02-25,825.2,834.7,851.95,812.0,22804.0
116280,2022-04-20,852.0,844.0,863.15,831.1,83412.0
116280,2022-05-04,782.2,791.0,802.0,780.0,27669.0
116280,2022-06-09,738.55,744.0,748.95,733.45,108613.0
116280,2022-06-21,681.0,688.0,697.35,676.5,23519.0
116280,2022-07-08,778.65,763.0,784.0,759.0,72695.0
116280,2022-07-26,819.95,820.05,827.35,813.0,40379.0
116280,2022-08-01,856.15,845.0,864.8,830.8,155990.0
116280,2022-10-27,906.35,895.0,909.0,892.0,81922.0
116280,2022-11-07,1003.85,973.0,1010.0,971.15,538433.0
116280,2022-11-11,960.45,960.0,970.2,942.8,186809.0
116280,2022-11-29,918.65,927.0,935.05,910.1,68247.0
116280,2022-11-30,915.55,917.15,924.0,908.05,134855.0
116280,2022-12-22,941.85,940.0,949.5,930.55,58428.0
116280,2023-01-03,960.15,969.0,975.1,955.2,28704.0
116280,2023-01-20,991.4,999.95,1008.95,985.05,62583.0
116280,2021-01-25,560.75,568.0,575.0,552.3,77600.0
116280,2021-03-03,714.95,720.05,736.9,710.3,267024.0
116280,2021-03-16,787.7,761.0,804.2,758.3,322755.0
116280,2021-04-12,697.35,723.0,723.0,680.05,95559.0
116280,2021-04-16,708.4,701.6,715.0,700.1,35551.0
116280,2021-05-06,725.55,732.3,767.4,722.8,530212.0
116280,2021-05-18,753.5,751.0,775.7,742.4,328766.0
116280,2021-05-24,782.8,730.6,794.65,730.4,741713.0
116280,2021-05-28,791.85,806.95,812.7,783.1,126620.0
116280,2021-06-23,787.3,786.0,803.95,771.45,108520.0
116280,2021-07-16,789.45,797.9,810.0,787.35,37839.0
116280,2021-07-28,733.5,747.05,748.85,720.1,74622.0
116280,2021-07-30,763.65,753.5,769.1,752.0,39427.0
116280,2021-08-06,783.95,802.0,809.0,776.5,263611.0
116280,2021-09-01,791.05,805.0,813.85,785.0,124426.0
116280,2021-10-01,929.0,917.0,938.0,913.95,109355.0
116280,2021-10-04,922.55,944.2,945.0,916.3,62187.0
116280,2021-10-12,939.65,950.0,962.35,931.25,65693.0
116280,2021-11-11,825.15,859.0,860.95,817.4,180078.0
116280,2021-11-15,819.5,823.95,832.8,810.0,86977.0
116280,2021-11-16,816.2,820.0,838.0,812.0,139193.0
116280,2021-12-09,879.8,870.0,889.95,857.0,154053.0
116280,2022-01-25,831.15,816.15,844.0,805.75,44360.0
116280,2022-01-27,855.45,831.15,858.0,825.0,47100.0
116280,2022-03-11,811.3,826.0,832.8,807.5,19864.0
116280,2022-03-25,916.35,948.4,951.4,910.4,104126.0
116280,2022-05-09,755.35,749.0,768.9,737.15,28208.0
116280,2022-06-06,762.0,774.7,777.1,745.0,55571.0
116280,2022-06-17,690.5,702.0,720.55,676.5,92004.0
116280,2022-09-01,839.05,835.15,855.0,834.4,145897.0
116280,2022-10-10,929.55,924.75,935.0,915.75,57699.0
116280,2022-11-18,906.7,910.0,917.0,889.05,63737.0
116280,2022-12-26,926.65,910.05,938.0,910.05,39013.0
116280,2021-02-01,575.25,563.45,581.6,540.0,109381.0
116280,2021-02-02,589.75,582.0,609.9,568.4,365821.0
116280,2021-02-15,646.85,623.95,650.0,617.5,375252.0
116280,2021-03-19,744.45,761.9,763.9,731.95,677191.0
116280,2021-04-01,798.2,813.7,839.9,741.1,226396.0
116280,2021-06-22,789.5,798.15,807.6,785.1,58728.0
116280,2021-07-13,798.25,797.9,799.65,783.0,33557.0
116280,2021-07-14,800.7,799.95,815.0,791.1,66819.0
116280,2021-08-02,781.85,767.0,784.0,762.0,58875.0
116280,2021-08-18,785.25,790.0,790.0,771.05,42304.0
116280,2021-08-25,784.35,778.4,797.0,768.6,56375.0
116280,2021-09-28,915.4,916.15,930.0,907.2,372993.0
116280,2021-12-16,840.75,867.3,868.75,836.1,20459.0
116280,2022-01-17,907.15,915.0,929.9,904.0,21939.0
116280,2022-02-16,859.75,865.9,870.35,849.0,19590.0
116280,2022-02-17,870.15,864.3,875.0,841.0,28414.0
116280,2022-03-15,820.1,822.15,829.95,815.15,96472.0
116280,2022-03-24,941.0,926.0,948.4,924.95,120188.0
116280,2022-04-12,858.55,855.5,867.9,841.7,24729.0
116280,2022-05-12,702.95,725.0,725.35,673.05,58913.0
116280,2022-05-19,711.45,729.45,729.45,699.0,44981.0
116280,2022-05-25,731.4,733.0,745.0,724.5,36440.0
116280,2022-06-29,712.45,719.0,722.95,702.0,58527.0
116280,2022-07-05,732.2,747.25,747.25,728.55,23292.0
116280,2022-07-25,819.35,820.0,828.9,813.6,105554.0
116280,2022-08-29,833.85,835.0,844.7,830.45,139019.0
116280,2022-09-16,902.4,907.2,916.2,900.0,214919.0
116280,2022-09-21,915.1,913.0,923.4,899.15,176113.0
116280,2022-10-31,936.45,916.85,943.0,905.05,127465.0
116280,2022-12-07,924.8,925.0,931.75,916.0,68476.0
116280,2022-12-20,960.1,946.05,974.0,946.05,69147.0
116280,2023-01-31,985.15,992.65,1014.3,978.25,100798.0
116280,2021-02-11,618.45,602.0,621.0,599.0,119266.0
116280,2021-02-25,688.45,714.95,724.0,667.0,230405.0
116280,2021-03-12,745.85,741.9,749.8,730.0,168049.0
116280,2021-03-17,783.7,800.0,804.95,771.0,195055.0
116280,2021-04-22,679.7,670.05,684.85,670.05,25228.0
116280,2021-07-05,817.6,831.5,839.0,810.0,57542.0
116280,2021-07-15,793.9,802.0,812.0,791.3,34595.0
116280,2021-08-05,801.2,805.0,805.15,785.1,170756.0
116280,2021-09-03,795.3,791.6,804.4,789.85,92225.0
116280,2021-09-22,922.8,928.5,959.0,915.6,156838.0
116280,2021-10-06,933.5,922.6,939.95,917.25,92228.0
116280,2021-10-27,847.85,842.8,855.0,827.25,83315.0
116280,2021-11-30,875.65,825.7,890.0,825.0,181011.0
116280,2021-12-14,861.2,845.0,870.0,845.0,56917.0
116280,2022-01-12,909.55,899.0,918.0,886.55,61967.0
116280,2022-01-24,816.15,865.0,879.0,811.0,54530.0
116280,2022-02-02,869.6,860.1,878.35,843.7,42788.0
116280,2022-02-10,847.35,848.0,853.05,822.1,39172.0
116280,2022-03-16,862.4,826.0,872.9,826.0,306280.0
116280,2022-03-31,899.8,928.9,974.8,885.55,513152.0
116280,2022-04-06,878.6,896.9,897.0,871.5,86015.0
116280,2022-05-23,737.8,720.1,749.0,720.1,21309.0
116280,2022-07-22,820.25,809.95,824.5,801.0,51889.0
116280,2022-07-28,803.6,809.6,817.4,797.0,58688.0
116280,2022-08-19,840.55,848.0,865.0,831.2,111561.0
116280,2022-09-26,876.75,903.15,903.15,872.2,50324.0
116280,2022-09-29,896.95,880.0,906.0,880.0,329741.0
116280,2022-09-30,909.0,901.45,918.4,894.3,180334.0
116280,2022-11-28,928.2,900.15,940.0,895.25,82846.0
116280,2022-12-27,933.05,921.0,942.45,921.0,38351.0
116280,2023-01-12,963.2,981.0,985.45,955.5,34082.0
116280,2023-01-23,982.8,995.0,996.6,973.4,61829.0
116280,2021-02-19,707.2,698.0,719.3,676.15,178709.0
116280,2021-03-31,800.45,779.95,810.0,767.0,195024.0
116280,2021-04-05,761.35,806.9,806.9,754.0,102141.0
116280,2021-04-19,672.55,700.0,700.0,666.0,68023.0
116280,2021-05-27,802.9,779.5,810.0,773.5,223640.0
116280,2021-07-12,789.5,793.9,798.5,786.25,31858.0
116280,2021-07-27,743.05,747.9,764.85,740.0,214668.0
116280,2021-08-20,756.05,770.0,783.95,750.25,113062.0
116280,2021-08-31,796.35,807.0,807.9,780.2,110984.0
116280,2021-09-16,937.45,918.0,941.2,913.8,433533.0
116280,2021-10-14,939.75,955.95,956.0,936.5,45148.0
116280,2021-11-02,875.2,842.75,880.75,836.25,73143.0
116280,2021-11-17,811.7,823.0,828.0,805.6,96828.0
116280,2021-11-23,833.85,801.0,839.0,785.15,202332.0
116280,2021-12-28,864.55,856.2,867.25,845.05,28615.0
116280,2022-03-30,911.8,914.9,914.9,894.0,159974.0
116280,2022-04-01,913.95,900.0,938.1,900.0,48124.0
116280,2022-04-21,830.1,852.0,857.6,827.1,155398.0
116280,2022-05-16,720.45,705.25,749.55,689.0,39921.0
116280,2022-05-20,717.7,715.2,723.25,713.0,14712.0
116280,2022-05-24,739.2,745.0,748.0,730.65,28948.0
116280,2022-05-30,736.55,733.8,751.15,731.6,78907.0
116280,2022-06-08,744.0,768.3,777.6,736.1,40416.0
116280,2022-06-22,684.6,684.6,688.2,675.0,286739.0
116280,2022-06-24,714.45,699.8,716.95,696.0,27431.0
116280,2022-08-05,843.6,832.95,860.7,802.6,115339.0
116280,2022-09-05,842.65,846.3,848.9,836.05,32789.0
116280,2022-11-01,951.05,940.25,960.0,931.55,196236.0
116280,2022-11-02,944.1,955.0,956.95,935.1,152305.0
116280,2022-12-01,914.5,916.0,939.0,910.45,120015.0
116280,2022-12-19,960.75,988.9,988.9,953.2,74856.0
116280,2023-01-16,967.75,974.7,988.8,965.05,35511.0
116280,2023-01-27,998.3,994.25,1003.3,974.05,75594.0
116280,2023-02-03,969.9,978.8,989.0,962.0,98373.0
116280,2021-01-22,564.65,552.55,570.0,542.7,107692.0
116280,2021-02-24,709.15,715.9,724.5,675.0,46006.0
116280,2021-03-01,712.75,725.0,726.0,703.1,123367.0
116280,2021-03-09,721.1,713.15,724.95,710.05,115065.0
116280,2021-04-20,675.65,689.0,689.0,667.5,69980.0
116280,2021-05-12,698.4,706.0,711.85,695.0,48740.0
116280,2021-05-19,748.75,751.0,772.0,745.0,75095.0
116280,2021-05-20,739.4,756.6,757.0,735.4,46224.0
116280,2021-06-01,785.8,794.6,801.65,772.35,99775.0
116280,2021-06-03,787.75,786.7,792.0,780.0,51318.0
116280,2021-06-10,844.9,849.0,865.0,841.0,111123.0
116280,2021-06-18,807.4,822.3,827.55,777.25,316683.0
116280,2021-06-21,798.15,790.05,804.1,781.15,66534.0
116280,2021-07-26,742.0,779.95,779.95,738.0,65055.0
116280,2021-08-09,768.0,785.0,794.95,755.5,48504.0
116280,2021-08-17,785.05,773.4,798.75,760.65,149064.0
116280,2021-08-23,763.4,757.0,779.0,743.85,68556.0
116280,2021-09-17,903.35,934.0,940.45,889.9,271780.0
116280,2021-09-21,920.5,916.3,938.5,905.05,288566.0
116280,2021-10-26,847.85,831.2,857.3,815.0,52804.0
116280,2021-11-03,834.7,872.2,880.9,819.0,127633.0
116280,2021-11-25,835.8,829.0,842.0,802.25,51189.0
116280,2021-12-24,864.25,875.1,884.15,853.3,20944.0
116280,2022-01-05,899.15,890.0,915.05,873.6,158677.0
116280,2022-01-11,894.55,875.0,904.65,874.0,86199.0
116280,2022-02-04,841.1,854.0,858.55,837.8,17235.0
116280,2022-02-18,861.6,870.0,874.05,860.0,86727.0
116280,2022-03-22,891.9,885.0,904.7,857.1,57644.0
116280,2022-04-05,898.25,909.0,911.95,889.1,59008.0
116280,2022-04-08,855.65,853.9,869.8,847.4,47630.0
116280,2022-04-13,846.85,863.1,874.95,840.1,42439.0
116280,2022-04-28,801.2,811.0,814.95,800.0,45342.0
116280,2022-05-31,780.1,739.95,797.2,739.95,205821.0
116280,2022-08-02,843.25,858.95,873.2,835.65,130978.0
116280,2022-09-14,870.4,868.0,879.8,846.1,396877.0
116280,2022-10-13,915.55,930.1,933.9,907.0,72708.0
116280,2022-11-21,897.05,900.0,910.0,893.45,111800.0
116280,2022-11-23,902.6,891.0,912.0,890.35,113508.0
116280,2023-01-05,1004.6,967.05,1030.0,965.15,1016320.0
116280,2023-01-19,998.25,987.15,1019.0,972.0,435693.0
116280,2023-02-10,1000.35,984.9,1005.0,981.65,83930.0
116280,2021-01-06,539.95,558.8,565.0,535.75,93646.0
116280,2021-01-29,559.3,537.8,564.0,537.8,66705.0
116280,2021-02-17,668.6,652.85,686.95,648.3,370547.0
116280,2021-02-22,718.75,739.0,751.0,707.2,562862.0
116280,2021-03-18,769.5,786.0,825.0,761.2,311282.0
116280,2021-04-26,685.0,681.0,694.25,677.0,40687.0
116280,2021-05-14,680.65,700.25,710.0,676.0,95661.0
116280,2021-05-21,727.25,743.1,743.1,724.6,51187.0
116280,2021-06-04,810.5,790.0,844.7,787.75,451660.0
116280,2021-06-29,795.0,803.0,812.3,792.0,44662.0
116280,2021-08-12,807.0,744.9,819.0,740.0,665972.0
116280,2021-08-26,774.4,787.65,794.9,771.55,60149.0
116280,2021-08-30,800.3,790.0,806.0,782.0,140078.0
116280,2021-09-27,908.2,918.2,926.45,901.3,101107.0
116280,2021-10-08,945.45,943.35,964.8,935.0,172859.0
116280,2021-11-22,791.75,806.0,807.5,767.55,634238.0
116280,2021-12-02,859.25,855.0,874.5,848.5,46084.0
116280,2022-01-31,848.55,845.0,860.0,838.0,21563.0
116280,2022-02-22,809.75,820.0,834.15,806.45,24207.0
116280,2022-02-23,817.75,814.0,832.0,807.05,33784.0
116280,2022-03-03,830.45,839.0,850.5,824.5,14935.0
116280,2022-03-09,809.0,814.0,818.0,805.0,19568.0
116280,2022-03-10,822.95,818.0,834.5,815.2,19955.0
116280,2022-03-29,910.15,926.1,931.0,902.3,170896.0
116280,2022-05-11,718.2,728.0,733.75,704.45,41858.0
116280,2022-06-30,724.9,712.0,755.6,712.0,293707.0
116280,2022-08-04,829.9,847.6,855.1,820.0,70412.0
116280,2022-08-26,846.0,840.3,853.55,840.3,229264.0
116280,2022-09-13,876.55,888.6,904.4,873.25,114667.0
116280,2022-10-06,929.65,925.0,945.0,925.0,181406.0
116280,2022-10-17,923.35,916.0,940.6,912.6,92920.0
116280,2022-10-20,883.35,904.0,910.0,874.3,237458.0
116280,2022-11-22,897.85,901.45,906.8,878.3,150612.0
116280,2023-02-08,982.8,976.0,1002.55,965.35,132664.0
116280,2021-01-04,545.35,527.0,549.75,523.9,127536.0
116280,2021-02-04,605.15,601.95,625.0,594.0,285212.0
116280,2021-03-04,705.75,709.0,720.7,703.0,88228.0
116280,2021-03-15,758.3,750.0,769.85,749.0,349267.0
116280,2021-04-08,736.05,750.0,759.1,733.1,65928.0
116280,2021-05-11,704.55,719.25,721.95,701.9,83763.0
116280,2021-05-25,785.8,789.8,798.0,766.55,219057.0
116280,2021-09-06,862.85,804.0,873.0,798.65,1033473.0
116280,2021-10-13,948.75,949.7,958.9,938.0,70048.0
116280,2021-10-21,832.5,883.5,895.0,825.0,130670.0
116280,2021-12-03,850.25,867.0,874.9,845.25,40491.0
116280,2022-01-03,897.25,920.0,922.0,889.3,44343.0
116280,2022-01-04,894.75,892.4,912.0,881.45,16976.0
116280,2022-02-01,858.8,857.0,868.6,842.15,36578.0
116280,2022-02-15,861.35,838.0,876.95,820.45,35858.0
116280,2022-02-24,805.5,812.0,833.55,781.0,89223.0
116280,2022-03-07,806.95,800.0,867.7,778.4,61885.0
116280,2022-03-17,872.55,864.1,884.0,855.05,67558.0
116280,2022-04-04,906.05,927.0,933.95,901.0,36544.0
116280,2022-06-02,780.95,780.0,790.5,778.95,67878.0
116280,2022-06-07,764.25,765.95,778.95,750.7,17707.0
116280,2022-07-01,741.8,724.0,752.0,718.45,46481.0
116280,2022-11-15,926.0,928.3,939.9,922.55,135088.0
116280,2022-12-02,910.0,911.0,924.0,902.1,54420.0
116280,2022-12-12,930.8,933.25,934.5,919.35,54628.0
116280,2022-12-21,940.35,960.05,964.75,918.95,137781.0
116280,2023-01-24,982.25,986.0,1000.95,973.0,50384.0
116280,2021-04-27,681.95,688.0,697.0,659.0,67988.0
116280,2021-04-29,694.65,696.55,710.75,687.05,106946.0
116280,2021-05-03,702.45,705.0,709.75,698.0,51195.0
116280,2021-07-01,804.2,804.6,814.35,790.0,83889.0
116280,2021-07-06,804.15,818.8,827.8,795.05,50461.0
116280,2021-07-19,780.9,789.0,798.95,777.25,33592.0
116280,2021-09-13,884.1,899.35,901.65,879.2,106674.0
116280,2021-10-11,950.4,948.0,960.0,944.2,48578.0
116280,2021-10-20,881.45,918.9,919.15,871.0,82000.0
116280,2021-11-09,857.8,859.0,869.0,852.25,25484.0
116280,2021-11-12,823.95,827.35,855.0,818.0,97754.0
116280,2021-12-08,868.1,850.5,880.0,837.15,49163.0
116280,2021-12-17,854.5,840.0,857.0,822.25,43633.0
116280,2021-12-30,896.9,885.0,904.0,881.0,41517.0
116280,2022-01-21,871.1,883.0,894.6,864.0,21655.0
116280,2022-03-08,802.3,809.5,818.95,795.65,40264.0
116280,2022-03-14,819.6,812.0,824.6,806.5,19416.0
116280,2022-03-23,924.05,900.0,929.9,886.85,167013.0
116280,2022-05-02,798.6,809.7,819.95,793.9,39882.0
116280,2022-05-05,775.15,786.3,791.7,758.95,96971.0
116280,2022-05-13,705.25,702.95,720.55,689.0,49415.0
116280,2022-06-03,770.6,785.1,794.9,758.25,32965.0
116280,2022-06-14,714.15,721.0,731.7,710.0,28060.0
116280,2022-08-23,856.05,832.5,863.0,827.15,107123.0
116280,2022-09-07,836.9,837.95,849.0,829.3,32495.0
116280,2022-09-08,856.35,841.0,879.0,841.0,412803.0
116280,2022-09-15,905.45,875.0,924.7,872.0,592354.0
116280,2022-09-27,873.65,879.1,894.55,862.25,84501.0
116280,2022-09-28,872.4,865.7,885.5,860.0,78301.0
116280,2022-10-14,921.45,922.25,929.8,910.05,66602.0
116280,2022-10-18,917.05,925.0,935.1,911.7,110554.0
116280,2022-11-04,968.95,950.0,984.0,948.0,208600.0
116280,2022-11-14,928.3,965.0,965.0,920.0,253772.0
116280,2022-11-25,903.4,909.75,914.6,898.05,38660.0
116280,2022-12-06,928.95,924.0,937.9,915.0,95656.0
116280,2023-01-10,997.85,995.05,1004.9,986.0,58494.0
116280,2023-01-25,994.25,987.4,997.45,972.0,48161.0
116280,2021-01-12,560.95,563.0,575.0,556.55,126746.0
116280,2021-02-05,604.55,608.25,614.0,596.25,120255.0
116280,2021-02-08,598.3,607.65,614.95,586.8,116347.0
116280,2021-02-12,622.4,619.95,626.0,613.55,75650.0
116280,2021-03-26,733.95,715.5,752.0,710.45,117978.0
116280,2021-04-15,701.6,700.0,715.0,692.85,42576.0
116280,2021-05-04,729.35,710.0,742.9,704.45,314695.0
116280,2021-06-25,790.35,795.6,800.6,783.2,33951.0
116280,2021-07-08,795.2,799.1,802.25,786.4,23723.0
116280,2021-09-08,861.35,882.5,904.7,853.7,492424.0
116280,2021-09-09,896.7,861.35,901.0,851.0,264167.0
116280,2021-09-23,920.5,931.7,949.8,915.0,135076.0
116280,2021-09-29,903.4,907.0,911.85,891.5,94603.0
116280,2021-10-05,914.65,930.75,936.05,911.0,66085.0
116280,2021-10-07,958.35,942.7,993.7,930.05,380544.0
116280,2021-10-19,904.2,945.0,945.0,886.25,99393.0
116280,2021-11-01,842.75,812.1,849.0,812.1,26328.0
116280,2021-12-31,912.8,896.9,915.0,895.5,59063.0
116280,2022-01-14,907.6,905.8,919.0,891.75,33799.0
116280,2022-01-19,901.65,900.0,911.55,872.4,52044.0
116280,2022-04-29,805.5,805.4,834.5,797.75,89498.0
116280,2022-05-27,729.95,738.95,747.0,726.05,17529.0
116280,2022-06-13,715.3,719.0,729.0,700.0,61362.0
116280,2022-06-28,719.2,717.4,724.0,703.05,55372.0
116280,2022-07-13,789.05,774.7,795.0,772.0,95151.0
116280,2022-07-21,807.85,798.0,816.9,789.0,72472.0
116280,2022-08-11,807.3,819.0,820.95,800.1,87406.0
116280,2022-09-09,879.05,860.9,896.0,860.9,211152.0
116280,2022-09-22,922.2,917.0,926.0,903.75,173177.0
116280,2022-11-10,954.45,953.65,970.5,942.9,282452.0
116280,2022-12-08,920.05,920.25,925.5,914.6,159802.0
116280,2023-02-06,973.5,966.45,982.0,964.05,165290.0
116280,2021-02-26,716.8,684.8,724.0,670.0,174239.0
116280,2021-03-05,710.1,707.05,715.3,703.55,109981.0
116280,2021-05-17,736.35,682.1,744.0,680.05,482147.0
116280,2021-06-09,837.5,838.45,867.7,825.45,278267.0
116280,2021-06-11,829.7,854.7,854.7,823.9,85162.0
116280,2021-06-24,795.6,798.0,798.8,773.0,70103.0
116280,2021-07-02,824.3,800.2,828.85,799.1,201134.0
116280,2021-07-22,767.35,775.1,785.0,762.25,42420.0
116280,2021-07-23,762.1,767.35,774.95,760.5,41598.0
116280,2021-08-03,782.2,785.8,785.8,771.0,42350.0
116280,2021-09-02,787.65,790.45,800.0,785.05,35425.0
116280,2021-09-20,924.7,907.0,948.9,898.8,259915.0
116280,2021-09-30,914.85,910.0,929.95,906.7,117004.0
116280,2021-10-25,826.9,837.0,846.95,816.8,42578.0
116280,2021-11-10,851.5,861.3,867.35,847.0,28101.0
116280,2021-12-01,856.2,892.5,892.5,845.0,44295.0
116280,2021-12-13,850.55,872.0,876.45,845.1,35447.0
116280,2021-12-29,890.05,864.55,900.0,860.1,76630.0
116280,2022-02-08,829.7,841.0,841.0,825.0,26279.0
116280,2022-04-11,856.0,855.65,868.7,852.0,31196.0
116280,2022-04-18,840.65,836.7,859.2,836.7,22159.0
116280,2022-04-25,794.5,817.0,831.55,775.65,117713.0
116280,2022-06-10,731.2,740.0,742.4,720.0,35803.0
116280,2022-06-27,713.65,728.9,729.0,705.25,35021.0
116280,2022-07-06,745.7,730.0,750.0,725.5,53095.0
116280,2022-10-07,931.75,931.0,935.95,918.0,80036.0
116280,2022-11-17,905.85,915.0,917.95,902.85,55427.0
116280,2022-12-05,925.3,909.0,927.05,907.3,57167.0
116280,2022-12-14,969.65,920.05,977.6,920.05,552645.0
116280,2022-12-16,983.7,973.75,986.95,951.85,88194.0
116280,2023-01-13,976.5,966.9,991.45,957.55,40311.0
116280,2023-01-18,994.1,1000.0,1008.0,965.15,533383.0
116280,2023-02-02,978.8,970.05,995.0,970.05,48972.0
116280,2023-02-09,980.75,987.05,996.4,975.6,44720.0
116280,2023-02-14,999.15,1025.3,1025.3,995.5,42388.0
116280,2023-02-27,982.5,972.05,998.35,972.05,186302.0
116280,2023-03-10,981.05,993.25,993.25,964.0,119001.0
116280,2023-05-03,1043.45,1056.8,1066.0,1028.4,63599.0
116280,2023-05-26,1070.0,1072.0,1078.9,1061.85,182855.0
116280,2023-06-19,1191.15,1192.0,1208.0,1185.0,91867.0
116280,2023-06-23,1161.55,1166.9,1175.0,1155.0,49031.0
116280,2023-08-04,1232.3,1235.7,1238.0,1222.0,248436.0
116280,2023-02-24,977.35,995.5,995.5,972.1,539401.0
116280,2023-03-09,988.9,994.5,995.2,980.75,32552.0
116280,2023-03-16,981.15,960.0,992.0,952.1,354905.0
116280,2023-04-12,1010.15,995.3,1015.75,992.2,137568.0
116280,2023-05-31,1128.35,1086.4,1140.0,1086.4,292562.0
116280,2023-07-10,1249.55,1254.95,1266.25,1235.0,72724.0
116280,2023-07-20,1230.55,1240.45,1240.45,1220.1,35859.0
116280,2023-08-21,1267.55,1243.15,1281.95,1237.0,266059.0
116280,2023-04-06,995.6,998.9,999.95,991.1,118345.0
116280,2023-05-24,1078.0,1060.8,1084.95,1059.3,61356.0
116280,2023-07-18,1258.95,1236.0,1264.0,1235.55,74790.0
116280,2023-07-21,1230.1,1234.35,1258.0,1221.3,74608.0
116280,2023-07-28,1240.75,1205.0,1255.05,1190.55,687679.0
116280,2023-08-03,1222.45,1252.55,1259.1,1216.55,45829.0
116280,2023-03-06,991.5,1000.0,1008.0,988.05,34189.0
116280,2023-05-25,1072.0,1078.0,1087.0,1058.2,180860.0
116280,2023-06-16,1193.5,1185.05,1212.0,1175.6,110765.0
116280,2023-06-20,1185.1,1193.45,1199.0,1173.3,49016.0
116280,2023-07-12,1232.05,1242.3,1258.9,1218.4,43706.0
116280,2023-07-26,1209.5,1220.0,1226.65,1192.0,77755.0
116280,2023-08-11,1204.45,1210.05,1218.0,1192.0,66644.0
116280,2023-03-03,998.0,992.0,1005.0,987.1,164471.0
116280,2023-03-08,992.25,993.0,997.05,985.55,35537.0
116280,2023-03-21,979.95,970.0,986.0,970.0,130521.0
116280,2023-03-27,981.3,984.5,988.0,972.1,91919.0
116280,2023-05-09,1054.25,1079.35,1082.25,1039.0,213998.0
116280,2023-07-24,1198.3,1231.5,1239.0,1173.2,67734.0
116280,2023-04-19,1025.5,1064.95,1068.0,1021.0,166165.0
116280,2023-04-25,1024.75,1004.2,1030.0,997.55,70753.0
116280,2023-05-23,1059.1,1074.8,1076.05,1049.0,99343.0
116280,2023-06-21,1174.35,1189.55,1197.95,1162.55,59537.0
116280,2023-08-08,1192.45,1205.7,1218.0,1186.05,47216.0
116280,2023-03-13,977.9,980.35,989.65,968.5,359512.0
116280,2023-04-18,1058.9,1021.6,1070.0,1018.05,529944.0
116280,2023-05-02,1056.85,1052.9,1060.0,1038.0,62395.0
116280,2023-05-08,1077.8,1070.75,1080.0,1058.2,79979.0
116280,2023-05-10,1059.9,1061.0,1072.5,1051.5,98647.0
116280,2023-05-15,1071.15,1087.0,1087.5,1058.55,73402.0
116280,2023-05-17,1079.5,1061.0,1097.4,1061.0,168654.0
116280,2023-07-25,1220.55,1186.0,1229.0,1186.0,71708.0
116280,2023-07-31,1267.0,1246.95,1275.5,1230.1,268847.0
116280,2023-02-15,990.1,1002.95,1006.45,974.85,61783.0
116280,2023-03-02,988.5,988.6,993.75,985.1,39530.0
116280,2023-03-15,960.0,965.0,978.2,954.0,262338.0
116280,2023-03-23,982.7,990.0,996.5,979.0,85133.0
116280,2023-04-03,992.35,978.0,1006.05,972.65,355041.0
116280,2023-05-05,1065.2,1050.0,1090.0,1040.05,364882.0
116280,2023-05-16,1066.0,1075.25,1081.95,1054.0,79776.0
116280,2023-06-02,1110.85,1140.75,1172.0,1098.55,218345.0
116280,2023-07-14,1242.1,1227.05,1258.9,1227.05,117241.0
116280,2023-04-27,1021.1,1020.0,1026.5,1012.6,18434.0
116280,2023-05-12,1078.85,1068.55,1087.0,1063.95,227766.0
116280,2023-07-04,1234.55,1205.1,1238.0,1205.1,182495.0
116280,2023-08-07,1199.7,1246.05,1259.1,1195.0,111775.0
116280,2023-08-09,1185.4,1190.05,1213.9,1168.65,66402.0
116280,2023-08-23,1270.45,1260.0,1274.95,1260.0,5359.0
116280,2023-02-16,998.2,993.15,1014.05,984.2,57929.0
116280,2023-02-28,983.5,987.45,1001.95,975.1,114679.0
116280,2023-03-22,986.95,984.8,992.0,975.0,36821.0
116280,2023-04-05,994.65,997.0,1006.0,988.3,61270.0
116280,2023-04-10,997.15,992.0,1003.05,992.0,96376.0
116280,2023-04-13,995.2,1010.0,1017.9,991.0,88987.0
116280,2023-04-17,1016.3,998.0,1027.0,990.1,199258.0
116280,2023-05-22,1071.35,1066.3,1088.0,1065.65,60098.0
116280,2023-06-27,1191.2,1186.95,1199.0,1176.25,235773.0
116280,2023-07-06,1241.95,1222.55,1255.8,1222.55,59441.0
116280,2023-08-02,1252.55,1254.45,1269.95,1241.75,60895.0
116280,2023-08-10,1207.9,1187.5,1211.95,1187.0,108289.0
116280,2023-02-13,1019.9,1005.35,1033.8,992.95,170497.0
116280,2023-02-21,975.35,994.0,994.0,970.1,38237.0
116280,2023-03-29,970.95,967.0,977.65,962.85,137685.0
116280,2023-03-31,978.0,970.95,986.55,970.95,122818.0
116280,2023-04-20,1026.25,1031.0,1038.8,1012.9,96626.0
116280,2023-04-26,1021.7,1030.1,1034.95,1012.9,45863.0
116280,2023-06-09,1145.15,1145.0,1172.0,1140.0,140185.0
116280,2023-06-22,1166.9,1178.75,1189.0,1161.0,39603.0
116280,2023-07-19,1240.15,1264.9,1270.0,1224.0,92952.0
116280,2023-08-22,1266.25,1270.0,1275.5,1250.05,129370.0
116280,2023-02-22,979.6,971.1,987.75,971.1,58553.0
116280,2023-03-17,976.0,985.0,989.0,968.0,64551.0
116280,2023-03-24,984.5,985.05,993.85,980.0,47682.0
116280,2023-04-24,1000.7,1019.0,1025.5,994.55,68897.0
116280,2023-05-19,1073.0,1078.0,1089.0,1063.45,95054.0
116280,2023-06-14,1154.95,1158.9,1169.0,1150.0,153841.0
116280,2023-08-01,1254.45,1273.7,1275.45,1243.6,55966.0
116280,2023-02-17,994.25,1001.0,1014.85,990.2,52746.0
116280,2023-03-20,969.55,976.0,980.9,962.6,150038.0
116280,2023-04-21,1009.4,1025.0,1029.55,1005.05,64589.0
116280,2023-04-28,1046.1,1025.0,1052.0,1006.0,71302.0
116280,2023-05-29,1080.9,1074.7,1088.65,1069.0,67875.0
116280,2023-06-06,1139.85,1138.8,1144.95,1125.0,96011.0
116280,2023-06-07,1145.0,1144.9,1164.05,1141.95,52181.0
116280,2023-06-08,1144.15,1146.0,1157.0,1132.05,62300.0
116280,2023-08-17,1232.8,1201.8,1244.95,1195.55,202950.0
116280,2023-05-30,1097.55,1080.1,1099.8,1070.0,80349.0
116280,2023-06-13,1157.75,1162.95,1171.5,1145.0,73928.0
116280,2023-06-15,1181.6,1159.0,1187.4,1156.35,171400.0
116280,2023-06-28,1213.85,1194.9,1216.05,1190.55,291712.0
116280,2023-07-17,1240.2,1248.25,1256.9,1227.4,69460.0
116280,2023-08-14,1197.25,1206.95,1207.95,1175.4,41478.0
116280,2023-03-01,988.6,981.2,996.85,980.0,221227.0
116280,2023-03-14,962.0,972.05,980.0,956.1,273867.0
116280,2023-06-01,1135.75,1126.0,1148.0,1112.0,116272.0
116280,2023-06-12,1155.35,1151.2,1164.4,1140.3,93217.0
116280,2023-06-26,1184.95,1156.05,1187.95,1149.15,108470.0
116280,2023-06-30,1216.95,1213.85,1234.8,1200.0,85600.0
116280,2023-07-03,1209.65,1223.0,1243.0,1200.2,70973.0
116280,2023-07-05,1229.9,1240.0,1245.0,1213.05,92442.0
116280,2023-07-11,1239.95,1252.0,1255.0,1226.55,80874.0
116280,2023-08-18,1240.25,1232.8,1245.0,1219.05,82045.0
116280,2023-02-20,990.6,999.25,999.5,986.6,29018.0
116280,2023-02-23,990.5,984.8,995.0,978.0,75082.0
116280,2023-03-28,972.75,986.0,986.0,965.05,80934.0
116280,2023-04-11,996.7,997.15,1002.05,981.75,279551.0
116280,2023-05-04,1044.25,1048.0,1059.85,1036.0,72561.0
116280,2023-05-11,1064.35,1065.5,1085.0,1052.2,143713.0
116280,2023-05-18,1078.4,1072.0,1090.95,1060.1,108665.0
116280,2023-06-05,1133.1,1110.95,1144.7,1110.95,163928.0
116280,2023-07-07,1254.6,1241.95,1264.8,1241.95,150006.0
116280,2023-07-13,1227.05,1234.4,1262.0,1216.05,54374.0
116280,2023-07-27,1218.15,1212.0,1227.95,1205.0,27264.0
116280,2023-08-16,1195.5,1197.2,1224.0,1186.4,49025.0
