stockid,date,close,open,high,low,volume
282594,2021-01-08,61.0,63.25,63.25,60.55,372850.0
282594,2021-01-14,58.5,57.95,59.9,57.0,190866.0
282594,2021-01-25,51.45,55.2,55.2,51.3,319282.0
282594,2021-03-23,100.15,105.7,105.7,99.3,542728.0
282594,2021-04-29,105.4,103.0,107.45,100.05,2006966.0
282594,2021-05-21,117.1,106.7,120.0,106.1,6055554.0
282594,2021-06-11,119.5,121.45,122.0,119.1,357989.0
282594,2021-06-28,110.65,112.9,112.9,110.4,212555.0
282594,2021-08-04,140.55,142.5,146.95,139.1,1037584.0
282594,2021-08-13,126.85,127.5,130.75,125.3,398890.0
282594,2021-08-31,114.4,116.35,116.4,114.05,208406.0
282594,2021-09-20,114.85,117.4,118.85,114.2,413537.0
282594,2021-11-25,108.5,107.0,110.5,106.45,280204.0
282594,2022-01-12,122.4,121.6,125.4,119.4,1268298.0
282594,2022-02-10,145.2,151.2,152.85,142.0,1678097.0
282594,2022-02-18,137.45,136.8,141.55,135.75,926586.0
282594,2022-02-23,128.35,127.1,132.1,126.1,1342621.0
282594,2022-03-03,115.1,116.45,118.9,114.3,794492.0
282594,2022-04-11,152.15,159.3,159.9,151.05,1127439.0
282594,2022-04-13,162.1,167.75,169.75,133.35,2544207.0
282594,2022-04-21,165.55,160.45,170.7,160.35,4398612.0
282594,2022-04-26,182.55,184.45,190.95,181.3,6226153.0
282594,2022-05-11,135.85,144.3,149.2,130.6,2704382.0
282594,2022-05-31,129.85,131.5,136.4,128.3,3011968.0
282594,2022-06-06,132.8,132.25,134.65,129.65,993462.0
282594,2022-08-04,121.75,121.0,125.5,120.6,2208731.0
282594,2022-08-05,122.55,122.45,123.85,121.55,728834.0
282594,2022-08-23,124.65,123.85,127.5,123.05,653326.0
282594,2022-09-12,131.0,131.0,133.75,130.15,932021.0
282594,2022-09-21,121.05,122.4,125.9,120.1,1287449.0
282594,2022-10-14,111.45,113.0,114.8,111.0,247792.0
282594,2022-11-09,106.6,108.45,111.0,106.0,834509.0
282594,2022-11-18,102.75,100.95,103.65,100.95,352685.0
282594,2022-12-07,100.35,102.15,102.75,99.75,385578.0
282594,2022-12-27,91.0,90.0,92.5,90.0,286160.0
282594,2023-02-01,87.0,89.2,91.0,86.0,279658.0
282594,2023-02-06,85.45,85.25,86.7,84.7,207640.0
282594,2021-01-20,56.35,56.5,57.7,56.0,125555.0
282594,2021-01-27,53.9,52.0,54.0,51.6,224128.0
282594,2021-02-15,79.0,70.95,82.85,69.1,5336526.0
282594,2021-03-09,99.35,105.4,105.4,97.75,896491.0
282594,2021-04-27,101.8,101.7,105.0,100.2,506756.0
282594,2021-04-30,106.05,106.0,114.6,103.3,3420314.0
282594,2021-05-28,128.6,133.5,134.35,127.1,4884501.0
282594,2021-10-05,114.55,112.75,115.35,112.55,328723.0
282594,2021-10-20,119.1,117.7,121.3,114.4,562300.0
282594,2021-10-21,117.65,121.8,121.8,116.8,171147.0
282594,2021-10-22,115.6,118.65,119.4,115.0,201732.0
282594,2022-01-04,105.3,105.55,106.25,104.1,358825.0
282594,2022-02-01,146.25,147.45,148.0,142.25,1333831.0
282594,2022-02-09,150.4,154.25,159.5,148.25,1427836.0
282594,2022-03-17,119.6,120.0,122.4,119.1,592782.0
282594,2022-05-05,165.55,173.0,174.2,162.1,2992681.0
282594,2022-07-25,130.95,133.75,134.65,130.05,1142610.0
282594,2022-10-10,115.7,115.4,116.4,114.9,303439.0
282594,2022-12-01,102.8,102.7,104.0,102.05,396564.0
282594,2022-12-16,98.55,99.95,100.25,98.0,320081.0
282594,2023-01-13,95.6,95.35,96.9,95.35,213258.0
282594,2023-01-24,93.5,94.45,96.0,93.2,572532.0
282594,2023-02-28,67.75,70.3,70.3,67.25,356418.0
282594,2023-03-29,61.35,57.35,62.3,57.35,1407073.0
282594,2023-04-10,65.15,66.4,67.5,64.6,487518.0
282594,2023-05-09,68.95,69.7,70.5,68.5,328402.0
282594,2023-05-24,82.7,81.0,84.3,80.15,1618045.0
282594,2023-07-10,78.95,81.15,81.15,78.6,298542.0
282594,2023-07-31,77.0,76.15,77.25,76.15,419719.0
282594,2023-08-01,77.2,77.3,78.0,76.9,659514.0
282594,2021-01-13,57.9,60.0,61.2,56.7,325859.0
282594,2021-01-18,56.1,57.2,58.3,55.5,231010.0
282594,2021-02-05,68.6,68.9,72.0,65.6,2890485.0
282594,2021-02-12,69.05,70.95,72.4,68.05,1613173.0
282594,2021-02-17,104.25,97.45,104.25,96.35,4876711.0
282594,2021-02-22,115.75,110.9,115.75,109.3,4919062.0
282594,2021-03-08,102.55,99.5,102.55,98.7,1184666.0
282594,2021-04-19,95.25,97.05,98.25,94.2,521845.0
282594,2021-06-18,113.7,117.8,119.0,108.25,754773.0
282594,2021-06-21,114.9,110.1,115.8,109.35,385221.0
282594,2021-06-24,110.45,114.15,114.5,110.0,277588.0
282594,2021-08-09,132.7,139.4,141.0,130.0,985752.0
282594,2021-08-25,114.65,116.35,118.15,114.0,259402.0
282594,2021-10-12,121.7,124.85,126.55,120.75,749166.0
282594,2021-11-08,113.2,116.1,116.35,112.6,255322.0
282594,2021-11-10,114.25,110.0,119.0,109.2,1125265.0
282594,2021-11-17,112.45,112.1,113.95,111.4,230144.0
282594,2021-12-06,103.4,107.1,107.75,102.55,201700.0
282594,2021-12-09,105.6,106.5,108.75,105.3,322607.0
282594,2021-12-22,98.2,101.3,102.55,97.4,523999.0
282594,2022-01-20,154.9,155.4,165.0,149.2,12469363.0
282594,2022-02-04,162.15,165.8,172.0,160.0,3277931.0
282594,2022-02-14,128.05,126.1,138.0,126.1,1843711.0
282594,2022-03-10,118.95,123.5,124.0,117.65,1306453.0
282594,2022-05-24,131.6,133.0,135.7,130.2,893160.0
282594,2022-06-09,130.5,129.0,132.9,128.5,593181.0
282594,2022-06-24,119.0,117.95,121.3,116.65,691811.0
282594,2022-07-05,118.85,121.7,124.5,118.0,1975655.0
282594,2021-05-11,101.55,100.85,104.35,99.2,565762.0
282594,2021-06-15,121.25,124.15,124.65,120.8,578815.0
282594,2021-06-22,114.25,116.0,117.0,114.0,311334.0
282594,2021-07-07,145.65,136.5,149.45,136.5,4691164.0
282594,2021-08-03,141.75,140.3,145.9,138.1,1269073.0
282594,2021-10-26,113.65,113.4,115.3,113.05,128203.0
282594,2021-12-15,107.1,106.95,109.4,106.0,224906.0
282594,2022-02-21,127.5,137.1,137.1,126.15,983717.0
282594,2022-03-07,109.35,110.0,113.0,108.9,840408.0
282594,2022-04-19,150.05,158.0,163.0,146.0,1043971.0
282594,2022-04-20,158.65,152.8,169.0,152.8,4356349.0
282594,2022-05-13,137.95,135.0,143.2,134.9,2201314.0
282594,2022-05-25,122.1,132.9,133.5,120.1,997211.0
282594,2022-06-29,122.7,120.15,126.1,119.05,788089.0
282594,2022-08-03,128.1,131.3,131.75,127.3,531288.0
282594,2022-08-16,123.25,122.2,124.5,122.2,359200.0
282594,2022-09-08,132.1,127.2,134.25,127.05,2944921.0
282594,2022-10-21,110.95,112.3,112.3,110.5,175697.0
282594,2022-11-16,104.0,105.8,106.7,103.5,221346.0
282594,2022-12-09,99.65,101.7,101.75,98.9,274722.0
282594,2022-12-12,98.25,99.6,101.5,98.0,457277.0
282594,2023-01-18,95.55,95.95,96.45,95.1,295931.0
282594,2023-02-14,74.2,77.5,77.95,73.5,523892.0
282594,2023-02-16,72.3,72.2,81.6,71.5,5926444.0
282594,2021-01-06,64.25,67.6,68.0,64.25,427975.0
282594,2021-01-07,62.05,64.25,64.25,61.05,903991.0
282594,2021-01-15,58.25,60.0,60.0,56.75,318182.0
282594,2021-02-03,61.2,60.05,61.2,59.5,609718.0
282594,2021-02-16,94.8,79.9,94.8,79.9,7166531.0
282594,2021-02-11,71.65,63.0,74.75,62.25,5013422.0
282594,2021-03-19,98.25,97.75,99.7,96.05,1459730.0
282594,2021-02-19,105.25,93.95,105.4,92.05,5952511.0
282594,2021-03-12,107.25,106.0,107.25,105.2,1606409.0
282594,2021-04-16,100.6,100.8,104.9,100.0,492800.0
282594,2021-03-15,112.6,112.6,112.6,108.2,1772290.0
282594,2021-05-25,125.6,119.2,128.4,119.2,4360338.0
282594,2021-03-17,106.4,113.4,113.9,106.4,819797.0
282594,2021-06-25,111.2,111.9,112.0,110.7,242196.0
282594,2021-03-30,92.4,98.55,99.25,91.4,652445.0
282594,2021-07-16,145.05,144.1,147.5,142.7,950309.0
282594,2021-04-13,104.3,104.7,108.8,100.8,561522.0
282594,2021-08-06,138.1,138.5,142.5,137.0,419768.0
282594,2021-04-22,104.85,101.8,112.0,99.15,1508736.0
282594,2021-08-20,117.9,116.7,122.2,114.8,444000.0
282594,2021-04-26,100.2,103.45,104.6,99.05,495011.0
282594,2021-09-01,114.7,115.0,116.0,113.8,164515.0
282594,2021-05-07,102.05,105.25,105.55,101.6,588781.0
282594,2021-09-14,115.85,116.75,118.3,115.5,439015.0
282594,2021-05-12,100.5,101.75,103.7,100.05,378648.0
282594,2021-09-15,116.9,116.5,119.8,115.8,500195.0
282594,2021-05-17,101.8,103.65,104.55,101.05,415149.0
282594,2021-06-02,125.95,125.9,128.15,123.8,1166655.0
282594,2021-10-13,119.15,122.65,124.9,118.4,616578.0
282594,2021-10-14,118.15,119.2,122.8,118.0,339382.0
282594,2021-07-27,140.65,140.35,145.0,137.0,625082.0
282594,2021-10-18,123.15,121.1,127.0,121.1,1207605.0
282594,2021-08-05,137.95,141.3,141.35,136.0,449660.0
282594,2021-11-24,105.5,105.0,109.9,103.75,413330.0
282594,2021-08-12,126.8,122.05,129.35,122.0,484904.0
282594,2021-12-16,105.3,108.35,108.35,104.8,180727.0
282594,2021-08-23,111.9,122.25,122.25,110.0,871513.0
282594,2021-10-01,112.25,113.35,113.5,110.8,304574.0
282594,2022-01-03,105.0,102.8,106.0,102.8,490958.0
282594,2022-01-21,154.7,152.9,162.0,150.6,5673767.0
282594,2021-10-06,114.75,114.15,118.7,114.15,595201.0
282594,2022-01-27,146.75,145.0,150.8,144.1,1338960.0
282594,2021-12-10,108.5,105.6,109.7,105.6,434015.0
282594,2022-02-15,133.0,129.1,135.7,125.7,1621039.0
282594,2021-12-28,104.0,96.2,108.35,95.25,2557220.0
282594,2022-02-16,138.3,136.95,144.3,135.2,1950499.0
282594,2021-12-29,102.35,103.05,105.9,101.8,649427.0
282594,2022-03-21,122.55,120.0,127.5,119.1,1758173.0
282594,2021-12-31,102.4,100.35,104.1,100.05,513035.0
282594,2022-01-07,113.8,111.45,115.4,111.0,1050870.0
282594,2022-07-13,121.95,124.45,124.8,121.6,431542.0
282594,2022-09-15,126.3,128.1,129.25,125.85,615274.0
282594,2022-01-31,146.7,141.5,148.5,141.5,1514863.0
282594,2022-09-28,113.0,115.5,116.95,112.3,465295.0
282594,2022-02-25,121.0,120.0,124.0,116.45,962413.0
282594,2022-11-10,104.1,105.75,106.8,103.8,334426.0
282594,2021-04-12,101.2,108.0,108.85,99.0,992119.0
282594,2021-01-21,55.9,56.55,57.3,55.5,162369.0
282594,2021-05-05,103.9,104.8,106.3,103.2,283412.0
282594,2021-02-01,55.55,57.4,57.4,55.0,192956.0
282594,2021-03-26,96.2,90.0,96.45,88.55,1348976.0
282594,2021-06-29,111.45,110.6,114.7,110.3,424075.0
282594,2021-07-29,137.3,137.6,139.75,136.2,374828.0
282594,2021-04-05,97.15,97.15,97.15,94.9,808835.0
282594,2021-09-08,119.1,120.0,121.5,118.0,249170.0
282594,2021-06-14,123.15,121.0,125.95,117.0,1406423.0
282594,2021-09-09,118.85,118.95,123.4,118.25,429082.0
282594,2021-06-17,116.9,118.5,120.25,116.1,582334.0
282594,2021-11-01,112.8,110.8,113.9,110.8,190401.0
282594,2021-07-09,142.8,142.55,145.75,140.75,1144289.0
282594,2021-11-26,103.45,105.05,107.05,102.0,329268.0
282594,2021-08-26,113.9,114.8,116.7,113.0,198417.0
282594,2021-11-30,101.45,102.5,104.85,100.65,218965.0
282594,2021-10-04,112.75,113.0,114.25,112.1,326559.0
282594,2022-02-17,137.55,140.0,144.25,136.2,1151711.0
282594,2022-02-24,114.15,120.2,123.95,113.2,1222517.0
282594,2021-11-18,109.7,112.85,112.95,107.5,405648.0
282594,2021-12-01,102.55,103.0,103.5,100.8,147186.0
282594,2022-03-15,116.75,118.0,120.75,115.75,619045.0
282594,2021-12-03,104.5,103.8,107.0,102.7,511369.0
282594,2022-03-28,112.85,115.15,116.7,112.05,580733.0
282594,2021-12-17,101.35,104.4,104.95,101.0,386600.0
282594,2022-03-29,110.75,113.65,114.5,110.0,670542.0
282594,2022-04-27,175.5,182.0,184.5,172.05,3736274.0
282594,2022-04-29,164.15,169.15,174.95,162.4,2326040.0
282594,2022-06-08,129.75,130.5,132.25,128.3,664897.0
282594,2022-06-22,115.55,118.0,120.7,114.7,964263.0
282594,2022-05-06,156.6,160.0,163.75,155.35,2382564.0
282594,2022-06-27,121.65,121.8,122.95,120.0,652046.0
282594,2022-06-07,129.65,131.05,132.45,129.0,618683.0
282594,2022-06-30,118.95,123.15,125.3,118.0,1286579.0
282594,2022-06-14,122.6,120.2,125.8,120.2,617556.0
282594,2022-07-29,131.4,128.4,133.85,127.8,1441698.0
282594,2022-08-19,127.9,123.9,132.9,123.5,4397741.0
282594,2022-07-11,126.35,122.7,128.0,121.8,869770.0
282594,2022-09-07,126.25,125.3,129.4,124.7,637564.0
282594,2022-09-13,128.2,131.7,132.0,127.8,656768.0
282594,2022-08-24,125.05,125.05,126.8,124.1,505257.0
282594,2022-09-19,122.45,123.4,124.4,121.0,607750.0
282594,2022-09-22,125.7,120.95,126.5,120.5,859688.0
282594,2022-12-23,82.75,91.0,91.0,82.0,1058208.0
282594,2022-09-30,115.75,113.95,116.6,112.65,342406.0
282594,2023-01-20,93.7,95.0,96.2,93.5,217857.0
282594,2023-03-21,64.45,64.7,65.9,63.65,454344.0
282594,2022-10-03,113.2,116.0,116.5,112.75,314675.0
282594,2022-10-28,108.5,110.95,111.4,108.1,379361.0
282594,2023-03-22,68.05,65.2,69.55,64.65,1236431.0
282594,2022-11-14,105.75,105.8,107.2,105.15,208077.0
282594,2023-03-31,60.4,63.0,63.75,60.0,685666.0
282594,2022-11-22,101.65,103.95,104.0,101.0,219363.0
282594,2023-07-04,81.15,76.5,82.5,76.5,3226928.0
282594,2022-11-29,103.35,106.5,106.5,103.0,288328.0
282594,2023-07-13,76.25,78.8,79.15,75.75,755479.0
282594,2023-07-14,76.7,76.5,77.8,76.0,426803.0
282594,2022-12-30,90.1,91.85,93.2,89.7,290004.0
282594,2023-01-05,97.4,100.0,100.0,97.0,493653.0
282594,2023-01-16,95.35,96.05,96.6,95.15,286495.0
282594,2023-07-25,76.35,76.95,77.15,75.75,235711.0
282594,2023-01-17,95.0,95.35,97.3,94.9,376050.0
282594,2023-01-30,85.8,88.45,89.25,85.05,428015.0
282594,2023-03-03,70.3,69.35,71.2,69.3,438586.0
282594,2023-03-08,70.2,70.85,70.85,69.8,220386.0
282594,2023-03-10,70.95,71.15,72.3,70.5,385503.0
282594,2023-05-23,81.75,81.5,83.15,81.0,1498047.0
282594,2023-05-26,80.8,81.6,82.45,80.1,616545.0
282594,2021-01-05,67.6,65.0,67.9,63.5,527308.0
282594,2021-03-10,102.15,99.8,103.9,98.5,711639.0
282594,2021-05-20,105.75,106.45,108.1,105.0,402176.0
282594,2021-05-24,119.1,119.0,124.7,116.5,3470347.0
282594,2021-05-26,126.3,126.8,132.5,125.5,3462869.0
282594,2021-06-04,123.2,123.75,127.35,122.1,1089924.0
282594,2021-06-23,112.15,115.95,115.95,111.75,284359.0
282594,2021-07-26,139.65,142.7,143.25,138.75,375962.0
282594,2021-08-18,117.95,122.8,123.15,116.75,294793.0
282594,2021-08-24,115.85,113.8,117.9,111.0,470874.0
282594,2021-09-02,123.45,114.1,124.6,114.1,1542660.0
282594,2021-09-06,123.4,122.2,126.0,121.45,651573.0
282594,2021-10-25,112.85,116.45,116.65,112.0,217107.0
282594,2021-11-04,115.7,115.3,116.0,114.2,70699.0
282594,2022-02-03,163.25,168.55,175.3,162.4,6160323.0
282594,2022-02-08,154.25,161.55,162.9,150.95,1746297.0
282594,2022-03-23,121.35,121.9,124.35,120.8,588643.0
282594,2022-05-26,119.5,123.45,124.6,113.25,1708254.0
282594,2022-06-03,134.25,139.3,142.35,133.3,1552521.0
282594,2022-06-17,115.65,118.7,118.7,112.95,1188905.0
282594,2022-07-04,120.0,119.8,121.8,118.05,389119.0
282594,2022-08-08,121.2,123.0,123.7,121.0,412546.0
282594,2022-09-26,117.3,121.1,122.55,117.0,874926.0
282594,2022-10-24,112.05,111.5,112.6,111.2,83327.0
282594,2022-12-13,95.9,100.0,100.0,95.3,621035.0
282594,2022-12-15,99.95,96.65,103.3,96.5,1500789.0
282594,2022-12-19,97.7,99.3,99.35,97.0,237200.0
282594,2023-01-10,95.7,97.8,97.8,95.25,258349.0
282594,2023-01-19,94.6,95.15,95.75,94.5,157103.0
282594,2023-02-09,79.75,80.9,81.05,77.65,476467.0
282594,2023-02-13,77.55,80.1,80.4,77.05,271072.0
282594,2023-04-05,65.65,63.45,66.1,63.25,584637.0
282594,2023-04-18,69.55,68.7,70.8,68.4,373136.0
282594,2023-04-27,69.45,70.65,71.2,69.2,301381.0
282594,2021-01-01,66.9,71.45,71.45,66.3,2032318.0
282594,2021-01-29,56.95,57.9,59.35,56.1,477647.0
282594,2021-02-10,62.3,64.0,64.5,61.95,254299.0
282594,2021-02-23,126.9,124.0,127.3,116.05,6256125.0
282594,2021-03-02,100.8,108.3,108.65,100.35,1790607.0
282594,2021-03-05,97.7,104.0,104.4,97.55,1201662.0
282594,2021-04-09,111.7,115.0,115.9,111.0,804929.0
282594,2021-05-06,104.1,105.0,108.7,102.6,683360.0
282594,2021-07-23,142.7,145.05,148.7,141.45,1041169.0
282594,2021-09-03,121.55,123.95,124.9,119.5,616666.0
282594,2021-09-17,119.3,123.5,124.35,118.3,528552.0
282594,2021-09-23,115.6,116.0,118.45,115.25,268945.0
282594,2021-09-27,112.9,114.7,115.55,112.25,303905.0
282594,2021-10-08,118.2,116.0,123.0,114.8,1396648.0
282594,2021-10-27,113.55,114.4,115.25,112.2,212145.0
282594,2021-11-03,114.15,114.95,116.25,113.0,246905.0
282594,2021-12-07,103.9,103.6,104.8,103.0,125647.0
282594,2021-12-13,105.7,109.8,110.15,105.35,681997.0
282594,2021-12-30,99.8,102.5,103.95,99.0,399192.0
282594,2022-01-05,111.75,105.3,115.7,104.5,2836529.0
282594,2022-02-22,122.55,123.0,125.7,120.2,1059197.0
282594,2022-03-02,113.8,111.95,118.0,110.5,1499836.0
282594,2022-03-08,113.0,110.6,113.9,109.8,657630.0
282594,2022-03-22,120.95,122.7,124.45,119.5,866995.0
282594,2022-04-06,149.3,127.0,149.3,125.3,4482107.0
282594,2022-04-22,178.95,165.6,184.2,165.55,15263480.0
282594,2022-05-09,149.4,154.4,157.4,148.15,2319424.0
282594,2022-06-15,122.0,123.0,125.15,121.1,464340.0
282594,2022-07-01,118.9,119.65,119.65,116.2,307290.0
282594,2022-07-06,120.0,119.7,121.25,117.1,674664.0
282594,2022-07-27,125.25,126.0,128.15,124.3,856277.0
282594,2022-08-26,124.6,125.8,126.75,123.9,524939.0
282594,2022-09-29,114.1,115.0,116.25,112.4,280285.0
282594,2022-11-03,108.85,108.5,110.1,108.0,285299.0
282594,2022-11-15,106.0,105.75,106.75,105.7,143286.0
282594,2022-11-24,101.15,100.6,103.15,100.6,225577.0
282594,2022-12-06,101.65,102.95,103.3,101.35,367009.0
282594,2022-12-20,97.1,96.6,97.6,96.35,228489.0
282594,2023-01-03,102.25,93.75,104.4,93.45,7569120.0
282594,2022-07-12,123.8,125.2,127.7,122.55,693599.0
282594,2022-07-21,134.55,122.7,138.25,122.15,8418350.0
282594,2022-08-30,124.25,122.5,127.0,122.5,871534.0
282594,2022-10-07,116.95,116.45,118.15,116.0,347492.0
282594,2022-12-14,96.3,96.9,98.0,96.0,408465.0
282594,2022-12-21,95.75,97.8,99.05,95.3,356227.0
282594,2023-01-31,88.5,86.0,88.85,86.0,272957.0
282594,2023-03-16,65.1,65.85,65.85,63.05,517892.0
282594,2023-03-01,69.75,68.0,70.1,67.4,340555.0
282594,2023-06-05,75.05,75.4,77.85,74.7,836119.0
282594,2023-06-19,78.1,78.7,79.8,77.5,768654.0
282594,2023-03-06,71.05,70.85,73.15,70.45,617963.0
282594,2023-06-27,74.5,74.65,75.9,74.1,323236.0
282594,2023-03-13,68.7,71.85,71.85,68.05,487251.0
282594,2023-07-03,76.2,76.85,77.65,75.6,252790.0
282594,2023-03-28,56.75,60.5,61.25,55.55,758575.0
282594,2023-07-20,77.4,77.6,78.6,77.0,358635.0
282594,2023-04-13,68.8,68.95,70.2,68.0,471708.0
282594,2023-08-09,101.95,96.9,109.45,93.6,22250011.0
282594,2023-04-25,68.1,68.25,70.25,67.75,400233.0
282594,2023-05-02,71.2,70.45,73.25,70.4,680424.0
282594,2023-05-15,69.8,71.3,71.45,69.5,368157.0
282594,2023-05-19,77.6,75.3,78.9,74.7,2118778.0
282594,2023-06-06,74.5,75.4,75.7,74.15,375441.0
282594,2023-06-07,74.0,74.95,75.7,73.65,588149.0
282594,2023-06-21,76.7,77.15,79.1,76.2,550810.0
282594,2023-06-30,76.85,75.45,78.2,75.0,517809.0
282594,2023-06-01,74.6,73.95,75.5,73.7,507718.0
282594,2023-07-12,78.5,75.5,81.8,72.3,3214667.0
282594,2023-01-06,94.7,97.05,97.15,94.0,399692.0
282594,2023-03-02,68.7,70.35,71.4,68.5,409637.0
282594,2023-03-09,72.3,70.95,74.35,70.55,1042233.0
282594,2023-04-21,68.55,68.15,70.5,68.15,448246.0
282594,2023-05-25,81.4,82.65,83.25,81.0,613155.0
282594,2023-06-02,74.65,74.95,75.65,74.4,317826.0
282594,2023-07-06,82.0,82.25,84.4,81.75,960535.0
282594,2023-07-21,77.25,77.0,78.2,76.8,309847.0
282594,2023-08-21,104.95,100.35,106.65,100.1,2206708.0
282594,2021-01-22,54.0,56.15,56.5,53.45,281039.0
282594,2021-02-04,64.25,64.25,64.25,64.25,288722.0
282594,2021-02-25,114.8,119.0,120.8,114.8,1119835.0
282594,2021-03-25,91.9,97.95,98.45,91.9,668296.0
282594,2021-02-02,58.3,56.8,58.3,56.8,464782.0
282594,2021-04-01,92.55,92.55,92.55,92.55,157234.0
282594,2021-02-08,65.9,70.0,70.7,64.3,853300.0
282594,2021-04-06,102.0,102.0,102.0,98.1,917087.0
282594,2021-02-24,120.8,128.95,133.2,120.6,5619173.0
282594,2021-04-28,101.7,102.95,104.75,100.5,511657.0
282594,2021-03-04,102.65,104.4,104.7,100.0,1141052.0
282594,2021-05-03,109.45,106.7,111.8,106.7,1048210.0
282594,2021-03-22,103.15,99.6,103.15,98.4,732800.0
282594,2021-05-18,106.35,102.7,108.5,102.0,1570610.0
282594,2021-04-07,107.1,106.0,107.1,104.55,475323.0
282594,2021-05-31,119.75,129.0,129.0,117.05,2754716.0
282594,2021-05-27,125.95,127.3,128.4,122.15,2365046.0
282594,2021-07-05,143.7,126.45,150.45,126.05,17035301.0
282594,2021-07-19,140.6,142.2,145.2,138.5,892560.0
282594,2021-07-12,148.95,144.1,153.95,141.5,3637356.0
282594,2021-07-22,144.3,138.45,146.4,138.05,1099788.0
282594,2021-07-14,147.75,149.2,151.5,146.0,1568619.0
282594,2021-08-10,124.15,133.0,133.5,119.1,1198404.0
282594,2021-09-21,114.25,114.15,115.0,109.0,637101.0
282594,2021-09-07,119.65,124.05,124.05,117.3,348837.0
282594,2021-09-22,114.8,114.8,117.0,110.0,369352.0
282594,2021-10-19,117.7,124.25,125.6,115.9,668606.0
282594,2021-10-07,115.1,115.55,119.0,114.4,497143.0
282594,2021-11-12,110.85,113.85,114.0,110.0,547726.0
282594,2021-10-29,111.15,110.35,112.55,108.25,150715.0
282594,2021-11-23,103.45,99.3,104.15,99.3,258617.0
282594,2022-01-13,118.85,122.45,122.7,118.45,625314.0
282594,2021-12-08,106.1,106.05,109.25,103.85,412808.0
282594,2022-02-02,168.55,147.25,172.3,147.25,9981928.0
282594,2021-12-20,96.45,100.0,100.9,95.5,377860.0
282594,2022-02-11,138.95,143.6,147.4,137.1,1264528.0
282594,2022-03-09,117.7,113.85,121.0,112.65,1510587.0
282594,2021-12-27,95.05,96.35,97.0,94.55,325352.0
282594,2022-03-16,118.5,118.1,121.35,118.1,612312.0
282594,2022-04-01,118.95,115.3,119.9,114.6,952856.0
282594,2022-01-14,121.55,119.6,123.0,118.1,533115.0
282594,2022-01-24,143.55,157.9,165.5,141.0,7410110.0
282594,2022-02-28,112.85,115.0,116.8,110.45,2781847.0
282594,2022-04-04,122.4,120.0,124.25,120.0,1016130.0
282594,2022-03-25,116.05,119.2,119.95,115.6,571936.0
282594,2022-04-08,158.05,156.7,164.25,154.55,2906788.0
282594,2022-03-30,113.65,111.6,117.5,111.6,1054221.0
282594,2022-05-10,143.4,150.65,155.8,141.0,1932253.0
282594,2022-04-25,181.15,177.0,187.9,175.1,6583883.0
282594,2022-04-28,167.85,177.3,178.65,165.25,2271285.0
282594,2022-06-20,110.4,117.1,122.0,108.0,854018.0
282594,2022-07-15,119.3,120.6,121.35,118.2,275542.0
282594,2022-05-04,168.65,161.5,174.8,160.4,7666270.0
282594,2022-07-28,127.55,126.1,129.35,125.75,779314.0
282594,2022-05-30,133.4,125.9,134.6,125.2,1768134.0
282594,2022-08-02,130.55,134.65,135.45,129.9,1144223.0
282594,2022-06-01,132.35,130.25,134.3,130.2,1181156.0
282594,2022-06-02,138.15,131.2,140.5,130.85,2142080.0
282594,2022-09-02,126.45,125.1,131.75,124.7,1815771.0
282594,2022-09-16,123.4,126.0,126.9,122.0,872470.0
282594,2022-10-12,111.65,112.55,113.5,111.1,274414.0
282594,2022-07-07,122.5,120.9,123.6,120.05,1238624.0
282594,2022-10-31,107.55,109.0,109.45,107.15,231179.0
282594,2022-07-20,121.9,122.15,124.0,121.55,469304.0
282594,2022-11-17,100.65,103.9,104.0,100.35,465518.0
282594,2022-08-17,123.7,124.2,126.5,123.0,764491.0
282594,2023-07-28,75.85,76.7,77.45,75.55,408116.0
282594,2023-08-16,105.25,101.0,106.2,100.35,3019069.0
282594,2021-01-04,65.3,68.4,70.2,64.5,893903.0
282594,2021-01-11,61.65,62.0,64.05,60.75,1064362.0
282594,2021-01-12,59.6,62.0,62.05,58.6,515416.0
282594,2021-01-19,56.5,57.6,57.6,55.9,152336.0
282594,2021-02-18,95.85,109.7,113.9,94.5,7584405.0
282594,2021-04-23,101.45,106.4,107.35,100.5,659614.0
282594,2021-05-04,103.8,111.3,111.5,102.6,641998.0
282594,2021-05-19,105.75,105.95,109.85,105.0,937235.0
282594,2021-06-01,125.75,121.0,132.0,118.05,2748472.0
282594,2021-06-09,118.9,122.4,122.9,117.5,692805.0
282594,2021-06-10,120.95,119.8,122.9,119.25,626954.0
282594,2021-07-20,137.65,138.35,141.35,133.6,849237.0
282594,2021-07-28,136.85,140.75,141.2,135.25,583686.0
282594,2021-08-02,139.6,137.0,143.2,137.0,668071.0
282594,2021-08-11,121.4,124.8,125.0,112.8,1216181.0
282594,2021-08-17,122.35,122.65,125.15,120.7,311450.0
282594,2021-09-13,115.45,118.05,118.65,114.6,501425.0
282594,2021-09-29,113.4,113.75,116.0,113.1,236468.0
282594,2021-11-09,117.55,113.5,120.0,113.25,562494.0
282594,2021-11-11,113.05,113.55,115.25,112.85,214497.0
282594,2021-11-16,112.05,112.7,114.45,111.8,310845.0
282594,2021-12-14,106.3,105.1,107.25,104.85,181701.0
282594,2022-01-11,120.35,117.4,123.95,114.5,1764091.0
282594,2022-01-17,134.65,124.5,138.0,123.95,5068651.0
282594,2022-01-28,140.15,148.0,152.75,138.3,1330696.0
282594,2022-05-02,159.85,162.0,163.9,157.95,1982438.0
282594,2022-05-19,141.7,146.0,147.8,140.75,1661853.0
282594,2022-05-20,132.6,138.45,138.9,130.0,3100258.0
282594,2022-06-13,121.85,125.0,125.0,120.1,548619.0
282594,2022-07-08,123.45,123.4,125.5,121.6,910158.0
282594,2022-09-06,126.0,126.4,127.9,125.2,548700.0
282594,2021-01-28,56.55,52.95,56.55,52.4,173485.0
282594,2021-03-01,105.6,107.0,112.45,104.1,2298413.0
282594,2021-03-18,101.1,108.4,110.8,101.1,716624.0
282594,2021-03-31,88.15,93.55,93.8,87.8,516125.0
282594,2021-04-08,116.6,114.0,124.0,112.0,3901584.0
282594,2021-04-15,100.8,106.85,106.85,99.0,412976.0
282594,2021-04-20,99.2,97.9,103.25,97.45,610490.0
282594,2021-05-10,102.15,103.25,103.85,101.4,386821.0
282594,2021-05-14,102.85,101.25,106.45,100.75,733993.0
282594,2021-06-30,111.3,112.1,115.6,110.9,456301.0
282594,2021-07-02,125.4,111.05,128.4,111.05,6568875.0
282594,2021-07-08,142.0,146.4,146.6,136.35,1851383.0
282594,2021-07-15,144.25,148.4,148.9,143.5,1039689.0
282594,2021-09-30,113.35,114.0,115.5,112.8,228640.0
282594,2021-11-02,114.55,114.4,115.5,112.6,185097.0
282594,2021-12-02,103.2,103.0,104.7,101.8,173317.0
282594,2021-12-23,99.4,98.55,101.0,98.55,255188.0
282594,2022-01-10,116.75,114.4,118.2,113.25,973357.0
282594,2022-01-18,128.85,137.0,137.05,128.0,1508988.0
282594,2022-03-04,112.55,114.9,114.9,111.5,481193.0
282594,2022-03-14,117.35,119.95,120.75,116.5,424681.0
282594,2021-02-09,64.1,65.0,67.85,62.7,499212.0
282594,2021-02-26,109.1,109.1,114.5,109.1,866055.0
282594,2022-03-24,118.5,120.25,123.05,118.0,626203.0
282594,2021-03-24,96.7,99.7,101.5,96.0,378994.0
282594,2022-05-17,149.3,143.15,150.6,141.9,1824402.0
282594,2021-06-07,122.0,124.25,125.15,121.3,837695.0
282594,2022-06-10,128.25,129.05,130.0,127.55,355451.0
282594,2021-07-06,136.85,144.7,148.7,135.1,3690031.0
282594,2022-06-16,115.45,123.9,124.75,114.35,817460.0
282594,2022-06-21,117.5,111.25,118.0,111.0,636191.0
282594,2021-07-13,148.3,150.3,154.4,147.5,1278028.0
282594,2021-08-16,122.0,127.0,127.75,121.3,357396.0
282594,2022-06-23,116.1,115.6,118.15,114.65,417291.0
282594,2021-08-27,114.75,114.3,119.55,113.1,446764.0
282594,2022-07-19,121.0,119.9,123.5,119.9,672541.0
282594,2022-07-26,126.2,131.0,132.45,125.4,1255241.0
282594,2021-08-30,115.6,115.1,117.1,115.1,370073.0
282594,2021-09-16,122.95,117.45,127.45,117.25,2181280.0
282594,2022-08-10,118.9,121.8,121.95,115.35,588191.0
282594,2021-09-24,113.35,116.5,117.0,113.0,292432.0
282594,2022-08-29,121.55,121.0,123.65,120.05,520918.0
282594,2022-09-20,122.4,123.8,125.45,121.8,374017.0
282594,2021-10-11,124.05,119.25,125.25,118.0,1625551.0
282594,2021-11-15,112.6,111.9,116.25,110.75,393688.0
282594,2022-09-27,115.75,117.25,117.9,115.5,718147.0
282594,2021-11-29,100.5,104.3,105.0,99.1,352066.0
282594,2022-10-04,116.55,115.0,119.35,114.15,672624.0
282594,2021-12-21,100.3,98.0,103.4,96.9,520908.0
282594,2022-10-20,111.6,111.95,112.35,111.0,299565.0
282594,2021-12-24,96.35,99.5,101.0,95.8,364644.0
282594,2022-11-23,101.15,102.3,103.35,100.6,251713.0
282594,2022-11-25,106.0,101.75,107.9,101.75,780944.0
282594,2022-01-25,150.8,141.95,152.95,138.0,3174901.0
282594,2022-02-07,160.75,162.4,167.35,157.65,1906864.0
282594,2023-02-03,85.2,85.95,86.6,84.2,225384.0
282594,2022-04-18,155.7,159.9,161.8,154.2,764317.0
282594,2023-02-17,74.05,72.85,76.9,72.8,1674608.0
282594,2022-05-23,132.05,136.5,136.5,130.9,1010837.0
282594,2023-02-20,72.45,74.4,74.4,72.0,468800.0
282594,2022-06-28,122.1,120.1,122.8,120.05,627422.0
282594,2023-02-23,69.2,69.5,70.8,68.2,621373.0
282594,2022-07-22,133.25,135.1,136.45,130.9,1421441.0
282594,2023-04-12,68.75,68.3,70.45,66.6,936283.0
282594,2022-08-12,122.8,124.0,125.3,122.4,487390.0
282594,2022-08-22,124.65,128.45,128.45,124.0,529048.0
282594,2022-09-14,127.1,125.0,129.2,125.0,667508.0
282594,2021-03-03,104.9,101.5,105.8,100.2,1636426.0
282594,2021-03-16,111.95,115.7,117.8,110.0,1917454.0
282594,2021-06-03,122.85,126.2,126.8,122.0,1045637.0
282594,2021-06-08,121.45,122.85,124.4,119.25,1108320.0
282594,2021-06-16,119.65,121.25,122.7,119.05,435746.0
282594,2021-07-01,110.65,112.0,112.45,110.1,203095.0
282594,2021-07-30,138.4,137.2,143.0,136.5,783914.0
282594,2021-09-28,113.7,113.45,117.0,112.35,431029.0
282594,2021-10-28,110.3,113.5,113.5,110.0,296644.0
282594,2021-11-22,102.75,109.0,109.7,99.8,931576.0
282594,2022-01-06,110.55,110.3,112.0,108.5,706101.0
282594,2022-01-19,153.75,129.0,154.6,127.55,14571544.0
282594,2022-04-07,155.45,154.8,174.5,153.3,17079701.0
282594,2022-04-12,166.55,152.0,171.0,146.1,8358332.0
282594,2022-05-16,142.0,139.5,143.8,135.15,1710053.0
282594,2022-05-18,150.65,150.6,155.4,147.15,3106454.0
282594,2022-05-27,123.95,120.9,126.4,120.9,1043145.0
282594,2022-07-14,120.45,122.65,122.9,119.25,357783.0
282594,2022-07-18,120.65,120.45,122.5,119.85,481910.0
282594,2022-08-01,134.65,131.9,135.85,130.55,1466541.0
282594,2022-08-11,123.9,119.5,127.9,119.5,1965401.0
282594,2022-08-25,124.8,126.0,128.5,124.2,692140.0
282594,2022-09-01,124.5,123.55,125.2,122.75,410239.0
282594,2022-09-05,125.9,127.1,128.9,124.65,711276.0
282594,2022-11-04,110.55,109.15,111.6,108.4,293448.0
282594,2022-11-11,105.7,106.0,106.45,104.0,364797.0
282594,2022-12-02,103.5,103.0,104.15,102.5,258741.0
282594,2023-01-04,100.1,102.25,103.7,99.2,1374392.0
282594,2023-01-09,97.4,96.0,99.8,95.7,865273.0
282594,2023-01-12,94.95,96.15,96.75,94.25,217422.0
282594,2023-02-24,71.7,70.0,73.4,69.4,721191.0
282594,2023-03-15,65.7,67.35,67.9,65.3,340652.0
282594,2023-04-03,63.25,60.8,63.9,60.55,656230.0
282594,2023-08-08,95.0,86.0,95.0,83.8,15127954.0
282594,2022-08-18,123.45,122.6,125.0,122.05,579693.0
282594,2022-10-18,114.1,115.75,117.1,113.5,478044.0
282594,2022-11-02,108.75,110.85,111.65,108.25,224957.0
282594,2022-12-26,88.8,82.75,89.8,82.75,395687.0
282594,2023-02-08,80.95,84.7,84.7,80.0,521299.0
282594,2023-02-21,71.35,73.25,73.6,71.05,528045.0
282594,2023-03-20,63.85,66.6,66.6,63.5,297493.0
282594,2023-04-26,70.3,68.3,72.75,68.2,1410129.0
282594,2023-05-03,69.75,70.95,71.45,69.25,344683.0
282594,2023-06-13,73.25,74.05,74.55,73.0,255344.0
282594,2023-07-07,80.75,82.35,82.65,79.9,538048.0
282594,2023-07-27,76.5,76.65,77.4,75.8,316710.0
282594,2023-08-11,98.9,103.15,104.7,98.1,2527805.0
282594,2022-11-30,100.65,101.35,103.3,99.9,840071.0
282594,2022-12-22,91.2,97.4,97.4,89.25,789620.0
282594,2022-12-29,91.2,92.2,92.5,90.2,117488.0
282594,2023-02-07,84.25,83.0,88.35,82.0,605959.0
282594,2023-03-23,66.5,67.05,68.6,66.3,321966.0
282594,2023-03-27,60.1,65.0,65.0,59.2,650354.0
282594,2023-04-17,68.3,68.75,68.8,67.0,343990.0
282594,2023-05-04,70.35,69.8,71.3,69.6,425730.0
282594,2023-05-11,71.25,69.05,72.45,69.05,920945.0
282594,2023-05-12,71.55,71.6,73.9,70.9,1363734.0
282594,2023-07-18,78.9,78.5,80.4,77.7,881316.0
282594,2023-07-24,76.6,77.55,77.6,76.4,214042.0
282594,2023-08-10,103.15,101.9,106.35,101.35,4075728.0
282594,2023-08-17,101.45,105.4,106.0,100.5,799760.0
282594,2023-08-18,99.85,101.5,102.2,97.4,720620.0
282594,2022-09-09,130.25,133.4,136.25,129.4,1936530.0
282594,2022-09-23,122.4,125.85,126.9,121.95,837713.0
282594,2022-10-19,112.25,114.9,115.5,111.6,328801.0
282594,2022-10-25,111.25,112.2,113.65,111.0,223316.0
282594,2022-11-07,109.7,111.45,112.6,109.3,510732.0
282594,2022-11-21,103.3,102.5,104.7,101.65,224911.0
282594,2022-12-08,101.0,100.55,101.95,100.5,228597.0
282594,2023-01-27,88.05,91.45,93.0,86.3,522586.0
282594,2023-02-10,80.1,79.65,82.9,79.45,385996.0
282594,2023-04-19,69.6,69.6,71.25,69.3,328535.0
282594,2023-04-24,68.0,68.6,68.75,67.65,162000.0
282594,2023-04-28,69.9,69.8,71.25,68.85,486091.0
282594,2023-05-05,69.3,70.0,72.1,69.05,439630.0
282594,2023-05-18,75.1,74.65,77.2,74.5,928487.0
282594,2023-06-16,78.6,74.4,80.5,74.0,2902322.0
282594,2023-06-20,76.85,78.3,78.4,76.6,415524.0
282594,2023-06-28,75.15,75.0,76.6,74.55,358613.0
282594,2023-07-05,82.5,81.0,84.2,80.3,2069373.0
282594,2022-03-11,119.1,118.95,123.0,117.0,730722.0
282594,2022-03-31,114.7,114.05,116.9,114.05,570344.0
282594,2022-04-05,124.45,123.5,127.3,122.55,1201585.0
282594,2022-05-12,130.8,134.4,136.8,128.55,1582070.0
282594,2022-10-06,116.25,117.55,118.3,114.9,650657.0
282594,2022-10-11,111.75,116.5,116.5,105.2,441164.0
282594,2022-10-17,114.8,111.8,116.7,109.6,747729.0
282594,2022-10-27,110.9,113.0,113.0,110.3,255309.0
282594,2022-11-01,110.4,107.95,112.4,107.6,612201.0
282594,2022-11-28,105.8,106.0,108.0,104.95,532818.0
282594,2022-12-05,103.05,103.85,106.2,102.7,558060.0
282594,2022-12-28,92.05,91.0,93.4,89.75,253652.0
282594,2023-01-11,95.95,96.2,97.9,94.5,343379.0
282594,2023-02-22,68.95,71.3,71.3,68.5,543748.0
282594,2023-03-17,66.5,66.4,68.5,65.85,429151.0
282594,2023-03-24,64.3,67.1,67.25,64.0,571327.0
282594,2023-05-29,82.5,81.3,83.5,79.4,978425.0
282594,2023-05-30,77.2,79.0,79.5,76.5,2008656.0
282594,2023-06-09,72.15,73.0,73.6,71.85,255303.0
282594,2023-08-03,75.65,76.6,76.75,75.0,431997.0
282594,2023-08-22,104.25,105.55,106.4,103.05,706528.0
282594,2023-02-27,69.6,72.4,72.4,69.15,479715.0
282594,2023-04-06,66.45,65.8,67.5,65.0,549601.0
282594,2023-04-11,67.85,65.35,72.2,65.35,3969825.0
282594,2023-05-16,78.15,70.15,80.5,69.95,7298978.0
282594,2023-06-12,73.35,72.75,75.4,71.95,716682.0
282594,2023-08-07,79.2,78.4,82.8,77.5,1700296.0
282594,2023-08-23,110.4,103.95,111.45,103.8,1381840.0
282594,2023-05-17,74.75,77.85,78.1,74.2,1671329.0
282594,2023-05-31,74.15,76.95,77.85,73.25,844698.0
282594,2023-06-14,73.7,73.9,74.6,73.4,287503.0
282594,2023-07-19,77.55,79.0,79.05,77.3,489426.0
282594,2023-07-26,76.35,76.35,77.35,75.35,369165.0
282594,2023-08-02,76.7,77.05,78.3,76.0,481244.0
282594,2022-10-13,110.8,111.9,112.5,110.35,248037.0
282594,2023-01-02,93.05,90.25,94.9,90.25,429432.0
282594,2023-01-23,93.65,94.45,96.3,93.0,642301.0
282594,2023-01-25,91.0,93.5,93.9,90.65,415955.0
282594,2023-02-02,85.65,86.55,88.65,85.2,270006.0
282594,2023-03-14,66.75,68.95,69.35,66.4,344364.0
282594,2023-04-20,68.15,69.95,69.95,67.6,282504.0
282594,2023-05-22,80.95,77.6,82.4,76.0,2537717.0
282594,2023-06-15,74.05,74.0,74.95,73.8,422369.0
282594,2023-07-17,77.35,77.4,78.65,76.6,367025.0
282594,2023-08-14,101.7,98.9,103.35,97.0,2835867.0
282594,2023-02-15,71.55,74.4,75.95,71.0,628992.0
282594,2023-05-08,69.2,69.95,70.15,68.65,318263.0
282594,2023-05-10,68.65,69.45,69.75,67.7,304105.0
282594,2023-06-08,72.85,74.1,74.9,72.55,497235.0
282594,2023-06-22,76.55,76.8,78.25,76.1,368742.0
282594,2023-06-23,75.25,76.8,76.8,75.0,719964.0
282594,2023-06-26,74.45,75.45,75.6,74.25,299252.0
282594,2023-07-11,79.4,79.15,81.1,79.05,477603.0
282594,2023-08-04,77.95,75.9,79.05,75.9,670865.0
