stockid,date,close,open,high,low,volume
946670,2021-01-11,125.2,125.9,128.95,123.35,42918.0
946670,2021-02-08,125.9,131.9,132.75,124.05,54481.0
946670,2021-02-09,116.8,124.0,124.0,113.35,65654.0
946670,2021-02-11,116.2,111.1,117.95,111.1,25297.0
946670,2021-02-18,108.5,113.5,113.5,108.0,13309.0
946670,2021-04-12,105.1,113.4,113.4,103.6,15420.0
946670,2021-04-15,106.2,109.0,109.95,103.35,8834.0
946670,2021-04-26,106.5,106.1,107.75,104.2,7794.0
946670,2021-05-31,122.8,119.7,124.85,118.5,317279.0
946670,2021-06-04,122.45,123.45,123.95,120.05,201066.0
946670,2021-06-24,147.0,149.0,156.0,144.25,408084.0
946670,2021-07-08,154.85,154.0,157.0,151.7,200925.0
946670,2021-07-16,172.2,166.8,177.0,166.3,349893.0
946670,2021-03-10,121.05,122.2,122.5,117.15,11489.0
946670,2021-03-25,109.55,113.0,113.0,109.0,8695.0
946670,2021-04-01,109.7,107.85,111.95,105.3,12965.0
946670,2021-04-05,109.7,109.25,110.0,105.0,5842.0
946670,2021-04-20,106.15,103.75,108.0,103.55,7772.0
946670,2021-06-01,122.05,124.5,124.9,120.45,356906.0
946670,2021-06-25,145.3,148.2,153.1,144.75,600972.0
946670,2021-07-12,157.95,155.8,163.3,154.5,255681.0
946670,2021-01-27,119.7,121.0,123.0,118.4,6135.0
946670,2021-03-09,118.7,122.95,125.95,117.0,27010.0
946670,2021-03-16,115.95,117.8,118.0,112.15,20300.0
946670,2021-04-30,119.75,115.95,123.7,113.55,70004.0
946670,2021-05-21,119.5,122.45,123.6,118.15,138495.0
946670,2021-05-25,119.7,119.5,123.5,117.95,124438.0
946670,2021-06-09,125.65,123.9,131.85,122.6,1042651.0
946670,2021-06-15,139.6,139.0,145.5,138.1,608684.0
946670,2021-06-18,148.6,157.5,158.8,136.6,525349.0
946670,2021-07-13,175.45,157.95,183.0,157.95,2328257.0
946670,2021-01-15,120.95,124.3,125.25,119.0,12672.0
946670,2021-02-12,114.8,118.75,118.75,114.05,9756.0
946670,2021-03-15,115.8,120.4,120.65,114.0,11389.0
946670,2021-03-31,104.85,108.0,108.65,104.05,14897.0
946670,2021-04-28,108.2,109.0,109.0,106.25,7822.0
946670,2021-04-29,112.95,108.0,114.35,108.0,26090.0
946670,2021-05-17,122.15,125.2,126.8,120.1,249085.0
946670,2021-05-18,121.15,125.5,126.0,120.15,210873.0
946670,2021-01-18,123.05,121.5,124.85,119.95,16093.0
946670,2021-02-03,122.15,122.4,125.0,121.35,20344.0
946670,2021-01-21,120.7,122.5,126.5,118.55,21149.0
946670,2021-05-04,120.45,125.0,129.75,119.9,148783.0
946670,2021-02-01,120.0,123.25,123.25,119.15,9594.0
946670,2021-02-15,112.5,114.8,117.35,110.25,16458.0
946670,2021-05-06,121.9,122.0,123.8,119.1,28565.0
946670,2021-06-22,148.6,145.9,154.5,145.25,172385.0
946670,2021-02-16,109.6,109.0,112.55,109.0,16848.0
946670,2021-04-08,110.75,111.95,112.0,108.1,6122.0
946670,2021-06-11,136.75,134.0,142.7,132.65,934091.0
946670,2021-07-05,155.2,156.65,159.0,154.15,207502.0
946670,2021-07-14,170.0,175.85,176.9,168.9,355912.0
946670,2021-01-25,121.1,123.3,123.95,116.45,12832.0
946670,2021-02-04,122.3,122.2,124.0,121.15,6676.0
946670,2021-02-10,113.25,118.0,118.35,111.6,42707.0
946670,2021-03-04,123.4,108.0,132.5,108.0,411884.0
946670,2021-03-17,112.25,116.9,120.0,110.25,22602.0
946670,2021-04-27,106.7,106.05,108.35,105.15,12016.0
946670,2021-07-02,154.75,155.0,159.75,153.4,411956.0
946670,2021-01-05,125.75,125.55,127.9,125.0,9231.0
946670,2021-01-12,125.45,126.5,126.95,123.4,13348.0
946670,2021-02-19,109.75,112.65,112.65,108.65,6766.0
946670,2021-02-22,105.45,112.95,112.95,103.35,14042.0
946670,2021-03-30,107.2,106.0,110.9,105.15,11597.0
946670,2021-05-05,118.55,121.05,123.5,117.1,21800.0
946670,2021-05-19,121.7,121.0,124.05,119.6,110850.0
946670,2021-05-20,121.05,122.5,123.25,120.4,77201.0
946670,2021-06-02,122.85,123.7,123.75,121.95,109981.0
946670,2021-06-08,122.9,124.0,124.75,122.3,349364.0
946670,2021-06-10,132.4,126.7,136.5,126.5,1027314.0
946670,2021-06-30,152.65,150.5,160.5,145.2,765641.0
946670,2021-01-08,125.05,125.5,128.5,124.05,18665.0
946670,2021-02-05,130.15,126.9,132.0,125.55,74309.0
946670,2021-02-23,107.05,111.0,111.0,103.4,7992.0
946670,2021-04-13,107.25,102.1,109.0,100.5,13538.0
946670,2021-04-16,103.85,105.15,109.0,103.15,14812.0
946670,2021-01-04,126.45,128.75,129.0,125.55,8871.0
946670,2021-01-14,124.3,124.35,125.15,123.05,5231.0
946670,2021-04-07,111.45,113.85,115.0,110.65,8384.0
946670,2021-04-09,112.0,113.0,113.0,110.0,7676.0
946670,2021-07-15,166.15,170.9,172.2,164.5,174969.0
946670,2021-01-28,123.1,116.05,124.8,114.0,8767.0
946670,2021-05-24,118.55,120.6,121.4,118.1,61793.0
946670,2021-05-28,119.15,120.9,123.25,118.5,161398.0
946670,2021-06-07,122.7,122.6,124.0,122.0,164050.0
946670,2021-06-17,156.4,157.45,168.5,155.0,2374732.0
946670,2021-07-07,152.9,151.0,154.8,150.25,116529.0
946670,2021-07-09,154.6,154.35,155.9,153.5,66256.0
946670,2021-01-01,126.75,127.6,129.7,125.35,12653.0
946670,2021-01-06,125.25,127.0,130.0,125.0,13235.0
946670,2021-01-22,122.15,124.4,124.4,120.1,17924.0
946670,2021-03-03,110.65,110.3,113.0,107.75,14319.0
946670,2021-04-06,112.35,113.0,113.0,108.0,12822.0
946670,2021-05-27,119.95,122.15,122.55,119.4,79177.0
946670,2021-06-23,146.3,149.55,153.0,145.0,117700.0
946670,2021-07-01,153.7,155.0,157.9,153.0,173213.0
946670,2021-01-07,125.2,124.45,128.9,124.3,11633.0
946670,2021-01-13,121.65,125.95,127.35,119.05,16352.0
946670,2021-01-19,126.25,123.05,127.9,123.0,15213.0
946670,2021-02-25,106.75,108.0,110.0,106.0,8891.0
946670,2021-02-26,107.9,106.0,108.5,105.65,5914.0
946670,2021-03-05,119.65,123.8,129.0,117.0,92720.0
946670,2021-03-24,110.5,112.95,115.0,109.25,26324.0
946670,2021-03-26,106.8,111.0,111.0,105.0,14757.0
946670,2021-04-19,101.65,103.85,103.85,98.25,5212.0
946670,2021-05-11,123.15,123.5,129.0,120.6,402129.0
946670,2021-01-29,123.25,125.0,126.0,122.1,19145.0
946670,2021-02-24,107.1,108.9,119.9,103.45,2522.0
946670,2021-03-08,120.35,122.9,125.0,119.2,19798.0
946670,2021-03-12,119.0,121.1,124.35,118.0,14575.0
946670,2021-03-23,115.0,111.95,118.0,108.2,47527.0
946670,2021-04-23,104.9,106.65,106.65,104.1,6955.0
946670,2021-05-03,123.25,120.0,126.05,120.0,73137.0
946670,2021-05-07,120.25,123.5,123.5,117.75,14195.0
946670,2021-05-10,123.95,123.0,130.05,119.75,349709.0
946670,2021-06-03,123.0,123.5,124.5,122.55,258673.0
946670,2021-06-16,158.1,140.05,161.9,140.05,2090157.0
946670,2021-06-28,160.45,146.0,165.5,144.5,1939687.0
946670,2021-02-02,122.45,122.35,124.6,121.0,9509.0
946670,2021-03-01,107.15,107.45,110.35,105.25,10925.0
946670,2021-03-02,110.25,107.25,111.4,103.85,35747.0
946670,2021-03-19,112.55,114.0,114.3,103.55,13617.0
946670,2021-03-22,109.7,112.55,112.55,107.5,14997.0
946670,2021-04-22,103.95,109.0,109.0,102.15,10155.0
946670,2021-05-12,118.2,126.95,129.2,116.6,217754.0
946670,2021-05-26,121.95,120.5,125.25,119.1,433205.0
946670,2021-06-14,138.65,137.7,142.4,126.3,576528.0
946670,2021-06-21,144.15,145.0,148.9,140.2,165646.0
946670,2021-06-29,161.4,160.0,168.9,158.05,1036350.0
946670,2021-07-06,150.15,156.45,156.45,148.55,165774.0
946670,2021-01-20,122.75,126.25,126.35,121.25,11587.0
946670,2021-02-17,110.2,110.05,112.0,107.95,9710.0
946670,2021-03-18,110.25,112.0,116.5,109.5,17407.0
946670,2021-05-14,122.45,117.1,137.85,115.0,1942245.0
946670,2021-08-06,183.65,187.2,188.1,182.85,97780.0
946670,2021-09-13,170.15,174.0,174.0,165.95,122697.0
946670,2021-08-11,161.3,164.7,167.35,145.1,435839.0
946670,2021-08-24,157.15,148.45,160.0,147.35,156658.0
946670,2021-07-29,202.05,199.7,204.5,198.45,149192.0
946670,2021-07-20,184.25,193.5,198.7,181.0,782706.0
946670,2021-08-30,160.05,159.95,161.7,158.55,72725.0
946670,2021-10-26,157.25,156.1,159.8,155.7,43845.0
946670,2021-11-10,147.05,143.1,152.4,143.1,435106.0
946670,2021-11-24,133.9,136.7,136.7,132.55,58149.0
946670,2021-12-17,134.05,136.1,138.0,130.05,51336.0
946670,2021-12-28,138.9,138.45,140.45,136.05,55563.0
946670,2022-01-03,142.95,138.6,145.0,138.6,52825.0
946670,2022-01-20,156.2,156.55,160.95,155.6,45170.0
946670,2021-10-07,172.85,161.0,174.8,161.0,737686.0
946670,2021-10-14,170.5,176.45,176.45,169.4,69875.0
946670,2021-11-26,130.8,135.0,139.85,130.2,69787.0
946670,2021-11-29,124.75,130.0,132.45,123.0,68918.0
946670,2021-08-26,154.8,158.85,159.85,152.8,57321.0
946670,2021-08-27,155.5,155.0,157.7,154.0,48979.0
946670,2021-09-03,159.65,158.0,163.1,157.8,116329.0
946670,2021-09-08,165.15,167.35,167.65,163.0,62395.0
946670,2021-09-29,156.7,157.15,159.7,156.0,48292.0
946670,2021-12-27,137.1,128.7,137.8,128.7,59287.0
946670,2022-01-06,157.0,139.7,163.5,138.0,824977.0
946670,2021-08-04,181.3,194.05,196.5,180.0,817792.0
946670,2021-08-16,161.75,167.0,167.55,160.1,97300.0
946670,2021-09-16,172.9,170.0,179.0,168.05,564767.0
946670,2021-10-12,172.75,168.3,181.0,167.45,372207.0
946670,2021-11-01,159.0,156.65,159.8,156.65,19278.0
946670,2021-11-22,130.55,140.75,140.75,129.0,131417.0
946670,2021-11-30,126.9,124.25,129.8,123.1,56001.0
946670,2022-01-11,160.95,154.0,166.45,151.05,296437.0
946670,2021-08-17,157.2,159.0,166.25,155.05,138372.0
946670,2021-09-06,160.45,159.95,161.45,157.6,74616.0
946670,2021-10-18,164.9,171.25,173.0,163.55,157573.0
946670,2021-10-29,155.35,159.7,163.0,153.0,82309.0
946670,2021-11-08,158.65,162.7,162.7,156.75,70105.0
946670,2021-12-29,138.55,139.0,139.9,136.0,24593.0
946670,2022-01-07,152.15,157.0,160.0,151.0,149451.0
946670,2022-01-18,158.7,164.65,167.0,158.0,56586.0
946670,2021-09-15,170.35,167.0,174.6,167.0,240632.0
946670,2021-10-01,155.5,155.7,158.35,155.0,63910.0
946670,2021-10-20,157.35,162.0,164.6,155.75,81807.0
946670,2021-12-24,130.55,134.9,136.6,129.4,38685.0
946670,2022-01-13,154.1,158.95,158.95,153.3,49478.0
946670,2022-01-14,154.35,154.0,158.25,152.6,54394.0
946670,2021-08-05,186.95,182.9,188.8,175.0,414682.0
946670,2021-08-09,177.6,181.0,184.2,175.8,113510.0
946670,2021-08-10,164.85,178.3,179.65,160.7,194944.0
946670,2021-09-02,158.0,160.0,163.15,157.0,68522.0
946670,2021-09-22,162.05,160.45,163.95,158.3,101490.0
946670,2021-09-01,159.35,164.4,165.0,158.5,69132.0
946670,2021-10-27,164.6,156.6,166.5,156.5,180250.0
946670,2021-11-02,159.35,159.8,160.65,158.5,21114.0
946670,2021-11-12,144.75,146.9,146.9,144.0,36188.0
946670,2021-11-09,161.9,160.95,167.95,158.0,204096.0
946670,2021-11-15,141.3,144.0,145.05,140.2,59495.0
946670,2021-12-08,132.25,133.2,135.9,130.6,35513.0
946670,2021-12-01,126.25,129.35,129.35,125.1,39067.0
946670,2021-12-16,137.55,139.2,141.0,134.8,35738.0
946670,2021-12-20,130.15,132.6,132.6,127.8,48460.0
946670,2022-01-10,155.15,152.4,157.0,148.0,104180.0
946670,2021-07-22,194.45,186.7,199.95,186.05,522917.0
946670,2021-07-23,188.4,195.8,196.8,187.25,227200.0
946670,2021-07-28,198.35,205.0,208.85,188.7,592735.0
946670,2021-08-18,155.5,157.2,160.85,153.1,81184.0
946670,2021-08-23,147.5,154.0,154.0,138.65,280018.0
946670,2021-09-17,169.3,174.0,174.7,166.85,191549.0
946670,2021-09-23,162.3,163.9,165.3,161.4,67018.0
946670,2021-09-24,160.15,163.8,163.8,158.5,39335.0
946670,2021-11-03,158.2,159.3,161.85,157.2,30944.0
946670,2021-11-11,144.5,150.8,150.8,143.3,102984.0
946670,2021-11-25,135.1,132.5,136.0,132.5,48214.0
946670,2021-12-09,137.5,132.2,142.45,132.2,85044.0
946670,2021-12-15,139.2,138.85,140.5,134.0,48500.0
946670,2021-12-23,134.4,136.95,138.4,132.8,22769.0
946670,2021-07-27,205.75,193.2,211.0,193.2,1225633.0
946670,2021-08-13,167.5,173.35,175.8,165.8,260798.0
946670,2021-10-25,156.2,159.9,159.95,151.1,55629.0
946670,2021-11-04,160.4,159.8,161.45,155.0,20293.0
946670,2021-12-07,133.15,129.85,134.0,129.35,23788.0
946670,2021-08-25,157.45,158.2,165.5,155.55,157063.0
946670,2021-09-20,156.65,165.4,169.7,153.85,171448.0
946670,2021-10-06,160.8,162.45,166.9,157.75,215622.0
946670,2021-10-21,155.45,158.0,160.95,150.55,64267.0
946670,2022-01-04,143.1,144.0,145.8,139.15,50682.0
946670,2022-01-12,157.75,162.2,162.35,154.25,98075.0
946670,2021-10-11,170.0,170.4,177.75,169.1,415358.0
946670,2021-10-13,174.85,174.2,178.0,171.55,203280.0
946670,2021-11-16,145.6,144.9,149.75,142.2,134685.0
946670,2021-12-02,129.75,129.0,131.0,127.0,38821.0
946670,2021-12-10,138.4,137.9,141.0,136.0,28708.0
946670,2021-12-22,135.7,136.05,136.5,132.7,31158.0
946670,2021-08-31,162.9,160.5,170.0,158.55,242003.0
946670,2021-09-07,166.4,162.45,170.95,159.95,418105.0
946670,2021-09-21,158.85,158.0,159.8,154.15,135870.0
946670,2021-09-09,170.45,165.8,173.3,163.55,256542.0
946670,2021-10-19,162.0,165.75,167.95,160.6,85426.0
946670,2021-10-22,155.5,155.45,160.65,154.1,39911.0
946670,2021-09-14,166.5,171.0,172.4,165.65,88934.0
946670,2021-10-28,159.15,166.35,166.4,157.55,56588.0
946670,2021-10-04,162.5,157.5,167.8,156.25,175284.0
946670,2022-01-05,139.7,143.45,143.65,139.0,42316.0
946670,2021-11-18,139.0,145.1,147.25,137.45,108117.0
946670,2021-12-03,131.9,132.35,134.8,129.75,26014.0
946670,2021-12-06,129.35,132.9,133.6,128.0,25950.0
946670,2021-12-13,136.05,139.45,139.6,133.2,29529.0
946670,2021-12-14,137.15,135.8,138.05,133.25,25445.0
946670,2021-12-31,141.05,145.8,145.8,140.5,26865.0
946670,2022-01-17,163.0,155.65,164.9,155.6,148908.0
946670,2021-08-03,200.6,202.3,212.0,196.1,466962.0
946670,2021-07-19,190.1,170.9,192.4,169.0,1371898.0
946670,2021-08-12,172.6,166.0,174.7,151.8,910142.0
946670,2021-07-26,192.65,189.35,198.5,185.8,348799.0
946670,2021-09-28,157.15,158.55,160.5,156.15,46418.0
946670,2021-07-30,195.7,202.7,207.5,194.25,345131.0
946670,2021-10-08,169.55,173.95,173.95,166.5,164619.0
946670,2021-08-02,201.4,197.6,203.8,197.5,176506.0
946670,2021-11-17,145.3,143.0,150.0,143.0,69626.0
946670,2021-08-20,148.55,153.0,158.45,147.0,141620.0
946670,2021-12-21,136.05,128.0,136.9,128.0,36760.0
946670,2021-09-27,158.35,161.9,164.4,157.0,97150.0
946670,2022-01-19,158.75,156.0,159.7,154.3,47439.0
946670,2021-09-30,156.75,159.25,160.0,155.0,38751.0
946670,2021-10-05,159.25,162.5,164.85,158.75,83359.0
946670,2021-11-23,133.45,129.2,135.0,128.15,95203.0
946670,2021-12-30,143.65,139.45,146.0,139.45,95227.0
946670,2022-01-25,138.7,143.55,150.45,136.0,182358.0
946670,2022-03-14,148.25,154.0,154.0,146.65,63760.0
946670,2022-02-02,145.85,144.95,147.0,142.85,22576.0
946670,2022-02-04,144.45,149.1,149.1,143.8,32915.0
946670,2022-02-14,133.35,135.0,135.0,132.0,42864.0
946670,2022-02-16,133.55,131.8,136.65,130.7,47214.0
946670,2022-02-21,128.7,133.45,134.95,127.55,38967.0
946670,2022-03-24,173.3,171.55,175.3,168.9,93146.0
946670,2022-03-28,175.0,177.5,179.0,171.8,87765.0
946670,2022-03-31,195.15,182.4,203.0,179.2,372435.0
946670,2022-04-01,185.1,196.4,200.0,184.0,132696.0
946670,2022-04-22,212.15,222.4,225.8,211.1,380111.0
946670,2022-02-22,126.45,124.35,129.65,124.35,25375.0
946670,2022-03-17,159.25,164.8,164.8,158.1,69495.0
946670,2022-01-24,145.0,155.95,155.95,143.15,47377.0
946670,2022-02-24,120.75,120.4,126.9,119.6,62829.0
946670,2022-02-10,135.65,138.9,138.9,132.1,134533.0
946670,2022-03-15,154.55,148.25,156.0,148.25,141838.0
946670,2022-03-22,165.25,164.0,166.5,161.3,101189.0
946670,2022-04-11,187.25,189.1,194.5,186.0,80639.0
946670,2022-04-26,213.7,209.45,214.9,207.5,199767.0
946670,2022-03-21,164.75,159.7,166.5,158.05,105706.0
946670,2022-02-23,130.15,129.25,131.75,127.1,22693.0
946670,2022-02-01,142.7,144.0,145.6,140.9,27005.0
946670,2022-01-28,141.45,147.3,147.3,138.35,40641.0
946670,2022-03-09,146.95,143.25,152.5,142.75,112896.0
946670,2022-04-08,191.65,199.9,200.35,190.25,93041.0
946670,2022-03-03,136.45,151.0,154.5,135.25,182399.0
946670,2022-04-25,206.65,208.0,211.5,203.5,159612.0
946670,2022-03-30,179.4,176.2,184.4,176.2,65294.0
946670,2022-04-04,192.1,187.5,199.0,187.5,224207.0
946670,2022-04-12,190.0,187.95,194.8,181.0,96524.0
946670,2022-04-18,185.65,190.3,192.95,184.1,60478.0
946670,2022-02-08,144.15,148.65,149.0,143.0,20825.0
946670,2022-02-03,148.4,147.3,150.5,145.0,197204.0
946670,2022-01-31,141.95,142.7,144.7,140.5,33998.0
946670,2022-03-29,178.65,175.3,184.0,175.3,188122.0
946670,2022-02-28,123.7,121.55,126.45,114.5,52861.0
946670,2022-01-21,153.2,154.0,157.85,152.5,40785.0
946670,2022-02-15,129.45,135.95,135.95,126.55,58476.0
946670,2022-02-09,143.6,146.95,148.05,139.6,47978.0
946670,2022-03-02,145.9,125.95,147.5,125.0,446991.0
946670,2022-04-06,185.6,185.95,191.85,182.8,67705.0
946670,2022-02-11,136.75,135.65,137.95,134.45,44455.0
946670,2022-02-17,132.55,135.55,136.9,132.1,15208.0
946670,2022-02-18,132.25,132.55,134.8,130.6,12804.0
946670,2022-04-07,198.35,187.0,204.0,184.35,431471.0
946670,2022-04-27,214.85,211.0,223.3,208.05,235022.0
946670,2022-02-07,147.2,144.05,148.7,144.05,31922.0
946670,2022-02-25,123.35,123.0,127.35,121.95,31345.0
946670,2022-03-07,137.7,137.8,144.15,136.1,55710.0
946670,2022-03-10,146.5,150.0,151.0,145.15,68642.0
946670,2022-03-23,170.05,166.0,177.75,165.25,367869.0
946670,2022-03-25,175.15,174.0,177.6,170.35,159284.0
946670,2022-04-05,185.95,192.0,193.7,185.0,84168.0
946670,2022-04-19,188.65,187.6,194.95,183.6,103793.0
946670,2022-04-20,196.3,190.25,203.5,187.5,224681.0
946670,2022-01-27,144.0,135.15,147.4,135.15,70066.0
946670,2022-03-08,142.15,138.0,144.95,138.0,75244.0
946670,2022-03-11,148.4,145.1,150.0,144.1,33934.0
946670,2022-04-21,220.9,201.0,223.2,198.05,1003049.0
946670,2022-03-04,140.8,137.8,156.4,135.55,273862.0
946670,2022-03-16,163.15,156.0,167.45,156.0,282307.0
946670,2022-04-13,191.35,193.2,195.0,188.0,94904.0
946670,2022-07-04,171.35,170.15,173.95,169.55,6527.0
946670,2022-05-25,171.2,180.25,181.95,170.3,38733.0
946670,2022-05-18,181.65,184.3,187.8,180.3,33126.0
946670,2022-05-09,179.25,175.1,187.15,173.1,85824.0
946670,2022-06-17,162.35,167.0,167.0,160.15,14872.0
946670,2022-05-20,184.65,178.3,190.0,178.3,48354.0
946670,2022-06-20,153.25,164.0,165.0,144.0,33548.0
946670,2022-05-26,168.1,172.5,172.5,160.55,34432.0
946670,2022-06-28,178.85,174.15,179.9,171.7,9030.0
946670,2022-06-06,170.1,173.95,173.95,169.75,17382.0
946670,2022-07-05,168.0,173.05,173.95,166.1,25115.0
946670,2022-06-09,183.75,178.0,188.8,175.6,129054.0
946670,2022-07-19,207.35,184.05,214.0,184.05,320573.0
946670,2022-08-24,241.35,242.6,246.85,239.8,38444.0
946670,2022-06-14,174.1,176.45,182.0,171.4,18376.0
946670,2022-11-18,306.85,319.0,319.55,299.0,138429.0
946670,2022-12-07,354.65,361.95,367.8,350.95,103205.0
946670,2022-09-29,268.45,265.2,272.95,256.7,48958.0
946670,2023-01-25,315.7,317.6,323.0,306.85,31766.0
946670,2023-02-09,269.0,270.0,275.2,256.5,90337.0
946670,2022-11-07,285.25,288.0,294.95,282.6,25936.0
946670,2022-12-05,344.85,349.85,352.45,341.0,44171.0
946670,2022-12-06,361.9,347.65,372.0,343.25,239467.0
946670,2023-03-02,258.95,259.0,262.95,253.0,17443.0
946670,2022-12-29,312.9,320.4,325.45,308.05,36649.0
946670,2023-03-17,250.65,251.1,258.75,247.05,14064.0
946670,2023-01-04,317.5,322.75,323.7,315.0,21639.0
946670,2023-03-27,227.85,235.05,236.3,223.35,26203.0
946670,2023-01-12,312.45,317.8,317.95,309.0,28393.0
946670,2023-01-16,316.45,320.0,320.0,314.2,19387.0
946670,2023-04-03,242.05,247.0,247.0,238.45,36951.0
946670,2023-04-05,249.25,245.7,258.0,242.0,55992.0
946670,2023-02-02,289.5,286.55,296.0,286.55,15460.0
946670,2023-04-06,255.6,251.0,258.0,246.55,25952.0
946670,2023-02-06,296.0,282.6,299.45,282.35,26380.0
946670,2023-04-28,260.75,256.5,263.85,256.5,27015.0
946670,2023-02-23,253.65,255.0,259.9,252.55,14350.0
946670,2023-05-19,289.45,281.45,293.2,278.1,44573.0
946670,2023-03-29,234.3,223.25,238.0,222.0,71147.0
946670,2023-06-05,302.4,309.95,310.05,299.5,120466.0
946670,2023-05-29,277.25,283.35,288.0,268.6,121285.0
946670,2023-07-11,404.5,363.0,415.0,363.0,689213.0
946670,2023-06-07,327.3,325.95,341.55,323.55,409165.0
946670,2023-06-26,345.1,347.75,355.0,342.85,84210.0
946670,2023-08-08,428.7,439.65,441.95,420.0,59402.0
946670,2022-05-12,170.65,171.85,175.0,166.25,42292.0
946670,2022-07-14,179.65,186.05,186.05,178.0,23046.0
946670,2022-05-23,182.15,186.05,188.75,180.1,23911.0
946670,2022-09-16,294.45,301.4,303.15,291.1,70398.0
946670,2022-06-13,176.6,176.5,184.85,176.4,18144.0
946670,2022-10-25,280.85,288.2,288.2,280.2,20051.0
946670,2022-06-27,174.15,176.65,176.65,172.25,15426.0
946670,2022-06-30,171.95,182.7,184.75,169.55,20135.0
946670,2022-11-01,292.05,287.5,295.9,283.6,57886.0
946670,2022-08-19,242.9,254.95,258.6,240.35,101265.0
946670,2022-11-25,373.05,371.5,384.95,361.2,699998.0
946670,2022-09-15,301.4,306.6,317.3,298.15,143421.0
946670,2023-01-10,315.15,321.2,323.75,312.0,22327.0
946670,2022-09-21,294.6,298.0,303.55,290.55,38185.0
946670,2023-02-16,293.15,281.95,305.5,262.1,358459.0
946670,2022-09-28,264.1,269.7,274.05,262.2,61917.0
946670,2023-02-20,272.55,286.6,287.0,268.0,34987.0
946670,2022-10-20,283.45,281.0,285.45,279.0,22021.0
946670,2023-02-24,246.65,256.75,259.45,246.0,14696.0
946670,2022-11-30,352.45,345.9,362.0,345.0,155861.0
946670,2023-03-22,238.75,240.15,244.95,236.3,16435.0
946670,2022-12-19,333.75,340.8,343.3,330.45,65492.0
946670,2023-05-03,260.35,256.1,266.0,256.1,15083.0
946670,2022-12-27,322.4,322.6,329.9,317.0,44837.0
946670,2023-05-11,267.9,257.1,271.0,257.1,34552.0
946670,2023-01-18,320.25,312.0,325.5,312.0,29067.0
946670,2023-05-12,289.6,267.9,304.4,267.9,291120.0
946670,2023-03-21,240.65,254.0,254.0,238.85,47998.0
946670,2023-06-15,321.0,327.95,329.7,318.0,56799.0
946670,2023-04-13,256.55,263.1,264.0,253.25,20780.0
946670,2023-07-20,416.95,423.5,429.4,412.15,42493.0
946670,2023-06-19,321.1,327.9,329.65,318.8,24377.0
946670,2023-08-14,430.85,414.25,441.0,397.25,163535.0
946670,2023-07-13,423.45,412.5,429.0,408.0,264207.0
946670,2023-07-24,438.55,428.2,445.25,425.2,133309.0
946670,2023-08-11,410.65,424.75,426.7,405.75,59780.0
946670,2022-07-07,173.6,169.45,175.0,169.05,32522.0
946670,2022-07-15,180.75,180.3,182.55,178.8,21490.0
946670,2022-07-18,188.05,184.35,191.2,180.95,54458.0
946670,2022-08-10,215.5,215.0,216.4,212.0,44745.0
946670,2022-09-22,289.3,294.0,299.9,285.1,48388.0
946670,2022-10-10,307.8,280.0,315.5,276.25,253423.0
946670,2022-11-11,298.3,264.3,306.0,264.0,403060.0
946670,2022-11-29,344.55,359.0,359.8,340.6,92059.0
946670,2022-12-02,346.55,346.0,358.0,344.75,82594.0
946670,2022-12-22,309.45,327.95,333.45,306.2,83885.0
946670,2023-01-13,316.55,312.6,319.95,311.3,20408.0
946670,2023-01-17,314.95,316.0,319.0,313.0,22067.0
946670,2023-02-10,263.4,268.0,274.95,258.25,47178.0
946670,2023-03-01,258.35,250.0,266.45,248.05,51707.0
946670,2023-04-11,263.7,265.5,270.0,261.1,22744.0
946670,2023-05-10,259.9,260.8,262.0,252.75,22371.0
946670,2023-05-30,275.8,279.0,282.45,274.85,21665.0
946670,2023-06-01,272.1,271.05,277.0,266.6,40027.0
946670,2023-06-23,344.05,346.0,350.0,332.2,75425.0
946670,2023-06-27,350.45,348.0,353.7,341.25,67359.0
946670,2023-08-10,420.9,425.0,429.1,416.0,43024.0
946670,2022-05-06,179.6,183.6,183.6,175.0,92311.0
946670,2022-05-19,177.0,180.0,183.0,176.5,16934.0
946670,2022-06-08,172.6,173.4,175.7,170.95,30585.0
946670,2022-06-21,164.05,158.75,165.0,156.65,20306.0
946670,2022-08-11,211.5,221.9,221.9,209.0,35075.0
946670,2022-08-12,212.5,213.0,215.65,211.45,28104.0
946670,2022-08-25,234.45,241.35,248.75,231.25,57084.0
946670,2022-09-07,332.95,302.5,338.35,300.4,1129917.0
946670,2022-09-09,297.7,318.85,318.85,295.6,152325.0
946670,2022-10-12,286.75,290.9,296.0,276.15,84833.0
946670,2022-10-14,282.1,287.35,299.7,280.2,81294.0
946670,2022-10-18,279.25,283.75,287.15,278.35,30181.0
946670,2022-10-24,287.2,285.0,290.0,280.0,17924.0
946670,2023-01-02,320.55,318.9,329.0,318.9,29887.0
946670,2023-01-03,320.6,324.45,324.45,316.0,36452.0
946670,2023-02-27,243.65,248.8,248.8,237.55,32744.0
946670,2023-03-28,223.9,227.85,233.1,221.0,78415.0
946670,2023-04-26,255.55,258.0,260.0,254.55,23816.0
946670,2023-05-31,270.6,276.2,278.55,269.95,41431.0
946670,2023-06-14,327.45,343.75,345.9,324.7,135136.0
946670,2023-06-30,367.9,369.65,371.6,365.0,112431.0
946670,2023-07-05,344.85,350.65,354.0,341.45,50638.0
946670,2023-07-10,363.0,364.8,374.7,361.0,104340.0
946670,2022-04-28,207.65,216.35,216.35,202.15,133289.0
946670,2022-05-11,172.9,177.35,179.05,168.25,39306.0
946670,2022-05-16,181.5,175.0,184.6,171.75,38430.0
946670,2022-06-10,184.9,183.2,190.85,181.6,69202.0
946670,2022-06-16,163.0,176.9,176.9,161.1,23539.0
946670,2022-08-16,212.1,215.0,215.0,209.15,29422.0
946670,2022-09-14,304.3,291.1,309.9,291.1,154547.0
946670,2022-09-20,298.2,309.0,312.0,296.35,53479.0
946670,2022-10-04,267.85,265.0,274.0,261.05,26612.0
946670,2022-10-06,272.9,274.95,278.6,270.0,33250.0
946670,2022-10-13,281.95,286.75,290.95,280.05,18499.0
946670,2022-10-17,280.65,285.0,286.85,274.05,39277.0
946670,2022-10-21,282.7,287.0,297.0,281.1,63410.0
946670,2022-11-02,300.35,292.5,308.4,292.05,107431.0
946670,2022-11-14,344.25,300.85,354.0,286.8,1386533.0
946670,2022-12-13,341.55,351.95,352.8,340.0,83500.0
946670,2022-12-20,336.6,333.7,338.6,330.45,27080.0
946670,2023-01-23,317.45,318.95,321.4,315.3,24340.0
946670,2023-02-28,249.15,248.0,254.2,245.05,30182.0
946670,2023-03-09,269.1,261.95,275.95,259.55,85897.0
946670,2023-04-18,246.95,249.05,252.3,243.1,22753.0
946670,2023-05-04,263.5,261.8,265.0,258.35,20973.0
946670,2023-05-09,260.8,261.0,266.35,259.3,16106.0
946670,2023-05-25,297.35,291.75,299.6,291.0,28841.0
946670,2023-06-20,331.6,321.7,336.8,315.35,96711.0
946670,2023-06-21,340.8,329.0,344.05,329.0,103445.0
946670,2023-08-04,443.6,430.0,462.0,429.7,291048.0
946670,2023-08-09,422.65,428.7,434.0,419.65,33159.0
946670,2023-08-17,426.45,416.95,431.45,413.55,47440.0
946670,2022-05-10,177.35,180.6,183.65,174.7,44602.0
946670,2022-05-05,185.85,188.4,195.0,185.1,111403.0
946670,2022-05-02,200.3,199.0,202.4,195.35,50013.0
946670,2022-05-27,167.75,169.75,174.8,162.35,17903.0
946670,2022-06-15,172.6,175.75,177.5,171.25,12882.0
946670,2022-06-29,181.0,178.5,183.25,175.05,16604.0
946670,2022-07-20,207.1,211.0,215.9,205.15,156613.0
946670,2022-07-27,202.65,203.3,206.95,198.8,35947.0
946670,2022-09-26,254.6,271.35,272.5,250.15,80684.0
946670,2023-01-05,317.0,319.2,319.2,314.0,28860.0
946670,2023-01-06,309.55,317.9,322.9,305.55,27914.0
946670,2023-02-21,262.5,274.0,278.4,261.1,34337.0
946670,2023-03-10,270.0,269.15,274.45,266.0,38957.0
946670,2023-04-10,261.6,251.75,268.0,251.75,42205.0
946670,2023-04-19,256.9,248.85,268.65,248.85,86258.0
946670,2023-05-02,259.4,257.5,266.0,256.1,21267.0
946670,2023-05-16,283.3,285.4,289.3,281.3,32111.0
946670,2023-05-23,294.8,286.0,296.8,286.0,51602.0
946670,2023-05-26,293.85,281.5,299.9,281.5,32340.0
946670,2023-06-12,332.85,330.35,335.85,327.85,40431.0
946670,2023-07-12,409.3,405.35,436.0,395.9,613787.0
946670,2022-05-30,166.35,169.35,169.85,165.25,22502.0
946670,2022-06-01,172.05,168.35,176.0,168.0,35179.0
946670,2022-08-05,209.2,215.0,217.65,207.0,66658.0
946670,2022-08-22,241.3,242.1,249.5,235.7,85940.0
946670,2022-09-27,270.95,258.0,276.9,255.6,90415.0
946670,2022-10-28,280.35,283.95,284.45,280.1,23717.0
946670,2022-11-22,306.55,308.9,314.55,303.35,64294.0
946670,2022-11-28,361.05,373.4,373.4,353.2,204238.0
946670,2022-12-16,337.45,346.0,348.75,334.0,82037.0
946670,2023-01-24,316.95,319.35,319.5,315.0,11191.0
946670,2023-01-31,298.65,291.1,304.4,288.5,24855.0
946670,2023-02-14,228.0,237.6,244.0,221.2,73899.0
946670,2023-03-13,261.1,270.0,270.0,258.35,39272.0
946670,2023-03-20,246.0,250.65,257.9,243.1,51698.0
946670,2023-05-05,262.55,264.0,274.85,260.2,37750.0
946670,2023-05-08,260.7,262.55,265.15,257.8,11161.0
946670,2023-06-06,320.95,302.4,324.8,296.55,408938.0
946670,2023-06-22,345.75,341.9,351.0,340.8,117423.0
946670,2023-07-17,432.15,429.0,437.65,420.5,130624.0
946670,2022-06-07,171.75,171.0,173.35,171.0,12228.0
946670,2022-06-22,158.75,164.95,164.95,157.0,8574.0
946670,2022-07-25,201.15,200.0,205.95,195.0,59979.0
946670,2022-07-26,200.2,201.15,203.9,195.0,35970.0
946670,2022-08-17,245.1,214.9,252.0,211.35,696618.0
946670,2022-08-23,240.9,239.0,252.65,238.35,85256.0
946670,2022-09-02,270.3,274.6,280.0,263.35,299192.0
946670,2022-09-05,271.45,270.3,277.9,265.35,128773.0
946670,2022-09-06,307.6,274.0,318.05,270.95,1343548.0
946670,2022-09-23,275.45,293.25,299.95,267.0,128681.0
946670,2022-10-07,283.05,282.0,284.25,270.35,51585.0
946670,2022-11-03,289.5,300.0,301.05,287.05,35867.0
946670,2022-11-15,330.3,358.0,361.5,325.3,629365.0
946670,2022-11-16,311.45,329.8,334.15,305.25,267121.0
946670,2022-12-14,355.8,343.9,359.0,335.0,151251.0
946670,2022-12-21,323.15,339.7,341.95,317.05,66510.0
946670,2023-01-09,321.2,311.1,323.0,311.1,35608.0
946670,2023-02-07,291.05,297.1,303.8,288.25,30111.0
946670,2023-03-14,252.75,259.0,266.35,251.15,27683.0
946670,2023-06-09,330.35,333.5,338.9,324.7,102410.0
946670,2023-07-03,356.35,369.9,373.15,354.9,72202.0
946670,2023-07-25,449.8,452.0,457.95,443.2,181847.0
946670,2023-07-26,437.1,452.8,457.8,433.9,91876.0
946670,2023-07-28,451.8,441.0,453.5,440.5,126481.0
946670,2023-07-31,452.3,454.55,458.5,445.0,66887.0
946670,2023-08-01,439.3,457.9,457.9,436.0,46110.0
946670,2023-08-18,419.9,425.05,427.95,411.05,38159.0
946670,2022-07-11,177.55,169.1,180.0,169.1,27535.0
946670,2022-07-21,207.4,207.6,214.4,204.6,59403.0
946670,2022-07-22,201.0,207.85,209.55,200.0,46465.0
946670,2022-08-26,227.35,235.15,239.2,226.0,74994.0
946670,2022-11-10,259.35,266.1,273.35,255.25,54690.0
946670,2022-12-09,324.8,339.75,342.0,318.05,111000.0
946670,2022-12-26,321.75,289.95,336.8,287.05,194344.0
946670,2023-01-11,314.05,315.15,322.05,312.0,42560.0
946670,2023-03-08,260.45,260.1,265.0,256.0,16156.0
946670,2023-03-31,242.25,243.0,247.3,238.0,55172.0
946670,2023-04-20,256.3,258.65,261.0,253.7,13862.0
946670,2023-07-19,424.7,428.4,433.0,421.9,42519.0
946670,2023-08-03,423.25,444.0,444.0,410.15,134415.0
946670,2023-08-22,426.3,428.7,432.5,423.9,29059.0
946670,2023-08-23,428.35,428.7,435.0,426.8,14326.0
946670,2022-06-03,173.05,173.95,183.0,172.0,40943.0
946670,2022-07-01,168.5,170.9,172.25,167.1,7512.0
946670,2022-07-06,167.95,169.6,172.0,165.1,19519.0
946670,2022-07-08,170.9,172.4,176.6,168.55,25574.0
946670,2022-07-29,221.25,202.0,225.0,200.8,339816.0
946670,2022-08-08,213.5,209.0,219.3,207.3,59262.0
946670,2022-09-30,275.25,269.0,279.0,262.55,41888.0
946670,2022-10-03,262.1,279.8,279.8,259.8,29475.0
946670,2022-10-27,280.65,281.0,286.4,277.7,22215.0
946670,2022-10-31,284.65,280.1,288.0,278.5,50604.0
946670,2022-11-04,288.05,292.0,294.95,283.35,27702.0
946670,2022-11-09,266.65,287.75,287.95,261.25,154327.0
946670,2022-12-01,344.75,354.9,359.45,342.3,76705.0
946670,2022-12-08,337.4,354.0,355.95,335.2,94781.0
946670,2023-03-03,257.1,262.0,262.5,256.0,11897.0
946670,2023-03-15,248.6,253.9,259.65,246.15,9784.0
946670,2023-04-12,263.1,265.75,268.8,261.0,17546.0
946670,2023-04-21,250.2,258.0,258.0,249.1,21167.0
946670,2023-04-25,253.2,245.55,259.0,245.55,29618.0
946670,2023-06-28,363.35,355.0,365.0,350.55,171298.0
946670,2023-07-06,351.1,347.65,360.9,344.85,64474.0
946670,2022-05-04,186.6,200.3,202.6,184.15,86637.0
946670,2022-06-02,172.3,172.05,175.0,170.1,10699.0
946670,2022-08-04,215.5,220.85,220.85,206.35,60050.0
946670,2022-08-30,231.2,231.45,244.7,229.0,48234.0
946670,2022-09-12,300.35,295.75,309.95,292.7,108780.0
946670,2022-09-13,294.45,304.6,304.6,291.15,50171.0
946670,2022-12-12,349.7,319.0,352.9,319.0,179545.0
946670,2022-12-15,346.0,355.9,355.9,345.05,75082.0
946670,2022-12-23,286.4,308.65,315.75,280.6,108668.0
946670,2023-01-19,317.6,325.0,325.0,315.0,15994.0
946670,2023-02-15,273.6,226.7,273.6,226.55,209139.0
946670,2023-06-08,333.05,329.0,336.0,319.5,175227.0
946670,2023-07-14,426.45,422.0,437.5,419.25,170938.0
946670,2023-08-02,440.8,439.3,452.5,427.7,79461.0
946670,2023-08-07,436.85,446.0,449.8,432.55,97302.0
946670,2022-04-29,203.3,209.95,214.0,202.5,73266.0
946670,2022-05-13,174.1,171.55,178.5,170.45,27468.0
946670,2022-05-17,182.15,183.6,184.65,181.05,40229.0
946670,2022-05-24,182.7,180.9,187.25,176.15,40678.0
946670,2022-06-23,165.95,162.95,169.95,160.9,24444.0
946670,2022-07-13,184.3,186.0,191.6,183.55,45610.0
946670,2022-08-29,228.9,229.0,237.15,222.0,68663.0
946670,2022-09-08,316.05,335.6,336.4,306.15,282854.0
946670,2022-11-17,319.05,312.0,334.4,307.55,434733.0
946670,2022-11-24,370.55,320.0,379.3,315.15,2102744.0
946670,2022-12-28,320.4,322.0,324.55,318.0,23957.0
946670,2023-02-08,288.7,292.8,299.0,286.05,16912.0
946670,2023-02-13,236.4,258.05,263.85,233.55,138500.0
946670,2023-02-17,286.6,293.15,294.0,284.1,68162.0
946670,2023-03-23,240.75,243.0,248.35,238.85,32979.0
946670,2023-04-17,247.05,257.95,257.95,244.85,32725.0
946670,2023-05-15,282.85,290.0,292.8,280.05,46080.0
946670,2023-05-18,280.45,286.8,288.05,276.5,22093.0
946670,2023-06-13,342.1,332.45,351.35,332.45,299480.0
946670,2023-07-21,427.35,417.0,431.05,417.0,59963.0
946670,2023-07-27,437.35,437.0,442.5,424.05,78372.0
946670,2023-08-16,419.25,422.5,438.9,415.5,61428.0
946670,2022-05-31,168.35,167.95,171.6,165.95,12655.0
946670,2022-06-24,174.95,172.25,179.8,164.35,50725.0
946670,2022-08-01,225.15,235.6,235.6,223.05,292249.0
946670,2022-08-02,219.55,224.8,225.1,217.05,55300.0
946670,2022-08-03,220.85,219.55,228.4,210.0,150860.0
946670,2022-10-11,290.15,311.85,314.7,287.4,119126.0
946670,2022-11-21,305.75,306.0,319.45,303.0,93591.0
946670,2022-12-30,317.7,323.0,332.0,316.0,78899.0
946670,2023-01-20,318.95,322.95,322.95,316.1,10384.0
946670,2023-01-30,288.4,304.65,309.0,286.9,33866.0
946670,2023-02-22,259.25,266.0,267.0,258.0,15386.0
946670,2023-03-06,260.1,261.9,267.15,257.1,22821.0
946670,2023-03-24,237.75,242.8,245.95,235.45,12659.0
946670,2023-04-24,248.45,251.65,253.55,248.0,17503.0
946670,2023-04-27,254.55,255.65,258.45,253.0,9864.0
946670,2023-05-22,286.35,291.45,291.45,284.05,13048.0
946670,2023-05-24,290.55,294.0,305.2,288.45,48450.0
946670,2023-06-16,325.25,324.6,332.25,323.0,45046.0
946670,2023-07-18,424.6,434.9,444.9,415.35,210016.0
946670,2022-07-12,186.4,179.05,192.95,177.65,142662.0
946670,2022-07-28,200.35,206.0,206.2,199.0,38117.0
946670,2022-08-18,253.25,248.0,262.0,242.35,472195.0
946670,2022-09-01,267.4,231.5,275.0,231.5,1006880.0
946670,2022-09-19,306.8,291.05,312.0,288.05,121417.0
946670,2022-10-19,283.55,280.2,294.2,280.2,45979.0
946670,2022-11-23,321.1,307.05,323.95,297.1,238507.0
946670,2023-01-27,302.0,322.2,322.2,291.55,44429.0
946670,2023-02-01,286.55,309.0,309.0,278.95,32923.0
946670,2023-02-03,282.6,293.8,294.45,278.5,20912.0
946670,2023-03-16,250.6,248.6,251.55,241.15,12564.0
946670,2023-05-17,283.15,283.3,286.4,277.95,17806.0
946670,2023-06-02,308.4,273.45,313.45,272.0,499301.0
946670,2023-07-04,348.9,360.0,362.0,345.0,48820.0
946670,2023-07-07,359.35,354.55,362.9,346.95,93059.0
946670,2023-08-21,428.7,418.0,432.95,418.0,28077.0
