stockid,date,close,open,high,low,volume
822285,2021-03-05,995.81,1008.0,1016.1,990.005,355126.0
822285,2021-04-08,965.48,959.0,973.515,957.505,353634.0
822285,2021-02-05,972.22,978.0,994.0,955.6,922561.0
822285,2021-02-17,1018.565,1042.0,1049.88,1011.22,582259.0
822285,2021-03-03,1039.5600000000002,992.64,1044.495,989.04,504122.0
822285,2021-03-12,993.41,1008.15,1021.61,984.0,454348.0
822285,2021-03-23,940.52,942.4,950.66,938.23,296483.0
822285,2021-04-29,1117.655,1054.0,1130.0,1052.0,1696498.0
822285,2021-01-22,907.1,907.0,921.35,896.5200000000001,839822.0
822285,2021-01-27,912.61,916.5,928.495,904.205,616631.0
822285,2021-02-04,970.055,951.0,976.0,947.05,604727.0
822285,2021-02-09,994.165,1006.7,1006.8,988.2,512607.0
822285,2021-03-01,977.405,979.9,984.86,961.37,322437.0
822285,2021-03-22,940.585,945.0,949.495,931.205,293029.0
822285,2021-01-01,887.0450000000001,893.0,895.8700000000001,884.0,288101.0
822285,2021-02-23,1000.865,1005.1,1019.5,992.915,342610.0
822285,2021-01-07,898.8000000000001,882.0,906.9,881.2,601648.0
822285,2021-02-03,953.605,956.16,963.93,943.535,623545.0
822285,2021-02-08,1002.105,975.0,1011.0,973.805,985855.0
822285,2021-02-11,1021.665,1010.5,1041.79,1010.5,715538.0
822285,2021-02-22,1000.06,1023.0,1024.92,996.015,426908.0
822285,2021-03-04,1012.995,1015.0,1028.0,1007.775,412117.0
822285,2021-04-07,953.96,951.95,965.84,946.635,300003.0
822285,2021-04-09,962.905,961.1,971.5,956.1,328699.0
822285,2021-01-12,895.9000000000001,900.4000000000001,906.99,892.25,577045.0
822285,2021-01-19,892.415,840.0,897.8000000000001,840.0,1379718.0
822285,2021-01-21,905.28,899.5,938.885,895.0500000000001,1645377.0
822285,2021-01-29,872.2750000000001,904.1950000000002,910.935,867.555,727352.0
822285,2021-02-02,947.63,982.77,999.0,931.5,1394390.0
822285,2021-02-10,1022.795,990.1,1035.46,990.1,1430667.0
822285,2021-02-25,1026.4450000000002,1034.0,1037.795,1013.16,354802.0
822285,2021-03-17,952.51,963.0,966.185,948.005,293449.0
822285,2021-03-24,920.205,937.0,937.865,917.925,335439.0
822285,2021-04-12,916.315,941.995,945.98,903.585,566836.0
822285,2021-04-16,982.475,976.5,988.0,976.5,400132.0
822285,2021-04-19,946.99,950.55,965.4,939.26,697435.0
822285,2021-04-26,1000.175,999.2,1012.5,990.22,419596.0
822285,2021-01-14,874.7350000000001,881.4000000000001,892.9950000000001,867.5,568437.0
822285,2021-04-27,1009.135,1000.0,1013.3,996.47,342847.0
822285,2021-01-08,917.16,903.6,926.5,894.8000000000001,824261.0
822285,2021-01-15,863.6100000000001,875.48,882.6200000000001,861.0,519651.0
822285,2021-02-12,1027.88,1025.0,1033.115,1016.8,380285.0
822285,2021-02-24,1019.96,1003.0,1025.0,1001.505,269976.0
822285,2021-04-01,978.95,973.0,982.6,966.75,310065.0
822285,2021-01-18,835.46,863.6100000000001,863.6100000000001,827.3700000000001,634436.0
822285,2021-01-25,919.89,914.4,934.49,908.0,781122.0
822285,2021-04-05,948.165,976.0,976.39,915.0,612166.0
822285,2021-04-06,951.95,955.1,962.5,947.505,344125.0
822285,2021-04-30,1104.165,1100.0,1122.5,1086.87,835355.0
822285,2021-01-13,879.365,900.48,903.0,871.015,514078.0
822285,2021-03-26,946.745,914.0,950.7,914.0,678636.0
822285,2021-01-04,889.875,894.0,906.5,884.1750000000001,613306.0
822285,2021-01-05,882.085,890.005,892.0,873.6950000000002,486214.0
822285,2021-01-06,878.6350000000001,890.0,890.0,863.6,599193.0
822285,2021-01-11,898.6100000000001,920.1,926.2,895.5,542444.0
822285,2021-02-18,1019.895,1031.0,1031.0,1013.5,434741.0
822285,2021-02-26,964.86,995.0,1011.47,960.0,846505.0
822285,2021-03-15,968.905,996.9,996.9,954.4,545919.0
822285,2021-03-30,950.235,954.7,964.5,944.005,356516.0
822285,2021-02-01,972.18,875.0,983.89,863.8000000000001,1565365.0
822285,2021-03-16,961.33,972.5,978.565,958.5,370587.0
822285,2021-02-19,1025.045,1015.0,1042.765,1014.0,623343.0
822285,2021-03-02,987.7,985.0,996.5,977.91,297001.0
822285,2021-03-18,943.015,960.0,973.5,937.2,401135.0
822285,2021-03-19,944.065,935.0,948.985,921.16,488126.0
822285,2021-04-23,991.665,974.0,1014.24,974.0,628025.0
822285,2021-01-20,893.825,893.8000000000001,902.5,883.8000000000001,786496.0
822285,2021-02-15,1053.7700000000002,1033.0200000000002,1057.9,1028.0,536406.0
822285,2021-02-16,1046.0600000000002,1050.0,1053.2,1036.1,358604.0
822285,2021-03-31,966.86,951.235,971.56,945.0,424140.0
822285,2021-04-15,973.97,975.17,983.4,959.7,587504.0
822285,2021-05-04,1098.6450000000002,1120.0,1121.885,1087.2,522101.0
822285,2021-05-05,1111.4450000000002,1111.1,1119.465,1091.5200000000002,307750.0
822285,2021-01-28,895.53,902.0,921.525,881.7600000000001,844736.0
822285,2021-03-10,999.145,1002.5,1009.47,993.06,244632.0
822285,2021-03-25,905.755,922.5,925.0,896.005,382008.0
822285,2021-04-13,980.67,920.0,984.75,919.005,830915.0
822285,2021-04-20,981.94,960.0,994.55,960.0,798732.0
822285,2021-04-22,985.385,970.0,991.19,961.0,582210.0
822285,2021-04-28,1048.93,1020.0,1061.595,1015.115,1113881.0
822285,2021-03-08,983.91,997.0,1004.565,980.53,264007.0
822285,2021-03-09,996.915,1000.0,1011.995,986.02,306211.0
822285,2021-05-03,1104.17,1090.1,1111.085,1081.415,396931.0
822285,2021-05-06,1102.795,1110.0,1119.41,1099.0,228840.0
822285,2021-05-25,1137.585,1124.5,1140.5,1120.13,394151.0
822285,2021-05-24,1116.68,1126.545,1136.5,1109.5,214229.0
822285,2021-05-31,1180.63,1171.3200000000002,1185.505,1161.8,241152.0
822285,2021-05-21,1126.515,1129.67,1141.5,1121.3,277521.0
822285,2021-06-08,1173.3100000000002,1190.0,1190.0,1167.0,289609.0
822285,2021-06-25,1248.66,1235.5,1252.0,1232.0500000000002,218717.0
822285,2021-07-01,1181.6450000000002,1219.8,1219.8,1180.1,321521.0
822285,2021-10-21,1857.96,1878.8,1878.93,1834.67,192533.0
822285,2021-10-27,1801.2,1859.9,1859.9,1777.0,325301.0
822285,2021-11-03,1750.9450000000002,1757.9700000000005,1775.475,1744.91,183802.0
822285,2021-11-04,1759.4,1765.0,1775.0,1750.0,31506.0
822285,2021-11-23,1736.81,1688.0,1743.785,1675.725,251315.0
822285,2022-02-16,1627.245,1642.8000000000002,1658.9900000000002,1619.0100000000002,273874.0
822285,2022-03-17,1637.08,1639.9,1658.9,1625.5,402068.0
822285,2022-04-27,1482.64,1534.11,1534.11,1475.1350000000002,341192.0
822285,2022-05-17,1297.21,1270.48,1302.0700000000002,1263.0,428606.0
822285,2022-05-18,1276.215,1308.0,1314.965,1261.005,374054.0
822285,2022-06-10,1225.35,1230.0,1238.0950000000005,1217.565,290670.0
822285,2022-07-08,1200.3100000000002,1205.0,1212.73,1188.0,169011.0
822285,2022-07-18,1225.0,1194.0,1228.66,1192.005,283483.0
822285,2022-08-25,1624.63,1641.555,1659.5,1620.0,369315.0
822285,2022-09-01,1740.6400000000003,1681.0,1768.6950000000002,1680.45,1017192.0
822285,2022-09-15,1772.2,1815.0,1823.95,1770.0,3051984.0
822285,2022-09-27,1679.55,1688.5,1715.75,1665.0,2624336.0
822285,2022-11-07,1778.05,1813.2,1817.9,1765.55,2464569.0
822285,2022-11-18,1654.4,1668.0,1674.65,1641.2,1581747.0
822285,2022-12-09,1598.6,1622.0,1626.95,1582.0,1766412.0
822285,2022-12-12,1592.1,1586.15,1603.95,1570.1,1365732.0
822285,2022-12-30,1547.85,1528.0,1573.0,1525.85,2638505.0
822285,2023-01-09,1414.0,1447.0,1450.9,1408.65,4513767.0
822285,2023-01-20,1333.2,1360.0,1361.65,1326.55,2091612.0
822285,2023-02-02,1271.9,1269.0,1288.65,1252.1,2419664.0
822285,2023-02-03,1337.45,1305.0,1340.8,1281.3,3271913.0
822285,2023-03-13,1295.7,1326.0,1341.2,1291.9,1668502.0
822285,2023-03-29,1246.05,1229.3,1252.0,1225.45,1657420.0
822285,2023-05-02,1349.05,1360.0,1370.9,1345.9,1387425.0
822285,2023-05-25,1427.35,1421.1,1429.65,1416.0,688673.0
822285,2023-06-02,1457.25,1460.0,1466.9,1448.4,1129346.0
822285,2023-06-15,1474.7,1479.95,1482.0,1469.6,853566.0
822285,2023-07-11,1592.4,1598.0,1632.0,1587.9,1500679.0
822285,2023-07-24,1657.5,1630.0,1660.0,1622.0,1455663.0
822285,2021-06-16,1185.615,1181.0,1198.5,1177.5,247539.0
822285,2021-06-07,1182.855,1188.0,1200.88,1168.465,514727.0
822285,2021-06-23,1228.225,1222.5,1240.0,1208.0,378555.0
822285,2021-06-29,1229.99,1238.9,1249.0,1227.105,157178.0
822285,2021-07-09,1285.475,1235.1,1291.2,1234.5,791922.0
822285,2021-08-03,1429.5,1425.0,1431.835,1416.0,202430.0
822285,2021-07-12,1290.89,1288.8950000000002,1294.54,1273.8950000000002,409158.0
822285,2021-09-01,1678.63,1716.6450000000002,1726.35,1674.0150000000003,461843.0
822285,2021-09-03,1673.435,1677.68,1685.985,1656.0,248555.0
822285,2021-08-17,1473.725,1452.5,1480.0,1436.005,242069.0
822285,2021-09-15,1682.8900000000003,1685.125,1698.2,1680.2,123199.0
822285,2021-08-18,1500.6350000000002,1473.725,1523.8000000000002,1473.67,391734.0
822285,2021-09-27,1803.11,1857.0,1874.76,1793.005,407168.0
822285,2021-09-21,1758.725,1710.0,1765.5,1681.405,384694.0
822285,2021-10-08,1754.9450000000002,1762.0,1774.0500000000002,1746.0,152238.0
822285,2021-10-11,1771.3950000000002,1766.5650000000005,1804.5,1760.7,234090.0
822285,2021-10-14,1848.8900000000003,1835.0,1854.0,1821.51,196805.0
822285,2021-12-27,1601.3100000000002,1561.035,1613.995,1556.105,235114.0
822285,2021-10-29,1782.1150000000002,1798.7700000000002,1817.4,1713.955,320536.0
822285,2022-01-19,1807.73,1824.0,1862.1,1787.535,348174.0
822285,2022-01-31,1568.955,1559.0,1574.1,1532.9700000000005,312992.0
822285,2021-11-16,1820.975,1823.0,1851.1,1811.875,218955.0
822285,2021-12-17,1620.42,1665.0,1685.0,1613.3000000000002,305435.0
822285,2022-02-01,1590.3850000000002,1582.8950000000002,1601.495,1550.0,357187.0
822285,2021-12-30,1616.755,1620.0,1628.18,1597.45,283146.0
822285,2022-02-08,1598.915,1581.0,1611.98,1572.0,410373.0
822285,2022-02-11,1611.3100000000002,1600.0,1620.0,1591.0,244696.0
822285,2022-01-11,1779.95,1770.0,1793.505,1762.11,164818.0
822285,2022-03-03,1570.41,1630.0,1634.795,1564.68,340014.0
822285,2022-02-21,1601.225,1603.8000000000002,1623.815,1578.0,227592.0
822285,2022-03-10,1546.745,1564.9,1585.0,1530.505,476405.0
822285,2022-02-22,1618.9450000000002,1530.0,1627.0,1527.5,322374.0
822285,2022-04-01,1713.92,1703.0,1720.0,1701.12,210141.0
822285,2022-03-30,1712.8900000000003,1660.0,1724.985,1653.1,454764.0
822285,2022-04-22,1545.42,1570.005,1574.85,1543.0,214876.0
822285,2022-03-31,1706.045,1710.0,1730.0,1698.2,298692.0
822285,2022-04-28,1501.1850000000002,1500.0,1525.0,1466.065,347500.0
822285,2022-04-07,1655.3900000000003,1665.0,1670.0,1648.0,216790.0
822285,2022-05-02,1495.745,1461.285,1502.275,1460.005,190798.0
822285,2022-05-04,1432.245,1495.735,1505.875,1427.0,316404.0
822285,2022-04-11,1657.785,1667.5,1684.545,1655.005,169686.0
822285,2022-05-26,1247.775,1245.0,1258.5,1206.225,379204.0
822285,2022-05-13,1260.83,1312.9,1323.475,1257.5,348764.0
822285,2022-07-11,1193.815,1189.5,1204.655,1183.955,161368.0
822285,2022-07-07,1196.735,1216.8,1220.0,1185.0,272925.0
822285,2022-08-02,1522.415,1500.0,1529.0,1486.1350000000002,424893.0
822285,2022-07-29,1504.7600000000002,1500.0,1520.1,1481.215,1044235.0
822285,2022-08-08,1553.065,1506.5,1558.9,1504.075,487073.0
822285,2022-08-19,1628.7600000000002,1688.0,1694.7,1612.5,512683.0
822285,2022-09-02,1732.9250000000002,1769.5,1784.5,1725.0,694408.0
822285,2022-08-22,1587.17,1628.8000000000002,1629.875,1581.585,372201.0
822285,2022-11-24,1634.0,1639.0,1647.45,1620.0,1660403.0
822285,2022-09-06,1696.8950000000002,1742.5,1748.6,1693.13,507798.0
822285,2022-11-02,1710.4,1705.0,1722.5,1699.25,2036615.0
822285,2022-12-07,1606.7,1635.4,1642.0,1593.0,2376490.0
822285,2022-12-15,1604.9,1620.0,1631.7,1600.0,1041690.0
822285,2023-02-06,1343.05,1337.45,1349.0,1322.1,1546926.0
822285,2023-02-09,1400.25,1370.0,1409.9,1356.65,2593600.0
822285,2023-03-08,1380.8,1375.0,1383.8,1357.9,1557533.0
822285,2023-03-09,1352.55,1378.0,1378.95,1350.0,1545024.0
822285,2023-04-24,1319.75,1315.1,1322.9,1307.85,1051329.0
822285,2023-04-17,1341.15,1345.0,1352.95,1330.55,1073923.0
822285,2023-05-22,1413.0,1411.0,1418.7,1405.0,591903.0
822285,2023-04-28,1354.65,1368.95,1368.95,1318.8,3376186.0
822285,2023-06-21,1519.25,1525.9,1535.0,1513.25,799052.0
822285,2023-05-05,1359.25,1371.5,1394.0,1355.4,2572062.0
822285,2023-06-23,1501.95,1507.5,1519.7,1483.95,1237464.0
822285,2023-07-13,1615.1,1595.0,1625.0,1595.0,1136620.0
822285,2023-07-03,1540.1,1528.0,1544.5,1526.6,1068533.0
822285,2023-07-28,1584.85,1625.0,1630.0,1568.4,3285744.0
822285,2023-07-05,1613.7,1631.0,1642.0,1607.55,2006206.0
822285,2023-08-01,1572.35,1598.3,1599.95,1569.65,1641917.0
822285,2023-07-07,1614.9,1611.85,1626.65,1605.4,1456642.0
822285,2023-08-14,1482.05,1496.0,1497.95,1467.05,1549409.0
822285,2023-07-19,1644.1,1618.3,1649.8,1614.0,1920501.0
822285,2023-08-10,1519.4,1512.55,1529.75,1505.1,900666.0
822285,2023-08-22,1467.8,1485.0,1494.0,1464.35,1557523.0
822285,2021-06-01,1182.99,1183.0,1194.76,1162.705,302421.0
822285,2021-07-19,1272.11,1268.0,1282.0,1264.3200000000002,188197.0
822285,2021-07-20,1259.715,1272.5,1277.1,1253.655,145137.0
822285,2021-08-12,1434.0700000000002,1421.0,1438.0,1413.0,160934.0
822285,2021-09-24,1852.6,1859.995,1881.3,1831.74,373175.0
822285,2021-09-30,1778.6750000000002,1750.0,1785.995,1741.2200000000005,343000.0
822285,2021-11-11,1787.135,1825.0,1835.0,1781.0,215558.0
822285,2021-12-13,1732.4,1775.0,1783.5950000000005,1725.0,219913.0
822285,2021-12-23,1616.99,1610.0,1621.955,1602.65,181118.0
822285,2022-01-04,1713.545,1709.9,1719.0,1685.21,230043.0
822285,2022-01-05,1798.84,1710.0,1805.0,1710.0,608210.0
822285,2022-01-10,1779.88,1780.0,1800.0,1773.0650000000005,169797.0
822285,2022-01-12,1793.53,1790.0,1819.0,1775.0,223394.0
822285,2022-01-24,1570.715,1638.85,1643.3950000000002,1544.4,473643.0
822285,2022-02-09,1625.78,1618.0,1641.4900000000002,1612.0,251023.0
822285,2022-02-28,1601.255,1570.0,1608.485,1536.5,373257.0
822285,2022-06-21,1174.99,1184.38,1192.74,1167.99,307918.0
822285,2022-06-29,1110.975,1120.0,1124.8950000000002,1104.05,390273.0
822285,2022-07-13,1177.0200000000002,1189.1,1212.0,1172.0,267249.0
822285,2022-08-16,1591.575,1581.5,1597.0,1581.0,152219.0
822285,2022-09-21,1802.0,1800.0,1820.0,1778.05,2080898.0
822285,2022-09-30,1678.35,1625.75,1699.0,1621.0,2788387.0
822285,2022-10-18,1726.25,1730.0,1736.25,1712.0,1661431.0
822285,2022-10-19,1698.8,1725.0,1731.0,1692.4,1804532.0
822285,2022-10-21,1684.45,1731.5,1740.4,1675.1,2734130.0
822285,2022-12-27,1537.7,1545.0,1551.4,1518.0,1102198.0
822285,2023-01-18,1367.3,1379.8,1380.0,1365.0,2589016.0
822285,2023-02-14,1398.6,1390.0,1405.0,1373.65,1390992.0
822285,2023-02-15,1420.8,1398.0,1423.95,1388.05,1518171.0
822285,2023-04-19,1331.35,1335.0,1338.95,1322.05,590360.0
822285,2023-04-20,1332.1,1333.95,1341.35,1325.05,467602.0
822285,2023-05-09,1408.7,1410.95,1446.7,1402.5,3772745.0
822285,2023-05-19,1415.1,1422.1,1422.7,1397.05,754504.0
822285,2023-06-01,1450.15,1455.5,1459.0,1444.0,939379.0
822285,2023-06-07,1480.9,1483.0,1483.2,1472.0,837622.0
822285,2023-06-22,1507.65,1523.0,1527.2,1504.85,966522.0
822285,2023-08-21,1478.3,1455.0,1484.5,1451.0,1498685.0
822285,2021-05-07,1131.845,1105.0,1139.29,1100.99,343443.0
822285,2021-05-28,1171.3200000000002,1192.5,1202.495,1168.0,263315.0
822285,2021-05-17,1124.9350000000002,1097.0,1137.5,1094.265,318021.0
822285,2021-07-02,1175.045,1196.9,1196.9,1165.1,355437.0
822285,2021-07-14,1299.12,1286.25,1303.3000000000002,1285.15,240151.0
822285,2021-08-30,1656.0400000000002,1647.5,1659.5,1626.0,336038.0
822285,2021-10-06,1761.66,1797.4,1814.555,1755.795,300421.0
822285,2021-10-18,1867.795,1885.0,1910.0,1855.28,293948.0
822285,2021-10-25,1808.715,1870.0,1894.7,1800.0,301804.0
822285,2021-11-10,1832.615,1814.25,1837.5,1800.25,178433.0
822285,2021-11-15,1813.05,1827.5,1834.5,1800.0,170461.0
822285,2021-12-28,1610.085,1617.235,1624.9,1602.165,145722.0
822285,2022-05-20,1256.17,1263.9,1269.9,1243.165,323330.0
822285,2022-06-17,1175.485,1136.005,1186.44,1135.0,419362.0
822285,2022-07-26,1331.3000000000002,1300.0,1354.8850000000002,1279.0,1327024.0
822285,2022-08-29,1608.64,1572.6,1619.0,1571.1,307940.0
822285,2022-10-04,1701.15,1682.0,1705.0,1670.05,1806381.0
822285,2022-10-25,1658.55,1700.0,1700.9,1655.0,1870289.0
822285,2022-11-03,1723.5,1697.9,1732.5,1694.0,2205874.0
822285,2022-12-21,1581.8,1618.5,1629.25,1575.5,1397725.0
822285,2023-01-05,1468.85,1548.0,1548.0,1454.7,5979381.0
822285,2023-01-19,1355.15,1365.0,1365.95,1348.1,1910318.0
822285,2023-02-08,1368.9,1356.95,1377.0,1345.2,1516979.0
822285,2023-03-15,1282.6,1290.0,1309.7,1278.0,1376141.0
822285,2023-04-12,1321.55,1321.0,1329.0,1315.55,1105734.0
822285,2023-04-26,1334.7,1345.8,1349.5,1328.65,889092.0
822285,2023-05-15,1421.35,1424.0,1430.0,1416.0,1003664.0
822285,2023-06-13,1486.2,1470.0,1492.0,1470.0,1205104.0
822285,2023-06-30,1528.0,1521.0,1536.6,1519.0,934639.0
822285,2023-07-20,1635.8,1650.9,1658.25,1625.0,1159938.0
822285,2023-08-09,1516.6,1525.0,1529.75,1505.0,1065831.0
822285,2021-07-07,1237.415,1200.0,1239.9,1200.0,404800.0
822285,2021-07-13,1290.94,1290.24,1299.88,1280.5,274181.0
822285,2021-09-09,1675.0500000000002,1659.4,1682.6950000000002,1648.405,180816.0
822285,2021-09-13,1693.8200000000002,1674.0,1699.4,1658.0,216614.0
822285,2021-09-20,1701.8950000000002,1677.505,1733.4,1670.01,325204.0
822285,2021-10-05,1784.75,1775.4,1795.0,1752.5,268163.0
822285,2021-11-18,1792.125,1825.6,1847.2,1781.12,274556.0
822285,2021-12-08,1762.1650000000002,1716.6,1767.4250000000002,1716.6,284299.0
822285,2022-01-21,1633.5200000000002,1700.0,1709.5,1622.0,558291.0
822285,2022-02-17,1618.12,1636.6,1641.83,1608.1,214433.0
822285,2022-04-06,1672.0,1681.885,1689.91,1665.1,246552.0
822285,2022-06-30,1093.175,1114.9,1119.6,1090.9,348184.0
822285,2022-07-01,1132.255,1092.0,1134.3,1072.72,408983.0
822285,2022-07-28,1464.205,1350.7,1522.325,1350.7,1627626.0
822285,2022-08-01,1507.3100000000002,1519.995,1525.0,1493.1,432016.0
822285,2022-08-03,1524.39,1521.0,1533.8000000000002,1511.535,309650.0
822285,2022-08-12,1576.545,1577.0,1588.84,1568.0,205251.0
822285,2022-10-24,1701.8,1712.85,1724.2,1693.0,499690.0
822285,2022-10-28,1653.4,1639.15,1660.5,1635.0,2115388.0
822285,2022-11-11,1719.25,1740.0,1748.0,1707.35,1671510.0
822285,2022-11-25,1633.7,1634.0,1646.95,1624.5,1140578.0
822285,2022-12-01,1638.8,1634.8,1642.5,1624.2,2111362.0
822285,2022-12-22,1544.3,1586.1,1594.2,1530.0,2100618.0
822285,2023-01-02,1552.5,1550.0,1560.0,1528.55,1061404.0
822285,2023-01-24,1332.7,1336.25,1349.0,1329.55,1311451.0
822285,2023-02-20,1404.6,1418.0,1425.8,1400.8,993735.0
822285,2023-02-21,1394.3,1409.4,1409.4,1390.0,1117177.0
822285,2023-03-01,1343.9,1335.7,1360.0,1334.9,1134472.0
822285,2023-04-03,1282.95,1273.0,1286.55,1265.5,1381342.0
822285,2023-04-21,1317.9,1336.5,1338.0,1306.55,825513.0
822285,2023-05-17,1415.4,1430.4,1430.4,1405.0,804968.0
822285,2023-05-23,1437.25,1415.6,1447.8,1415.5,1991556.0
822285,2023-06-12,1466.0,1473.0,1473.0,1461.95,465964.0
822285,2023-06-27,1522.95,1512.0,1527.35,1503.0,763062.0
822285,2023-07-12,1593.2,1595.65,1605.1,1581.25,1281286.0
822285,2023-07-21,1632.85,1633.0,1645.0,1620.3,1149031.0
822285,2021-07-29,1459.905,1396.0,1492.5,1394.0100000000002,710514.0
822285,2021-05-19,1121.515,1139.0,1143.4,1117.005,227567.0
822285,2021-09-14,1683.125,1700.0,1704.0,1679.58,159227.0
822285,2021-10-20,1860.32,1906.3,1906.3,1840.425,224798.0
822285,2021-11-02,1754.26,1765.0,1789.4900000000002,1739.255,271929.0
822285,2021-12-09,1759.66,1762.535,1777.1900000000005,1748.7,210382.0
822285,2021-12-15,1666.0700000000002,1716.9,1721.495,1662.0,253221.0
822285,2022-02-04,1620.575,1634.8000000000002,1646.935,1614.5,294505.0
822285,2022-05-16,1265.525,1270.0,1277.87,1245.0,434004.0
822285,2022-05-27,1275.84,1265.0,1289.0,1260.455,329534.0
822285,2022-06-01,1259.66,1295.9,1302.495,1253.2,281233.0
822285,2022-06-28,1136.4450000000002,1154.755,1155.0,1129.0,349057.0
822285,2022-07-22,1275.4250000000002,1282.565,1286.5,1265.7700000000002,302422.0
822285,2022-09-07,1705.56,1695.0,1714.4,1681.03,320773.0
822285,2022-09-13,1784.75,1755.0,1844.0,1750.0,10413183.0
822285,2022-10-10,1684.4,1675.3,1693.95,1657.0,1229639.0
822285,2022-11-10,1700.35,1745.0,1756.9,1694.0,2030748.0
822285,2022-11-30,1626.5,1634.2,1644.65,1623.3,2900845.0
822285,2022-12-14,1623.05,1619.75,1627.9,1613.3,1137059.0
822285,2023-01-04,1547.85,1562.0,1567.35,1540.4,1036103.0
822285,2023-01-13,1391.15,1394.75,1399.85,1374.35,3754686.0
822285,2023-02-16,1428.2,1429.0,1435.0,1413.05,2153424.0
822285,2023-02-17,1414.05,1420.05,1427.2,1410.0,994199.0
822285,2023-03-14,1280.55,1300.0,1302.3,1269.0,2060607.0
822285,2023-03-24,1240.65,1281.3,1290.0,1236.2,2676573.0
822285,2023-04-06,1303.95,1279.3,1311.45,1271.35,1819711.0
822285,2023-05-08,1404.8,1367.8,1410.8,1363.1,2912772.0
822285,2023-06-09,1466.5,1471.0,1476.0,1461.55,499104.0
822285,2023-06-20,1521.05,1543.2,1543.2,1502.15,1943763.0
822285,2023-07-31,1598.3,1565.8,1602.8,1565.8,1323373.0
822285,2023-08-11,1504.0,1518.95,1521.8,1497.65,792201.0
822285,2021-05-12,1108.795,1119.0,1132.5,1105.24,226953.0
822285,2021-05-26,1190.64,1140.0,1198.0,1138.515,1015265.0
822285,2021-06-11,1190.75,1200.0,1208.0,1185.29,352994.0
822285,2021-06-22,1213.165,1219.9,1226.6,1208.1,274923.0
822285,2021-08-16,1454.93,1431.64,1460.7,1430.9,243262.0
822285,2021-09-07,1678.12,1674.9,1694.4700000000005,1663.0950000000005,188193.0
822285,2021-10-22,1865.8150000000005,1860.0,1925.055,1855.0,505330.0
822285,2021-10-26,1835.335,1820.0,1845.0,1797.505,296749.0
822285,2021-11-17,1825.54,1818.5,1842.0,1811.1900000000005,146100.0
822285,2021-11-24,1740.87,1743.2,1764.7,1714.0400000000002,274024.0
822285,2021-11-25,1736.885,1734.9,1752.2,1722.525,161620.0
822285,2021-11-29,1689.0400000000002,1667.0,1709.8000000000002,1627.365,304218.0
822285,2021-12-01,1738.295,1744.4,1754.67,1720.1,238349.0
822285,2022-01-03,1698.13,1640.65,1704.0,1640.65,271061.0
822285,2022-01-07,1775.6900000000005,1807.5,1814.295,1758.0,322914.0
822285,2022-01-17,1837.06,1829.0,1843.5,1822.1,135273.0
822285,2022-03-08,1445.0700000000002,1440.0,1452.5,1395.105,462569.0
822285,2022-03-25,1633.33,1650.0,1650.0,1624.015,147748.0
822285,2022-04-21,1583.575,1560.1,1602.1,1559.265,236489.0
822285,2022-05-09,1378.3850000000002,1354.0,1401.165,1336.285,403409.0
822285,2022-05-11,1332.98,1372.5,1383.065,1315.205,291848.0
822285,2022-05-23,1257.29,1265.0,1279.4,1250.0,278886.0
822285,2022-05-24,1235.73,1259.0,1262.18,1228.775,255475.0
822285,2022-05-25,1240.605,1244.5,1258.8100000000002,1233.3000000000002,217599.0
822285,2022-06-14,1133.65,1138.5,1157.765,1126.505,366948.0
822285,2022-06-15,1180.97,1140.0,1187.0,1140.0,496289.0
822285,2022-07-05,1152.47,1147.975,1174.8,1140.975,422348.0
822285,2022-07-19,1244.48,1220.0,1247.0,1209.305,423063.0
822285,2022-08-11,1573.6950000000002,1593.0,1593.0,1570.12,253651.0
822285,2022-09-28,1652.2,1670.0,1678.9,1645.25,2114266.0
822285,2022-10-06,1710.55,1718.0,1724.15,1694.9,1661891.0
822285,2022-11-21,1635.85,1654.4,1657.7,1625.0,1943750.0
822285,2022-11-29,1632.0,1649.0,1652.85,1630.05,1346735.0
822285,2022-12-20,1615.65,1614.95,1618.5,1593.05,866377.0
822285,2023-01-25,1314.35,1334.9,1334.9,1310.0,1549899.0
822285,2023-01-27,1314.2,1315.1,1336.15,1302.05,1829556.0
822285,2023-01-31,1342.45,1354.4,1357.15,1323.8,2213909.0
822285,2023-02-23,1346.95,1362.0,1365.95,1341.0,1095460.0
822285,2023-02-27,1357.4,1357.95,1367.25,1345.0,972575.0
822285,2023-02-28,1334.9,1364.2,1371.9,1330.0,1597380.0
822285,2023-03-02,1343.55,1375.0,1385.95,1337.2,3267851.0
822285,2023-03-17,1301.75,1304.95,1316.3,1293.0,1332869.0
822285,2023-03-21,1268.1,1259.0,1271.5,1248.6,2333183.0
822285,2023-05-04,1374.45,1342.3,1378.3,1340.0,2213569.0
822285,2023-05-24,1426.45,1437.25,1447.0,1421.15,1047736.0
822285,2023-05-29,1449.55,1448.95,1468.5,1444.5,1659680.0
822285,2023-06-19,1541.95,1522.95,1553.3,1516.65,3446484.0
822285,2023-07-17,1610.25,1620.0,1621.95,1603.0,823296.0
822285,2023-07-27,1614.55,1641.5,1662.7,1602.0,3402069.0
822285,2021-06-18,1199.9350000000002,1186.0,1210.0,1172.085,489567.0
822285,2021-07-23,1320.12,1304.4,1324.3950000000002,1294.505,289870.0
822285,2021-08-23,1527.19,1514.8000000000002,1542.0,1506.5,326688.0
822285,2021-08-27,1619.5600000000002,1608.0,1625.1950000000002,1578.005,441475.0
822285,2021-10-12,1822.2650000000003,1771.3950000000002,1847.5,1763.1,454592.0
822285,2021-10-28,1798.7700000000002,1801.2,1837.205,1780.2,342550.0
822285,2021-12-20,1582.62,1594.0,1594.0,1545.0,337160.0
822285,2021-12-24,1592.055,1625.0,1625.0,1580.0,208736.0
822285,2022-01-25,1552.8950000000002,1555.0500000000002,1568.245,1525.03,409064.0
822285,2022-02-10,1639.36,1634.49,1655.0,1603.3000000000002,299770.0
822285,2022-03-02,1605.3000000000002,1570.5,1615.715,1563.2,281715.0
822285,2022-03-09,1501.5200000000002,1450.11,1519.955,1440.0,391341.0
822285,2022-03-15,1570.89,1574.9,1595.0,1553.405,296511.0
822285,2022-03-23,1640.735,1660.0,1672.875,1634.42,229079.0
822285,2022-05-06,1364.0500000000002,1380.0,1389.53,1351.0,351616.0
822285,2022-05-12,1285.0700000000002,1326.9,1326.9,1275.0,325696.0
822285,2022-06-27,1159.515,1178.0,1178.0,1155.0,246370.0
822285,2022-07-04,1138.83,1131.0,1144.3,1121.5200000000002,300425.0
822285,2022-07-12,1186.475,1188.0,1199.0,1174.1,227244.0
822285,2022-08-18,1680.59,1688.0,1698.9,1662.0650000000005,361659.0
822285,2022-09-20,1799.6,1785.0,1812.95,1780.0,2832208.0
822285,2022-10-14,1688.3,1709.0,1709.0,1685.1,1239168.0
822285,2022-11-09,1752.7,1797.7,1798.0,1745.55,1762741.0
822285,2022-11-16,1685.65,1713.7,1714.5,1675.0,2040699.0
822285,2022-12-16,1587.1,1599.0,1610.0,1581.15,1533418.0
822285,2023-03-16,1293.6,1285.5,1304.0,1270.55,1539281.0
822285,2023-03-23,1290.0,1291.95,1310.5,1278.3,1947186.0
822285,2023-03-31,1266.5,1252.3,1270.0,1250.0,1830686.0
822285,2023-04-10,1305.05,1311.0,1317.25,1295.65,1297282.0
822285,2023-04-25,1345.8,1325.0,1352.0,1322.1,2725305.0
822285,2023-05-12,1423.45,1420.0,1428.0,1407.0,1300969.0
822285,2023-06-14,1480.4,1490.0,1491.9,1469.0,763762.0
822285,2023-07-10,1597.8,1611.95,1622.0,1579.75,1731894.0
822285,2023-08-04,1486.3,1501.95,1507.35,1470.75,2703607.0
822285,2023-08-16,1469.85,1482.0,1482.0,1463.0,834135.0
822285,2023-08-18,1460.15,1470.0,1478.3,1456.0,1053734.0
822285,2021-05-27,1188.88,1191.0,1196.815,1173.205,407973.0
822285,2021-06-09,1155.885,1174.0,1183.8,1143.05,308286.0
822285,2021-07-30,1422.2200000000005,1460.5,1461.3850000000002,1416.1,354543.0
822285,2021-08-02,1412.515,1437.5,1439.995,1408.255,264709.0
822285,2021-08-25,1590.44,1654.5,1679.9,1585.0,974598.0
822285,2021-09-16,1673.3000000000002,1689.0,1695.0400000000002,1662.5,154209.0
822285,2021-10-07,1747.025,1780.0,1788.0,1742.5,224100.0
822285,2021-10-19,1907.655,1900.0,1932.5,1860.05,387846.0
822285,2022-01-18,1815.355,1837.685,1855.875,1810.005,205667.0
822285,2022-01-20,1725.8950000000002,1807.5,1826.2,1708.0,544473.0
822285,2022-02-18,1609.655,1606.1,1628.9,1602.585,174327.0
822285,2022-03-14,1567.85,1547.5600000000002,1573.5,1541.15,285201.0
822285,2022-03-28,1651.8950000000002,1640.0,1656.0,1610.105,175187.0
822285,2022-06-06,1251.64,1268.9,1268.9,1228.205,309747.0
822285,2022-07-15,1184.025,1179.7,1187.08,1168.0,171104.0
822285,2022-08-05,1508.585,1517.6,1525.1,1502.34,207847.0
822285,2022-10-07,1699.0,1708.0,1709.85,1684.5,1150275.0
822285,2022-10-13,1681.75,1692.95,1694.55,1666.45,1065166.0
822285,2022-10-31,1687.5,1665.0,1689.85,1662.15,2217631.0
822285,2022-12-02,1642.65,1632.2,1653.0,1625.25,1682841.0
822285,2022-12-08,1618.6,1610.0,1621.8,1600.2,1161239.0
822285,2023-01-16,1383.9,1398.15,1418.45,1379.2,3480545.0
822285,2023-04-18,1335.2,1340.0,1348.7,1329.0,1236391.0
822285,2023-05-26,1439.15,1431.0,1446.3,1431.0,1023550.0
822285,2023-07-14,1614.2,1623.15,1635.0,1604.25,1088010.0
822285,2023-07-25,1648.85,1664.9,1664.9,1635.05,1378736.0
822285,2023-08-17,1476.85,1473.0,1480.0,1465.4,1048714.0
822285,2021-06-03,1181.985,1189.9,1192.39,1178.055,183816.0
822285,2021-05-11,1119.305,1119.4,1131.065,1113.915,198664.0
822285,2021-06-17,1181.855,1175.0,1193.72,1173.995,220170.0
822285,2021-06-30,1210.905,1234.6,1236.955,1206.5,231546.0
822285,2021-07-05,1192.3100000000002,1179.9,1194.2,1179.9,155869.0
822285,2021-07-16,1274.5700000000002,1295.8950000000002,1302.5,1272.575,252782.0
822285,2021-08-10,1403.65,1427.0,1433.375,1400.4,206363.0
822285,2021-08-24,1646.17,1536.755,1658.48,1526.0,1274393.0
822285,2021-09-08,1656.075,1676.0,1688.8950000000002,1652.9,190932.0
822285,2021-09-23,1850.385,1778.75,1875.0,1768.205,712551.0
822285,2021-10-04,1780.62,1735.995,1793.6,1730.1,401325.0
822285,2021-11-12,1827.38,1813.5,1834.9,1792.505,207802.0
822285,2021-12-29,1624.905,1610.03,1633.0,1596.6,172428.0
822285,2022-01-06,1798.65,1770.1,1808.0,1770.1,351136.0
822285,2022-02-03,1634.8100000000002,1670.6,1671.7,1626.37,289137.0
822285,2022-02-14,1567.415,1580.5,1588.795,1545.1,296115.0
822285,2022-03-11,1556.9,1540.0,1575.0,1528.0,329632.0
822285,2022-03-16,1612.485,1590.0600000000002,1624.0,1585.105,298317.0
822285,2022-04-13,1609.005,1640.4,1650.0,1605.0,248390.0
822285,2022-05-05,1413.9250000000002,1449.9,1471.1,1405.0,296928.0
822285,2022-05-19,1241.3850000000002,1248.19,1255.1950000000002,1217.38,286401.0
822285,2022-06-03,1269.16,1310.0,1322.0,1265.205,317180.0
822285,2022-07-25,1261.955,1270.0,1279.495,1257.0,174702.0
822285,2022-08-23,1630.39,1579.99,1652.0500000000002,1567.17,706407.0
822285,2022-09-19,1765.95,1738.55,1779.3,1737.0,2309647.0
822285,2022-09-22,1772.35,1786.8,1788.0,1733.0,4480817.0
822285,2022-09-23,1721.9,1772.0,1778.2,1714.4,2759913.0
822285,2022-09-26,1676.8,1700.0,1745.1,1661.5,4915173.0
822285,2022-10-03,1646.6,1686.0,1686.0,1638.0,1464138.0
822285,2022-11-23,1636.2,1651.6,1656.0,1630.05,1837952.0
822285,2022-12-06,1635.25,1630.0,1646.9,1628.0,1177485.0
822285,2023-01-17,1372.9,1389.0,1391.6,1353.95,3681802.0
822285,2023-02-01,1268.3,1348.0,1360.0,1246.85,4761664.0
822285,2023-04-05,1279.3,1296.0,1324.0,1275.5,3366621.0
822285,2023-05-16,1428.35,1429.9,1438.0,1421.0,1678746.0
822285,2023-05-31,1451.05,1465.0,1465.0,1447.25,1704213.0
822285,2021-05-18,1139.68,1134.565,1158.9,1129.01,403959.0
822285,2021-05-20,1122.79,1126.0,1129.995,1113.0700000000002,177897.0
822285,2021-06-15,1179.87,1194.9,1208.49,1176.5,314841.0
822285,2021-08-04,1418.7200000000005,1428.995,1448.5,1415.61,283194.0
822285,2021-08-05,1399.49,1420.78,1424.89,1396.16,291527.0
822285,2021-08-06,1400.565,1407.0,1410.87,1397.5,137473.0
822285,2021-08-20,1497.855,1485.6350000000002,1514.9,1480.005,275052.0
822285,2021-09-02,1670.325,1686.5,1690.0,1661.0,276879.0
822285,2021-09-06,1674.7,1683.5,1696.8950000000002,1667.5,176958.0
822285,2021-09-28,1755.035,1818.5,1818.6,1743.01,322058.0
822285,2021-10-01,1717.78,1773.605,1773.605,1705.0,432677.0
822285,2021-11-01,1756.5700000000002,1790.0,1798.0,1717.1,384929.0
822285,2021-11-22,1707.375,1814.0,1814.0,1683.005,370700.0
822285,2021-11-30,1723.735,1688.0,1750.0,1688.0,458642.0
822285,2022-01-13,1822.5,1799.7700000000002,1827.49,1790.0,248013.0
822285,2022-01-14,1820.9700000000005,1804.4,1833.3450000000005,1800.0,155328.0
822285,2022-08-24,1633.3850000000002,1629.5,1642.6400000000003,1618.025,264919.0
822285,2022-09-05,1737.61,1742.0,1752.8900000000003,1720.505,370053.0
822285,2022-09-14,1805.35,1769.0,1813.45,1752.0,3784309.0
822285,2022-10-17,1719.25,1684.0,1725.0,1674.0,1551410.0
822285,2022-11-14,1718.35,1724.0,1735.0,1708.15,1459293.0
822285,2022-11-15,1708.5,1723.4,1729.8,1696.3,1401141.0
822285,2022-12-19,1619.05,1595.05,1627.0,1590.15,1508476.0
822285,2022-12-23,1497.05,1524.3,1543.3,1492.0,1673592.0
822285,2022-12-29,1511.7,1515.0,1522.0,1503.05,3417120.0
822285,2023-01-11,1399.7,1418.0,1422.85,1397.05,2327598.0
822285,2023-02-07,1350.4,1345.15,1362.35,1337.1,1604424.0
822285,2023-02-10,1401.75,1406.0,1418.65,1394.0,2069492.0
822285,2023-02-22,1360.95,1389.9,1392.0,1356.0,1402505.0
822285,2021-07-06,1209.08,1189.0,1228.235,1187.13,320522.0
822285,2021-06-10,1199.3100000000002,1155.1,1220.8,1150.035,629998.0
822285,2021-07-28,1397.055,1384.785,1400.1,1375.5,319493.0
822285,2021-08-31,1714.875,1650.0,1720.0,1642.825,652127.0
822285,2021-09-17,1684.0200000000002,1684.0,1749.9,1675.005,654951.0
822285,2021-09-22,1761.475,1758.905,1778.0,1750.5,256982.0
822285,2021-11-26,1668.255,1720.0,1723.7200000000005,1661.0,342486.0
822285,2021-12-03,1748.87,1775.0,1788.975,1745.0,203459.0
822285,2021-12-16,1670.335,1687.0,1695.0,1657.5,325350.0
822285,2021-12-22,1594.59,1593.1,1618.495,1583.0,261292.0
822285,2022-02-24,1524.5200000000002,1560.0,1589.59,1520.0,361563.0
822285,2022-02-25,1577.215,1578.8000000000002,1606.5,1557.0,320337.0
822285,2022-03-22,1649.46,1625.0,1659.0,1595.1,265279.0
822285,2022-04-05,1681.885,1722.0,1730.0,1675.855,385537.0
822285,2022-05-30,1292.405,1292.4,1299.0,1283.7,280392.0
822285,2022-05-31,1293.4,1292.405,1311.1950000000002,1277.36,419919.0
822285,2022-06-02,1293.6,1254.4,1303.0,1245.005,366146.0
822285,2022-06-20,1170.965,1185.0,1185.0,1153.205,242858.0
822285,2022-06-22,1143.555,1170.0,1170.0,1135.0,284833.0
822285,2022-07-21,1271.6450000000002,1240.0,1275.735,1238.105,271330.0
822285,2022-07-27,1330.705,1334.995,1338.8950000000002,1300.955,533966.0
822285,2022-08-04,1518.53,1534.9,1540.6950000000002,1505.5,311361.0
822285,2022-09-09,1720.5650000000005,1755.0,1758.5,1715.405,395730.0
822285,2022-09-16,1734.9,1772.2,1785.5,1712.0,3277213.0
822285,2022-09-29,1635.9,1671.95,1685.0,1628.0,2418856.0
822285,2022-10-12,1694.65,1681.05,1701.6,1667.4,1538819.0
822285,2022-10-20,1725.7,1687.0,1730.0,1676.5,1438398.0
822285,2022-11-22,1643.35,1635.05,1659.9,1632.0,1508906.0
822285,2022-12-13,1611.45,1600.1,1616.9,1591.25,1279634.0
822285,2022-12-28,1522.7,1534.7,1534.7,1513.0,1411078.0
822285,2023-01-12,1387.8,1405.0,1414.95,1379.0,3168742.0
822285,2023-01-30,1343.85,1320.8,1360.0,1317.85,4411750.0
822285,2023-03-03,1355.35,1357.0,1364.45,1346.1,1199487.0
822285,2023-04-13,1341.3,1320.9,1346.0,1318.0,1330391.0
822285,2023-06-05,1458.9,1469.0,1469.5,1456.2,829929.0
822285,2023-08-08,1515.75,1509.5,1520.3,1492.9,1409271.0
822285,2021-06-24,1233.325,1228.225,1239.6,1216.5,278573.0
822285,2021-06-28,1237.79,1250.0,1251.96,1232.0,165517.0
822285,2021-07-08,1233.39,1232.0,1245.0,1224.0,206630.0
822285,2021-08-09,1424.29,1400.7600000000002,1446.0,1400.7600000000002,318865.0
822285,2021-08-11,1420.62,1409.9,1423.3450000000005,1385.275,211850.0
822285,2021-08-13,1431.75,1434.0,1443.09,1426.5,153843.0
822285,2021-08-26,1595.88,1600.0500000000002,1612.42,1567.83,606882.0
822285,2021-11-08,1831.975,1765.09,1839.295,1751.5,316199.0
822285,2021-11-09,1817.25,1832.0,1847.5,1808.0,198087.0
822285,2022-02-23,1613.36,1639.0,1639.0,1603.505,241830.0
822285,2022-03-24,1637.87,1635.0,1651.2,1627.0,183924.0
822285,2022-04-19,1572.055,1599.9,1608.0,1559.15,259696.0
822285,2022-04-25,1526.515,1535.0,1540.0,1520.0,164219.0
822285,2022-05-10,1363.0100000000002,1382.0,1397.92,1356.2,256312.0
822285,2022-06-09,1247.1,1232.5500000000002,1251.795,1225.5,174239.0
822285,2022-06-23,1155.285,1153.75,1158.9,1131.485,253553.0
822285,2022-07-20,1242.075,1263.8000000000002,1263.8000000000002,1237.2,272147.0
822285,2022-08-30,1696.215,1639.0,1700.0,1637.0,766144.0
822285,2022-09-12,1713.805,1738.0,1742.0,1705.2200000000005,425082.0
822285,2022-11-04,1800.7,1722.9,1805.0,1721.05,6981242.0
822285,2022-11-17,1664.6,1685.6,1699.95,1660.2,1875515.0
822285,2022-12-26,1535.0,1496.9,1544.95,1483.15,1329547.0
822285,2023-01-03,1563.0,1549.0,1570.0,1544.05,1306648.0
822285,2023-02-13,1388.55,1404.0,1415.0,1381.75,1467695.0
822285,2023-03-10,1328.85,1340.0,1342.0,1321.05,1389890.0
822285,2023-04-11,1323.2,1312.95,1325.0,1307.2,1281834.0
822285,2023-05-03,1347.0,1345.0,1350.95,1330.0,903123.0
822285,2023-05-18,1415.45,1422.35,1430.0,1412.05,739262.0
822285,2023-05-30,1465.85,1453.45,1467.2,1439.5,1506999.0
822285,2023-07-04,1629.5,1565.1,1634.95,1565.1,7337423.0
822285,2023-08-07,1508.4,1498.0,1512.25,1485.0,1228780.0
822285,2021-06-02,1182.36,1170.9,1186.0,1170.155,183421.0
822285,2021-06-14,1192.615,1185.1,1201.5,1167.165,288785.0
822285,2021-06-21,1215.64,1180.0,1219.975,1177.6850000000002,294853.0
822285,2021-07-15,1295.8950000000002,1297.6,1311.0,1292.2,177991.0
822285,2021-07-22,1306.46,1231.0100000000002,1310.0,1230.005,524877.0
822285,2021-07-27,1380.785,1353.115,1384.495,1350.315,413415.0
822285,2021-09-29,1743.375,1749.88,1764.7900000000002,1730.78,309712.0
822285,2021-10-13,1818.825,1835.5,1857.49,1814.86,318388.0
822285,2021-12-07,1710.9,1714.0,1725.0,1693.17,230078.0
822285,2021-12-10,1771.11,1758.0,1776.355,1730.0650000000005,233314.0
822285,2021-12-31,1640.62,1619.755,1650.0,1617.0,230086.0
822285,2022-02-02,1670.6,1603.0100000000002,1675.0,1592.5,525745.0
822285,2022-03-21,1618.08,1639.995,1644.3950000000002,1615.0,201635.0
822285,2022-04-12,1631.805,1650.2,1650.2,1622.21,247647.0
822285,2022-04-20,1550.93,1572.1,1579.995,1532.33,251707.0
822285,2022-04-26,1543.4350000000002,1555.0,1563.325,1530.005,220638.0
822285,2022-06-13,1138.605,1200.0,1200.0,1135.0,487732.0
822285,2022-06-24,1158.295,1166.0,1168.595,1143.0,366291.0
822285,2022-07-14,1172.625,1186.315,1195.68,1163.2700000000002,240544.0
822285,2022-08-10,1564.3200000000002,1553.0,1567.4,1542.6,442548.0
822285,2022-10-11,1672.65,1684.4,1707.05,1665.0,1402150.0
822285,2022-10-27,1630.95,1671.65,1676.55,1621.0,2177395.0
822285,2022-12-05,1634.2,1650.0,1655.0,1631.4,1383542.0
822285,2023-01-06,1430.35,1473.55,1473.55,1423.0,5207616.0
822285,2023-03-20,1245.4,1305.0,1307.95,1231.0,3970911.0
822285,2023-03-22,1294.55,1271.0,1314.95,1270.55,2884348.0
822285,2023-04-27,1360.0,1352.5,1374.0,1340.15,3982526.0
822285,2023-05-10,1414.45,1419.0,1420.85,1395.0,1297980.0
822285,2023-06-08,1467.4,1483.0,1485.0,1463.0,722068.0
822285,2023-06-26,1507.55,1504.45,1510.85,1487.2,647496.0
822285,2023-06-28,1518.85,1530.0,1535.0,1515.8,1158136.0
822285,2023-07-06,1619.9,1615.05,1624.0,1607.0,937466.0
822285,2023-08-02,1527.0,1572.0,1572.35,1524.0,2170178.0
822285,2023-08-23,1462.2,1474.0,1474.0,1458.05,247897.0
822285,2021-05-10,1133.2,1139.0,1154.9,1128.0,432037.0
822285,2021-05-14,1097.15,1111.1,1116.375,1086.8,313603.0
822285,2021-06-04,1215.565,1185.5,1219.0,1178.5,410769.0
822285,2021-07-26,1352.505,1319.9,1357.545,1315.49,421170.0
822285,2021-12-02,1775.8150000000005,1740.0,1789.0,1727.3450000000005,213881.0
822285,2021-12-06,1689.3450000000005,1748.7,1759.8950000000002,1685.1,203690.0
822285,2021-12-14,1712.35,1720.0,1726.0,1686.5,242026.0
822285,2021-12-21,1583.1950000000002,1615.0,1615.0,1567.7,336805.0
822285,2022-01-27,1535.985,1538.6,1557.04,1501.2,349727.0
822285,2022-01-28,1519.875,1560.1,1578.765,1515.0,350931.0
822285,2022-02-07,1571.1350000000002,1616.0,1636.405,1565.0,356664.0
822285,2022-02-15,1637.525,1589.0,1642.75,1564.9,359213.0
822285,2022-03-04,1533.3200000000002,1559.0,1567.23,1521.2,338059.0
822285,2022-03-07,1437.3200000000002,1499.4,1499.4,1379.99,371521.0
822285,2022-03-29,1650.17,1653.6,1662.0,1642.3150000000005,198138.0
822285,2022-04-04,1719.635,1719.9,1748.0,1695.525,324394.0
822285,2022-04-08,1674.9,1670.0,1684.0,1651.73,213383.0
822285,2022-04-18,1582.725,1604.0,1604.0,1565.4350000000002,281889.0
822285,2022-04-29,1491.115,1528.0,1528.0,1485.0,221107.0
822285,2022-06-07,1233.87,1244.0,1244.995,1223.235,176548.0
822285,2022-06-08,1246.5,1241.1,1264.5,1225.0,236843.0
822285,2022-06-16,1147.19,1202.5,1206.98,1141.105,394041.0
822285,2022-07-06,1202.85,1153.5,1207.0,1153.0,478294.0
822285,2022-08-17,1684.03,1597.7,1714.15,1593.0,943581.0
822285,2022-08-26,1628.6,1642.3000000000002,1650.655,1625.6350000000002,207178.0
822285,2022-09-08,1738.285,1728.0,1749.0,1704.2,430117.0
822285,2022-11-01,1709.05,1692.0,1714.7,1691.0,2002317.0
822285,2022-11-28,1652.85,1630.0,1661.9,1628.85,2005182.0
822285,2023-01-10,1413.3,1429.0,1429.0,1391.0,2903001.0
822285,2023-01-23,1332.75,1330.0,1345.0,1319.55,1832743.0
822285,2023-02-24,1359.0,1353.7,1386.0,1350.35,1342454.0
822285,2023-03-06,1380.8,1357.25,1399.45,1357.25,2466703.0
822285,2023-03-27,1239.1,1245.0,1251.6,1226.65,1553877.0
822285,2023-03-28,1223.15,1245.3,1247.85,1215.0,1510246.0
822285,2023-05-11,1420.4,1421.0,1427.75,1413.05,915163.0
822285,2023-06-06,1475.1,1466.5,1478.9,1463.1,1472972.0
822285,2023-06-16,1508.6,1479.0,1515.0,1474.7,2090874.0
822285,2023-07-18,1618.3,1618.35,1625.0,1602.0,2077115.0
822285,2023-07-26,1626.45,1649.4,1664.9,1618.05,2225230.0
822285,2023-08-03,1493.65,1522.9,1522.9,1477.8,2785017.0
