stockid,date,close,open,high,low,volume
156509,2021-01-11,42.55,44.25,44.45,42.1,69723.0
156509,2021-01-15,42.7,42.65,43.95,42.05,66112.0
156509,2021-01-22,40.55,41.55,42.8,40.05,78066.0
156509,2021-02-02,41.45,41.75,41.9,41.0,53967.0
156509,2021-02-17,38.4,38.65,39.35,38.1,97536.0
156509,2021-03-02,41.25,41.8,41.9,39.7,123075.0
156509,2021-03-19,37.15,38.35,38.35,36.75,49316.0
156509,2021-03-18,37.6,38.9,39.45,36.55,56592.0
156509,2021-04-12,39.15,41.0,41.0,39.0,51768.0
156509,2021-05-28,56.35,58.1,59.0,55.35,635063.0
156509,2021-06-03,56.45,55.0,57.5,53.15,632838.0
156509,2021-06-14,78.8,79.2,81.15,75.2,382434.0
156509,2021-07-09,75.05,74.1,76.0,73.25,94499.0
156509,2021-07-12,82.35,75.95,82.55,75.0,662075.0
156509,2021-08-11,64.95,71.0,71.15,63.75,513688.0
156509,2021-08-25,59.05,57.05,59.05,57.05,113802.0
156509,2021-09-20,74.6,74.0,76.45,72.85,116242.0
156509,2021-10-11,79.1,81.0,81.2,78.4,166629.0
156509,2021-10-18,79.45,78.05,79.9,77.05,109323.0
156509,2021-11-22,67.35,66.8,67.95,65.55,99517.0
156509,2021-01-28,40.1,40.85,42.3,39.5,73277.0
156509,2021-02-01,40.9,41.0,41.0,40.1,33743.0
156509,2021-02-05,40.55,43.7,43.7,40.15,188081.0
156509,2021-03-12,39.25,39.35,40.4,39.0,53561.0
156509,2021-03-22,37.65,37.5,38.05,37.2,34413.0
156509,2021-04-07,40.2,40.0,40.5,39.05,40336.0
156509,2021-04-22,37.35,38.95,38.95,36.95,77541.0
156509,2021-05-14,51.45,46.6,54.4,46.6,1961372.0
156509,2021-05-21,50.2,51.5,52.9,49.2,122578.0
156509,2021-09-23,74.8,76.2,77.0,74.2,82433.0
156509,2021-09-30,77.85,76.55,79.15,76.55,88021.0
156509,2021-11-01,76.0,81.75,82.15,75.25,242365.0
156509,2021-11-10,71.75,73.8,73.8,71.5,78676.0
156509,2022-01-13,95.65,94.35,100.0,94.3,294443.0
156509,2022-02-23,76.85,76.6,80.5,76.1,159684.0
156509,2022-05-30,75.2,75.0,76.45,74.0,47282.0
156509,2022-06-09,79.6,81.0,81.15,78.65,35182.0
156509,2022-06-24,74.65,72.0,75.7,72.0,35375.0
156509,2021-01-21,42.25,42.25,43.5,42.0,46431.0
156509,2021-02-04,42.95,42.1,43.4,42.1,146085.0
156509,2021-03-26,37.4,37.7,37.75,36.9,50583.0
156509,2021-04-19,37.95,38.0,38.3,36.0,63423.0
156509,2021-04-27,37.55,37.05,38.0,37.05,67163.0
156509,2021-04-28,37.85,37.8,38.25,37.6,42396.0
156509,2021-05-20,51.5,51.35,52.8,51.1,228684.0
156509,2021-06-16,77.9,78.3,80.1,76.2,171111.0
156509,2021-06-17,74.35,78.0,78.8,73.65,221012.0
156509,2021-07-13,80.85,87.0,87.0,80.5,447787.0
156509,2021-07-20,77.2,77.5,78.7,77.15,102089.0
156509,2021-08-04,77.75,81.6,81.6,76.3,281838.0
156509,2021-08-24,56.25,56.5,57.0,51.65,617119.0
156509,2021-09-15,72.2,72.95,73.0,71.0,79038.0
156509,2021-10-25,70.95,72.95,72.95,68.65,91390.0
156509,2021-11-11,71.55,73.95,73.95,71.4,27161.0
156509,2021-11-16,68.25,67.1,68.75,66.9,79629.0
156509,2021-12-21,82.1,82.85,84.5,81.0,172694.0
156509,2021-12-30,94.1,98.25,102.7,92.5,1242153.0
156509,2022-01-07,92.35,93.8,96.4,91.5,262391.0
156509,2022-01-25,94.15,91.25,95.8,88.0,255670.0
156509,2022-01-28,95.2,94.8,99.3,93.4,369905.0
156509,2022-02-01,89.5,90.1,92.8,86.1,335657.0
156509,2022-02-02,91.4,91.3,92.7,89.8,215809.0
156509,2022-02-15,81.85,85.0,85.0,78.1,143688.0
156509,2022-03-07,75.45,73.3,76.4,72.65,108757.0
156509,2022-03-11,80.5,81.0,82.1,79.15,100569.0
156509,2021-01-08,43.7,45.4,45.9,42.2,89365.0
156509,2021-12-23,84.55,86.0,86.7,84.1,152516.0
156509,2022-01-17,100.85,96.5,102.4,96.5,684208.0
156509,2022-03-22,84.35,81.0,85.0,81.0,201463.0
156509,2022-06-01,77.5,78.0,78.85,76.85,32423.0
156509,2022-07-04,76.05,75.5,77.0,74.35,12281.0
156509,2022-07-05,76.2,77.0,77.65,75.3,25513.0
156509,2022-08-16,75.45,75.0,75.95,74.3,101969.0
156509,2022-08-23,75.05,74.0,76.0,74.0,43318.0
156509,2022-09-06,76.4,77.5,77.8,76.0,83894.0
156509,2022-09-21,74.05,74.7,75.5,73.3,111873.0
156509,2022-10-17,72.7,75.75,76.15,71.85,87379.0
156509,2023-01-06,98.75,103.5,103.55,97.85,448596.0
156509,2023-01-24,101.65,104.0,104.5,101.05,169395.0
156509,2023-02-16,94.65,95.0,97.0,93.6,50666.0
156509,2023-03-31,81.7,82.5,83.9,79.85,756034.0
156509,2023-04-06,86.4,84.65,87.0,83.75,96429.0
156509,2023-05-18,83.85,85.95,85.95,83.3,40869.0
156509,2023-05-19,83.7,83.75,84.5,82.95,42944.0
156509,2023-06-01,101.55,103.3,104.8,101.1,142971.0
156509,2023-06-21,95.7,96.75,97.0,95.0,57232.0
156509,2023-06-30,95.25,94.55,97.0,94.55,130530.0
156509,2021-03-30,37.8,37.05,38.0,37.05,40422.0
156509,2021-05-06,40.25,40.0,40.55,39.25,73077.0
156509,2021-05-18,50.1,52.95,54.8,49.45,316384.0
156509,2021-06-04,62.2,56.55,63.0,56.5,1615926.0
156509,2021-06-11,79.25,85.85,87.6,78.05,701973.0
156509,2021-06-25,74.7,76.5,78.4,71.25,156680.0
156509,2021-07-05,75.6,77.0,78.0,74.0,166687.0
156509,2021-07-30,81.55,81.0,84.0,80.65,388598.0
156509,2021-08-05,77.65,78.8,80.0,74.7,360360.0
156509,2021-09-02,71.25,70.0,72.55,69.75,258284.0
156509,2021-10-01,80.2,77.85,81.5,76.75,402800.0
156509,2021-10-19,76.7,80.6,80.6,75.9,127051.0
156509,2021-10-21,72.95,74.4,76.0,71.8,98943.0
156509,2021-11-09,73.15,73.75,74.0,72.8,55007.0
156509,2021-11-12,71.15,73.65,73.65,70.2,63906.0
156509,2021-11-17,68.15,68.9,70.0,67.4,54248.0
156509,2021-12-10,73.35,74.7,74.7,72.25,91154.0
156509,2021-12-16,86.85,89.45,91.2,86.15,639832.0
156509,2021-12-20,79.1,81.45,81.55,76.0,308661.0
156509,2022-01-31,89.6,95.05,95.9,86.8,570838.0
156509,2022-02-16,82.65,81.85,84.25,81.85,68492.0
156509,2022-05-05,86.95,85.1,88.0,84.4,95494.0
156509,2022-05-31,77.3,76.3,79.5,74.45,100855.0
156509,2022-07-18,74.0,74.0,76.0,73.1,44588.0
156509,2022-08-01,73.85,74.55,76.95,73.45,95116.0
156509,2022-08-24,75.2,75.05,75.85,74.7,38649.0
156509,2022-09-07,76.6,75.75,77.4,75.05,31858.0
156509,2022-10-03,73.2,73.95,74.3,72.6,74348.0
156509,2022-12-15,92.3,93.5,95.0,91.6,214382.0
156509,2023-01-05,102.85,102.4,104.7,99.2,538206.0
156509,2023-01-25,99.75,102.35,102.35,96.55,352309.0
156509,2023-02-22,91.25,92.5,93.1,91.05,62241.0
156509,2023-03-20,79.65,80.35,83.1,79.05,115007.0
156509,2023-03-23,81.7,82.9,84.05,81.2,168820.0
156509,2023-03-24,80.45,82.3,82.5,79.95,210857.0
156509,2023-04-21,85.15,85.0,86.15,84.8,27641.0
156509,2023-05-04,86.0,86.35,87.0,85.35,59848.0
156509,2023-05-22,86.7,83.7,87.2,83.7,201349.0
156509,2023-07-19,88.05,87.2,89.3,87.2,65964.0
156509,2023-07-26,87.6,90.0,90.0,86.45,160229.0
156509,2022-07-06,75.4,75.35,76.65,74.65,15924.0
156509,2022-07-21,75.55,78.25,78.25,75.1,187746.0
156509,2022-09-15,79.95,79.8,81.0,79.15,57981.0
156509,2022-12-07,94.2,95.4,96.0,93.5,283818.0
156509,2022-12-12,94.15,92.4,95.4,90.9,158337.0
156509,2023-01-27,95.4,100.75,101.3,93.1,333251.0
156509,2023-02-15,94.85,93.2,96.05,92.55,139938.0
156509,2023-05-11,83.8,85.25,85.25,83.05,33776.0
156509,2023-05-16,84.95,84.9,85.9,84.6,72600.0
156509,2023-07-21,87.5,87.25,88.4,87.0,89112.0
156509,2023-07-27,88.65,87.95,89.35,85.2,463442.0
156509,2023-08-16,80.15,79.8,80.7,79.65,61317.0
156509,2022-03-17,80.05,82.0,82.0,79.3,69224.0
156509,2022-03-30,82.1,83.0,83.4,81.25,54631.0
156509,2022-04-01,82.45,81.9,84.75,79.55,81013.0
156509,2022-04-05,88.9,90.95,90.95,87.15,139088.0
156509,2022-04-12,91.8,92.45,93.0,88.65,167732.0
156509,2022-04-21,90.25,89.55,90.95,89.0,51743.0
156509,2022-04-26,92.05,94.4,94.8,91.5,174417.0
156509,2022-05-25,71.9,73.3,75.6,71.1,67459.0
156509,2022-06-20,73.75,74.5,76.5,72.15,103572.0
156509,2022-06-28,76.4,76.9,77.45,74.4,21063.0
156509,2022-07-20,77.95,74.55,78.9,73.5,177526.0
156509,2022-07-29,74.35,76.25,76.85,74.15,141956.0
156509,2022-08-05,72.5,73.3,73.3,71.95,43209.0
156509,2022-08-19,76.15,74.65,76.75,74.65,77384.0
156509,2022-08-26,76.2,76.05,77.25,75.5,63465.0
156509,2022-10-27,83.9,88.6,88.6,83.55,266367.0
156509,2022-11-01,82.15,83.85,84.85,80.6,114845.0
156509,2022-12-30,104.5,104.0,110.75,103.65,3327413.0
156509,2023-03-14,81.4,81.0,82.75,80.35,58815.0
156509,2023-04-24,84.65,85.15,87.0,84.45,22240.0
156509,2023-04-25,85.45,84.05,85.95,84.05,26041.0
156509,2023-05-02,84.8,85.0,85.35,84.6,35219.0
156509,2023-05-12,84.75,83.75,85.0,83.7,34156.0
156509,2023-06-20,96.1,93.6,97.5,93.6,164152.0
156509,2023-08-07,82.05,84.95,85.45,81.85,269011.0
156509,2023-08-17,81.15,80.5,82.1,80.2,94412.0
156509,2021-01-20,42.6,42.15,43.2,42.0,45711.0
156509,2021-03-05,39.65,41.2,41.2,39.35,45879.0
156509,2021-03-23,37.95,37.75,38.6,37.35,67694.0
156509,2021-04-15,39.05,38.6,39.7,38.1,38011.0
156509,2021-04-26,36.7,38.0,38.8,35.95,107648.0
156509,2021-05-03,39.9,38.0,40.25,37.8,163013.0
156509,2021-05-11,48.15,42.0,49.85,41.9,1238733.0
156509,2021-08-03,79.05,82.0,82.9,78.75,299858.0
156509,2021-08-27,65.1,65.1,65.1,62.05,276586.0
156509,2021-11-23,68.5,66.05,70.7,65.7,46314.0
156509,2021-12-15,86.8,81.75,94.8,81.25,2874360.0
156509,2021-12-28,86.5,87.2,87.3,83.35,238850.0
156509,2022-01-21,97.0,98.15,102.3,95.5,405957.0
156509,2022-02-09,84.9,86.35,87.3,83.3,129288.0
156509,2022-02-17,82.45,82.85,83.55,81.05,41073.0
156509,2022-03-04,76.15,76.2,77.55,75.0,161965.0
156509,2022-03-24,86.05,85.0,88.0,85.0,86031.0
156509,2022-04-20,89.5,89.2,92.45,88.05,109505.0
156509,2022-05-04,83.85,86.5,87.9,81.7,158193.0
156509,2022-05-12,77.35,75.1,78.5,73.7,72510.0
156509,2022-05-16,74.8,76.0,77.95,71.65,126252.0
156509,2022-05-18,76.35,78.35,79.0,76.0,60679.0
156509,2022-06-08,79.85,79.1,80.8,78.3,44778.0
156509,2022-06-10,78.55,78.3,79.5,78.2,10728.0
156509,2022-08-08,78.5,72.25,79.7,72.25,821345.0
156509,2022-08-17,76.1,76.85,76.9,76.0,43934.0
156509,2022-09-01,75.25,77.0,77.0,75.0,35646.0
156509,2022-09-14,78.75,77.3,80.0,77.3,47792.0
156509,2022-10-06,76.4,74.95,76.5,74.05,49755.0
156509,2022-10-14,75.25,75.95,76.2,74.8,39264.0
156509,2022-12-01,94.35,96.0,96.4,92.55,278087.0
156509,2022-12-27,94.05,91.2,96.25,89.75,531136.0
156509,2023-01-12,105.6,101.0,108.95,100.7,2017783.0
156509,2023-01-17,103.7,105.9,107.65,103.15,234146.0
156509,2023-01-20,102.55,103.0,104.0,101.35,174053.0
156509,2023-02-17,96.95,94.0,97.5,94.0,160693.0
156509,2023-02-28,84.2,83.85,84.9,83.75,30513.0
156509,2023-03-15,83.0,81.75,83.9,81.75,70096.0
156509,2023-03-27,83.9,81.65,86.5,79.9,307129.0
156509,2023-04-12,85.5,86.9,86.9,84.5,140902.0
156509,2023-06-19,94.25,95.95,95.95,94.0,86026.0
156509,2023-07-17,89.2,88.9,89.7,87.7,101942.0
156509,2021-01-05,45.45,45.0,46.95,44.15,108180.0
156509,2021-03-10,39.35,40.2,40.6,39.1,26550.0
156509,2021-04-09,41.25,40.1,42.15,39.45,205279.0
156509,2021-06-09,81.1,71.45,81.1,69.65,2341455.0
156509,2021-06-10,85.1,81.8,89.2,81.1,1477863.0
156509,2021-10-07,82.95,81.9,86.95,79.0,765724.0
156509,2021-11-26,67.4,69.0,69.9,67.0,30204.0
156509,2022-02-10,86.15,84.5,86.75,84.0,112690.0
156509,2022-03-14,81.4,81.95,83.75,80.55,117933.0
156509,2022-03-16,80.95,80.85,83.0,80.5,68785.0
156509,2022-03-25,82.45,86.75,86.9,80.65,97544.0
156509,2021-01-01,46.5,45.7,47.1,44.1,101565.0
156509,2021-01-13,43.0,44.25,44.25,42.5,57946.0
156509,2021-01-14,42.65,44.15,44.15,42.15,51681.0
156509,2021-02-15,39.0,38.05,39.15,37.2,174747.0
156509,2021-02-25,39.55,39.5,40.4,38.45,129236.0
156509,2021-04-13,39.0,40.8,40.8,38.1,28749.0
156509,2021-05-17,51.9,53.4,54.0,50.35,550714.0
156509,2021-06-23,77.0,79.0,80.35,76.1,104386.0
156509,2021-07-02,75.95,75.9,78.0,75.05,94524.0
156509,2021-07-28,76.8,80.1,80.1,75.45,100539.0
156509,2021-08-26,62.0,62.0,62.0,60.25,70433.0
156509,2021-08-31,65.95,68.35,69.7,64.85,158839.0
156509,2021-09-13,71.05,69.1,72.9,69.1,131589.0
156509,2021-10-29,78.3,77.6,81.0,73.25,308881.0
156509,2021-11-08,73.55,75.15,76.1,73.1,94845.0
156509,2021-12-13,76.15,76.0,76.35,74.8,185869.0
156509,2021-12-24,82.95,85.0,85.0,82.75,97845.0
156509,2021-12-31,93.4,94.5,96.35,92.6,338639.0
156509,2022-01-10,96.6,94.5,99.0,93.1,498246.0
156509,2022-02-24,70.6,73.1,75.45,70.05,167962.0
156509,2022-03-21,81.1,81.15,81.8,80.05,65504.0
156509,2022-05-26,71.8,72.5,74.0,70.1,65510.0
156509,2022-06-30,75.35,75.0,76.25,73.15,18871.0
156509,2022-08-03,73.2,74.85,74.95,72.5,64966.0
156509,2022-09-02,75.0,76.9,76.9,74.7,45530.0
156509,2022-09-26,73.65,74.9,74.9,72.55,58974.0
156509,2022-09-29,73.4,75.2,75.6,73.0,25138.0
156509,2022-10-12,74.25,75.85,75.85,73.85,29019.0
156509,2022-10-20,75.4,74.8,75.6,73.6,26478.0
156509,2022-11-18,86.45,89.0,91.4,85.1,346876.0
156509,2022-11-25,93.45,89.3,96.65,86.7,718972.0
156509,2022-12-19,88.75,90.05,91.4,86.75,236730.0
156509,2023-01-30,99.15,95.45,101.0,94.4,359357.0
156509,2023-01-31,102.75,100.0,103.35,96.5,229836.0
156509,2023-02-14,92.85,94.8,95.6,92.55,69100.0
156509,2023-03-17,83.0,86.0,86.4,82.1,75801.0
156509,2023-04-27,84.05,84.15,86.0,83.8,41676.0
156509,2023-05-23,99.35,90.95,103.0,90.0,3162733.0
156509,2023-06-05,98.4,99.4,100.95,98.1,141424.0
156509,2023-06-09,97.2,95.5,99.5,95.5,113644.0
156509,2023-07-12,88.45,89.3,91.0,88.1,210100.0
156509,2023-07-13,86.8,89.0,89.75,86.25,108401.0
156509,2023-07-18,87.15,90.15,90.15,84.1,279043.0
156509,2023-08-09,79.3,81.6,81.75,78.6,279009.0
156509,2022-04-06,92.85,89.0,94.9,89.0,335107.0
156509,2022-06-29,76.2,76.7,77.5,75.8,12143.0
156509,2022-07-11,75.15,74.65,75.5,74.35,22007.0
156509,2022-07-22,75.1,76.15,76.15,74.5,74590.0
156509,2022-08-04,72.45,72.8,73.65,72.0,48378.0
156509,2022-08-10,76.35,78.5,79.55,75.6,141728.0
156509,2022-08-22,74.9,75.2,76.15,74.0,73438.0
156509,2022-09-28,74.35,72.55,74.9,72.55,31772.0
156509,2022-09-30,73.25,73.4,78.05,72.1,220864.0
156509,2022-10-25,87.2,79.8,91.9,77.15,1321075.0
156509,2022-11-21,87.1,86.05,87.7,85.35,75949.0
156509,2022-11-22,87.4,87.9,89.9,87.1,107322.0
156509,2022-12-06,94.65,95.95,96.0,94.1,226832.0
156509,2022-12-16,89.95,92.0,94.25,89.0,170696.0
156509,2022-12-28,95.65,94.6,101.45,93.15,1102136.0
156509,2023-03-03,86.2,80.95,89.55,80.95,359310.0
156509,2023-04-10,84.2,86.95,87.1,83.7,53868.0
156509,2023-04-13,87.0,85.45,87.7,84.8,134338.0
156509,2023-05-24,98.15,101.3,101.8,96.05,324782.0
156509,2023-05-29,98.4,99.0,99.9,98.0,117139.0
156509,2023-05-31,102.9,99.9,105.0,99.45,510858.0
156509,2023-06-06,98.35,99.3,100.1,97.8,86691.0
156509,2023-07-07,90.2,93.45,94.6,88.7,255430.0
156509,2023-08-02,86.95,85.95,87.55,84.0,412907.0
156509,2023-08-22,80.2,79.95,80.9,79.25,73205.0
156509,2021-01-25,40.6,40.75,41.6,40.2,41327.0
156509,2021-03-09,39.8,41.3,41.3,39.5,100746.0
156509,2021-07-14,78.9,81.95,81.95,78.6,134701.0
156509,2021-07-27,78.95,81.4,81.45,77.3,101933.0
156509,2021-08-02,80.05,82.5,84.0,78.25,430589.0
156509,2021-09-06,70.9,73.2,73.6,70.55,181503.0
156509,2021-10-05,81.5,80.65,83.65,79.45,291219.0
156509,2021-10-06,78.8,82.65,83.0,77.6,142156.0
156509,2021-10-14,78.05,80.7,81.2,77.0,133310.0
156509,2021-10-27,73.75,71.85,75.6,71.85,109673.0
156509,2022-02-22,77.05,76.05,78.6,76.05,121853.0
156509,2022-03-10,80.0,81.05,82.2,78.2,220133.0
156509,2022-03-23,86.15,86.0,88.4,84.35,237042.0
156509,2022-05-17,76.8,74.8,77.55,74.8,95921.0
156509,2022-05-23,75.6,75.85,77.0,74.35,50512.0
156509,2022-07-13,74.9,76.8,76.9,74.7,20669.0
156509,2022-07-27,75.2,75.95,75.95,74.2,51431.0
156509,2022-08-25,76.05,75.45,78.0,74.55,135169.0
156509,2022-09-08,78.9,76.7,80.2,76.6,159940.0
156509,2022-09-12,80.6,82.25,82.75,80.15,74869.0
156509,2022-09-20,74.7,77.5,77.6,74.0,130540.0
156509,2022-09-27,74.25,72.6,75.3,72.55,50093.0
156509,2022-10-10,74.9,75.0,76.45,74.15,31709.0
156509,2022-10-24,78.7,78.0,79.9,76.25,121406.0
156509,2022-10-31,83.35,85.15,87.3,80.75,153030.0
156509,2022-11-11,85.05,83.0,89.7,82.4,387996.0
156509,2022-11-23,87.6,88.7,88.7,86.15,55611.0
156509,2022-11-24,88.0,87.6,89.8,87.55,215804.0
156509,2022-12-09,92.55,94.75,96.75,91.75,157182.0
156509,2023-02-03,95.5,94.7,97.0,89.55,306682.0
156509,2023-02-10,96.7,98.95,98.95,95.7,97906.0
156509,2023-03-28,81.55,84.0,84.75,81.2,159280.0
156509,2023-03-29,82.5,80.85,84.05,80.1,301044.0
156509,2023-05-05,84.95,86.5,86.9,84.55,45942.0
156509,2023-05-10,84.1,84.6,85.45,82.75,87430.0
156509,2023-05-15,84.9,85.0,85.2,84.0,50638.0
156509,2023-05-26,98.1,99.75,99.75,97.7,109185.0
156509,2023-06-26,95.2,95.9,96.75,94.25,60095.0
156509,2023-07-11,88.0,88.55,90.8,87.8,200809.0
156509,2023-07-24,87.8,87.4,89.8,87.15,106109.0
156509,2023-08-03,86.85,86.45,88.75,86.15,247399.0
156509,2023-08-04,84.8,87.25,88.2,84.25,171859.0
156509,2023-08-10,79.1,79.75,80.5,78.1,194627.0
156509,2023-08-23,80.2,80.1,81.1,79.65,16178.0
156509,2021-02-11,38.85,39.7,40.4,38.7,110200.0
156509,2021-03-15,38.6,39.8,39.8,38.5,32606.0
156509,2021-03-31,37.65,38.95,39.65,37.4,60903.0
156509,2021-05-05,39.4,39.1,40.65,39.0,88665.0
156509,2021-05-10,41.55,39.75,42.0,39.75,226635.0
156509,2021-05-12,47.5,50.0,50.85,45.7,1088355.0
156509,2021-06-22,78.3,81.0,84.35,77.1,317865.0
156509,2021-07-07,75.6,75.0,76.0,74.7,70270.0
156509,2021-08-12,67.55,66.0,68.5,65.0,581723.0
156509,2021-08-13,64.95,68.15,68.3,64.5,304546.0
156509,2021-09-03,70.95,72.9,74.8,69.3,109404.0
156509,2021-09-16,75.65,71.5,75.65,71.5,247183.0
156509,2021-09-21,74.15,76.7,76.7,70.9,218863.0
156509,2021-11-25,68.9,69.4,69.85,68.5,12328.0
156509,2021-12-07,71.0,69.95,71.5,67.9,66572.0
156509,2021-12-09,73.9,71.0,75.0,68.75,136369.0
156509,2022-02-07,87.05,88.5,90.5,85.45,184953.0
156509,2022-02-08,85.05,88.35,88.5,84.0,143996.0
156509,2022-03-29,81.75,81.0,84.3,81.0,99215.0
156509,2022-03-31,81.05,83.55,83.7,80.65,62235.0
156509,2022-04-13,92.2,92.95,94.0,91.8,86874.0
156509,2022-04-19,88.45,91.4,93.5,87.0,156290.0
156509,2022-06-16,73.05,74.5,74.7,70.2,61962.0
156509,2022-08-30,76.25,77.45,77.45,75.5,49043.0
156509,2022-09-05,76.3,74.6,77.9,74.6,63564.0
156509,2022-09-09,81.5,79.7,82.9,78.5,161858.0
156509,2022-10-19,74.8,74.2,75.5,73.1,40481.0
156509,2022-11-30,94.9,97.95,99.0,94.5,247443.0
156509,2022-12-08,94.75,93.25,97.3,93.25,235531.0
156509,2022-12-26,90.5,86.0,91.35,86.0,257402.0
156509,2023-01-04,101.55,104.95,105.5,101.2,324422.0
156509,2023-02-09,96.45,96.55,100.45,95.1,211680.0
156509,2023-02-24,87.5,88.0,90.3,87.1,79372.0
156509,2023-03-01,84.35,84.95,85.7,84.1,29650.0
156509,2023-04-05,84.1,83.95,84.6,83.6,64324.0
156509,2023-04-20,85.4,86.4,86.4,84.35,16288.0
156509,2023-05-25,98.3,96.6,99.8,96.6,157599.0
156509,2023-05-30,99.1,98.7,99.5,98.45,85929.0
156509,2023-06-02,98.3,102.3,102.3,97.3,174799.0
156509,2023-07-04,95.8,97.75,97.75,94.75,132745.0
156509,2021-01-12,43.6,42.5,44.55,42.0,88254.0
156509,2021-01-27,40.05,41.45,41.9,39.8,44735.0
156509,2021-02-26,38.45,39.4,39.4,37.75,119262.0
156509,2021-04-05,39.35,38.2,39.55,38.0,70202.0
156509,2021-04-06,39.65,39.8,39.9,38.8,35605.0
156509,2021-04-30,37.8,37.55,38.0,37.0,44749.0
156509,2021-06-01,52.15,54.7,55.0,51.9,309004.0
156509,2021-06-02,53.95,52.8,54.5,52.3,210577.0
156509,2021-06-28,78.1,76.1,79.8,73.7,201939.0
156509,2021-08-09,73.95,78.1,79.6,72.9,172318.0
156509,2021-01-04,45.05,46.5,47.5,44.15,194590.0
156509,2021-02-19,38.75,38.9,39.5,37.45,128597.0
156509,2021-04-08,40.1,40.0,40.8,39.75,42465.0
156509,2021-04-23,37.7,37.5,38.5,37.4,41548.0
156509,2021-05-24,50.5,50.95,51.65,49.6,164363.0
156509,2021-05-25,51.25,50.9,51.7,50.9,122579.0
156509,2021-02-03,42.1,41.4,42.5,41.05,58224.0
156509,2021-02-09,40.2,40.95,40.95,39.8,43278.0
156509,2021-02-10,40.3,40.2,40.7,39.55,41694.0
156509,2021-02-12,37.95,39.65,40.0,37.55,146929.0
156509,2021-02-16,38.0,39.0,39.0,37.1,120720.0
156509,2021-05-19,51.35,49.5,52.45,48.4,328338.0
156509,2021-05-27,58.5,57.2,61.25,56.0,1865935.0
156509,2021-05-26,55.55,53.8,57.0,52.95,1174907.0
156509,2021-05-31,54.25,58.25,58.75,54.0,521110.0
156509,2021-06-18,72.25,75.05,76.4,69.9,254464.0
156509,2021-07-19,77.75,78.5,79.2,77.0,89684.0
156509,2021-08-06,77.95,78.0,80.0,77.0,196356.0
156509,2021-09-08,69.95,69.05,70.9,67.2,65105.0
156509,2021-09-17,75.05,76.9,78.0,72.85,153971.0
156509,2021-09-28,78.35,77.8,79.2,74.75,216919.0
156509,2021-09-29,78.05,78.0,79.15,75.55,103097.0
156509,2021-10-13,79.55,79.2,80.9,78.6,138378.0
156509,2021-11-03,75.15,79.0,79.0,74.4,74897.0
156509,2021-11-30,67.75,65.0,68.55,65.0,58100.0
156509,2021-12-03,68.05,68.0,69.95,67.9,12731.0
156509,2022-01-12,94.25,96.75,97.15,93.3,187258.0
156509,2022-02-25,74.8,77.0,77.0,73.7,97258.0
156509,2022-03-08,75.6,75.1,77.8,74.1,279833.0
156509,2022-03-15,80.55,81.05,83.0,80.0,47349.0
156509,2022-04-08,91.85,90.4,92.0,88.95,94090.0
156509,2022-04-27,90.75,91.85,92.25,89.0,114572.0
156509,2022-05-02,86.2,89.0,89.3,85.95,145104.0
156509,2022-05-06,84.7,87.9,87.9,83.1,53687.0
156509,2022-06-02,79.0,77.9,79.3,77.9,37385.0
156509,2022-06-17,73.75,73.5,74.6,71.2,47388.0
156509,2022-06-22,74.3,75.1,75.25,73.65,13166.0
156509,2022-07-14,74.5,76.0,76.0,73.5,41939.0
156509,2022-07-26,75.4,75.5,75.95,74.7,22237.0
156509,2022-08-18,74.7,76.65,76.65,74.5,70663.0
156509,2022-09-16,77.85,80.4,80.5,77.3,44451.0
156509,2022-11-02,82.0,81.4,85.0,81.2,136826.0
156509,2022-11-17,88.4,83.55,89.9,83.55,469670.0
156509,2023-01-19,102.75,101.1,103.8,101.0,160951.0
156509,2023-03-21,84.8,80.75,85.5,80.65,289403.0
156509,2023-04-18,85.6,87.4,87.4,85.5,42877.0
156509,2023-07-10,87.65,90.0,90.8,86.75,226363.0
156509,2023-08-08,81.2,82.5,82.7,80.8,228789.0
156509,2023-08-18,79.8,81.5,82.5,79.5,120717.0
156509,2021-08-20,56.75,59.0,59.0,56.0,151349.0
156509,2021-09-09,70.5,72.0,72.0,69.65,102057.0
156509,2021-09-22,75.2,73.0,76.0,73.0,96759.0
156509,2021-09-27,76.75,75.05,78.0,74.65,131681.0
156509,2021-10-04,79.7,79.25,82.0,79.25,139242.0
156509,2022-02-04,89.15,91.4,91.9,88.2,134497.0
156509,2022-03-03,77.0,75.4,78.25,75.4,162879.0
156509,2022-03-28,81.1,82.4,84.0,80.65,62928.0
156509,2022-04-22,96.8,89.1,98.9,88.65,1375087.0
156509,2022-06-21,74.4,72.5,75.45,72.5,29689.0
156509,2022-07-25,74.65,74.5,75.1,74.0,30370.0
156509,2022-10-18,73.8,74.8,74.8,73.3,24132.0
156509,2022-11-03,84.1,81.25,84.45,81.25,74593.0
156509,2022-11-07,84.95,85.0,85.85,83.5,75556.0
156509,2022-11-15,82.95,84.55,84.55,82.65,37036.0
156509,2022-11-29,97.5,98.4,102.0,96.85,594319.0
156509,2023-01-13,104.55,106.3,110.5,103.5,1829278.0
156509,2023-02-01,95.35,100.0,101.0,94.5,339282.0
156509,2023-02-07,96.3,99.0,100.15,95.3,293397.0
156509,2023-03-06,88.7,86.95,89.5,85.65,108084.0
156509,2023-05-03,86.35,85.5,89.75,83.9,122732.0
156509,2023-05-08,85.0,86.8,87.85,84.2,86513.0
156509,2023-07-25,86.9,88.5,88.5,86.0,67748.0
156509,2021-01-07,44.1,45.9,45.9,43.5,101209.0
156509,2021-01-19,41.55,42.5,42.5,41.5,51144.0
156509,2021-02-22,39.15,39.0,39.5,38.4,120481.0
156509,2021-03-01,41.0,38.95,41.6,38.65,341436.0
156509,2021-03-04,40.1,40.0,40.7,39.6,43754.0
156509,2021-04-16,38.55,39.7,40.05,38.3,34424.0
156509,2021-04-20,37.45,38.75,38.85,37.05,20972.0
156509,2021-05-07,39.75,40.5,41.0,39.4,162664.0
156509,2021-07-08,74.8,76.7,79.55,74.05,246844.0
156509,2021-07-26,80.15,78.0,81.75,77.5,200492.0
156509,2021-08-23,54.35,58.8,59.9,52.4,125971.0
156509,2021-08-30,68.25,64.4,68.35,62.0,301369.0
156509,2021-09-01,69.1,68.0,69.2,65.15,236671.0
156509,2021-09-07,70.35,71.0,71.7,67.7,192474.0
156509,2021-10-20,74.2,76.05,77.95,73.6,122663.0
156509,2021-11-15,66.95,71.3,71.3,66.0,182719.0
156509,2021-12-27,84.35,83.9,85.75,81.6,117968.0
156509,2022-01-11,96.2,97.4,97.4,95.0,224897.0
156509,2022-02-18,81.5,81.05,82.45,81.0,42164.0
156509,2022-02-21,79.3,80.1,82.2,78.8,76192.0
156509,2022-03-02,75.4,76.0,76.8,72.6,119023.0
156509,2022-04-25,93.35,96.5,98.15,92.8,298506.0
156509,2022-06-03,79.0,79.8,81.0,78.15,47037.0
156509,2022-06-23,73.55,74.5,75.25,72.75,21931.0
156509,2022-07-28,77.75,75.25,79.9,75.0,227769.0
156509,2022-09-22,75.35,74.05,75.85,74.05,39872.0
156509,2022-10-21,74.45,76.0,76.0,73.0,65346.0
156509,2022-12-05,95.25,95.4,97.9,93.05,252710.0
156509,2022-12-21,86.05,91.25,92.95,85.5,190609.0
156509,2022-12-22,85.6,87.0,88.75,81.5,250705.0
156509,2023-01-02,104.9,105.65,110.65,104.3,1917495.0
156509,2023-01-03,104.95,105.7,106.5,102.5,658987.0
156509,2023-02-06,97.6,94.55,100.15,93.3,221807.0
156509,2023-02-23,87.9,91.25,91.6,87.15,129264.0
156509,2023-03-09,87.5,88.0,89.0,85.4,95866.0
156509,2023-03-10,85.3,87.05,87.4,84.15,52552.0
156509,2023-04-19,85.55,85.75,86.6,85.35,25103.0
156509,2023-06-08,95.2,97.1,98.85,93.75,96803.0
156509,2023-06-22,95.3,95.95,96.5,94.0,72528.0
156509,2023-06-27,94.9,95.2,95.9,94.5,89803.0
156509,2023-07-03,97.0,95.3,100.5,95.3,303154.0
156509,2021-06-29,76.7,79.4,79.75,76.1,94535.0
156509,2021-07-22,78.25,78.5,79.9,77.3,161751.0
156509,2021-08-17,61.9,64.1,64.6,61.15,114757.0
156509,2021-09-24,76.15,75.9,77.8,73.6,261009.0
156509,2021-10-08,80.55,84.4,84.55,80.0,161726.0
156509,2021-10-28,73.25,75.95,78.5,72.1,154859.0
156509,2021-11-18,66.85,68.45,68.45,64.7,98410.0
156509,2021-12-06,68.3,69.0,69.8,66.25,57662.0
156509,2022-01-03,97.65,94.25,102.7,94.1,864391.0
156509,2022-01-27,93.05,94.0,95.0,91.2,189131.0
156509,2022-03-09,81.05,75.5,84.0,74.85,426619.0
156509,2022-04-07,89.25,92.85,93.45,88.05,204269.0
156509,2022-05-13,75.1,79.8,82.4,74.2,121408.0
156509,2022-06-14,72.4,73.0,74.9,72.1,32683.0
156509,2022-07-01,74.9,73.65,75.9,73.65,10739.0
156509,2022-07-15,74.0,74.05,75.0,73.7,11053.0
156509,2022-07-19,74.3,74.0,74.95,73.5,20656.0
156509,2022-08-29,75.95,74.0,77.85,73.85,66330.0
156509,2022-09-19,75.95,77.1,79.0,75.1,47503.0
156509,2022-10-04,74.2,74.85,75.1,73.95,28421.0
156509,2022-10-28,84.2,84.55,86.0,84.05,123228.0
156509,2022-11-28,98.25,94.25,99.9,93.25,960694.0
156509,2022-12-13,94.2,96.6,96.6,93.4,52944.0
156509,2023-02-21,92.8,94.7,95.25,92.55,63479.0
156509,2023-02-27,84.15,86.2,87.0,83.1,161723.0
156509,2023-04-03,83.3,82.35,83.65,81.75,46112.0
156509,2023-04-17,86.4,88.25,88.25,85.75,37153.0
156509,2023-04-28,84.5,84.3,85.0,83.1,49687.0
156509,2023-05-09,85.2,86.0,86.8,84.8,44354.0
156509,2023-06-12,97.8,98.15,99.45,96.3,136555.0
156509,2023-06-14,96.95,98.25,98.25,96.0,134260.0
156509,2023-06-28,94.55,95.25,96.5,94.0,111272.0
156509,2023-07-14,88.0,87.8,88.5,87.0,78145.0
156509,2023-07-28,83.25,87.95,87.95,82.3,841064.0
156509,2021-01-06,44.35,45.8,47.5,44.0,107892.0
156509,2021-01-18,41.95,42.75,43.65,41.55,47254.0
156509,2021-03-08,40.0,39.1,41.65,39.1,177528.0
156509,2021-03-25,37.5,37.9,37.95,37.1,58459.0
156509,2021-04-01,39.3,38.0,39.5,37.05,84318.0
156509,2021-05-04,39.65,40.0,41.1,39.2,135344.0
156509,2021-06-08,73.75,70.8,74.4,69.05,1540274.0
156509,2021-06-30,75.2,77.9,77.9,74.55,84120.0
156509,2021-08-16,63.4,65.8,65.8,61.05,279279.0
156509,2021-09-14,71.95,71.8,72.4,70.65,65689.0
156509,2021-10-22,71.5,73.0,74.9,69.65,134948.0
156509,2021-11-04,75.15,75.15,76.15,74.6,25067.0
156509,2021-12-01,67.95,66.8,69.55,66.8,32705.0
156509,2021-12-02,68.5,69.35,69.35,67.65,34866.0
156509,2021-12-08,71.3,71.6,72.0,70.35,56318.0
156509,2022-01-18,95.15,103.0,104.4,94.05,588462.0
156509,2022-01-24,91.25,99.0,99.0,88.6,269824.0
156509,2022-02-11,87.15,85.9,89.0,84.3,213157.0
156509,2022-05-19,75.25,73.05,78.0,70.4,85186.0
156509,2022-06-06,80.6,80.0,82.5,77.5,88940.0
156509,2022-06-13,73.65,76.6,79.5,73.0,64085.0
156509,2022-06-15,73.1,74.0,74.5,72.55,15284.0
156509,2022-07-07,74.25,76.0,76.85,73.4,65436.0
156509,2022-09-13,80.45,82.0,83.0,79.85,68685.0
156509,2022-10-07,75.45,77.8,77.8,74.55,33521.0
156509,2022-10-11,74.85,75.5,75.75,73.7,77631.0
156509,2022-11-09,84.35,86.0,86.0,83.25,100298.0
156509,2022-11-16,83.55,82.6,85.0,82.6,81268.0
156509,2022-12-20,91.25,89.4,92.25,87.85,106647.0
156509,2022-12-29,102.25,96.85,108.35,96.5,6765892.0
156509,2023-01-10,99.95,98.55,101.3,97.6,343834.0
156509,2023-02-08,96.7,97.25,97.4,95.05,105471.0
156509,2023-02-20,93.95,96.95,97.45,93.3,108390.0
156509,2023-04-11,86.4,84.2,87.95,84.2,174282.0
156509,2023-06-13,97.25,98.55,100.1,96.15,146723.0
156509,2023-06-15,96.0,96.5,97.6,95.8,113141.0
156509,2023-06-16,95.0,96.95,97.85,94.15,139042.0
156509,2023-07-05,94.6,96.25,97.0,94.5,262067.0
156509,2023-07-31,81.45,83.45,84.0,81.0,383696.0
156509,2023-08-21,79.3,79.8,80.3,78.95,131391.0
156509,2021-01-29,40.2,41.4,41.4,39.55,53258.0
156509,2021-02-08,40.35,41.4,41.4,40.0,107829.0
156509,2021-02-18,37.8,39.05,39.05,37.2,62649.0
156509,2021-02-24,38.9,39.15,39.9,37.05,25530.0
156509,2021-03-16,38.7,38.9,39.45,38.4,21045.0
156509,2021-06-07,69.85,63.5,73.4,63.0,2789072.0
156509,2021-06-21,79.4,72.0,79.45,68.1,514148.0
156509,2021-06-24,76.9,77.5,80.0,75.5,135462.0
156509,2021-07-16,79.15,80.5,81.65,77.0,189457.0
156509,2021-07-23,77.4,78.5,78.75,77.25,53607.0
156509,2021-07-29,77.4,76.75,80.0,76.5,98469.0
156509,2021-10-12,77.9,79.25,79.85,75.8,179684.0
156509,2021-11-02,77.85,76.5,78.2,76.15,190743.0
156509,2021-02-23,38.95,38.5,39.2,38.3,40280.0
156509,2021-03-03,39.85,41.5,41.5,39.3,126913.0
156509,2021-03-17,38.4,38.6,39.4,38.0,57715.0
156509,2021-03-24,37.85,37.85,38.35,36.6,53881.0
156509,2021-04-29,37.55,37.95,37.95,37.2,60584.0
156509,2021-06-15,78.0,80.0,81.7,77.5,187158.0
156509,2021-07-01,74.5,76.3,77.0,72.3,83785.0
156509,2021-07-06,74.95,76.0,77.95,74.4,119045.0
156509,2021-07-15,80.75,80.0,83.55,79.8,294368.0
156509,2021-08-10,70.8,73.05,73.9,70.0,278407.0
156509,2021-08-18,59.2,63.9,63.9,58.85,165746.0
156509,2021-10-26,72.6,70.65,74.0,70.65,108929.0
156509,2021-11-24,68.55,69.45,70.15,68.15,44969.0
156509,2021-11-29,67.0,67.0,67.4,62.45,109372.0
156509,2021-12-22,86.0,84.25,89.6,83.75,476570.0
156509,2022-01-05,93.85,95.0,95.4,92.55,195942.0
156509,2022-01-06,92.0,92.8,95.2,91.1,193095.0
156509,2022-01-14,96.4,96.0,98.5,94.35,268330.0
156509,2022-01-19,94.95,95.85,96.45,94.15,179761.0
156509,2022-01-20,97.45,95.5,100.75,94.65,461013.0
156509,2022-02-14,82.9,85.0,85.4,82.3,154882.0
156509,2022-02-28,74.8,77.0,77.5,72.0,108783.0
156509,2022-04-18,90.2,92.0,92.2,89.4,75160.0
156509,2021-12-14,81.1,76.8,82.7,76.0,668906.0
156509,2021-12-17,83.15,86.9,89.5,82.0,272838.0
156509,2021-12-29,99.2,87.45,101.8,86.25,3687789.0
156509,2022-01-04,94.85,98.7,98.95,94.3,282583.0
156509,2022-02-03,90.85,92.7,92.7,89.4,120485.0
156509,2022-04-04,88.4,85.55,90.0,85.55,365926.0
156509,2022-04-11,91.55,93.75,94.6,90.85,137902.0
156509,2022-04-29,88.0,92.7,92.7,87.4,117712.0
156509,2022-05-11,76.25,80.1,80.15,74.3,124598.0
156509,2022-05-24,74.5,74.6,77.0,73.2,38346.0
156509,2022-05-27,73.25,72.9,75.0,72.55,45331.0
156509,2022-06-27,76.3,75.45,77.5,74.4,33760.0
156509,2022-08-02,73.2,73.8,73.85,72.0,155670.0
156509,2022-08-12,74.95,75.4,76.15,73.65,124407.0
156509,2022-09-23,74.55,75.85,76.15,74.1,50823.0
156509,2022-10-13,75.2,75.0,75.5,74.1,37469.0
156509,2022-11-04,83.75,84.95,85.9,83.0,71346.0
156509,2022-11-10,82.15,85.2,85.2,81.6,101286.0
156509,2022-11-14,83.7,85.5,85.65,83.3,94057.0
156509,2022-12-02,95.4,95.0,98.0,94.15,511262.0
156509,2022-12-14,93.5,95.1,95.1,92.95,62412.0
156509,2022-12-23,85.8,85.6,87.2,83.3,346687.0
156509,2023-01-18,102.2,104.0,105.3,101.55,177744.0
156509,2023-02-02,93.55,94.0,95.0,93.1,144006.0
156509,2023-02-13,94.75,97.45,97.45,94.15,88775.0
156509,2023-03-02,82.6,85.05,85.75,79.0,153214.0
156509,2023-03-16,85.25,84.3,86.8,83.2,276695.0
156509,2023-06-23,94.7,96.0,96.0,94.05,37150.0
156509,2023-07-06,93.4,95.5,95.55,93.0,282369.0
156509,2023-07-20,88.1,88.75,89.3,87.65,70675.0
156509,2023-08-01,85.5,82.3,85.85,81.9,390405.0
156509,2023-08-14,80.2,82.0,82.1,79.8,90592.0
156509,2022-04-28,91.4,91.5,94.0,90.3,110929.0
156509,2022-05-09,82.15,85.0,85.0,80.4,83934.0
156509,2022-05-10,78.9,82.9,84.0,78.1,143241.0
156509,2022-05-20,74.4,76.95,78.95,72.8,88771.0
156509,2022-06-07,79.15,79.9,81.8,78.1,53058.0
156509,2022-07-08,74.65,75.25,75.5,74.1,44194.0
156509,2022-07-12,76.0,76.3,77.0,75.0,25998.0
156509,2022-08-11,75.25,77.3,79.5,75.0,64349.0
156509,2023-01-09,98.55,98.75,102.0,97.05,335878.0
156509,2023-01-11,100.95,100.05,101.75,99.45,188037.0
156509,2023-01-16,105.85,104.95,107.4,103.0,487962.0
156509,2023-01-23,103.25,103.45,108.8,102.6,555970.0
156509,2023-03-08,87.6,88.15,89.0,87.05,43997.0
156509,2023-03-13,81.35,84.45,85.9,81.0,110148.0
156509,2023-03-22,82.9,86.0,86.4,82.2,165776.0
156509,2023-04-26,84.15,86.0,86.0,83.8,39913.0
156509,2023-05-17,84.7,85.7,85.7,84.3,44621.0
156509,2023-06-07,97.0,99.95,99.95,96.5,119288.0
156509,2023-08-11,81.9,79.75,82.5,79.25,266300.0
