stockid,date,close,open,high,low,volume
166782,2021-01-05,111.95,113.95,114.95,111.2,2435884.0
166782,2021-01-21,113.75,115.7,116.35,112.1,814879.0
166782,2021-02-09,119.95,119.95,121.35,118.55,1831871.0
166782,2021-01-01,108.7,109.0,109.4,107.8,884646.0
166782,2021-01-19,116.35,115.9,117.0,115.0,1103139.0
166782,2021-01-28,110.55,111.65,111.65,109.25,631708.0
166782,2021-02-26,126.3,126.0,127.9,124.6,1641092.0
166782,2021-02-11,119.95,120.4,121.0,119.6,1259391.0
166782,2021-02-12,115.65,117.4,117.4,115.25,1591661.0
166782,2021-01-04,112.35,109.95,112.7,109.85,2130421.0
166782,2021-02-02,112.95,112.7,114.0,112.1,725312.0
166782,2021-02-10,119.9,120.4,120.9,119.5,920887.0
166782,2021-02-23,125.6,124.75,128.55,123.75,6217126.0
166782,2021-01-11,114.8,114.4,115.4,113.1,1413178.0
166782,2021-01-12,115.1,114.5,116.0,113.6,1262442.0
166782,2021-02-08,118.05,119.95,120.0,117.5,1205908.0
166782,2021-03-15,131.35,133.8,133.8,130.15,834320.0
166782,2021-01-29,111.35,111.7,112.7,110.8,556631.0
166782,2021-02-18,121.8,120.5,124.7,120.15,5643093.0
166782,2021-03-05,127.3,129.05,131.75,126.05,3884928.0
166782,2021-01-25,110.5,112.0,112.5,108.55,833331.0
166782,2021-03-03,127.9,128.45,129.0,126.3,1398850.0
166782,2021-03-09,129.55,131.7,132.9,129.1,2181931.0
166782,2021-01-15,117.5,117.35,118.35,115.3,1624922.0
166782,2021-03-08,131.0,130.8,133.7,130.0,4345839.0
166782,2021-01-13,116.95,116.5,119.4,115.35,2942908.0
166782,2021-01-22,111.5,113.75,116.4,110.05,2714326.0
166782,2021-02-19,123.35,124.7,126.9,120.6,4162848.0
166782,2021-03-02,127.55,127.8,129.7,126.7,2210306.0
166782,2021-03-04,127.3,127.4,128.8,127.0,799011.0
166782,2021-01-20,116.2,116.7,117.0,115.35,523778.0
166782,2021-02-17,119.55,118.05,120.3,118.05,2960083.0
166782,2021-01-07,112.8,114.5,115.0,112.55,1302828.0
166782,2021-01-27,111.85,109.45,112.8,109.35,994278.0
166782,2021-02-16,118.25,117.65,118.9,116.7,1489380.0
166782,2021-02-22,124.3,124.9,125.55,122.35,2323984.0
166782,2021-03-12,131.9,133.8,133.8,130.6,1267052.0
166782,2021-01-06,113.0,114.9,115.9,112.3,3071778.0
166782,2021-01-14,117.15,117.5,118.2,115.65,817413.0
166782,2021-02-01,112.1,111.9,112.6,110.6,801166.0
166782,2021-02-03,114.0,115.0,115.9,113.0,1483467.0
166782,2021-02-24,124.6,125.6,128.0,122.95,1165118.0
166782,2021-02-25,127.8,127.0,129.55,126.0,3900737.0
166782,2021-02-15,116.05,116.9,117.0,115.65,778895.0
166782,2021-03-01,127.25,127.3,128.15,125.6,1435981.0
166782,2021-03-10,132.05,129.85,132.9,129.4,1361424.0
166782,2021-01-08,113.55,113.9,114.0,112.8,1319269.0
166782,2021-01-18,114.8,117.65,117.85,110.5,1794475.0
166782,2021-02-04,118.15,114.9,118.45,114.5,2013843.0
166782,2021-02-05,117.05,119.9,122.05,116.1,2193844.0
166782,2021-05-19,134.55,135.0,136.4,133.25,944211.0
166782,2021-05-28,132.95,132.95,135.0,131.65,969434.0
166782,2021-08-11,163.5,161.9,164.95,159.8,635621.0
166782,2021-09-07,180.45,177.0,181.0,176.55,671726.0
166782,2021-09-13,193.35,196.8,197.6,190.0,1146862.0
166782,2021-10-12,234.95,239.4,240.55,234.45,1000681.0
166782,2021-10-28,218.25,217.05,223.75,215.0,1162716.0
166782,2021-12-07,213.3,217.35,217.45,212.5,320326.0
166782,2021-12-23,180.1,183.9,183.95,177.75,649968.0
166782,2021-12-29,185.0,187.0,191.4,183.2,1300470.0
166782,2022-02-16,231.05,225.0,232.9,225.0,2293542.0
166782,2022-02-24,218.75,220.5,226.4,215.4,3605130.0
166782,2022-03-04,244.65,251.0,257.7,241.7,3855431.0
166782,2022-03-07,249.2,251.0,257.4,245.3,6788037.0
166782,2022-04-04,237.15,238.85,244.4,236.25,1077414.0
166782,2022-04-06,237.25,238.4,241.9,236.4,1118406.0
166782,2022-05-27,218.0,231.3,231.5,215.55,1096426.0
166782,2022-06-08,280.05,280.0,286.9,277.3,8803406.0
166782,2022-06-09,297.3,282.25,306.0,282.05,28835734.0
166782,2022-06-13,284.65,297.5,297.5,281.5,4168178.0
166782,2022-08-08,197.95,194.0,201.0,190.8,3164450.0
166782,2022-09-06,193.65,195.35,197.3,193.25,1558539.0
166782,2022-10-25,187.35,192.05,192.9,186.55,1129298.0
166782,2022-11-01,192.55,192.05,194.2,191.75,586903.0
166782,2022-12-28,209.65,210.0,211.45,208.45,322768.0
166782,2023-02-08,231.75,226.15,233.35,226.1,1391969.0
166782,2023-02-09,229.1,231.7,234.35,227.05,1165964.0
166782,2023-02-15,247.9,254.0,254.15,246.1,3842795.0
166782,2023-03-01,258.45,247.0,260.0,246.45,2831230.0
166782,2023-03-23,256.85,250.55,258.0,248.6,1195521.0
166782,2023-05-09,254.05,258.3,259.6,253.45,1366438.0
166782,2023-05-18,268.0,268.0,274.0,266.1,2982903.0
166782,2023-05-19,268.9,269.45,274.05,266.55,1510079.0
166782,2023-06-13,255.2,255.6,257.4,253.25,1313146.0
166782,2021-03-26,118.15,116.95,119.5,116.1,1059562.0
166782,2021-04-05,122.35,122.5,124.0,120.65,798931.0
166782,2021-04-08,122.2,124.45,124.95,121.1,424219.0
166782,2021-04-26,116.05,116.5,117.15,115.35,402760.0
166782,2021-05-04,121.05,121.0,122.4,120.35,483208.0
166782,2021-05-18,134.2,133.2,135.5,131.65,1697907.0
166782,2021-06-14,143.3,143.15,143.95,141.25,806560.0
166782,2021-06-28,162.05,158.45,164.0,157.1,2338205.0
166782,2021-07-28,162.7,160.2,163.8,158.55,451735.0
166782,2021-08-12,164.5,164.0,171.0,162.7,3331089.0
166782,2021-08-20,166.35,162.0,169.0,161.6,612149.0
166782,2021-09-01,179.5,181.8,181.8,178.1,754019.0
166782,2021-09-24,217.0,216.3,219.45,214.65,1672423.0
166782,2021-10-08,239.75,246.85,248.95,239.1,1575282.0
166782,2022-01-04,196.95,199.0,202.5,194.95,1169971.0
166782,2022-01-24,217.3,222.0,226.5,215.65,1212933.0
166782,2022-02-11,229.2,228.0,233.4,227.0,1760936.0
166782,2022-03-11,235.8,235.95,238.25,234.25,1293487.0
166782,2022-04-25,232.95,235.0,238.9,230.05,1532811.0
166782,2022-05-20,239.4,241.0,241.5,236.7,851246.0
166782,2022-06-02,250.35,244.0,252.5,240.1,3293146.0
166782,2022-06-28,249.65,236.7,252.9,236.7,7691863.0
166782,2022-08-23,184.95,184.45,187.45,184.2,1448996.0
166782,2022-08-26,191.25,191.0,192.8,190.55,847845.0
166782,2022-09-01,192.45,190.0,192.9,188.65,1023881.0
166782,2022-10-17,184.5,183.7,187.5,181.8,1431016.0
166782,2022-11-04,193.75,193.85,196.4,193.5,729862.0
166782,2022-12-05,212.0,209.0,212.5,207.7,921322.0
166782,2023-01-06,208.8,210.45,211.5,208.05,437045.0
166782,2023-03-13,256.1,261.7,261.7,253.25,1085009.0
166782,2023-03-14,249.65,255.0,257.45,247.0,1292482.0
166782,2023-03-21,251.15,253.65,254.85,245.7,1644605.0
166782,2023-03-29,262.95,255.15,270.0,250.1,3821644.0
166782,2023-04-12,261.55,257.0,262.9,255.1,1602975.0
166782,2023-05-26,260.5,260.9,261.8,253.9,1881736.0
166782,2023-06-27,244.55,242.0,245.6,241.1,1414990.0
166782,2023-07-06,250.0,250.0,252.65,249.25,1060911.0
166782,2023-07-18,254.8,255.55,258.5,253.9,956323.0
166782,2023-08-09,276.55,270.0,279.4,261.55,2278017.0
166782,2023-08-11,278.3,278.0,279.65,277.5,605106.0
166782,2023-08-22,291.3,292.5,293.3,290.0,511618.0
166782,2021-03-23,118.1,118.8,119.5,117.65,643628.0
166782,2021-03-30,124.0,118.95,129.0,118.7,2883594.0
166782,2021-05-21,131.65,133.1,133.8,131.4,1022258.0
166782,2021-06-03,139.7,138.45,140.8,137.65,1537997.0
166782,2021-07-01,162.7,157.4,164.0,157.3,1137020.0
166782,2021-07-22,161.4,157.9,162.6,156.7,2192470.0
166782,2021-08-16,163.05,166.0,167.2,162.45,433731.0
166782,2021-08-25,176.05,172.0,177.0,171.45,1822116.0
166782,2021-09-08,189.65,181.0,191.0,181.0,3236901.0
166782,2021-09-16,211.5,208.5,213.3,208.5,1958389.0
166782,2021-10-14,235.2,230.0,243.0,229.95,2072136.0
166782,2021-10-19,233.5,236.0,238.95,232.4,701969.0
166782,2021-11-22,195.45,213.4,214.95,194.1,2008015.0
166782,2021-11-23,197.3,195.9,200.0,191.9,906746.0
166782,2021-11-30,211.65,203.25,214.1,203.15,1891970.0
166782,2021-12-02,218.75,214.0,219.9,211.75,1046171.0
166782,2021-12-03,215.95,218.0,220.0,214.2,613785.0
166782,2022-04-13,232.95,234.9,239.35,231.5,1603753.0
166782,2022-05-09,236.4,228.4,238.55,225.1,1688180.0
166782,2022-05-30,224.85,226.0,229.6,219.35,2008230.0
166782,2022-06-17,254.65,261.6,264.95,251.2,4213900.0
166782,2022-08-11,187.95,189.6,191.1,186.3,3096820.0
166782,2022-09-23,184.9,182.0,186.15,181.1,1583223.0
166782,2022-11-25,199.9,197.15,201.0,197.15,641782.0
166782,2023-01-09,211.75,209.75,213.75,209.3,993345.0
166782,2023-03-09,267.8,265.55,271.5,263.15,2349746.0
166782,2023-04-17,262.85,262.05,268.7,260.25,2047248.0
166782,2023-05-12,256.05,258.3,259.4,255.3,915524.0
166782,2023-05-22,264.35,266.2,268.4,263.1,939994.0
166782,2023-06-05,253.95,253.5,255.6,252.0,1673476.0
166782,2023-07-04,246.45,246.7,249.25,244.6,1513169.0
166782,2023-07-26,270.05,264.0,271.0,263.55,1505430.0
166782,2021-03-22,118.85,120.5,120.9,118.15,1108722.0
166782,2021-03-24,116.45,115.3,118.45,115.2,1048570.0
166782,2021-05-14,130.35,130.0,134.4,129.5,1932934.0
166782,2021-08-13,166.35,164.6,168.15,164.0,557567.0
166782,2021-09-21,208.9,198.9,210.85,198.3,3430744.0
166782,2021-10-05,242.95,244.4,251.95,242.05,4519649.0
166782,2021-11-01,225.35,219.0,227.85,219.0,970108.0
166782,2021-11-12,221.9,223.1,223.9,220.95,2027151.0
166782,2021-11-16,222.95,223.0,224.0,220.2,444852.0
166782,2021-12-21,183.2,173.7,187.4,172.4,1573431.0
166782,2021-12-24,176.85,181.0,182.05,176.15,460572.0
166782,2022-01-10,215.0,214.05,221.0,213.0,2385921.0
166782,2022-05-17,241.55,226.0,248.0,223.25,4887592.0
166782,2022-06-14,268.15,284.65,288.5,264.0,4037790.0
166782,2022-06-27,233.5,240.65,243.5,230.0,3038318.0
166782,2022-08-02,190.45,189.85,192.45,189.0,1411201.0
166782,2022-08-12,190.35,189.7,194.6,189.0,4029464.0
166782,2022-08-29,188.45,186.05,190.5,186.05,1351510.0
166782,2022-09-05,193.45,191.9,194.5,191.1,1111889.0
166782,2022-09-08,193.95,194.75,195.75,193.2,1049315.0
166782,2022-09-28,169.6,173.4,175.45,167.85,1850562.0
166782,2022-09-30,174.45,173.15,176.15,168.35,3333201.0
166782,2022-10-04,183.9,181.45,184.75,181.1,917526.0
166782,2022-10-07,188.05,185.5,189.6,185.5,1510021.0
166782,2022-10-21,193.3,193.25,194.95,192.1,835039.0
166782,2022-11-07,195.6,195.0,196.0,194.4,435850.0
166782,2023-01-04,207.9,209.0,211.2,206.8,707475.0
166782,2023-01-11,222.85,213.95,224.9,213.95,2945773.0
166782,2023-05-16,261.05,261.75,266.1,260.05,2574171.0
166782,2023-06-21,250.95,252.65,253.45,249.05,1611845.0
166782,2023-08-23,294.75,294.45,296.95,292.15,320078.0
166782,2021-04-06,122.7,122.55,123.95,122.25,589040.0
166782,2021-04-09,120.2,122.0,122.45,120.0,434844.0
166782,2021-04-19,116.8,117.0,117.85,115.1,840249.0
166782,2021-05-12,130.1,129.45,131.8,129.0,1753771.0
166782,2021-05-25,134.1,131.1,135.2,130.75,2313240.0
166782,2021-06-08,141.6,142.9,142.9,140.15,547286.0
166782,2021-06-15,149.0,145.5,150.85,144.5,3786471.0
166782,2021-07-07,172.85,173.95,174.0,171.5,726285.0
166782,2021-07-08,172.7,171.7,176.0,169.15,1444388.0
166782,2021-07-20,155.45,154.1,156.0,153.1,782452.0
166782,2021-07-23,161.1,161.5,163.6,160.7,799097.0
166782,2021-08-26,179.65,176.6,182.2,175.5,4703587.0
166782,2021-08-27,176.55,178.55,182.5,175.05,1026028.0
166782,2021-09-23,213.85,221.0,222.7,212.85,1711197.0
166782,2021-10-25,225.2,210.55,228.45,210.55,3508937.0
166782,2021-10-29,225.05,218.0,227.0,217.0,2424541.0
166782,2021-11-10,221.95,222.2,226.2,220.0,726050.0
166782,2021-11-11,216.65,219.4,224.95,216.1,1213208.0
166782,2021-11-17,220.0,220.6,224.2,218.2,578796.0
166782,2021-12-08,212.9,216.2,217.65,210.65,488122.0
166782,2022-02-02,233.5,234.0,237.5,231.1,521077.0
166782,2022-03-21,233.2,223.0,235.8,222.3,3645954.0
166782,2022-04-05,237.9,240.1,240.85,237.0,703644.0
166782,2022-04-28,229.45,231.9,236.9,228.0,1505189.0
166782,2022-04-29,228.45,232.4,234.75,227.1,1239173.0
166782,2022-05-04,221.8,221.0,225.5,221.0,1214667.0
166782,2022-05-05,226.85,225.9,231.0,224.3,1625095.0
166782,2022-05-11,220.5,214.7,224.2,210.75,1904619.0
166782,2022-05-18,238.7,242.75,245.6,234.5,2229839.0
166782,2022-07-20,197.45,197.5,203.0,196.0,7582750.0
166782,2022-09-02,190.75,192.05,193.5,190.2,1566457.0
166782,2022-09-29,175.7,172.95,176.5,170.3,2469924.0
166782,2022-10-03,180.2,181.8,182.3,178.1,2852245.0
166782,2022-11-10,195.8,195.0,198.6,195.0,1452436.0
166782,2022-11-16,204.85,202.45,205.85,202.15,1186995.0
166782,2022-11-17,202.4,203.9,204.9,201.55,995422.0
166782,2022-12-16,214.55,215.0,218.0,213.5,1784837.0
166782,2023-01-05,210.4,206.8,211.45,205.5,752732.0
166782,2023-01-27,239.1,235.9,242.7,226.0,953122.0
166782,2023-01-31,232.95,235.0,237.35,232.0,753939.0
166782,2023-02-22,248.7,245.9,251.65,242.55,2874767.0
166782,2023-03-02,257.55,258.8,259.5,252.95,1479720.0
166782,2023-04-10,257.95,256.45,259.55,251.55,1179776.0
166782,2023-04-11,255.2,259.0,260.75,254.55,1103965.0
166782,2023-04-26,259.4,253.6,260.0,253.55,1285849.0
166782,2023-05-23,269.45,265.95,270.5,262.1,844770.0
166782,2023-05-29,256.75,261.05,262.8,256.3,1002603.0
166782,2023-06-07,254.0,254.05,255.0,252.55,955430.0
166782,2023-07-10,254.85,254.0,256.95,253.35,881042.0
166782,2023-07-20,256.85,256.3,257.5,254.0,974290.0
166782,2021-03-18,127.45,129.9,130.8,122.5,1091102.0
166782,2021-03-31,122.8,124.8,126.7,121.5,1427442.0
166782,2021-04-16,118.8,118.6,120.4,118.25,1023065.0
166782,2021-04-23,115.95,115.85,116.95,115.1,384589.0
166782,2021-06-07,143.1,142.0,144.4,141.95,989448.0
166782,2021-06-10,140.6,141.45,142.85,139.4,780689.0
166782,2021-08-06,167.35,163.9,168.1,162.85,852728.0
166782,2021-08-17,166.9,162.9,167.75,160.9,1160400.0
166782,2021-08-18,163.55,168.0,170.1,161.3,857655.0
166782,2021-08-31,182.0,173.9,187.0,173.2,2025284.0
166782,2021-09-06,176.2,176.35,179.5,175.1,722566.0
166782,2021-09-09,194.9,189.0,198.85,187.2,3657307.0
166782,2021-09-14,198.4,194.4,200.7,194.35,1317149.0
166782,2021-09-20,195.15,199.7,203.85,193.3,1052258.0
166782,2021-10-13,229.7,235.1,235.5,229.0,1075013.0
166782,2021-10-22,209.45,221.0,222.0,207.7,1422076.0
166782,2021-11-09,221.75,223.45,229.0,219.35,1101940.0
166782,2022-02-08,230.05,230.15,234.75,221.55,969686.0
166782,2022-02-10,230.2,232.15,233.55,229.6,370009.0
166782,2022-02-22,220.5,221.75,225.25,216.15,1242203.0
166782,2022-02-23,220.5,222.9,225.45,217.7,576788.0
166782,2022-03-08,245.9,253.2,254.05,242.15,2396862.0
166782,2022-03-10,235.25,240.85,241.0,233.95,3384835.0
166782,2022-04-11,235.5,235.0,238.5,234.45,883385.0
166782,2022-04-19,240.35,238.0,251.0,236.55,5189690.0
166782,2022-06-21,230.3,232.0,234.9,224.15,4783059.0
166782,2022-06-29,261.6,248.0,263.45,244.15,10212551.0
166782,2022-07-12,183.45,185.0,189.8,181.25,2535524.0
166782,2022-07-29,190.0,187.0,191.0,186.05,2314762.0
166782,2022-08-01,193.85,189.9,194.5,188.3,1870569.0
166782,2022-08-10,186.9,197.6,199.0,185.65,3719019.0
166782,2022-08-24,190.9,187.0,192.4,186.5,2992726.0
166782,2022-09-13,194.8,196.55,197.4,193.8,1163774.0
166782,2022-10-13,189.05,186.3,190.0,186.3,1092385.0
166782,2022-10-19,189.0,188.05,190.5,187.4,1096673.0
166782,2022-11-03,195.1,193.25,195.75,193.25,597085.0
166782,2022-11-18,204.3,202.2,204.9,202.2,887443.0
166782,2022-11-28,202.75,198.0,204.5,198.0,1031397.0
166782,2022-12-07,209.55,209.0,210.8,207.65,876537.0
166782,2022-12-29,207.35,207.8,210.35,206.2,428217.0
166782,2023-01-24,239.25,241.4,242.3,238.25,495787.0
166782,2023-02-13,241.0,235.0,243.0,233.15,10054388.0
166782,2023-03-20,250.65,255.9,255.9,249.0,737517.0
166782,2023-04-21,256.65,254.3,257.65,250.4,1143923.0
166782,2023-06-20,252.2,253.95,254.2,251.25,1170196.0
166782,2023-07-28,271.55,273.45,273.95,269.15,473183.0
166782,2023-08-08,273.65,273.2,275.0,270.45,549212.0
166782,2021-03-16,132.15,131.7,132.5,131.05,793066.0
166782,2021-04-15,119.5,117.0,120.9,115.4,1225535.0
166782,2021-07-09,173.5,173.0,176.3,172.55,1115630.0
166782,2021-07-14,165.85,170.1,171.45,165.3,1150851.0
166782,2021-08-02,165.5,168.9,168.95,164.6,353249.0
166782,2021-08-04,165.6,166.9,166.9,164.75,418003.0
166782,2021-10-11,239.4,241.6,243.6,238.05,975925.0
166782,2021-10-26,220.5,225.95,227.1,216.2,2279317.0
166782,2022-01-06,197.85,193.4,199.0,191.4,1323946.0
166782,2022-01-27,229.85,225.5,235.9,223.5,4040568.0
166782,2022-02-01,233.75,240.85,240.85,232.5,932659.0
166782,2022-02-25,221.95,223.0,227.6,217.5,2294511.0
166782,2022-03-15,228.05,226.0,230.75,223.2,1307044.0
166782,2022-07-05,190.6,201.0,203.35,189.4,10113786.0
166782,2022-07-21,200.75,197.55,202.3,196.1,2177270.0
166782,2022-07-22,195.55,202.4,202.4,194.5,1671047.0
166782,2022-08-05,197.8,187.95,205.0,186.5,5498033.0
166782,2022-10-06,187.0,187.0,189.3,184.5,1311149.0
166782,2022-10-10,189.5,188.05,190.65,186.55,1004106.0
166782,2022-10-20,195.15,186.6,196.0,186.15,5350210.0
166782,2022-12-06,210.8,210.9,213.2,209.2,1073558.0
166782,2023-01-02,214.8,209.25,216.0,209.05,1473482.0
166782,2023-01-13,223.35,226.25,227.45,221.65,1342089.0
166782,2023-01-23,240.15,236.75,242.0,235.15,1042330.0
166782,2023-03-08,266.75,262.5,271.55,260.35,4467604.0
166782,2023-03-17,255.4,251.7,261.0,248.55,1580080.0
166782,2023-05-24,269.65,271.85,273.25,268.0,1109305.0
166782,2023-05-31,257.25,256.65,258.0,253.5,1376739.0
166782,2023-06-16,254.3,255.0,256.55,252.75,2381455.0
166782,2023-07-31,275.7,275.0,276.5,272.1,1206780.0
166782,2023-08-07,272.75,277.0,277.1,271.1,557490.0
166782,2023-08-16,285.85,278.0,287.0,273.75,1481877.0
166782,2021-03-19,119.65,123.0,123.95,115.9,12205335.0
166782,2021-04-27,116.0,116.15,117.55,115.65,1434504.0
166782,2021-04-29,119.5,119.2,119.95,118.5,500015.0
166782,2021-05-07,122.55,122.7,123.4,121.8,533486.0
166782,2021-07-05,172.25,170.0,174.5,169.15,1320978.0
166782,2021-08-10,160.75,165.55,166.0,159.0,302533.0
166782,2021-08-23,168.15,167.2,172.0,166.45,1501011.0
166782,2021-11-02,220.95,225.9,227.9,220.0,1394460.0
166782,2021-11-18,213.0,219.3,219.75,212.25,920702.0
166782,2021-11-29,203.25,192.2,204.95,190.0,1411926.0
166782,2021-12-27,175.25,176.0,176.5,173.1,402709.0
166782,2022-01-21,221.15,222.7,226.9,218.4,2316765.0
166782,2022-01-31,239.65,233.0,240.7,231.5,1804164.0
166782,2022-02-28,222.95,225.5,225.7,221.0,1049532.0
166782,2022-03-02,244.5,232.4,246.5,228.25,6800849.0
166782,2022-03-25,234.65,235.0,236.7,232.0,1150658.0
166782,2022-05-12,223.1,220.5,225.95,216.1,1418183.0
166782,2022-05-19,241.2,232.7,242.7,229.05,1292297.0
166782,2022-05-26,227.75,229.9,230.7,224.25,417949.0
166782,2022-05-31,238.45,227.5,240.6,226.7,3140328.0
166782,2022-06-10,300.2,297.3,306.0,292.1,10593755.0
166782,2022-06-22,224.95,224.7,238.9,220.25,8276441.0
166782,2022-07-01,213.85,245.5,249.45,210.05,16490601.0
166782,2022-07-15,182.25,181.4,183.5,175.0,3054225.0
166782,2022-07-26,184.45,189.5,190.0,183.5,1808231.0
166782,2022-08-04,187.95,188.5,190.65,186.0,747977.0
166782,2022-08-18,191.65,189.8,194.1,189.6,2521236.0
166782,2022-09-19,185.2,188.05,189.7,184.5,970306.0
166782,2022-10-24,193.55,193.5,195.1,193.0,108953.0
166782,2022-10-27,187.25,187.7,189.85,186.8,599288.0
166782,2022-11-02,194.7,197.7,197.7,192.6,1266069.0
166782,2022-11-11,197.6,198.95,200.45,196.25,1111046.0
166782,2022-12-02,207.9,211.05,213.95,207.25,1732400.0
166782,2022-12-19,211.75,214.7,215.1,210.45,588605.0
166782,2023-02-03,216.3,225.0,226.2,214.0,1622719.0
166782,2023-02-14,257.8,245.0,262.8,245.0,12116861.0
166782,2023-03-16,249.5,257.55,257.85,247.0,1940559.0
166782,2023-05-04,258.15,256.0,260.9,255.6,1570141.0
166782,2023-05-30,256.65,256.7,260.6,256.1,984039.0
166782,2023-06-09,255.95,254.85,256.6,251.6,971147.0
166782,2023-07-25,262.45,261.45,264.5,260.1,1441409.0
166782,2021-04-12,112.65,118.8,118.9,112.0,760450.0
166782,2021-04-28,118.8,116.6,119.8,116.2,757288.0
166782,2021-05-26,134.1,134.95,135.45,133.15,673596.0
166782,2021-06-16,147.45,152.5,153.0,146.55,2927734.0
166782,2021-06-29,154.35,162.5,163.9,151.0,4705925.0
166782,2021-07-15,161.35,165.9,166.75,160.25,849816.0
166782,2021-07-16,156.65,161.35,161.95,155.0,1464033.0
166782,2021-07-19,155.85,155.0,158.8,153.55,1476527.0
166782,2021-08-03,166.0,164.6,166.85,163.3,758628.0
166782,2021-11-26,198.55,202.75,205.9,197.0,1388100.0
166782,2021-12-06,214.75,216.2,217.35,213.6,539540.0
166782,2022-01-11,213.0,216.1,217.6,211.7,1185100.0
166782,2022-02-04,225.0,234.0,240.95,224.0,1444856.0
166782,2022-02-15,224.7,231.0,231.0,224.15,1514286.0
166782,2022-03-31,238.4,228.9,239.75,228.25,1904718.0
166782,2022-05-13,220.45,226.5,226.5,218.85,1004800.0
166782,2022-05-23,232.25,240.95,241.0,231.0,965628.0
166782,2022-06-16,264.9,275.0,277.0,255.55,5650951.0
166782,2022-06-20,227.0,246.0,248.9,218.5,7833270.0
166782,2022-07-14,178.0,186.9,191.6,177.0,5069058.0
166782,2022-07-25,186.5,195.0,195.0,185.85,2442386.0
166782,2022-09-09,193.85,194.0,195.15,193.6,696997.0
166782,2022-09-27,175.15,178.1,180.9,173.25,1679419.0
166782,2022-11-24,197.15,194.2,197.85,194.2,887661.0
166782,2022-11-29,203.95,202.2,204.5,202.0,872184.0
166782,2022-12-20,210.1,211.9,212.85,208.2,560623.0
166782,2022-12-22,203.05,205.0,207.15,197.45,1157888.0
166782,2022-12-30,208.2,207.55,209.7,207.55,348400.0
166782,2023-01-20,235.55,234.5,237.5,231.8,768126.0
166782,2023-01-25,235.8,239.75,239.75,233.7,482688.0
166782,2023-02-07,225.0,216.4,226.0,215.85,1595242.0
166782,2023-02-10,223.55,228.7,228.7,223.0,876530.0
166782,2023-03-10,260.35,266.15,266.4,258.05,1724574.0
166782,2023-04-03,259.45,257.35,267.8,257.25,5119202.0
166782,2023-05-02,258.0,256.9,259.1,254.75,1352133.0
166782,2023-05-11,258.85,257.9,259.9,255.05,1636015.0
166782,2023-06-19,253.95,254.5,255.4,252.5,1657845.0
166782,2023-07-24,258.85,258.9,261.35,258.05,771929.0
166782,2023-08-03,269.25,271.0,273.7,267.7,750649.0
166782,2023-08-04,273.7,272.8,276.1,270.85,573061.0
166782,2023-08-18,288.35,288.55,290.6,284.25,494955.0
166782,2021-04-30,122.1,119.25,123.7,118.05,1246044.0
166782,2021-05-20,133.05,134.6,135.0,131.25,741207.0
166782,2021-07-13,169.05,169.4,171.0,167.35,812376.0
166782,2021-08-05,162.85,165.05,165.05,161.65,228132.0
166782,2021-09-29,254.45,232.4,265.0,229.0,10418003.0
166782,2021-09-30,260.2,256.95,266.7,254.45,7095683.0
166782,2021-10-04,241.6,249.95,250.0,240.05,1611701.0
166782,2021-10-07,242.45,250.9,251.85,241.4,1309185.0
166782,2021-11-15,221.8,221.9,226.0,220.25,555941.0
166782,2021-11-25,203.45,204.7,208.6,202.2,692419.0
166782,2021-12-14,199.95,201.4,202.9,199.0,644894.0
166782,2022-01-13,221.9,222.0,224.95,221.0,1474006.0
166782,2022-01-20,223.7,224.9,227.35,222.65,693008.0
166782,2022-01-25,224.8,215.9,226.0,212.85,763453.0
166782,2022-02-03,231.2,233.5,241.6,230.0,1304172.0
166782,2022-03-03,245.3,252.25,262.9,243.5,7819565.0
166782,2022-03-17,219.9,239.0,239.4,217.1,4690578.0
166782,2022-03-24,235.45,235.0,238.85,232.55,3198005.0
166782,2022-03-29,231.85,233.5,235.0,228.2,1064260.0
166782,2022-03-30,227.7,231.6,231.75,224.05,1547859.0
166782,2022-04-20,241.7,244.0,248.85,239.8,2754423.0
166782,2022-06-24,240.5,237.05,243.25,233.5,4054538.0
166782,2022-07-04,201.65,212.15,213.95,195.75,13354129.0
166782,2022-07-07,176.55,174.0,179.8,172.2,7084426.0
166782,2022-07-18,184.55,182.3,185.4,182.25,1278920.0
166782,2022-07-27,186.9,184.15,188.0,182.05,1382562.0
166782,2022-08-17,190.4,190.1,191.5,189.1,1536178.0
166782,2022-09-15,188.25,190.95,191.9,187.8,1589260.0
166782,2022-10-11,187.25,188.5,189.15,184.6,1703045.0
166782,2022-10-12,188.1,186.0,190.25,186.0,1453974.0
166782,2022-10-18,189.35,184.5,189.85,184.5,1405188.0
166782,2022-10-31,193.0,194.2,195.65,191.55,1034557.0
166782,2022-12-09,204.65,209.0,209.8,203.45,1080545.0
166782,2022-12-14,213.9,207.95,215.9,207.65,2028039.0
166782,2023-01-12,225.1,225.0,228.95,223.4,2309329.0
166782,2023-01-17,225.9,225.8,228.0,223.0,964110.0
166782,2023-01-30,237.45,238.0,239.0,232.25,591549.0
166782,2023-02-06,215.3,214.6,217.5,210.2,1178140.0
166782,2023-02-16,260.4,252.5,262.7,250.25,7666005.0
166782,2023-04-19,259.2,261.8,267.8,258.1,2410365.0
166782,2023-04-20,253.45,260.75,260.75,252.55,1658470.0
166782,2023-04-28,254.85,258.0,259.6,254.45,1113714.0
166782,2023-05-08,258.3,254.1,260.65,254.1,1516621.0
166782,2023-05-10,259.3,254.2,260.5,254.1,1432415.0
166782,2023-08-21,291.0,289.5,293.0,288.25,932626.0
166782,2021-04-20,116.9,117.3,118.5,115.5,574505.0
166782,2021-05-24,130.1,131.95,132.0,130.0,642094.0
166782,2021-06-02,137.9,137.5,139.35,136.75,1403046.0
166782,2021-06-04,141.35,140.45,142.4,139.05,1579219.0
166782,2021-10-21,217.0,232.0,234.05,211.05,12381349.0
166782,2021-12-13,203.95,206.9,208.8,202.5,411368.0
166782,2022-01-12,220.6,217.0,222.5,215.6,2641749.0
166782,2022-01-14,218.8,220.6,222.35,217.95,752371.0
166782,2022-03-28,233.6,235.6,239.0,232.5,992536.0
166782,2022-04-01,238.85,238.5,241.55,235.25,3693530.0
166782,2022-04-08,234.95,240.3,240.3,234.3,799035.0
166782,2022-04-12,230.35,235.95,238.0,229.0,1390237.0
166782,2022-05-10,215.25,233.7,234.05,213.85,2081217.0
166782,2022-05-24,228.5,232.25,236.95,227.0,385463.0
166782,2022-06-06,278.9,255.15,284.5,253.6,14799240.0
166782,2022-06-15,271.05,271.85,276.75,263.05,4453663.0
166782,2022-07-19,186.6,187.0,189.35,185.05,2160520.0
166782,2022-12-01,207.25,207.1,208.9,205.45,754186.0
166782,2023-01-16,225.2,224.75,226.65,224.1,641752.0
166782,2023-01-19,234.6,231.25,235.8,229.6,752751.0
166782,2023-02-27,245.35,242.9,246.0,238.45,1510429.0
166782,2023-03-22,250.7,251.45,252.9,248.95,631046.0
166782,2023-04-06,254.7,261.1,261.4,254.05,1531431.0
166782,2023-04-24,254.3,256.0,257.2,253.5,763758.0
166782,2023-05-05,253.05,259.4,259.55,252.55,970736.0
166782,2023-06-01,254.25,256.45,258.2,254.0,1022080.0
166782,2023-06-22,247.45,251.0,251.85,246.0,1503638.0
166782,2023-07-12,255.45,256.0,256.45,254.15,821495.0
166782,2023-07-13,255.7,256.9,257.45,253.75,694951.0
166782,2023-07-17,255.35,255.0,256.55,254.0,610220.0
166782,2023-08-14,279.35,280.0,280.0,275.1,506091.0
166782,2023-08-17,288.55,287.0,291.55,284.1,1202295.0
166782,2021-03-17,129.3,131.95,133.2,128.7,1050078.0
166782,2021-05-17,131.7,131.15,133.7,131.1,1145744.0
166782,2021-05-27,133.25,134.5,137.15,130.7,1565104.0
166782,2021-05-31,132.5,133.3,133.7,131.5,490750.0
166782,2021-06-11,142.25,142.75,145.85,141.25,1667671.0
166782,2021-09-17,199.8,212.0,215.0,197.5,2810995.0
166782,2021-09-28,233.25,220.55,234.9,218.3,5413923.0
166782,2021-10-18,235.55,241.0,241.55,234.65,1521018.0
166782,2021-12-01,214.35,213.0,220.55,212.05,1404024.0
166782,2021-12-28,187.0,179.95,189.2,178.5,1722328.0
166782,2021-12-30,201.6,186.8,211.3,186.7,6815932.0
166782,2022-01-05,194.95,198.9,198.95,194.05,848201.0
166782,2022-01-19,224.9,226.5,230.85,224.05,1808821.0
166782,2022-02-09,232.15,231.0,235.0,228.45,800673.0
166782,2022-03-22,230.35,238.0,243.45,229.0,3100689.0
166782,2022-04-07,237.95,237.5,243.65,237.05,1340746.0
166782,2022-04-18,235.85,238.0,240.0,234.4,1195135.0
166782,2022-06-01,244.85,240.4,251.0,239.25,3518942.0
166782,2022-08-19,189.3,194.1,194.2,188.0,2869719.0
166782,2022-09-16,187.0,188.25,190.9,185.0,1830606.0
166782,2022-11-09,196.05,195.6,196.6,194.6,945297.0
166782,2022-11-15,202.5,198.8,203.05,198.8,989665.0
166782,2023-01-10,213.95,211.0,214.7,211.0,1087614.0
166782,2023-01-18,233.15,226.0,236.0,226.0,2149168.0
166782,2023-03-28,257.45,251.4,259.7,248.25,1459751.0
166782,2023-04-27,256.85,258.9,258.9,255.55,1254220.0
166782,2023-06-15,253.45,253.3,254.25,251.75,1577723.0
166782,2023-06-23,243.75,247.0,247.0,242.65,1057462.0
166782,2023-06-28,242.8,244.55,245.5,241.1,6675427.0
166782,2021-04-01,124.0,122.8,124.8,122.5,579175.0
166782,2021-04-13,115.65,112.7,118.9,112.7,1113753.0
166782,2021-05-05,122.1,122.5,124.75,121.4,668012.0
166782,2021-06-01,136.1,133.0,139.2,133.0,2597617.0
166782,2021-06-09,141.2,142.6,144.6,140.4,1191579.0
166782,2021-06-25,156.75,156.9,160.5,156.0,3146733.0
166782,2021-07-02,169.2,163.55,170.0,163.25,3304623.0
166782,2021-07-27,161.05,162.6,162.95,160.05,333138.0
166782,2021-08-30,174.05,177.0,179.1,173.5,887909.0
166782,2021-09-02,179.25,178.45,180.4,178.35,284080.0
166782,2021-09-03,179.9,180.8,183.0,179.0,864650.0
166782,2021-09-15,205.85,199.95,208.95,199.5,3174569.0
166782,2021-10-06,248.55,246.3,255.95,244.1,4800440.0
166782,2021-10-27,222.15,218.8,224.65,217.15,1340242.0
166782,2022-02-17,231.9,230.1,236.0,230.1,1391522.0
166782,2022-02-18,229.95,231.9,233.65,228.65,281226.0
166782,2022-03-09,243.4,250.55,252.25,242.55,1863229.0
166782,2022-04-21,240.0,245.0,245.8,238.55,1664082.0
166782,2022-05-02,219.7,228.45,229.5,219.1,1414628.0
166782,2022-05-25,228.8,228.45,232.45,226.55,620405.0
166782,2022-06-07,286.3,279.0,301.2,274.35,30348752.0
166782,2022-08-03,189.35,190.0,191.8,188.6,767789.0
166782,2022-08-25,191.15,193.0,193.95,190.3,1259866.0
166782,2022-09-14,192.9,193.0,195.4,192.5,1186110.0
166782,2022-09-26,179.0,181.9,183.7,176.55,1177287.0
166782,2022-10-28,194.6,187.0,195.0,187.0,2205325.0
166782,2022-11-21,199.55,201.95,201.95,196.75,968273.0
166782,2022-11-23,195.75,194.2,198.2,194.2,532733.0
166782,2022-12-08,208.95,208.55,213.0,208.0,519070.0
166782,2023-02-01,224.8,234.9,235.3,220.1,1593746.0
166782,2023-02-02,225.35,224.8,227.9,220.35,1161178.0
166782,2023-03-27,249.9,247.1,252.0,245.0,937271.0
166782,2023-03-31,251.65,260.8,262.95,249.6,2122307.0
166782,2023-06-06,254.15,255.4,255.5,253.6,326967.0
166782,2023-06-12,255.6,256.0,257.5,252.05,1094419.0
166782,2023-06-26,241.65,244.0,245.75,240.8,857663.0
166782,2023-07-11,254.25,256.15,256.15,253.0,607400.0
166782,2021-03-25,117.2,117.95,118.95,116.05,1460950.0
166782,2021-04-07,123.95,122.65,125.3,122.65,778237.0
166782,2021-06-30,157.2,157.05,161.25,156.1,2789318.0
166782,2021-07-06,174.1,173.8,177.4,173.25,1856845.0
166782,2021-07-29,163.5,163.9,164.4,161.35,516820.0
166782,2021-11-04,220.25,218.85,221.45,218.85,84133.0
166782,2021-11-08,222.25,221.0,223.9,218.05,530880.0
166782,2021-11-24,202.95,200.0,205.1,199.1,992252.0
166782,2021-12-09,209.5,214.4,215.9,209.0,913271.0
166782,2022-01-03,198.8,198.9,202.6,196.45,968979.0
166782,2022-02-21,225.35,230.8,231.35,225.0,670369.0
166782,2022-03-14,231.1,235.0,239.85,230.3,1210294.0
166782,2022-03-16,234.3,228.0,236.9,227.05,2125819.0
166782,2022-04-26,235.05,234.8,241.5,233.6,2041695.0
166782,2022-08-30,192.8,191.6,193.7,191.35,1440495.0
166782,2022-11-22,195.7,197.35,198.9,194.7,718394.0
166782,2022-11-30,204.65,204.0,212.0,203.75,2225716.0
166782,2022-12-12,203.75,204.65,205.0,200.7,916136.0
166782,2022-12-13,207.95,205.0,209.5,204.6,944760.0
166782,2022-12-15,213.0,215.8,218.6,212.55,1144074.0
166782,2022-12-21,204.9,210.0,211.05,204.05,553176.0
166782,2022-12-23,198.8,199.15,201.7,196.5,1002790.0
166782,2022-12-26,202.05,198.8,202.75,197.85,434441.0
166782,2023-02-17,260.8,260.75,264.8,258.0,3293959.0
166782,2023-03-24,250.8,256.25,257.6,247.35,1204094.0
166782,2023-05-15,259.3,255.2,260.5,255.0,1158382.0
166782,2023-05-25,260.6,264.0,269.7,257.2,3251945.0
166782,2023-06-08,252.85,254.45,255.35,252.1,911435.0
166782,2023-07-07,253.2,251.0,253.9,250.5,1146678.0
166782,2023-07-27,273.4,270.5,276.9,270.45,1753998.0
166782,2023-08-01,274.4,277.35,277.8,273.7,565094.0
166782,2021-04-22,116.25,115.5,116.8,114.55,432606.0
166782,2021-05-10,126.7,123.9,132.7,123.75,4391521.0
166782,2021-06-18,148.5,145.35,149.65,144.0,2405196.0
166782,2021-06-21,149.65,148.0,151.0,146.65,1870941.0
166782,2021-06-22,151.35,149.65,152.35,146.6,3659441.0
166782,2021-06-23,152.6,154.6,155.0,151.0,2337979.0
166782,2021-06-24,156.35,152.55,157.45,152.1,2409300.0
166782,2021-08-24,171.1,170.0,171.6,169.1,1035768.0
166782,2021-09-27,219.3,219.6,220.95,217.1,983630.0
166782,2021-10-01,250.05,261.0,267.8,247.95,4935553.0
166782,2021-11-03,217.2,220.95,221.5,216.1,1260488.0
166782,2021-12-15,200.25,199.4,203.8,199.05,905086.0
166782,2021-12-20,172.4,190.0,190.0,169.6,1682616.0
166782,2022-01-07,214.05,199.7,215.95,199.1,8184529.0
166782,2022-01-28,230.55,231.2,237.5,229.9,905552.0
166782,2022-02-07,231.2,225.0,235.0,224.95,1285820.0
166782,2022-04-22,238.9,238.4,247.4,237.1,2204856.0
166782,2022-05-06,229.9,226.45,233.85,222.65,2665033.0
166782,2022-05-16,222.7,220.5,224.8,220.1,614323.0
166782,2022-07-28,186.6,187.4,188.5,184.3,1480381.0
166782,2022-08-16,190.7,191.0,193.05,190.0,1649393.0
166782,2022-08-22,184.75,188.0,188.4,184.05,1795597.0
166782,2022-09-07,195.55,192.4,195.95,191.25,1135759.0
166782,2022-09-12,196.2,194.2,197.45,194.2,1302268.0
166782,2022-09-21,185.3,183.8,186.6,183.8,1004461.0
166782,2022-09-22,182.65,183.4,185.7,182.25,915365.0
166782,2022-10-14,186.35,190.0,191.0,185.0,1327613.0
166782,2022-11-14,200.6,197.65,200.95,197.0,1245927.0
166782,2023-03-03,256.45,257.5,258.9,255.15,761320.0
166782,2023-04-05,261.85,265.0,265.75,261.1,1400276.0
166782,2023-04-13,260.5,262.9,267.0,258.85,1557078.0
166782,2023-06-02,250.0,256.45,256.45,249.45,1563456.0
166782,2023-07-21,258.05,257.0,258.5,255.55,473851.0
166782,2023-08-02,270.6,274.0,276.7,264.95,917638.0
166782,2021-05-03,120.2,121.5,122.95,119.75,696456.0
166782,2021-05-06,121.75,122.3,123.35,120.65,574102.0
166782,2021-05-11,129.45,126.5,131.2,125.6,2137850.0
166782,2021-06-17,146.1,146.05,148.5,144.6,890029.0
166782,2021-07-12,169.1,173.4,174.4,168.1,553413.0
166782,2021-07-26,161.2,161.9,162.65,160.55,301708.0
166782,2021-07-30,166.85,163.35,168.5,162.05,634052.0
166782,2021-08-09,165.5,167.0,167.8,157.3,451097.0
166782,2021-09-22,217.0,210.0,219.8,209.2,2820662.0
166782,2021-10-20,228.35,232.9,233.55,225.1,741784.0
166782,2021-12-10,205.05,209.0,209.4,204.35,554554.0
166782,2021-12-16,196.05,201.3,202.35,195.0,958993.0
166782,2021-12-17,190.0,195.8,196.85,186.25,1181137.0
166782,2021-12-22,181.35,185.2,185.2,180.35,649556.0
166782,2021-12-31,198.9,199.6,202.3,194.05,1944926.0
166782,2022-01-17,224.65,222.0,229.85,222.0,1901213.0
166782,2022-01-18,224.05,226.35,229.75,221.05,1128240.0
166782,2022-02-14,225.75,230.3,235.7,225.0,1860877.0
166782,2022-03-23,229.6,235.0,235.0,228.4,1300988.0
166782,2022-04-27,231.0,236.0,240.0,230.1,1447535.0
166782,2022-06-03,250.95,253.0,257.3,247.7,2489112.0
166782,2022-06-23,237.05,222.0,242.7,221.0,5161001.0
166782,2022-06-30,251.5,260.0,263.0,247.3,4587894.0
166782,2022-07-06,174.2,186.0,186.45,172.05,14573467.0
166782,2022-07-08,184.2,180.45,188.8,178.85,7001172.0
166782,2022-07-11,186.6,185.0,187.8,181.7,2293117.0
166782,2022-07-13,185.45,178.65,187.0,178.05,3319501.0
166782,2022-09-20,185.15,185.5,188.6,184.4,777824.0
166782,2022-12-27,209.9,203.1,210.9,203.1,836895.0
166782,2023-01-03,211.3,213.75,214.55,210.6,682928.0
166782,2023-02-20,259.15,263.0,263.8,254.9,1955276.0
166782,2023-02-21,254.8,258.05,258.1,253.85,1400141.0
166782,2023-02-23,245.8,247.0,248.7,244.0,1957275.0
166782,2023-02-24,243.15,247.8,247.8,242.05,900959.0
166782,2023-02-28,247.05,246.45,250.75,242.3,1891450.0
166782,2023-03-06,262.6,257.35,265.0,256.6,2291369.0
166782,2023-03-15,259.3,250.15,260.9,240.0,2816392.0
166782,2023-04-18,264.8,263.75,270.0,260.4,2752430.0
166782,2023-04-25,253.6,255.2,258.95,251.4,1761119.0
166782,2023-05-03,257.05,256.0,260.95,255.35,1378199.0
166782,2023-05-17,265.65,262.8,267.85,261.8,2569993.0
166782,2023-06-14,253.1,257.0,257.15,252.5,1058875.0
166782,2023-06-30,244.95,243.4,246.2,241.3,4233375.0
166782,2023-07-03,244.85,246.0,247.5,243.6,1227666.0
166782,2023-07-05,249.35,247.25,251.0,246.3,1089199.0
166782,2023-07-14,256.05,258.0,258.0,255.4,579514.0
166782,2023-07-19,256.4,255.0,257.7,253.7,958745.0
166782,2023-08-10,277.95,279.95,279.95,275.1,1183662.0
