stockid,date,close,open,high,low,volume
1003422,2021-02-05,1822.45,1864.95,1874.0,1811.15,66705.0
1003422,2021-02-08,1853.5,1834.75,1870.45,1826.0,267384.0
1003422,2021-03-30,1814.65,1790.0,1850.0,1776.2,110433.0
1003422,2021-06-04,2533.0,2530.0,2566.5,2524.8,131885.0
1003422,2021-06-29,2757.75,2789.0,2804.1,2750.0,70397.0
1003422,2021-07-12,2863.7,2889.0,2910.0,2853.0,294074.0
1003422,2021-08-10,3199.4,3268.5,3329.5,2801.0,867475.0
1003422,2021-08-31,3816.75,3588.1,3939.9,3515.0,839485.0
1003422,2021-09-21,3431.1,3559.6,3570.0,3392.85,389416.0
1003422,2021-10-04,3131.25,3039.9,3160.0,3026.0,928556.0
1003422,2021-10-13,3081.85,3125.0,3130.0,3075.15,219883.0
1003422,2021-10-14,3060.65,3099.0,3099.0,3054.25,220403.0
1003422,2022-01-19,2866.95,2862.5,2876.05,2830.0,83374.0
1003422,2022-01-24,2652.35,2711.0,2712.85,2616.95,202472.0
1003422,2021-01-12,1802.65,1804.0,1828.0,1787.1,164883.0
1003422,2021-01-18,1811.65,1805.0,1830.0,1755.0,81468.0
1003422,2021-03-26,1768.8,1789.95,1795.0,1741.5,66357.0
1003422,2021-03-31,1846.4,1809.0,1854.9,1792.05,93876.0
1003422,2021-05-04,2251.05,2320.0,2355.5,2233.0,124484.0
1003422,2021-05-12,2358.35,2330.0,2394.45,2330.0,116293.0
1003422,2021-06-16,2869.25,2857.0,2883.65,2822.0,118563.0
1003422,2021-06-23,2788.35,2774.0,2799.0,2740.0,86714.0
1003422,2021-06-28,2790.45,2785.05,2833.7,2780.15,104667.0
1003422,2021-06-30,2792.4,2770.0,2808.0,2765.0,96875.0
1003422,2021-07-28,3169.3,3237.0,3280.45,3136.55,179599.0
1003422,2021-07-30,3340.75,3300.0,3375.0,3263.65,208165.0
1003422,2021-08-04,3465.2,3510.0,3512.05,3441.0,116198.0
1003422,2021-12-24,2588.35,2619.85,2619.85,2572.8,85691.0
1003422,2022-01-06,2783.45,2833.0,2833.25,2775.0,119786.0
1003422,2022-02-08,2709.35,2796.95,2830.0,2681.2,142729.0
1003422,2022-02-09,2658.8,2738.0,2738.0,2636.3,228957.0
1003422,2022-03-04,2414.65,2487.0,2498.9,2400.0,184810.0
1003422,2021-01-25,1783.95,1795.0,1809.7,1764.05,42983.0
1003422,2021-03-25,1777.5,1850.95,1855.0,1757.9,120258.0
1003422,2021-04-01,1836.5,1865.0,1867.9,1828.0,34863.0
1003422,2021-04-05,1830.3,1840.0,1854.85,1817.3,36682.0
1003422,2021-04-06,1820.45,1835.0,1835.0,1804.6,57850.0
1003422,2021-05-17,2283.55,2301.6,2325.0,2265.85,92537.0
1003422,2021-07-02,2870.35,2783.8,2884.95,2762.6,304563.0
1003422,2021-07-13,3011.4,2866.0,3048.0,2855.0,666143.0
1003422,2021-09-08,3703.7,3745.0,3764.8,3680.0,190577.0
1003422,2021-09-27,3256.7,3408.0,3414.95,3250.0,523822.0
1003422,2021-10-21,3071.8,3090.0,3094.0,3022.0,220740.0
1003422,2021-12-15,2783.5,2789.7,2799.0,2750.0,218668.0
1003422,2022-01-12,2849.0,2831.0,2866.0,2817.95,110247.0
1003422,2022-01-31,2697.35,2718.7,2746.85,2661.35,107385.0
1003422,2021-01-05,1802.6,1810.0,1856.85,1790.0,118804.0
1003422,2021-01-27,1798.15,1780.1,1805.0,1780.1,48426.0
1003422,2021-04-13,1792.95,1795.0,1815.7,1780.0,53712.0
1003422,2021-04-19,2030.65,2010.0,2158.0,1966.95,641485.0
1003422,2021-05-18,2323.55,2290.0,2335.35,2275.6,116353.0
1003422,2021-07-01,2781.95,2800.0,2807.1,2771.05,45653.0
1003422,2021-07-06,3011.7,2846.0,3073.05,2825.45,407131.0
1003422,2021-07-29,3290.55,3200.0,3316.0,3180.05,303864.0
1003422,2021-08-23,3074.75,3190.0,3211.95,3042.0,220373.0
1003422,2021-08-24,3183.95,3099.9,3210.0,3079.0,160416.0
1003422,2021-09-01,3960.45,3921.0,4067.4,3888.85,839931.0
1003422,2021-11-22,2977.8,3062.55,3062.55,2933.15,169848.0
1003422,2021-11-24,3038.75,3076.0,3077.85,3005.0,130625.0
1003422,2021-12-03,2942.15,2994.0,3004.95,2932.0,242031.0
1003422,2021-12-20,2617.2,2610.0,2639.95,2560.05,280359.0
1003422,2021-12-30,2638.85,2642.0,2651.75,2616.8,107137.0
1003422,2022-01-03,2737.7,2684.0,2750.0,2672.0,149106.0
1003422,2022-01-28,2684.75,2685.0,2735.0,2670.0,97165.0
1003422,2021-01-01,1789.25,1791.0,1855.0,1752.0,308193.0
1003422,2021-01-04,1825.45,1796.5,1849.9,1760.0,297889.0
1003422,2021-02-01,1797.05,1780.0,1823.45,1770.1,110133.0
1003422,2021-02-04,1855.95,1813.0,1919.0,1810.0,210401.0
1003422,2021-01-20,1794.6,1809.0,1818.0,1790.0,28155.0
1003422,2021-02-18,1883.15,1903.25,1914.0,1870.0,72720.0
1003422,2021-02-02,1809.55,1801.0,1821.95,1800.0,44588.0
1003422,2021-04-23,2096.05,2122.0,2142.65,2078.0,62897.0
1003422,2021-02-22,1717.4,1821.0,1821.0,1701.0,274208.0
1003422,2021-04-28,2372.2,2349.0,2412.95,2331.0,365484.0
1003422,2021-05-07,2207.4,2219.5,2249.0,2200.0,95184.0
1003422,2021-04-30,2323.25,2362.0,2362.0,2113.95,98934.0
1003422,2021-05-28,2509.35,2442.8,2525.0,2441.0,283933.0
1003422,2021-05-06,2209.5,2264.0,2283.6,2202.0,64896.0
1003422,2021-07-08,2928.2,2938.0,2996.95,2914.3,132449.0
1003422,2021-05-14,2275.85,2385.0,2385.0,2248.05,125345.0
1003422,2021-07-14,3455.95,2997.0,3600.0,2964.55,1910213.0
1003422,2021-05-26,2422.75,2465.0,2524.0,2401.35,282082.0
1003422,2021-08-09,3245.1,3310.0,3366.0,3220.0,197214.0
1003422,2021-06-02,2516.4,2500.1,2534.35,2491.0,115243.0
1003422,2021-08-16,3238.25,3150.0,3260.0,3146.8,382437.0
1003422,2021-06-10,2692.25,2693.8,2755.0,2662.6,157487.0
1003422,2021-09-13,3603.65,3691.95,3691.95,3590.8,275539.0
1003422,2021-06-21,2796.15,2770.0,2859.9,2760.05,132488.0
1003422,2021-09-14,3608.5,3624.0,3674.0,3600.0,227624.0
1003422,2021-06-24,2777.3,2786.0,2793.0,2760.0,47018.0
1003422,2021-11-25,3087.05,3040.0,3140.4,3010.0,163732.0
1003422,2021-08-13,3127.65,3111.6,3148.6,3075.0,225314.0
1003422,2021-12-01,3043.95,3035.7,3100.0,3035.0,132095.0
1003422,2021-09-30,3034.55,3135.0,3209.0,3020.0,1385793.0
1003422,2022-01-10,2809.05,2819.0,2824.0,2787.05,96907.0
1003422,2022-01-11,2817.95,2818.8,2848.0,2793.75,105868.0
1003422,2022-01-18,2880.5,2951.0,2955.0,2862.0,247317.0
1003422,2022-01-20,2840.95,2880.0,2885.0,2825.0,44545.0
1003422,2022-02-14,2442.85,2473.0,2499.9,2386.9,467068.0
1003422,2021-01-13,1840.75,1817.95,1865.0,1796.05,199541.0
1003422,2021-02-26,1825.5,1795.0,1853.95,1770.05,99429.0
1003422,2021-03-01,1861.35,1840.0,1875.0,1820.05,172938.0
1003422,2021-03-22,1865.85,1862.0,1893.0,1832.4,105102.0
1003422,2021-03-23,1880.65,1876.0,1894.8,1851.0,107830.0
1003422,2021-03-24,1841.8,1878.0,1878.0,1830.6,28809.0
1003422,2021-04-09,1838.25,1860.0,1890.0,1825.2,63200.0
1003422,2021-07-07,2938.85,3014.0,3014.0,2930.0,169822.0
1003422,2021-08-06,3282.55,3380.0,3391.0,3275.0,209038.0
1003422,2021-08-25,3193.2,3205.0,3225.6,3159.95,115048.0
1003422,2021-10-05,3107.15,3154.0,3170.2,3100.0,569386.0
1003422,2021-11-12,2997.05,3020.0,3023.0,2989.0,93971.0
1003422,2021-11-30,3077.5,3058.0,3100.0,3000.0,243415.0
1003422,2021-12-16,2710.3,2804.7,2818.9,2686.3,307122.0
1003422,2022-01-07,2806.9,2803.0,2838.45,2785.05,113949.0
1003422,2022-02-10,2598.35,2680.0,2707.95,2580.0,433245.0
1003422,2022-02-18,2445.3,2464.0,2477.15,2436.0,87849.0
1003422,2022-03-02,2448.75,2488.0,2547.95,2420.85,219189.0
1003422,2021-01-11,1795.75,1794.65,1807.95,1781.0,73679.0
1003422,2021-01-14,1811.45,1850.0,1854.0,1803.0,49784.0
1003422,2021-01-22,1780.5,1789.95,1811.65,1767.25,42799.0
1003422,2021-02-03,1812.8,1815.0,1823.95,1803.7,36467.0
1003422,2021-02-19,1822.0,1883.15,1892.5,1810.0,110825.0
1003422,2021-03-09,1865.55,1900.0,1915.45,1840.0,46054.0
1003422,2021-03-18,1865.0,1865.0,1880.0,1835.6,70737.0
1003422,2021-04-26,2164.4,2135.05,2228.95,2105.0,187543.0
1003422,2021-05-24,2536.35,2448.0,2573.0,2447.95,399526.0
1003422,2021-06-08,2694.35,2775.0,2775.95,2668.0,231842.0
1003422,2021-06-17,2842.7,2841.0,2860.0,2825.7,84971.0
1003422,2021-07-16,3433.95,3399.0,3590.0,3390.0,1231516.0
1003422,2021-07-27,3226.65,3223.4,3325.0,3201.6,262041.0
1003422,2021-08-05,3402.75,3478.5,3479.45,3390.5,125788.0
1003422,2021-08-26,3243.3,3208.8,3270.0,3159.95,250563.0
1003422,2021-09-16,3611.5,3622.9,3628.9,3600.9,135194.0
1003422,2021-10-27,3013.75,3038.0,3065.0,3005.0,164665.0
1003422,2021-12-06,2921.85,2969.95,2969.95,2910.0,162281.0
1003422,2021-12-28,2597.95,2615.0,2620.8,2595.0,95076.0
1003422,2021-12-29,2635.4,2600.95,2648.0,2600.95,136467.0
1003422,2022-02-03,2897.85,2938.0,2938.9,2890.0,280073.0
1003422,2022-02-23,2312.15,2352.0,2399.95,2301.3,190353.0
1003422,2022-02-24,2284.15,2280.0,2369.0,2230.0,537242.0
1003422,2021-01-07,1807.45,1800.1,1826.0,1768.0,118012.0
1003422,2021-02-15,1914.55,1952.75,1970.0,1900.0,160252.0
1003422,2021-02-25,1806.95,1813.0,1830.0,1800.0,106348.0
1003422,2021-03-16,1867.85,1870.0,1887.1,1855.0,115601.0
1003422,2021-06-15,2853.7,2865.0,2875.5,2813.0,186663.0
1003422,2021-09-07,3736.2,3792.9,3798.0,3720.15,128222.0
1003422,2021-09-20,3557.4,3608.0,3738.55,3540.0,306475.0
1003422,2021-11-17,3143.7,3198.0,3250.0,3135.0,513448.0
1003422,2021-12-17,2649.7,2738.85,2738.85,2614.0,302136.0
1003422,2022-02-04,2817.2,2880.0,2889.85,2802.8,114294.0
1003422,2021-01-19,1808.75,1820.0,1822.35,1801.0,25430.0
1003422,2021-03-05,1900.55,1904.95,1915.0,1885.55,46402.0
1003422,2021-04-15,1854.3,1782.0,1865.0,1782.0,71494.0
1003422,2021-04-20,2134.6,2040.0,2159.25,2037.0,259253.0
1003422,2021-04-22,2116.15,2159.0,2197.0,2096.0,164492.0
1003422,2021-05-25,2462.1,2589.0,2618.9,2435.2,324002.0
1003422,2021-06-14,2843.7,2804.9,2860.0,2725.5,278036.0
1003422,2021-07-23,3310.3,3368.0,3398.2,3277.25,164076.0
1003422,2021-09-09,3688.2,3703.7,3716.75,3667.95,197245.0
1003422,2021-09-17,3609.95,3627.0,3639.8,3592.2,260433.0
1003422,2021-10-08,3123.5,3110.0,3211.25,3049.65,461953.0
1003422,2021-10-18,3094.5,3095.0,3140.0,3070.0,243399.0
1003422,2021-10-25,2932.3,3085.0,3087.65,2900.0,314724.0
1003422,2021-11-01,2984.7,3012.1,3053.0,2970.0,333264.0
1003422,2021-11-10,2999.35,2998.0,3025.9,2993.4,61952.0
1003422,2021-11-18,3051.75,3154.0,3170.0,3028.65,225694.0
1003422,2021-12-14,2767.7,2745.9,2788.7,2732.3,512124.0
1003422,2021-12-21,2617.95,2647.0,2675.0,2597.0,180297.0
1003422,2022-01-25,2621.1,2625.0,2638.7,2572.85,335776.0
1003422,2022-02-17,2493.35,2567.0,2589.0,2482.0,161337.0
1003422,2022-02-25,2358.35,2369.0,2374.7,2326.05,177604.0
1003422,2021-01-15,1808.2,1815.0,1826.0,1800.0,38152.0
1003422,2021-02-10,1873.1,1886.0,1946.6,1855.0,242790.0
1003422,2021-02-12,1930.35,2005.0,2023.3,1910.0,194527.0
1003422,2021-03-04,1902.15,1881.0,1925.65,1881.0,68531.0
1003422,2021-03-12,1874.45,1860.0,1888.0,1828.1,270024.0
1003422,2021-03-19,1847.75,1865.0,1872.0,1796.0,54709.0
1003422,2021-04-07,1817.75,1820.0,1828.0,1796.0,44976.0
1003422,2021-04-12,1797.5,1835.0,1835.0,1771.5,71001.0
1003422,2021-05-05,2244.5,2250.0,2298.0,2211.1,78635.0
1003422,2021-05-11,2328.1,2340.0,2398.0,2310.0,185347.0
1003422,2021-05-31,2501.9,2519.9,2584.0,2492.25,177534.0
1003422,2021-07-15,3354.75,3504.0,3740.65,3314.0,2306107.0
1003422,2021-10-06,3117.6,3140.0,3169.9,3083.25,400282.0
1003422,2021-10-07,3108.05,3145.0,3145.0,3092.15,221699.0
1003422,2021-11-08,3017.05,3085.0,3095.4,3010.0,196699.0
1003422,2021-11-09,2999.9,3049.0,3049.0,2990.0,146993.0
1003422,2021-11-26,3055.05,3060.0,3114.7,3028.05,220444.0
1003422,2021-11-29,3026.9,2974.2,3050.0,2884.0,147920.0
1003422,2022-01-04,2738.9,2760.0,2764.85,2717.2,103358.0
1003422,2022-01-14,2945.3,2933.75,2969.95,2910.75,145503.0
1003422,2022-01-21,2712.85,2839.0,2839.0,2703.0,263055.0
1003422,2022-02-07,2796.95,2817.0,2817.0,2745.45,85043.0
1003422,2021-02-17,1894.15,1899.9,1919.95,1880.9,66659.0
1003422,2021-03-17,1850.55,1877.7,1888.5,1830.0,80778.0
1003422,2021-05-20,2331.25,2319.0,2344.95,2296.15,94211.0
1003422,2021-05-27,2419.4,2455.0,2594.8,2400.0,974042.0
1003422,2021-06-22,2753.9,2814.0,2835.4,2746.0,163657.0
1003422,2021-06-25,2773.3,2777.0,2794.8,2743.55,68877.0
1003422,2021-07-26,3194.5,3310.0,3310.0,3182.5,262944.0
1003422,2021-08-11,3108.8,3240.0,3300.0,3034.5,522113.0
1003422,2021-10-01,2985.6,3040.0,3085.0,2975.0,1076811.0
1003422,2021-10-22,3074.65,3075.0,3102.35,3047.6,162705.0
1003422,2021-11-02,2971.5,2975.0,3030.05,2963.4,150849.0
1003422,2021-11-04,3032.35,2989.65,3043.0,2982.15,40352.0
1003422,2021-11-11,2999.45,3018.85,3019.0,2986.0,126277.0
1003422,2021-11-15,3000.3,3028.0,3050.0,2991.05,262308.0
1003422,2021-11-23,3062.5,2955.1,3075.0,2940.2,92731.0
1003422,2021-12-13,2745.9,2775.0,2849.0,2690.0,4611975.0
1003422,2022-01-05,2831.6,2738.9,2874.9,2738.9,378632.0
1003422,2022-01-27,2641.2,2600.0,2657.35,2551.25,216233.0
1003422,2022-02-11,2529.35,2598.35,2618.05,2520.0,378618.0
1003422,2022-02-16,2564.25,2465.65,2588.0,2436.05,478651.0
1003422,2021-01-21,1790.9,1809.75,1837.9,1779.15,80497.0
1003422,2021-02-09,1869.6,1866.5,1980.0,1855.0,349201.0
1003422,2021-02-16,1902.5,1929.85,1933.65,1889.95,106453.0
1003422,2021-02-23,1759.8,1730.95,1795.45,1730.95,246882.0
1003422,2021-03-10,1848.05,1880.0,1880.5,1844.15,34000.0
1003422,2021-07-19,3446.5,3413.0,3530.0,3348.05,626795.0
1003422,2021-07-20,3419.8,3475.0,3525.0,3402.65,250007.0
1003422,2021-08-18,3233.55,3226.75,3268.7,3210.45,153012.0
1003422,2021-08-27,3435.05,3289.0,3539.9,3289.0,1377299.0
1003422,2021-08-30,3588.1,3492.7,3600.0,3485.15,501603.0
1003422,2021-09-02,3806.55,3975.0,3977.85,3790.0,396225.0
1003422,2021-09-03,3725.35,3818.8,3839.65,3710.0,378965.0
1003422,2021-10-11,3133.6,3150.0,3179.9,3127.0,215584.0
1003422,2021-10-12,3116.3,3132.6,3160.85,3098.3,175973.0
1003422,2021-10-26,3016.15,2930.0,3024.0,2911.45,108059.0
1003422,2021-10-28,3017.85,3004.95,3050.0,2990.2,148850.0
1003422,2021-10-29,3012.1,3009.0,3032.15,2926.7,96598.0
1003422,2021-12-07,2907.85,2930.0,2944.85,2892.65,153734.0
1003422,2022-02-15,2428.15,2498.45,2514.6,2389.0,386959.0
1003422,2022-03-03,2497.4,2495.0,2522.8,2462.05,149104.0
1003422,2021-01-06,1783.9,1811.95,1822.05,1761.1,101368.0
1003422,2021-01-28,1801.5,1785.1,1830.0,1785.0,70587.0
1003422,2021-02-11,1978.85,1879.95,2008.0,1879.95,293161.0
1003422,2021-03-15,1862.7,1887.6,1896.45,1851.0,39215.0
1003422,2021-04-29,2368.05,2393.9,2429.3,2351.35,135109.0
1003422,2021-06-01,2509.55,2528.7,2537.8,2491.0,118136.0
1003422,2021-06-09,2682.05,2709.0,2725.0,2651.0,145762.0
1003422,2021-07-22,3364.4,3465.0,3499.0,3350.1,186965.0
1003422,2021-08-20,3181.4,3230.0,3230.0,3154.0,92323.0
1003422,2021-09-06,3774.65,3750.0,3839.65,3745.0,200079.0
1003422,2021-09-28,3455.2,3284.0,3494.8,3272.1,1112135.0
1003422,2021-10-20,3094.05,3117.7,3134.0,3016.25,291728.0
1003422,2021-11-16,3158.1,3035.0,3174.8,3017.4,603493.0
1003422,2021-12-10,2898.75,2928.95,2933.4,2895.0,124760.0
1003422,2021-12-22,2604.6,2649.0,2649.0,2594.4,117463.0
1003422,2021-12-23,2595.2,2614.9,2635.65,2592.15,100338.0
1003422,2021-12-27,2595.2,2588.0,2626.95,2563.95,110531.0
1003422,2021-12-31,2666.1,2640.0,2674.9,2640.0,98800.0
1003422,2022-02-02,2901.9,2780.0,2948.0,2770.0,349531.0
1003422,2021-01-29,1776.75,1810.4,1836.0,1758.0,110295.0
1003422,2021-03-02,1896.5,1860.0,1916.0,1859.7,138265.0
1003422,2021-03-08,1897.2,1915.0,1928.95,1888.0,93100.0
1003422,2021-05-03,2313.5,2323.25,2387.6,2294.0,102267.0
1003422,2021-05-10,2359.45,2240.0,2428.0,2211.65,369608.0
1003422,2021-05-19,2315.6,2320.0,2322.4,2280.15,89114.0
1003422,2021-05-21,2412.05,2341.0,2525.25,2340.0,476728.0
1003422,2021-06-03,2511.6,2533.8,2533.8,2500.0,95592.0
1003422,2021-08-02,3497.35,3378.0,3527.7,3350.0,450748.0
1003422,2021-09-22,3433.15,3464.0,3487.65,3400.55,247761.0
1003422,2021-09-23,3405.35,3468.0,3503.8,3393.05,303259.0
1003422,2021-09-24,3372.85,3442.25,3464.4,3366.15,199385.0
1003422,2021-09-29,3134.65,3400.0,3400.0,3111.0,1938275.0
1003422,2021-10-19,3085.8,3100.0,3135.0,3070.0,215014.0
1003422,2021-12-02,2975.05,3050.0,3058.7,2972.1,240920.0
1003422,2021-12-09,2921.75,2924.9,2977.35,2915.0,104966.0
1003422,2022-01-13,2925.2,2868.0,2958.0,2852.15,313589.0
1003422,2022-02-01,2765.2,2727.65,2784.95,2688.6,118740.0
1003422,2022-02-21,2417.7,2430.0,2440.0,2391.0,241708.0
1003422,2021-01-08,1786.95,1822.5,1823.0,1776.95,75264.0
1003422,2021-02-24,1807.75,1774.0,1819.95,1761.1,34331.0
1003422,2021-03-03,1897.05,1865.0,1939.0,1865.0,278465.0
1003422,2021-04-08,1854.6,1812.9,1874.8,1812.9,83273.0
1003422,2021-04-16,2066.95,1865.0,2100.0,1855.35,798764.0
1003422,2021-04-27,2282.85,2181.75,2335.0,2176.05,283376.0
1003422,2021-06-07,2751.05,2558.0,2793.0,2550.1,421910.0
1003422,2021-06-11,2784.55,2720.0,2945.0,2701.0,943079.0
1003422,2021-06-18,2781.4,2857.95,2860.0,2706.2,564482.0
1003422,2021-07-05,2839.35,2930.0,2960.0,2821.35,174306.0
1003422,2021-07-09,2879.2,2920.0,2927.75,2862.0,168154.0
1003422,2021-08-03,3489.45,3519.0,3545.0,3465.05,173987.0
1003422,2021-08-12,3072.95,3137.8,3166.0,3055.0,296987.0
1003422,2021-08-17,3200.7,3240.5,3278.95,3152.9,343003.0
1003422,2021-09-15,3606.5,3618.95,3620.0,3572.0,150175.0
1003422,2021-11-03,2962.55,2971.5,2989.8,2945.0,137229.0
1003422,2021-12-08,2911.95,2929.6,2952.1,2902.25,135847.0
1003422,2022-01-17,2949.6,2971.5,2971.5,2931.0,135402.0
1003422,2022-02-22,2339.45,2360.0,2384.65,2320.0,242904.0
1003422,2022-02-28,2494.3,2358.35,2499.9,2308.0,373035.0
1003422,2022-04-04,2472.75,2435.0,2485.2,2425.1,144450.0
1003422,2022-03-09,2427.65,2448.9,2459.95,2407.2,122559.0
1003422,2022-03-21,2394.25,2420.0,2420.0,2380.0,235357.0
1003422,2022-05-04,2406.0,2439.0,2464.85,2399.8,77601.0
1003422,2022-05-10,2292.7,2366.35,2397.75,2277.0,129907.0
1003422,2022-05-11,2269.05,2299.0,2319.3,2242.0,128582.0
1003422,2022-05-31,2325.7,2144.0,2357.95,2130.2,576395.0
1003422,2022-04-08,2517.15,2518.0,2565.0,2481.15,136930.0
1003422,2022-06-09,2566.95,2460.0,2597.45,2433.1,851145.0
1003422,2022-06-15,2372.05,2343.6,2398.7,2325.0,93472.0
1003422,2022-06-21,2403.35,2475.6,2510.0,2392.0,112168.0
1003422,2022-06-30,2257.75,2255.0,2284.2,2250.05,69549.0
1003422,2022-07-11,2273.95,2264.9,2284.45,2231.0,58033.0
1003422,2022-08-19,2255.65,2370.0,2379.95,2241.0,1657987.0
1003422,2022-09-09,2460.95,2381.0,2476.15,2380.0,548060.0
1003422,2022-10-17,2598.55,2584.85,2637.0,2570.0,148735.0
1003422,2022-11-01,2496.95,2556.95,2556.95,2490.0,126200.0
1003422,2022-12-13,2190.05,2204.5,2207.8,2186.0,99077.0
1003422,2022-03-11,2494.15,2472.6,2524.8,2452.9,252428.0
1003422,2022-03-17,2373.35,2420.0,2424.55,2350.0,873155.0
1003422,2022-03-14,2453.95,2515.0,2519.75,2430.0,169731.0
1003422,2022-05-13,2150.0,2230.0,2232.0,2140.0,226743.0
1003422,2022-07-12,2311.55,2268.0,2345.8,2260.7,126125.0
1003422,2022-07-22,2426.8,2380.0,2441.0,2365.6,118122.0
1003422,2022-10-13,2596.6,2568.0,2690.0,2568.0,526042.0
1003422,2022-11-03,2473.0,2500.0,2539.75,2465.0,128472.0
1003422,2022-12-07,2253.45,2271.15,2276.9,2251.0,78123.0
1003422,2022-04-01,2417.7,2320.8,2436.3,2320.8,212794.0
1003422,2022-05-17,2195.95,2179.0,2200.0,2169.6,104586.0
1003422,2022-06-06,2399.9,2400.0,2424.0,2352.6,251724.0
1003422,2022-07-13,2324.15,2326.95,2375.0,2317.65,98628.0
1003422,2022-08-05,2368.05,2460.0,2485.0,2357.0,157198.0
1003422,2022-08-17,2393.6,2428.0,2428.0,2386.2,68640.0
1003422,2022-09-07,2305.5,2288.8,2322.9,2275.0,149746.0
1003422,2022-09-12,2576.35,2480.0,2609.0,2469.05,565590.0
1003422,2022-11-04,2453.4,2485.4,2496.3,2448.0,238744.0
1003422,2022-11-28,2356.45,2329.0,2369.0,2325.05,126702.0
1003422,2022-12-02,2275.45,2277.05,2306.0,2272.15,142245.0
1003422,2022-12-08,2203.35,2255.0,2258.8,2200.0,357998.0
1003422,2022-03-24,2380.85,2379.2,2402.0,2370.0,155440.0
1003422,2022-04-11,2517.05,2517.15,2558.0,2495.0,125504.0
1003422,2022-04-29,2478.4,2528.0,2537.5,2462.5,96921.0
1003422,2022-04-06,2565.35,2569.7,2599.95,2540.5,114561.0
1003422,2022-05-19,2145.05,2150.0,2175.0,2103.05,78216.0
1003422,2022-05-02,2439.65,2456.35,2476.8,2428.0,63180.0
1003422,2022-06-03,2401.0,2451.0,2459.9,2369.3,360294.0
1003422,2022-06-29,2268.05,2249.95,2297.7,2232.0,80898.0
1003422,2022-06-07,2434.45,2380.0,2445.0,2375.05,141792.0
1003422,2022-07-06,2230.95,2211.0,2242.3,2175.35,237921.0
1003422,2022-07-04,2164.9,2225.0,2235.0,2152.0,125098.0
1003422,2022-07-07,2267.85,2253.0,2279.0,2235.35,77891.0
1003422,2022-07-08,2268.45,2276.0,2309.0,2256.3,84965.0
1003422,2022-07-21,2365.3,2399.9,2399.9,2356.35,67828.0
1003422,2022-08-11,2368.0,2334.9,2377.85,2322.05,91096.0
1003422,2022-07-29,2457.65,2449.9,2470.0,2425.4,96211.0
1003422,2022-08-16,2408.05,2448.0,2448.0,2380.0,83364.0
1003422,2022-08-12,2374.35,2370.0,2396.0,2340.55,52956.0
1003422,2022-09-26,2446.2,2512.8,2519.9,2420.0,109787.0
1003422,2022-08-29,2258.4,2191.0,2270.0,2180.0,188578.0
1003422,2022-09-15,2592.6,2600.0,2620.0,2584.1,158669.0
1003422,2022-10-06,2486.45,2487.0,2504.2,2480.0,46975.0
1003422,2022-11-25,2322.8,2310.5,2344.4,2306.0,104897.0
1003422,2022-09-28,2436.85,2429.05,2458.0,2415.1,133719.0
1003422,2022-10-14,2575.95,2650.0,2650.0,2556.15,190963.0
1003422,2022-12-05,2298.0,2288.3,2323.35,2277.65,154222.0
1003422,2022-12-12,2194.65,2219.35,2219.35,2177.3,98255.0
1003422,2022-04-13,2553.85,2505.0,2619.4,2499.85,274406.0
1003422,2022-06-10,2587.9,2539.05,2656.0,2519.2,436893.0
1003422,2022-07-01,2224.8,2258.8,2258.8,2207.0,57998.0
1003422,2022-07-25,2436.2,2424.9,2447.4,2413.55,60540.0
1003422,2022-07-27,2410.75,2400.0,2421.4,2370.6,50635.0
1003422,2022-08-04,2442.7,2499.0,2500.0,2366.4,104598.0
1003422,2022-08-22,2203.0,2241.3,2256.55,2194.5,244724.0
1003422,2022-09-13,2605.0,2607.0,2640.0,2578.35,387424.0
1003422,2022-10-19,2565.2,2602.0,2606.65,2560.0,92943.0
1003422,2022-10-20,2611.3,2565.0,2645.0,2527.0,132428.0
1003422,2022-11-02,2502.6,2504.8,2525.0,2485.6,104582.0
1003422,2022-11-15,2351.45,2390.0,2390.0,2344.1,109763.0
1003422,2022-11-24,2299.5,2280.0,2305.0,2274.05,80021.0
1003422,2022-11-30,2298.75,2359.6,2359.6,2285.0,131235.0
1003422,2022-05-06,2398.2,2350.0,2410.05,2347.0,128930.0
1003422,2022-03-10,2455.8,2498.0,2527.65,2441.0,250602.0
1003422,2022-03-25,2361.55,2389.95,2400.0,2352.0,134930.0
1003422,2022-06-13,2470.8,2550.0,2567.6,2373.0,181504.0
1003422,2022-06-22,2294.05,2408.0,2408.0,2280.25,116412.0
1003422,2022-08-26,2250.45,2245.0,2260.0,2236.3,273907.0
1003422,2022-09-01,2290.2,2304.0,2304.0,2282.05,67934.0
1003422,2022-09-16,2535.2,2595.0,2596.8,2516.0,233210.0
1003422,2022-09-29,2498.2,2466.0,2519.5,2466.0,123000.0
1003422,2022-10-07,2467.7,2476.0,2497.8,2443.05,43646.0
1003422,2022-10-25,2615.9,2663.0,2676.55,2605.0,112120.0
1003422,2022-11-09,2396.2,2462.25,2462.25,2390.0,221182.0
1003422,2022-11-22,2278.1,2293.9,2294.75,2270.0,65376.0
1003422,2022-11-29,2353.65,2368.0,2396.45,2346.0,54349.0
1003422,2022-03-07,2387.9,2345.0,2418.45,2340.25,153229.0
1003422,2022-03-16,2380.65,2448.9,2448.9,2370.0,225018.0
1003422,2022-03-22,2374.8,2408.0,2408.0,2370.0,171377.0
1003422,2022-05-12,2197.6,2265.0,2265.0,2192.0,150235.0
1003422,2022-06-16,2317.85,2410.0,2419.5,2295.8,89826.0
1003422,2022-06-17,2418.1,2290.0,2444.0,2284.05,225442.0
1003422,2022-06-23,2318.75,2297.0,2345.0,2297.0,90695.0
1003422,2022-08-23,2223.95,2188.0,2238.0,2177.05,104993.0
1003422,2022-09-21,2440.85,2476.35,2494.2,2434.1,46041.0
1003422,2022-09-22,2567.9,2442.0,2579.0,2431.8,335080.0
1003422,2022-10-04,2478.9,2507.0,2520.0,2470.0,57196.0
1003422,2022-10-11,2556.9,2549.0,2594.0,2515.1,150409.0
1003422,2022-10-28,2564.4,2605.85,2605.85,2552.35,56443.0
1003422,2022-11-10,2359.65,2396.0,2415.6,2352.0,149416.0
1003422,2022-11-18,2291.55,2352.5,2366.0,2285.0,176882.0
1003422,2022-04-05,2574.45,2488.95,2624.8,2481.9,379036.0
1003422,2022-03-08,2385.2,2396.95,2416.0,2361.15,133304.0
1003422,2022-04-18,2571.1,2550.0,2609.4,2530.0,213735.0
1003422,2022-04-26,2577.25,2604.8,2620.0,2570.0,144045.0
1003422,2022-04-28,2516.2,2552.9,2555.0,2490.0,77372.0
1003422,2022-05-16,2160.1,2190.05,2190.05,2114.0,115884.0
1003422,2022-08-03,2475.8,2453.5,2490.0,2449.9,99771.0
1003422,2022-08-10,2308.9,2349.95,2350.0,2296.0,98438.0
1003422,2022-09-19,2461.55,2513.0,2520.0,2451.15,236567.0
1003422,2022-11-14,2373.8,2406.2,2406.4,2342.8,278493.0
1003422,2022-12-01,2276.25,2311.0,2329.75,2271.25,376229.0
1003422,2022-04-19,2563.75,2578.4,2615.0,2541.0,133448.0
1003422,2022-03-15,2407.65,2470.0,2484.1,2380.0,173915.0
1003422,2022-03-23,2387.85,2391.0,2435.0,2383.85,191979.0
1003422,2022-04-21,2590.75,2553.35,2682.75,2553.35,220755.0
1003422,2022-03-29,2313.45,2345.4,2357.95,2292.0,244987.0
1003422,2022-04-25,2598.15,2612.0,2638.0,2561.0,212442.0
1003422,2022-04-20,2553.35,2570.9,2585.0,2539.0,68067.0
1003422,2022-07-26,2406.7,2435.9,2435.9,2387.15,56330.0
1003422,2022-08-02,2453.5,2440.2,2487.0,2440.2,107645.0
1003422,2022-04-27,2528.95,2568.0,2568.0,2511.05,77450.0
1003422,2022-08-24,2230.35,2237.8,2257.0,2220.15,127119.0
1003422,2022-05-05,2421.2,2434.95,2489.0,2354.2,252847.0
1003422,2022-09-02,2307.45,2300.2,2318.9,2293.45,118331.0
1003422,2022-05-24,2193.75,2219.8,2229.0,2175.0,210030.0
1003422,2022-09-06,2289.25,2306.0,2315.0,2279.25,85859.0
1003422,2022-05-27,2088.2,2105.0,2160.0,2077.1,109474.0
1003422,2022-05-30,2126.95,2126.55,2138.5,2095.0,136945.0
1003422,2022-10-24,2666.9,2670.0,2679.0,2660.0,77038.0
1003422,2022-06-20,2475.6,2419.0,2500.0,2418.95,227954.0
1003422,2022-07-15,2308.85,2325.0,2325.0,2287.0,54444.0
1003422,2022-10-31,2549.15,2587.0,2587.0,2540.0,83732.0
1003422,2022-11-21,2283.3,2290.0,2310.9,2275.25,104542.0
1003422,2022-12-06,2269.2,2294.7,2294.7,2258.5,250361.0
1003422,2022-07-20,2395.7,2409.7,2455.15,2385.35,104518.0
1003422,2022-09-20,2481.2,2481.95,2510.0,2465.65,139703.0
1003422,2022-10-18,2593.65,2604.0,2655.0,2580.15,122286.0
1003422,2022-11-11,2394.4,2399.0,2402.55,2380.25,96636.0
1003422,2022-12-09,2210.75,2220.0,2243.45,2185.05,129750.0
1003422,2022-03-28,2336.5,2366.95,2371.2,2328.75,167517.0
1003422,2022-03-31,2315.85,2327.7,2371.0,2310.0,136807.0
1003422,2022-05-20,2251.3,2197.6,2260.65,2171.35,108533.0
1003422,2022-05-26,2075.4,2113.0,2135.0,2037.15,199775.0
1003422,2022-06-02,2442.3,2400.0,2451.8,2365.0,173349.0
1003422,2022-06-27,2297.95,2340.0,2344.25,2288.0,78228.0
1003422,2022-09-05,2301.45,2313.0,2322.0,2286.0,125231.0
1003422,2022-09-08,2371.65,2321.0,2380.35,2320.0,301623.0
1003422,2022-09-23,2549.15,2570.0,2588.0,2494.0,141790.0
1003422,2022-11-07,2449.8,2490.0,2515.0,2440.0,135707.0
1003422,2022-03-30,2326.85,2320.0,2359.75,2311.0,203866.0
1003422,2022-06-08,2428.3,2422.15,2459.0,2400.0,80284.0
1003422,2022-05-23,2193.2,2256.0,2277.65,2185.05,192889.0
1003422,2022-04-22,2625.3,2583.0,2640.0,2555.15,171956.0
1003422,2022-08-01,2436.65,2466.0,2478.75,2430.0,73059.0
1003422,2022-10-10,2535.35,2445.0,2560.0,2443.45,196458.0
1003422,2022-10-12,2567.45,2574.0,2598.5,2522.3,128266.0
1003422,2022-10-27,2593.2,2619.9,2629.95,2580.0,86905.0
1003422,2022-04-07,2511.8,2568.9,2580.9,2502.0,105378.0
1003422,2022-04-12,2499.7,2517.05,2517.05,2462.0,87151.0
1003422,2022-05-09,2361.2,2360.0,2390.0,2320.8,130769.0
1003422,2022-05-18,2171.05,2222.7,2234.0,2160.0,80625.0
1003422,2022-05-25,2106.55,2194.3,2200.0,2096.0,122733.0
1003422,2022-06-24,2301.8,2340.0,2344.0,2286.3,47603.0
1003422,2022-07-19,2381.6,2297.3,2402.95,2297.3,144603.0
1003422,2022-07-28,2433.65,2415.0,2448.7,2401.0,68002.0
1003422,2022-08-08,2328.85,2384.35,2384.35,2310.0,128941.0
1003422,2022-10-21,2635.8,2629.65,2651.9,2615.15,111357.0
1003422,2022-11-23,2272.15,2287.7,2293.7,2255.0,286374.0
1003422,2022-07-05,2196.35,2178.95,2223.95,2178.95,79502.0
1003422,2022-07-14,2319.05,2327.5,2347.75,2286.0,58221.0
1003422,2022-07-18,2297.3,2318.5,2336.95,2281.1,63863.0
1003422,2022-09-14,2592.4,2551.0,2625.0,2548.0,275207.0
1003422,2022-09-27,2412.55,2439.0,2455.2,2390.15,127438.0
1003422,2022-10-03,2473.25,2527.0,2527.0,2462.05,64560.0
1003422,2022-11-17,2349.75,2355.5,2376.0,2342.0,192325.0
1003422,2022-06-01,2409.1,2333.0,2447.8,2333.0,403859.0
1003422,2022-06-14,2343.6,2452.0,2458.95,2321.1,176722.0
1003422,2022-06-28,2258.1,2299.95,2299.95,2253.0,84246.0
1003422,2022-08-18,2378.45,2419.9,2429.0,2372.0,150019.0
1003422,2022-08-25,2234.2,2247.0,2256.7,2225.0,77617.0
1003422,2022-08-30,2303.9,2280.0,2314.8,2255.1,202412.0
1003422,2022-09-30,2527.4,2498.0,2545.0,2470.45,89652.0
1003422,2022-11-16,2353.2,2355.2,2375.0,2345.0,145820.0
1003422,2022-12-26,2192.0,2169.05,2218.0,2151.05,49423.0
1003422,2022-12-27,2214.85,2205.0,2229.0,2195.2,66141.0
1003422,2022-12-29,2209.6,2210.0,2223.55,2199.0,53024.0
1003422,2023-01-20,2318.8,2307.0,2322.9,2302.7,60676.0
1003422,2023-02-07,2260.4,2256.05,2292.0,2205.0,110116.0
1003422,2023-01-09,2223.45,2232.7,2235.0,2214.65,42418.0
1003422,2023-02-09,2253.1,2261.5,2266.0,2225.1,34738.0
1003422,2023-02-24,2292.95,2305.8,2305.95,2285.0,39040.0
1003422,2023-03-02,2257.15,2255.4,2263.3,2250.05,34573.0
1003422,2023-03-10,2291.8,2286.0,2307.5,2278.95,80302.0
1003422,2023-04-10,2227.5,2176.15,2263.7,2172.0,111599.0
1003422,2023-04-24,2034.65,2068.95,2073.95,2026.2,157047.0
1003422,2023-04-28,2061.25,2057.9,2071.0,2034.0,86602.0
1003422,2023-05-19,2081.7,2069.7,2089.5,2048.6,55337.0
1003422,2023-08-09,2405.95,2384.0,2421.65,2379.85,97423.0
1003422,2022-12-30,2221.65,2213.0,2230.0,2212.5,46280.0
1003422,2023-01-12,2235.75,2226.0,2245.0,2226.0,56467.0
1003422,2023-03-06,2309.75,2324.8,2355.0,2301.1,53808.0
1003422,2023-04-06,2176.15,2163.7,2202.95,2159.85,31863.0
1003422,2023-04-19,2114.1,2139.8,2149.95,2105.7,28673.0
1003422,2023-05-15,2066.0,2057.0,2071.95,2051.0,53585.0
1003422,2023-05-26,2135.1,2148.95,2154.7,2125.9,35520.0
1003422,2023-06-20,2184.55,2196.4,2213.8,2174.55,41997.0
1003422,2023-07-11,2249.0,2257.45,2281.5,2236.0,69685.0
1003422,2023-07-19,2280.35,2278.7,2297.05,2267.0,84358.0
1003422,2023-07-21,2295.3,2266.0,2313.6,2264.0,142464.0
1003422,2023-07-25,2336.85,2348.15,2349.8,2315.9,77021.0
1003422,2023-01-24,2301.6,2324.8,2325.3,2285.0,50198.0
1003422,2023-02-15,2289.8,2243.35,2306.0,2243.35,83217.0
1003422,2023-03-27,2060.8,2115.0,2128.85,2045.0,76464.0
1003422,2023-03-09,2300.85,2310.9,2310.9,2290.1,99356.0
1003422,2023-04-25,2047.65,2035.0,2060.0,2032.0,318410.0
1003422,2023-03-16,2164.6,2206.05,2224.55,2160.0,104875.0
1003422,2023-06-05,2195.75,2200.9,2207.0,2185.1,46912.0
1003422,2023-04-05,2159.85,2133.5,2165.0,2125.95,87658.0
1003422,2023-06-07,2180.05,2174.05,2195.0,2168.05,45636.0
1003422,2023-04-21,2064.35,2107.8,2108.65,2060.0,75203.0
1003422,2023-06-22,2176.85,2204.95,2206.75,2162.2,62564.0
1003422,2023-05-08,2055.05,2087.0,2087.0,2047.0,61281.0
1003422,2023-07-12,2232.05,2259.7,2267.3,2223.0,91738.0
1003422,2023-05-23,2190.75,2144.7,2194.75,2140.0,137967.0
1003422,2023-06-14,2185.35,2172.95,2199.0,2166.15,40801.0
1003422,2023-06-19,2179.4,2201.0,2208.8,2175.0,40076.0
1003422,2023-07-31,2356.95,2346.5,2392.8,2346.5,188890.0
1003422,2023-08-23,2498.55,2501.95,2523.0,2486.0,214822.0
1003422,2022-12-15,2178.25,2184.05,2198.35,2171.35,138979.0
1003422,2022-12-19,2187.2,2220.0,2224.9,2180.0,102683.0
1003422,2023-01-04,2207.0,2218.9,2218.9,2200.6,43256.0
1003422,2023-01-18,2295.85,2295.7,2315.6,2293.0,112700.0
1003422,2023-02-17,2300.65,2293.65,2330.0,2283.05,65033.0
1003422,2023-02-20,2299.35,2309.45,2310.0,2289.05,28418.0
1003422,2023-05-10,2088.55,2112.0,2137.0,2067.15,180922.0
1003422,2023-05-18,2069.7,2075.0,2079.95,2064.05,30685.0
1003422,2023-05-25,2144.95,2172.7,2172.7,2137.55,43351.0
1003422,2023-06-21,2187.7,2198.0,2206.6,2175.85,53221.0
1003422,2023-07-03,2292.55,2238.0,2330.0,2225.1,521776.0
1003422,2023-07-04,2289.6,2322.0,2345.0,2275.0,221638.0
1003422,2023-08-14,2454.45,2419.0,2465.0,2380.0,183959.0
1003422,2022-12-21,2202.1,2200.0,2239.6,2194.6,210666.0
1003422,2023-01-17,2293.45,2290.0,2304.35,2274.0,116885.0
1003422,2023-01-19,2306.4,2294.0,2310.75,2287.45,58936.0
1003422,2023-04-27,2048.1,2067.7,2067.7,2035.6,51617.0
1003422,2023-05-17,2070.85,2083.5,2110.0,2066.05,80773.0
1003422,2023-05-22,2134.8,2088.4,2160.0,2083.6,189043.0
1003422,2023-06-09,2151.65,2168.6,2178.8,2150.0,26258.0
1003422,2023-07-14,2272.1,2249.7,2279.0,2236.15,105535.0
1003422,2023-07-17,2272.2,2285.0,2302.95,2268.05,77325.0
1003422,2023-07-26,2329.6,2337.0,2353.9,2320.0,56955.0
1003422,2023-07-28,2333.6,2335.7,2344.8,2320.0,57247.0
1003422,2023-01-25,2278.85,2293.0,2299.0,2271.95,53811.0
1003422,2023-01-02,2192.7,2226.7,2226.7,2188.1,71711.0
1003422,2022-12-20,2194.6,2200.0,2207.15,2182.4,69421.0
1003422,2022-12-23,2169.05,2244.0,2244.0,2150.0,134801.0
1003422,2023-03-29,2017.4,2020.0,2047.9,2010.05,62569.0
1003422,2023-05-04,2061.7,2053.4,2072.0,2050.75,59887.0
1003422,2023-05-16,2075.9,2072.0,2097.45,2062.3,157072.0
1003422,2023-05-24,2171.65,2186.0,2212.95,2162.65,47301.0
1003422,2023-07-06,2301.3,2281.0,2329.9,2276.05,101789.0
1003422,2023-07-07,2286.05,2299.0,2331.0,2270.05,125495.0
1003422,2023-07-27,2336.4,2344.7,2353.9,2328.0,64428.0
1003422,2023-08-07,2377.35,2319.95,2458.0,2318.55,276913.0
1003422,2023-01-03,2214.3,2198.1,2220.0,2197.8,39310.0
1003422,2023-01-06,2220.75,2220.75,2231.9,2214.0,27983.0
1003422,2023-01-10,2226.15,2226.5,2244.0,2220.0,56380.0
1003422,2023-01-30,2262.0,2277.25,2305.0,2250.0,72292.0
1003422,2023-02-03,2264.9,2242.1,2284.95,2235.65,64068.0
1003422,2023-03-22,2180.95,2173.15,2213.3,2170.4,27074.0
1003422,2023-05-29,2138.15,2141.0,2149.4,2134.3,29937.0
1003422,2023-06-27,2135.4,2162.55,2162.55,2132.0,57618.0
1003422,2023-07-20,2273.85,2282.95,2294.0,2268.15,85019.0
1003422,2023-08-03,2350.8,2350.0,2425.0,2340.1,260004.0
1003422,2023-08-04,2310.25,2357.0,2378.85,2305.0,75554.0
1003422,2023-01-16,2292.4,2286.7,2306.0,2276.0,76538.0
1003422,2023-01-23,2318.75,2329.0,2335.0,2316.2,62212.0
1003422,2023-02-27,2267.7,2292.0,2292.0,2252.35,104535.0
1003422,2023-03-08,2299.45,2307.0,2309.7,2276.35,52380.0
1003422,2023-06-01,2229.95,2216.9,2265.0,2210.9,135721.0
1003422,2023-06-06,2174.05,2196.95,2196.95,2171.05,30906.0
1003422,2023-06-13,2163.9,2179.25,2183.15,2158.0,38685.0
1003422,2023-07-10,2246.35,2285.0,2310.0,2240.0,69266.0
1003422,2023-08-17,2536.4,2501.95,2539.9,2490.25,174468.0
1003422,2023-02-21,2297.25,2293.0,2304.95,2281.5,27630.0
1003422,2023-03-15,2217.4,2221.3,2238.55,2210.0,29499.0
1003422,2023-03-23,2162.7,2181.0,2186.95,2150.0,43176.0
1003422,2023-04-03,2110.85,2039.0,2144.4,2038.0,132541.0
1003422,2023-06-16,2196.85,2217.9,2228.8,2187.1,45928.0
1003422,2023-06-30,2198.55,2188.0,2225.0,2179.9,223340.0
1003422,2023-07-05,2275.05,2290.0,2313.0,2261.9,99434.0
1003422,2023-07-24,2335.9,2299.65,2364.95,2295.0,275541.0
1003422,2023-08-22,2500.35,2503.7,2534.1,2486.45,78235.0
1003422,2023-01-31,2279.75,2262.0,2298.8,2250.9,61124.0
1003422,2022-12-28,2210.85,2203.0,2218.8,2190.1,45818.0
1003422,2023-02-02,2258.55,2254.75,2277.6,2237.75,41438.0
1003422,2023-03-01,2253.7,2255.0,2272.1,2250.2,50372.0
1003422,2023-03-28,2015.55,2035.0,2068.85,2010.0,76521.0
1003422,2023-05-02,2049.15,2068.95,2075.4,2045.05,74076.0
1003422,2023-08-21,2501.75,2538.5,2544.95,2468.9,150254.0
1003422,2023-01-05,2220.75,2213.95,2246.9,2206.95,87785.0
1003422,2023-01-11,2226.0,2227.35,2243.55,2218.1,72853.0
1003422,2023-02-06,2256.05,2230.15,2280.05,2230.15,49275.0
1003422,2023-02-22,2301.1,2278.0,2306.05,2266.55,100607.0
1003422,2023-02-23,2301.1,2301.95,2307.35,2296.0,115524.0
1003422,2023-03-21,2167.6,2172.95,2189.9,2165.0,31850.0
1003422,2023-03-24,2132.8,2159.65,2169.05,2125.85,51143.0
1003422,2023-04-11,2191.2,2235.8,2242.0,2188.05,58870.0
1003422,2023-04-12,2160.65,2197.7,2214.5,2140.7,183345.0
1003422,2023-04-18,2129.15,2110.0,2147.0,2100.05,39117.0
1003422,2023-05-12,2057.8,2089.7,2094.05,2054.0,165019.0
1003422,2023-05-30,2142.5,2141.0,2155.0,2135.0,27634.0
1003422,2023-06-15,2196.2,2196.9,2233.15,2186.1,107363.0
1003422,2023-07-18,2274.3,2285.0,2289.0,2251.55,64110.0
1003422,2023-08-11,2426.4,2415.0,2435.0,2406.8,255462.0
1003422,2023-02-10,2271.8,2251.0,2288.8,2242.4,40660.0
1003422,2022-12-14,2186.8,2205.9,2205.9,2180.0,314823.0
1003422,2022-12-16,2207.75,2175.0,2249.5,2172.1,234243.0
1003422,2023-01-27,2293.65,2289.7,2340.0,2278.9,279897.0
1003422,2023-02-08,2261.5,2250.0,2278.7,2250.0,45805.0
1003422,2023-02-13,2279.25,2271.8,2285.0,2260.0,28253.0
1003422,2023-02-16,2297.55,2322.7,2331.0,2272.4,146134.0
1003422,2023-03-14,2227.65,2238.0,2248.7,2206.25,39809.0
1003422,2023-05-31,2216.9,2142.5,2225.0,2142.5,114179.0
1003422,2023-06-26,2149.75,2163.7,2174.0,2140.25,50595.0
1003422,2023-08-10,2412.9,2407.05,2430.0,2402.7,85651.0
1003422,2023-02-28,2260.05,2262.0,2272.1,2208.1,64110.0
1003422,2023-03-13,2248.65,2288.7,2291.8,2235.0,63936.0
1003422,2023-05-05,2072.25,2061.05,2098.0,2060.0,74190.0
1003422,2023-05-09,2110.35,2064.7,2117.95,2058.35,240428.0
1003422,2023-06-08,2168.6,2180.05,2188.35,2161.0,29104.0
1003422,2023-06-23,2156.8,2184.0,2189.95,2147.85,46138.0
1003422,2023-06-28,2158.85,2147.55,2166.95,2140.05,66575.0
1003422,2023-07-13,2241.3,2237.7,2244.0,2220.15,72908.0
1003422,2023-08-01,2371.1,2368.95,2408.7,2361.0,111149.0
1003422,2022-12-22,2249.95,2215.0,2284.0,2215.0,364347.0
1003422,2023-01-13,2273.85,2242.0,2279.9,2235.05,129596.0
1003422,2023-02-01,2259.05,2288.0,2300.1,2242.5,87619.0
1003422,2023-02-14,2267.05,2275.0,2280.95,2255.9,29431.0
1003422,2023-03-03,2312.75,2258.95,2349.0,2257.3,205728.0
1003422,2023-03-17,2159.45,2165.55,2185.9,2151.0,42816.0
1003422,2023-03-20,2161.9,2159.0,2169.6,2144.45,42719.0
1003422,2023-04-20,2102.1,2119.0,2123.9,2096.65,35210.0
1003422,2023-04-26,2058.15,2054.65,2080.0,2050.1,47806.0
1003422,2023-08-16,2497.2,2446.0,2506.8,2440.0,214129.0
1003422,2023-08-18,2538.55,2536.0,2545.2,2506.55,111154.0
1003422,2023-03-31,2030.95,2025.0,2097.4,2024.05,111789.0
1003422,2023-04-13,2138.0,2167.0,2179.7,2130.2,42384.0
1003422,2023-04-17,2100.05,2137.7,2137.7,2092.5,50446.0
1003422,2023-05-03,2050.75,2049.2,2068.0,2040.05,55668.0
1003422,2023-05-11,2087.0,2099.4,2106.95,2076.0,61467.0
1003422,2023-06-02,2197.15,2233.6,2249.9,2192.75,77627.0
1003422,2023-06-12,2162.9,2160.0,2177.0,2150.0,39318.0
1003422,2023-08-02,2371.4,2375.7,2402.95,2347.0,111368.0
1003422,2023-08-08,2379.85,2398.6,2400.0,2354.45,118938.0
