stockid,date,close,open,high,low,volume
686667,2021-02-04,1001.3,1003.5,1020.0,995.0,21467.0
686667,2021-02-11,1037.65,1100.05,1113.95,1031.1,156352.0
686667,2021-02-17,929.25,945.0,945.0,921.0,45886.0
686667,2021-03-01,976.7,967.3,982.0,950.1,31573.0
686667,2021-04-12,983.5,1029.9,1029.9,972.1,25958.0
686667,2021-07-29,1409.45,1425.0,1426.75,1406.0,18338.0
686667,2021-08-05,1430.0,1446.0,1451.0,1395.5,30428.0
686667,2021-08-24,1250.15,1207.3,1269.0,1195.0,30324.0
686667,2021-10-13,1631.2,1650.0,1674.0,1600.0,129948.0
686667,2021-10-21,1775.75,1805.0,1809.55,1773.0,97473.0
686667,2021-01-07,850.45,840.6,863.85,830.05,61028.0
686667,2021-01-19,1002.65,990.05,1019.0,990.0,12465.0
686667,2021-01-20,1015.8,1005.0,1025.0,994.35,27272.0
686667,2021-02-23,955.1,946.05,970.0,940.0,20944.0
686667,2021-04-08,1023.8,1036.5,1070.05,1010.15,33455.0
686667,2021-05-28,1338.05,1365.0,1375.0,1320.0,45830.0
686667,2021-06-04,1465.5,1410.0,1490.0,1392.75,191532.0
686667,2021-06-28,1465.7,1475.0,1475.0,1450.0,35073.0
686667,2021-07-09,1495.65,1480.0,1524.0,1476.9,33430.0
686667,2021-07-14,1446.55,1431.65,1474.9,1430.0,26816.0
686667,2021-07-23,1412.8,1445.0,1445.95,1408.0,19909.0
686667,2021-07-30,1405.35,1415.0,1422.0,1401.1,19140.0
686667,2021-09-01,1323.65,1342.0,1347.15,1315.1,21514.0
686667,2021-09-08,1367.5,1355.0,1390.3,1344.4,19225.0
686667,2021-09-24,1346.2,1384.1,1389.9,1340.6,7945.0
686667,2021-10-08,1471.45,1470.05,1484.0,1455.0,15532.0
686667,2021-10-18,1833.6,1779.8,1881.0,1750.2,503628.0
686667,2021-02-19,978.5,951.7,991.1,940.0,59448.0
686667,2021-03-16,997.95,1012.9,1024.0,995.0,22313.0
686667,2021-04-13,1019.5,983.0,1027.0,976.55,27190.0
686667,2021-05-19,1305.25,1290.0,1324.0,1281.4,140101.0
686667,2021-06-02,1360.6,1334.0,1372.0,1324.4,60271.0
686667,2021-06-29,1456.75,1480.0,1492.0,1450.0,25114.0
686667,2021-07-13,1445.45,1480.0,1480.3,1441.0,26574.0
686667,2021-08-18,1336.0,1367.15,1373.7,1305.0,44675.0
686667,2021-09-06,1374.05,1320.0,1392.0,1320.0,38947.0
686667,2021-09-09,1379.6,1365.7,1388.0,1355.0,12720.0
686667,2021-09-15,1391.15,1414.35,1415.0,1386.0,14963.0
686667,2021-01-21,991.0,1022.0,1029.0,985.0,19012.0
686667,2021-04-28,1141.5,1144.35,1166.6,1137.0,29822.0
686667,2021-01-27,915.75,969.95,969.95,908.65,8504.0
686667,2021-05-04,1167.3,1219.2,1234.95,1160.0,116974.0
686667,2021-03-12,989.6,965.7,1029.0,962.6,70398.0
686667,2021-05-10,1250.45,1242.0,1260.0,1217.75,45207.0
686667,2021-06-07,1540.2,1470.0,1560.0,1470.0,186577.0
686667,2021-04-06,1030.6,980.0,1042.5,980.0,137227.0
686667,2021-07-02,1452.5,1448.0,1474.15,1448.0,24820.0
686667,2021-04-16,1037.9,1021.0,1045.0,1013.65,29406.0
686667,2021-07-20,1393.05,1425.0,1440.1,1385.0,33140.0
686667,2021-08-11,1374.55,1349.95,1383.8,1320.0,64753.0
686667,2021-05-26,1369.45,1339.95,1390.0,1319.75,126976.0
686667,2021-05-27,1357.55,1380.0,1388.8,1350.0,54060.0
686667,2021-08-27,1275.8,1269.8,1294.0,1241.0,17504.0
686667,2021-06-14,1461.3,1494.0,1494.0,1430.15,44322.0
686667,2021-08-30,1352.1,1324.0,1375.1,1305.35,59256.0
686667,2021-06-17,1414.45,1455.0,1463.75,1404.0,52672.0
686667,2021-08-31,1343.25,1360.0,1394.95,1333.2,25587.0
686667,2021-08-13,1414.8,1412.0,1438.0,1410.0,33063.0
686667,2021-09-20,1328.45,1354.5,1354.5,1324.45,11349.0
686667,2021-10-04,1400.9,1404.0,1424.6,1385.05,17202.0
686667,2021-10-12,1584.75,1551.0,1595.0,1522.0,86510.0
686667,2021-01-25,938.2,955.05,965.95,918.25,20509.0
686667,2021-02-18,946.95,934.1,964.0,934.1,39484.0
686667,2021-03-08,981.35,973.1,994.0,973.1,24946.0
686667,2021-04-07,1047.7,1032.0,1075.0,1021.2,67761.0
686667,2021-05-07,1220.8,1259.7,1273.5,1212.55,68889.0
686667,2021-05-18,1285.6,1227.0,1298.8,1222.05,168052.0
686667,2021-06-16,1453.6,1483.0,1497.1,1448.0,48334.0
686667,2021-07-16,1425.75,1439.85,1444.65,1411.1,18390.0
686667,2021-07-28,1406.0,1423.4,1423.75,1391.75,23277.0
686667,2021-08-09,1430.0,1439.95,1460.0,1418.85,38114.0
686667,2021-08-16,1389.4,1416.2,1424.0,1375.0,21590.0
686667,2021-09-23,1368.1,1386.0,1407.0,1356.3,9644.0
686667,2021-02-03,998.6,969.95,1006.35,960.05,34629.0
686667,2021-03-03,977.75,977.0,993.55,970.1,49448.0
686667,2021-03-19,951.65,945.0,963.8,922.1,26567.0
686667,2021-04-05,979.8,966.0,991.0,955.6,46324.0
686667,2021-04-23,1110.9,1149.8,1159.95,1104.8,59464.0
686667,2021-05-17,1226.85,1235.0,1245.25,1220.0,36349.0
686667,2021-06-01,1329.15,1377.0,1377.0,1320.0,42096.0
686667,2021-07-01,1447.25,1446.4,1461.35,1428.85,15864.0
686667,2021-09-03,1317.65,1329.95,1338.6,1313.0,15755.0
686667,2021-10-11,1546.8,1550.0,1560.0,1510.0,92882.0
686667,2021-01-08,912.65,854.65,935.0,854.65,238390.0
686667,2021-01-14,1033.75,1000.15,1055.85,985.4,45213.0
686667,2021-01-22,951.45,993.1,1001.0,945.6,29664.0
686667,2021-04-26,1135.6,1148.0,1159.8,1118.45,52670.0
686667,2021-06-21,1436.5,1380.5,1449.9,1380.05,48597.0
686667,2021-08-17,1366.1,1396.25,1396.25,1363.25,16096.0
686667,2021-09-07,1349.35,1383.8,1385.2,1339.0,16637.0
686667,2021-09-27,1387.25,1352.95,1415.9,1352.95,33916.0
686667,2021-02-24,966.4,960.0,980.0,957.0,10255.0
686667,2021-03-15,1008.25,996.9,1030.0,985.85,85169.0
686667,2021-01-18,988.75,1015.85,1031.9,969.0,36869.0
686667,2021-03-31,930.75,940.2,947.8,922.25,18080.0
686667,2021-05-24,1334.15,1370.0,1372.5,1311.1,98236.0
686667,2021-02-05,1002.65,998.65,1014.45,986.25,15135.0
686667,2021-02-12,1020.25,1040.0,1053.5,1012.0,53707.0
686667,2021-06-25,1436.55,1420.2,1440.95,1411.2,18246.0
686667,2021-03-22,976.8,951.0,991.15,945.0,22099.0
686667,2021-07-08,1483.4,1492.05,1522.0,1468.05,36883.0
686667,2021-05-25,1321.75,1340.1,1359.0,1311.5,70634.0
686667,2021-09-13,1409.55,1355.1,1439.9,1355.1,46669.0
686667,2021-09-16,1374.15,1398.0,1405.9,1368.55,14978.0
686667,2021-06-08,1489.0,1541.0,1565.8,1480.0,116348.0
686667,2021-06-15,1482.85,1474.95,1497.0,1466.8,53972.0
686667,2021-07-15,1426.3,1471.0,1478.95,1421.0,34294.0
686667,2021-07-26,1425.6,1402.9,1446.45,1402.9,38664.0
686667,2021-08-02,1426.55,1436.0,1469.45,1417.9,221751.0
686667,2021-09-14,1407.3,1425.0,1445.0,1401.0,21478.0
686667,2021-10-06,1452.3,1481.0,1520.0,1445.0,56577.0
686667,2021-11-01,1472.85,1503.65,1512.0,1468.0,12157.0
686667,2021-01-04,844.45,835.0,850.5,828.4,84556.0
686667,2021-01-11,1045.1,988.0,1088.0,980.1,388781.0
686667,2021-01-12,1009.0,1050.0,1079.0,999.0,80875.0
686667,2021-02-16,940.25,972.0,984.0,936.0,49710.0
686667,2021-02-22,941.3,985.0,994.0,937.3,36703.0
686667,2021-02-25,980.65,975.1,1002.0,966.0,83785.0
686667,2021-03-02,971.2,982.0,984.0,963.1,24634.0
686667,2021-03-05,962.85,985.0,995.05,950.0,24295.0
686667,2021-04-01,965.55,937.0,971.1,937.0,18015.0
686667,2021-04-09,1032.05,1023.8,1045.0,1023.75,15430.0
686667,2021-05-03,1191.9,1110.0,1210.0,1098.9,203788.0
686667,2021-06-22,1423.35,1443.65,1483.6,1413.75,44352.0
686667,2021-06-23,1407.05,1437.9,1442.7,1399.0,31272.0
686667,2021-09-22,1367.9,1338.5,1382.5,1334.25,16670.0
686667,2021-09-28,1399.6,1383.0,1435.0,1374.05,33110.0
686667,2021-10-05,1470.6,1425.0,1507.0,1425.0,167523.0
686667,2021-10-20,1794.9,1824.9,1829.7,1776.0,108808.0
686667,2021-10-22,1587.35,1608.0,1615.0,1516.0,67117.0
686667,2021-01-06,836.55,829.8,848.0,821.0,35790.0
686667,2021-02-15,968.9,1026.0,1037.95,961.0,64307.0
686667,2021-04-15,1022.4,1024.6,1037.65,1003.65,14012.0
686667,2021-04-29,1130.5,1145.0,1155.0,1120.9,28821.0
686667,2021-05-20,1386.2,1450.0,1475.0,1359.0,729177.0
686667,2021-06-10,1490.65,1461.0,1515.0,1461.0,71309.0
686667,2021-07-05,1468.65,1473.0,1480.0,1460.6,26465.0
686667,2021-07-27,1406.3,1426.0,1441.1,1398.65,52753.0
686667,2021-08-10,1331.8,1436.9,1441.65,1310.25,69259.0
686667,2021-08-25,1239.75,1256.45,1278.0,1230.0,21388.0
686667,2021-09-02,1327.25,1323.7,1345.05,1315.2,21652.0
686667,2021-09-17,1370.15,1375.7,1380.3,1343.95,17819.0
686667,2021-09-30,1385.35,1399.0,1415.0,1376.25,12192.0
686667,2021-10-25,1492.9,1565.0,1589.55,1433.65,43226.0
686667,2021-02-01,966.45,940.0,974.0,910.1,21058.0
686667,2021-02-08,1027.05,1008.0,1038.0,1008.0,24349.0
686667,2021-02-09,1035.7,1031.0,1060.0,1013.0,49369.0
686667,2021-03-04,983.5,987.0,1037.0,977.45,88071.0
686667,2021-03-24,947.35,970.9,983.05,937.0,15919.0
686667,2021-04-22,1142.35,1100.0,1188.9,1091.35,271771.0
686667,2021-04-30,1108.95,1120.1,1143.1,1105.0,29504.0
686667,2021-05-11,1239.75,1260.0,1262.15,1230.0,32862.0
686667,2021-05-21,1345.8,1400.0,1408.0,1337.55,194986.0
686667,2021-05-31,1368.05,1358.6,1387.0,1343.05,61030.0
686667,2021-06-11,1484.3,1502.0,1517.95,1469.65,49405.0
686667,2021-06-30,1439.2,1470.0,1470.8,1435.0,15868.0
686667,2021-07-19,1428.15,1431.7,1455.0,1416.2,17352.0
686667,2021-08-03,1453.15,1445.1,1464.95,1441.0,57405.0
686667,2021-08-06,1429.3,1436.9,1444.8,1414.0,18818.0
686667,2021-08-12,1408.4,1374.5,1440.0,1374.45,92399.0
686667,2021-10-19,1814.8,1850.0,1874.0,1795.0,171037.0
686667,2021-10-29,1503.65,1469.0,1515.2,1424.05,26739.0
686667,2021-01-29,924.1,948.95,948.95,920.0,14492.0
686667,2021-02-10,1074.2,1040.8,1094.0,1021.3,315707.0
686667,2021-03-18,949.3,978.0,990.0,932.65,22500.0
686667,2021-03-26,958.45,943.95,963.0,938.5,14160.0
686667,2021-05-06,1234.55,1175.0,1265.95,1175.0,193693.0
686667,2021-06-03,1389.95,1369.4,1419.0,1360.05,114687.0
686667,2021-06-18,1430.25,1421.55,1444.95,1370.1,89927.0
686667,2021-07-06,1498.65,1470.0,1570.0,1470.0,144111.0
686667,2021-07-07,1501.95,1500.0,1528.9,1496.5,20424.0
686667,2021-07-12,1464.95,1500.0,1501.9,1453.25,50727.0
686667,2021-07-22,1429.95,1400.05,1448.95,1400.05,39252.0
686667,2021-08-04,1446.15,1460.0,1475.0,1436.3,42767.0
686667,2021-08-20,1260.1,1281.0,1314.55,1250.0,39188.0
686667,2021-10-07,1464.8,1465.25,1495.0,1456.0,20273.0
686667,2021-10-14,1572.65,1644.0,1644.0,1565.0,69167.0
686667,2021-10-27,1496.85,1525.0,1525.0,1486.0,14156.0
686667,2021-11-02,1474.2,1475.35,1515.0,1463.1,19812.0
686667,2021-01-01,830.0,837.95,846.7,828.0,26948.0
686667,2021-01-05,825.8,837.55,842.25,822.65,20643.0
686667,2021-01-13,995.15,1018.0,1024.0,978.7,54519.0
686667,2021-03-09,976.4,990.0,994.0,974.3,13286.0
686667,2021-03-23,965.4,981.25,986.7,958.25,8766.0
686667,2021-03-25,939.25,950.0,950.0,922.0,32559.0
686667,2021-03-30,935.25,949.7,970.15,929.95,22212.0
686667,2021-05-05,1171.3,1184.0,1197.8,1167.0,29501.0
686667,2021-08-26,1253.9,1240.0,1270.0,1235.25,22328.0
686667,2021-09-29,1387.7,1399.0,1425.05,1380.0,9247.0
686667,2021-10-26,1499.45,1493.0,1539.95,1492.0,20850.0
686667,2021-10-28,1454.1,1490.05,1502.6,1450.0,21183.0
686667,2021-01-15,1010.75,1038.85,1048.0,992.0,28762.0
686667,2021-01-28,912.15,920.15,925.0,902.0,17047.0
686667,2021-02-02,965.15,970.9,988.0,938.75,17363.0
686667,2021-02-26,967.3,971.7,985.5,960.0,26026.0
686667,2021-03-10,965.7,981.25,982.75,960.0,24854.0
686667,2021-03-17,973.1,994.95,1005.0,968.4,13798.0
686667,2021-04-19,1055.8,1048.0,1088.0,1005.25,127266.0
686667,2021-04-20,1085.9,1088.0,1128.0,1057.0,190771.0
686667,2021-04-27,1138.65,1150.0,1172.05,1135.0,46157.0
686667,2021-05-12,1218.45,1249.8,1264.9,1211.45,37778.0
686667,2021-05-14,1222.25,1239.9,1260.0,1205.0,50979.0
686667,2021-06-09,1466.6,1508.0,1544.0,1453.0,97287.0
686667,2021-06-24,1415.65,1414.1,1437.0,1385.0,48496.0
686667,2021-08-23,1207.3,1274.95,1280.0,1201.05,48340.0
686667,2021-09-21,1337.55,1317.25,1352.0,1307.3,14063.0
686667,2021-10-01,1404.8,1378.0,1415.0,1369.75,10400.0
686667,2021-11-08,1476.9,1505.0,1505.0,1470.25,13947.0
686667,2021-11-11,1562.15,1526.15,1570.0,1519.9,19370.0
686667,2021-11-23,1443.4,1454.7,1470.0,1400.0,16262.0
686667,2021-11-24,1439.8,1470.0,1470.0,1434.8,11770.0
686667,2021-11-03,1473.1,1487.0,1504.5,1470.0,6584.0
686667,2021-11-29,1356.3,1390.0,1400.0,1333.05,18428.0
686667,2021-12-29,1360.15,1382.0,1382.0,1345.1,5771.0
686667,2022-01-11,1401.45,1425.0,1425.0,1400.0,9261.0
686667,2022-01-20,1286.9,1305.0,1330.0,1278.45,18822.0
686667,2022-03-24,1077.35,1100.0,1113.95,1070.0,20399.0
686667,2022-04-11,1109.55,1110.0,1144.3,1105.0,14210.0
686667,2022-04-26,848.65,851.7,858.0,841.05,115150.0
686667,2022-05-06,817.25,812.0,824.6,801.2,133563.0
686667,2022-05-11,769.2,785.8,788.65,751.0,158774.0
686667,2022-02-03,1315.6,1329.9,1339.05,1310.0,9317.0
686667,2022-03-03,1025.65,1047.9,1050.25,1022.1,11786.0
686667,2022-03-08,961.3,970.6,998.1,954.5,35100.0
686667,2022-03-10,948.05,975.0,981.0,940.0,48448.0
686667,2021-12-27,1300.5,1298.0,1335.0,1293.35,9262.0
686667,2021-11-18,1467.4,1490.0,1495.3,1455.0,18717.0
686667,2021-11-25,1436.15,1439.65,1450.0,1428.0,9476.0
686667,2021-12-10,1387.55,1388.9,1400.0,1382.95,6661.0
686667,2022-01-19,1297.2,1303.0,1329.8,1281.0,23220.0
686667,2022-03-04,1006.25,1022.0,1029.5,1004.1,29810.0
686667,2022-04-08,1106.2,1118.35,1126.95,1104.0,9771.0
686667,2022-04-22,856.25,839.9,864.1,832.1,423434.0
686667,2021-11-26,1412.95,1430.0,1474.0,1410.05,20334.0
686667,2021-12-21,1269.25,1258.15,1292.05,1255.25,11507.0
686667,2021-12-23,1296.5,1310.0,1315.0,1284.8,8365.0
686667,2021-12-30,1349.95,1350.0,1377.95,1345.0,8340.0
686667,2022-01-12,1430.4,1410.0,1450.0,1390.0,13870.0
686667,2022-01-03,1404.15,1399.9,1420.0,1387.9,12230.0
686667,2022-02-17,1143.85,1161.2,1176.0,1140.0,6980.0
686667,2022-01-07,1420.15,1449.0,1449.0,1416.0,10229.0
686667,2022-03-07,978.75,988.0,1003.9,973.65,17178.0
686667,2022-01-31,1274.4,1289.0,1289.05,1260.5,9300.0
686667,2022-03-09,952.0,966.15,983.0,946.5,44442.0
686667,2022-03-22,1103.95,1097.2,1120.0,1059.85,27220.0
686667,2022-03-21,1097.2,1095.95,1133.3,1066.95,40666.0
686667,2022-05-05,817.5,826.85,826.85,813.7,41694.0
686667,2022-03-28,1002.85,1037.0,1053.55,997.4,46191.0
686667,2022-04-12,1104.3,1105.0,1129.5,1094.65,19075.0
686667,2022-04-18,1074.65,1065.05,1088.0,1061.3,16207.0
686667,2021-12-17,1339.45,1360.0,1360.0,1326.0,7037.0
686667,2021-11-17,1487.85,1510.0,1514.2,1472.0,11321.0
686667,2022-02-04,1295.0,1315.0,1330.3,1287.1,11931.0
686667,2022-03-16,966.7,964.95,978.0,962.0,27771.0
686667,2022-05-02,818.95,839.0,846.0,812.7,97800.0
686667,2021-12-06,1390.5,1409.4,1412.8,1381.1,6798.0
686667,2021-12-15,1368.75,1363.0,1389.0,1362.0,7812.0
686667,2021-12-28,1359.45,1314.0,1379.5,1304.6,19992.0
686667,2022-01-05,1433.15,1419.0,1444.75,1341.0,12184.0
686667,2022-03-02,1042.65,1040.0,1065.0,1036.0,18768.0
686667,2022-04-04,1115.65,1053.9,1120.0,1053.9,45863.0
686667,2022-04-06,1121.2,1105.0,1140.0,1101.9,21145.0
686667,2022-04-27,877.7,849.25,887.5,846.0,392117.0
686667,2022-04-29,841.85,869.7,872.0,838.0,111531.0
686667,2022-05-10,781.85,819.0,822.95,769.55,86683.0
686667,2021-11-04,1497.1,1509.0,1509.0,1490.1,4680.0
686667,2021-11-22,1455.95,1434.0,1644.0,1400.0,24957.0
686667,2021-11-12,1527.6,1570.0,1599.0,1520.0,65402.0
686667,2021-11-10,1540.65,1504.4,1549.0,1487.75,19632.0
686667,2021-11-15,1491.55,1527.0,1538.9,1480.0,21075.0
686667,2022-01-10,1416.05,1429.95,1438.0,1402.85,10360.0
686667,2022-04-21,848.05,829.5,871.9,826.95,830360.0
686667,2021-11-09,1501.5,1489.9,1525.0,1470.05,17688.0
686667,2021-12-07,1390.0,1387.7,1405.65,1386.0,6979.0
686667,2021-12-09,1395.05,1409.7,1420.0,1390.0,8912.0
686667,2021-12-13,1385.35,1388.1,1398.0,1378.0,8108.0
686667,2021-12-20,1271.05,1320.0,1320.0,1260.05,16359.0
686667,2022-01-04,1419.05,1400.15,1424.0,1395.0,14815.0
686667,2022-01-18,1314.7,1360.0,1360.0,1306.0,39532.0
686667,2022-01-24,1245.4,1285.0,1285.0,1240.0,16986.0
686667,2022-02-07,1275.85,1286.15,1308.45,1275.0,8546.0
686667,2022-02-15,1158.6,1145.15,1167.0,1130.5,15212.0
686667,2021-12-02,1376.5,1408.75,1408.75,1372.0,10742.0
686667,2021-12-16,1367.3,1369.05,1386.9,1361.0,6702.0
686667,2022-01-14,1422.15,1407.3,1425.85,1401.0,5752.0
686667,2022-01-17,1365.0,1422.15,1428.0,1358.0,30221.0
686667,2022-03-31,975.35,994.35,1005.0,972.7,33093.0
686667,2022-04-07,1112.8,1125.0,1156.5,1105.0,26156.0
686667,2022-04-13,1092.6,1120.0,1135.0,1085.15,21482.0
686667,2022-04-20,820.2,813.0,842.2,810.9,1556390.0
686667,2021-11-16,1504.95,1499.9,1517.85,1475.0,60533.0
686667,2021-12-03,1394.45,1387.0,1415.05,1379.45,8229.0
686667,2021-12-14,1367.85,1396.9,1396.9,1359.95,8620.0
686667,2021-12-22,1292.95,1284.0,1315.0,1267.0,8249.0
686667,2022-01-27,1219.85,1244.0,1254.95,1212.05,12452.0
686667,2022-02-02,1322.0,1335.8,1345.0,1305.0,14412.0
686667,2022-02-08,1252.45,1274.9,1276.0,1241.15,6676.0
686667,2022-02-09,1146.05,1260.2,1265.0,1134.95,76408.0
686667,2022-02-18,1134.35,1149.6,1156.0,1130.05,6253.0
686667,2022-02-25,1048.65,1049.0,1062.25,1038.05,18542.0
686667,2022-03-30,994.35,992.0,1015.0,990.0,26664.0
686667,2022-04-28,861.9,882.1,885.95,859.0,99710.0
686667,2021-12-08,1395.75,1400.0,1410.0,1385.0,8427.0
686667,2022-01-13,1414.7,1436.95,1445.0,1404.0,11535.0
686667,2022-02-11,1153.65,1129.6,1189.0,1115.0,40811.0
686667,2022-02-16,1161.2,1177.0,1177.0,1153.0,13252.0
686667,2022-02-28,1049.05,1049.95,1060.0,1021.95,15672.0
686667,2022-03-14,972.15,951.05,980.95,950.0,42045.0
686667,2022-03-17,1073.45,977.9,1089.75,973.9,93208.0
686667,2022-04-01,1043.9,975.35,1068.0,975.35,39208.0
686667,2022-05-09,809.5,813.95,826.7,800.0,107607.0
686667,2021-12-01,1394.7,1409.95,1427.9,1385.8,7096.0
686667,2021-12-24,1295.9,1305.95,1318.65,1280.1,10801.0
686667,2022-01-06,1439.05,1415.0,1454.0,1413.65,12466.0
686667,2022-02-21,1117.4,1123.0,1133.85,1100.0,11257.0
686667,2022-02-23,1101.25,1103.5,1126.9,1092.0,5356.0
686667,2022-03-23,1099.65,1105.0,1129.4,1092.0,47836.0
686667,2022-03-29,982.05,1001.0,1020.0,975.25,33431.0
686667,2022-04-05,1112.5,1121.0,1143.95,1090.0,29868.0
686667,2022-04-19,860.85,935.0,940.0,859.75,1471899.0
686667,2022-01-25,1249.45,1243.0,1260.0,1178.45,13097.0
686667,2022-01-28,1275.1,1223.0,1280.0,1223.0,14692.0
686667,2022-02-14,1145.15,1125.6,1180.0,1125.0,28367.0
686667,2022-02-22,1103.2,1101.0,1116.05,1091.1,13958.0
686667,2022-03-11,950.05,940.0,979.15,940.0,39452.0
686667,2022-03-15,959.3,970.0,976.25,952.2,28013.0
686667,2022-05-04,811.3,830.0,835.0,806.0,147924.0
686667,2021-11-30,1395.6,1375.0,1430.0,1360.0,16015.0
686667,2021-12-31,1377.3,1350.0,1389.1,1347.85,12358.0
686667,2022-01-21,1288.4,1281.0,1309.9,1279.75,10966.0
686667,2022-02-01,1310.1,1291.1,1333.0,1271.25,16013.0
686667,2022-02-10,1113.15,1120.0,1140.7,1101.0,68374.0
686667,2022-02-24,1022.3,1075.0,1090.5,1005.3,23454.0
686667,2022-03-25,1055.15,1061.2,1088.65,1045.0,24700.0
686667,2022-04-25,845.7,851.0,858.0,840.0,199215.0
686667,2022-06-16,763.35,804.4,807.0,759.95,50092.0
686667,2022-07-18,851.3,845.0,864.45,843.15,74359.0
686667,2022-05-12,759.6,767.65,776.1,742.05,51845.0
686667,2022-06-08,787.9,814.95,817.0,781.2,142093.0
686667,2022-05-26,759.6,769.0,773.5,735.35,45652.0
686667,2022-05-20,812.0,768.95,817.8,768.9,75914.0
686667,2022-05-13,735.6,776.7,776.7,731.1,60184.0
686667,2022-06-03,950.3,939.8,984.9,932.05,697729.0
686667,2022-06-09,785.6,781.0,788.0,772.0,68133.0
686667,2022-07-28,837.5,857.0,863.95,829.4,47086.0
686667,2022-08-05,818.9,822.8,824.9,812.1,33746.0
686667,2022-07-05,775.25,783.0,791.0,765.15,44462.0
686667,2022-06-07,814.95,848.0,848.0,808.0,128869.0
686667,2022-08-01,859.0,847.0,861.0,843.25,32801.0
686667,2022-06-01,908.6,911.0,916.7,902.35,115022.0
686667,2022-06-15,790.3,758.0,797.0,757.95,91939.0
686667,2022-07-01,779.0,772.0,787.05,759.0,41143.0
686667,2022-07-11,864.5,825.0,884.0,817.75,295130.0
686667,2022-07-26,865.2,892.5,900.0,857.6,58889.0
686667,2022-05-16,729.4,751.7,751.7,706.2,64331.0
686667,2022-05-18,778.1,781.2,784.95,765.1,40423.0
686667,2022-05-30,891.55,902.0,924.0,882.0,330396.0
686667,2022-07-14,845.1,863.0,865.0,837.0,34683.0
686667,2022-07-20,865.05,870.0,870.75,858.0,67548.0
686667,2022-08-04,818.7,819.95,828.65,811.1,58614.0
686667,2022-05-25,768.25,799.0,799.0,763.45,56171.0
686667,2022-06-21,773.7,759.0,785.9,756.05,45181.0
686667,2022-06-23,772.5,757.0,775.0,756.0,35003.0
686667,2022-07-08,822.3,811.65,832.0,804.85,73907.0
686667,2022-07-13,859.55,851.0,865.0,811.0,73959.0
686667,2022-07-25,892.5,879.0,905.45,878.2,82532.0
686667,2022-06-02,923.35,913.0,929.0,910.0,207237.0
686667,2022-07-29,844.65,840.0,850.0,836.0,50630.0
686667,2022-08-03,813.55,821.1,829.75,811.0,132693.0
686667,2022-05-17,777.75,744.45,780.0,739.55,44970.0
686667,2022-05-24,789.45,813.0,814.0,783.0,41406.0
686667,2022-06-10,786.05,776.8,813.95,773.85,96682.0
686667,2022-08-08,835.05,822.95,839.8,817.55,101833.0
686667,2022-05-27,894.95,840.0,904.0,831.0,1037383.0
686667,2022-06-13,756.6,780.0,781.9,751.0,118099.0
686667,2022-06-28,772.25,781.7,781.7,749.3,64471.0
686667,2022-06-29,755.65,767.5,772.0,755.0,36547.0
686667,2022-06-30,763.85,762.9,771.0,757.5,62527.0
686667,2022-06-14,758.1,757.85,768.45,750.05,40748.0
686667,2022-07-04,781.1,782.9,789.55,773.35,55754.0
686667,2022-06-17,774.95,766.4,787.05,746.45,43359.0
686667,2022-07-15,841.6,846.0,854.0,837.0,33640.0
686667,2022-07-19,858.0,851.95,870.0,847.0,80488.0
686667,2022-07-27,855.0,863.4,870.0,849.95,35409.0
686667,2022-07-07,805.2,780.5,810.2,780.0,53158.0
686667,2022-06-20,756.95,773.9,780.25,744.1,53065.0
686667,2022-07-21,869.25,869.7,874.1,862.95,38866.0
686667,2022-08-10,829.05,833.9,835.85,820.05,65431.0
686667,2022-05-23,809.2,815.0,837.0,804.5,66976.0
686667,2022-07-12,847.9,859.5,870.0,840.0,114582.0
686667,2022-05-31,904.25,893.95,909.0,879.55,150980.0
686667,2022-06-06,847.7,852.9,858.75,835.1,272204.0
686667,2022-06-22,760.95,779.8,779.8,758.5,33914.0
686667,2022-08-02,825.6,859.95,860.5,810.0,234122.0
686667,2022-06-24,768.9,775.0,782.9,759.2,57188.0
686667,2022-05-19,764.6,765.0,771.7,754.0,50224.0
686667,2022-07-06,776.6,778.0,781.85,770.05,20362.0
686667,2022-06-27,780.5,775.05,793.05,773.0,38317.0
686667,2022-07-22,885.45,875.1,890.95,872.15,76932.0
686667,2022-08-16,845.8,832.95,856.75,832.5,101747.0
686667,2022-08-18,910.0,897.1,913.9,888.0,139318.0
686667,2022-09-09,885.75,894.0,897.0,884.0,33631.0
686667,2022-08-29,927.5,903.0,932.0,901.5,50491.0
686667,2022-08-23,905.7,900.0,917.0,890.05,47621.0
686667,2022-10-17,841.3,848.0,850.75,836.0,22454.0
686667,2022-10-11,865.65,864.25,875.2,855.95,85149.0
686667,2022-08-25,930.75,940.0,953.0,923.0,109401.0
686667,2022-09-02,898.15,929.0,930.0,893.0,62573.0
686667,2022-10-25,842.05,849.0,849.0,840.25,16476.0
686667,2022-11-21,788.15,780.0,795.0,777.5,23308.0
686667,2022-09-06,896.35,912.0,912.0,885.0,46011.0
686667,2022-11-22,787.05,794.4,800.0,783.0,14760.0
686667,2022-09-26,869.0,873.6,875.0,856.1,39328.0
686667,2022-12-27,782.35,770.0,790.0,770.0,26358.0
686667,2023-01-09,830.8,839.95,839.95,825.0,28285.0
686667,2022-09-27,864.2,879.0,888.0,861.0,34423.0
686667,2023-02-09,711.65,723.95,723.95,700.7,31885.0
686667,2022-11-07,841.2,833.5,843.7,833.1,17648.0
686667,2023-03-09,819.45,822.0,830.0,811.55,36117.0
686667,2022-11-10,840.4,846.85,846.85,835.85,57804.0
686667,2023-03-24,760.15,796.05,796.05,753.15,153264.0
686667,2022-11-11,832.05,844.0,847.0,815.0,195207.0
686667,2023-05-17,817.1,809.0,822.25,809.0,23686.0
686667,2022-11-23,772.65,791.0,794.0,768.4,37397.0
686667,2023-05-18,838.1,823.5,849.95,818.1,45023.0
686667,2022-12-01,822.05,816.0,829.75,816.0,37040.0
686667,2023-05-24,874.75,866.95,877.0,862.15,34289.0
686667,2023-02-13,770.95,756.0,789.0,744.0,18450.0
686667,2023-02-17,749.4,750.5,770.6,745.0,14055.0
686667,2023-02-28,740.7,718.2,758.05,716.15,16384.0
686667,2023-03-13,795.75,813.0,819.55,792.0,28528.0
686667,2023-03-17,879.65,858.0,886.65,848.7,157745.0
686667,2023-03-21,887.25,905.0,910.0,884.5,144791.0
686667,2023-04-12,804.25,798.85,810.0,792.5,46829.0
686667,2022-08-24,934.7,910.0,939.55,904.85,91287.0
686667,2022-09-30,873.75,858.1,876.95,849.0,34229.0
686667,2022-10-07,874.7,877.0,884.25,869.0,32743.0
686667,2022-11-01,845.45,846.0,850.0,840.1,24329.0
686667,2023-01-04,790.65,800.0,804.95,782.1,20725.0
686667,2023-01-27,774.55,789.95,799.9,761.0,21954.0
686667,2023-02-22,757.15,755.05,770.0,744.0,24262.0
686667,2023-03-06,792.15,794.9,823.4,788.2,22739.0
686667,2023-04-17,802.25,803.0,805.95,793.5,25204.0
686667,2023-05-11,805.45,809.95,820.4,805.0,14558.0
686667,2022-10-20,840.35,839.0,846.0,837.9,25100.0
686667,2022-12-06,822.75,842.0,842.65,821.35,15933.0
686667,2022-12-14,828.65,823.95,832.75,823.1,17015.0
686667,2023-01-10,833.75,834.0,839.0,827.9,13899.0
686667,2022-11-24,787.9,770.0,789.5,770.0,23199.0
686667,2023-01-05,815.95,793.35,820.5,787.25,28643.0
686667,2023-02-23,741.85,761.0,761.0,737.1,9378.0
686667,2023-03-08,820.5,795.95,826.0,788.85,46251.0
686667,2023-03-29,712.85,696.1,719.0,696.1,65760.0
686667,2023-04-20,795.2,799.95,803.0,782.6,21051.0
686667,2022-09-01,922.7,923.0,933.95,920.0,29382.0
686667,2022-09-12,906.25,899.8,924.0,890.0,101151.0
686667,2022-09-28,855.7,860.0,876.0,854.25,24601.0
686667,2022-11-16,792.9,800.0,803.05,790.25,30115.0
686667,2022-12-08,820.2,829.0,829.45,816.0,12095.0
686667,2022-12-21,800.2,824.0,831.15,798.0,21805.0
686667,2022-12-23,768.45,780.85,780.85,765.1,31912.0
686667,2022-12-26,769.9,774.0,777.0,753.05,24090.0
686667,2022-12-30,776.9,771.0,780.0,771.0,17206.0
686667,2023-01-23,790.2,810.0,811.0,780.3,10883.0
686667,2023-01-31,778.4,781.9,787.95,774.9,6171.0
686667,2023-02-08,715.7,731.4,731.4,703.0,21814.0
686667,2023-03-02,771.5,737.55,780.9,737.55,36316.0
686667,2023-03-16,837.35,826.9,863.9,782.2,202122.0
686667,2023-04-21,784.95,795.0,795.0,781.0,9805.0
686667,2023-04-26,792.7,805.7,805.75,783.6,15876.0
686667,2023-05-04,811.1,805.3,825.0,805.3,27748.0
686667,2023-05-19,861.05,845.0,865.0,830.5,59876.0
686667,2022-09-22,890.7,885.75,895.0,883.95,22002.0
686667,2022-10-04,866.7,871.0,885.0,861.2,44345.0
686667,2022-11-29,803.3,794.5,807.0,793.4,23337.0
686667,2022-12-02,824.4,822.05,828.7,820.0,15860.0
686667,2023-01-06,818.05,818.0,820.0,811.0,21658.0
686667,2023-01-11,835.25,835.35,843.0,833.35,17015.0
686667,2023-04-05,759.1,745.0,762.0,737.5,35247.0
686667,2023-04-18,802.05,807.95,809.9,795.05,17774.0
686667,2022-08-22,902.55,924.9,924.9,900.0,52035.0
686667,2022-09-16,901.0,920.05,921.0,892.15,53277.0
686667,2022-09-29,853.8,862.0,871.0,851.0,23038.0
686667,2022-10-27,845.65,846.0,848.0,841.05,18186.0
686667,2022-11-04,836.4,845.0,845.0,833.5,59632.0
686667,2023-01-02,779.1,780.8,790.0,775.0,21381.0
686667,2023-03-14,811.55,796.1,816.95,791.5,25569.0
686667,2023-03-15,819.55,821.9,824.7,814.2,21743.0
686667,2023-05-03,805.3,793.95,807.55,790.0,32940.0
686667,2023-05-05,808.7,821.85,825.4,805.0,25256.0
686667,2023-05-08,807.05,817.25,817.25,804.5,19894.0
686667,2022-08-26,924.0,936.0,938.0,911.0,86217.0
686667,2022-09-23,879.0,894.0,895.15,874.95,30214.0
686667,2022-08-19,926.0,915.4,942.15,911.2,178370.0
686667,2022-08-11,823.3,829.0,834.65,819.6,38955.0
686667,2022-10-31,842.7,849.0,854.5,841.05,51862.0
686667,2022-09-05,903.4,898.15,912.0,896.0,46873.0
686667,2022-10-19,839.4,840.0,846.15,836.0,50081.0
686667,2022-11-17,787.0,792.9,795.0,782.85,47124.0
686667,2022-12-29,769.45,779.65,779.65,767.55,16186.0
686667,2023-01-18,818.95,829.05,833.0,816.0,9578.0
686667,2023-02-03,753.35,756.2,762.75,737.8,14571.0
686667,2023-02-20,756.15,749.6,770.0,749.6,12561.0
686667,2023-04-06,774.7,764.35,777.0,755.6,31208.0
686667,2023-04-10,774.9,782.0,782.0,763.3,27420.0
686667,2023-04-19,798.7,809.9,809.9,795.8,12872.0
686667,2022-10-12,856.45,867.9,872.95,853.0,27012.0
686667,2022-11-14,805.8,817.0,817.0,793.85,89811.0
686667,2022-12-19,823.8,824.7,831.95,821.05,7985.0
686667,2022-12-28,779.65,779.95,786.0,776.0,9874.0
686667,2023-01-16,829.85,829.95,834.75,825.65,6760.0
686667,2023-01-30,774.4,774.55,783.55,766.25,7867.0
686667,2023-02-14,740.5,772.45,772.45,736.0,12780.0
686667,2023-04-28,791.6,798.0,800.0,786.0,12738.0
686667,2022-09-07,886.85,899.95,907.95,879.65,72384.0
686667,2022-09-08,887.3,892.0,899.95,885.0,41063.0
686667,2022-09-14,926.85,907.85,934.95,901.0,102399.0
686667,2022-09-20,890.75,889.95,918.4,885.05,87752.0
686667,2022-10-24,846.9,846.0,849.0,842.45,10208.0
686667,2022-11-03,843.3,843.6,845.95,841.75,9989.0
686667,2022-11-28,791.4,789.15,795.85,782.9,17090.0
686667,2023-01-19,807.8,818.0,818.2,803.0,14323.0
686667,2023-01-24,777.05,785.1,792.0,775.7,13167.0
686667,2023-01-25,786.45,781.9,791.0,774.0,7165.0
686667,2023-02-01,773.1,786.0,796.05,766.25,10919.0
686667,2023-03-20,883.75,894.0,925.0,877.0,258713.0
686667,2023-03-28,701.45,720.0,722.45,700.0,91982.0
686667,2023-05-10,805.1,811.0,812.0,804.95,15520.0
686667,2022-09-13,913.85,913.7,922.0,903.8,54936.0
686667,2022-10-06,875.0,871.95,885.0,869.05,36293.0
686667,2022-10-21,840.25,848.0,848.0,840.0,12134.0
686667,2022-11-09,843.9,841.9,847.05,841.0,40943.0
686667,2022-12-07,822.4,826.9,830.75,819.0,10861.0
686667,2023-02-16,753.15,729.05,761.3,729.05,22488.0
686667,2022-08-17,900.1,848.0,918.0,846.95,327108.0
686667,2022-11-18,794.05,790.0,801.0,787.5,19330.0
686667,2022-11-30,811.9,807.35,816.0,801.55,44262.0
686667,2022-12-13,822.9,829.6,835.0,816.0,15086.0
686667,2022-12-20,823.4,823.7,828.75,821.05,5897.0
686667,2023-01-03,799.0,779.1,806.0,775.65,51670.0
686667,2023-01-12,830.1,837.9,838.0,827.1,14251.0
686667,2023-01-13,826.1,827.0,834.4,823.95,7019.0
686667,2023-02-06,740.2,753.35,753.35,723.65,16701.0
686667,2023-02-07,721.0,744.0,744.05,708.6,20395.0
686667,2023-03-10,812.3,824.95,824.95,806.55,24727.0
686667,2023-03-23,877.1,882.0,885.9,873.0,116583.0
686667,2023-04-03,740.65,719.35,747.0,714.0,43201.0
686667,2022-09-15,920.0,930.05,943.15,916.0,53720.0
686667,2022-10-03,857.7,874.95,876.0,855.0,28967.0
686667,2022-10-13,848.8,858.0,867.85,841.5,35925.0
686667,2022-12-05,838.45,827.0,843.45,826.95,45767.0
686667,2023-01-17,829.1,827.25,834.0,826.0,7962.0
686667,2023-02-21,755.05,764.9,769.4,750.0,12372.0
686667,2023-03-27,719.8,752.0,755.0,700.15,169491.0
686667,2023-03-31,715.3,724.95,726.0,707.15,53663.0
686667,2023-04-11,793.9,774.9,797.95,752.0,44102.0
686667,2023-04-13,800.35,809.8,809.8,792.75,17818.0
686667,2023-04-27,792.55,795.0,800.0,789.3,7889.0
686667,2023-05-12,807.55,805.0,816.95,805.0,13846.0
686667,2022-08-12,828.8,821.0,838.0,819.55,72624.0
686667,2022-09-19,884.6,905.55,905.55,873.1,64030.0
686667,2022-08-30,927.45,930.0,944.0,922.05,54768.0
686667,2022-09-21,885.75,890.75,899.3,882.0,34866.0
686667,2022-10-10,864.25,864.05,875.3,852.45,31961.0
686667,2022-11-02,843.6,847.0,847.0,841.5,16758.0
686667,2022-11-25,782.95,792.0,792.0,775.25,22771.0
686667,2022-12-09,803.85,824.0,824.55,793.0,22188.0
686667,2022-12-12,825.5,810.0,830.0,802.55,22713.0
686667,2022-12-16,824.15,833.0,833.0,818.05,16952.0
686667,2023-02-15,730.2,747.0,747.0,725.0,20056.0
686667,2023-03-01,739.95,748.1,757.0,731.0,20199.0
686667,2023-03-03,791.5,770.6,806.95,770.45,39112.0
686667,2023-03-22,877.6,895.0,895.0,874.1,112665.0
686667,2023-04-24,790.35,780.05,794.4,777.0,15193.0
686667,2023-04-25,802.6,794.95,806.4,785.75,32141.0
686667,2023-05-02,792.9,802.0,802.0,790.25,13138.0
686667,2023-05-16,814.9,810.0,817.25,807.55,19741.0
686667,2023-05-22,860.15,850.0,870.0,850.0,40417.0
686667,2023-05-23,864.55,865.0,870.05,856.7,26754.0
686667,2022-10-14,851.35,857.45,860.55,846.0,39682.0
686667,2022-10-18,841.15,844.0,849.0,840.0,26318.0
686667,2022-10-28,846.15,848.0,848.0,843.0,20133.0
686667,2022-11-15,796.65,808.0,812.0,795.2,31639.0
686667,2022-12-15,826.6,828.65,834.0,824.45,14144.0
686667,2022-12-22,782.9,805.0,812.1,779.05,19193.0
686667,2023-02-02,754.9,782.0,782.0,745.0,11848.0
686667,2023-02-10,747.8,712.0,754.0,708.0,21365.0
686667,2023-02-24,737.0,749.0,757.95,735.0,6148.0
686667,2023-02-27,723.05,737.1,737.6,721.0,8166.0
686667,2023-05-09,805.15,809.05,817.4,805.0,19914.0
686667,2023-05-15,805.0,810.2,810.55,801.4,13612.0
686667,2023-06-26,1093.75,1117.5,1130.0,1085.0,21625.0
686667,2023-06-02,878.65,878.0,886.0,869.7,30390.0
686667,2023-05-30,874.2,864.95,877.75,864.95,39979.0
686667,2023-07-17,1169.95,1167.5,1209.7,1165.0,18609.0
686667,2023-08-17,1067.4,1033.05,1079.0,1033.05,22770.0
686667,2023-08-21,1056.6,1065.3,1086.5,1037.25,22217.0
686667,2023-06-21,1106.3,1048.0,1123.8,1044.95,116133.0
686667,2023-07-19,1191.6,1148.0,1210.0,1141.85,51369.0
686667,2023-06-27,1112.75,1090.0,1117.75,1065.25,27530.0
686667,2023-08-04,1143.45,1164.0,1184.95,1134.2,27596.0
686667,2023-05-29,864.3,864.95,871.0,840.4,67213.0
686667,2023-07-25,1181.6,1213.7,1213.7,1170.0,15528.0
686667,2023-07-07,1128.1,1087.0,1134.0,1085.1,34581.0
686667,2023-07-31,1190.9,1194.0,1199.8,1182.9,14603.0
686667,2023-05-26,848.1,864.0,864.0,832.1,40964.0
686667,2023-06-01,871.6,870.0,877.95,863.55,24643.0
686667,2023-06-16,1041.3,1013.1,1050.0,986.55,43258.0
686667,2023-06-20,1043.25,1034.7,1048.95,1019.7,26827.0
686667,2023-07-04,1087.6,1135.0,1135.0,1080.0,18258.0
686667,2023-07-12,1179.55,1218.65,1224.8,1170.25,32197.0
686667,2023-07-13,1167.0,1184.95,1206.95,1163.2,32447.0
686667,2023-07-18,1139.85,1180.0,1180.85,1130.05,23650.0
686667,2023-08-14,1022.9,1029.95,1039.0,1002.0,22771.0
686667,2023-08-03,1175.05,1150.9,1184.95,1139.15,32075.0
686667,2023-07-14,1167.5,1190.0,1190.0,1152.3,14574.0
686667,2023-05-31,870.1,875.0,883.0,864.0,40605.0
686667,2023-06-19,1034.7,1025.0,1049.9,1025.0,23445.0
686667,2023-07-20,1171.4,1200.0,1200.05,1160.05,16249.0
686667,2023-08-16,1045.5,1015.0,1051.8,991.25,23702.0
686667,2023-07-21,1165.4,1162.5,1195.0,1159.0,17945.0
686667,2023-08-02,1162.25,1174.0,1201.8,1154.95,30309.0
686667,2023-08-09,1150.9,1149.95,1179.1,1136.5,19525.0
686667,2023-08-07,1084.7,1154.0,1164.95,1070.0,46129.0
686667,2023-06-07,1005.3,1020.0,1023.3,990.1,86485.0
686667,2023-06-14,1030.35,1042.0,1047.95,1011.15,29930.0
686667,2023-06-09,1009.8,1012.0,1020.0,990.0,57957.0
686667,2023-06-30,1070.35,1097.0,1105.7,1063.1,24843.0
686667,2023-06-13,1040.2,1042.5,1047.5,1035.35,30169.0
686667,2023-06-06,1008.65,960.0,1025.95,960.0,298316.0
686667,2023-08-08,1142.35,1095.45,1153.0,1094.05,27582.0
686667,2023-08-18,1078.95,1058.05,1083.0,1055.15,17518.0
686667,2023-06-23,1117.5,1125.0,1134.85,1100.0,32740.0
686667,2023-07-06,1097.5,1085.0,1108.0,1085.0,19947.0
686667,2023-07-11,1209.8,1201.0,1229.0,1201.0,52094.0
686667,2023-06-05,948.7,878.65,983.0,877.65,234765.0
686667,2023-06-12,1034.35,1019.8,1050.0,999.5,89734.0
686667,2023-06-15,1013.15,1024.05,1029.95,1005.3,19028.0
686667,2023-06-22,1122.0,1119.95,1144.05,1087.65,77630.0
686667,2023-07-03,1120.1,1077.0,1129.1,1077.0,50026.0
686667,2023-07-10,1196.55,1133.0,1206.9,1118.2,106466.0
686667,2023-07-24,1205.0,1166.5,1211.4,1159.6,34660.0
686667,2023-07-26,1190.45,1182.0,1198.0,1176.8,14710.0
686667,2023-05-25,853.8,878.0,881.3,850.0,34032.0
686667,2023-06-28,1091.0,1121.95,1134.0,1081.0,36972.0
686667,2023-07-27,1171.2,1190.0,1197.95,1161.0,19214.0
686667,2023-08-01,1183.3,1190.0,1207.0,1168.05,30877.0
686667,2023-08-10,1080.05,1150.8,1167.0,1051.0,75227.0
686667,2023-08-11,1024.35,1075.0,1093.55,1016.0,44283.0
686667,2023-08-22,1080.9,1065.0,1088.95,1051.1,27583.0
686667,2023-06-08,1003.2,1010.0,1019.9,972.75,77346.0
686667,2023-07-05,1096.55,1080.0,1102.2,1078.9,21380.0
686667,2023-07-28,1180.6,1181.6,1194.95,1160.1,15378.0
686667,2023-08-23,1095.75,1093.3,1105.2,1083.15,6890.0
