stockid,date,close,open,high,low,volume
518262,2021-01-06,7.06398,0.0,7.06398,6.972239999999999,11872787.0
518262,2021-03-02,5.4585300000000005,5.412660000000001,5.550269999999999,5.36679,29405618.0
518262,2021-01-04,6.4218,0.0,6.4218,6.4218,4419708.0
518262,2021-03-01,5.412660000000001,5.4585300000000005,5.550269999999999,5.32092,24289254.0
518262,2021-03-19,4.90809,4.86222,5.0457,4.67874,38898034.0
518262,2021-04-30,4.403519999999999,4.22004,4.63287,4.1283,34555117.0
518262,2021-05-28,5.22918,5.32092,5.36679,5.1833100000000005,24379852.0
518262,2021-06-01,5.412660000000001,5.27505,5.550269999999999,5.1833100000000005,46123605.0
518262,2021-06-03,6.46767,6.10071,6.46767,5.91723,185927034.0
518262,2021-06-04,6.74289,6.6052800000000005,6.972239999999999,6.46767,204370435.0
518262,2021-07-01,7.706160000000001,7.706160000000001,7.706160000000001,7.706160000000001,10801995.0
518262,2021-07-16,7.29333,7.43094,7.47681,7.24746,27968620.0
518262,2021-07-28,6.10071,6.19245,6.23832,6.10071,67522770.0
518262,2021-08-31,5.550269999999999,5.68788,5.73375,5.4585300000000005,25099694.0
518262,2021-10-06,6.28419,6.83463,6.83463,6.23832,156395995.0
518262,2021-10-11,7.01811,6.83463,7.01811,6.83463,86906474.0
518262,2021-10-14,6.46767,6.559410000000001,6.65115,6.4218,43790636.0
518262,2021-10-18,6.78876,6.559410000000001,6.78876,6.51354,66134870.0
518262,2021-12-01,6.559410000000001,6.4218,6.559410000000001,6.3300600000000005,42323739.0
518262,2021-12-08,6.559410000000001,6.46767,6.74289,6.46767,49781867.0
518262,2021-12-17,6.23832,6.51354,6.51354,6.14658,47714038.0
518262,2021-12-22,7.15572,7.15572,7.15572,7.15572,7762150.0
518262,2022-01-20,11.14641,10.50423,11.14641,10.45836,109449158.0
518262,2022-02-16,9.31161,8.99052,9.31161,8.99052,58922897.0
518262,2022-03-14,8.94465,9.174,9.21987,8.94465,17711769.0
518262,2022-03-22,8.7153,8.85291,8.898779999999999,8.669429999999998,15498103.0
518262,2022-05-04,8.99052,9.26574,9.49509,8.807039999999999,39058078.0
518262,2022-05-13,8.073120000000001,8.02725,8.44008,7.98138,36198974.0
518262,2022-05-30,7.29333,7.15572,7.752029999999999,7.10985,57507076.0
518262,2022-07-01,6.19245,6.19245,6.37593,6.14658,36152847.0
518262,2022-07-08,6.10071,6.14658,6.28419,6.00897,50072293.0
518262,2022-08-19,7.06398,7.06398,7.15572,6.972239999999999,52620962.0
518262,2022-09-02,8.8,8.95,9.2,8.75,156280546.0
518262,2022-09-22,9.6,8.5,9.85,8.5,325155902.0
518262,2022-09-30,8.7,8.5,8.85,8.45,107859884.0
518262,2022-10-20,8.9,9.3,9.6,8.1,597335268.0
518262,2022-11-03,8.05,8.0,8.2,7.95,30598842.0
518262,2022-11-14,8.25,8.3,8.35,8.2,44831594.0
518262,2022-12-20,11.5,11.75,12.15,11.2,425797132.0
518262,2023-01-19,9.65,9.8,9.8,9.6,51419762.0
518262,2023-02-01,9.2,10.1,10.2,8.9,144996475.0
518262,2023-02-03,9.05,9.2,9.3,8.7,103617993.0
518262,2023-02-16,8.9,9.05,9.05,8.85,35573041.0
518262,2023-03-13,8.1,8.4,8.5,8.0,50754201.0
518262,2023-03-24,7.55,7.75,7.8,7.5,36581412.0
518262,2023-05-10,8.35,8.4,8.45,8.2,45546501.0
518262,2023-06-01,11.15,11.85,12.0,11.05,316019955.0
518262,2023-06-09,14.0,13.5,14.2,13.3,293778902.0
518262,2023-06-16,14.75,14.55,15.15,14.55,282491085.0
518262,2023-08-17,19.7,19.85,20.0,19.4,130822363.0
518262,2021-01-12,6.37593,0.0,6.37593,6.37593,4611813.0
518262,2021-01-21,6.10071,0.0,6.28419,5.73375,25869105.0
518262,2021-01-28,5.5044,0.0,5.68788,5.32092,9480549.0
518262,2021-02-05,6.00897,6.28419,6.28419,5.87136,50607112.0
518262,2021-03-08,5.1833100000000005,5.13744,5.32092,5.13744,20381140.0
518262,2021-03-16,5.22918,5.13744,5.27505,5.13744,29317561.0
518262,2021-05-03,4.72461,4.35765,4.77048,4.31178,29840477.0
518262,2021-06-02,5.91723,5.550269999999999,5.91723,5.412660000000001,173915134.0
518262,2021-06-15,6.6052800000000005,6.51354,6.78876,6.46767,78581714.0
518262,2021-07-19,7.06398,7.15572,7.29333,7.01811,41795050.0
518262,2021-07-20,6.78876,7.10985,7.15572,6.74289,34788776.0
518262,2021-08-10,5.91723,6.14658,6.19245,5.825489999999999,25976914.0
518262,2021-08-17,5.825489999999999,5.9631,6.00897,5.825489999999999,28642206.0
518262,2021-10-08,6.69702,6.6052800000000005,6.74289,6.559410000000001,41430182.0
518262,2021-10-22,6.46767,6.6052800000000005,6.65115,6.4218,16572669.0
518262,2021-11-01,6.46767,6.3300600000000005,6.46767,6.28419,15605951.0
518262,2021-11-26,6.28419,6.46767,6.46767,6.23832,27534845.0
518262,2021-12-23,7.10985,7.47681,7.47681,7.06398,142814213.0
518262,2021-12-27,7.7979,7.706160000000001,7.7979,7.614420000000001,27786223.0
518262,2022-02-04,10.64184,10.87119,10.96293,10.59597,36160244.0
518262,2022-02-10,9.67857,9.77031,10.0914,9.44922,80919888.0
518262,2022-02-11,9.49509,9.58683,9.81618,9.44922,36340349.0
518262,2022-02-15,8.898779999999999,8.807039999999999,8.99052,8.62356,121837023.0
518262,2022-03-02,8.94465,8.53182,9.03639,8.394210000000001,58364654.0
518262,2022-03-11,9.12813,9.26574,9.44922,9.08226,24718655.0
518262,2022-03-17,8.94465,9.26574,9.31161,8.76117,41604950.0
518262,2022-04-06,9.95379,9.95379,9.95379,9.95379,5534021.0
518262,2022-04-11,10.18314,11.05467,11.192279999999998,10.04553,91430023.0
518262,2022-04-20,9.86205,9.72444,10.18314,9.67857,26367256.0
518262,2022-04-27,9.44922,9.67857,9.77031,9.21987,40163846.0
518262,2022-05-02,9.174,8.94465,9.31161,8.898779999999999,19098344.0
518262,2022-06-02,8.99052,8.57769,9.40335,8.53182,133301233.0
518262,2022-06-20,6.51354,7.15572,7.24746,6.4218,60253502.0
518262,2022-08-12,6.92637,7.15572,7.20159,6.83463,70665554.0
518262,2022-08-17,6.972239999999999,7.10985,7.15572,6.92637,41060982.0
518262,2022-09-06,10.7,11.4,11.7,9.75,666232827.0
518262,2022-10-03,7.9,7.6,8.25,7.5,207028703.0
518262,2022-10-31,7.95,8.05,8.05,7.7,55869752.0
518262,2022-11-07,8.15,8.2,8.45,8.05,101774826.0
518262,2022-11-16,8.1,8.2,8.25,8.0,58373865.0
518262,2022-12-16,10.75,11.0,11.2,10.4,254892146.0
518262,2022-12-28,10.05,10.2,10.35,9.9,119193235.0
518262,2022-12-30,10.6,10.25,11.0,10.15,251001496.0
518262,2023-01-23,9.75,10.05,10.1,9.7,54689324.0
518262,2023-02-10,9.15,9.3,9.65,9.05,71596394.0
518262,2023-02-13,9.05,9.2,9.25,8.95,45209836.0
518262,2023-02-21,8.4,8.6,8.65,8.35,39042076.0
518262,2023-02-23,8.15,8.3,8.35,8.05,57513590.0
518262,2023-03-08,8.6,8.55,8.7,8.45,39328106.0
518262,2023-04-19,8.0,8.0,8.15,7.95,36980183.0
518262,2023-05-09,8.4,8.6,8.8,8.3,83194488.0
518262,2023-05-18,8.5,8.85,9.0,8.4,133866221.0
518262,2023-06-08,13.35,14.2,14.2,13.2,522427881.0
518262,2023-07-06,17.65,16.8,17.95,16.65,415023310.0
518262,2023-07-27,17.85,17.65,18.4,17.45,250669150.0
518262,2023-08-02,18.5,19.35,19.35,18.35,229699866.0
518262,2021-01-11,6.69702,0.0,6.69702,6.69702,10523957.0
518262,2021-01-22,5.825489999999999,0.0,6.05484,5.825489999999999,13193372.0
518262,2021-01-29,5.77962,0.0,5.77962,5.64201,10027265.0
518262,2021-04-20,4.17417,4.1283,4.35765,4.1283,12074824.0
518262,2021-05-11,5.64201,5.1833100000000005,5.64201,5.0457,189569965.0
518262,2021-05-31,5.22918,5.22918,5.32092,5.1833100000000005,21102819.0
518262,2021-06-22,7.522679999999999,7.522679999999999,7.522679999999999,7.3392,79499874.0
518262,2021-06-29,7.01811,7.3392,7.3392,6.972239999999999,45136919.0
518262,2021-07-08,7.843770000000001,7.522679999999999,8.02725,7.522679999999999,117058795.0
518262,2021-07-15,7.522679999999999,7.29333,7.56855,7.20159,87103209.0
518262,2021-08-13,5.9631,6.10071,6.10071,5.77962,30024525.0
518262,2021-08-18,5.550269999999999,5.825489999999999,5.87136,5.550269999999999,59089424.0
518262,2021-09-24,5.77962,5.87136,5.91723,5.77962,15764674.0
518262,2021-09-27,5.77962,5.825489999999999,5.87136,5.73375,13457353.0
518262,2021-10-04,6.23832,6.00897,6.23832,5.9631,42406643.0
518262,2021-11-04,6.51354,6.46767,6.559410000000001,6.4218,7823115.0
518262,2022-02-02,10.91706,11.4675,11.4675,10.82532,67243369.0
518262,2022-02-03,10.82532,10.77945,11.14641,10.5501,52852279.0
518262,2022-03-09,9.12813,8.99052,9.26574,8.94465,38987013.0
518262,2022-03-21,8.807039999999999,9.03639,9.03639,8.7153,22077359.0
518262,2022-03-25,8.57769,8.57769,8.898779999999999,8.53182,27334487.0
518262,2022-05-17,8.7153,8.302470000000001,8.898779999999999,8.2566,54224881.0
518262,2022-07-06,6.05484,6.14658,6.19245,6.00897,43049860.0
518262,2022-08-10,6.78876,7.20159,7.29333,6.74289,83210765.0
518262,2022-09-08,10.15,10.65,10.8,10.0,117674858.0
518262,2022-09-28,8.1,8.2,8.35,7.95,122953815.0
518262,2022-09-29,8.45,8.35,8.6,8.25,154828208.0
518262,2022-10-18,7.75,7.65,7.9,7.55,198163274.0
518262,2022-11-22,8.0,8.1,8.1,7.95,27053295.0
518262,2022-11-30,9.25,8.8,9.35,8.75,226695872.0
518262,2022-12-08,9.8,9.9,10.0,9.7,96070967.0
518262,2022-12-12,10.25,9.3,10.35,9.25,278382339.0
518262,2023-02-28,8.2,8.15,8.3,8.05,33919586.0
518262,2023-03-27,7.2,7.6,7.6,7.15,46753705.0
518262,2023-04-27,8.2,8.2,8.25,8.1,45358977.0
518262,2023-05-11,8.35,8.4,8.5,8.3,35885308.0
518262,2023-07-18,17.9,18.3,18.3,17.8,89012544.0
518262,2021-04-09,4.67874,4.587,4.72461,4.54113,11737421.0
518262,2021-04-23,4.1283,4.17417,4.22004,4.08243,6142918.0
518262,2021-04-26,4.31178,4.1283,4.31178,4.1283,9068460.0
518262,2021-05-17,5.09157,5.22918,5.27505,5.0457,17214302.0
518262,2021-05-25,4.95396,5.0457,5.0457,4.95396,19763738.0
518262,2021-05-26,5.412660000000001,4.95396,5.412660000000001,4.90809,55685268.0
518262,2021-06-07,6.65115,6.92637,6.92637,6.4218,116320815.0
518262,2021-06-14,6.46767,6.559410000000001,6.6052800000000005,6.19245,41818805.0
518262,2021-06-24,6.83463,7.01811,7.06398,6.83463,46482218.0
518262,2021-07-13,7.3392,7.66029,7.706160000000001,7.24746,43429329.0
518262,2021-09-14,5.9631,5.77962,6.00897,5.73375,41938487.0
518262,2021-09-30,5.91723,6.00897,6.14658,5.87136,27627670.0
518262,2021-10-27,6.37593,6.51354,6.51354,6.37593,10577478.0
518262,2021-12-16,6.46767,6.69702,6.74289,6.37593,85938379.0
518262,2022-04-01,8.669429999999998,8.44008,8.807039999999999,8.394210000000001,22908144.0
518262,2022-05-16,8.21073,8.2566,8.34834,8.073120000000001,22964983.0
518262,2022-05-25,7.98138,8.394210000000001,8.44008,7.93551,35893663.0
518262,2022-06-08,7.47681,7.385070000000001,7.66029,7.29333,47912040.0
518262,2022-08-23,8.21073,7.98138,8.53182,7.88964,228223893.0
518262,2022-08-29,8.05,7.9,8.4,7.7,96126036.0
518262,2022-11-04,8.15,8.1,8.25,8.05,50647381.0
518262,2022-12-09,9.3,9.85,9.9,9.25,137661963.0
518262,2023-01-11,10.1,10.15,10.3,10.05,58400770.0
518262,2023-02-02,9.2,9.15,9.6,9.05,86094874.0
518262,2023-03-09,8.7,8.7,8.95,8.65,74757405.0
518262,2023-03-17,8.0,7.95,8.15,7.9,40883551.0
518262,2023-03-31,7.9,8.05,8.25,7.85,61243637.0
518262,2023-04-05,8.1,8.15,8.3,8.0,34055807.0
518262,2023-04-18,8.05,8.15,8.2,8.0,39250925.0
518262,2023-04-28,8.3,8.25,8.45,8.15,57266827.0
518262,2023-05-03,8.1,8.1,8.3,8.0,58132884.0
518262,2023-05-23,9.45,9.45,9.65,9.15,161014013.0
518262,2023-05-24,10.05,9.55,10.2,9.55,277827881.0
518262,2023-06-20,14.25,14.65,14.7,13.65,196840707.0
518262,2023-07-28,18.05,17.8,18.25,17.7,97658422.0
518262,2023-07-31,18.95,18.2,18.95,18.05,123353716.0
518262,2021-05-04,4.63287,4.77048,4.86222,4.587,21520855.0
518262,2021-05-14,5.1833100000000005,5.32092,5.412660000000001,5.09157,25607602.0
518262,2021-05-19,5.13744,5.09157,5.22918,5.0457,11412731.0
518262,2021-07-02,8.073120000000001,8.073120000000001,8.073120000000001,8.073120000000001,5888442.0
518262,2021-08-09,6.10071,6.4218,6.4218,6.05484,21252135.0
518262,2021-09-07,5.550269999999999,5.64201,5.64201,5.4585300000000005,21858723.0
518262,2021-10-12,6.74289,7.24746,7.29333,6.69702,108287093.0
518262,2021-12-09,6.8805,6.6052800000000005,6.8805,6.51354,102797428.0
518262,2021-12-15,6.69702,6.65115,6.83463,6.6052800000000005,36116121.0
518262,2021-12-21,6.83463,6.69702,6.83463,6.69702,37274894.0
518262,2022-01-21,10.68771,11.28402,11.55924,10.59597,125154259.0
518262,2022-02-01,11.28402,11.4675,11.4675,10.59597,231095807.0
518262,2022-02-28,8.62356,8.44008,8.669429999999998,7.93551,71897736.0
518262,2022-03-31,8.394210000000001,8.62356,8.669429999999998,8.34834,20125500.0
518262,2022-05-18,8.57769,8.807039999999999,8.85291,8.48595,36662689.0
518262,2022-05-26,7.20159,7.385070000000001,7.522679999999999,7.20159,90846063.0
518262,2022-06-07,7.43094,7.29333,7.614420000000001,7.29333,49422447.0
518262,2022-07-21,6.10071,6.10071,6.23832,6.00897,39692544.0
518262,2022-07-29,6.05484,5.64201,6.14658,5.596139999999999,65990709.0
518262,2022-08-04,6.51354,6.51354,6.74289,6.37593,62344561.0
518262,2022-08-05,6.83463,6.65115,7.01811,6.6052800000000005,106350894.0
518262,2022-08-25,8.45,8.75,8.9,8.4,80007392.0
518262,2022-08-26,8.2,8.55,8.65,8.1,75943548.0
518262,2022-10-19,9.25,7.85,9.3,7.8,612128665.0
518262,2022-11-25,8.45,7.9,8.6,7.85,228974026.0
518262,2022-12-02,9.45,9.1,9.5,8.85,179074652.0
518262,2023-01-24,9.65,9.75,9.85,9.6,36745668.0
518262,2023-01-31,9.8,9.0,9.95,8.9,122433631.0
518262,2023-02-14,8.8,9.05,9.15,8.75,38860144.0
518262,2023-02-15,9.0,8.85,9.05,8.8,40241204.0
518262,2023-03-20,7.75,8.0,8.0,7.7,42986085.0
518262,2023-05-19,8.5,8.6,8.65,8.35,58371953.0
518262,2023-06-21,14.0,14.3,14.55,13.85,134315767.0
518262,2023-06-28,14.75,14.2,15.0,14.2,204357357.0
518262,2023-07-05,17.4,17.95,18.15,17.4,264737406.0
518262,2023-07-10,17.35,18.05,18.1,17.2,142507601.0
518262,2023-07-13,17.55,18.15,18.35,17.45,149133001.0
518262,2023-08-01,19.3,19.55,19.85,19.1,167771796.0
518262,2023-08-16,20.25,20.05,20.5,20.05,66006572.0
518262,2023-08-22,20.85,19.95,20.85,19.95,189624524.0
518262,2021-02-03,6.19245,6.4218,6.4218,6.14658,30268330.0
518262,2021-02-25,5.27505,5.27505,5.27505,5.0457,35118417.0
518262,2021-04-19,4.08243,4.22004,4.26591,4.036560000000001,13844674.0
518262,2021-04-29,4.22004,4.35765,4.403519999999999,4.22004,8364392.0
518262,2021-06-16,6.51354,6.69702,6.78876,6.4218,40800984.0
518262,2021-06-28,7.20159,7.24746,7.43094,6.972239999999999,88823683.0
518262,2021-07-14,7.24746,7.29333,7.522679999999999,7.15572,47824479.0
518262,2021-08-03,6.3300600000000005,6.19245,6.3300600000000005,6.14658,32240998.0
518262,2021-11-08,6.6052800000000005,6.559410000000001,6.78876,6.51354,26799579.0
518262,2021-11-11,6.51354,6.46767,6.51354,6.4218,14038609.0
518262,2022-01-05,8.898779999999999,9.08226,9.12813,8.898779999999999,49630125.0
518262,2022-03-04,9.31161,9.12813,9.49509,9.03639,56562754.0
518262,2022-04-28,9.21987,9.58683,9.58683,9.03639,32740588.0
518262,2022-05-27,7.06398,7.20159,7.29333,6.92637,46294188.0
518262,2022-06-29,6.37593,6.37593,6.559410000000001,6.3300600000000005,27863515.0
518262,2022-07-12,6.19245,6.14658,6.3300600000000005,6.10071,47797659.0
518262,2022-07-27,5.68788,5.73375,5.825489999999999,5.68788,40686545.0
518262,2022-08-01,6.3300600000000005,6.19245,6.4218,6.00897,91485573.0
518262,2022-09-20,8.65,8.8,8.9,8.6,57835740.0
518262,2022-12-21,10.2,11.65,11.8,9.9,395402337.0
518262,2022-12-23,9.0,9.75,9.8,8.9,263244568.0
518262,2023-01-10,10.05,10.25,10.25,9.95,70863324.0
518262,2023-01-12,10.0,10.15,10.2,9.9,75308002.0
518262,2023-01-18,9.8,9.95,10.0,9.75,39381363.0
518262,2023-04-24,7.95,8.0,8.1,7.9,31696681.0
518262,2023-05-08,8.55,8.7,8.8,8.45,70124868.0
518262,2023-05-12,8.25,8.4,8.4,8.2,32986632.0
518262,2023-05-22,9.25,8.6,9.6,8.5,317257961.0
518262,2023-05-25,9.8,10.2,10.3,9.7,165323748.0
518262,2023-06-26,14.0,13.95,14.25,13.65,93075149.0
518262,2023-07-21,19.6,19.25,19.6,19.1,86292023.0
518262,2021-04-01,4.67874,4.587,4.81635,4.449389999999999,39493741.0
518262,2021-04-06,4.67874,4.54113,4.72461,4.54113,17131992.0
518262,2021-04-27,4.35765,4.31178,4.449389999999999,4.31178,10756348.0
518262,2021-05-07,4.67874,4.63287,4.72461,4.587,9292172.0
518262,2021-06-10,6.69702,6.51354,6.78876,6.46767,80450221.0
518262,2021-06-18,6.8805,6.6052800000000005,6.8805,6.28419,273651978.0
518262,2021-08-11,5.73375,5.91723,5.9631,5.64201,41759379.0
518262,2021-08-26,5.5044,5.596139999999999,5.64201,5.4585300000000005,15813338.0
518262,2021-09-16,5.9631,6.05484,6.10071,5.87136,20751011.0
518262,2021-09-28,5.68788,5.77962,5.825489999999999,5.596139999999999,24673048.0
518262,2021-11-17,6.37593,6.37593,6.46767,6.37593,20599142.0
518262,2021-11-23,6.3300600000000005,6.28419,6.37593,6.19245,18515651.0
518262,2021-12-06,6.4218,6.4218,6.6052800000000005,6.37593,42431828.0
518262,2022-01-18,11.192279999999998,11.74272,12.01794,11.192279999999998,170355227.0
518262,2022-01-19,10.64184,10.87119,10.96293,10.64184,111713148.0
518262,2022-02-23,8.7153,8.34834,8.85291,8.34834,64962930.0
518262,2022-02-25,8.2566,8.11899,8.53182,8.11899,54808193.0
518262,2022-03-29,8.48595,8.34834,8.76117,8.21073,56957629.0
518262,2022-04-04,9.08226,8.898779999999999,9.08226,8.85291,29161531.0
518262,2022-04-12,10.41249,10.0914,10.64184,9.77031,89145323.0
518262,2022-05-11,8.44008,8.807039999999999,8.898779999999999,8.302470000000001,36274728.0
518262,2022-06-06,7.56855,8.2566,8.394210000000001,7.522679999999999,107993541.0
518262,2022-06-09,8.164860000000001,7.43094,8.21073,7.43094,74758204.0
518262,2022-06-10,7.88964,7.93551,8.11899,7.66029,45786005.0
518262,2022-06-15,7.43094,7.706160000000001,7.752029999999999,7.385070000000001,33987263.0
518262,2022-07-26,5.73375,5.91723,5.91723,5.73375,37311013.0
518262,2022-07-28,5.596139999999999,5.73375,5.825489999999999,5.412660000000001,52902576.0
518262,2022-08-16,7.06398,7.01811,7.06398,6.92637,56172347.0
518262,2022-09-07,10.45,10.6,11.15,10.4,143434159.0
518262,2022-09-15,9.15,9.25,9.4,9.0,69627969.0
518262,2022-09-16,9.05,9.2,9.25,8.85,79414648.0
518262,2022-09-23,9.1,9.75,9.9,9.0,139904794.0
518262,2022-10-25,8.4,8.8,8.8,8.35,56177096.0
518262,2022-11-09,8.25,8.3,8.35,8.15,64888811.0
518262,2022-11-23,7.9,8.05,8.1,7.8,104163765.0
518262,2022-12-29,10.15,10.0,10.25,9.8,90408089.0
518262,2023-03-06,8.6,8.55,8.9,8.5,75423846.0
518262,2023-04-17,8.15,8.0,8.2,7.95,45874702.0
518262,2023-06-13,15.1,15.4,15.75,14.75,390548184.0
518262,2023-08-03,17.95,18.45,18.45,17.7,122802683.0
518262,2021-01-01,6.14658,0.0,6.14658,6.14658,2397815.0
518262,2021-02-26,5.32092,5.27505,5.412660000000001,5.0457,59937582.0
518262,2021-03-10,5.1833100000000005,5.13744,5.27505,5.13744,21757504.0
518262,2021-03-15,5.13744,5.13744,5.22918,5.09157,16406810.0
518262,2021-05-20,5.0457,5.1833100000000005,5.1833100000000005,5.0457,11357038.0
518262,2021-08-04,6.19245,6.6052800000000005,6.6052800000000005,6.05484,160330519.0
518262,2021-08-30,5.68788,5.5044,5.77962,5.5044,46689755.0
518262,2021-10-07,6.51354,6.3300600000000005,6.559410000000001,6.28419,56185858.0
518262,2021-10-13,6.51354,6.78876,6.8805,6.4218,47880156.0
518262,2021-10-20,6.4218,6.559410000000001,6.6052800000000005,6.28419,26400729.0
518262,2021-11-30,6.28419,6.10071,6.3300600000000005,6.05484,110048148.0
518262,2021-12-29,8.53182,8.53182,8.53182,8.073120000000001,237558976.0
518262,2022-01-04,9.35748,9.99966,10.27488,9.35748,285651349.0
518262,2022-01-06,9.31161,8.62356,9.31161,8.53182,119655199.0
518262,2022-03-23,8.669429999999998,8.807039999999999,8.85291,8.62356,12864200.0
518262,2022-05-06,8.94465,8.807039999999999,9.12813,8.57769,30429399.0
518262,2022-09-12,9.85,9.7,10.0,9.6,71201395.0
518262,2022-09-14,9.15,9.25,9.45,9.1,98151363.0
518262,2022-10-12,6.95,7.25,7.4,6.9,151580915.0
518262,2022-11-17,8.0,8.15,8.15,7.9,39721127.0
518262,2022-12-27,10.2,10.15,10.4,9.9,137402727.0
518262,2023-01-25,9.5,9.65,9.75,9.4,47479501.0
518262,2023-02-17,8.9,8.9,9.15,8.85,61270881.0
518262,2023-02-27,8.1,8.4,8.4,8.05,47631704.0
518262,2023-03-10,8.4,8.6,8.65,8.35,51783687.0
518262,2023-07-17,18.2,18.25,18.45,18.1,129569292.0
518262,2023-07-19,17.85,18.0,18.1,17.8,48709437.0
518262,2023-07-25,19.0,20.25,20.8,19.0,276540698.0
518262,2023-08-09,19.5,18.95,19.5,18.9,204669757.0
518262,2023-08-11,20.2,20.75,21.25,19.8,193133275.0
518262,2023-08-18,19.8,19.8,20.05,19.5,70016385.0
518262,2021-01-14,5.825489999999999,0.0,5.825489999999999,5.825489999999999,4886505.0
518262,2021-02-02,6.3300600000000005,6.3300600000000005,6.3300600000000005,5.87136,54817498.0
518262,2021-02-23,4.81635,4.63287,4.81635,4.54113,66754952.0
518262,2021-04-28,4.31178,4.403519999999999,4.403519999999999,4.31178,6542598.0
518262,2021-07-29,5.825489999999999,5.9631,6.00897,5.825489999999999,57005949.0
518262,2021-09-15,6.00897,6.00897,6.19245,5.9631,31632827.0
518262,2021-09-29,5.91723,5.68788,5.9631,5.596139999999999,46956893.0
518262,2021-10-29,6.19245,6.23832,6.28419,6.00897,17282985.0
518262,2021-11-10,6.4218,6.51354,6.51354,6.37593,18060521.0
518262,2021-11-18,6.3300600000000005,6.4218,6.559410000000001,6.23832,25742984.0
518262,2021-12-10,7.20159,7.06398,7.20159,7.01811,119073478.0
518262,2022-02-07,10.18314,10.68771,10.82532,10.13727,82922151.0
518262,2022-02-09,9.72444,9.72444,9.95379,9.31161,77452831.0
518262,2022-02-24,8.302470000000001,8.302470000000001,8.34834,8.302470000000001,24071260.0
518262,2022-04-22,10.0914,10.0914,10.50423,10.04553,71428411.0
518262,2022-04-26,9.81618,9.95379,9.99966,9.72444,26274232.0
518262,2022-05-23,8.302470000000001,8.48595,8.53182,8.2566,20333451.0
518262,2022-06-17,7.06398,7.01811,7.3392,6.92637,46644019.0
518262,2022-07-15,5.825489999999999,5.825489999999999,5.9631,5.68788,45845256.0
518262,2022-07-18,5.825489999999999,5.87136,5.91723,5.73375,37612206.0
518262,2022-08-30,8.2,8.15,8.35,8.1,53606905.0
518262,2022-09-13,9.55,9.9,9.95,9.5,74547686.0
518262,2022-10-04,7.9,8.2,8.25,7.8,100371486.0
518262,2022-10-24,8.8,8.85,9.0,8.55,39087707.0
518262,2022-10-28,8.1,8.2,8.25,8.0,36746894.0
518262,2022-11-10,8.3,8.25,8.4,8.15,53029082.0
518262,2022-11-21,8.05,8.1,8.15,8.0,42965379.0
518262,2022-12-01,9.05,9.4,9.5,9.0,107156713.0
518262,2023-02-09,9.2,9.0,9.35,8.95,72874809.0
518262,2023-03-01,8.4,8.25,8.6,8.2,55018196.0
518262,2023-03-21,7.8,7.85,7.9,7.75,27594112.0
518262,2023-03-23,7.75,7.8,7.9,7.7,23864906.0
518262,2023-04-06,8.15,8.15,8.3,8.05,32437850.0
518262,2023-04-25,8.15,7.95,8.3,7.9,82252903.0
518262,2023-05-30,10.65,10.35,10.75,10.2,294083000.0
518262,2023-06-12,15.3,14.15,15.4,14.1,461323199.0
518262,2023-06-15,14.45,14.4,14.6,14.0,178864927.0
518262,2023-07-04,18.3,17.45,18.45,17.15,701973517.0
518262,2023-07-24,20.0,20.55,20.55,19.2,517944819.0
518262,2021-02-10,5.596139999999999,5.68788,5.73375,5.5044,23937851.0
518262,2021-02-11,5.73375,5.596139999999999,5.77962,5.596139999999999,17614963.0
518262,2021-03-12,5.09157,5.22918,5.27505,5.0457,18753184.0
518262,2021-03-17,5.0457,5.22918,5.27505,4.99983,15710515.0
518262,2021-05-24,4.99983,4.99983,5.0457,4.90809,24478228.0
518262,2021-06-08,6.3300600000000005,6.74289,6.74289,6.3300600000000005,62912603.0
518262,2021-06-21,7.20159,6.69702,7.20159,6.6052800000000005,108932123.0
518262,2021-06-23,7.15572,7.706160000000001,7.7979,7.15572,213479312.0
518262,2021-08-02,6.05484,5.77962,6.05484,5.73375,54149825.0
518262,2021-09-22,5.87136,5.91723,6.00897,5.87136,13636819.0
518262,2021-10-05,6.51354,6.51354,6.51354,6.37593,31668556.0
518262,2021-10-19,6.559410000000001,6.972239999999999,6.972239999999999,6.51354,40116385.0
518262,2021-11-02,6.4218,6.4218,6.559410000000001,6.3300600000000005,18548241.0
518262,2021-11-09,6.51354,6.65115,6.65115,6.46767,16348919.0
518262,2021-11-29,6.05484,6.28419,6.3300600000000005,6.00897,24158441.0
518262,2021-12-20,6.51354,6.23832,6.51354,6.05484,50166975.0
518262,2021-12-28,8.164860000000001,8.164860000000001,8.164860000000001,8.164860000000001,4939710.0
518262,2022-01-11,10.73358,10.73358,10.73358,9.90792,254753919.0
518262,2022-03-15,8.99052,9.03639,9.35748,8.85291,41099467.0
518262,2022-04-18,10.0914,10.18314,10.5501,9.90792,50721535.0
518262,2022-05-10,8.7153,8.807039999999999,9.08226,8.7153,27041923.0
518262,2022-06-16,7.10985,7.66029,7.66029,7.06398,42420402.0
518262,2022-10-17,7.45,6.8,7.6,6.75,249793767.0
518262,2022-11-11,8.2,8.5,8.55,8.2,68794518.0
518262,2022-11-28,8.8,8.6,9.0,8.5,202678872.0
518262,2023-02-20,8.55,8.9,9.1,8.45,118491096.0
518262,2023-02-24,8.4,8.2,8.55,8.15,57101906.0
518262,2023-03-15,7.95,7.8,8.15,7.75,59556915.0
518262,2023-03-22,7.8,7.85,7.95,7.8,22956081.0
518262,2023-03-28,7.05,7.25,7.35,6.95,55049453.0
518262,2023-04-20,7.95,8.05,8.1,7.95,18933562.0
518262,2023-05-04,8.6,8.2,8.7,8.2,197115631.0
518262,2023-05-29,10.35,10.15,10.45,10.1,179747106.0
518262,2021-01-05,6.74289,0.0,6.74289,6.10071,56968977.0
518262,2021-01-08,7.01811,0.0,7.752029999999999,7.01811,85124610.0
518262,2021-02-08,6.00897,6.10071,6.28419,5.9631,20607998.0
518262,2021-02-15,5.36679,5.550269999999999,5.64201,5.32092,26743822.0
518262,2021-02-19,4.77048,4.86222,4.86222,4.72461,15678529.0
518262,2021-03-04,5.22918,5.13744,5.32092,5.09157,23790153.0
518262,2021-03-18,4.90809,5.13744,5.13744,4.86222,22736680.0
518262,2021-03-24,5.1833100000000005,4.95396,5.22918,4.86222,42574419.0
518262,2021-03-26,5.0457,4.99983,5.13744,4.86222,20275686.0
518262,2021-05-18,5.09157,5.13744,5.1833100000000005,5.0457,17667860.0
518262,2021-07-07,7.66029,7.66029,7.7979,7.66029,29294864.0
518262,2021-07-30,5.77962,5.64201,6.00897,5.550269999999999,191541754.0
518262,2021-08-05,6.37593,6.28419,6.46767,5.91723,72262679.0
518262,2021-08-06,6.23832,6.4218,6.4218,6.14658,39343481.0
518262,2021-09-21,5.87136,5.9631,6.05484,5.73375,22679099.0
518262,2021-10-25,6.3300600000000005,6.51354,6.559410000000001,6.14658,20330775.0
518262,2021-12-02,6.46767,6.78876,6.78876,6.4218,55157601.0
518262,2021-12-24,7.43094,7.20159,7.43094,6.83463,76693591.0
518262,2022-01-03,9.81618,9.81618,9.81618,9.6327,37827124.0
518262,2022-01-07,9.77031,9.77031,9.77031,9.58683,111832189.0
518262,2022-01-25,10.0914,9.77031,10.22901,9.67857,146562574.0
518262,2022-02-22,8.44008,8.44008,8.53182,8.44008,53625875.0
518262,2022-03-07,8.85291,8.99052,9.03639,8.85291,45796049.0
518262,2022-03-16,9.174,9.26574,9.31161,9.08226,19690829.0
518262,2022-03-24,8.53182,8.62356,8.76117,8.48595,28229881.0
518262,2022-04-19,9.77031,10.22901,10.68771,9.54096,63374263.0
518262,2022-06-22,6.559410000000001,6.78876,6.78876,6.46767,52014290.0
518262,2022-06-27,6.559410000000001,6.78876,6.78876,6.559410000000001,33544666.0
518262,2022-07-04,6.10071,6.23832,6.3300600000000005,6.05484,30883080.0
518262,2022-07-05,6.10071,6.14658,6.3300600000000005,6.05484,46517085.0
518262,2022-07-19,6.00897,5.825489999999999,6.14658,5.77962,75448493.0
518262,2022-09-09,9.6,10.25,10.3,9.55,113013451.0
518262,2022-09-19,8.85,9.15,9.2,8.7,60061596.0
518262,2022-11-18,8.1,8.05,8.15,8.0,34159447.0
518262,2022-11-24,7.9,7.95,8.0,7.85,21746462.0
518262,2022-12-14,10.9,10.2,11.0,10.1,336400273.0
518262,2022-12-19,11.65,10.85,11.9,10.85,638219867.0
518262,2023-01-03,10.75,10.75,11.0,10.6,126373567.0
518262,2023-01-05,10.25,10.55,10.6,10.05,142768735.0
518262,2023-02-06,9.05,9.05,9.25,9.0,45864843.0
518262,2023-02-22,8.3,8.4,8.5,8.2,41332864.0
518262,2023-03-02,8.25,8.4,8.45,8.2,45131745.0
518262,2023-03-14,7.95,8.15,8.2,7.7,52110143.0
518262,2023-04-10,8.05,8.2,8.2,8.0,22032132.0
518262,2023-04-13,8.05,8.15,8.25,8.0,49318062.0
518262,2023-05-17,8.65,8.25,8.8,8.2,137647805.0
518262,2023-06-02,11.0,11.25,11.4,10.85,258642228.0
518262,2023-06-27,14.1,14.05,14.4,14.0,81222094.0
518262,2021-01-13,6.10071,0.0,6.10071,6.10071,5276324.0
518262,2021-01-15,6.10071,0.0,6.10071,5.64201,22566273.0
518262,2021-03-05,5.09157,5.22918,5.27505,5.0457,14485124.0
518262,2021-03-23,5.09157,5.22918,5.22918,4.95396,30709900.0
518262,2021-05-06,4.587,4.67874,4.67874,4.54113,9689085.0
518262,2021-05-21,4.99983,5.09157,5.09157,4.95396,17845932.0
518262,2021-06-09,6.51354,6.37593,6.6052800000000005,6.14658,101519938.0
518262,2021-07-05,8.44008,8.44008,8.44008,8.44008,3931543.0
518262,2021-09-01,5.550269999999999,5.596139999999999,5.68788,5.4585300000000005,17565815.0
518262,2021-09-06,5.596139999999999,5.596139999999999,5.73375,5.550269999999999,13354102.0
518262,2021-09-08,5.596139999999999,5.596139999999999,5.68788,5.550269999999999,18517149.0
518262,2021-10-21,6.51354,6.51354,6.65115,6.4218,20587618.0
518262,2021-10-28,6.19245,6.4218,6.4218,6.14658,22688609.0
518262,2021-11-16,6.4218,6.4218,6.65115,6.3300600000000005,60243878.0
518262,2022-01-12,11.23815,11.0088,11.23815,10.41249,359597336.0
518262,2022-01-27,10.59597,9.95379,10.59597,9.81618,91947918.0
518262,2022-01-28,10.45836,10.96293,11.05467,10.41249,86149828.0
518262,2022-03-08,8.898779999999999,8.76117,9.12813,8.62356,40954672.0
518262,2022-04-08,10.96293,11.28402,11.32989,10.77945,82871097.0
518262,2022-05-09,8.898779999999999,9.03639,9.12813,8.76117,24010023.0
518262,2022-05-12,7.88964,8.34834,8.34834,7.843770000000001,35263854.0
518262,2022-05-31,7.843770000000001,7.385070000000001,7.98138,6.78876,137442231.0
518262,2022-06-21,6.83463,6.65115,6.972239999999999,6.6052800000000005,46106746.0
518262,2022-06-24,6.6052800000000005,6.74289,6.78876,6.51354,42613823.0
518262,2022-07-11,6.14658,6.10071,6.23832,6.10071,37959012.0
518262,2022-07-20,6.05484,6.10071,6.28419,6.00897,52166345.0
518262,2022-08-02,6.65115,6.3300600000000005,6.74289,6.19245,87850636.0
518262,2022-08-22,7.88964,7.10985,7.98138,6.972239999999999,237183416.0
518262,2022-09-21,8.55,8.3,8.8,8.25,54726598.0
518262,2022-12-15,10.95,10.8,11.25,10.65,476242220.0
518262,2022-12-26,9.8,9.0,10.0,9.0,270444702.0
518262,2023-02-08,9.0,9.05,9.25,8.95,47849321.0
518262,2023-03-03,8.5,8.3,8.75,8.3,96295154.0
518262,2023-03-16,7.9,8.0,8.0,7.7,56722948.0
518262,2023-04-12,8.1,8.15,8.25,8.05,37352480.0
518262,2023-05-02,8.1,8.35,8.4,7.9,91311768.0
518262,2023-05-05,8.65,8.65,8.9,8.5,122285005.0
518262,2023-06-06,12.2,11.55,12.4,11.35,533178450.0
518262,2023-06-07,14.45,12.55,14.6,12.5,1419985233.0
518262,2023-06-14,14.4,15.25,15.35,14.15,222177502.0
518262,2023-07-07,17.85,17.55,18.3,17.45,267551084.0
518262,2023-08-07,18.65,18.6,19.0,18.25,119709706.0
518262,2023-08-14,20.05,19.55,20.2,19.3,110526997.0
518262,2021-01-07,7.385070000000001,0.0,7.385070000000001,7.385070000000001,3899793.0
518262,2021-02-01,6.05484,0.0,6.05484,6.00897,7837612.0
518262,2021-02-04,6.4218,6.19245,6.46767,6.19245,53124798.0
518262,2021-02-09,5.73375,6.00897,6.00897,5.68788,21950248.0
518262,2021-02-18,4.81635,4.86222,4.99983,4.77048,36400094.0
518262,2021-03-25,4.99983,5.13744,5.22918,4.95396,17217965.0
518262,2021-04-08,4.587,4.72461,4.72461,4.54113,9301317.0
518262,2021-04-16,4.35765,4.31178,4.449389999999999,4.26591,6896316.0
518262,2021-06-25,7.10985,6.559410000000001,7.15572,6.51354,159277010.0
518262,2021-07-27,6.37593,6.74289,6.78876,6.37593,79388171.0
518262,2021-08-23,5.412660000000001,5.36679,5.550269999999999,5.22918,37935672.0
518262,2021-08-24,5.5044,5.412660000000001,5.64201,5.27505,41518319.0
518262,2021-09-17,5.91723,6.00897,6.10071,5.77962,48877531.0
518262,2021-10-26,6.46767,6.37593,6.559410000000001,6.3300600000000005,16596032.0
518262,2021-11-22,6.28419,6.4218,6.46767,6.23832,24003175.0
518262,2022-01-14,11.192279999999998,10.5501,11.192279999999998,10.32075,138039334.0
518262,2022-01-31,10.96293,10.96293,10.96293,10.96293,16066541.0
518262,2022-02-14,9.03639,9.08226,9.21987,9.03639,65401054.0
518262,2022-03-03,9.08226,9.174,9.31161,8.94465,57799474.0
518262,2022-03-10,9.21987,9.26574,9.35748,9.08226,21235190.0
518262,2022-03-30,8.57769,8.57769,8.85291,8.53182,31686865.0
518262,2022-04-13,10.27488,10.64184,10.73358,10.18314,37851383.0
518262,2022-05-05,8.94465,9.03639,9.174,8.85291,19941312.0
518262,2022-06-28,6.46767,6.559410000000001,6.69702,6.4218,37170884.0
518262,2022-07-14,5.825489999999999,5.9631,6.00897,5.64201,66152802.0
518262,2022-08-11,7.06398,7.06398,7.24746,6.972239999999999,71202486.0
518262,2022-10-06,7.65,8.0,8.0,7.55,129179117.0
518262,2022-10-10,7.65,7.6,7.95,7.5,87610748.0
518262,2022-10-11,7.1,7.6,7.65,7.05,144401518.0
518262,2022-11-01,8.2,8.05,8.6,7.95,133421528.0
518262,2022-12-05,10.0,9.55,10.4,9.5,439811540.0
518262,2022-12-06,10.2,10.05,10.5,9.95,241805841.0
518262,2023-01-04,10.4,10.75,10.8,10.3,113590256.0
518262,2023-01-16,10.0,10.1,10.15,9.95,46621802.0
518262,2023-04-03,8.1,7.9,8.2,7.9,38896680.0
518262,2023-06-05,11.4,11.1,11.5,11.0,272291792.0
518262,2023-06-19,14.55,14.95,15.05,14.25,163607569.0
518262,2023-07-12,18.0,18.0,18.55,17.6,201949606.0
518262,2023-08-04,18.4,18.0,18.8,18.0,241151653.0
518262,2023-08-10,20.45,19.95,20.45,19.9,198521194.0
518262,2021-01-19,6.23832,0.0,6.51354,6.10071,28078285.0
518262,2021-02-17,4.81635,5.13744,5.13744,4.67874,51360152.0
518262,2021-04-07,4.63287,4.77048,4.77048,4.587,21718989.0
518262,2021-04-12,4.31178,4.54113,4.587,4.22004,23358282.0
518262,2021-04-22,4.17417,4.17417,4.26591,4.1283,8151191.0
518262,2021-05-27,5.27505,5.550269999999999,5.64201,5.13744,60683677.0
518262,2021-06-11,6.51354,6.78876,6.8805,6.46767,47548263.0
518262,2021-06-30,7.3392,7.29333,7.3392,7.06398,58147642.0
518262,2021-07-06,8.02725,8.48595,8.669429999999998,8.02725,250129839.0
518262,2021-07-09,7.7979,7.88964,8.02725,7.614420000000001,50295103.0
518262,2021-07-23,6.74289,6.972239999999999,7.01811,6.65115,27107134.0
518262,2021-07-26,6.69702,6.78876,6.972239999999999,6.6052800000000005,34046440.0
518262,2021-08-16,6.10071,6.19245,6.23832,6.05484,42035671.0
518262,2021-09-20,5.9631,5.87136,6.19245,5.77962,56059593.0
518262,2021-11-12,6.51354,6.51354,6.69702,6.46767,28835161.0
518262,2021-11-24,6.37593,6.37593,6.51354,6.28419,28226344.0
518262,2021-12-14,6.69702,6.83463,6.92637,6.6052800000000005,50775292.0
518262,2021-12-30,8.94465,8.85291,8.94465,8.76117,65608733.0
518262,2021-12-31,9.35748,9.21987,9.35748,9.08226,45312941.0
518262,2022-01-17,11.74272,11.42163,11.74272,11.37576,49242768.0
518262,2022-02-18,9.31161,9.99966,9.99966,9.31161,48651171.0
518262,2022-04-07,10.77945,10.36662,10.91706,9.95379,228550422.0
518262,2022-05-20,8.394210000000001,8.394210000000001,8.48595,8.2566,20835470.0
518262,2022-06-03,8.34834,9.08226,9.12813,8.2566,59600823.0
518262,2022-06-13,7.47681,7.66029,7.66029,7.3392,29607902.0
518262,2022-08-03,6.51354,6.6052800000000005,6.69702,6.4218,38600344.0
518262,2022-08-24,8.02725,8.2566,8.44008,7.93551,132622829.0
518262,2022-09-27,8.35,8.7,9.05,8.25,209148145.0
518262,2022-10-21,8.65,8.95,9.15,8.55,93358438.0
518262,2022-10-27,8.15,8.5,8.6,8.0,84184771.0
518262,2022-11-02,8.0,8.2,8.25,7.95,53878867.0
518262,2023-01-02,10.7,10.7,10.8,10.4,115707231.0
518262,2023-01-06,10.2,10.35,10.4,10.05,114171473.0
518262,2023-01-09,10.2,10.35,10.55,10.2,88848012.0
518262,2023-01-20,10.0,9.65,10.25,9.6,112834934.0
518262,2023-06-22,13.6,14.05,14.1,13.3,150787608.0
518262,2023-06-23,13.85,13.6,14.15,13.25,133077725.0
518262,2023-08-23,21.85,21.0,21.85,21.0,140162234.0
518262,2021-01-18,6.37593,0.0,6.37593,6.14658,37886970.0
518262,2021-01-25,5.550269999999999,0.0,5.825489999999999,5.550269999999999,7386192.0
518262,2021-01-20,6.00897,0.0,6.14658,5.9631,20967944.0
518262,2021-02-12,5.596139999999999,5.73375,5.77962,5.550269999999999,12035939.0
518262,2021-02-16,5.13744,5.36679,5.412660000000001,5.0457,23976216.0
518262,2021-02-22,4.587,4.77048,4.77048,4.49526,29919212.0
518262,2021-02-24,5.0457,4.90809,5.0457,4.86222,14137986.0
518262,2021-03-09,5.09157,5.22918,5.32092,4.99983,22260157.0
518262,2021-03-30,4.81635,5.09157,5.1833100000000005,4.81635,34164134.0
518262,2021-04-05,4.54113,4.67874,4.67874,4.449389999999999,20314684.0
518262,2021-05-10,5.13744,4.72461,5.13744,4.72461,43747153.0
518262,2021-05-12,5.22918,5.77962,5.825489999999999,5.1833100000000005,86929070.0
518262,2021-07-12,7.614420000000001,7.88964,7.93551,7.522679999999999,40446326.0
518262,2021-08-20,5.32092,5.27505,5.550269999999999,5.27505,36573010.0
518262,2021-08-25,5.596139999999999,5.596139999999999,5.73375,5.4585300000000005,29108936.0
518262,2021-09-02,5.73375,5.5044,5.825489999999999,5.5044,67580316.0
518262,2021-09-03,5.64201,5.77962,5.77962,5.550269999999999,23531284.0
518262,2021-09-09,5.73375,5.550269999999999,5.87136,5.550269999999999,37193929.0
518262,2021-09-13,5.73375,5.73375,5.91723,5.596139999999999,23255404.0
518262,2021-10-01,5.9631,5.87136,6.10071,5.77962,22996288.0
518262,2021-11-03,6.37593,6.46767,6.559410000000001,6.37593,11936211.0
518262,2021-12-07,6.4218,6.46767,6.559410000000001,6.4218,28237672.0
518262,2022-01-10,10.22901,10.22901,10.22901,10.22901,8823599.0
518262,2022-01-24,10.18314,10.77945,11.10054,10.18314,76853899.0
518262,2022-02-08,9.67857,10.18314,10.22901,9.67857,120624897.0
518262,2022-02-17,9.77031,9.58683,9.77031,9.54096,40290034.0
518262,2022-04-05,9.49509,9.49509,9.49509,9.49509,6741392.0
518262,2022-04-25,9.77031,9.99966,10.13727,9.67857,48233296.0
518262,2022-04-29,9.174,9.26574,9.6327,9.12813,45118733.0
518262,2022-05-19,8.164860000000001,8.302470000000001,8.394210000000001,8.11899,27270694.0
518262,2022-06-14,7.614420000000001,7.43094,7.7979,7.385070000000001,21899911.0
518262,2022-06-23,6.6052800000000005,6.6052800000000005,6.78876,6.51354,36966270.0
518262,2022-06-30,6.28419,6.4218,6.51354,6.23832,34608550.0
518262,2022-07-22,6.10071,6.14658,6.19245,6.05484,33895763.0
518262,2022-07-25,5.87136,6.10071,6.14658,5.87136,40148672.0
518262,2022-09-01,8.8,8.15,8.95,8.1,164496064.0
518262,2022-10-07,7.65,7.75,7.85,7.6,106914627.0
518262,2022-10-13,6.8,6.95,6.95,6.6,164628722.0
518262,2022-11-15,8.2,8.25,8.3,8.1,38977758.0
518262,2022-11-29,8.75,8.9,9.2,8.7,146846252.0
518262,2022-12-07,9.85,10.25,10.4,9.8,193786549.0
518262,2022-12-22,9.95,10.4,10.65,9.55,377648968.0
518262,2023-01-13,10.05,10.0,10.1,9.85,64749356.0
518262,2023-01-17,10.0,10.0,10.05,9.9,46626799.0
518262,2023-01-27,9.1,9.5,9.7,8.95,96786728.0
518262,2023-01-30,8.95,9.0,9.35,8.8,94496123.0
518262,2023-03-29,7.95,7.1,8.1,7.05,131787323.0
518262,2023-05-15,8.25,8.25,8.35,8.2,51475490.0
518262,2023-05-16,8.2,8.25,8.35,8.2,25372907.0
518262,2023-05-31,11.75,10.9,11.85,10.65,751320632.0
518262,2023-06-30,15.3,15.05,15.65,14.95,260744421.0
518262,2023-07-11,17.95,17.5,18.2,17.05,369539889.0
518262,2023-07-14,17.7,17.65,17.9,17.3,81517693.0
518262,2023-07-20,18.7,17.95,18.7,17.85,242575898.0
518262,2023-08-08,18.6,18.65,18.95,18.35,107177129.0
518262,2023-08-21,19.9,20.1,20.15,19.8,71793107.0
518262,2021-01-27,5.550269999999999,0.0,5.825489999999999,5.27505,17783074.0
518262,2021-03-03,5.22918,5.4585300000000005,5.4585300000000005,5.22918,28635203.0
518262,2021-03-22,5.09157,4.95396,5.13744,4.86222,31260674.0
518262,2021-03-31,4.587,4.77048,4.77048,4.587,27140976.0
518262,2021-04-13,4.449389999999999,4.26591,4.49526,4.26591,9692790.0
518262,2021-04-15,4.31178,4.403519999999999,4.449389999999999,4.26591,13939130.0
518262,2021-05-05,4.63287,4.63287,4.77048,4.587,8900113.0
518262,2021-06-17,6.559410000000001,6.4218,6.78876,6.37593,49960096.0
518262,2021-07-22,6.972239999999999,6.78876,7.01811,6.78876,24313554.0
518262,2021-08-12,6.00897,5.77962,6.00897,5.73375,27908552.0
518262,2021-08-27,5.5044,5.5044,5.596139999999999,5.36679,17297957.0
518262,2021-09-23,5.825489999999999,5.9631,6.00897,5.825489999999999,15299267.0
518262,2021-11-15,6.37593,6.6052800000000005,6.6052800000000005,6.3300600000000005,21136719.0
518262,2021-11-25,6.46767,6.4218,6.51354,6.37593,20552052.0
518262,2021-12-03,6.4218,6.46767,6.51354,6.37593,17162856.0
518262,2021-12-13,6.8805,7.24746,7.3392,6.8805,77112976.0
518262,2022-01-13,10.68771,11.23815,11.23815,10.68771,244718188.0
518262,2022-02-21,8.85291,8.94465,9.12813,8.85291,96950621.0
518262,2022-03-28,8.34834,8.57769,8.62356,8.302470000000001,22590452.0
518262,2022-04-21,10.18314,10.0914,10.32075,9.99966,41536029.0
518262,2022-05-24,8.302470000000001,8.302470000000001,8.53182,8.21073,22572116.0
518262,2022-06-01,8.62356,8.164860000000001,8.62356,8.02725,79584384.0
518262,2022-07-07,6.05484,6.14658,6.19245,6.00897,34675803.0
518262,2022-07-13,5.91723,6.28419,6.3300600000000005,5.87136,67701448.0
518262,2022-08-08,7.06398,6.92637,7.10985,6.8805,63946210.0
518262,2022-08-18,7.06398,6.972239999999999,7.10985,6.83463,44579874.0
518262,2022-09-05,10.55,9.15,10.55,9.05,436141360.0
518262,2022-09-26,8.55,8.95,8.95,8.15,159968010.0
518262,2022-10-14,6.7,7.0,7.0,6.65,96966089.0
518262,2022-12-13,10.1,10.35,10.45,10.05,143072413.0
518262,2023-02-07,8.95,9.05,9.15,8.9,35950091.0
518262,2023-04-11,8.15,8.1,8.35,8.0,44136206.0
518262,2023-04-21,7.95,8.0,8.05,7.95,12324483.0
518262,2023-04-26,8.2,8.25,8.75,8.1,140422847.0
518262,2023-05-26,10.0,9.8,10.15,9.45,149372185.0
518262,2023-07-03,16.8,15.75,16.8,15.75,389920926.0
518262,2023-07-26,18.05,18.05,18.05,18.05,41086178.0
