stockid,date,close,open,high,low,volume
492294,2021-02-02,24.25,24.9,25.5,24.05,518141.0
492294,2021-02-03,24.05,24.3,24.35,23.7,277775.0
492294,2021-03-02,31.75,31.2,33.9,30.5,6000145.0
492294,2021-03-04,31.05,30.35,32.2,29.85,1103397.0
492294,2021-04-09,31.0,31.75,32.25,30.6,599420.0
492294,2021-04-12,29.1,30.5,30.5,28.3,558498.0
492294,2021-04-15,29.75,29.9,30.2,29.1,362965.0
492294,2021-04-16,29.65,29.8,30.5,29.5,522604.0
492294,2021-07-13,56.95,55.25,57.55,54.05,2431814.0
492294,2021-07-16,66.35,65.9,68.45,65.4,3031050.0
492294,2021-07-26,64.35,61.75,65.2,60.4,2314119.0
492294,2021-08-12,57.7,54.25,59.5,54.25,1606966.0
492294,2021-09-07,51.05,51.9,52.2,50.7,357314.0
492294,2021-09-28,53.2,53.7,54.6,52.6,451489.0
492294,2021-11-16,48.85,49.0,49.9,48.15,293019.0
492294,2021-12-06,45.25,46.3,46.75,45.0,223996.0
492294,2022-01-07,55.15,55.75,56.55,54.85,551151.0
492294,2022-01-13,54.0,54.2,54.85,53.6,800476.0
492294,2022-01-18,60.3,62.65,63.65,60.1,2815468.0
492294,2022-02-02,54.75,55.1,56.3,54.2,434260.0
492294,2021-01-07,23.9,24.35,24.5,23.8,392977.0
492294,2021-01-28,24.3,22.7,24.8,22.15,416795.0
492294,2021-02-25,28.75,25.5,29.4,24.9,9633336.0
492294,2021-03-16,33.25,34.4,35.35,32.9,2820567.0
492294,2021-03-25,28.55,30.5,30.5,28.05,681307.0
492294,2021-05-04,34.05,34.5,36.5,32.7,5199603.0
492294,2021-05-18,43.4,44.25,44.35,42.25,1061894.0
492294,2021-06-22,47.7,45.4,48.9,45.25,3246135.0
492294,2021-07-02,48.15,48.15,48.95,47.35,1372256.0
492294,2021-09-13,51.15,52.35,52.35,50.65,340546.0
492294,2021-10-01,52.9,52.35,53.6,52.35,270069.0
492294,2021-01-25,23.95,25.45,25.8,23.7,292230.0
492294,2021-01-27,22.85,23.75,23.9,22.05,341214.0
492294,2021-03-30,29.0,29.1,29.5,28.2,551238.0
492294,2021-04-06,30.5,31.25,31.45,30.3,617566.0
492294,2021-04-07,30.8,30.6,31.8,30.6,492895.0
492294,2021-04-29,30.1,30.55,31.2,29.75,706767.0
492294,2021-05-03,33.9,30.1,34.4,30.05,3740305.0
492294,2021-05-20,45.7,47.6,48.4,45.3,2753175.0
492294,2021-05-25,47.05,44.25,48.8,44.25,7570670.0
492294,2021-05-31,46.3,46.65,47.75,45.25,1515176.0
492294,2021-06-08,44.5,45.35,45.4,43.7,896108.0
492294,2021-06-16,46.1,45.2,47.7,43.95,4152928.0
492294,2021-07-09,56.3,55.6,57.5,54.6,2118270.0
492294,2021-09-03,52.6,53.8,54.85,52.15,526070.0
492294,2021-09-17,52.65,55.0,55.55,51.5,682055.0
492294,2021-10-07,54.0,54.65,55.55,53.55,399884.0
492294,2021-10-18,51.0,52.25,52.5,50.9,714965.0
492294,2021-11-10,48.95,48.35,49.6,47.8,298812.0
492294,2021-01-14,27.1,28.1,28.45,26.7,638819.0
492294,2021-12-09,51.55,50.25,52.0,49.25,918221.0
492294,2021-03-01,31.4,28.1,32.1,28.05,6736798.0
492294,2021-12-10,51.75,51.7,52.8,51.15,784574.0
492294,2021-03-17,31.05,33.4,33.45,30.9,908551.0
492294,2021-04-05,31.0,30.25,31.4,29.5,893397.0
492294,2022-02-08,52.1,54.25,54.3,51.0,479404.0
492294,2022-02-25,55.0,55.7,56.95,54.1,892988.0
492294,2021-05-05,36.0,35.05,37.3,34.35,3056360.0
492294,2022-03-04,53.3,54.0,55.25,52.6,522979.0
492294,2021-06-25,48.25,46.6,49.4,46.5,3148022.0
492294,2022-03-24,72.05,70.8,72.8,68.55,3432010.0
492294,2021-07-07,57.8,53.25,59.0,53.15,11011863.0
492294,2022-03-30,73.4,73.8,76.8,72.15,3888667.0
492294,2021-08-09,60.9,63.75,63.75,60.1,793692.0
492294,2022-03-31,71.6,73.9,74.05,70.85,1640485.0
492294,2021-08-30,50.8,52.0,52.0,50.5,374664.0
492294,2022-04-06,79.4,76.8,81.6,75.5,4289862.0
492294,2021-09-02,53.65,51.65,54.85,51.1,1301955.0
492294,2022-04-21,87.05,91.5,92.25,85.2,5920875.0
492294,2022-04-22,86.3,86.9,90.55,84.5,6221959.0
492294,2021-01-18,26.1,26.65,27.4,25.8,374545.0
492294,2021-02-18,25.15,24.5,25.4,24.5,507970.0
492294,2021-03-19,30.1,28.8,30.25,27.4,785000.0
492294,2021-05-28,46.35,49.65,49.65,45.6,2468824.0
492294,2021-06-03,45.4,45.3,46.0,44.4,1204626.0
492294,2021-02-16,24.5,24.55,25.4,24.05,619712.0
492294,2021-02-19,24.6,25.15,25.4,24.5,388722.0
492294,2021-06-15,44.9,44.8,45.75,44.3,596088.0
492294,2021-06-24,46.75,47.5,47.7,46.25,797578.0
492294,2021-08-27,50.65,51.8,51.8,50.0,308809.0
492294,2021-10-08,54.0,54.05,54.6,53.0,500148.0
492294,2021-10-20,48.3,49.4,50.4,47.85,642829.0
492294,2021-12-08,49.85,47.95,50.3,47.6,1074976.0
492294,2021-12-22,48.75,48.0,49.85,48.0,426554.0
492294,2022-01-10,55.1,55.15,55.85,55.0,536380.0
492294,2022-01-27,54.4,54.0,55.4,52.25,550927.0
492294,2022-04-13,74.15,74.5,76.45,73.8,1210079.0
492294,2022-04-20,90.5,81.0,92.65,80.9,14297767.0
492294,2022-05-12,59.25,59.2,60.5,57.05,1422736.0
492294,2022-06-22,45.25,46.75,46.75,44.6,609978.0
492294,2022-06-24,47.3,46.65,47.7,46.65,337213.0
492294,2022-07-05,49.0,48.6,50.25,48.25,429658.0
492294,2022-08-30,61.35,61.25,62.9,61.2,801021.0
492294,2022-09-15,63.4,63.95,64.65,63.1,511788.0
492294,2022-10-06,56.4,55.0,56.85,55.0,482540.0
492294,2022-10-17,52.8,53.3,53.65,52.5,286943.0
492294,2022-10-19,53.55,53.7,54.75,53.35,226892.0
492294,2022-11-01,51.9,52.0,52.65,51.5,279161.0
492294,2022-11-02,53.05,52.2,53.7,52.2,416333.0
492294,2022-11-07,61.0,63.0,63.2,60.45,1372672.0
492294,2022-11-22,58.9,59.95,59.95,58.35,524511.0
492294,2022-11-24,64.35,64.4,66.5,63.95,2719860.0
492294,2023-01-02,90.75,88.25,92.0,87.35,7900114.0
492294,2023-01-17,76.5,73.25,77.4,71.8,3341016.0
492294,2021-01-20,25.85,26.7,26.7,25.75,230018.0
492294,2021-02-11,25.3,25.0,26.1,24.9,498908.0
492294,2021-03-05,32.4,31.6,35.2,31.45,6278717.0
492294,2021-03-15,33.9,32.0,34.5,30.8,2523154.0
492294,2021-03-18,29.3,31.45,31.95,28.55,721686.0
492294,2021-04-13,29.9,29.05,30.4,28.9,480224.0
492294,2021-05-11,43.5,36.25,43.5,36.25,9735876.0
492294,2021-05-27,49.05,47.5,49.5,46.3,5736702.0
492294,2021-06-01,45.2,46.4,46.75,44.45,1011094.0
492294,2021-06-10,46.45,43.95,47.9,43.9,3863337.0
492294,2021-06-30,49.05,49.65,51.75,48.8,5195942.0
492294,2021-07-01,47.2,49.4,49.6,46.85,1285662.0
492294,2021-07-14,61.75,57.5,64.3,55.8,9911732.0
492294,2021-08-04,62.8,66.0,66.9,62.1,1060736.0
492294,2021-09-24,52.95,53.3,56.25,51.7,3259096.0
492294,2021-10-04,53.3,53.3,54.5,52.7,536071.0
492294,2021-10-26,47.7,46.8,48.2,46.6,279807.0
492294,2021-07-08,55.65,57.45,58.4,54.6,4361166.0
492294,2021-07-19,64.5,65.35,66.7,64.0,1692022.0
492294,2021-07-28,61.35,63.0,63.3,60.0,883435.0
492294,2021-08-03,66.05,64.75,68.35,64.4,2387285.0
492294,2021-08-10,54.25,61.25,61.3,50.0,2236019.0
492294,2021-08-11,53.7,53.1,54.25,48.7,2139700.0
492294,2021-08-24,51.15,47.3,51.5,47.3,820820.0
492294,2021-10-19,49.4,51.2,52.25,46.65,715960.0
492294,2021-11-01,47.75,47.5,48.4,47.0,279526.0
492294,2021-12-21,48.3,47.15,49.9,47.15,302888.0
492294,2022-01-05,56.65,56.75,58.0,56.5,754481.0
492294,2022-01-14,57.3,53.8,57.8,53.3,2192903.0
492294,2022-03-07,51.35,52.05,52.95,50.6,496418.0
492294,2022-03-15,56.45,58.6,59.25,55.85,763302.0
492294,2022-05-26,60.15,59.0,61.25,56.1,1822618.0
492294,2022-07-29,50.3,49.8,50.9,49.4,548794.0
492294,2022-08-29,60.9,60.0,61.8,59.5,899765.0
492294,2022-10-25,54.1,54.5,54.75,53.85,179847.0
492294,2022-12-01,66.5,64.85,68.45,64.45,2637793.0
492294,2022-12-26,72.6,62.45,73.95,61.25,5545270.0
492294,2022-03-03,54.8,55.5,56.8,54.5,625418.0
492294,2021-11-02,48.15,48.2,49.1,47.6,283848.0
492294,2021-12-17,49.3,52.0,52.3,49.05,534042.0
492294,2022-06-02,56.3,57.25,58.0,55.5,2299227.0
492294,2022-01-17,62.2,57.85,63.45,57.55,5513815.0
492294,2022-06-03,54.9,56.7,57.4,54.2,1238071.0
492294,2022-01-25,54.8,53.0,55.4,51.15,1267031.0
492294,2022-08-17,55.55,56.0,56.45,55.3,542659.0
492294,2022-02-11,52.65,52.4,54.55,52.1,451460.0
492294,2022-08-19,57.45,57.6,59.15,57.0,1247290.0
492294,2022-04-08,76.6,76.6,77.9,76.05,1261233.0
492294,2022-09-20,60.55,60.8,61.85,60.3,334452.0
492294,2022-04-11,76.8,76.7,78.8,76.2,1049418.0
492294,2022-09-29,53.45,54.75,55.35,53.0,408114.0
492294,2022-10-12,54.7,54.15,55.3,53.1,325339.0
492294,2022-05-19,66.3,67.45,69.3,65.4,2016853.0
492294,2022-11-10,60.1,60.05,61.0,59.4,488862.0
492294,2022-12-09,63.65,67.8,67.8,61.65,1481655.0
492294,2022-06-13,50.05,52.0,52.5,49.8,792923.0
492294,2022-06-15,49.65,50.75,50.85,49.35,473964.0
492294,2022-07-21,51.4,51.1,52.35,50.1,349862.0
492294,2022-12-20,80.9,72.45,82.8,71.4,15916823.0
492294,2022-10-10,55.45,55.7,55.9,54.9,320080.0
492294,2022-12-22,67.85,72.85,73.4,66.45,5895884.0
492294,2022-11-21,59.65,58.55,60.75,57.8,688804.0
492294,2022-11-28,65.5,64.0,68.0,64.0,2338136.0
492294,2023-01-23,76.55,78.5,78.5,76.05,847504.0
492294,2023-01-31,74.65,70.6,75.0,69.8,1640599.0
492294,2022-12-19,73.0,75.95,76.5,72.1,4424480.0
492294,2023-02-01,69.95,75.5,76.75,68.7,1688398.0
492294,2022-12-21,72.3,81.4,81.75,71.2,8001766.0
492294,2022-04-25,79.45,85.4,85.75,78.4,3546521.0
492294,2022-05-04,72.55,77.85,78.1,71.1,1744200.0
492294,2022-06-23,46.25,45.3,47.8,45.3,649647.0
492294,2022-07-25,50.9,52.35,52.35,50.6,276418.0
492294,2022-08-05,53.3,53.4,54.45,52.8,851970.0
492294,2022-08-22,55.85,57.0,57.8,55.6,542271.0
492294,2022-09-13,65.2,62.95,66.5,62.95,2852800.0
492294,2022-11-11,58.1,60.75,61.3,57.15,890081.0
492294,2022-11-14,57.65,58.4,58.65,57.45,326365.0
492294,2022-11-29,64.5,65.7,66.5,64.2,713403.0
492294,2023-01-06,78.45,81.6,81.85,77.05,2200473.0
492294,2023-01-16,73.25,73.6,74.15,72.65,1034802.0
492294,2023-02-02,70.1,69.35,71.9,69.0,801373.0
492294,2021-01-01,24.4,24.15,24.9,24.0,450039.0
492294,2021-03-10,32.1,33.0,33.25,32.0,433332.0
492294,2021-03-31,29.35,28.85,30.3,28.6,608190.0
492294,2021-04-20,29.0,28.85,29.65,28.7,409804.0
492294,2021-04-28,30.3,30.6,31.2,30.1,578049.0
492294,2021-05-26,46.55,47.4,47.85,45.85,2250858.0
492294,2021-06-07,44.95,44.9,45.95,44.6,1595676.0
492294,2021-06-14,44.55,45.95,46.0,43.0,1304721.0
492294,2021-08-16,55.35,57.75,58.35,55.1,904399.0
492294,2021-08-26,51.5,52.3,52.9,51.0,353874.0
492294,2021-08-31,52.7,50.4,54.3,50.4,1057236.0
492294,2021-01-11,26.2,27.0,27.1,25.25,2228701.0
492294,2021-01-12,28.6,26.45,29.9,26.05,5765984.0
492294,2021-01-29,24.3,24.75,24.95,23.8,284814.0
492294,2021-02-04,26.15,24.15,26.8,24.0,948209.0
492294,2021-02-12,24.5,25.1,25.5,24.1,377858.0
492294,2021-03-08,32.25,32.8,33.55,32.0,733276.0
492294,2021-03-09,32.6,34.4,35.0,32.4,1169756.0
492294,2021-03-22,32.1,30.0,32.9,29.75,1452268.0
492294,2021-03-24,29.95,31.1,31.45,29.55,571077.0
492294,2021-04-23,30.5,28.75,31.65,28.75,1325826.0
492294,2021-07-20,61.7,64.05,64.9,60.25,1877660.0
492294,2021-07-22,62.7,62.3,64.35,61.75,1523799.0
492294,2021-07-29,61.4,61.8,63.4,61.05,595803.0
492294,2021-10-13,52.4,52.95,53.7,52.25,378127.0
492294,2021-11-17,48.8,48.55,51.7,48.55,1342689.0
492294,2021-11-18,47.3,49.0,49.4,46.85,362598.0
492294,2021-12-01,46.55,45.35,47.4,45.35,1077627.0
492294,2021-12-03,46.2,47.15,47.4,46.0,251160.0
492294,2022-02-28,54.35,53.15,55.7,52.9,670527.0
492294,2022-03-23,70.35,74.7,74.8,69.7,3776689.0
492294,2022-04-28,78.1,80.2,81.4,77.4,2596194.0
492294,2022-05-16,64.6,62.35,65.7,60.85,1147959.0
492294,2022-05-24,65.85,68.85,69.9,64.9,1075131.0
492294,2021-01-04,24.25,24.6,24.75,24.0,380167.0
492294,2021-01-05,24.5,24.6,25.2,24.35,677510.0
492294,2021-01-22,25.1,25.7,26.4,24.9,308538.0
492294,2021-02-10,24.9,25.45,25.6,24.8,222917.0
492294,2021-03-26,28.65,29.0,29.75,28.2,681982.0
492294,2021-05-14,41.6,42.7,44.75,40.65,3104863.0
492294,2021-05-21,45.95,46.05,47.7,44.5,1904677.0
492294,2021-07-27,62.55,64.85,64.95,61.85,899666.0
492294,2021-08-25,51.95,51.5,53.6,50.7,1145264.0
492294,2021-09-01,51.8,52.7,53.35,51.6,317124.0
492294,2021-09-22,53.8,51.95,54.4,51.85,594723.0
492294,2021-10-29,46.55,47.6,48.3,46.1,309592.0
492294,2021-11-08,47.9,48.5,48.9,47.45,280575.0
492294,2021-11-11,48.4,49.1,49.7,48.0,217042.0
492294,2021-11-30,44.4,44.8,45.65,44.1,301771.0
492294,2021-02-01,23.75,24.95,24.95,23.4,464986.0
492294,2021-02-05,26.25,26.35,26.75,25.05,599109.0
492294,2021-02-17,24.4,24.7,24.75,24.25,1317574.0
492294,2021-02-23,24.15,24.4,24.45,23.75,287835.0
492294,2021-01-19,26.25,26.4,26.85,26.15,279084.0
492294,2021-02-08,25.45,26.0,26.5,25.35,234526.0
492294,2021-04-01,30.15,29.65,30.95,29.25,629457.0
492294,2021-02-22,24.2,24.85,24.85,24.1,233136.0
492294,2021-02-26,27.85,28.4,29.35,27.5,2175254.0
492294,2021-06-29,48.9,49.85,50.8,48.3,2332481.0
492294,2021-03-23,31.5,32.0,32.5,31.25,930735.0
492294,2021-04-26,29.1,31.0,31.3,28.8,816131.0
492294,2021-07-05,49.7,48.65,50.65,48.5,2319017.0
492294,2021-06-18,44.8,46.0,46.3,43.3,881751.0
492294,2021-09-15,55.5,52.7,56.75,52.7,3531762.0
492294,2021-07-06,52.85,50.65,54.45,50.3,8614497.0
492294,2021-09-29,53.9,52.7,54.7,52.5,537937.0
492294,2021-07-12,54.9,56.85,57.35,54.4,1590208.0
492294,2021-07-30,63.9,60.9,66.8,60.9,3730879.0
492294,2021-11-29,44.5,45.6,46.0,43.1,366751.0
492294,2021-08-17,53.1,55.7,55.7,52.75,462441.0
492294,2021-08-18,52.05,53.6,54.95,51.1,546735.0
492294,2021-12-02,46.8,46.55,47.3,46.1,226693.0
492294,2021-01-08,26.8,24.6,28.65,24.5,10179599.0
492294,2021-08-20,49.8,51.1,53.45,49.1,748862.0
492294,2021-09-21,51.5,52.0,52.0,50.0,366926.0
492294,2021-12-15,52.55,53.1,54.0,52.4,790741.0
492294,2021-04-19,28.35,28.7,29.05,27.05,364146.0
492294,2021-10-11,53.25,54.0,54.5,53.05,369548.0
492294,2021-11-12,48.8,49.3,49.65,48.5,347791.0
492294,2021-12-23,47.9,49.0,49.15,47.3,524301.0
492294,2021-05-10,36.25,35.45,36.75,35.45,1710969.0
492294,2021-12-16,51.8,52.95,52.95,51.25,673432.0
492294,2022-01-11,53.05,55.25,55.65,52.85,998851.0
492294,2021-12-30,55.75,56.5,58.1,55.5,1235791.0
492294,2021-06-04,44.8,45.5,45.7,44.6,719874.0
492294,2022-01-28,54.5,55.0,55.9,54.1,503214.0
492294,2022-02-09,52.45,52.5,53.65,52.15,230025.0
492294,2021-06-09,43.9,44.75,45.5,42.75,1571410.0
492294,2022-02-23,59.65,58.5,61.2,58.3,2534729.0
492294,2022-06-06,56.0,54.6,57.3,53.3,1394736.0
492294,2022-02-22,57.55,54.3,58.15,52.9,1889551.0
492294,2021-06-17,45.85,45.3,47.4,44.75,2016945.0
492294,2022-02-24,53.0,54.35,57.05,52.2,1981928.0
492294,2021-07-15,64.8,62.3,67.2,62.0,6346439.0
492294,2022-03-16,57.3,57.5,59.0,56.6,573548.0
492294,2021-08-02,64.4,65.0,66.4,64.0,980525.0
492294,2022-06-16,47.5,50.6,51.65,46.0,1195977.0
492294,2021-09-06,51.85,52.0,53.75,51.45,411109.0
492294,2021-09-08,51.0,51.05,51.65,50.7,325663.0
492294,2021-09-30,53.15,54.25,54.4,53.0,301422.0
492294,2021-01-06,24.05,24.65,24.75,23.8,405973.0
492294,2021-01-13,28.1,28.9,29.2,26.8,1624197.0
492294,2021-01-21,25.7,25.95,26.5,25.2,538798.0
492294,2021-03-03,30.55,31.9,32.0,29.8,1456975.0
492294,2021-04-27,30.65,29.1,31.6,29.1,1832900.0
492294,2021-05-06,36.0,36.35,37.1,35.0,2349526.0
492294,2021-05-07,34.85,36.2,36.4,34.55,799553.0
492294,2021-05-19,46.45,43.25,47.5,42.8,6344230.0
492294,2021-05-24,43.95,46.3,46.5,43.6,1639816.0
492294,2021-06-02,44.85,45.75,45.75,44.65,962417.0
492294,2021-08-05,61.75,63.3,64.8,60.5,774635.0
492294,2021-08-06,63.35,62.25,63.7,61.8,558522.0
492294,2021-08-13,56.2,57.15,58.9,55.6,798231.0
492294,2021-09-16,55.15,55.8,56.6,54.3,816357.0
492294,2021-10-05,55.15,53.0,57.3,53.0,1599713.0
492294,2021-10-22,48.05,48.3,50.3,47.7,458744.0
492294,2021-10-27,48.25,47.8,48.7,47.5,213211.0
492294,2021-11-15,49.45,50.5,51.35,49.05,594242.0
492294,2021-12-29,56.5,57.9,58.55,56.1,1478527.0
492294,2021-11-26,46.05,48.25,48.55,45.6,472373.0
492294,2021-12-07,47.2,46.45,47.7,46.0,311211.0
492294,2021-12-14,52.75,52.4,53.75,51.75,609001.0
492294,2021-12-31,55.55,55.75,56.85,55.1,497948.0
492294,2022-01-19,60.25,60.0,61.8,58.2,1328299.0
492294,2022-01-31,55.55,55.0,56.4,55.0,656412.0
492294,2022-02-07,53.5,54.6,55.0,53.25,369102.0
492294,2022-02-14,48.9,51.55,51.95,47.0,545489.0
492294,2022-02-17,57.25,59.4,59.7,56.9,4510273.0
492294,2022-03-10,54.75,53.8,55.85,53.75,918185.0
492294,2022-03-22,74.15,71.3,75.5,68.7,11242868.0
492294,2022-03-28,69.5,70.5,71.65,68.45,2072772.0
492294,2022-04-04,72.9,72.45,73.8,71.45,2240889.0
492294,2022-04-18,77.85,73.0,79.6,72.3,3077290.0
492294,2022-05-02,77.3,73.0,77.95,72.0,2292255.0
492294,2022-06-08,55.05,56.0,56.95,54.55,1207990.0
492294,2022-06-21,46.65,43.15,47.2,43.15,1128969.0
492294,2022-07-26,50.05,50.95,51.35,49.7,248211.0
492294,2022-08-11,55.9,58.0,58.3,55.45,1433222.0
492294,2022-09-22,58.8,58.6,60.2,58.2,542219.0
492294,2022-10-24,54.05,54.0,54.35,53.8,71633.0
492294,2023-01-18,78.7,76.9,80.3,76.65,2571864.0
492294,2022-06-14,50.1,50.2,51.2,49.4,714441.0
492294,2022-07-14,49.4,50.75,50.9,49.1,264991.0
492294,2022-08-08,53.0,53.95,54.4,52.65,478736.0
492294,2022-09-27,54.35,54.0,55.0,53.0,433892.0
492294,2022-10-20,53.95,53.5,54.5,53.15,333568.0
492294,2022-12-06,66.1,65.5,67.4,64.7,1237525.0
492294,2022-12-14,66.5,65.45,67.95,64.55,1974562.0
492294,2022-12-29,82.2,83.5,84.5,80.25,7398568.0
492294,2023-01-03,84.2,91.1,91.2,82.35,4604054.0
492294,2023-01-13,73.15,75.0,75.3,72.45,1496785.0
492294,2023-01-30,70.05,69.5,72.2,68.65,906914.0
492294,2021-03-12,31.35,32.15,33.2,31.25,782222.0
492294,2021-04-08,31.85,31.05,33.4,31.0,1594917.0
492294,2021-05-12,41.45,46.45,46.75,41.0,7247568.0
492294,2021-06-11,45.65,46.75,48.0,45.15,1736817.0
492294,2021-06-21,44.9,43.7,45.45,43.55,670766.0
492294,2021-08-23,47.2,50.6,51.8,44.55,1128997.0
492294,2021-09-20,51.25,51.2,54.0,51.1,479259.0
492294,2021-09-23,52.95,54.25,54.35,52.6,409326.0
492294,2021-09-27,53.35,53.3,55.0,52.35,1297199.0
492294,2021-11-09,48.2,48.2,48.95,48.0,280972.0
492294,2021-12-13,52.65,52.3,53.85,52.0,803792.0
492294,2022-01-04,56.8,57.65,58.4,56.0,1043298.0
492294,2022-02-16,54.05,52.95,56.9,52.5,1894079.0
492294,2022-03-21,70.75,64.0,72.25,63.9,14569829.0
492294,2022-04-01,72.2,71.75,74.0,71.3,1999046.0
492294,2022-04-19,80.25,79.1,84.75,78.05,7488731.0
492294,2022-05-13,62.4,60.95,63.9,60.1,1647222.0
492294,2022-05-18,68.8,67.8,70.15,65.35,1815076.0
492294,2022-05-20,69.1,67.8,69.7,67.25,1135711.0
492294,2022-06-01,59.5,57.65,60.9,57.45,1501807.0
492294,2022-07-19,50.75,50.5,51.8,50.3,361528.0
492294,2021-12-27,54.65,51.4,55.0,50.05,2910291.0
492294,2022-03-11,57.4,54.55,58.4,54.25,1569459.0
492294,2022-03-25,69.95,72.6,72.9,69.45,1473509.0
492294,2022-05-30,56.25,60.25,60.4,55.85,2001853.0
492294,2022-06-07,55.7,55.5,57.6,55.2,1631130.0
492294,2022-07-07,49.45,49.5,49.9,48.5,403075.0
492294,2022-08-01,52.4,50.5,53.0,50.35,680487.0
492294,2022-08-24,58.55,55.9,59.1,55.9,1500726.0
492294,2022-11-03,60.85,52.7,61.8,52.2,6380017.0
492294,2022-11-23,63.65,59.05,64.9,59.05,5675759.0
492294,2022-12-13,65.05,66.35,67.0,64.25,1178957.0
492294,2022-12-15,70.3,66.7,71.95,64.8,9369527.0
492294,2023-01-04,85.1,84.5,86.85,82.2,5476789.0
492294,2023-01-24,73.5,75.3,76.55,73.1,921014.0
492294,2023-01-27,70.2,74.55,75.2,68.2,1836795.0
492294,2022-06-20,42.75,45.75,46.1,40.75,1298745.0
492294,2022-06-27,48.9,48.1,50.4,48.0,771786.0
492294,2022-07-11,52.05,49.0,53.0,48.65,1855830.0
492294,2022-08-04,53.25,52.35,54.4,51.4,1428450.0
492294,2022-08-18,57.3,55.95,57.8,55.6,1158283.0
492294,2022-09-08,63.6,64.25,64.85,63.15,505271.0
492294,2022-09-14,63.85,64.1,64.9,63.5,745054.0
492294,2022-09-16,61.75,63.7,64.9,61.25,1152926.0
492294,2022-10-14,53.3,54.15,54.6,53.0,312769.0
492294,2022-10-27,53.55,54.6,54.8,53.35,325800.0
492294,2022-10-31,52.15,53.2,53.65,51.85,368951.0
492294,2022-11-04,62.35,62.25,65.25,61.5,4965813.0
492294,2022-11-16,59.45,60.5,61.4,59.1,491524.0
492294,2022-12-05,65.8,66.15,66.95,65.2,648387.0
492294,2023-01-12,74.6,74.5,76.75,73.95,2095679.0
492294,2021-10-06,54.15,55.6,57.2,53.9,810102.0
492294,2021-10-21,48.6,48.15,49.2,48.15,372126.0
492294,2021-10-25,46.75,48.45,48.45,46.35,394213.0
492294,2021-10-28,46.8,48.6,48.6,46.6,239267.0
492294,2021-11-22,44.55,47.05,47.3,44.0,579005.0
492294,2021-11-25,48.65,46.75,49.1,46.15,528134.0
492294,2021-12-28,57.2,55.5,57.7,54.35,2447731.0
492294,2022-01-03,57.25,55.6,59.7,55.55,2290584.0
492294,2022-01-24,53.1,58.5,59.0,51.75,1515637.0
492294,2022-03-08,52.2,52.0,53.5,51.8,440426.0
492294,2022-03-14,58.3,57.9,61.8,57.0,3300391.0
492294,2022-05-11,60.5,66.0,66.6,56.9,2610822.0
492294,2022-05-23,68.0,69.8,70.85,67.15,1055979.0
492294,2022-05-31,57.15,56.85,59.1,56.15,1496455.0
492294,2022-07-06,48.95,49.0,49.4,47.0,401909.0
492294,2022-07-18,50.5,50.1,51.25,50.1,333597.0
492294,2022-08-25,59.55,59.0,61.8,58.75,2277873.0
492294,2022-10-07,56.35,56.05,57.45,55.75,519364.0
492294,2022-10-18,53.7,53.35,54.2,53.1,213569.0
492294,2022-11-30,64.15,64.9,65.25,63.35,495479.0
492294,2022-12-08,67.35,67.95,69.8,67.0,1894248.0
492294,2022-12-23,61.65,66.0,68.0,61.15,3930475.0
492294,2021-10-12,52.45,53.2,53.35,52.1,421056.0
492294,2021-10-14,51.75,52.85,53.0,51.55,516515.0
492294,2021-11-04,48.4,48.2,48.8,48.05,74386.0
492294,2021-11-23,46.25,44.55,47.4,43.45,573967.0
492294,2021-11-24,46.05,46.9,47.55,45.7,280163.0
492294,2021-12-20,47.15,48.65,48.95,45.7,459484.0
492294,2021-12-24,50.85,48.5,52.85,47.95,1591098.0
492294,2022-01-06,55.75,56.0,57.3,55.15,762995.0
492294,2022-01-12,54.1,53.55,55.55,52.95,1113278.0
492294,2022-02-01,54.8,55.95,56.4,53.7,603446.0
492294,2022-02-10,52.9,52.45,53.65,51.9,301480.0
492294,2022-02-18,60.55,57.3,61.75,56.0,4674043.0
492294,2022-03-17,63.15,57.85,65.55,57.65,5274416.0
492294,2022-04-05,76.95,73.95,79.7,73.5,6325812.0
492294,2022-04-12,73.65,76.8,76.95,71.6,2110575.0
492294,2022-04-26,78.9,80.9,81.45,78.25,2273488.0
492294,2022-04-29,74.25,79.1,79.1,73.6,2148272.0
492294,2022-05-10,65.75,68.1,70.7,64.25,1576294.0
492294,2022-06-28,49.55,49.0,50.25,48.3,957716.0
492294,2022-07-13,50.4,51.75,51.95,50.0,320767.0
492294,2022-08-12,55.35,55.8,56.75,54.45,1068897.0
492294,2022-09-26,53.55,55.5,55.9,52.6,823396.0
492294,2022-11-15,60.0,57.65,60.5,57.65,660087.0
492294,2022-11-17,58.95,59.1,59.45,58.2,389700.0
492294,2022-12-28,83.7,74.65,85.95,73.55,14351703.0
492294,2022-07-01,48.05,47.85,48.45,46.3,436248.0
492294,2022-07-22,51.95,51.9,52.9,51.3,547782.0
492294,2022-07-28,48.9,49.95,51.0,48.25,785480.0
492294,2022-09-02,64.45,62.5,66.15,62.5,2945356.0
492294,2022-09-06,63.75,64.45,65.0,63.45,762348.0
492294,2022-09-09,61.95,63.7,64.2,61.75,544719.0
492294,2022-09-28,54.1,54.05,55.15,53.55,371363.0
492294,2022-10-11,54.05,55.7,56.35,53.5,266808.0
492294,2022-10-21,53.6,54.25,54.5,53.4,228899.0
492294,2022-10-28,53.1,53.45,54.25,52.8,234991.0
492294,2022-11-18,58.0,59.4,60.1,57.8,379131.0
492294,2022-11-25,64.05,64.5,64.9,63.55,926297.0
492294,2022-12-02,66.1,66.5,67.5,65.95,852423.0
492294,2023-01-25,73.8,74.0,74.65,72.1,893332.0
492294,2021-01-15,26.5,27.0,27.3,26.2,451269.0
492294,2021-02-09,25.05,25.65,26.35,24.95,306703.0
492294,2021-02-15,24.6,24.85,25.25,24.05,401475.0
492294,2021-02-24,24.95,24.15,25.4,24.15,377944.0
492294,2021-04-22,28.95,29.25,29.45,28.6,302177.0
492294,2021-04-30,30.05,29.75,31.35,29.6,781990.0
492294,2021-05-17,43.45,42.4,44.25,41.95,1836506.0
492294,2021-06-23,47.1,48.2,49.2,46.5,2407198.0
492294,2021-06-28,49.45,48.5,50.9,48.5,3411235.0
492294,2021-07-23,60.8,63.2,63.25,60.2,752042.0
492294,2021-09-09,52.0,50.7,53.75,50.55,555840.0
492294,2021-09-14,52.35,51.1,53.2,51.1,985095.0
492294,2021-11-03,48.15,48.4,49.4,47.9,314023.0
492294,2022-01-21,58.05,59.9,60.9,56.9,1092275.0
492294,2022-05-25,58.05,66.65,67.0,55.8,2816771.0
492294,2022-06-09,54.6,55.15,55.8,54.05,689384.0
492294,2022-07-08,49.25,49.9,49.95,49.0,267786.0
492294,2022-08-16,55.85,56.35,56.75,55.3,636239.0
492294,2022-08-23,56.0,54.9,57.0,54.9,520760.0
492294,2022-09-07,63.75,63.6,65.2,63.45,697307.0
492294,2022-09-12,62.65,62.0,63.65,62.0,546894.0
492294,2022-09-19,60.3,62.0,62.6,59.75,699711.0
492294,2022-10-04,54.5,54.45,54.9,53.85,305565.0
492294,2022-11-09,59.9,62.0,62.5,59.55,1105905.0
492294,2022-12-07,67.35,66.2,69.4,64.6,3891381.0
492294,2022-02-03,55.35,54.5,55.65,54.25,379748.0
492294,2022-02-15,51.95,50.85,54.5,49.1,1537738.0
492294,2022-03-02,54.85,54.25,56.95,53.55,805310.0
492294,2022-03-09,53.05,52.55,53.5,52.1,511639.0
492294,2022-05-06,69.45,70.5,70.7,68.6,1379966.0
492294,2022-05-09,67.75,69.0,69.75,67.0,1249083.0
492294,2022-06-10,53.35,54.0,54.6,53.2,530521.0
492294,2022-06-17,45.9,47.0,48.6,45.1,1101523.0
492294,2022-06-30,47.15,49.0,49.6,46.6,534551.0
492294,2022-08-02,54.15,52.3,55.0,51.85,1363212.0
492294,2022-09-21,59.2,60.9,61.4,59.05,426482.0
492294,2022-12-12,65.9,63.5,66.45,62.6,1517643.0
492294,2022-12-16,74.6,70.55,75.4,70.3,9637734.0
492294,2023-01-19,76.2,78.6,79.2,76.0,1199208.0
492294,2023-02-06,68.25,68.0,69.9,67.6,612681.0
492294,2022-07-20,51.1,51.5,52.5,50.8,820885.0
492294,2022-08-10,56.95,53.1,59.5,53.0,5568530.0
492294,2022-09-01,61.4,60.75,62.5,60.7,628285.0
492294,2022-09-05,64.1,64.8,65.8,63.95,673004.0
492294,2022-09-23,56.8,59.2,59.75,56.5,477347.0
492294,2022-09-30,54.2,53.5,54.5,52.35,479240.0
492294,2022-10-03,53.5,54.15,55.5,53.1,344494.0
492294,2022-12-27,74.65,73.25,76.4,71.35,4030276.0
492294,2022-12-30,87.3,82.65,90.0,82.6,13505271.0
492294,2023-01-05,81.45,85.15,85.8,79.85,2676049.0
492294,2023-01-09,78.55,79.2,81.0,77.7,1224242.0
492294,2023-01-10,74.95,78.9,78.9,74.5,1447181.0
492294,2023-02-07,67.9,68.5,69.25,67.3,571958.0
492294,2022-01-20,60.15,59.75,61.4,59.3,681731.0
492294,2022-02-04,54.25,55.9,56.0,53.5,380360.0
492294,2022-02-21,57.1,60.2,60.85,56.5,1673531.0
492294,2022-03-29,72.85,70.1,74.8,69.6,4566841.0
492294,2022-04-07,76.0,79.7,80.65,75.4,2332453.0
492294,2022-04-27,79.25,77.55,81.4,76.1,3285919.0
492294,2022-05-05,71.35,73.5,74.0,70.6,1274120.0
492294,2022-05-17,67.3,65.25,67.95,64.3,1495602.0
492294,2022-05-27,61.65,60.6,63.0,60.6,1028913.0
492294,2022-06-29,48.95,49.0,50.4,48.6,419921.0
492294,2022-07-04,48.75,48.4,49.45,48.2,320293.0
492294,2022-07-12,51.3,52.0,52.8,50.85,716103.0
492294,2022-07-15,49.95,49.5,50.35,49.2,266049.0
492294,2022-07-27,49.35,50.05,50.5,48.35,490421.0
492294,2022-08-03,52.2,54.15,54.4,51.6,729787.0
492294,2022-08-26,61.95,60.1,62.4,60.05,1530599.0
492294,2022-10-13,53.55,54.05,54.45,53.3,316154.0
492294,2023-01-11,74.1,75.15,77.65,73.75,1679291.0
492294,2023-01-20,78.1,76.3,79.15,75.6,1539618.0
492294,2023-02-03,68.9,70.5,70.85,66.45,897082.0
492294,2023-03-23,58.0,58.5,59.45,57.85,379242.0
492294,2023-02-09,69.0,67.65,70.7,67.25,1196164.0
492294,2023-03-10,63.05,62.5,63.85,61.6,1080773.0
492294,2023-02-15,70.55,69.2,72.85,69.2,1535181.0
492294,2023-04-17,64.7,66.0,66.7,64.3,1157516.0
492294,2023-03-28,52.65,53.9,54.3,52.1,835849.0
492294,2023-04-05,60.35,58.6,61.1,57.85,1111014.0
492294,2023-04-18,63.7,64.95,65.35,63.15,616892.0
492294,2023-05-04,72.7,70.3,74.2,69.85,2676961.0
492294,2023-06-20,68.5,67.3,69.9,66.2,2284483.0
492294,2023-03-01,59.8,58.15,60.5,58.15,867541.0
492294,2023-03-06,62.95,61.65,64.05,61.55,1317025.0
492294,2023-04-25,68.75,66.75,69.5,66.25,1828904.0
492294,2023-05-18,70.45,69.55,72.5,69.45,2673318.0
492294,2023-05-30,65.15,65.8,66.75,64.8,653859.0
492294,2023-06-02,64.85,64.8,65.5,64.7,703508.0
492294,2023-06-05,65.85,65.05,66.55,65.05,801218.0
492294,2023-06-13,66.6,66.75,67.7,66.3,567944.0
492294,2023-07-14,69.1,68.65,69.3,68.05,616240.0
492294,2023-07-19,68.5,68.8,70.7,68.25,1627285.0
492294,2023-08-07,66.15,66.4,67.25,65.7,669195.0
492294,2023-08-18,63.65,64.4,65.05,63.4,349803.0
492294,2023-04-19,64.75,63.95,65.8,63.7,957482.0
492294,2023-03-31,56.45,56.3,57.55,56.0,650766.0
492294,2023-03-15,58.9,59.95,60.8,58.5,737465.0
492294,2023-03-21,58.15,58.15,59.15,57.9,362317.0
492294,2023-04-06,60.35,60.85,61.3,59.6,847503.0
492294,2023-04-11,61.0,60.95,61.4,60.3,522810.0
492294,2023-06-14,68.15,67.25,70.25,66.55,2701263.0
492294,2023-07-12,68.4,69.95,70.2,68.1,1062707.0
492294,2023-03-09,63.05,64.85,65.35,62.8,853160.0
492294,2023-03-14,59.5,60.0,60.3,58.55,670612.0
492294,2023-05-15,69.25,70.85,70.95,69.05,398178.0
492294,2023-05-22,68.65,69.95,69.95,67.5,568048.0
492294,2023-05-25,64.8,67.95,68.5,64.0,2274151.0
492294,2023-06-06,68.3,66.25,68.75,65.8,2037252.0
492294,2023-07-24,66.8,66.8,67.7,66.65,594936.0
492294,2023-08-02,66.5,67.15,67.75,65.75,797152.0
492294,2023-05-23,68.75,68.9,69.6,68.55,580233.0
492294,2023-06-01,64.4,64.3,65.55,64.2,596686.0
492294,2023-06-16,67.25,67.3,68.4,66.95,798297.0
492294,2023-08-08,65.8,66.4,66.9,65.6,664189.0
492294,2023-08-10,64.95,65.4,65.65,64.6,469308.0
492294,2023-08-22,63.6,63.65,64.3,63.45,628249.0
492294,2023-04-24,66.65,63.95,68.25,63.05,2384380.0
492294,2023-05-24,68.3,68.75,69.75,67.65,643719.0
492294,2023-05-29,65.65,66.2,66.45,65.05,627662.0
492294,2023-06-23,66.0,68.2,68.2,65.5,766486.0
492294,2023-06-27,66.35,66.15,67.5,66.05,503919.0
492294,2023-07-04,65.55,66.0,67.0,65.3,719311.0
492294,2023-05-10,69.0,69.65,70.7,68.2,814964.0
492294,2023-08-01,66.9,66.7,67.8,66.7,864216.0
492294,2023-02-17,69.4,70.5,71.35,69.1,514394.0
492294,2023-03-17,58.7,58.9,59.7,58.3,327972.0
492294,2023-03-24,55.65,58.0,58.35,55.0,463462.0
492294,2023-05-03,69.9,69.2,71.55,69.1,1812983.0
492294,2023-05-12,70.5,69.8,71.9,69.0,1085470.0
492294,2023-06-08,67.35,68.25,68.6,67.05,634581.0
492294,2023-06-19,67.1,67.7,67.95,66.8,376371.0
492294,2023-07-05,67.55,65.85,68.45,65.6,2341311.0
492294,2023-07-28,66.3,67.15,67.45,66.0,515155.0
492294,2023-02-08,67.45,67.85,68.9,66.9,849048.0
492294,2023-02-13,68.3,70.0,71.3,67.5,820418.0
492294,2023-02-22,66.3,67.5,67.8,65.85,749553.0
492294,2023-04-27,67.85,69.0,69.0,67.5,732076.0
492294,2023-05-05,71.6,72.9,73.5,70.8,1251239.0
492294,2023-05-19,69.8,70.75,71.15,68.85,727498.0
492294,2023-05-26,65.65,65.1,66.5,65.1,906669.0
492294,2023-06-22,67.95,68.35,69.85,67.0,1205913.0
492294,2023-07-03,65.9,66.4,67.0,65.7,835795.0
492294,2023-07-13,68.35,68.9,70.3,67.6,1265496.0
492294,2023-07-27,66.85,67.2,67.8,66.6,453630.0
492294,2023-03-27,53.7,55.6,55.85,53.05,638178.0
492294,2023-03-29,55.45,52.05,55.9,52.05,1204419.0
492294,2023-04-03,58.25,56.85,58.5,56.55,496214.0
492294,2023-05-08,70.6,71.95,72.3,70.15,1549832.0
492294,2023-05-09,69.45,71.0,72.1,69.1,598640.0
492294,2023-06-07,67.85,68.95,69.45,67.55,1484325.0
492294,2023-07-18,68.15,69.1,69.9,67.7,828436.0
492294,2023-07-20,67.7,68.6,68.8,67.45,676328.0
492294,2023-07-21,66.8,67.1,67.7,66.6,764595.0
492294,2023-07-26,66.85,66.85,68.15,66.55,783527.0
492294,2023-02-21,67.85,68.35,69.2,67.65,351694.0
492294,2023-02-16,70.8,70.75,71.7,70.3,542310.0
492294,2023-03-08,64.5,62.4,64.75,62.15,812392.0
492294,2023-03-02,59.4,59.85,60.65,59.1,660311.0
492294,2023-03-13,59.9,62.05,63.3,59.65,715850.0
492294,2023-04-20,63.75,64.9,65.25,63.55,450461.0
492294,2023-04-28,68.55,68.3,69.55,68.05,882339.0
492294,2023-05-16,69.3,69.8,70.6,69.2,671862.0
492294,2023-06-12,66.3,66.3,66.75,65.45,508223.0
492294,2023-06-28,66.35,66.65,67.1,65.85,419940.0
492294,2023-08-03,65.9,66.5,66.65,65.5,495027.0
492294,2023-08-16,63.4,63.0,64.2,62.8,455375.0
492294,2023-08-23,65.0,63.75,65.1,63.75,420475.0
492294,2023-05-02,69.3,68.7,71.0,68.0,1475784.0
492294,2023-06-09,66.3,67.45,67.55,65.7,541170.0
492294,2023-07-10,68.05,67.65,69.25,67.1,1146837.0
492294,2023-08-11,64.3,65.25,65.35,64.15,455123.0
492294,2023-08-21,63.45,63.7,64.25,63.2,333144.0
492294,2023-02-27,57.9,61.6,62.65,57.05,2157833.0
492294,2023-03-16,58.3,58.75,59.0,57.4,604437.0
492294,2023-03-20,57.55,58.95,59.5,56.55,501211.0
492294,2023-04-12,66.15,61.25,68.35,61.15,6574450.0
492294,2023-05-11,69.7,69.3,70.7,69.25,701945.0
492294,2023-06-26,65.85,66.25,66.7,65.55,397293.0
492294,2023-06-30,65.85,66.55,67.0,65.7,349289.0
492294,2023-07-07,67.35,67.8,68.55,66.9,658557.0
492294,2023-07-17,68.75,68.75,70.1,68.6,735723.0
492294,2023-08-17,64.45,64.0,65.2,64.0,709081.0
492294,2023-02-10,69.0,68.8,70.5,68.75,846786.0
492294,2023-02-20,68.35,69.65,70.2,68.1,576254.0
492294,2023-02-23,64.95,66.45,66.85,64.6,715829.0
492294,2023-03-22,58.25,58.65,59.9,58.15,427089.0
492294,2023-04-26,68.8,68.2,70.65,68.0,1963653.0
492294,2023-05-17,69.1,69.45,71.25,68.45,1135327.0
492294,2023-05-31,64.4,64.6,65.3,64.2,374320.0
492294,2023-06-15,66.95,68.15,68.8,66.65,1105024.0
492294,2023-07-25,66.5,67.15,67.45,66.35,433657.0
492294,2023-07-31,66.35,66.5,67.5,66.2,566828.0
492294,2023-08-09,65.3,66.0,66.2,65.15,504450.0
492294,2023-08-14,63.0,63.95,64.0,62.0,718254.0
492294,2023-02-14,70.0,68.55,72.7,66.35,2676246.0
492294,2023-03-03,61.25,59.75,61.95,59.55,834158.0
492294,2023-02-24,63.8,65.3,66.4,63.4,772274.0
492294,2023-02-28,58.0,58.0,60.2,57.3,1209086.0
492294,2023-04-10,60.7,60.8,61.75,60.4,685534.0
492294,2023-04-13,66.05,66.0,68.2,65.05,3118483.0
492294,2023-07-06,67.95,67.55,68.85,67.55,1226740.0
492294,2023-07-11,69.65,68.5,71.5,68.25,4782584.0
492294,2023-08-04,66.15,66.35,66.85,65.7,493095.0
492294,2023-04-21,63.75,63.75,65.15,62.0,1251914.0
492294,2023-06-21,68.2,68.85,69.5,67.5,618229.0
