stockid,date,close,open,high,low,volume
1003681,2022-09-05,297.95,309.7,311.15,296.2,2385633.0
1003681,2022-09-06,292.45,297.95,301.7,285.65,3059543.0
1003681,2022-09-28,274.8,270.0,276.0,269.7,330342.0
1003681,2022-10-11,291.55,300.0,302.0,290.1,471211.0
1003681,2022-10-17,283.0,289.9,289.9,281.8,317836.0
1003681,2022-10-28,277.75,277.45,280.0,272.9,281734.0
1003681,2022-11-22,287.5,307.8,307.8,285.15,1724629.0
1003681,2022-12-01,284.7,282.9,287.6,282.3,390147.0
1003681,2023-02-02,254.45,258.05,260.8,253.7,175442.0
1003681,2023-02-06,258.45,254.5,260.9,250.35,240722.0
1003681,2023-02-20,258.25,261.95,263.55,257.0,167898.0
1003681,2023-03-27,256.15,261.0,261.3,252.3,396876.0
1003681,2023-04-12,292.5,286.0,294.0,283.2,545371.0
1003681,2023-05-08,293.35,296.95,300.15,292.0,475506.0
1003681,2023-05-09,288.25,293.5,296.15,285.1,369313.0
1003681,2023-07-06,446.65,444.7,448.0,443.0,342570.0
1003681,2023-07-20,473.5,478.85,482.95,470.6,396658.0
1003681,2023-08-22,476.7,470.0,482.8,468.45,613182.0
1003681,2022-10-03,289.6,282.0,300.9,280.2,1094337.0
1003681,2022-10-10,297.3,297.0,302.6,295.5,292804.0
1003681,2023-03-31,262.55,260.0,267.55,260.0,190328.0
1003681,2023-05-03,294.35,298.35,300.7,292.05,171315.0
1003681,2023-06-07,389.4,389.15,395.0,388.0,518770.0
1003681,2023-07-27,472.4,472.3,483.7,470.3,553775.0
1003681,2023-08-03,489.3,481.7,492.0,476.1,764980.0
1003681,2023-08-10,474.95,474.0,482.25,473.5,307381.0
1003681,2022-09-02,308.6,314.85,317.75,307.15,3200134.0
1003681,2022-09-07,298.6,290.05,304.0,290.05,2129454.0
1003681,2022-09-08,305.25,304.0,317.6,301.0,3704362.0
1003681,2022-09-16,287.25,296.0,299.7,285.0,895009.0
1003681,2022-09-21,301.0,306.0,311.9,300.0,1467410.0
1003681,2022-10-04,294.2,295.8,299.3,290.55,472956.0
1003681,2022-12-06,279.3,279.5,280.4,276.25,271878.0
1003681,2023-01-19,268.9,266.5,269.9,264.35,179445.0
1003681,2023-02-28,265.4,267.4,269.0,263.05,170172.0
1003681,2023-03-02,266.45,272.6,277.85,265.5,151215.0
1003681,2023-03-06,279.45,271.0,282.5,271.0,658753.0
1003681,2023-03-09,282.9,284.0,288.0,281.0,318220.0
1003681,2023-03-10,277.9,276.35,280.6,274.5,183178.0
1003681,2023-03-20,260.75,258.9,262.75,250.6,396123.0
1003681,2023-04-11,285.65,280.9,292.0,280.7,731560.0
1003681,2023-04-24,295.0,294.0,297.7,290.55,274462.0
1003681,2023-07-17,489.95,485.95,494.0,482.65,569662.0
1003681,2023-07-28,469.25,473.2,477.9,466.05,321681.0
1003681,2022-08-29,326.25,309.0,342.8,302.1,26916230.0
1003681,2022-09-22,297.0,300.0,304.7,293.35,589415.0
1003681,2022-10-20,278.2,280.0,281.0,276.8,191623.0
1003681,2022-11-03,284.2,284.5,288.7,282.5,217089.0
1003681,2022-11-30,281.4,285.1,286.1,280.5,385831.0
1003681,2022-12-15,292.8,298.35,301.0,290.9,593139.0
1003681,2022-12-21,276.95,283.65,288.2,275.05,547863.0
1003681,2023-03-16,258.25,261.8,261.8,257.05,167630.0
1003681,2023-06-28,443.15,462.1,472.8,441.1,3946849.0
1003681,2023-07-24,473.7,475.0,477.3,468.3,340332.0
1003681,2022-09-26,272.7,287.5,287.5,270.9,778954.0
1003681,2022-10-27,275.75,280.0,280.7,274.25,167308.0
1003681,2022-11-02,285.4,282.35,289.6,282.2,266298.0
1003681,2022-11-11,286.55,289.95,298.15,285.75,756714.0
1003681,2022-11-23,284.7,288.45,289.85,282.5,369393.0
1003681,2022-11-29,286.25,284.0,289.0,282.3,289105.0
1003681,2023-01-18,266.0,266.45,269.9,265.05,68689.0
1003681,2023-02-01,258.0,256.05,271.7,253.65,630417.0
1003681,2023-02-07,267.7,260.5,270.55,260.5,374176.0
1003681,2023-02-14,266.95,269.25,271.7,265.0,196260.0
1003681,2023-02-15,263.85,266.95,269.55,262.7,197852.0
1003681,2023-03-15,260.65,266.0,266.0,257.6,279287.0
1003681,2023-04-27,295.4,301.5,304.0,292.1,262538.0
1003681,2023-05-11,300.4,292.0,302.5,290.0,563154.0
1003681,2023-06-01,384.6,394.65,397.2,381.2,804780.0
1003681,2023-06-08,383.75,390.0,391.0,381.6,409313.0
1003681,2023-06-13,410.85,403.0,414.5,400.0,918635.0
1003681,2023-07-18,475.15,491.8,491.9,469.35,501779.0
1003681,2022-09-01,310.55,307.0,322.75,302.55,6675246.0
1003681,2022-10-31,274.75,276.55,279.35,271.1,304743.0
1003681,2022-11-28,284.75,284.0,289.4,281.55,488700.0
1003681,2022-12-09,280.25,281.25,285.2,277.7,304037.0
1003681,2022-12-20,283.1,283.0,284.2,278.45,255727.0
1003681,2023-02-10,276.8,265.4,281.0,262.35,786270.0
1003681,2023-02-16,263.8,262.55,268.25,262.55,197890.0
1003681,2023-03-28,257.3,257.45,262.35,256.75,316323.0
1003681,2023-04-05,275.2,270.1,277.1,269.2,193445.0
1003681,2023-04-19,291.3,295.0,296.75,290.0,270971.0
1003681,2023-04-25,296.75,295.95,300.45,294.0,389767.0
1003681,2023-05-29,363.9,366.95,369.7,358.25,643146.0
1003681,2023-07-03,445.15,450.4,451.9,443.9,563696.0
1003681,2023-07-19,475.8,477.7,480.6,472.95,760997.0
1003681,2022-09-23,288.7,298.0,299.9,286.5,527352.0
1003681,2022-11-07,288.35,289.0,296.5,286.4,507607.0
1003681,2022-12-12,283.45,279.9,285.0,276.3,349818.0
1003681,2022-12-27,273.3,269.35,278.0,269.35,289935.0
1003681,2022-12-29,269.2,272.0,272.7,268.45,143032.0
1003681,2023-01-05,271.6,275.0,276.9,269.5,160103.0
1003681,2023-01-06,270.15,272.0,274.7,268.95,220496.0
1003681,2023-03-14,259.85,265.9,267.8,258.7,326325.0
1003681,2023-03-23,267.1,265.35,268.7,262.75,449196.0
1003681,2023-04-18,294.3,289.0,297.65,289.0,292271.0
1003681,2023-04-26,298.3,293.0,300.6,293.0,256818.0
1003681,2023-05-05,296.7,301.0,307.7,295.65,262175.0
1003681,2023-05-18,318.95,326.0,329.7,316.5,1101383.0
1003681,2023-05-23,360.15,363.0,378.0,353.85,3056243.0
1003681,2023-06-14,425.7,412.2,428.8,406.95,1302753.0
1003681,2023-07-10,442.95,446.3,449.0,439.05,358679.0
1003681,2023-07-21,469.95,473.0,480.2,465.1,359424.0
1003681,2023-08-01,499.0,506.7,517.0,484.0,1655704.0
1003681,2022-09-13,302.8,302.6,309.0,300.5,1412597.0
1003681,2022-11-04,285.4,285.7,289.6,283.05,264036.0
1003681,2022-11-10,285.85,289.65,289.65,283.65,194794.0
1003681,2022-11-14,278.2,289.8,289.8,277.0,400970.0
1003681,2022-11-25,282.55,284.15,285.4,278.0,562366.0
1003681,2022-12-28,273.5,273.2,276.0,268.0,192557.0
1003681,2023-01-20,271.3,270.0,272.0,266.6,129117.0
1003681,2023-02-17,260.95,263.8,266.8,260.1,304498.0
1003681,2023-02-23,278.75,263.75,283.95,261.85,771556.0
1003681,2023-03-08,283.65,276.1,287.4,274.4,661387.0
1003681,2023-04-28,295.15,296.0,300.65,294.45,173537.0
1003681,2023-06-02,386.05,387.3,391.9,382.0,582412.0
1003681,2023-06-22,446.1,444.95,456.0,443.8,995084.0
1003681,2023-07-12,483.8,451.95,498.0,449.05,4059883.0
1003681,2023-08-23,480.55,479.95,486.0,477.85,138029.0
1003681,2022-10-06,303.2,295.5,305.85,295.15,1724316.0
1003681,2022-11-21,301.25,292.85,302.5,291.15,555283.0
1003681,2022-12-16,284.4,291.9,293.6,283.5,402334.0
1003681,2023-01-25,261.6,265.0,265.9,259.7,125206.0
1003681,2023-01-30,252.15,259.7,261.1,248.1,312901.0
1003681,2023-02-08,263.05,267.95,269.0,259.65,323026.0
1003681,2023-02-27,267.4,277.1,282.8,265.25,422566.0
1003681,2023-06-26,433.5,431.0,438.0,428.55,395439.0
1003681,2023-07-04,444.6,446.75,450.45,442.5,426955.0
1003681,2023-07-13,482.75,487.0,511.85,477.0,2109644.0
1003681,2023-07-25,472.7,473.0,477.95,470.0,268185.0
1003681,2022-09-19,291.45,289.0,295.5,288.1,503976.0
1003681,2022-10-13,285.15,292.55,292.55,283.05,215455.0
1003681,2022-11-24,282.7,285.0,286.3,282.1,369729.0
1003681,2022-12-13,285.8,284.0,293.75,281.8,513303.0
1003681,2022-12-22,268.0,277.9,280.0,263.5,594673.0
1003681,2023-01-09,274.05,272.0,275.5,270.3,141630.0
1003681,2023-01-13,272.95,274.0,274.05,272.0,54049.0
1003681,2023-03-01,275.4,266.85,278.95,263.8,508172.0
1003681,2023-03-21,264.9,262.1,267.1,258.05,300321.0
1003681,2023-05-16,306.4,315.85,317.7,305.15,333199.0
1003681,2023-05-22,354.5,328.0,368.0,323.8,5364881.0
1003681,2023-06-05,386.85,388.0,396.1,383.55,751548.0
1003681,2023-07-26,470.25,474.0,480.0,468.0,494947.0
1003681,2023-08-08,475.75,476.05,484.45,472.05,343023.0
1003681,2023-08-09,472.8,478.9,481.7,471.0,269841.0
1003681,2023-08-21,467.55,473.95,475.1,463.0,378782.0
1003681,2022-09-09,303.7,308.0,312.0,302.75,1348278.0
1003681,2022-11-09,288.85,289.95,294.0,284.45,273028.0
1003681,2022-11-15,305.8,300.0,309.0,288.6,3613436.0
1003681,2022-11-18,292.7,302.4,306.0,282.1,724776.0
1003681,2022-12-02,282.4,284.7,285.0,279.5,342158.0
1003681,2023-01-17,266.45,271.45,272.3,265.5,111377.0
1003681,2023-04-06,282.2,275.0,286.7,272.05,672146.0
1003681,2023-04-17,292.55,291.75,297.65,289.0,369863.0
1003681,2023-05-10,289.25,288.85,291.7,286.5,154911.0
1003681,2023-05-30,393.9,364.9,397.8,361.15,3720141.0
1003681,2023-06-15,450.6,425.0,461.0,424.0,2879467.0
1003681,2022-09-12,300.75,304.5,307.95,300.0,1008692.0
1003681,2022-09-15,295.65,299.75,302.0,295.0,696342.0
1003681,2022-09-20,304.25,291.45,306.8,291.0,1551226.0
1003681,2022-10-07,301.5,304.65,310.25,300.35,703871.0
1003681,2022-12-05,279.25,282.7,284.55,278.8,291609.0
1003681,2023-01-16,270.6,273.8,274.0,270.0,66265.0
1003681,2023-01-23,268.0,275.0,276.95,266.3,194585.0
1003681,2023-03-13,264.6,271.1,280.45,263.05,760003.0
1003681,2023-03-17,258.6,260.1,262.85,257.0,168579.0
1003681,2023-03-22,265.0,266.25,266.5,263.25,276961.0
1003681,2023-03-24,260.3,267.1,267.1,259.0,373447.0
1003681,2023-03-29,260.25,257.45,261.4,254.35,450520.0
1003681,2023-04-03,270.35,262.5,272.4,260.85,363440.0
1003681,2023-04-20,291.25,291.0,295.95,290.0,308200.0
1003681,2023-05-02,298.75,295.35,302.5,295.0,296614.0
1003681,2023-06-06,387.2,388.0,391.0,381.65,465140.0
1003681,2023-06-20,452.55,443.45,458.0,435.0,731440.0
1003681,2023-07-11,449.55,444.95,457.7,441.85,925391.0
1003681,2023-07-14,483.6,484.65,489.7,478.05,599368.0
1003681,2022-08-30,309.75,328.75,334.9,297.45,14738635.0
1003681,2022-09-29,278.55,278.0,286.0,275.85,628845.0
1003681,2022-10-14,287.6,291.15,296.95,285.5,293417.0
1003681,2022-10-19,281.45,282.0,284.4,279.9,262682.0
1003681,2022-11-16,310.35,309.0,317.55,302.15,2452899.0
1003681,2022-12-23,254.15,264.5,268.4,249.15,940384.0
1003681,2022-12-30,280.85,273.05,285.0,273.05,321265.0
1003681,2023-01-27,259.55,261.6,263.45,251.0,464459.0
1003681,2023-02-09,265.4,268.15,274.95,262.2,914899.0
1003681,2023-02-24,277.05,280.0,287.3,274.0,1020161.0
1003681,2023-03-03,269.6,270.45,272.45,267.2,141522.0
1003681,2023-04-13,294.75,290.1,296.0,289.55,434507.0
1003681,2023-05-04,301.25,299.85,306.7,295.9,405682.0
1003681,2023-05-19,328.5,330.0,335.4,313.4,4643344.0
1003681,2023-06-09,402.3,384.75,412.6,383.25,2336574.0
1003681,2023-06-23,432.45,448.0,448.05,429.05,515690.0
1003681,2023-07-31,499.2,471.9,506.5,471.9,1740931.0
1003681,2023-08-02,480.45,484.0,503.0,466.7,2522689.0
1003681,2023-08-14,465.6,475.65,475.65,456.15,444487.0
1003681,2022-09-27,274.25,279.0,282.0,272.2,876305.0
1003681,2022-09-30,282.2,280.0,285.95,276.05,377671.0
1003681,2022-10-18,279.85,285.1,291.85,279.0,557666.0
1003681,2022-12-07,278.5,279.75,283.95,275.0,292919.0
1003681,2022-12-14,297.0,286.1,308.0,286.1,2012107.0
1003681,2022-12-19,281.6,285.8,285.95,280.55,251717.0
1003681,2022-12-26,267.75,255.25,271.15,255.0,395719.0
1003681,2023-01-02,276.5,280.85,281.0,275.8,154868.0
1003681,2023-02-03,253.2,254.95,258.5,249.05,209805.0
1003681,2023-02-21,265.4,258.3,266.9,256.8,313877.0
1003681,2023-04-21,292.6,290.95,295.45,289.0,156178.0
1003681,2023-05-31,392.65,394.95,399.0,380.55,1794586.0
1003681,2023-06-16,443.0,452.65,452.9,439.5,1344702.0
1003681,2023-06-19,440.6,444.05,451.8,437.55,1247953.0
1003681,2023-06-21,443.15,453.0,454.85,441.6,1120291.0
1003681,2023-07-05,444.4,443.05,451.9,442.05,401551.0
1003681,2023-08-17,461.65,451.7,474.0,450.0,592340.0
1003681,2022-09-14,296.65,297.0,304.0,295.0,828216.0
1003681,2022-10-21,273.25,280.9,281.65,268.5,359130.0
1003681,2022-11-01,285.2,278.45,295.0,278.45,903885.0
1003681,2022-11-17,300.15,310.0,310.0,297.4,771828.0
1003681,2022-12-08,283.35,279.9,286.0,277.55,353518.0
1003681,2023-01-11,272.5,271.0,273.15,269.4,105729.0
1003681,2023-01-31,255.55,254.45,257.25,251.5,233618.0
1003681,2023-02-13,267.9,278.0,280.95,262.65,565375.0
1003681,2023-05-15,314.5,310.5,317.7,308.9,731184.0
1003681,2023-05-24,360.5,362.7,375.0,356.2,2327717.0
1003681,2023-05-26,366.1,366.0,368.9,361.7,766586.0
1003681,2023-06-12,402.7,404.2,407.5,398.0,663676.0
1003681,2023-06-27,460.85,437.8,463.4,436.5,1348067.0
1003681,2023-06-30,447.9,446.0,450.25,437.2,1187149.0
1003681,2023-07-07,444.55,447.5,448.4,438.0,582060.0
1003681,2023-08-07,474.6,480.5,490.0,470.05,346507.0
1003681,2023-08-11,473.15,480.65,482.0,471.4,394655.0
1003681,2023-08-16,449.2,465.0,467.85,448.0,924903.0
1003681,2022-08-26,310.5,260.0,312.0,256.4,59961608.0
1003681,2022-10-12,293.0,293.0,295.55,288.05,224818.0
1003681,2022-10-24,273.25,275.0,275.9,272.5,117471.0
1003681,2022-10-25,278.85,274.1,280.0,271.4,279243.0
1003681,2023-01-03,277.9,277.0,279.9,275.75,166635.0
1003681,2023-01-04,275.7,277.0,278.75,271.35,204555.0
1003681,2023-01-10,270.8,272.05,273.4,270.0,131269.0
1003681,2023-01-12,274.4,273.0,275.8,270.25,100915.0
1003681,2023-01-24,265.3,266.1,270.3,264.05,145200.0
1003681,2023-02-22,264.9,264.75,267.0,261.45,186439.0
1003681,2023-04-10,280.7,284.0,289.9,275.9,482557.0
1003681,2023-05-12,312.9,301.85,316.0,301.5,1693090.0
1003681,2023-05-17,321.3,309.0,324.9,308.1,2697705.0
1003681,2023-05-25,364.95,362.3,370.0,352.45,1212904.0
1003681,2023-08-04,477.15,489.35,498.9,474.0,813903.0
1003681,2023-08-18,470.15,464.45,473.0,458.3,623903.0
