stockid,date,close,open,high,low,volume
178029,2021-01-05,55.7,54.9,56.5,54.15,31087.0
178029,2021-02-16,50.85,51.45,53.3,50.1,81574.0
178029,2021-03-12,75.35,73.4,81.0,70.85,312719.0
178029,2021-03-16,74.9,75.95,82.0,65.25,192663.0
178029,2021-04-06,65.1,65.55,66.8,61.65,43940.0
178029,2021-05-10,67.7,69.0,69.05,67.0,50493.0
178029,2021-05-19,65.55,65.7,66.2,65.0,42163.0
178029,2021-05-24,64.6,65.05,67.1,63.5,36341.0
178029,2021-06-28,72.7,71.95,73.55,71.1,43780.0
178029,2021-10-28,78.7,81.55,82.55,77.0,78378.0
178029,2021-11-02,85.45,88.6,89.4,84.5,108941.0
178029,2021-12-31,78.95,79.65,80.1,77.25,26824.0
178029,2022-02-10,90.5,93.0,93.2,90.05,82627.0
178029,2022-03-02,67.95,70.9,70.9,67.45,89947.0
178029,2022-04-04,88.3,85.25,90.5,84.05,179752.0
178029,2022-04-13,91.65,89.45,92.5,88.25,335701.0
178029,2022-07-06,79.5,79.5,83.0,77.55,100724.0
178029,2022-07-14,79.75,78.45,80.9,77.45,48208.0
178029,2022-08-05,82.5,81.75,84.0,79.5,63179.0
178029,2022-09-13,120.45,123.45,129.95,119.65,320340.0
178029,2022-10-04,125.6,121.3,128.0,119.0,463479.0
178029,2022-11-01,150.4,151.1,156.3,148.75,474115.0
178029,2022-11-14,151.5,153.45,154.9,150.2,49201.0
178029,2022-11-15,149.4,152.6,153.9,147.1,45047.0
178029,2022-11-21,149.55,151.85,153.7,148.65,52050.0
178029,2022-12-01,147.2,148.75,148.95,146.8,18685.0
178029,2022-12-20,154.45,147.85,157.85,147.7,852587.0
178029,2023-01-16,143.6,146.0,148.0,142.15,216915.0
178029,2023-02-01,130.65,135.3,137.85,129.5,101195.0
178029,2023-02-22,125.05,124.05,126.05,124.05,16244.0
178029,2023-04-25,145.45,145.0,151.0,145.0,180371.0
178029,2021-01-21,53.85,56.85,58.1,53.6,15782.0
178029,2021-01-22,52.25,53.9,53.9,50.0,30741.0
178029,2021-03-31,67.5,69.95,69.95,66.5,36329.0
178029,2021-04-05,65.5,67.3,69.25,64.1,37122.0
178029,2021-04-15,61.7,64.95,65.0,61.1,42547.0
178029,2021-05-17,66.65,65.0,68.15,65.0,41514.0
178029,2021-08-24,79.15,76.1,79.9,76.1,28668.0
178029,2021-10-01,79.2,80.45,80.85,78.25,17460.0
178029,2021-10-12,82.6,83.45,85.45,82.2,45451.0
178029,2021-11-01,89.25,85.5,93.7,83.1,529106.0
178029,2021-11-15,80.05,87.35,87.35,78.8,102513.0
178029,2021-11-17,81.8,81.6,86.8,80.55,231676.0
178029,2021-11-29,81.3,82.0,84.0,78.0,29931.0
178029,2021-12-09,87.05,90.0,91.95,86.2,92626.0
178029,2021-12-13,86.4,88.5,91.8,86.05,81729.0
178029,2022-02-09,94.6,92.0,96.7,90.45,255930.0
178029,2022-02-11,92.05,91.75,94.75,88.75,100897.0
178029,2022-03-21,87.15,88.0,89.3,86.5,72304.0
178029,2022-03-22,87.1,88.35,88.35,85.55,56173.0
178029,2022-04-05,88.4,89.7,92.0,87.65,54382.0
178029,2022-05-17,76.15,75.4,76.8,75.4,15010.0
178029,2022-05-19,75.3,76.9,77.0,73.85,28725.0
178029,2022-05-25,69.55,72.6,73.7,69.05,32040.0
178029,2022-06-08,71.15,73.0,73.0,70.9,62872.0
178029,2022-06-20,64.1,68.9,68.9,63.25,14892.0
178029,2022-06-27,69.25,67.6,71.45,67.6,22083.0
178029,2022-08-10,82.8,84.3,86.5,81.7,195948.0
178029,2022-08-18,83.55,85.0,85.0,82.5,118005.0
178029,2022-08-22,82.55,84.0,84.95,81.1,108888.0
178029,2022-09-01,99.8,95.55,104.4,94.4,464441.0
178029,2022-09-19,114.2,118.65,118.65,112.8,69585.0
178029,2022-10-10,142.25,144.55,148.7,140.75,346290.0
178029,2022-11-10,153.15,156.45,158.45,151.5,110899.0
178029,2022-11-17,153.6,158.0,158.9,152.2,76778.0
178029,2022-11-29,148.55,149.95,152.6,147.3,43934.0
178029,2022-12-29,149.85,149.2,152.9,144.55,90063.0
178029,2023-01-11,138.5,140.4,141.55,137.4,81344.0
178029,2023-02-09,130.0,128.0,131.5,128.0,28830.0
178029,2023-02-23,121.65,124.0,125.45,120.4,35757.0
178029,2023-02-27,115.85,118.25,119.25,115.0,31286.0
178029,2023-03-21,119.55,119.0,120.85,117.65,35886.0
178029,2023-04-10,140.1,138.95,141.4,136.05,150795.0
178029,2023-04-24,142.85,140.0,144.0,138.3,55494.0
178029,2023-04-27,147.95,149.8,151.75,147.5,69814.0
178029,2023-05-23,157.7,166.05,167.5,156.0,83018.0
178029,2023-05-30,152.05,154.7,155.95,150.0,19917.0
178029,2021-01-11,55.6,52.65,57.0,52.65,24887.0
178029,2021-01-19,53.8,53.25,54.5,52.6,9490.0
178029,2021-02-10,58.3,58.25,59.0,57.3,47332.0
178029,2021-02-25,53.8,53.55,54.0,53.3,16967.0
178029,2021-03-01,53.85,53.7,54.45,52.65,56199.0
178029,2021-04-08,63.1,65.15,66.75,61.7,56862.0
178029,2021-04-09,66.7,64.1,67.5,64.05,77736.0
178029,2021-04-16,63.25,63.0,63.4,62.15,34825.0
178029,2021-04-17,63.25,,63.4,62.15,34825.0
178029,2021-04-23,61.35,59.35,62.4,59.15,45764.0
178029,2021-05-04,71.2,62.05,75.0,62.05,167776.0
178029,2021-05-06,68.55,71.5,72.45,68.15,51316.0
178029,2021-05-12,67.7,67.55,69.35,67.05,43293.0
178029,2021-05-31,66.6,67.1,67.35,65.25,65534.0
178029,2021-06-16,72.55,74.9,75.6,71.95,162948.0
178029,2021-07-13,81.2,82.0,83.7,80.85,79071.0
178029,2021-08-31,79.0,79.0,81.0,78.3,37904.0
178029,2021-09-01,78.7,80.8,80.8,78.5,31642.0
178029,2021-09-03,79.45,80.25,81.95,79.0,22665.0
178029,2021-09-13,77.15,77.95,80.9,76.65,31418.0
178029,2021-09-15,76.45,76.85,76.9,75.0,31398.0
178029,2021-10-13,79.5,83.2,83.9,77.4,89446.0
178029,2021-12-03,80.1,81.9,82.6,79.6,20181.0
178029,2021-12-15,87.0,88.0,88.0,86.0,36470.0
178029,2021-12-24,77.85,82.9,82.9,76.2,63310.0
178029,2022-01-21,86.1,85.1,87.25,85.1,31092.0
178029,2022-03-03,68.65,69.2,70.0,68.55,27057.0
178029,2022-04-12,88.4,87.8,89.4,86.0,45203.0
178029,2022-05-06,78.55,81.9,81.9,78.2,20996.0
178029,2022-05-16,74.95,72.75,76.8,72.75,26033.0
178029,2022-05-26,70.0,69.1,72.7,68.6,19842.0
178029,2022-05-27,69.45,70.0,71.95,68.3,20873.0
178029,2022-05-30,71.3,70.0,71.7,70.0,10174.0
178029,2022-06-14,69.25,68.6,71.15,68.3,9404.0
178029,2022-06-15,69.1,70.0,70.0,68.5,5827.0
178029,2022-09-27,118.65,116.95,125.0,111.55,513692.0
178029,2022-12-05,145.7,144.95,147.4,142.55,66945.0
178029,2022-12-28,149.3,149.45,151.0,144.45,87441.0
178029,2023-02-02,125.35,132.65,134.5,122.0,189835.0
178029,2023-02-07,130.9,134.85,134.85,129.05,45663.0
178029,2023-03-06,125.25,127.0,133.7,124.2,118389.0
178029,2023-05-11,156.0,158.55,158.6,154.7,46814.0
178029,2023-05-26,154.3,154.05,156.95,152.5,34975.0
178029,2023-07-13,192.4,189.55,194.7,187.05,153502.0
178029,2023-07-21,190.25,193.4,197.7,189.75,333744.0
178029,2023-08-07,188.4,185.0,195.5,183.2,528503.0
178029,2023-08-18,198.25,197.0,208.5,197.0,587668.0
178029,2021-02-02,50.2,51.35,52.0,49.0,14724.0
178029,2021-02-09,57.85,57.65,58.35,56.1,63203.0
178029,2021-02-17,52.3,50.85,52.6,50.1,18030.0
178029,2021-02-24,53.15,53.3,55.0,52.25,26142.0
178029,2021-03-19,71.75,71.0,72.7,67.35,32787.0
178029,2021-03-23,69.6,69.5,72.5,68.45,23707.0
178029,2021-04-20,60.5,61.8,63.35,59.35,33885.0
178029,2021-06-09,69.1,69.8,73.0,68.5,96373.0
178029,2021-07-22,75.5,78.55,78.6,75.0,83551.0
178029,2021-08-26,77.85,79.55,80.65,77.35,18841.0
178029,2021-08-27,82.05,78.05,93.4,77.3,167391.0
178029,2021-09-06,80.1,79.0,81.35,79.0,14812.0
178029,2021-09-16,76.2,77.35,77.9,75.5,24706.0
178029,2021-09-30,80.45,80.0,84.9,78.0,501008.0
178029,2021-10-04,84.7,81.9,87.4,76.55,233017.0
178029,2021-10-22,75.95,76.55,77.95,74.5,81928.0
178029,2021-11-11,82.9,84.0,85.15,82.25,72695.0
178029,2021-12-14,86.8,88.0,88.75,86.05,37753.0
178029,2022-01-17,91.5,89.9,94.45,88.05,293348.0
178029,2022-02-02,86.95,86.5,91.0,85.0,241250.0
178029,2022-02-15,80.1,79.0,81.0,78.5,40142.0
178029,2022-03-14,86.1,80.8,92.7,78.15,487025.0
178029,2022-03-15,86.6,88.2,91.2,84.5,410245.0
178029,2022-03-25,84.05,86.5,86.5,83.05,24781.0
178029,2022-04-07,86.95,93.0,97.5,84.5,1222022.0
178029,2022-04-19,92.65,93.25,96.95,89.3,265353.0
178029,2022-07-25,79.15,79.3,82.0,78.5,22962.0
178029,2022-08-02,82.1,80.4,83.3,80.4,70454.0
178029,2022-10-17,154.9,154.7,164.2,152.6,681623.0
178029,2022-10-21,161.65,166.0,166.8,160.0,261933.0
178029,2022-10-25,160.95,162.3,165.4,159.0,243858.0
178029,2022-11-30,147.2,151.45,152.95,146.3,61623.0
178029,2022-12-12,146.15,136.95,151.9,129.45,444169.0
178029,2023-01-12,138.5,138.85,143.0,136.0,112051.0
178029,2023-01-18,144.2,139.85,145.0,136.9,276392.0
178029,2023-01-23,147.75,149.5,152.5,145.05,134086.0
178029,2023-02-16,126.0,125.2,127.1,124.8,20463.0
178029,2023-05-12,155.15,156.9,158.0,154.6,33587.0
178029,2023-07-17,191.05,187.75,195.7,185.1,375201.0
178029,2023-08-02,184.95,189.85,190.9,182.45,324341.0
178029,2023-08-16,201.3,195.9,203.45,194.7,294546.0
178029,2023-08-21,202.25,199.45,204.0,197.55,227973.0
178029,2021-01-04,54.95,56.0,56.0,53.35,24859.0
178029,2021-02-18,52.5,53.35,53.45,51.6,42910.0
178029,2021-03-08,62.25,62.2,64.95,62.0,17580.0
178029,2021-04-19,61.25,60.8,62.25,59.15,53213.0
178029,2021-06-03,70.6,70.7,71.7,68.65,142631.0
178029,2021-06-14,69.85,72.25,72.25,69.1,63579.0
178029,2021-06-24,73.75,74.5,74.75,72.45,50338.0
178029,2021-07-09,81.45,83.55,84.95,81.0,203306.0
178029,2021-07-16,79.3,80.0,81.35,78.1,64117.0
178029,2021-07-19,78.4,79.2,79.2,76.3,69172.0
178029,2021-08-04,88.6,89.45,92.4,88.0,97189.0
178029,2021-08-11,92.0,88.8,94.0,81.85,228703.0
178029,2021-10-18,79.45,79.35,82.4,78.8,152054.0
178029,2021-10-26,75.75,76.75,76.75,75.2,42091.0
178029,2021-11-18,83.1,83.0,84.4,80.7,39101.0
178029,2021-11-25,82.5,81.95,84.5,80.25,15981.0
178029,2022-02-07,91.7,94.7,99.4,90.15,278218.0
178029,2022-02-17,77.55,82.8,82.8,76.45,107513.0
178029,2022-03-07,66.1,67.95,67.95,65.25,18488.0
178029,2022-04-28,82.95,84.15,84.4,82.8,20628.0
178029,2022-05-02,82.0,82.4,87.0,81.1,52315.0
178029,2022-08-26,88.45,87.55,94.4,87.45,183889.0
178029,2022-11-11,152.45,155.7,156.8,150.8,86147.0
178029,2022-11-28,149.35,153.45,153.45,148.3,66686.0
178029,2022-12-15,139.85,143.2,144.5,138.25,111067.0
178029,2022-12-21,142.75,158.5,159.0,140.0,315460.0
178029,2023-01-17,139.45,144.85,146.95,138.35,291176.0
178029,2023-03-23,126.6,127.4,128.65,125.3,92219.0
178029,2023-04-19,138.95,141.25,144.0,136.35,74956.0
178029,2023-05-22,166.05,173.0,173.55,165.0,118423.0
178029,2023-06-08,153.3,153.35,156.2,152.5,18419.0
178029,2023-06-21,170.75,171.6,172.75,168.95,217478.0
178029,2023-07-03,195.95,201.3,207.4,191.0,1763777.0
178029,2023-07-25,191.6,187.95,192.55,187.0,193199.0
178029,2023-07-31,189.1,185.55,191.0,181.05,217179.0
178029,2021-01-20,56.3,54.45,58.0,53.1,49930.0
178029,2021-01-28,50.45,50.8,52.15,49.4,17703.0
178029,2021-02-11,58.05,58.55,59.8,55.1,65615.0
178029,2021-02-26,52.25,54.4,54.4,51.55,12825.0
178029,2021-03-04,66.05,68.4,68.4,63.4,445417.0
178029,2021-03-24,68.55,72.0,74.0,67.4,29438.0
178029,2021-04-28,63.55,62.8,64.4,62.05,60314.0
178029,2021-04-30,64.15,65.4,68.7,63.05,40570.0
178029,2021-05-18,65.75,66.6,67.9,65.0,49981.0
178029,2021-06-17,71.55,71.2,73.7,71.0,55955.0
178029,2021-08-13,82.95,86.9,88.0,82.0,423007.0
178029,2021-08-18,79.1,81.0,82.95,78.0,37007.0
178029,2021-08-30,79.0,82.85,84.4,78.5,96441.0
178029,2021-10-19,78.3,81.0,81.0,77.65,128446.0
178029,2021-11-12,86.1,84.7,89.0,83.5,149152.0
178029,2021-12-07,88.2,81.2,90.0,81.2,254651.0
178029,2021-12-20,83.3,84.0,84.9,80.0,72511.0
178029,2022-01-20,87.3,87.95,88.9,86.4,37137.0
178029,2022-02-04,94.05,90.95,108.0,89.45,1915085.0
178029,2022-02-28,69.75,73.75,73.75,68.6,97318.0
178029,2022-03-23,85.65,86.5,87.9,84.75,28367.0
178029,2022-04-18,92.25,91.0,95.9,88.45,415969.0
178029,2022-06-02,72.55,72.85,74.4,71.55,5873.0
178029,2022-06-09,71.5,71.8,72.65,71.05,29376.0
178029,2022-06-29,71.75,69.05,72.65,69.05,12138.0
178029,2022-07-15,79.8,79.0,80.6,78.0,23172.0
178029,2022-07-22,79.2,80.25,82.0,79.0,24914.0
178029,2022-08-03,81.0,82.45,82.45,80.45,36284.0
178029,2022-10-12,144.9,139.4,146.7,138.15,412734.0
178029,2022-11-03,150.65,146.8,153.0,145.8,389974.0
178029,2022-12-07,145.95,149.4,152.3,145.4,40580.0
178029,2023-01-02,146.3,146.35,147.65,144.0,114639.0
178029,2023-01-09,141.4,143.0,147.8,136.55,113774.0
178029,2023-03-09,126.6,125.5,128.3,125.0,31823.0
178029,2023-03-14,122.65,124.45,125.5,121.15,12941.0
178029,2023-04-05,128.35,125.95,128.8,125.7,47064.0
178029,2023-04-17,141.6,138.2,142.8,138.2,47869.0
178029,2023-08-08,198.2,188.2,201.9,188.2,949382.0
178029,2023-08-17,197.5,202.3,206.0,196.15,372782.0
178029,2021-03-05,62.3,65.8,66.0,62.0,66786.0
178029,2021-03-25,64.2,71.0,71.0,62.7,26805.0
178029,2021-04-13,64.45,62.85,65.0,62.8,32607.0
178029,2021-06-21,70.65,69.95,74.0,66.3,137080.0
178029,2021-06-23,73.55,72.45,76.0,72.2,106339.0
178029,2021-06-29,71.55,72.05,72.5,71.5,41512.0
178029,2021-07-15,79.4,82.4,82.4,78.5,69781.0
178029,2021-07-29,93.95,92.55,95.75,92.55,326550.0
178029,2021-07-30,92.35,95.0,98.9,92.0,248844.0
178029,2021-09-09,77.95,78.65,80.0,77.2,57639.0
178029,2021-09-20,72.8,74.8,75.8,72.3,28114.0
178029,2021-10-21,76.65,75.95,78.25,75.95,123366.0
178029,2022-01-07,85.25,88.25,92.9,84.4,351851.0
178029,2022-01-10,87.25,87.0,93.0,85.4,176179.0
178029,2022-01-24,83.8,85.75,86.85,82.3,49191.0
178029,2022-02-18,77.9,77.0,79.45,77.0,26949.0
178029,2022-03-28,80.85,83.0,84.25,79.5,41192.0
178029,2022-05-10,75.0,75.25,77.75,74.9,25803.0
178029,2022-06-10,70.95,72.85,72.9,70.5,9145.0
178029,2022-07-08,75.3,76.65,76.7,74.6,23197.0
178029,2022-08-01,81.95,87.8,87.8,78.6,282636.0
178029,2022-08-23,83.45,83.5,87.0,82.45,185525.0
178029,2022-09-02,105.2,100.0,109.4,96.95,587545.0
178029,2022-09-06,114.35,110.0,119.7,109.0,588593.0
178029,2022-09-07,111.65,113.8,117.8,109.95,344681.0
178029,2022-09-09,114.45,114.9,118.0,112.3,244695.0
178029,2022-09-16,116.85,120.35,123.25,113.1,140145.0
178029,2022-11-09,154.15,160.0,160.0,151.1,257321.0
178029,2022-11-16,157.45,149.75,162.45,147.35,392292.0
178029,2022-11-22,149.05,150.95,152.4,147.95,44124.0
178029,2022-11-23,148.65,151.7,151.9,148.1,41477.0
178029,2023-01-13,144.05,140.0,145.0,136.5,240878.0
178029,2023-01-19,146.1,144.2,152.0,143.05,957274.0
178029,2023-01-31,134.15,135.8,138.3,132.35,108684.0
178029,2023-02-15,125.25,128.5,128.5,124.05,32134.0
178029,2023-02-17,126.6,126.4,126.95,125.0,9925.0
178029,2023-03-03,126.2,120.5,127.95,120.0,51152.0
178029,2023-03-16,121.25,121.55,124.7,119.25,25531.0
178029,2023-05-10,157.0,154.7,159.0,151.3,88240.0
178029,2023-05-17,170.35,160.65,172.35,160.65,429694.0
178029,2023-06-02,152.6,151.9,153.4,150.2,31364.0
178029,2023-07-12,189.05,194.0,197.8,188.0,465177.0
178029,2023-08-09,205.5,199.0,211.0,197.4,1175212.0
178029,2021-01-12,55.75,55.6,56.95,54.3,23214.0
178029,2021-05-03,63.15,63.85,64.0,61.0,40747.0
178029,2021-05-21,65.25,67.0,67.45,65.1,39308.0
178029,2021-05-25,64.8,66.0,68.0,64.5,47093.0
178029,2021-06-15,74.05,69.85,74.7,69.85,160224.0
178029,2021-07-14,81.05,82.3,82.45,80.5,59822.0
178029,2021-07-26,83.55,84.7,86.0,82.45,111128.0
178029,2021-08-02,94.55,94.05,97.8,91.65,175263.0
178029,2021-08-09,96.4,88.7,99.7,88.4,656471.0
178029,2021-08-10,87.85,95.7,103.95,86.25,447261.0
178029,2021-09-14,75.3,77.15,81.75,74.15,169780.0
178029,2021-09-28,74.4,76.4,76.8,73.1,33921.0
178029,2021-10-05,89.85,84.35,93.0,81.3,427567.0
178029,2021-10-08,84.35,84.0,86.95,83.55,41345.0
178029,2021-11-22,79.9,84.75,84.75,79.1,39594.0
178029,2021-12-16,86.15,88.0,89.9,85.35,44744.0
178029,2021-12-30,78.75,79.95,80.8,77.5,29637.0
178029,2022-02-25,73.8,68.0,79.0,68.0,141581.0
178029,2022-03-17,86.6,91.5,91.5,85.65,327394.0
178029,2022-04-11,86.65,86.0,89.2,86.0,51451.0
178029,2022-05-12,70.7,72.45,72.45,69.0,11969.0
178029,2022-06-22,66.45,66.0,67.8,64.9,5537.0
178029,2022-06-24,67.45,66.2,69.25,66.2,7559.0
178029,2022-07-07,75.55,81.6,81.6,75.2,37152.0
178029,2022-07-12,76.3,79.4,80.05,75.7,30882.0
178029,2022-07-13,78.1,76.6,80.0,76.6,18539.0
178029,2022-07-26,80.15,79.3,80.9,78.95,13614.0
178029,2022-08-08,83.1,81.9,85.0,81.0,114368.0
178029,2022-08-25,86.75,90.15,92.45,86.1,65203.0
178029,2022-09-21,111.5,113.95,119.45,111.1,163829.0
178029,2022-09-22,110.7,111.7,113.15,108.5,163342.0
178029,2022-09-29,112.95,117.9,118.45,112.2,131340.0
178029,2022-10-06,133.2,126.0,138.4,125.75,643960.0
178029,2022-10-28,163.65,174.4,176.45,153.35,526306.0
178029,2023-03-08,125.45,125.0,126.0,123.6,15175.0
178029,2023-03-13,124.45,129.0,130.2,123.35,16335.0
178029,2023-03-22,125.6,119.95,127.8,119.95,157451.0
178029,2023-03-28,115.7,118.0,120.95,114.2,65036.0
178029,2023-05-02,154.9,159.0,159.0,152.2,313490.0
178029,2023-05-04,155.0,156.6,158.55,154.35,117455.0
178029,2023-06-05,150.45,153.55,154.45,150.0,24828.0
178029,2023-06-06,154.3,150.45,154.85,149.6,48227.0
178029,2023-06-20,171.0,171.6,174.5,169.0,462873.0
178029,2023-07-04,189.15,197.7,206.0,186.3,946115.0
178029,2023-07-14,187.75,193.95,194.85,185.95,316651.0
178029,2021-03-15,74.3,73.25,76.95,73.25,53220.0
178029,2021-04-07,64.55,65.5,67.05,63.2,43908.0
178029,2021-04-29,64.8,63.65,65.65,63.5,68985.0
178029,2021-05-05,70.6,79.9,79.9,69.9,130053.0
178029,2021-05-11,67.25,67.5,69.9,66.75,49454.0
178029,2021-06-01,66.35,67.7,68.3,65.6,50577.0
178029,2021-06-10,70.8,70.0,72.0,69.95,57597.0
178029,2021-07-06,72.95,74.25,74.7,72.55,73257.0
178029,2021-07-08,83.55,79.85,86.15,76.1,761184.0
178029,2021-07-12,81.4,82.9,82.9,80.35,80119.0
178029,2021-07-27,90.9,85.45,94.2,83.85,908373.0
178029,2021-07-28,93.25,92.0,95.6,87.2,277695.0
178029,2021-09-21,72.75,73.9,74.95,72.0,14855.0
178029,2021-09-22,73.05,74.75,74.75,72.4,22669.0
178029,2021-09-23,73.15,74.4,74.7,72.5,27749.0
178029,2021-09-24,72.8,73.15,74.0,72.5,12679.0
178029,2021-09-29,79.0,75.4,81.5,74.05,118595.0
178029,2021-10-06,85.7,89.85,94.5,85.0,180621.0
178029,2021-11-04,85.8,84.0,88.0,83.0,32460.0
178029,2021-11-08,84.95,87.0,87.2,84.55,116051.0
178029,2021-11-24,81.9,81.4,85.0,81.05,73385.0
178029,2021-11-26,81.3,83.6,83.6,79.9,61330.0
178029,2021-11-30,79.9,82.5,83.15,79.5,13315.0
178029,2021-12-23,81.4,84.3,84.35,80.75,49706.0
178029,2022-01-13,84.3,87.75,89.0,82.5,75921.0
178029,2022-02-14,77.5,85.0,85.0,76.9,478479.0
178029,2022-03-29,80.85,80.0,82.75,79.5,67769.0
178029,2022-03-30,81.55,81.95,83.15,81.0,20515.0
178029,2022-04-06,92.15,89.7,93.9,86.65,191766.0
178029,2022-04-08,87.4,87.0,89.6,86.35,82143.0
178029,2022-04-20,89.15,92.65,93.45,88.5,127246.0
178029,2022-04-22,87.55,89.0,89.75,86.3,71855.0
178029,2022-05-04,80.8,83.65,84.35,80.5,76538.0
178029,2022-06-13,69.45,71.9,73.0,68.2,11702.0
178029,2022-07-21,79.65,80.2,80.2,78.0,9203.0
178029,2022-08-24,90.05,84.5,92.0,82.85,355271.0
178029,2022-09-14,121.1,119.3,123.4,118.0,117935.0
178029,2022-10-27,170.65,164.15,176.4,160.3,795768.0
178029,2022-12-26,137.4,131.5,141.5,131.1,250559.0
178029,2023-01-05,142.45,138.8,143.0,137.65,70917.0
178029,2023-01-06,141.05,143.0,146.0,138.55,112977.0
178029,2023-01-25,139.1,139.05,140.8,135.0,121842.0
178029,2023-03-31,121.35,121.4,123.85,120.5,41723.0
178029,2023-04-13,138.95,140.05,140.8,138.2,29406.0
178029,2023-04-20,141.0,138.6,141.7,138.0,22123.0
178029,2023-05-15,164.45,153.05,165.0,153.05,494040.0
178029,2023-05-18,171.85,171.65,175.8,170.25,325420.0
178029,2023-05-29,153.65,153.0,155.0,153.0,20090.0
178029,2023-06-07,155.05,156.0,157.75,153.0,37745.0
178029,2023-06-09,157.45,156.0,158.35,153.05,69771.0
178029,2023-06-22,174.15,172.8,179.0,171.0,228917.0
178029,2023-07-05,199.8,189.6,200.8,185.05,371204.0
178029,2023-08-23,212.55,211.0,219.0,211.0,633376.0
178029,2021-03-03,68.45,57.05,68.45,57.05,449598.0
178029,2021-03-18,71.6,77.0,77.95,70.25,38337.0
178029,2021-04-01,68.3,68.2,70.0,67.0,62151.0
178029,2021-05-20,66.05,65.3,68.0,64.25,61454.0
178029,2021-06-30,76.55,71.0,77.0,70.7,279241.0
178029,2021-07-02,71.5,72.5,72.85,70.25,68177.0
178029,2021-08-06,88.35,89.05,92.8,87.65,50382.0
178029,2021-08-20,82.05,80.7,83.0,78.6,125105.0
178029,2021-08-25,79.75,79.8,81.5,78.3,23697.0
178029,2021-10-07,84.35,85.7,88.05,83.15,59483.0
178029,2021-10-14,79.35,80.9,81.45,78.6,32859.0
178029,2021-10-20,75.95,79.0,79.3,75.25,138139.0
178029,2021-11-09,85.05,84.75,86.75,84.15,122270.0
178029,2021-12-02,81.1,82.0,82.8,80.5,7993.0
178029,2021-12-08,91.55,89.0,96.5,85.7,212424.0
178029,2021-12-27,79.65,80.0,80.0,77.55,15154.0
178029,2022-04-21,88.6,89.7,91.5,88.1,111382.0
178029,2022-05-09,76.3,77.1,78.5,76.0,42357.0
178029,2022-05-31,72.05,71.5,78.0,70.1,85011.0
178029,2022-06-30,71.05,72.45,73.65,71.0,12622.0
178029,2022-07-04,75.45,72.75,77.95,72.75,55721.0
178029,2022-07-20,79.0,79.4,80.95,78.05,45230.0
178029,2022-07-28,86.85,81.4,91.0,80.0,322979.0
178029,2022-08-16,83.75,83.7,87.7,81.65,200711.0
178029,2022-08-17,83.65,84.85,85.45,82.9,58418.0
178029,2022-09-20,113.6,115.3,117.35,113.3,153024.0
178029,2022-11-04,156.8,151.7,159.2,150.65,568900.0
178029,2022-11-18,151.8,154.55,154.55,150.15,55269.0
178029,2022-12-06,147.5,145.0,148.1,144.9,52219.0
178029,2022-12-08,145.2,149.6,149.6,143.55,28094.0
178029,2023-02-03,128.3,126.95,131.7,125.05,93029.0
178029,2023-02-06,133.0,133.0,134.7,130.25,78611.0
178029,2023-03-20,118.6,119.95,122.7,117.25,38564.0
178029,2023-04-03,125.35,121.6,126.25,119.5,27603.0
178029,2023-04-26,148.6,147.5,153.95,144.35,177191.0
178029,2023-05-08,156.95,152.9,158.35,152.9,117793.0
178029,2023-06-01,150.35,149.6,152.4,149.35,36172.0
178029,2023-06-13,164.55,166.8,170.65,163.35,103409.0
178029,2023-06-26,171.8,174.75,174.75,169.05,46131.0
178029,2023-07-10,196.75,194.4,204.55,191.3,587906.0
178029,2023-07-27,189.25,189.65,195.2,187.3,435697.0
178029,2023-08-01,189.25,191.2,194.0,187.9,388557.0
178029,2023-08-03,182.15,185.05,187.5,179.0,146002.0
178029,2021-01-08,54.6,55.35,56.7,52.25,14360.0
178029,2021-02-08,57.65,59.15,61.4,57.1,42549.0
178029,2021-02-22,51.35,52.6,52.65,51.15,6833.0
178029,2021-03-02,57.05,53.1,59.95,53.0,169728.0
178029,2021-04-12,62.9,63.0,65.5,62.0,65272.0
178029,2021-04-27,61.3,60.65,62.75,59.4,52763.0
178029,2021-06-02,69.25,66.0,71.7,65.65,200230.0
178029,2021-06-08,69.8,70.2,70.6,69.25,46067.0
178029,2021-07-20,77.05,79.1,79.1,75.75,23023.0
178029,2021-08-03,88.65,94.6,96.4,86.45,203120.0
178029,2021-08-05,88.9,89.0,91.9,84.7,133331.0
178029,2021-09-08,78.6,79.6,80.75,75.85,38750.0
178029,2021-09-17,74.85,76.2,77.45,73.35,29746.0
178029,2021-10-29,85.7,79.25,87.8,77.5,320551.0
178029,2021-11-10,84.45,85.7,86.3,83.75,90895.0
178029,2021-12-21,82.75,84.35,85.15,82.3,13896.0
178029,2022-01-04,84.55,82.4,87.4,81.45,77625.0
178029,2022-01-05,86.25,84.55,89.0,83.15,96714.0
178029,2022-01-11,86.7,87.25,88.95,86.05,84758.0
178029,2022-01-19,87.25,90.35,91.2,85.3,48483.0
178029,2022-02-24,66.6,70.1,72.9,63.8,59377.0
178029,2022-03-04,69.35,68.2,70.45,67.1,13292.0
178029,2022-03-31,80.4,81.2,82.45,80.1,26523.0
178029,2022-06-06,73.75,71.0,77.4,71.0,168764.0
178029,2022-06-16,67.3,69.95,71.35,66.1,14317.0
178029,2022-07-05,79.05,77.8,83.35,75.1,134326.0
178029,2022-07-11,79.55,75.3,81.0,75.3,129700.0
178029,2022-08-04,80.5,80.55,82.1,79.35,36875.0
178029,2022-08-30,96.05,96.4,97.9,91.65,317294.0
178029,2022-09-08,113.6,113.45,116.1,110.9,129777.0
178029,2022-09-15,120.35,122.4,127.65,119.1,168561.0
178029,2022-09-28,116.1,118.0,119.5,112.9,240124.0
178029,2022-09-30,115.45,113.95,121.0,110.7,261515.0
178029,2022-10-13,146.0,143.95,147.9,143.6,202618.0
178029,2022-10-14,154.45,147.95,156.7,145.0,575143.0
178029,2022-11-07,158.1,157.95,160.25,152.55,356941.0
178029,2022-11-24,148.6,149.8,152.65,147.45,34417.0
178029,2022-12-16,143.95,138.1,150.7,138.1,147236.0
178029,2022-12-23,131.5,135.6,139.3,128.05,513320.0
178029,2023-01-24,139.45,149.7,149.7,137.7,310748.0
178029,2023-02-14,127.2,130.0,130.0,126.9,21876.0
178029,2023-02-21,125.95,127.05,127.45,125.3,22064.0
178029,2023-04-11,140.95,141.0,143.65,140.3,37459.0
178029,2023-06-28,176.05,171.65,178.95,170.4,301816.0
178029,2023-08-10,197.45,205.95,216.45,195.7,1113338.0
178029,2023-08-11,197.0,199.4,204.9,195.65,582599.0
178029,2023-08-14,196.5,198.0,199.75,192.4,164457.0
178029,2023-08-22,209.85,203.6,213.3,203.15,927143.0
178029,2021-01-14,55.7,55.95,56.55,54.7,7086.0
178029,2021-01-15,53.9,53.1,55.45,53.1,7815.0
178029,2021-01-27,50.8,54.25,54.25,47.45,8619.0
178029,2021-05-07,68.25,68.55,70.15,67.55,83472.0
178029,2021-05-14,66.2,66.0,68.35,64.5,43667.0
178029,2021-05-28,67.25,68.45,68.75,65.65,68702.0
178029,2021-06-11,70.75,71.8,72.5,70.35,40573.0
178029,2021-07-23,83.1,76.85,90.6,76.25,540519.0
178029,2021-08-23,76.25,81.05,86.95,75.35,92745.0
178029,2021-10-11,83.4,84.0,87.85,82.5,26557.0
178029,2021-10-25,75.45,75.9,76.95,74.1,53368.0
178029,2021-12-01,81.7,81.5,83.9,81.0,12491.0
178029,2021-12-10,88.5,87.5,89.0,86.5,67374.0
178029,2021-12-22,81.85,81.45,84.55,81.45,32731.0
178029,2022-01-14,88.15,83.0,90.95,82.9,84431.0
178029,2022-01-18,91.35,92.95,95.0,88.7,86172.0
178029,2022-05-18,77.95,76.8,79.75,76.6,47848.0
178029,2022-05-24,72.05,73.1,74.6,71.8,13256.0
178029,2022-06-03,72.45,72.55,73.55,70.5,56454.0
178029,2022-07-19,79.35,81.65,82.0,79.0,49500.0
178029,2022-07-27,80.55,78.55,82.0,78.55,36360.0
178029,2022-07-29,88.4,88.5,94.0,85.5,279915.0
178029,2022-08-11,82.9,82.8,85.0,82.15,38783.0
178029,2022-08-19,84.0,84.0,85.5,81.4,42951.0
178029,2022-09-23,117.35,111.45,123.6,98.6,665442.0
178029,2022-09-26,115.0,119.0,119.0,113.75,137251.0
178029,2022-10-03,118.4,115.4,122.0,114.4,347636.0
178029,2022-10-07,146.3,134.0,153.85,130.45,827034.0
178029,2022-12-14,142.8,145.1,149.5,142.0,129439.0
178029,2023-01-03,143.6,146.3,148.0,141.0,213956.0
178029,2023-02-08,129.55,130.9,132.05,128.45,28808.0
178029,2023-02-13,129.75,130.1,130.9,129.1,13403.0
178029,2023-03-02,121.05,120.65,121.9,119.25,22366.0
178029,2023-03-10,129.2,125.0,129.65,125.0,42107.0
178029,2023-03-29,119.35,115.7,122.0,114.85,72467.0
178029,2023-04-18,140.9,142.6,142.6,139.6,25534.0
178029,2023-05-03,154.7,156.4,156.4,153.35,68469.0
178029,2023-05-05,151.7,155.75,156.0,151.2,99096.0
178029,2023-05-09,153.15,156.9,157.7,152.35,49208.0
178029,2023-05-19,170.55,172.9,173.95,168.8,129895.0
178029,2023-06-27,171.65,173.4,178.0,170.55,332578.0
178029,2023-06-30,192.05,179.5,194.0,178.15,1115605.0
178029,2021-01-07,55.75,55.05,57.0,55.05,13780.0
178029,2021-01-29,50.4,50.05,52.05,49.3,14698.0
178029,2021-02-03,60.2,51.4,60.2,50.7,175396.0
178029,2021-02-15,51.4,57.5,57.5,49.8,139989.0
178029,2021-02-19,52.6,53.25,53.55,52.0,13253.0
178029,2021-03-17,75.1,73.7,77.8,72.15,78674.0
178029,2021-03-30,67.55,70.0,71.7,65.4,41664.0
178029,2021-04-22,60.25,63.0,63.0,59.15,36894.0
178029,2021-06-18,69.85,72.5,73.45,67.7,113127.0
178029,2021-12-17,84.1,87.8,87.8,82.8,50894.0
178029,2021-12-28,79.3,80.45,83.7,79.0,79988.0
178029,2021-12-29,79.15,79.65,80.75,78.5,29199.0
178029,2022-01-06,87.55,85.8,88.0,83.4,66663.0
178029,2022-02-01,84.8,85.0,87.4,83.7,31266.0
178029,2022-02-03,90.0,87.95,91.8,85.2,188434.0
178029,2022-02-16,80.95,81.0,84.0,80.1,92692.0
178029,2022-04-01,82.85,82.0,87.9,81.45,148084.0
178029,2022-04-27,82.8,85.8,85.8,82.1,45712.0
178029,2022-04-29,81.45,83.8,83.95,80.4,25648.0
178029,2022-05-11,71.95,75.7,75.8,71.0,18914.0
178029,2022-05-23,73.1,79.9,79.9,72.55,72518.0
178029,2022-06-21,66.0,64.0,66.7,64.0,5685.0
178029,2022-06-23,67.45,66.0,70.9,65.5,55591.0
178029,2022-08-29,95.6,86.9,98.0,85.55,562294.0
178029,2022-10-18,155.05,156.75,164.0,147.8,912185.0
178029,2022-12-27,146.75,137.95,149.8,134.5,150733.0
178029,2023-01-10,138.45,142.65,143.0,137.0,71663.0
178029,2023-02-20,127.45,127.5,128.15,125.65,20088.0
178029,2023-02-28,117.3,115.85,118.45,114.15,30751.0
178029,2023-03-01,120.65,118.45,122.4,117.15,27347.0
178029,2023-03-24,123.6,126.6,128.0,123.05,24744.0
178029,2023-05-16,162.05,165.55,166.9,160.85,190337.0
178029,2023-05-31,150.05,153.7,153.7,148.85,32578.0
178029,2023-06-15,167.3,165.2,171.0,164.9,113842.0
178029,2023-06-16,170.3,168.4,172.0,167.3,135231.0
178029,2023-07-06,202.2,199.95,214.65,196.6,1005280.0
178029,2023-07-07,193.0,200.0,206.35,190.0,910322.0
178029,2023-07-20,195.15,192.9,197.5,189.55,484184.0
178029,2023-07-24,187.95,192.5,194.7,185.35,375739.0
178029,2021-02-01,50.4,51.0,51.0,50.0,25593.0
178029,2021-02-04,58.35,62.0,62.8,57.0,157661.0
178029,2021-05-27,67.7,66.5,71.3,64.1,224731.0
178029,2021-06-04,69.75,71.45,71.45,69.25,75127.0
178029,2021-06-22,71.8,73.25,77.6,70.6,268590.0
178029,2021-06-25,71.95,74.8,74.8,71.0,52469.0
178029,2021-07-05,73.65,72.7,74.85,71.55,175077.0
178029,2021-08-16,84.25,83.85,85.0,81.45,115186.0
178029,2022-01-03,81.8,79.8,82.8,79.8,39956.0
178029,2022-01-28,84.6,86.85,89.4,83.7,49365.0
178029,2022-01-31,84.65,85.05,88.75,83.55,66569.0
178029,2022-02-08,90.6,92.7,92.7,88.45,73477.0
178029,2022-02-21,75.65,77.0,78.15,75.0,43640.0
178029,2022-03-11,79.75,71.2,82.5,71.0,235290.0
178029,2022-04-25,86.4,88.4,88.4,86.0,16987.0
178029,2022-05-20,78.85,76.9,79.85,75.95,30745.0
178029,2022-06-17,66.8,67.0,69.45,65.4,18389.0
178029,2022-10-19,167.65,156.95,172.0,155.0,1873156.0
178029,2022-10-20,167.45,168.45,170.9,164.0,564211.0
178029,2022-12-22,137.15,146.0,146.0,130.1,165803.0
178029,2022-12-30,146.35,151.9,153.9,145.65,126159.0
178029,2023-01-04,136.85,144.8,145.15,133.7,361378.0
178029,2023-02-10,130.1,131.4,131.95,129.5,30605.0
178029,2023-02-24,120.1,121.65,122.15,119.0,23817.0
178029,2023-03-27,117.75,126.8,126.8,115.55,38904.0
178029,2023-06-12,165.6,159.9,167.55,159.0,168143.0
178029,2023-06-14,165.2,166.8,168.95,163.8,67760.0
178029,2023-06-19,170.45,171.85,173.65,167.65,171580.0
178029,2023-07-19,192.1,193.0,201.0,188.7,505262.0
178029,2023-07-26,188.55,192.0,198.5,186.25,828321.0
178029,2021-01-06,55.85,55.75,57.3,54.95,25539.0
178029,2021-01-18,53.1,55.95,55.95,51.1,14907.0
178029,2021-02-12,55.6,57.0,57.0,54.5,48090.0
178029,2021-04-26,60.6,60.9,61.2,60.2,39360.0
178029,2021-05-26,64.35,64.0,64.8,63.9,38136.0
178029,2021-07-01,71.05,76.55,77.0,70.5,168356.0
178029,2021-08-12,91.5,93.4,95.65,89.05,97000.0
178029,2021-08-17,81.7,84.25,85.2,80.7,58572.0
178029,2021-09-07,79.4,81.2,81.2,78.9,24248.0
178029,2021-11-23,80.25,80.0,82.45,78.85,35820.0
178029,2022-01-25,83.6,87.2,87.2,77.5,45046.0
178029,2022-01-27,84.5,83.0,87.8,81.95,28579.0
178029,2022-02-23,73.7,73.0,75.4,73.0,19910.0
178029,2022-03-09,70.35,68.35,73.9,68.3,94296.0
178029,2022-03-10,72.3,71.0,74.9,70.55,48627.0
178029,2022-03-24,85.1,84.0,86.85,84.0,16674.0
178029,2022-04-26,84.55,87.9,89.0,84.1,181445.0
178029,2022-05-13,72.15,73.35,76.3,71.0,29538.0
178029,2022-10-11,138.65,143.0,147.2,137.4,234015.0
178029,2022-10-31,150.05,162.5,166.7,147.0,916325.0
178029,2022-11-25,150.8,150.4,156.2,147.6,179739.0
178029,2022-12-02,144.45,149.25,149.25,143.2,41739.0
178029,2022-12-09,136.4,147.5,147.5,131.1,133604.0
178029,2022-12-13,145.35,148.95,152.85,144.0,172166.0
178029,2023-01-20,148.9,149.95,151.8,144.6,552470.0
178029,2023-01-27,133.0,141.4,141.4,131.05,106067.0
178029,2023-03-15,122.7,123.45,125.95,121.65,14018.0
178029,2023-03-17,120.95,122.7,122.7,120.15,20564.0
178029,2023-04-21,137.55,142.4,142.4,136.1,35389.0
178029,2023-04-28,149.75,148.05,152.0,147.85,203683.0
178029,2023-05-24,158.8,155.5,161.9,155.5,38364.0
178029,2023-06-23,170.3,175.5,175.5,169.0,229405.0
178029,2023-07-18,191.3,192.8,194.5,187.5,141481.0
178029,2021-01-01,54.25,56.0,56.8,53.15,19361.0
178029,2021-01-13,54.95,55.9,56.5,54.4,16892.0
178029,2021-01-25,52.4,54.65,54.7,50.9,34817.0
178029,2021-02-05,59.15,58.55,59.9,57.0,97186.0
178029,2021-02-23,52.15,52.75,52.75,49.75,15592.0
178029,2021-03-09,59.95,64.5,64.5,59.4,28685.0
178029,2021-03-10,70.35,60.95,71.9,59.05,175426.0
178029,2021-03-22,69.95,71.75,74.8,66.6,25348.0
178029,2021-03-26,69.25,65.0,71.6,64.0,66382.0
178029,2021-06-07,70.85,71.25,72.0,68.6,120376.0
178029,2021-07-07,79.85,74.4,86.8,74.15,1588625.0
178029,2021-09-02,80.1,78.35,84.6,78.35,70900.0
178029,2021-09-27,76.4,82.0,82.0,72.2,363584.0
178029,2021-10-27,79.2,76.1,81.75,74.8,259520.0
178029,2021-11-03,82.75,86.25,87.65,82.25,21086.0
178029,2021-11-16,81.5,81.45,81.9,80.15,85569.0
178029,2021-12-06,81.7,81.5,83.9,80.35,95783.0
178029,2022-01-12,86.75,87.0,93.0,85.4,421881.0
178029,2022-02-22,72.75,75.1,75.1,70.0,27353.0
178029,2022-03-08,67.6,66.5,68.8,66.5,13135.0
178029,2022-03-16,90.2,88.95,94.9,86.5,564729.0
178029,2022-05-05,80.65,81.05,86.2,80.15,100245.0
178029,2022-06-01,71.65,71.7,72.9,71.45,10202.0
178029,2022-06-07,71.05,74.0,74.0,70.55,50452.0
178029,2022-06-28,70.75,70.0,71.8,69.0,7879.0
178029,2022-07-01,72.75,72.45,73.5,71.1,19144.0
178029,2022-07-18,80.35,81.65,82.0,78.8,38990.0
178029,2022-08-12,82.15,83.3,84.7,81.5,71415.0
178029,2022-09-05,108.9,108.4,110.0,104.55,519397.0
178029,2022-09-12,121.6,115.4,137.3,112.5,982461.0
178029,2022-10-24,162.25,168.0,169.0,161.25,146347.0
178029,2022-11-02,147.25,151.35,152.7,146.1,291874.0
178029,2022-12-19,146.1,144.5,148.8,142.55,168258.0
178029,2023-01-30,133.85,136.5,138.25,132.25,142667.0
178029,2023-04-06,134.65,128.35,137.0,128.3,169922.0
178029,2023-04-12,140.4,141.8,143.0,140.05,30830.0
178029,2023-05-25,153.9,159.9,159.9,153.35,36378.0
178029,2023-07-11,192.85,197.0,202.4,191.0,492374.0
178029,2023-07-28,185.55,189.85,193.0,185.05,213008.0
178029,2023-08-04,184.05,182.25,187.0,179.0,174849.0
