stockid,date,close,open,high,low,volume
255722,2021-01-01,442.35,448.15,451.5,436.0,17439.0
255722,2021-03-24,393.95,410.7,410.7,389.8,6957.0
255722,2021-01-06,450.2,445.0,459.7,439.2,26057.0
255722,2021-01-25,437.3,442.0,459.8,427.85,26888.0
255722,2021-02-10,436.15,451.0,451.0,430.0,12888.0
255722,2021-02-18,443.4,434.8,446.9,420.5,15199.0
255722,2021-02-19,438.0,442.7,465.0,434.1,18605.0
255722,2021-06-11,429.4,439.75,439.8,423.25,15493.0
255722,2021-06-24,397.6,397.55,399.9,394.3,2769.0
255722,2021-08-24,483.5,463.0,502.0,453.8,29056.0
255722,2021-09-09,465.75,469.0,474.0,460.0,2960.0
255722,2021-10-21,553.0,562.45,578.8,551.05,23913.0
255722,2021-10-27,535.45,531.45,542.25,531.15,5245.0
255722,2021-11-01,571.0,538.45,581.0,538.45,22584.0
255722,2021-11-22,543.8,555.0,586.7,536.3,11783.0
255722,2021-11-25,530.65,540.0,540.0,525.55,12516.0
255722,2021-12-01,543.2,538.0,554.9,533.05,9833.0
255722,2021-12-14,601.4,581.3,604.7,574.6,112290.0
255722,2021-12-15,589.55,609.7,614.0,585.0,13995.0
255722,2022-01-07,613.6,623.0,624.7,610.1,13385.0
255722,2022-01-31,582.35,609.9,609.9,572.4,12752.0
255722,2022-03-04,412.0,418.25,420.75,405.3,7387.0
255722,2022-03-08,420.3,411.3,424.0,399.45,6822.0
255722,2022-03-28,426.25,445.0,445.0,410.0,13016.0
255722,2022-05-06,468.2,465.45,471.4,448.0,11076.0
255722,2022-05-09,455.65,475.0,475.0,447.55,22166.0
255722,2022-05-10,456.6,458.9,467.05,440.6,6149.0
255722,2022-05-13,428.55,422.8,441.0,421.15,3660.0
255722,2022-07-22,429.65,418.0,440.1,418.0,9126.0
255722,2022-08-11,429.25,431.1,433.5,422.1,4238.0
255722,2022-09-02,471.3,481.85,490.05,460.9,11470.0
255722,2022-09-14,474.3,450.5,480.0,450.5,12133.0
255722,2022-09-26,505.55,520.85,520.85,494.4,12410.0
255722,2022-10-14,543.85,526.75,550.0,523.6,25439.0
255722,2022-10-19,538.4,548.0,557.25,535.5,7850.0
255722,2023-01-05,732.8,738.85,743.95,728.15,50727.0
255722,2023-01-06,722.25,738.65,747.45,712.0,48831.0
255722,2023-02-23,567.45,585.5,585.55,562.2,7901.0
255722,2023-03-15,517.95,513.5,532.4,511.65,21231.0
255722,2023-03-21,586.25,570.8,590.0,555.1,27368.0
255722,2023-04-12,714.3,736.0,746.9,708.95,16528.0
255722,2023-04-13,725.4,714.35,729.9,714.35,4665.0
255722,2023-05-02,738.85,751.0,768.8,732.0,8558.0
255722,2023-06-13,1232.9,1238.9,1312.1,1224.05,94105.0
255722,2023-08-21,1397.4,1418.75,1437.0,1372.0,17772.0
255722,2021-02-01,446.1,442.0,465.7,429.1,12774.0
255722,2021-02-17,424.8,420.0,433.0,418.45,6229.0
255722,2021-03-04,437.9,447.4,449.8,436.55,5101.0
255722,2021-04-09,409.7,399.35,413.05,399.35,3684.0
255722,2021-01-11,456.9,467.7,477.4,453.25,12224.0
255722,2021-04-23,386.85,378.15,388.8,373.45,3220.0
255722,2021-02-22,421.4,448.4,448.4,417.0,15563.0
255722,2021-02-23,430.25,433.25,435.0,421.55,3416.0
255722,2021-04-26,383.65,390.0,390.0,381.5,1970.0
255722,2021-03-26,386.3,397.25,398.75,385.75,30276.0
255722,2021-05-04,388.3,416.0,416.0,384.0,5913.0
255722,2021-03-31,377.85,394.65,394.7,375.0,1795.0
255722,2021-06-30,397.85,404.9,409.95,396.05,11985.0
255722,2021-04-08,397.8,398.5,404.0,389.0,6838.0
255722,2021-07-05,470.3,405.95,472.9,394.3,191082.0
255722,2021-04-15,378.5,401.25,401.25,376.05,2971.0
255722,2021-07-23,498.0,507.65,509.8,488.95,22912.0
255722,2021-04-30,394.35,380.6,415.4,380.6,2874.0
255722,2021-08-17,440.15,425.15,447.4,423.35,7443.0
255722,2021-05-07,395.25,395.55,404.0,391.6,2322.0
255722,2021-09-07,465.75,481.3,486.5,460.35,3137.0
255722,2021-05-27,404.15,406.65,409.5,401.95,7594.0
255722,2021-09-14,464.5,472.5,474.0,460.0,2616.0
255722,2021-06-08,436.65,420.55,444.8,419.4,12254.0
255722,2021-09-24,498.35,504.85,510.4,497.05,10473.0
255722,2021-10-01,483.1,487.0,491.35,470.0,6767.0
255722,2021-07-07,480.25,485.1,487.45,466.3,25088.0
255722,2021-08-04,512.95,532.95,536.0,501.75,9940.0
255722,2021-12-03,552.45,555.0,562.0,536.3,14295.0
255722,2021-08-09,494.8,518.05,525.5,490.05,13750.0
255722,2021-12-29,602.2,551.5,628.0,551.5,120450.0
255722,2021-09-23,499.95,514.5,525.05,495.0,28577.0
255722,2022-01-17,639.95,609.1,648.0,608.5,45302.0
255722,2021-09-28,493.05,504.65,506.75,490.0,7489.0
255722,2022-01-18,612.75,638.45,644.5,608.0,14924.0
255722,2021-11-15,556.7,573.0,573.0,555.1,9250.0
255722,2022-03-21,421.0,426.0,431.5,418.85,4584.0
255722,2021-12-08,574.45,539.1,580.0,539.1,67847.0
255722,2022-03-23,455.65,424.05,498.0,424.05,130910.0
255722,2022-04-22,482.35,505.05,505.05,479.0,16413.0
255722,2021-12-27,555.55,556.05,561.65,551.55,6505.0
255722,2022-01-25,589.75,588.55,598.25,575.0,8631.0
255722,2022-07-14,414.5,418.95,418.95,408.2,2320.0
255722,2022-03-03,415.9,423.45,429.95,411.15,6531.0
255722,2022-07-18,410.4,415.9,417.0,408.1,5471.0
255722,2022-03-10,423.2,424.1,442.0,421.9,14806.0
255722,2022-08-03,421.7,434.7,435.0,421.25,3313.0
255722,2022-08-24,441.55,431.35,444.6,426.0,5744.0
255722,2022-05-18,429.1,428.9,431.5,422.0,2516.0
255722,2022-05-26,462.25,445.4,476.0,435.1,21558.0
255722,2022-09-07,485.9,480.0,493.0,480.0,14627.0
255722,2022-05-30,461.3,474.05,474.95,459.2,4230.0
255722,2022-09-21,533.05,524.95,556.4,518.0,43223.0
255722,2022-06-02,457.8,451.9,460.2,444.75,7582.0
255722,2022-10-27,594.0,602.0,602.0,583.95,18598.0
255722,2022-06-13,419.45,436.25,436.25,418.0,5373.0
255722,2022-11-16,565.6,585.0,587.65,562.0,31493.0
255722,2022-06-16,411.5,423.75,429.5,395.05,11733.0
255722,2022-11-21,533.1,538.9,543.9,528.0,13001.0
255722,2022-12-01,560.9,566.3,568.75,560.0,31704.0
255722,2022-07-25,428.9,429.65,432.7,421.3,7493.0
255722,2022-07-27,420.8,418.9,424.0,414.4,4489.0
255722,2022-12-08,563.65,578.95,578.95,560.0,5680.0
255722,2022-07-28,420.0,419.95,422.0,417.05,7475.0
255722,2022-12-12,576.9,563.3,578.1,560.0,22929.0
255722,2022-08-19,418.85,432.45,432.45,414.05,6797.0
255722,2022-12-14,632.0,608.8,638.95,599.3,44012.0
255722,2022-09-15,509.25,474.9,525.3,470.55,54383.0
255722,2022-12-20,673.75,646.9,679.0,635.05,39166.0
255722,2022-12-29,721.05,759.0,759.0,713.35,91632.0
255722,2022-10-11,524.8,528.7,533.75,520.85,12895.0
255722,2022-12-30,716.5,726.0,728.55,711.25,32330.0
255722,2023-01-03,689.3,707.2,723.95,683.65,36273.0
255722,2022-11-02,637.7,663.8,663.8,630.7,31466.0
255722,2022-12-26,631.45,603.45,639.5,603.45,14951.0
255722,2023-01-23,658.35,661.4,667.35,656.0,9249.0
255722,2023-01-09,708.9,724.0,724.85,702.05,15962.0
255722,2023-02-14,585.2,592.65,592.65,569.0,12083.0
255722,2023-01-12,691.15,699.35,723.65,685.1,35410.0
255722,2023-02-16,589.35,598.2,600.0,578.9,4322.0
255722,2023-04-17,761.2,729.95,785.0,720.15,20860.0
255722,2023-01-27,637.85,638.55,648.0,624.5,16955.0
255722,2023-02-01,624.65,658.0,660.35,611.0,10692.0
255722,2023-04-19,789.35,790.9,798.25,778.0,10714.0
255722,2023-02-07,652.9,662.95,665.45,634.0,7264.0
255722,2023-05-11,785.45,788.95,799.8,776.0,5568.0
255722,2023-06-02,1106.6,1140.0,1160.0,1092.0,45912.0
255722,2023-02-17,612.75,588.7,618.6,588.7,15051.0
255722,2023-03-31,705.25,670.35,719.4,663.05,47118.0
255722,2023-06-22,1273.9,1262.25,1340.0,1257.05,51474.0
255722,2023-04-05,752.45,754.9,760.0,745.15,36197.0
255722,2023-06-26,1336.55,1249.25,1365.0,1242.05,62188.0
255722,2023-04-18,790.25,761.2,810.0,755.0,98177.0
255722,2023-07-04,1341.95,1397.0,1410.0,1331.0,17328.0
255722,2023-05-08,793.85,785.5,811.0,785.3,26596.0
255722,2023-07-13,1378.95,1391.8,1426.95,1365.0,33846.0
255722,2023-06-07,1192.65,1159.95,1220.0,1157.2,85252.0
255722,2023-07-12,1391.6,1370.0,1471.45,1355.0,53351.0
255722,2023-07-24,1387.05,1429.25,1434.85,1375.0,20421.0
255722,2023-07-31,1466.3,1473.25,1495.0,1449.1,40279.0
255722,2023-08-16,1461.0,1400.45,1498.0,1385.35,35031.0
255722,2021-01-15,460.15,465.0,470.0,458.0,8910.0
255722,2021-01-19,445.4,466.65,466.7,442.0,4827.0
255722,2021-01-27,434.25,430.0,443.95,425.0,11754.0
255722,2021-03-05,431.75,439.45,444.0,428.25,1996.0
255722,2021-04-05,381.4,381.2,384.95,362.0,6029.0
255722,2021-04-13,394.6,407.85,407.85,384.3,2772.0
255722,2021-05-05,393.65,397.45,406.05,391.0,8514.0
255722,2021-07-29,539.3,552.0,557.65,531.05,12777.0
255722,2021-08-05,513.85,516.0,524.6,507.15,17135.0
255722,2021-08-11,485.4,478.0,496.0,446.6,23104.0
255722,2021-08-30,469.55,466.2,475.95,462.45,1701.0
255722,2021-09-13,456.95,466.7,466.7,450.25,5908.0
255722,2021-10-13,529.35,536.95,536.95,512.8,24104.0
255722,2021-11-03,600.0,601.0,622.0,586.9,23222.0
255722,2021-11-04,607.3,598.0,612.25,585.0,7713.0
255722,2021-12-30,591.25,606.9,624.7,585.1,43626.0
255722,2022-02-01,582.1,604.0,604.0,572.4,12751.0
255722,2022-02-03,577.15,583.0,585.75,569.05,6700.0
255722,2022-02-25,441.6,435.7,455.8,425.0,9173.0
255722,2022-03-07,403.5,413.3,415.05,390.0,10765.0
255722,2022-04-08,519.75,509.35,535.0,505.0,48048.0
255722,2022-04-13,489.7,490.1,500.0,487.6,5035.0
255722,2022-06-17,416.9,399.2,420.5,399.2,2441.0
255722,2022-06-22,413.85,410.5,426.55,399.65,11626.0
255722,2022-08-23,431.75,425.05,438.1,423.15,7495.0
255722,2022-09-13,453.65,483.0,483.0,450.5,28363.0
255722,2022-09-16,490.35,515.0,525.5,481.15,25077.0
255722,2022-10-03,480.8,480.9,485.0,472.3,4473.0
255722,2022-12-22,637.4,651.75,668.0,617.5,59186.0
255722,2022-12-23,612.65,629.0,642.95,603.75,25749.0
255722,2023-01-10,708.3,707.0,725.0,701.6,29534.0
255722,2023-01-25,638.8,641.0,648.7,620.3,7996.0
255722,2023-02-24,569.9,574.85,579.9,566.05,1892.0
255722,2023-03-14,508.75,518.3,523.95,496.85,24569.0
255722,2023-03-29,680.4,689.7,696.0,662.2,36632.0
255722,2023-05-03,784.45,744.45,825.0,736.0,144646.0
255722,2023-06-01,1123.0,1035.0,1204.95,1032.8,195843.0
255722,2023-06-15,1164.3,1180.05,1198.95,1155.2,24372.0
255722,2023-07-19,1409.9,1421.0,1452.75,1400.2,41507.0
255722,2023-07-21,1402.65,1408.6,1410.0,1389.95,13534.0
255722,2021-04-01,378.35,383.1,388.0,374.65,6028.0
255722,2021-04-07,380.8,386.75,387.0,380.0,1072.0
255722,2021-04-27,388.6,398.7,398.7,356.55,5062.0
255722,2021-05-14,374.65,382.55,387.35,370.4,5438.0
255722,2021-06-03,420.95,402.85,425.0,402.5,34006.0
255722,2021-06-10,423.2,430.1,445.0,418.5,17643.0
255722,2021-06-23,393.9,398.65,398.65,393.0,7749.0
255722,2021-07-02,394.1,395.65,404.9,392.1,6698.0
255722,2021-08-26,482.35,476.0,491.75,474.35,2347.0
255722,2021-09-08,465.45,465.0,475.0,462.0,2641.0
255722,2021-09-30,472.65,486.2,489.1,471.0,24072.0
255722,2021-10-08,507.95,522.6,528.0,501.1,20155.0
255722,2021-11-09,595.75,612.0,630.65,590.0,28030.0
255722,2021-11-29,534.1,510.1,550.75,504.0,28344.0
255722,2021-11-30,538.05,540.0,554.2,525.0,12443.0
255722,2021-12-16,600.2,585.1,609.7,585.1,23308.0
255722,2022-01-11,610.5,606.35,629.7,602.0,25590.0
255722,2022-02-10,549.15,545.0,556.95,540.05,6250.0
255722,2022-02-18,461.3,499.95,530.0,448.2,64974.0
255722,2022-03-14,414.2,430.6,430.6,410.05,11935.0
255722,2022-03-25,439.5,444.05,452.95,438.0,4307.0
255722,2022-04-04,472.3,460.0,480.0,460.0,10939.0
255722,2022-05-12,420.25,443.55,443.55,407.85,10047.0
255722,2022-05-17,424.7,417.7,426.5,413.8,2847.0
255722,2022-05-31,450.85,467.9,467.9,446.05,3785.0
255722,2022-06-07,444.35,456.15,458.15,442.25,4348.0
255722,2022-06-15,424.2,421.65,430.0,419.25,10529.0
255722,2022-06-20,404.95,421.15,421.15,396.05,3705.0
255722,2022-06-21,410.3,416.9,420.0,401.9,17932.0
255722,2022-06-28,410.85,412.0,416.35,410.0,1598.0
255722,2022-07-06,397.45,403.2,406.0,394.0,2812.0
255722,2022-07-20,418.1,420.55,427.5,415.6,7180.0
255722,2022-08-02,430.1,423.6,440.0,422.6,6549.0
255722,2022-08-29,478.1,428.0,504.9,423.2,134841.0
255722,2022-09-09,479.05,477.0,484.5,473.0,2762.0
255722,2022-10-06,529.4,492.45,552.3,488.25,61101.0
255722,2022-10-25,600.65,585.0,602.0,581.55,24538.0
255722,2022-11-04,640.9,650.85,653.0,632.6,17494.0
255722,2022-11-10,613.6,630.2,638.45,608.0,84583.0
255722,2022-11-15,588.05,588.0,604.0,575.55,14038.0
255722,2022-11-23,533.6,538.15,541.0,526.95,6648.0
255722,2022-12-15,621.05,637.55,638.0,605.3,31046.0
255722,2022-12-21,642.2,679.85,686.0,609.1,77521.0
255722,2023-01-04,724.55,690.0,734.85,682.05,177394.0
255722,2023-01-17,679.65,680.3,696.35,673.15,10540.0
255722,2023-02-06,661.75,651.05,669.8,651.05,6843.0
255722,2023-02-22,579.95,588.9,593.15,573.8,15456.0
255722,2023-03-06,586.95,550.3,598.5,547.9,20412.0
255722,2023-03-17,556.8,515.0,570.0,513.05,110729.0
255722,2023-04-10,746.8,744.05,774.0,727.0,14123.0
255722,2023-04-27,749.75,760.0,761.95,717.7,28512.0
255722,2023-05-09,775.0,793.85,807.0,770.2,20529.0
255722,2023-05-12,790.8,791.75,829.0,779.3,56170.0
255722,2023-06-16,1215.35,1169.0,1222.0,1168.95,26485.0
255722,2023-06-30,1383.05,1371.65,1391.5,1314.2,31772.0
255722,2023-07-03,1376.65,1400.0,1420.0,1360.0,28695.0
255722,2021-02-08,436.75,436.05,452.8,433.75,11297.0
255722,2021-02-24,428.9,430.55,442.3,420.3,2663.0
255722,2021-03-25,387.1,401.45,403.15,381.0,1870.0
255722,2021-01-18,449.25,448.2,468.0,444.15,56286.0
255722,2021-04-12,383.7,417.0,417.0,381.55,3060.0
255722,2021-03-02,437.0,439.0,445.0,433.3,3632.0
255722,2021-04-22,381.05,372.45,383.4,367.05,5222.0
255722,2021-04-06,380.65,383.65,383.65,375.0,1970.0
255722,2021-06-09,430.1,456.0,456.0,425.0,20205.0
255722,2021-04-20,372.45,377.15,377.4,369.0,2130.0
255722,2021-08-25,480.6,480.0,498.0,475.0,11095.0
255722,2021-05-20,435.2,437.7,443.0,429.0,17698.0
255722,2021-11-24,530.4,531.2,560.3,525.4,10876.0
255722,2021-07-16,487.8,498.65,505.75,484.35,12501.0
255722,2021-12-10,564.5,573.2,587.55,543.9,38170.0
255722,2021-08-13,469.25,494.9,494.9,464.0,19644.0
255722,2021-09-21,509.65,482.95,540.0,467.1,127191.0
255722,2021-12-17,567.3,604.7,604.7,562.5,27060.0
255722,2021-12-22,563.4,546.1,568.25,546.1,10439.0
255722,2021-10-28,535.7,539.4,539.4,531.15,5811.0
255722,2022-01-14,615.1,619.0,629.95,606.0,11066.0
255722,2021-10-29,538.45,535.6,544.95,520.0,12653.0
255722,2022-01-19,611.45,617.95,617.95,606.15,9120.0
255722,2021-12-07,539.15,542.0,550.15,535.3,4322.0
255722,2022-02-02,577.85,583.75,589.1,563.55,13875.0
255722,2022-01-10,610.4,613.6,621.5,603.3,15330.0
255722,2022-04-05,494.85,479.95,511.15,467.0,48767.0
255722,2022-01-21,592.9,614.7,614.7,585.35,15676.0
255722,2022-04-21,497.6,500.7,502.5,492.0,4513.0
255722,2022-02-09,549.15,554.8,557.8,541.55,6378.0
255722,2022-04-27,480.25,499.9,499.9,476.6,7904.0
255722,2022-02-17,487.25,502.05,502.05,477.75,7220.0
255722,2022-05-20,437.95,410.0,440.0,407.05,8158.0
255722,2022-05-19,421.55,418.6,427.85,416.0,2406.0
255722,2022-05-23,448.45,444.45,457.0,428.8,13758.0
255722,2022-07-13,416.05,422.45,426.5,415.0,10560.0
255722,2022-08-04,416.45,422.3,424.0,415.55,2293.0
255722,2022-08-12,461.8,432.0,477.5,427.3,54695.0
255722,2022-07-29,421.7,423.6,423.65,416.15,5058.0
255722,2022-08-01,424.1,424.0,425.0,417.3,7553.0
255722,2022-08-16,426.9,468.5,469.9,420.2,20233.0
255722,2022-08-08,429.55,425.45,431.75,423.05,3526.0
255722,2022-09-01,481.85,495.0,509.0,476.6,33871.0
255722,2022-08-17,426.65,428.9,432.0,424.0,4019.0
255722,2022-10-20,551.45,545.0,568.0,528.5,23209.0
255722,2022-09-22,549.7,540.0,554.0,530.75,28806.0
255722,2022-12-05,564.85,572.0,572.0,560.0,15737.0
255722,2023-01-13,673.55,685.0,688.75,648.0,49033.0
255722,2022-10-12,515.6,524.4,532.45,509.5,11040.0
255722,2022-11-03,641.3,630.0,653.95,630.0,24279.0
255722,2023-01-31,652.8,628.15,659.0,628.15,9508.0
255722,2022-11-09,673.7,644.0,692.8,633.05,93558.0
255722,2023-03-10,544.0,565.05,568.75,533.0,41180.0
255722,2022-12-27,752.6,634.9,757.7,624.5,464420.0
255722,2023-03-13,511.6,544.7,547.5,505.0,30019.0
255722,2023-01-24,640.65,657.0,667.4,636.05,9842.0
255722,2023-03-20,563.4,559.5,587.0,545.55,20677.0
255722,2023-02-28,567.95,574.9,579.8,557.0,21734.0
255722,2023-05-24,811.45,813.8,830.1,804.25,23873.0
255722,2023-08-10,1558.4,1582.6,1613.95,1550.0,14163.0
255722,2023-03-23,616.9,591.05,655.0,591.05,179351.0
255722,2023-04-11,741.4,746.0,755.95,740.15,6220.0
255722,2023-08-14,1377.85,1371.1,1399.85,1244.2,140001.0
255722,2023-04-20,785.4,780.05,795.3,776.05,5228.0
255722,2023-04-24,740.45,770.05,783.95,738.0,19793.0
255722,2023-04-28,759.35,750.0,773.9,742.0,15075.0
255722,2023-05-05,799.3,765.35,803.05,762.55,32216.0
255722,2023-05-18,786.1,797.8,799.8,777.75,7961.0
255722,2023-05-23,813.8,815.0,847.0,805.95,62073.0
255722,2023-06-20,1328.9,1323.25,1363.5,1288.6,66884.0
255722,2023-07-25,1431.0,1388.0,1448.2,1388.0,19574.0
255722,2023-08-22,1439.2,1412.9,1471.9,1401.05,36605.0
255722,2021-01-21,447.2,462.8,465.3,435.0,31579.0
255722,2021-01-22,440.5,436.95,454.8,435.5,14460.0
255722,2021-02-02,471.65,465.95,478.45,440.1,15764.0
255722,2021-02-12,418.35,423.95,427.0,415.6,24224.0
255722,2021-03-17,422.55,424.35,441.65,421.3,6804.0
255722,2021-04-29,399.75,385.0,405.9,385.0,2961.0
255722,2021-05-19,428.05,397.0,439.9,391.0,52189.0
255722,2021-05-31,408.35,396.5,417.3,396.5,8365.0
255722,2021-06-15,416.75,414.55,426.7,414.55,19216.0
255722,2021-07-01,391.65,406.75,406.75,388.95,12571.0
255722,2021-08-02,530.4,538.0,540.75,525.5,64836.0
255722,2021-09-03,478.2,485.0,488.0,471.0,6515.0
255722,2021-09-15,540.6,463.1,557.4,463.1,189208.0
255722,2021-10-18,549.5,545.95,572.25,545.05,41506.0
255722,2021-11-08,621.3,607.3,643.5,585.3,59491.0
255722,2021-11-26,519.35,521.1,532.8,512.85,13219.0
255722,2021-12-23,578.8,568.2,590.0,568.0,37279.0
255722,2022-01-06,618.9,630.5,649.7,611.0,50818.0
255722,2022-01-12,604.75,614.65,614.65,600.0,9896.0
255722,2022-02-07,562.35,579.0,579.0,550.5,8180.0
255722,2022-02-15,483.15,488.0,494.0,455.0,29863.0
255722,2022-03-09,419.3,424.85,431.55,416.0,11625.0
255722,2022-03-24,445.55,452.0,457.8,443.6,9485.0
255722,2022-04-06,501.3,501.0,510.0,484.85,15699.0
255722,2022-04-18,496.7,495.0,505.0,478.0,23952.0
255722,2022-05-11,437.0,457.75,457.9,392.0,15481.0
255722,2022-06-03,458.75,464.65,464.65,455.0,1333.0
255722,2022-07-21,423.2,416.15,424.0,416.15,3605.0
255722,2022-08-10,425.65,432.0,432.0,422.0,4081.0
255722,2022-10-04,485.2,484.7,494.8,480.0,9200.0
255722,2022-10-21,573.55,559.65,584.75,552.1,45056.0
255722,2022-11-18,543.7,560.0,563.6,541.15,16797.0
255722,2022-11-25,551.35,565.8,580.0,546.1,35296.0
255722,2022-12-07,571.35,568.35,584.3,561.8,35593.0
255722,2023-01-20,656.15,660.2,678.3,651.0,6559.0
255722,2023-02-03,659.0,627.3,669.0,621.8,9888.0
255722,2023-02-09,585.65,604.7,604.7,574.1,22377.0
255722,2023-02-15,598.25,576.4,607.9,576.4,12246.0
255722,2023-03-09,565.6,578.5,578.5,564.0,5900.0
255722,2023-04-21,777.25,789.0,797.0,765.0,12156.0
255722,2023-05-10,788.95,781.2,794.95,772.2,7869.0
255722,2023-06-09,1165.95,1190.0,1195.0,1150.2,15159.0
255722,2023-07-17,1395.65,1414.85,1520.0,1385.0,23464.0
255722,2023-07-26,1439.45,1451.0,1454.95,1429.05,16565.0
255722,2021-01-04,438.35,450.0,450.0,428.05,23431.0
255722,2021-05-03,399.6,397.65,402.85,392.1,1653.0
255722,2021-05-18,393.95,404.0,404.0,390.05,10550.0
255722,2021-06-25,394.5,401.55,401.55,393.15,6989.0
255722,2021-07-13,499.45,522.85,524.4,495.0,30740.0
255722,2021-07-15,501.6,493.0,509.0,490.05,29686.0
255722,2021-07-19,509.7,489.8,514.9,484.9,72845.0
255722,2021-09-20,473.7,472.65,493.65,471.15,18164.0
255722,2021-09-29,488.9,483.25,500.0,483.25,3157.0
255722,2021-10-20,556.3,570.0,593.45,549.0,26884.0
255722,2021-11-10,597.25,595.5,606.4,588.1,10224.0
255722,2021-12-02,545.45,549.9,549.9,530.55,7343.0
255722,2021-12-06,541.35,559.9,562.25,541.25,13297.0
255722,2021-12-13,581.3,574.9,589.8,560.0,24389.0
255722,2021-12-31,599.05,597.8,604.0,578.0,31830.0
255722,2022-01-28,584.1,598.0,605.75,583.1,13119.0
255722,2022-02-11,545.1,549.0,551.05,540.15,6259.0
255722,2022-02-22,443.75,429.0,448.8,426.95,12801.0
255722,2022-02-28,422.7,435.0,441.6,417.65,9890.0
255722,2022-03-29,441.7,427.5,488.9,424.5,98789.0
255722,2022-04-19,486.7,503.65,511.5,478.05,10095.0
255722,2022-05-02,474.85,470.1,482.0,464.25,11792.0
255722,2022-05-24,450.4,443.75,466.5,435.3,7687.0
255722,2022-06-30,404.1,416.8,418.0,395.95,7891.0
255722,2022-07-26,416.9,426.6,428.9,414.05,7182.0
255722,2022-09-06,490.1,493.9,496.0,485.5,15551.0
255722,2022-11-22,531.25,533.2,544.5,523.95,12987.0
255722,2022-11-30,560.7,554.05,570.0,554.0,39167.0
255722,2022-12-09,560.75,563.6,575.95,560.0,12700.0
255722,2023-01-30,625.9,625.05,647.25,618.05,9232.0
255722,2023-02-10,585.5,593.35,593.35,580.0,9337.0
255722,2023-03-02,556.15,552.7,562.0,548.05,15830.0
255722,2023-03-22,579.35,586.95,594.5,577.65,22288.0
255722,2023-07-14,1400.65,1379.0,1430.4,1374.95,31235.0
255722,2021-01-08,467.7,451.0,473.0,442.9,40798.0
255722,2021-01-13,470.1,481.0,481.5,452.5,12126.0
255722,2021-01-28,452.35,435.0,458.5,427.1,16479.0
255722,2021-03-30,381.75,389.45,400.15,378.85,3278.0
255722,2021-05-24,407.25,420.05,434.95,397.25,15053.0
255722,2021-05-28,395.75,402.4,416.0,387.05,29766.0
255722,2021-06-07,423.9,440.0,440.0,418.0,12817.0
255722,2021-06-17,400.05,398.0,403.5,394.05,16206.0
255722,2021-06-29,399.75,407.95,408.6,396.85,2659.0
255722,2021-07-20,499.6,509.7,513.0,488.3,11014.0
255722,2021-07-26,531.7,498.0,543.0,491.1,76082.0
255722,2021-07-27,528.65,540.0,551.0,522.1,47983.0
255722,2021-09-16,514.55,538.0,542.8,507.0,46381.0
255722,2021-10-12,529.25,541.75,548.0,524.0,9229.0
255722,2021-10-14,541.5,534.75,555.0,519.0,14102.0
255722,2022-02-23,432.45,445.0,459.5,428.3,11940.0
255722,2022-03-22,421.4,423.65,428.35,415.1,7172.0
255722,2022-05-04,459.2,478.7,479.8,453.05,13716.0
255722,2022-06-01,452.95,449.0,458.7,449.0,5743.0
255722,2022-06-09,443.5,455.0,455.0,436.0,10697.0
255722,2022-06-24,417.45,419.9,420.9,409.6,5330.0
255722,2022-07-12,416.3,401.35,417.0,401.35,5676.0
255722,2022-08-26,432.75,441.0,441.65,427.05,11520.0
255722,2022-09-29,476.95,490.0,500.6,470.2,8223.0
255722,2022-11-07,632.4,648.5,649.25,630.05,11943.0
255722,2023-03-01,554.55,566.65,567.65,530.0,31517.0
255722,2023-05-30,1035.6,1015.0,1079.65,1012.2,449142.0
255722,2023-05-31,1028.4,1034.45,1064.9,1007.0,83741.0
255722,2023-06-12,1224.1,1165.0,1230.0,1164.85,50346.0
255722,2023-06-23,1232.05,1284.9,1308.3,1210.05,45940.0
255722,2023-06-27,1361.4,1365.0,1411.85,1329.15,54043.0
255722,2023-08-08,1601.0,1644.0,1696.5,1588.05,27138.0
255722,2023-08-23,1512.55,1490.0,1518.0,1480.85,16784.0
255722,2021-01-20,462.8,455.0,465.8,451.0,9329.0
255722,2021-01-29,435.6,464.0,468.95,431.1,6983.0
255722,2021-01-12,474.85,456.1,477.25,456.1,27252.0
255722,2021-03-08,435.65,431.1,441.0,431.1,2929.0
255722,2021-01-14,467.35,469.0,479.5,460.1,6866.0
255722,2021-03-09,441.1,440.0,447.3,432.3,13343.0
255722,2021-02-05,445.65,448.95,459.75,440.0,8853.0
255722,2021-03-12,430.9,445.1,450.8,426.0,12839.0
255722,2021-03-10,443.4,440.0,445.9,439.7,3317.0
255722,2021-03-23,403.75,415.8,417.9,399.0,3807.0
255722,2021-03-18,411.1,434.75,439.9,407.6,8789.0
255722,2021-05-10,391.0,404.85,404.9,387.45,5788.0
255722,2021-05-17,390.8,382.15,412.8,376.1,33414.0
255722,2021-06-22,397.6,399.65,399.95,394.7,7310.0
255722,2021-07-08,469.7,475.0,497.2,467.15,15200.0
255722,2021-07-14,488.5,492.0,503.3,481.3,17506.0
255722,2021-07-06,477.9,485.0,508.4,465.0,186958.0
255722,2021-08-12,489.25,499.0,504.95,481.6,16474.0
255722,2021-08-20,439.4,441.25,446.55,439.0,10259.0
255722,2021-08-23,462.6,448.95,469.15,438.45,21002.0
255722,2021-11-17,542.8,571.55,571.55,539.05,8016.0
255722,2022-02-16,488.45,490.2,500.0,479.05,6827.0
255722,2022-04-25,480.5,471.35,486.0,471.35,9183.0
255722,2021-08-31,477.95,479.7,480.0,469.3,2441.0
255722,2022-04-28,479.2,487.2,490.0,474.45,10221.0
255722,2022-05-05,467.4,464.95,483.05,456.7,7949.0
255722,2021-09-01,471.45,480.0,485.5,469.9,1940.0
255722,2022-06-06,456.45,455.85,466.0,453.55,15019.0
255722,2021-09-27,497.7,500.95,500.95,491.95,5632.0
255722,2022-06-08,450.1,440.55,451.95,440.55,6061.0
255722,2021-10-11,543.15,512.55,565.0,500.1,71306.0
255722,2022-06-10,437.4,441.95,448.0,436.25,3801.0
255722,2021-10-26,525.65,535.25,548.8,519.25,26676.0
255722,2022-06-27,414.75,418.0,419.9,408.7,11020.0
255722,2021-11-16,554.9,557.0,572.0,551.15,9831.0
255722,2022-07-04,403.15,410.5,410.5,401.9,3044.0
255722,2022-07-15,414.4,413.2,416.9,407.7,1607.0
255722,2021-11-23,538.75,542.0,553.6,533.8,4059.0
255722,2021-12-09,561.7,582.0,582.0,561.25,12285.0
255722,2022-08-05,419.2,420.0,422.6,417.55,2989.0
255722,2021-12-20,539.35,556.65,578.0,532.0,12230.0
255722,2022-09-19,505.55,495.0,514.0,486.95,17224.0
255722,2021-12-24,561.9,589.0,590.0,558.0,36596.0
255722,2022-09-23,524.9,555.0,559.0,518.25,27462.0
255722,2022-01-24,588.55,575.1,591.0,575.1,36841.0
255722,2022-09-27,497.05,504.65,514.05,494.8,7492.0
255722,2022-02-04,559.6,570.05,577.75,555.0,6384.0
255722,2022-09-28,490.7,494.3,504.05,486.3,9108.0
255722,2022-10-13,519.0,520.4,527.95,518.0,11409.0
255722,2022-05-25,444.45,463.5,469.95,432.2,9799.0
255722,2022-07-05,397.6,406.0,414.5,393.55,5649.0
255722,2022-10-24,593.55,595.2,599.0,585.3,23245.0
255722,2022-09-05,490.2,462.0,496.0,462.0,14823.0
255722,2022-11-14,588.3,612.0,618.9,553.85,45567.0
255722,2022-09-08,478.25,493.1,494.0,477.0,3798.0
255722,2022-11-28,556.35,551.35,563.75,548.75,29614.0
255722,2022-10-07,523.3,515.0,534.7,515.0,12690.0
255722,2022-12-02,565.5,569.0,569.0,560.0,18061.0
255722,2022-10-17,561.45,551.9,575.0,545.0,98443.0
255722,2023-01-11,692.45,708.0,713.45,686.55,21365.0
255722,2022-11-11,612.25,612.0,641.4,607.05,26938.0
255722,2023-01-18,670.7,679.45,684.95,666.9,6750.0
255722,2022-11-29,548.3,563.75,563.75,545.55,13180.0
255722,2023-02-20,595.1,618.9,618.9,594.0,4664.0
255722,2023-01-02,707.2,718.5,729.5,701.05,27300.0
255722,2023-03-24,619.3,611.05,637.9,611.05,36169.0
255722,2023-04-06,751.45,750.0,765.0,738.75,18521.0
255722,2023-01-19,666.35,666.05,681.45,661.0,10496.0
255722,2023-05-22,810.25,775.0,836.0,775.0,79285.0
255722,2023-05-29,973.25,905.0,973.25,905.0,180190.0
255722,2023-07-05,1357.1,1354.0,1377.9,1345.0,12080.0
255722,2023-06-14,1192.2,1251.35,1273.45,1169.8,41976.0
255722,2023-07-07,1318.5,1336.2,1365.0,1284.3,27972.0
255722,2023-07-11,1352.1,1283.2,1370.0,1281.3,44627.0
255722,2023-07-28,1449.1,1441.0,1459.85,1422.25,14113.0
255722,2023-07-18,1397.4,1409.85,1423.0,1363.1,21643.0
255722,2023-07-20,1388.2,1434.95,1445.0,1383.0,24779.0
255722,2023-08-03,1449.7,1447.25,1499.0,1436.85,38275.0
255722,2023-08-02,1423.75,1483.65,1483.65,1416.1,29544.0
255722,2023-08-11,1474.5,1580.0,1587.0,1459.0,32632.0
255722,2023-08-17,1412.65,1510.85,1520.0,1400.0,40824.0
255722,2023-08-18,1401.05,1412.0,1432.0,1384.35,21728.0
255722,2021-01-07,451.3,459.7,459.7,450.0,10635.0
255722,2021-02-16,420.15,433.9,437.7,407.5,9787.0
255722,2021-03-01,440.35,431.1,443.05,431.1,7842.0
255722,2021-03-03,441.45,433.0,443.9,433.0,26198.0
255722,2021-03-19,395.15,411.15,411.15,384.0,5746.0
255722,2021-05-06,390.0,391.9,401.4,388.05,4848.0
255722,2021-06-01,401.7,409.95,419.8,400.0,4580.0
255722,2021-06-04,435.2,423.0,453.05,420.0,47608.0
255722,2021-06-14,418.0,431.9,431.9,416.0,15443.0
255722,2021-06-16,398.75,400.0,406.5,394.05,57648.0
255722,2021-08-06,509.6,519.9,526.1,507.0,10837.0
255722,2021-08-18,441.45,449.9,449.9,439.5,7314.0
255722,2021-08-27,466.2,475.2,489.0,461.6,3598.0
255722,2021-09-02,472.05,473.9,479.3,470.0,1118.0
255722,2021-09-22,514.5,507.0,532.0,500.0,28334.0
255722,2021-10-05,546.95,484.8,574.95,481.0,320635.0
255722,2021-10-07,515.0,522.4,528.95,495.0,25218.0
255722,2021-10-25,519.2,536.0,550.0,507.5,26193.0
255722,2021-11-11,571.3,590.5,590.5,555.1,35835.0
255722,2021-11-18,550.35,550.0,564.75,534.3,9019.0
255722,2022-01-27,585.75,571.05,614.0,553.45,65087.0
255722,2022-02-14,485.85,522.3,533.35,461.35,22146.0
255722,2022-03-11,422.85,418.55,432.45,418.55,4232.0
255722,2022-04-01,464.6,458.3,479.9,455.25,18117.0
255722,2022-04-07,501.85,500.55,531.5,490.6,22177.0
255722,2022-04-26,487.75,487.65,500.0,479.0,13524.0
255722,2022-05-27,467.05,469.15,480.05,460.05,16524.0
255722,2022-06-14,419.6,419.1,424.9,415.0,2343.0
255722,2022-06-29,413.35,414.1,417.0,411.0,1558.0
255722,2022-07-08,409.8,410.6,416.0,406.1,6817.0
255722,2022-08-30,494.2,485.7,501.0,484.95,40930.0
255722,2022-09-30,486.25,481.45,487.0,471.05,3011.0
255722,2022-10-18,550.45,561.45,578.0,545.2,24742.0
255722,2022-12-13,607.1,572.2,625.0,572.2,98924.0
255722,2022-12-19,647.0,618.1,676.9,618.1,73863.0
255722,2023-01-16,690.65,673.85,703.3,659.2,26761.0
255722,2023-02-13,585.05,580.25,590.8,580.25,8716.0
255722,2023-03-03,550.3,553.05,565.9,547.4,9375.0
255722,2023-03-08,571.3,585.05,585.05,565.65,15186.0
255722,2023-03-16,512.7,523.15,523.15,507.6,9186.0
255722,2023-04-26,755.85,754.1,763.8,744.6,8359.0
255722,2023-05-16,771.2,771.0,784.0,761.4,11735.0
255722,2023-05-17,793.2,773.05,801.0,768.3,25774.0
255722,2023-05-19,834.15,790.05,849.7,787.0,106528.0
255722,2023-06-19,1296.3,1237.25,1305.6,1201.0,47741.0
255722,2023-06-21,1250.8,1330.0,1357.45,1231.0,51229.0
255722,2023-07-06,1327.85,1360.0,1370.5,1320.0,16134.0
255722,2023-07-10,1272.2,1310.0,1344.95,1256.65,24120.0
255722,2021-01-05,439.45,430.0,450.0,430.0,20460.0
255722,2021-02-15,429.05,418.0,430.0,417.05,7855.0
255722,2021-02-25,435.0,437.9,444.4,428.45,8201.0
255722,2021-02-26,433.55,435.1,437.0,426.25,3725.0
255722,2021-03-22,394.45,395.25,401.0,390.05,6073.0
255722,2021-05-11,388.85,382.05,398.8,380.0,3929.0
255722,2021-05-25,396.55,416.75,423.95,393.25,16064.0
255722,2021-05-26,404.65,404.9,408.2,397.3,11552.0
255722,2021-06-18,391.1,401.0,403.95,387.25,16659.0
255722,2021-06-21,393.05,389.5,394.7,389.5,15813.0
255722,2021-06-28,397.9,408.9,408.9,391.1,6905.0
255722,2021-07-28,549.15,530.9,562.5,521.95,41880.0
255722,2021-08-10,475.8,499.45,503.1,457.4,14988.0
255722,2021-10-19,576.35,550.0,615.0,542.9,141299.0
255722,2021-10-22,538.55,570.0,570.0,531.35,21290.0
255722,2021-12-21,545.85,540.0,568.9,539.9,16095.0
255722,2021-12-28,553.6,561.5,564.7,548.2,9687.0
255722,2022-01-13,613.55,603.0,617.0,602.8,18501.0
255722,2022-03-02,419.05,421.65,439.7,415.3,6958.0
255722,2022-03-17,424.2,419.4,425.0,415.8,5853.0
255722,2022-03-31,452.25,442.25,478.95,440.35,30938.0
255722,2022-04-12,488.15,501.85,510.0,483.65,9478.0
255722,2022-07-07,409.05,403.35,412.0,398.85,9265.0
255722,2022-07-19,417.05,415.15,418.8,410.45,3493.0
255722,2022-08-18,426.15,420.0,432.0,420.0,4382.0
255722,2022-10-10,523.55,527.5,533.9,517.1,7616.0
255722,2022-10-28,593.25,599.65,614.8,589.2,49899.0
255722,2022-12-28,743.65,764.0,791.1,735.0,409855.0
255722,2023-02-02,629.0,622.0,640.05,615.65,9769.0
255722,2023-02-21,581.3,591.2,603.95,580.0,7228.0
255722,2023-03-27,682.2,625.5,727.8,619.55,163027.0
255722,2023-03-28,700.2,676.0,729.7,665.65,208102.0
255722,2023-04-03,766.4,701.0,774.8,701.0,110168.0
255722,2023-05-04,770.75,790.0,794.95,760.2,31999.0
255722,2023-05-15,772.6,794.0,808.0,767.25,31043.0
255722,2023-05-26,811.05,808.0,823.7,805.5,14996.0
255722,2023-06-28,1346.2,1366.0,1397.0,1313.05,33316.0
255722,2023-08-01,1467.85,1484.4,1523.5,1453.6,37169.0
255722,2021-02-03,460.3,479.95,487.15,453.65,23773.0
255722,2021-02-04,448.65,463.75,464.25,441.8,10764.0
255722,2021-02-11,418.9,425.0,427.5,412.15,40626.0
255722,2021-03-15,429.9,439.6,439.6,422.5,3786.0
255722,2021-03-16,425.9,422.1,432.95,422.1,4833.0
255722,2021-04-28,393.2,390.8,399.0,388.0,6883.0
255722,2021-05-12,382.5,390.45,390.45,376.65,6651.0
255722,2021-06-02,402.8,409.4,409.45,400.0,2879.0
255722,2021-07-12,517.6,510.95,526.05,505.0,77410.0
255722,2021-07-22,509.65,501.95,518.5,497.0,26889.0
255722,2021-07-30,529.5,542.5,550.0,525.4,8897.0
255722,2021-09-17,495.1,519.95,519.95,476.15,22738.0
255722,2021-10-04,479.15,483.35,493.0,477.0,6594.0
255722,2021-10-06,517.35,554.5,559.0,510.05,46242.0
255722,2021-11-02,606.35,576.6,622.0,559.6,103805.0
255722,2021-11-12,564.9,565.0,594.65,551.3,18587.0
255722,2022-01-05,639.75,590.0,659.9,590.0,173372.0
255722,2022-01-20,611.8,619.5,619.5,606.85,9854.0
255722,2022-02-21,441.8,455.9,455.9,433.9,13358.0
255722,2022-03-15,402.1,420.0,429.8,397.9,7251.0
255722,2022-03-16,411.4,404.85,417.5,400.55,10244.0
255722,2022-03-30,442.6,452.0,465.0,441.35,13892.0
255722,2022-04-11,499.4,524.0,524.0,491.7,32844.0
255722,2022-04-29,480.1,486.35,494.9,475.0,10078.0
255722,2022-05-16,411.8,429.0,433.85,410.0,5852.0
255722,2022-06-23,410.5,417.7,419.45,410.0,2560.0
255722,2022-07-01,409.1,397.55,410.0,397.55,2563.0
255722,2022-07-11,411.4,415.85,415.85,404.65,2305.0
255722,2022-08-22,425.6,425.05,438.85,406.1,9920.0
255722,2022-08-25,434.85,448.0,448.0,432.35,3740.0
255722,2022-09-20,524.4,513.05,540.0,509.95,29721.0
255722,2022-10-31,656.95,609.8,671.4,602.0,179503.0
255722,2022-11-01,660.65,652.9,669.0,627.0,66455.0
255722,2022-12-16,620.1,630.35,630.35,602.7,19571.0
255722,2023-05-25,810.2,811.0,827.0,805.05,14152.0
255722,2023-06-08,1178.8,1192.65,1200.0,1165.0,98935.0
255722,2023-08-07,1603.2,1569.95,1630.0,1530.0,45677.0
255722,2021-02-09,445.95,438.0,450.0,433.5,9837.0
255722,2021-04-16,371.1,389.75,389.75,370.0,6275.0
255722,2021-04-19,369.25,358.0,374.9,358.0,3873.0
255722,2021-05-21,420.7,437.0,440.95,415.1,13281.0
255722,2021-07-09,508.35,490.0,541.9,489.95,373501.0
255722,2021-08-03,533.0,536.0,537.95,528.2,8070.0
255722,2021-08-16,431.8,452.2,459.4,428.0,32272.0
255722,2021-09-06,476.45,476.0,489.8,476.0,3962.0
255722,2022-01-03,603.35,598.7,609.15,591.05,10326.0
255722,2022-01-04,597.2,609.7,612.05,587.5,31245.0
255722,2022-02-08,545.7,555.0,562.1,540.05,5666.0
255722,2022-02-24,413.65,425.0,437.85,410.0,25007.0
255722,2022-04-20,493.6,500.0,500.7,482.0,9674.0
255722,2022-09-12,476.5,490.0,490.0,472.1,11595.0
255722,2022-11-17,552.7,565.6,575.5,550.05,13104.0
255722,2022-11-24,556.4,531.6,568.8,531.6,61214.0
255722,2022-12-06,560.0,559.45,565.8,558.25,13672.0
255722,2023-02-08,589.55,635.0,635.0,562.0,108268.0
255722,2023-02-27,549.45,570.5,570.5,545.0,8538.0
255722,2023-04-25,749.0,745.05,759.95,745.05,9005.0
255722,2023-06-05,1129.15,1139.0,1140.0,1060.5,48089.0
255722,2023-06-06,1155.05,1144.0,1160.5,1110.0,34707.0
255722,2023-07-27,1438.0,1455.0,1460.0,1421.75,10510.0
255722,2023-08-04,1523.85,1464.85,1555.0,1446.15,26548.0
255722,2023-08-09,1567.15,1601.25,1617.0,1553.1,21257.0
