stockid,date,close,open,high,low,volume
226688,2021-02-04,6.25,6.1,6.35,6.1,57527.0
226688,2021-02-05,6.15,6.4,6.5,6.1,261078.0
226688,2021-02-17,5.65,5.6,5.75,5.4,239464.0
226688,2021-05-25,6.95,7.0,7.1,6.85,97334.0
226688,2021-05-28,7.5,7.95,7.95,7.45,288312.0
226688,2021-06-23,14.1,14.1,14.1,13.9,585680.0
226688,2021-06-24,13.8,14.75,14.75,13.7,536999.0
226688,2021-07-15,15.0,14.7,15.0,14.3,436985.0
226688,2021-09-02,12.8,13.8,13.8,12.5,265963.0
226688,2021-10-05,13.75,13.6,14.0,13.55,99934.0
226688,2021-10-26,11.6,11.25,11.65,10.85,187372.0
226688,2021-11-10,12.35,12.2,12.5,11.95,140567.0
226688,2021-12-06,14.05,14.3,14.3,13.5,800669.0
226688,2021-12-29,15.95,17.25,17.25,15.85,216062.0
226688,2022-03-15,12.2,12.5,12.85,12.1,124215.0
226688,2022-03-31,11.25,11.45,11.75,11.15,213984.0
226688,2022-04-28,12.9,13.7,13.7,12.85,151027.0
226688,2022-05-18,12.05,12.2,12.2,11.55,64465.0
226688,2022-05-19,11.55,12.0,12.0,11.45,40406.0
226688,2021-01-14,6.45,6.4,6.65,6.35,114544.0
226688,2021-05-12,7.2,7.2,7.35,7.05,98236.0
226688,2021-07-23,14.65,15.7,15.7,14.45,199998.0
226688,2021-10-01,13.25,13.4,13.65,12.95,121580.0
226688,2021-11-30,12.1,11.55,12.1,11.55,268306.0
226688,2021-12-21,15.4,15.2,15.95,15.2,224848.0
226688,2021-12-27,15.7,15.25,15.95,14.7,254750.0
226688,2021-12-31,15.45,15.15,16.0,15.0,179667.0
226688,2022-02-03,14.4,14.0,14.4,13.7,207501.0
226688,2022-02-14,14.95,15.5,15.5,14.95,188492.0
226688,2021-01-05,6.4,6.7,6.75,6.35,563661.0
226688,2021-01-11,7.0,7.35,7.55,7.0,543866.0
226688,2021-02-08,6.05,6.25,6.35,6.05,115811.0
226688,2021-03-15,5.7,6.0,6.0,5.65,364493.0
226688,2021-04-07,8.15,8.5,8.55,8.15,543951.0
226688,2021-04-19,7.05,7.0,7.25,6.65,147040.0
226688,2021-05-07,7.0,6.9,7.2,6.85,110941.0
226688,2021-05-24,6.9,7.1,7.15,6.75,135466.0
226688,2021-01-20,6.45,6.55,6.95,6.4,312363.0
226688,2021-02-09,5.95,6.05,6.3,5.95,243085.0
226688,2021-05-26,7.25,7.1,7.25,7.0,121378.0
226688,2021-08-02,15.6,15.4,15.65,14.5,409931.0
226688,2021-03-05,6.45,6.35,6.6,6.2,252361.0
226688,2021-08-23,11.5,12.2,12.4,11.5,60934.0
226688,2021-03-17,6.1,6.15,6.2,5.9,1712284.0
226688,2021-08-27,12.15,12.15,12.15,12.15,41694.0
226688,2021-03-19,5.9,5.85,6.0,5.7,1666685.0
226688,2021-09-16,11.95,12.2,12.2,11.65,157863.0
226688,2021-04-15,6.65,6.65,7.2,6.65,309823.0
226688,2021-11-17,11.5,11.65,11.75,11.35,128900.0
226688,2021-05-04,7.2,7.25,7.5,7.0,113808.0
226688,2021-06-17,12.8,12.3,12.85,12.2,370549.0
226688,2022-01-31,13.55,14.35,14.35,13.3,98789.0
226688,2022-02-17,14.35,15.05,15.1,14.15,122262.0
226688,2021-06-18,13.35,13.3,13.4,12.2,893143.0
226688,2022-02-28,12.45,12.35,12.75,11.75,106082.0
226688,2021-01-12,6.8,6.95,7.1,6.65,451469.0
226688,2021-01-25,6.1,6.15,6.25,6.0,66762.0
226688,2021-02-02,6.25,6.05,6.5,5.95,263028.0
226688,2021-03-02,5.95,5.95,5.95,5.95,74006.0
226688,2021-03-04,6.35,6.3,6.4,6.15,200829.0
226688,2021-03-08,6.4,6.6,6.6,6.25,147717.0
226688,2021-04-08,8.05,,8.4,7.75,216185.0
226688,2021-04-29,7.3,7.4,7.65,7.15,113338.0
226688,2021-06-14,11.15,11.15,11.15,10.15,868871.0
226688,2021-07-29,15.15,15.65,16.0,15.0,511719.0
226688,2021-08-03,15.45,15.5,16.25,15.0,316584.0
226688,2021-10-08,13.3,13.7,13.7,12.8,123121.0
226688,2021-10-21,11.35,11.6,11.9,11.25,101030.0
226688,2021-10-27,11.3,11.75,11.75,11.15,79989.0
226688,2022-05-31,10.35,11.3,11.3,10.35,139833.0
226688,2022-06-23,10.0,10.25,10.25,9.7,137953.0
226688,2022-06-29,9.8,10.15,10.15,9.6,33320.0
226688,2022-03-14,12.25,12.5,12.8,12.2,68429.0
226688,2022-03-25,11.45,11.85,12.2,11.3,104922.0
226688,2022-04-12,14.0,14.8,14.8,13.9,97591.0
226688,2022-05-13,10.95,10.85,10.95,10.5,61849.0
226688,2022-05-27,10.6,10.45,10.65,10.1,35243.0
226688,2022-06-15,10.0,10.85,10.85,9.95,55705.0
226688,2022-07-15,10.95,11.45,11.45,10.8,105301.0
226688,2021-06-25,13.15,13.65,13.65,13.15,148191.0
226688,2022-06-20,9.0,9.5,9.8,8.95,69784.0
226688,2021-06-29,12.35,13.0,13.0,12.35,359382.0
226688,2022-07-05,10.35,10.95,10.95,10.25,86837.0
226688,2022-07-08,10.75,11.15,11.15,10.7,18668.0
226688,2021-07-27,14.95,15.25,15.95,14.6,392564.0
226688,2021-08-06,14.45,13.8,14.7,13.8,153424.0
226688,2021-09-20,10.9,11.9,11.9,10.85,167810.0
226688,2021-11-09,11.95,12.15,12.15,11.8,119493.0
226688,2022-03-02,12.3,11.85,12.9,11.85,122172.0
226688,2022-03-23,11.75,12.5,12.5,11.7,128741.0
226688,2022-05-11,11.0,11.2,11.45,10.6,103528.0
226688,2022-06-14,10.4,10.7,11.15,10.35,12078.0
226688,2021-02-12,5.9,5.95,6.05,5.8,161350.0
226688,2021-03-16,5.95,5.7,5.95,5.65,1647453.0
226688,2021-04-22,7.35,7.0,7.35,6.75,155098.0
226688,2021-04-27,7.05,7.25,7.45,6.8,139957.0
226688,2021-06-01,7.4,7.55,7.75,7.3,68425.0
226688,2021-10-28,10.85,11.55,11.75,10.75,209815.0
226688,2021-12-01,12.4,12.3,12.5,12.0,160153.0
226688,2022-01-13,15.15,15.05,15.5,15.0,112364.0
226688,2022-01-19,15.0,14.8,15.35,14.8,96077.0
226688,2022-02-07,14.8,15.8,15.8,14.45,165262.0
226688,2022-04-26,13.7,13.4,13.85,13.35,88232.0
226688,2022-05-20,11.8,12.1,12.1,11.45,14816.0
226688,2022-06-27,9.7,9.75,10.05,9.6,22570.0
226688,2022-07-07,10.9,10.75,11.15,10.65,77535.0
226688,2021-01-08,7.35,7.15,7.35,6.75,627938.0
226688,2021-02-16,5.6,6.0,6.05,5.6,386968.0
226688,2021-04-09,7.65,,8.15,7.65,111984.0
226688,2021-02-11,6.0,5.9,6.1,5.85,145190.0
226688,2021-03-18,5.8,6.15,6.25,5.8,1797726.0
226688,2021-03-25,7.05,6.85,7.05,6.45,5898784.0
226688,2021-05-31,7.6,7.75,7.85,7.3,144860.0
226688,2021-07-07,13.05,13.8,13.9,13.05,267022.0
226688,2021-08-25,11.05,10.55,11.35,10.5,108873.0
226688,2021-08-31,13.1,13.35,13.35,12.5,379228.0
226688,2021-09-29,12.7,13.0,13.1,12.45,140014.0
226688,2021-09-30,13.3,12.6,13.3,12.25,126962.0
226688,2021-10-19,12.0,12.35,12.6,11.75,270198.0
226688,2021-12-09,15.0,15.2,15.45,14.0,588707.0
226688,2021-01-19,6.7,6.5,6.8,6.5,226528.0
226688,2021-03-22,6.15,6.05,6.15,5.95,1670657.0
226688,2021-03-24,6.75,6.75,6.75,6.55,1958409.0
226688,2021-03-31,8.1,8.1,8.1,8.1,154743.0
226688,2021-04-30,7.2,7.45,7.45,6.95,88593.0
226688,2021-05-10,7.2,7.05,7.3,6.7,215539.0
226688,2021-06-09,9.7,9.6,9.7,8.8,904007.0
226688,2021-07-09,12.85,12.8,13.0,12.0,195318.0
226688,2021-08-26,11.6,11.3,11.6,10.8,209884.0
226688,2021-10-14,12.1,12.3,12.45,11.85,136599.0
226688,2021-11-02,11.5,11.75,11.9,11.25,85160.0
226688,2021-11-16,11.45,11.75,11.8,11.25,126235.0
226688,2021-11-23,11.15,11.0,11.25,10.6,67900.0
226688,2021-12-22,15.35,15.0,15.75,14.75,138868.0
226688,2021-12-24,15.25,14.75,15.6,14.4,247552.0
226688,2022-02-01,13.7,13.55,14.2,13.1,170130.0
226688,2021-01-07,7.0,7.0,7.0,7.0,49627.0
226688,2021-01-28,6.2,6.5,6.5,6.1,90915.0
226688,2021-01-29,6.1,6.35,6.35,6.0,155868.0
226688,2021-02-01,6.2,6.25,6.3,5.85,278104.0
226688,2021-02-24,5.55,5.8,5.8,5.45,167020.0
226688,2021-03-01,5.7,5.4,5.7,5.4,119323.0
226688,2021-03-23,6.45,6.25,6.45,6.25,1597360.0
226688,2021-04-13,6.95,6.95,7.35,6.95,53473.0
226688,2021-05-06,7.1,7.1,7.15,6.8,167239.0
226688,2021-05-11,7.2,7.1,7.3,7.0,115897.0
226688,2021-07-01,12.7,12.55,13.1,12.25,228004.0
226688,2021-07-02,13.0,12.85,13.15,12.75,392234.0
226688,2021-08-10,13.2,13.35,14.25,13.2,240947.0
226688,2021-08-16,12.75,13.0,13.4,12.75,143073.0
226688,2021-08-17,12.25,12.5,12.9,12.15,108480.0
226688,2021-09-08,11.55,11.7,11.85,11.05,148483.0
226688,2021-09-09,11.45,11.7,11.95,11.3,106333.0
226688,2021-09-22,11.6,11.35,11.7,11.0,122330.0
226688,2022-01-17,15.3,16.0,16.0,15.15,175828.0
226688,2022-01-27,13.75,13.45,13.9,12.85,124281.0
226688,2022-02-21,13.5,14.25,14.25,13.3,233669.0
226688,2022-02-23,13.45,12.65,13.5,12.65,51024.0
226688,2021-06-03,8.05,7.45,8.05,7.45,175148.0
226688,2021-07-13,13.65,13.1,13.65,13.1,216512.0
226688,2021-07-22,15.2,15.4,16.15,14.9,520598.0
226688,2021-07-28,15.4,14.55,15.6,14.25,215130.0
226688,2021-09-01,13.15,12.55,13.35,12.45,183834.0
226688,2021-10-07,13.35,13.8,13.8,13.15,105075.0
226688,2021-11-08,11.95,12.2,12.75,11.7,237889.0
226688,2021-12-07,15.45,14.85,15.45,14.85,830682.0
226688,2022-01-10,15.9,14.4,15.9,14.4,524419.0
226688,2022-02-10,15.7,16.0,16.0,15.35,177060.0
226688,2022-02-15,14.8,14.8,15.45,14.25,102744.0
226688,2022-02-25,12.35,12.2,13.4,12.2,156720.0
226688,2022-03-28,11.2,11.45,11.7,11.0,182982.0
226688,2022-04-04,12.15,12.0,12.15,11.65,156445.0
226688,2022-04-07,14.2,14.5,14.65,13.85,331136.0
226688,2022-05-12,10.45,11.2,11.2,10.45,132067.0
226688,2022-06-13,10.7,11.0,11.45,10.45,54808.0
226688,2022-06-28,9.95,9.95,10.1,9.4,20280.0
226688,2022-07-11,11.1,10.75,11.15,10.4,46820.0
226688,2022-07-19,11.35,11.2,11.6,10.95,69399.0
226688,2021-05-05,7.0,7.4,7.4,6.9,168079.0
226688,2021-05-20,6.9,6.85,7.1,6.65,120449.0
226688,2021-06-08,9.25,9.25,9.25,9.25,114630.0
226688,2021-06-16,12.25,12.25,12.25,11.7,555931.0
226688,2021-06-21,13.0,13.4,13.5,12.7,403026.0
226688,2021-07-14,14.3,14.3,14.3,14.0,447659.0
226688,2021-07-19,16.45,15.5,16.45,15.1,472542.0
226688,2021-08-04,14.95,15.1,16.2,14.8,533554.0
226688,2021-08-05,14.5,14.95,15.25,14.25,238253.0
226688,2021-08-09,13.85,14.5,14.85,13.8,175910.0
226688,2021-08-13,13.4,12.95,13.65,12.95,115008.0
226688,2021-08-20,12.1,12.7,12.7,12.1,53863.0
226688,2021-09-07,11.35,11.9,12.1,11.25,322589.0
226688,2021-09-13,11.65,11.6,11.8,11.1,102770.0
226688,2021-09-15,11.85,12.1,12.35,11.65,85334.0
226688,2021-10-18,12.05,12.2,12.55,11.95,257289.0
226688,2021-10-22,11.05,10.85,11.65,10.85,163377.0
226688,2021-11-12,11.8,12.0,12.4,11.6,248140.0
226688,2021-11-29,11.55,11.6,12.4,11.5,359498.0
226688,2022-01-14,15.85,15.0,15.9,14.9,270490.0
226688,2022-01-20,14.8,15.55,15.65,14.55,103051.0
226688,2022-02-02,13.75,13.6,14.1,13.25,322975.0
226688,2022-03-17,12.25,12.55,12.85,12.2,82291.0
226688,2022-04-20,13.65,13.55,14.0,13.2,74484.0
226688,2022-04-25,13.65,13.65,13.8,13.35,128703.0
226688,2022-06-02,9.95,10.0,10.35,9.6,105471.0
226688,2022-07-04,10.6,10.0,10.6,9.85,106957.0
226688,2021-12-14,18.3,17.5,19.25,17.35,1512252.0
226688,2021-12-23,15.05,15.75,15.75,14.6,168870.0
226688,2022-01-03,16.2,15.75,16.2,15.05,246815.0
226688,2022-01-18,15.1,15.7,15.8,14.85,247439.0
226688,2022-01-24,14.05,14.55,14.7,14.05,239871.0
226688,2022-02-04,15.1,14.75,15.1,14.1,247026.0
226688,2022-03-07,11.85,12.55,12.55,11.8,152228.0
226688,2022-05-25,10.65,10.95,11.15,10.6,29949.0
226688,2022-07-18,11.1,10.75,11.45,10.75,57305.0
226688,2022-02-11,15.7,15.7,16.0,15.1,240164.0
226688,2022-03-22,12.05,12.65,12.65,11.9,83569.0
226688,2022-04-05,12.75,12.45,12.75,12.35,96283.0
226688,2022-05-02,12.65,12.5,12.9,12.15,40408.0
226688,2022-05-04,12.05,12.8,12.8,12.05,115873.0
226688,2022-05-09,11.0,11.2,11.4,11.0,15925.0
226688,2022-05-23,11.7,11.8,11.95,11.5,31782.0
226688,2022-06-16,9.55,9.95,10.45,9.5,60606.0
226688,2022-06-30,9.7,9.8,10.05,9.6,26939.0
226688,2021-01-04,6.5,6.45,6.5,6.1,782116.0
226688,2021-02-18,5.75,5.8,5.85,5.5,393318.0
226688,2021-02-19,5.65,5.9,5.9,5.65,115378.0
226688,2021-03-09,6.3,6.4,6.45,6.25,166259.0
226688,2021-03-30,7.75,7.75,7.75,7.75,482648.0
226688,2021-07-08,12.4,13.35,13.35,12.4,298287.0
226688,2021-09-03,12.25,12.9,12.9,12.2,134928.0
226688,2021-09-14,12.0,11.25,12.2,11.25,173915.0
226688,2021-10-11,12.75,13.45,13.8,12.65,211184.0
226688,2021-11-03,12.0,11.85,12.05,11.4,300625.0
226688,2021-11-11,12.15,12.35,12.7,12.05,162745.0
226688,2021-12-10,15.95,15.3,16.45,14.8,627478.0
226688,2021-12-28,16.45,16.0,16.45,16.0,178615.0
226688,2021-12-30,15.7,15.9,16.4,15.65,119798.0
226688,2022-01-11,15.3,16.0,16.0,15.15,414750.0
226688,2022-01-21,14.75,15.0,15.2,14.5,122327.0
226688,2022-02-16,14.75,14.5,15.0,14.25,58064.0
226688,2022-05-05,11.55,12.3,12.3,11.45,40885.0
226688,2022-05-06,11.2,11.55,11.6,11.0,86468.0
226688,2021-02-22,5.55,5.6,5.8,5.5,99753.0
226688,2021-03-26,7.4,7.4,7.4,7.4,1637793.0
226688,2021-04-05,8.9,8.9,8.9,8.1,1711874.0
226688,2021-05-18,6.9,7.2,7.25,6.85,264967.0
226688,2021-06-11,10.65,10.65,10.65,10.65,130169.0
226688,2021-07-06,13.7,13.65,14.25,13.5,340462.0
226688,2021-07-12,13.0,12.6,13.4,12.55,329761.0
226688,2021-07-20,15.65,17.0,17.15,15.65,657350.0
226688,2021-08-24,10.95,10.95,11.25,10.95,161860.0
226688,2021-09-21,11.2,10.95,11.35,10.5,169140.0
226688,2021-09-23,12.15,11.25,12.15,11.1,240155.0
226688,2021-09-24,12.75,12.75,12.75,12.4,223425.0
226688,2021-10-25,11.1,11.45,11.6,10.5,204815.0
226688,2021-11-04,12.25,12.15,12.55,11.6,93045.0
226688,2021-11-18,11.25,11.65,11.65,11.05,89519.0
226688,2021-12-02,13.0,12.9,13.0,12.4,460519.0
226688,2021-12-03,13.65,13.4,13.65,13.2,332034.0
226688,2021-12-08,14.65,15.1,15.45,14.1,708263.0
226688,2022-01-04,16.45,16.9,17.0,16.0,301428.0
226688,2022-03-21,12.25,12.5,12.8,12.05,96585.0
226688,2022-04-01,11.6,11.4,11.7,10.9,125921.0
226688,2022-02-24,12.8,12.8,12.8,12.8,67231.0
226688,2022-03-04,12.4,12.0,12.5,12.0,112747.0
226688,2022-04-06,13.35,13.05,13.35,12.5,137592.0
226688,2022-04-11,14.6,14.25,15.05,14.15,129687.0
226688,2022-04-19,13.55,13.85,14.15,13.25,148267.0
226688,2022-04-29,12.55,12.95,12.95,12.5,59904.0
226688,2022-05-10,11.15,11.3,11.4,10.7,33346.0
226688,2022-05-30,10.85,10.85,11.0,10.6,54584.0
226688,2022-06-07,10.1,9.65,10.2,9.65,45562.0
226688,2022-06-24,9.75,10.15,10.2,9.65,69091.0
226688,2021-01-06,6.7,6.5,6.7,6.4,429008.0
226688,2021-01-15,6.5,6.35,6.65,6.35,165930.0
226688,2021-01-21,6.4,6.45,6.65,6.4,99652.0
226688,2021-02-10,5.95,6.1,6.15,5.95,111579.0
226688,2021-02-26,5.45,5.6,5.7,5.45,372963.0
226688,2021-03-03,6.2,6.2,6.2,6.1,240130.0
226688,2021-04-20,7.0,7.2,7.3,7.0,63881.0
226688,2021-04-23,7.25,7.35,7.7,7.05,94631.0
226688,2021-07-30,14.95,15.0,15.45,14.8,268356.0
226688,2021-08-11,12.55,13.0,13.2,12.55,131300.0
226688,2021-01-13,6.5,6.65,6.9,6.5,385741.0
226688,2021-01-18,6.5,6.6,6.75,6.25,312567.0
226688,2021-02-15,5.85,5.9,6.15,5.8,283309.0
226688,2021-02-23,5.6,5.5,5.7,5.45,108495.0
226688,2021-03-12,5.9,6.25,6.35,5.9,521642.0
226688,2021-04-01,8.5,8.5,8.5,8.5,76004.0
226688,2021-04-06,8.55,9.0,9.3,8.5,1562320.0
226688,2021-04-16,6.95,6.95,6.95,6.35,126965.0
226688,2021-01-22,6.15,6.55,6.55,6.1,132678.0
226688,2021-01-27,6.25,6.1,6.35,5.9,121140.0
226688,2021-04-12,7.3,7.45,7.45,7.3,58962.0
226688,2021-04-26,7.15,7.0,7.35,7.0,84282.0
226688,2021-04-28,7.4,7.05,7.4,7.0,205151.0
226688,2021-05-19,6.85,7.1,7.15,6.8,61317.0
226688,2021-05-21,6.95,7.05,7.05,6.85,80147.0
226688,2021-09-06,11.8,12.25,12.5,11.65,179993.0
226688,2021-09-27,12.6,12.8,13.0,12.15,168472.0
226688,2021-10-06,13.3,13.9,14.1,13.15,287521.0
226688,2021-10-20,11.8,11.8,12.15,11.4,260732.0
226688,2021-11-22,10.75,11.5,11.5,10.7,273045.0
226688,2021-11-25,12.25,12.25,12.25,12.25,110925.0
226688,2022-01-12,15.2,15.0,15.65,15.0,215668.0
226688,2021-01-01,6.2,5.95,6.2,5.95,95543.0
226688,2021-02-03,6.2,6.45,6.45,6.2,164426.0
226688,2021-02-25,5.7,5.55,5.7,5.5,199124.0
226688,2021-03-10,6.2,6.4,6.4,6.05,190715.0
226688,2021-05-17,7.05,7.05,7.2,7.0,51854.0
226688,2021-05-27,7.6,7.6,7.6,7.6,113585.0
226688,2021-06-07,8.85,8.85,8.85,8.85,63022.0
226688,2021-06-10,10.15,10.15,10.15,10.15,95583.0
226688,2021-06-28,12.95,12.55,13.75,12.55,488347.0
226688,2021-07-05,13.6,13.3,13.65,13.0,623269.0
226688,2021-07-26,15.25,14.95,15.35,14.25,348673.0
226688,2021-08-18,12.7,12.1,12.8,12.05,186656.0
226688,2021-09-28,12.95,12.6,13.05,12.35,97243.0
226688,2021-12-15,18.35,19.0,19.45,17.05,558849.0
226688,2022-01-05,15.7,16.35,16.35,15.65,314193.0
226688,2022-03-08,11.75,11.65,12.3,11.5,100982.0
226688,2022-03-09,12.25,11.95,12.3,11.6,182936.0
226688,2022-04-08,14.4,14.95,15.0,14.0,173107.0
226688,2022-06-01,9.95,10.45,10.55,9.85,88575.0
226688,2022-06-03,10.0,9.7,10.4,9.7,129510.0
226688,2022-06-09,10.5,10.2,10.5,10.0,44322.0
226688,2022-07-12,10.8,11.2,11.2,10.8,45473.0
226688,2022-04-18,13.95,14.3,14.4,13.3,137386.0
226688,2022-05-17,11.75,11.75,11.8,11.25,46836.0
226688,2022-06-08,10.0,10.1,10.3,9.75,54844.0
226688,2022-07-06,10.65,10.35,10.85,10.0,57069.0
226688,2022-07-14,11.35,11.1,11.35,10.65,84271.0
226688,2021-08-12,13.05,11.95,13.15,11.95,307111.0
226688,2021-08-30,12.75,12.75,12.75,12.75,22507.0
226688,2021-09-17,11.4,11.9,11.95,11.4,198204.0
226688,2021-10-04,13.85,13.25,13.9,13.25,347602.0
226688,2021-10-29,10.9,10.8,11.2,10.5,116125.0
226688,2021-11-15,11.55,12.0,12.0,11.5,136034.0
226688,2021-11-24,11.7,11.55,11.7,11.0,112730.0
226688,2021-11-26,12.1,12.85,12.85,11.75,338287.0
226688,2021-12-20,16.0,16.0,16.5,16.0,92829.0
226688,2022-01-06,15.45,15.9,15.9,14.95,251634.0
226688,2022-01-07,15.15,15.7,15.75,15.0,184602.0
226688,2022-01-25,13.45,14.0,14.25,13.35,268253.0
226688,2022-01-28,13.8,14.1,14.3,13.75,135504.0
226688,2022-03-03,12.1,12.55,12.65,11.9,234378.0
226688,2022-03-24,11.85,11.95,12.2,11.6,113459.0
226688,2022-04-13,14.35,13.95,14.5,13.95,118360.0
226688,2022-05-16,11.25,11.3,11.45,10.75,48935.0
226688,2022-05-24,11.15,11.95,11.95,11.15,56757.0
226688,2022-05-26,10.15,10.7,10.9,10.15,141209.0
226688,2022-06-10,11.0,10.9,11.0,10.5,125884.0
226688,2022-07-01,10.1,9.95,10.15,9.55,35843.0
226688,2022-07-13,10.85,10.55,11.25,10.55,52005.0
226688,2021-05-03,7.15,7.05,7.3,6.85,117221.0
226688,2021-05-14,7.05,7.35,7.45,6.9,124304.0
226688,2021-06-02,7.7,7.3,7.75,7.15,120818.0
226688,2021-06-04,8.45,8.4,8.45,8.1,189284.0
226688,2021-06-15,11.7,11.7,11.7,10.7,626244.0
226688,2021-06-22,13.45,13.6,13.6,12.4,863028.0
226688,2021-06-30,12.65,11.8,12.95,11.8,335171.0
226688,2021-07-16,15.7,15.75,15.75,15.4,328797.0
226688,2021-11-01,11.4,10.65,11.4,10.65,112369.0
226688,2021-12-13,17.5,16.5,17.5,16.15,628608.0
226688,2022-02-08,15.5,15.0,15.5,15.0,283548.0
226688,2022-02-09,16.1,16.2,16.25,15.35,417534.0
226688,2022-02-22,12.9,13.4,13.4,12.85,210338.0
226688,2022-03-10,12.85,12.55,12.85,12.5,101144.0
226688,2022-03-16,12.25,12.6,12.65,12.2,116205.0
226688,2022-06-06,9.95,10.2,10.2,9.6,80641.0
226688,2022-02-18,14.0,14.35,14.65,14.0,33808.0
226688,2022-03-11,12.7,12.85,13.25,12.5,47564.0
226688,2022-04-27,13.5,13.65,13.8,13.35,62959.0
226688,2022-06-17,9.4,9.1,9.55,9.1,14891.0
226688,2022-08-01,11.2,11.4,11.5,10.95,65195.0
226688,2022-08-05,10.35,10.8,11.35,10.2,142072.0
226688,2022-07-27,11.3,11.65,11.65,11.05,47948.0
226688,2022-08-11,11.05,11.3,11.6,10.15,246058.0
226688,2022-08-17,11.05,11.4,11.4,11.0,102894.0
226688,2022-09-12,15.85,15.85,16.2,14.9,902479.0
226688,2022-07-20,11.65,11.2,11.7,11.2,103849.0
226688,2022-08-04,10.75,11.0,11.3,10.6,72540.0
226688,2022-08-18,11.05,11.2,11.25,10.95,166022.0
226688,2022-11-04,13.4,13.2,13.4,12.8,191277.0
226688,2022-11-10,14.8,14.9,15.1,14.1,257399.0
226688,2022-11-15,13.9,13.55,14.2,13.25,143692.0
226688,2022-11-23,12.8,12.2,12.8,12.0,87284.0
226688,2022-11-24,13.4,12.95,13.4,12.65,81859.0
226688,2022-12-28,12.6,12.6,12.8,12.05,73618.0
226688,2023-01-16,13.2,13.2,13.2,13.0,73491.0
226688,2023-01-31,11.75,11.8,11.95,11.5,100655.0
226688,2023-02-06,12.05,12.15,12.55,11.75,108101.0
226688,2023-02-22,14.05,14.05,14.05,13.7,651240.0
226688,2023-03-02,13.8,13.95,14.1,13.3,174817.0
226688,2023-03-08,13.5,13.8,13.9,13.35,124194.0
226688,2023-06-08,21.8,20.8,21.85,20.75,874546.0
226688,2023-07-28,32.35,31.3,34.4,31.1,2017999.0
226688,2023-07-31,32.9,33.0,33.9,32.45,496010.0
226688,2022-07-25,11.55,11.3,11.7,11.3,27979.0
226688,2022-08-29,15.65,15.15,15.65,14.65,625972.0
226688,2022-09-09,15.5,15.6,15.8,15.5,565166.0
226688,2022-09-05,17.2,17.2,17.2,16.1,1689239.0
226688,2022-10-04,13.0,12.95,13.15,12.75,58737.0
226688,2022-09-19,14.95,14.7,15.4,14.1,169019.0
226688,2022-10-27,12.45,12.3,12.55,11.85,89701.0
226688,2022-09-23,14.15,14.85,14.9,14.15,140869.0
226688,2022-11-17,13.5,13.5,13.95,13.4,122565.0
226688,2022-09-26,13.45,14.1,14.15,13.45,178111.0
226688,2022-12-12,13.7,14.15,14.3,13.6,89738.0
226688,2022-10-07,12.7,13.25,13.25,12.5,117296.0
226688,2023-01-17,13.4,13.4,13.7,13.3,322737.0
226688,2022-10-11,11.95,12.7,12.7,11.85,103309.0
226688,2023-01-19,13.15,13.85,13.85,13.05,85429.0
226688,2022-12-09,13.85,14.05,14.4,13.6,131416.0
226688,2023-03-09,13.4,13.75,13.75,13.3,137895.0
226688,2022-12-27,12.2,12.95,12.95,12.0,173702.0
226688,2023-03-10,13.25,13.35,13.8,13.05,97396.0
226688,2023-02-01,12.0,12.0,12.3,11.9,96357.0
226688,2023-02-08,11.6,12.05,12.45,11.15,240787.0
226688,2023-03-17,12.85,13.05,13.45,12.7,130313.0
226688,2023-03-31,11.95,12.45,12.75,11.8,316535.0
226688,2023-04-27,17.45,17.75,18.2,16.5,797053.0
226688,2023-03-14,13.55,12.8,14.0,12.65,218121.0
226688,2023-05-05,18.5,18.5,19.0,18.25,397055.0
226688,2023-04-11,15.25,14.95,16.15,14.55,918959.0
226688,2023-06-09,22.85,21.8,22.85,21.75,992116.0
226688,2023-06-12,23.95,23.8,23.95,22.85,378502.0
226688,2023-07-13,26.3,26.65,28.35,25.95,1147835.0
226688,2023-06-27,23.75,24.6,25.1,23.2,434531.0
226688,2023-07-19,28.8,28.55,29.1,27.1,745711.0
226688,2023-08-02,30.8,31.2,32.4,29.0,930200.0
226688,2023-08-07,32.7,31.95,33.1,30.7,739212.0
226688,2022-08-23,11.3,10.45,11.3,10.1,375691.0
226688,2022-11-01,12.4,12.6,12.6,12.25,42287.0
226688,2022-11-25,13.15,13.4,13.75,12.8,98909.0
226688,2022-11-28,13.15,13.65,13.65,12.9,65924.0
226688,2022-12-08,14.15,14.05,14.55,13.85,127335.0
226688,2023-01-13,12.6,12.0,12.6,11.85,101111.0
226688,2023-02-28,13.45,12.65,13.6,12.3,483177.0
226688,2023-03-01,13.9,13.15,14.25,13.15,290884.0
226688,2023-03-28,11.5,12.2,12.25,11.15,268372.0
226688,2023-04-13,15.7,16.05,16.05,15.25,313787.0
226688,2023-05-02,20.4,17.0,20.55,17.0,4061855.0
226688,2023-08-11,34.55,35.7,36.55,33.15,1178364.0
226688,2022-11-18,13.0,13.75,13.75,12.9,241571.0
226688,2022-07-21,11.45,11.85,11.85,11.1,108634.0
226688,2023-01-02,13.05,13.5,13.7,12.95,226963.0
226688,2022-07-26,11.3,11.8,11.8,11.1,75175.0
226688,2022-09-16,14.7,15.05,15.45,14.55,281967.0
226688,2023-01-18,13.6,13.65,13.9,13.35,120584.0
226688,2022-09-21,15.2,15.4,16.25,15.1,246248.0
226688,2023-03-23,12.45,12.3,13.1,12.3,129540.0
226688,2022-10-20,12.6,12.5,12.95,12.25,24877.0
226688,2023-04-21,15.0,15.1,15.65,14.3,246774.0
226688,2022-12-22,12.7,13.7,13.7,12.55,128916.0
226688,2023-05-18,18.6,18.7,19.2,18.35,226176.0
226688,2023-01-03,13.1,13.3,13.3,12.85,68985.0
226688,2023-05-23,17.95,18.15,18.35,17.65,160312.0
226688,2023-01-12,12.0,12.1,12.15,11.9,86085.0
226688,2023-05-24,17.8,18.25,18.25,17.6,164935.0
226688,2023-01-24,12.1,12.7,12.7,11.85,354400.0
226688,2023-05-31,18.65,18.2,18.65,18.05,112959.0
226688,2023-07-21,32.65,29.7,32.75,29.55,1853714.0
226688,2023-01-30,11.7,11.85,12.1,11.55,98528.0
226688,2023-08-03,29.95,30.75,31.25,29.05,554838.0
226688,2023-08-14,35.0,35.0,36.05,33.1,798626.0
226688,2023-02-16,11.6,12.55,12.55,11.5,193607.0
226688,2023-03-16,13.05,13.15,13.4,12.8,137387.0
226688,2023-04-05,13.1,12.35,13.2,12.1,292534.0
226688,2023-04-12,15.6,15.7,15.85,15.2,256340.0
226688,2023-04-17,15.4,15.7,15.85,15.0,286778.0
226688,2023-05-30,17.8,18.25,18.35,17.65,153889.0
226688,2023-07-20,29.8,29.15,31.4,28.75,1559785.0
226688,2023-08-10,35.7,37.4,37.4,35.4,1054398.0
226688,2022-10-25,12.3,12.7,12.75,12.05,41865.0
226688,2022-11-30,13.0,12.9,13.2,12.65,123897.0
226688,2023-01-09,12.35,12.65,12.65,12.05,84135.0
226688,2023-01-11,12.05,12.3,12.45,12.0,93751.0
226688,2023-02-02,12.25,12.2,12.4,11.75,106447.0
226688,2023-02-21,12.8,13.15,13.25,12.7,104410.0
226688,2023-03-13,12.8,13.1,13.4,12.55,144019.0
226688,2023-04-19,15.5,15.45,15.9,15.25,360385.0
226688,2023-05-04,19.1,19.85,19.85,18.8,625257.0
226688,2023-05-22,17.95,17.8,18.55,17.75,157539.0
226688,2023-05-26,17.95,17.65,18.3,17.25,267157.0
226688,2023-06-13,25.1,25.1,25.1,25.1,203799.0
226688,2023-07-14,27.35,26.65,27.6,26.5,510019.0
226688,2023-08-04,31.4,30.1,31.55,29.85,571475.0
226688,2023-08-21,36.4,37.9,37.9,35.5,893789.0
226688,2022-08-24,12.4,11.7,12.4,11.7,251544.0
226688,2022-10-28,12.3,12.7,12.75,12.15,35300.0
226688,2022-11-09,14.75,14.75,14.75,14.75,115005.0
226688,2023-01-06,12.45,12.45,12.9,12.4,72636.0
226688,2023-01-25,12.15,12.35,12.4,11.7,242910.0
226688,2023-02-03,12.15,12.2,12.4,11.75,124512.0
226688,2023-03-06,13.75,13.7,14.45,13.65,226422.0
226688,2023-05-17,18.5,19.15,19.2,18.2,258119.0
226688,2023-06-07,20.85,22.75,22.75,20.75,1147443.0
226688,2023-07-05,25.3,25.5,25.5,24.75,261119.0
226688,2022-08-22,10.3,10.95,11.0,10.1,175671.0
226688,2022-09-06,18.05,17.9,18.05,17.05,1609501.0
226688,2022-09-27,13.05,13.95,13.95,12.95,245194.0
226688,2022-09-30,12.65,13.35,13.35,12.6,215472.0
226688,2022-10-03,12.7,12.9,12.95,12.45,111347.0
226688,2022-10-10,12.45,12.9,12.9,12.35,98696.0
226688,2022-10-19,12.55,12.9,13.15,12.5,63865.0
226688,2023-01-20,12.6,13.55,13.55,12.55,116013.0
226688,2023-02-15,12.1,12.6,12.6,12.0,64349.0
226688,2023-03-03,13.85,13.5,14.95,13.5,404880.0
226688,2023-03-29,11.95,11.75,12.25,11.05,226249.0
226688,2023-06-06,21.85,22.0,22.5,21.1,832608.0
226688,2023-06-30,23.65,23.85,24.5,23.55,435253.0
226688,2023-07-07,24.1,24.95,24.95,23.1,490280.0
226688,2023-07-12,26.65,28.4,29.2,26.4,2743738.0
226688,2023-07-24,32.0,33.3,34.8,31.75,1198089.0
226688,2022-08-12,10.9,11.3,11.3,10.8,65239.0
226688,2022-07-29,11.25,11.25,11.5,11.05,45258.0
226688,2022-08-03,11.0,11.05,11.2,10.8,73842.0
226688,2022-07-22,11.4,11.3,11.7,11.3,62507.0
226688,2022-10-12,12.1,12.0,12.25,11.5,89320.0
226688,2022-10-17,13.05,12.95,13.15,12.65,71435.0
226688,2022-11-02,12.4,12.4,12.7,12.15,56011.0
226688,2022-11-16,13.9,13.75,14.15,13.25,108271.0
226688,2022-12-13,13.95,13.95,14.15,13.75,173223.0
226688,2022-12-20,13.85,13.9,13.9,13.5,164151.0
226688,2023-01-10,12.05,12.35,12.65,11.95,151157.0
226688,2023-01-23,12.45,12.5,12.85,12.3,132071.0
226688,2023-02-10,12.1,12.6,12.65,11.6,104268.0
226688,2023-03-15,13.15,13.6,13.9,12.95,162716.0
226688,2023-04-10,14.5,13.7,14.8,13.7,379674.0
226688,2023-04-18,15.3,15.75,15.75,15.2,53250.0
226688,2023-05-09,18.5,18.7,19.65,18.05,298008.0
226688,2023-05-10,18.65,18.7,18.95,17.9,355574.0
226688,2023-05-29,18.15,18.4,18.75,18.0,129619.0
226688,2023-06-19,23.05,23.05,23.05,23.05,17790.0
226688,2023-06-26,24.55,25.2,25.95,24.35,402069.0
226688,2023-07-17,30.05,27.4,30.05,26.7,1841538.0
226688,2023-07-18,28.35,30.0,30.0,27.4,1051732.0
226688,2023-07-27,31.3,31.85,32.6,31.0,656047.0
226688,2023-08-17,34.0,34.6,35.6,33.75,708141.0
226688,2023-08-23,36.85,35.85,37.6,35.85,403343.0
226688,2022-08-02,10.95,11.1,11.35,10.8,70331.0
226688,2022-08-30,14.95,16.4,16.4,14.9,2354183.0
226688,2022-09-02,16.4,16.4,16.4,16.4,93336.0
226688,2022-09-29,13.25,13.95,13.95,13.0,156417.0
226688,2022-10-06,13.0,13.4,13.4,12.9,110804.0
226688,2022-10-24,12.4,12.6,12.6,12.3,12309.0
226688,2022-11-07,14.05,13.8,14.05,13.7,329802.0
226688,2022-11-11,14.55,15.35,15.45,14.4,265922.0
226688,2022-12-05,13.95,13.45,13.95,13.05,163920.0
226688,2022-12-19,13.7,13.85,14.45,13.5,115374.0
226688,2022-12-23,12.1,12.9,12.9,12.1,184116.0
226688,2023-01-05,12.45,12.5,12.65,12.25,177405.0
226688,2023-02-07,11.95,12.05,12.5,11.8,99231.0
226688,2023-02-27,12.4,12.6,12.85,12.2,163246.0
226688,2023-03-22,12.3,12.4,12.75,12.25,143013.0
226688,2023-04-26,17.55,15.7,18.4,15.7,1911237.0
226688,2023-05-03,19.75,19.9,21.3,19.2,2238917.0
226688,2023-07-04,24.8,24.15,25.2,23.55,567245.0
226688,2023-07-25,32.45,32.35,33.3,31.0,512949.0
226688,2022-08-10,10.8,10.8,10.8,10.5,352367.0
226688,2022-08-08,9.85,10.35,10.6,9.8,128541.0
226688,2022-09-22,14.85,14.8,15.45,14.75,154903.0
226688,2022-10-13,12.45,11.65,12.55,11.65,92215.0
226688,2022-12-14,14.6,14.05,14.6,14.0,345859.0
226688,2023-02-17,12.75,11.9,12.75,11.9,512151.0
226688,2023-05-08,18.85,18.5,19.4,18.5,544384.0
226688,2023-05-11,18.9,18.65,19.0,18.5,165674.0
226688,2023-05-15,19.3,19.2,19.5,18.75,381989.0
226688,2023-05-16,19.15,19.3,19.7,18.75,288340.0
226688,2023-05-25,17.45,17.9,18.0,17.2,137773.0
226688,2023-06-01,19.55,19.55,19.55,19.55,176344.0
226688,2023-06-02,20.5,20.5,20.5,20.5,154686.0
226688,2023-06-22,25.4,27.3,28.0,25.0,1073941.0
226688,2023-06-23,25.2,25.4,26.4,24.75,924829.0
226688,2023-07-03,23.25,23.85,23.85,22.95,370443.0
226688,2023-07-26,31.45,32.95,33.2,31.35,537649.0
226688,2023-08-16,34.3,35.8,36.05,33.4,722722.0
226688,2023-08-22,36.2,36.8,36.95,35.2,785879.0
226688,2022-07-28,11.25,11.1,11.7,11.1,101747.0
226688,2022-08-25,13.6,13.6,13.6,13.6,194142.0
226688,2022-08-26,14.95,14.95,14.95,13.1,792383.0
226688,2022-09-08,16.3,17.2,17.45,16.3,455041.0
226688,2022-10-14,13.05,12.65,13.05,12.25,174493.0
226688,2022-10-21,12.2,12.85,12.9,12.1,31371.0
226688,2022-11-14,13.85,15.2,15.2,13.85,186415.0
226688,2022-11-21,12.45,13.35,13.35,12.35,168550.0
226688,2022-11-29,12.75,13.3,13.3,12.65,95716.0
226688,2022-12-15,14.55,14.7,15.0,14.2,209592.0
226688,2023-02-14,12.2,12.85,12.95,12.05,76646.0
226688,2023-04-06,13.7,13.05,14.4,13.05,1081894.0
226688,2023-05-19,18.2,18.8,18.8,18.05,210420.0
226688,2023-08-01,31.3,33.3,33.95,31.0,774032.0
226688,2022-09-28,13.65,13.05,13.7,12.9,59585.0
226688,2022-11-22,12.2,12.65,12.7,12.1,83241.0
226688,2022-12-01,13.1,13.55,13.55,12.9,220973.0
226688,2022-12-21,13.2,14.25,14.4,13.2,240234.0
226688,2022-12-29,12.9,12.2,13.2,12.2,147213.0
226688,2023-01-27,11.85,12.15,12.2,11.65,140342.0
226688,2023-02-09,12.35,11.6,12.5,11.5,180709.0
226688,2023-03-21,12.4,12.7,12.85,12.15,182298.0
226688,2023-05-12,19.1,18.9,19.3,18.6,314528.0
226688,2023-06-05,21.45,21.5,21.5,20.6,1963223.0
226688,2023-06-28,23.8,23.85,24.7,23.55,325584.0
226688,2023-07-10,24.15,24.7,24.7,23.1,364543.0
226688,2023-07-11,26.55,24.15,26.55,24.0,1597102.0
226688,2023-08-09,36.8,37.6,39.5,36.0,3486432.0
226688,2022-09-01,15.65,15.3,15.65,15.0,846679.0
226688,2022-09-07,17.15,17.75,17.8,17.15,1471874.0
226688,2022-09-20,15.5,15.0,15.65,15.0,194966.0
226688,2022-12-02,13.3,13.4,13.5,12.75,87885.0
226688,2022-12-16,13.85,14.2,14.75,13.85,158708.0
226688,2022-12-26,12.6,12.35,12.6,12.0,73013.0
226688,2022-12-30,13.05,13.4,13.5,12.8,152261.0
226688,2023-01-04,12.45,13.1,13.3,12.45,325992.0
226688,2023-03-24,12.25,12.7,12.7,12.2,188189.0
226688,2023-04-20,15.25,15.8,15.85,15.15,181227.0
226688,2023-04-24,14.45,15.0,15.25,14.4,174972.0
226688,2023-07-06,24.85,25.3,25.3,24.45,285632.0
226688,2023-08-08,35.95,35.95,35.95,34.6,2759964.0
226688,2023-08-18,35.7,34.3,36.75,34.15,1299219.0
226688,2022-08-16,11.15,10.8,11.35,10.8,128863.0
226688,2022-08-19,10.85,11.05,11.25,10.7,280901.0
226688,2022-10-18,13.1,13.35,13.35,12.65,52762.0
226688,2022-10-31,12.25,12.55,12.65,12.05,94000.0
226688,2022-11-03,12.8,12.4,12.85,12.15,44804.0
226688,2023-02-13,12.2,11.9,12.65,11.9,59178.0
226688,2023-02-20,12.7,12.9,13.25,12.15,379055.0
226688,2023-02-23,13.45,14.65,14.65,12.95,402979.0
226688,2023-02-24,12.75,13.75,14.05,12.4,395464.0
226688,2023-03-20,12.35,13.15,13.15,12.25,272062.0
226688,2023-03-27,12.15,12.7,12.7,12.0,126828.0
226688,2023-04-03,12.35,12.0,12.5,11.85,146710.0
226688,2023-04-25,15.7,14.55,15.8,14.35,554524.0
226688,2023-04-28,17.15,17.45,18.0,16.85,755087.0
