stockid,date,close,open,high,low,volume
258069,2021-02-08,234.65,244.4,245.35,232.5,779377.0
258069,2021-03-02,224.2,224.7,227.5,223.0,355215.0
258069,2021-01-06,204.8,196.0,213.45,195.25,3642268.0
258069,2021-01-15,220.3,216.0,221.25,214.25,1230396.0
258069,2021-01-05,194.9,192.5,195.8,190.0,503986.0
258069,2021-01-21,235.8,219.45,241.15,219.0,5696438.0
258069,2021-01-29,230.8,223.45,234.75,223.1,1196068.0
258069,2021-02-03,241.75,243.7,255.0,230.0,4450112.0
258069,2021-02-12,225.0,229.7,232.3,223.25,500219.0
258069,2021-02-22,228.65,234.9,236.25,225.55,708805.0
258069,2021-03-26,230.35,235.0,236.3,229.3,225727.0
258069,2021-04-29,223.65,225.9,227.4,222.35,282789.0
258069,2021-01-14,215.75,213.2,223.2,213.05,1073619.0
258069,2021-02-02,240.95,231.3,244.8,231.3,1532324.0
258069,2021-03-12,229.75,227.0,231.0,227.0,844415.0
258069,2021-03-30,246.3,234.0,249.8,233.95,1966644.0
258069,2021-04-16,235.45,236.0,238.9,233.15,614272.0
258069,2021-05-12,223.35,224.6,225.0,222.5,154319.0
258069,2021-05-18,225.65,222.6,228.4,221.5,1084361.0
258069,2021-01-08,214.55,216.7,220.4,211.05,926773.0
258069,2021-03-25,233.15,238.0,238.0,228.6,617147.0
258069,2021-04-07,240.9,248.5,248.5,238.85,508236.0
258069,2021-04-19,227.85,232.6,233.0,224.25,1274015.0
258069,2021-01-11,215.9,215.0,218.65,208.6,943255.0
258069,2021-01-12,211.05,211.8,215.65,210.0,341617.0
258069,2021-01-13,215.4,213.45,218.5,208.2,995585.0
258069,2021-01-18,215.2,220.05,225.0,212.15,1131797.0
258069,2021-01-22,231.85,238.0,242.0,229.65,1556651.0
258069,2021-02-05,241.1,253.0,253.7,239.0,998632.0
258069,2021-03-15,233.8,232.0,234.9,229.0,895269.0
258069,2021-03-31,252.35,245.8,255.0,242.25,2184653.0
258069,2021-04-01,247.55,253.0,262.0,242.3,1852199.0
258069,2021-04-26,223.85,223.4,226.3,223.4,236334.0
258069,2021-05-17,221.4,222.85,223.3,220.05,330419.0
258069,2021-01-04,193.7,188.0,194.4,187.5,838218.0
258069,2021-02-11,229.65,225.75,230.75,224.7,423755.0
258069,2021-02-25,230.8,231.7,235.95,230.0,516188.0
258069,2021-04-09,240.5,242.0,243.75,240.0,312046.0
258069,2021-04-27,225.8,225.0,226.45,223.5,129942.0
258069,2021-04-28,225.9,227.9,229.8,225.15,201933.0
258069,2021-02-01,230.85,233.5,233.5,223.1,487050.0
258069,2021-02-19,234.1,229.0,236.9,226.15,1294533.0
258069,2021-02-24,230.85,234.4,234.4,222.35,207405.0
258069,2021-04-12,231.6,238.85,238.85,221.15,787198.0
258069,2021-04-15,233.0,233.0,233.95,229.85,279344.0
258069,2021-04-23,224.6,224.5,227.25,223.0,271350.0
258069,2021-05-19,233.8,226.95,236.5,224.3,1869495.0
258069,2021-01-20,216.95,217.45,221.0,216.0,516905.0
258069,2021-02-17,227.1,224.85,234.45,221.0,2897431.0
258069,2021-02-23,232.4,230.5,236.5,228.0,1008907.0
258069,2021-03-01,222.15,226.9,229.15,220.6,693140.0
258069,2021-04-20,226.65,228.0,231.05,225.1,340671.0
258069,2021-01-07,216.15,206.45,218.9,206.45,3001349.0
258069,2021-01-25,234.65,233.05,239.4,216.85,2118237.0
258069,2021-01-27,226.25,232.5,233.8,223.1,831902.0
258069,2021-02-04,252.15,239.85,253.9,239.0,1874074.0
258069,2021-03-10,226.7,227.1,227.8,223.3,374927.0
258069,2021-03-22,233.8,230.9,236.0,228.8,476582.0
258069,2021-04-06,245.55,250.0,251.45,244.0,444526.0
258069,2021-01-01,187.25,187.9,188.25,186.25,192276.0
258069,2021-02-26,225.1,229.0,230.85,221.1,675002.0
258069,2021-03-17,237.15,240.0,243.0,235.0,932420.0
258069,2021-04-05,250.15,249.1,252.0,238.1,854954.0
258069,2021-04-22,222.8,226.65,227.8,220.3,419801.0
258069,2021-02-16,220.7,223.55,226.65,219.0,864627.0
258069,2021-03-18,231.9,238.4,242.0,229.75,845987.0
258069,2021-05-03,223.35,223.45,224.9,220.85,171528.0
258069,2021-05-10,224.8,223.0,226.75,222.45,675335.0
258069,2021-03-05,225.15,219.1,228.75,218.0,1855725.0
258069,2021-03-08,223.65,227.0,230.5,221.65,573601.0
258069,2021-03-16,238.7,236.0,241.2,235.0,1001009.0
258069,2021-03-24,236.3,234.0,239.4,230.5,961686.0
258069,2021-05-04,223.8,226.85,230.0,219.0,552473.0
258069,2021-02-09,229.0,234.7,237.65,228.15,579248.0
258069,2021-03-03,223.1,226.9,227.25,221.5,516508.0
258069,2021-03-04,218.35,222.0,222.6,217.55,1511538.0
258069,2021-03-09,225.55,224.6,227.4,223.45,619334.0
258069,2021-04-08,242.3,242.8,250.8,241.1,2853030.0
258069,2021-05-20,242.45,235.05,244.9,235.05,2641429.0
258069,2021-05-06,224.25,227.9,230.0,223.2,411160.0
258069,2021-05-07,223.0,225.4,226.2,222.0,1008440.0
258069,2021-02-18,229.0,227.1,231.7,224.15,753309.0
258069,2021-03-19,229.1,231.7,233.0,224.0,1001429.0
258069,2021-04-30,223.1,223.5,225.8,222.0,339067.0
258069,2021-05-05,226.65,224.8,228.6,222.5,332969.0
258069,2021-05-11,223.05,222.7,227.8,221.95,391972.0
258069,2021-05-14,221.75,224.3,224.6,221.1,373317.0
258069,2021-01-19,215.95,216.15,220.6,215.1,408392.0
258069,2021-01-28,223.05,223.8,227.7,219.45,771657.0
258069,2021-02-10,224.7,229.0,232.85,222.25,496531.0
258069,2021-02-15,223.35,227.7,229.0,222.2,1020093.0
258069,2021-03-23,234.15,236.0,237.35,232.35,455231.0
258069,2021-04-13,232.9,231.5,235.35,229.0,604873.0
258069,2021-06-25,270.5,274.0,274.0,268.0,527634.0
258069,2021-06-03,259.7,266.95,268.2,258.35,1934082.0
258069,2021-05-25,240.25,241.4,249.8,238.05,1429841.0
258069,2021-06-02,265.85,267.05,270.05,264.0,1877112.0
258069,2021-05-24,238.5,239.25,245.0,236.25,681588.0
258069,2021-10-04,262.5,259.7,274.8,259.7,2241274.0
258069,2021-10-12,265.7,260.9,269.95,260.8,712111.0
258069,2021-11-29,232.15,228.0,236.4,224.0,462733.0
258069,2022-01-27,214.85,216.0,217.0,213.05,386826.0
258069,2022-02-04,214.75,216.1,216.75,214.4,135113.0
258069,2022-02-07,222.65,220.0,224.55,217.6,902150.0
258069,2022-02-08,218.0,225.45,225.5,217.0,360555.0
258069,2022-03-17,220.0,218.55,220.95,218.0,336398.0
258069,2022-03-23,214.75,213.9,219.0,212.15,1703895.0
258069,2022-03-25,218.0,218.0,219.75,216.25,356485.0
258069,2022-04-07,222.55,221.95,224.65,220.4,450560.0
258069,2022-05-06,206.85,208.0,210.4,205.3,139553.0
258069,2022-05-30,234.5,230.4,237.1,227.35,3141307.0
258069,2022-06-23,218.65,213.85,223.35,212.05,191955.0
258069,2022-07-25,232.0,227.9,233.95,225.85,342767.0
258069,2022-07-26,230.15,233.0,233.8,229.1,139177.0
258069,2022-09-13,239.8,240.95,243.3,238.9,270376.0
258069,2022-09-26,233.7,248.35,248.35,229.0,394749.0
258069,2022-11-16,259.35,261.45,262.0,257.0,177901.0
258069,2022-11-24,250.05,249.65,252.85,249.35,77844.0
258069,2022-12-13,260.95,263.5,265.0,255.0,455713.0
258069,2023-02-02,248.55,246.35,250.0,229.05,557940.0
258069,2023-02-03,246.05,245.2,247.95,238.35,446943.0
258069,2023-02-06,243.35,247.25,247.25,241.05,287876.0
258069,2023-03-31,250.05,246.2,252.3,246.2,132239.0
258069,2023-05-02,250.3,254.3,256.3,249.0,400314.0
258069,2023-05-18,253.6,253.8,255.25,251.05,89249.0
258069,2023-05-25,248.5,249.05,250.25,248.0,36736.0
258069,2023-06-01,252.35,252.4,255.0,251.9,79513.0
258069,2023-06-12,254.75,256.9,258.8,254.0,71949.0
258069,2023-07-12,291.05,291.9,294.0,288.55,233982.0
258069,2023-07-21,283.8,287.5,289.0,282.95,135962.0
258069,2023-07-24,284.35,284.0,287.0,281.05,224374.0
258069,2023-08-22,307.5,309.55,313.7,307.05,228857.0
258069,2021-06-28,268.5,272.25,275.5,265.7,766357.0
258069,2021-07-20,249.9,257.65,259.0,248.5,965573.0
258069,2021-10-05,260.6,262.95,266.65,257.6,892211.0
258069,2021-12-08,240.25,236.95,240.9,234.0,226099.0
258069,2021-12-22,225.25,226.4,227.45,222.3,323023.0
258069,2021-12-27,221.95,223.9,224.0,221.6,266572.0
258069,2022-01-05,222.95,224.9,225.35,222.2,206874.0
258069,2022-01-07,219.75,224.65,224.65,219.0,811565.0
258069,2022-01-18,223.0,226.15,226.85,222.15,898552.0
258069,2022-05-27,230.45,232.8,234.0,226.1,278496.0
258069,2022-06-10,230.45,232.0,237.3,228.3,800652.0
258069,2022-06-13,218.05,227.0,227.0,216.05,310169.0
258069,2022-06-15,215.5,214.0,217.95,210.15,304886.0
258069,2022-06-20,209.15,210.15,212.0,204.0,215241.0
258069,2022-07-07,218.85,222.4,224.3,218.15,146546.0
258069,2022-07-13,225.85,223.5,228.75,220.0,252676.0
258069,2022-07-19,224.85,222.0,226.25,221.7,274200.0
258069,2022-09-01,229.1,228.0,231.5,225.2,232807.0
258069,2022-10-21,252.65,254.4,254.4,249.5,248676.0
258069,2022-11-04,255.0,259.0,259.95,252.55,191132.0
258069,2022-12-23,260.7,262.8,265.9,257.0,517908.0
258069,2023-01-11,252.85,258.6,258.6,252.15,117848.0
258069,2023-01-13,258.25,260.0,260.75,256.1,140434.0
258069,2023-01-20,251.95,254.6,254.65,251.05,42125.0
258069,2023-02-13,247.1,248.95,249.4,245.85,36837.0
258069,2023-02-20,246.1,250.0,250.9,242.6,267654.0
258069,2023-03-17,245.8,243.7,247.45,242.3,62042.0
258069,2023-03-23,248.55,248.0,249.3,246.25,71144.0
258069,2023-04-17,259.0,256.3,260.0,253.0,145314.0
258069,2023-05-29,249.85,250.45,252.5,249.15,66019.0
258069,2023-06-08,258.9,253.9,260.8,252.5,409766.0
258069,2023-07-11,290.5,291.2,292.2,286.25,211722.0
258069,2021-06-21,263.95,261.0,264.95,258.1,609300.0
258069,2021-08-11,235.25,237.5,240.5,230.3,653395.0
258069,2021-08-18,248.1,242.0,249.8,240.1,1277494.0
258069,2021-09-08,261.75,265.0,265.5,260.2,893961.0
258069,2021-09-13,260.6,261.85,264.8,260.0,501250.0
258069,2021-09-17,259.6,255.95,261.0,255.95,2475523.0
258069,2021-09-20,254.25,254.6,262.0,249.1,1548642.0
258069,2021-10-26,247.95,242.7,249.3,241.6,361609.0
258069,2021-10-27,249.95,249.4,251.8,246.8,179575.0
258069,2021-11-15,253.5,253.0,255.1,250.15,199589.0
258069,2021-12-23,224.25,228.7,228.7,223.6,145658.0
258069,2022-01-03,223.8,223.25,224.5,222.0,198569.0
258069,2022-01-04,224.35,225.7,225.7,223.4,172864.0
258069,2022-02-01,216.9,217.6,219.75,216.2,284942.0
258069,2022-02-09,219.5,219.6,220.0,217.5,197639.0
258069,2022-03-15,219.15,218.15,222.0,217.5,294396.0
258069,2022-04-05,223.0,224.9,227.8,221.0,482764.0
258069,2022-04-21,219.35,217.35,222.7,217.1,368241.0
258069,2022-04-26,211.4,215.05,216.4,209.95,368773.0
258069,2022-05-02,209.4,210.0,210.0,207.1,81110.0
258069,2022-07-01,218.45,224.2,226.75,217.1,212688.0
258069,2022-08-03,235.9,243.0,244.7,234.7,266182.0
258069,2022-08-12,249.55,240.0,252.0,239.4,793819.0
258069,2022-08-16,246.35,248.0,250.0,245.0,277465.0
258069,2022-08-25,234.0,231.0,238.4,231.0,207535.0
258069,2022-08-30,227.15,232.0,234.0,226.0,588069.0
258069,2022-09-19,240.5,239.9,244.0,235.85,696699.0
258069,2022-09-29,235.25,232.4,238.7,231.2,516522.0
258069,2022-10-31,256.0,253.0,256.7,251.4,783532.0
258069,2022-12-14,269.8,263.75,270.9,259.95,1163541.0
258069,2023-01-05,262.4,261.0,263.8,260.2,230061.0
258069,2023-01-24,251.35,250.1,255.0,250.1,53176.0
258069,2023-02-09,245.85,248.15,248.6,245.0,70581.0
258069,2023-02-14,242.1,247.6,247.95,241.0,100049.0
258069,2023-03-09,245.95,248.0,249.05,245.15,50087.0
258069,2023-03-14,247.2,248.0,248.0,240.1,84464.0
258069,2023-03-22,249.05,249.6,249.9,246.6,57423.0
258069,2023-03-24,248.05,247.9,248.8,244.6,73619.0
258069,2023-05-09,249.0,245.05,249.55,245.05,118936.0
258069,2023-05-30,249.75,250.95,254.0,242.0,614515.0
258069,2023-06-06,253.2,254.45,254.45,249.5,126660.0
258069,2023-06-07,253.05,254.5,254.5,252.5,77668.0
258069,2023-06-13,255.3,253.6,257.65,252.5,231846.0
258069,2023-08-08,285.9,288.45,289.1,282.6,130915.0
258069,2023-08-17,312.35,311.7,319.95,308.15,1705954.0
258069,2021-06-14,268.95,269.5,269.9,262.1,1168838.0
258069,2021-07-05,261.95,267.0,267.85,261.0,760310.0
258069,2021-08-31,243.45,243.9,245.05,238.7,844062.0
258069,2021-09-09,261.85,261.75,263.95,261.0,462342.0
258069,2021-09-27,256.95,257.55,258.95,253.0,237544.0
258069,2021-10-13,263.3,270.0,270.0,262.0,561987.0
258069,2021-10-28,261.2,250.8,263.95,242.0,1904089.0
258069,2021-12-24,222.7,226.0,227.0,222.15,111574.0
258069,2022-03-03,206.8,201.9,208.4,200.1,286706.0
258069,2022-03-16,218.4,220.5,221.8,217.0,153307.0
258069,2022-04-12,219.95,223.95,223.95,219.1,587650.0
258069,2022-04-19,217.45,218.0,223.0,215.45,823059.0
258069,2022-04-25,214.4,215.0,215.15,211.35,339435.0
258069,2022-05-09,204.55,207.2,210.35,203.0,254388.0
258069,2022-05-12,203.55,205.5,205.5,199.2,207730.0
258069,2022-06-08,231.1,234.0,234.3,228.9,163872.0
258069,2022-06-17,210.25,212.2,212.2,207.05,275382.0
258069,2022-07-15,225.8,225.1,229.0,221.55,181179.0
258069,2022-11-21,254.9,255.1,256.9,253.0,76403.0
258069,2023-03-03,248.05,246.5,248.9,245.45,82171.0
258069,2023-07-04,283.55,288.0,289.55,280.3,204216.0
258069,2023-07-20,288.8,288.0,292.7,287.35,109665.0
258069,2023-08-04,284.65,281.7,285.25,281.3,78276.0
258069,2023-08-16,311.15,308.9,312.8,303.05,633442.0
258069,2021-06-30,265.15,268.45,268.9,264.0,490949.0
258069,2021-07-14,258.45,261.4,261.4,258.0,284633.0
258069,2021-08-04,247.9,249.2,250.45,246.95,1854989.0
258069,2021-08-09,243.0,250.5,251.0,241.25,658851.0
258069,2021-08-25,238.7,238.5,241.6,237.75,143672.0
258069,2021-08-27,240.35,239.0,241.0,237.1,370017.0
258069,2021-09-22,254.7,254.0,256.75,252.0,280880.0
258069,2021-10-08,264.4,267.0,267.0,262.3,431174.0
258069,2021-11-24,249.3,235.0,252.0,235.0,1192187.0
258069,2021-12-01,242.05,248.0,249.0,238.55,411222.0
258069,2021-12-07,235.85,234.0,236.65,232.65,311889.0
258069,2021-12-15,232.3,235.1,236.7,231.2,655467.0
258069,2021-12-17,227.65,231.7,231.9,226.65,218225.0
258069,2022-01-10,221.85,220.85,222.9,220.15,224380.0
258069,2022-01-11,220.55,221.1,224.0,220.1,415504.0
258069,2022-01-24,216.5,222.6,222.6,215.1,415330.0
258069,2022-06-14,214.25,217.0,219.15,212.75,171285.0
258069,2022-06-29,221.0,214.9,224.7,213.55,173942.0
258069,2022-07-04,222.8,217.9,227.0,217.25,189690.0
258069,2022-08-17,247.15,247.6,253.4,244.9,449313.0
258069,2022-10-11,249.9,251.2,251.2,247.05,327630.0
258069,2022-10-18,246.75,249.5,250.95,243.6,439426.0
258069,2022-10-24,251.8,251.2,255.0,250.25,70287.0
258069,2022-10-25,259.3,252.95,261.75,248.15,455896.0
258069,2022-11-14,261.05,266.05,267.3,257.1,196295.0
258069,2022-11-22,251.25,253.5,255.9,250.15,78996.0
258069,2022-11-23,249.65,252.0,253.0,248.75,72209.0
258069,2022-12-01,253.45,254.15,255.2,249.2,172931.0
258069,2022-12-19,271.25,272.45,274.9,269.2,602465.0
258069,2022-12-28,265.35,261.0,267.5,260.3,192489.0
258069,2023-01-06,259.4,262.7,262.9,258.5,188616.0
258069,2023-02-07,246.0,245.1,247.95,241.7,266068.0
258069,2023-02-08,247.65,247.0,249.5,245.15,175360.0
258069,2023-04-11,255.0,251.75,255.9,251.0,139810.0
258069,2023-04-13,256.0,256.0,256.5,253.35,96530.0
258069,2023-04-24,259.0,257.95,259.6,255.2,80275.0
258069,2023-04-25,258.0,259.2,259.2,256.2,134010.0
258069,2023-04-26,254.45,258.0,258.45,253.3,143433.0
258069,2023-05-11,249.5,249.95,251.0,247.6,80637.0
258069,2023-06-14,253.4,255.8,256.05,252.65,81427.0
258069,2023-06-28,284.5,285.2,290.85,280.1,955362.0
258069,2023-07-17,289.8,283.0,290.2,283.0,196659.0
258069,2023-07-18,286.3,288.0,295.05,285.0,269353.0
258069,2023-07-25,280.8,285.5,286.5,278.4,241487.0
258069,2023-08-03,280.9,285.1,285.95,280.0,101214.0
258069,2021-06-18,264.55,257.0,266.75,251.25,1443468.0
258069,2021-09-23,258.25,256.5,260.65,255.45,624752.0
258069,2021-10-29,256.9,255.0,262.0,251.0,756107.0
258069,2021-11-23,233.9,234.0,237.0,222.0,1376671.0
258069,2021-11-30,244.75,233.3,247.35,233.25,778637.0
258069,2022-01-12,223.5,221.75,224.2,220.4,452311.0
258069,2022-02-02,217.5,217.95,219.8,212.0,668013.0
258069,2022-04-04,222.95,219.75,225.55,219.75,810895.0
258069,2022-04-13,218.9,220.4,222.65,218.0,596195.0
258069,2022-05-11,206.85,200.0,209.7,195.15,336685.0
258069,2022-05-17,215.0,212.5,217.45,209.65,191926.0
258069,2022-05-25,224.9,221.0,226.8,217.5,325145.0
258069,2022-07-14,225.05,226.0,228.0,222.4,165036.0
258069,2022-08-04,238.05,237.1,239.9,235.4,485351.0
258069,2022-08-11,238.15,241.0,241.3,236.0,107230.0
258069,2022-08-24,235.55,232.0,238.4,232.0,106928.0
258069,2022-08-29,229.0,230.0,232.15,226.0,458054.0
258069,2022-09-02,243.95,231.95,249.0,228.2,705069.0
258069,2022-09-06,244.15,237.65,244.95,235.3,389342.0
258069,2022-09-21,251.45,244.9,254.55,241.5,984336.0
258069,2022-10-13,250.95,248.7,254.9,246.25,627464.0
258069,2022-12-02,252.4,254.0,255.7,252.0,78720.0
258069,2022-12-09,260.0,253.5,269.0,248.2,1631021.0
258069,2022-12-22,267.7,270.95,270.95,261.1,331085.0
258069,2023-01-09,258.6,259.95,262.0,258.0,70426.0
258069,2023-01-23,252.85,251.15,254.4,250.5,90053.0
258069,2023-01-27,245.3,251.05,252.0,241.3,109887.0
258069,2023-01-30,247.05,246.0,248.65,242.1,130339.0
258069,2023-03-13,247.45,245.5,248.9,245.1,77389.0
258069,2023-04-05,252.6,253.0,254.8,251.0,55723.0
258069,2023-05-15,249.2,250.0,252.4,247.6,83017.0
258069,2023-05-26,250.15,248.5,251.0,247.0,98937.0
258069,2023-08-01,282.85,283.65,284.9,282.45,69182.0
258069,2023-08-21,307.7,306.8,312.65,306.15,298068.0
258069,2021-05-21,237.8,246.0,246.5,236.55,893635.0
258069,2021-05-26,248.9,242.0,252.5,240.6,2864701.0
258069,2021-05-28,269.85,266.35,274.9,262.0,3105831.0
258069,2021-05-31,278.95,285.0,285.0,276.05,6402699.0
258069,2021-07-09,257.95,258.85,260.3,257.05,428129.0
258069,2021-08-06,249.05,250.0,255.1,248.2,1643091.0
258069,2021-10-22,248.8,255.65,255.65,245.15,495997.0
258069,2021-11-08,260.2,260.75,263.5,257.6,355704.0
258069,2021-12-02,238.05,242.9,242.9,234.5,345693.0
258069,2022-01-13,227.45,224.65,228.75,224.05,1073046.0
258069,2022-01-19,220.8,222.0,223.15,217.5,430526.0
258069,2022-02-28,195.1,191.45,200.0,188.0,367062.0
258069,2022-03-07,204.95,205.0,206.45,200.8,286808.0
258069,2022-04-11,224.4,222.65,225.5,222.65,485925.0
258069,2022-05-10,200.6,204.0,207.35,200.15,228307.0
258069,2022-05-16,213.4,205.0,215.25,202.25,209278.0
258069,2022-05-20,224.9,229.95,231.4,222.3,1188611.0
258069,2022-06-03,233.95,234.55,237.5,233.1,111808.0
258069,2022-08-02,240.5,233.15,247.0,230.2,1554774.0
258069,2022-08-08,239.05,236.0,241.9,234.8,237846.0
258069,2022-10-17,248.9,243.1,252.0,243.1,229182.0
258069,2022-11-03,258.1,260.0,264.85,255.1,914586.0
258069,2022-11-07,259.0,257.6,260.1,255.15,168319.0
258069,2022-11-11,264.7,255.95,268.3,254.5,969606.0
258069,2022-12-26,261.2,257.55,264.4,257.3,182438.0
258069,2023-01-02,266.05,262.9,268.0,260.55,327769.0
258069,2023-01-04,260.0,262.0,264.0,258.35,88805.0
258069,2023-02-22,241.4,249.8,252.15,237.3,740421.0
258069,2023-03-01,248.6,247.2,249.5,245.25,115496.0
258069,2023-03-08,248.55,248.15,248.9,246.7,52867.0
258069,2023-03-15,244.0,249.5,249.5,243.1,50431.0
258069,2023-03-21,248.35,248.2,249.5,245.3,98551.0
258069,2023-04-18,258.45,259.0,259.0,255.1,88776.0
258069,2023-05-03,246.2,248.9,252.0,243.3,231421.0
258069,2023-05-04,249.2,247.45,251.0,246.1,119647.0
258069,2023-05-23,250.3,249.0,251.25,249.0,33263.0
258069,2023-05-24,249.05,250.5,251.0,246.0,88962.0
258069,2023-06-20,256.9,257.75,258.45,252.95,248454.0
258069,2023-06-23,265.05,266.0,267.35,260.0,161177.0
258069,2023-08-09,315.35,286.75,335.0,284.0,7224409.0
258069,2021-06-04,260.45,260.95,264.5,258.3,2218788.0
258069,2021-06-09,262.05,267.0,269.9,259.25,1103192.0
258069,2021-06-17,255.75,267.0,267.25,253.0,2565299.0
258069,2021-06-24,272.3,273.2,276.85,270.3,1348688.0
258069,2021-06-29,266.75,269.8,270.5,263.45,749053.0
258069,2021-07-15,259.45,257.5,260.95,257.25,290735.0
258069,2021-07-23,250.3,252.0,256.8,249.25,1392642.0
258069,2021-07-27,251.7,254.75,257.0,250.75,1474394.0
258069,2021-08-17,240.0,232.0,242.5,231.25,443627.0
258069,2021-09-06,254.25,250.1,258.65,250.1,1385826.0
258069,2021-09-15,252.85,259.0,263.9,250.7,2060627.0
258069,2021-11-18,249.75,254.0,254.0,245.0,307569.0
258069,2021-12-13,236.65,239.5,239.75,235.65,185792.0
258069,2021-12-20,223.65,228.0,228.25,221.0,267093.0
258069,2022-01-31,215.65,216.35,217.9,215.0,255095.0
258069,2022-02-03,215.0,215.5,216.9,214.35,209724.0
258069,2022-02-15,214.55,214.0,218.0,207.15,452882.0
258069,2022-02-23,196.85,199.95,205.0,196.0,301649.0
258069,2022-04-01,219.25,216.0,220.65,215.5,350220.0
258069,2022-06-22,212.8,211.1,215.9,207.1,190562.0
258069,2022-08-23,232.2,228.75,234.85,224.95,161427.0
258069,2022-10-12,251.0,248.8,252.75,244.05,219335.0
258069,2022-11-18,255.8,257.35,261.5,253.05,100562.0
258069,2022-11-30,252.9,252.3,255.0,251.5,120999.0
258069,2022-12-16,268.75,266.25,272.6,262.0,518800.0
258069,2023-01-03,261.95,266.4,267.0,260.9,143778.0
258069,2023-02-16,248.2,245.9,249.5,245.5,93201.0
258069,2023-03-27,245.0,246.0,246.15,242.95,73095.0
258069,2023-05-10,249.55,249.85,250.35,247.1,68139.0
258069,2023-06-02,252.35,253.0,254.5,251.5,115993.0
258069,2023-06-05,253.15,253.75,254.7,251.25,138061.0
258069,2023-06-21,263.1,260.0,266.45,256.8,663574.0
258069,2023-07-03,287.2,284.0,288.2,277.3,459765.0
258069,2021-05-27,262.7,253.0,265.95,252.15,7299295.0
258069,2021-07-06,260.85,263.7,263.7,259.1,481023.0
258069,2021-06-01,266.3,279.95,281.75,264.45,2973441.0
258069,2021-07-22,250.0,254.9,259.8,249.05,1745859.0
258069,2021-08-10,240.5,243.0,243.9,238.35,683521.0
258069,2021-08-23,240.35,242.3,243.25,232.3,1823283.0
258069,2021-08-26,239.25,237.2,241.2,237.2,355303.0
258069,2021-09-01,250.85,244.9,252.0,242.0,753491.0
258069,2021-09-07,263.85,257.8,265.55,255.55,3415129.0
258069,2021-09-14,259.0,261.7,264.15,256.05,503751.0
258069,2021-10-06,259.3,261.4,262.5,250.2,1149617.0
258069,2021-11-01,258.9,257.95,260.0,252.6,436671.0
258069,2021-11-10,255.05,260.0,262.0,251.35,421036.0
258069,2022-01-28,215.2,215.85,217.0,214.45,329586.0
258069,2022-02-11,216.8,218.85,218.9,216.1,181182.0
258069,2022-02-14,208.8,214.8,216.6,206.05,317225.0
258069,2022-03-14,215.5,215.0,217.0,211.3,264476.0
258069,2022-03-28,214.15,218.0,218.3,213.15,269091.0
258069,2022-06-30,225.2,220.45,228.0,217.4,251570.0
258069,2022-07-05,219.65,220.7,223.55,219.1,80007.0
258069,2022-07-18,222.2,226.95,227.5,221.6,152327.0
258069,2022-09-09,239.3,242.95,244.8,238.0,130713.0
258069,2022-09-30,242.85,232.8,245.7,232.2,383073.0
258069,2023-02-10,248.9,245.5,249.9,244.0,85625.0
258069,2023-02-17,249.7,248.3,250.5,246.5,131942.0
258069,2023-03-28,241.15,243.0,246.3,237.5,86308.0
258069,2023-04-28,254.8,256.0,256.0,253.1,87197.0
258069,2023-07-13,285.35,292.0,292.55,279.85,287067.0
258069,2023-07-26,281.2,280.95,285.95,280.2,162126.0
258069,2023-08-10,308.4,311.0,314.9,303.2,1682044.0
258069,2023-08-23,309.4,308.65,311.8,308.3,56829.0
258069,2021-06-11,266.5,267.0,270.5,264.3,1273774.0
258069,2021-07-07,258.45,260.85,262.9,257.9,361770.0
258069,2021-07-29,248.75,249.5,253.5,247.7,411187.0
258069,2021-09-21,252.95,257.0,257.0,249.3,429852.0
258069,2021-10-25,242.7,249.9,249.9,241.05,261233.0
258069,2021-11-12,253.0,252.2,254.0,250.0,180747.0
258069,2021-11-16,253.7,254.45,254.5,251.1,288868.0
258069,2021-11-22,236.75,249.9,250.7,232.1,599994.0
258069,2021-12-29,222.25,225.0,226.5,222.0,174607.0
258069,2022-01-06,220.85,223.2,223.2,220.4,240290.0
258069,2022-01-14,226.7,228.0,228.0,226.0,312860.0
258069,2022-01-21,221.45,220.9,224.2,220.0,306866.0
258069,2022-02-18,210.65,211.0,213.2,209.25,275615.0
258069,2022-03-24,217.95,217.85,223.55,217.25,977872.0
258069,2022-04-22,216.9,218.0,221.05,216.0,337518.0
258069,2022-05-19,224.25,218.9,228.5,212.0,1832748.0
258069,2022-06-28,215.65,218.4,221.85,215.2,391677.0
258069,2022-07-22,227.0,225.0,227.45,223.5,282647.0
258069,2022-08-05,235.5,238.5,240.8,234.7,164197.0
258069,2022-08-18,245.85,247.95,250.4,244.2,130187.0
258069,2022-09-08,242.15,245.6,246.1,241.0,115411.0
258069,2022-09-16,235.25,242.0,242.0,233.0,444586.0
258069,2022-09-20,242.95,242.85,254.95,241.25,1127296.0
258069,2022-10-07,250.5,244.6,254.0,242.05,641061.0
258069,2022-10-19,254.45,248.0,258.0,246.3,906588.0
258069,2022-11-17,257.45,258.0,261.9,255.95,86842.0
258069,2022-11-25,251.95,250.0,254.8,249.85,103406.0
258069,2023-02-21,250.85,246.15,258.8,245.0,499038.0
258069,2023-02-23,241.9,242.25,244.95,240.0,124368.0
258069,2023-04-03,253.85,251.4,255.55,250.1,130756.0
258069,2023-04-19,259.3,258.45,261.35,256.15,100678.0
258069,2023-06-15,252.25,253.45,254.25,251.5,66861.0
258069,2023-06-16,254.75,252.25,255.5,250.9,117640.0
258069,2023-07-07,287.45,283.95,290.0,283.55,1142979.0
258069,2023-07-10,289.9,291.9,296.95,287.45,668412.0
258069,2023-07-31,283.65,287.0,287.5,282.6,207534.0
258069,2023-08-02,285.55,282.85,286.9,276.25,236376.0
258069,2021-06-22,263.55,262.0,265.45,262.0,575242.0
258069,2021-08-24,240.35,239.1,242.55,235.2,604486.0
258069,2021-08-30,241.65,240.4,245.4,239.5,788613.0
258069,2021-12-03,236.4,238.05,238.9,234.4,602584.0
258069,2022-01-17,225.1,226.95,227.9,223.2,364895.0
258069,2022-02-24,183.15,196.4,196.4,181.0,1201534.0
258069,2022-05-05,211.4,207.0,212.8,206.35,188077.0
258069,2022-05-23,224.15,225.85,228.5,221.6,1104775.0
258069,2022-06-24,218.2,218.95,219.6,216.0,130918.0
258069,2022-09-05,236.9,247.9,248.0,235.05,391564.0
258069,2022-09-12,239.75,241.6,247.95,238.95,550396.0
258069,2022-10-14,244.4,252.3,255.0,240.55,264734.0
258069,2022-10-27,253.1,258.5,258.5,243.1,1094736.0
258069,2022-12-15,264.95,266.5,273.0,262.35,455882.0
258069,2023-01-10,257.55,259.7,261.0,257.05,58075.0
258069,2023-01-12,256.75,253.85,258.0,250.3,160065.0
258069,2023-01-25,250.7,251.3,254.5,248.7,47432.0
258069,2023-01-31,246.75,246.1,249.0,244.7,81892.0
258069,2023-02-28,245.95,242.05,247.0,240.4,151613.0
258069,2023-05-12,250.0,247.1,250.6,247.05,69387.0
258069,2023-05-22,249.0,250.5,252.0,248.5,42408.0
258069,2023-06-22,264.2,264.5,272.5,261.95,827682.0
258069,2023-06-27,284.35,275.7,288.25,275.5,2013038.0
258069,2023-07-19,288.45,287.8,293.05,286.15,253929.0
258069,2023-07-27,280.1,282.5,283.0,279.0,147876.0
258069,2023-07-28,286.1,281.05,287.5,281.0,222301.0
258069,2021-06-08,267.25,263.55,268.6,263.55,993313.0
258069,2021-07-02,264.9,260.9,266.0,259.0,504530.0
258069,2021-07-28,247.7,252.0,252.5,246.25,661263.0
258069,2021-08-02,246.8,250.9,253.5,246.15,1556627.0
258069,2021-08-20,240.35,242.6,246.5,237.05,637097.0
258069,2021-10-11,261.35,264.95,266.25,260.0,319941.0
258069,2021-10-19,256.85,262.95,264.25,256.3,652360.0
258069,2021-11-02,260.0,259.2,261.15,257.75,375396.0
258069,2021-12-14,235.0,239.1,240.0,234.4,458604.0
258069,2021-12-28,224.1,224.9,227.7,222.45,352099.0
258069,2021-12-31,221.65,220.5,222.5,220.5,291871.0
258069,2022-01-25,217.8,216.5,219.0,210.7,536878.0
258069,2022-02-21,206.25,209.5,210.8,202.45,284743.0
258069,2022-04-20,216.3,218.8,220.9,215.15,527679.0
258069,2022-06-01,234.45,233.95,238.75,233.05,400898.0
258069,2022-06-02,234.1,235.35,236.7,233.3,201759.0
258069,2022-07-20,230.65,225.75,232.95,224.5,316055.0
258069,2022-07-21,224.1,231.4,232.0,222.55,277855.0
258069,2022-07-28,224.3,225.7,228.75,224.0,199256.0
258069,2022-08-26,234.5,236.0,237.85,232.95,79584.0
258069,2022-09-15,239.25,244.75,246.0,235.8,250674.0
258069,2022-09-23,248.35,249.8,250.9,247.0,379087.0
258069,2022-10-04,244.2,243.5,245.5,242.25,221299.0
258069,2022-11-09,261.9,259.0,262.55,257.3,360602.0
258069,2022-11-29,251.35,255.0,259.0,251.0,301638.0
258069,2022-12-06,249.35,252.0,254.9,248.5,152660.0
258069,2023-01-19,253.65,250.0,257.0,248.5,154403.0
258069,2023-02-01,246.35,246.95,249.9,244.0,61512.0
258069,2023-02-24,243.6,242.1,249.5,242.1,249745.0
258069,2023-02-27,241.1,244.6,244.6,240.45,87961.0
258069,2023-03-06,249.0,246.65,249.85,246.6,98070.0
258069,2023-03-10,247.15,245.65,248.0,243.8,40318.0
258069,2023-04-06,251.45,251.2,254.7,250.4,59175.0
258069,2023-04-20,259.35,259.0,261.4,256.5,74731.0
258069,2023-06-19,256.8,255.4,258.35,252.2,210171.0
258069,2023-07-05,281.15,284.4,284.4,277.35,196565.0
258069,2023-08-14,307.8,305.45,309.95,296.0,966008.0
258069,2021-06-07,265.4,264.0,269.75,262.75,3264468.0
258069,2021-06-10,265.35,264.15,267.8,261.35,620379.0
258069,2021-07-08,258.85,259.45,261.0,257.65,309409.0
258069,2021-07-19,256.1,262.85,265.4,255.2,1982942.0
258069,2021-08-13,236.5,237.4,237.4,235.15,973947.0
258069,2021-08-16,234.0,237.0,237.0,231.5,252022.0
258069,2021-09-03,250.1,242.45,252.0,241.4,1214476.0
258069,2021-10-07,264.6,260.0,266.9,258.0,885167.0
258069,2021-12-10,238.2,243.9,243.9,235.5,182865.0
258069,2022-03-10,215.05,207.05,216.4,207.05,472406.0
258069,2022-03-21,215.3,219.0,220.2,214.4,186851.0
258069,2022-03-30,217.55,215.0,220.0,214.8,886026.0
258069,2022-03-31,215.8,218.9,219.85,215.0,262291.0
258069,2022-04-06,221.85,222.7,225.8,221.05,396804.0
258069,2022-06-27,221.95,219.45,227.1,217.05,532055.0
258069,2022-07-12,221.45,224.1,230.2,220.7,199778.0
258069,2022-09-14,241.8,238.6,244.85,237.0,265233.0
258069,2022-10-06,244.95,245.0,245.5,242.9,299446.0
258069,2022-10-28,253.0,249.1,255.45,247.3,437117.0
258069,2022-12-29,263.35,265.0,265.0,262.1,68726.0
258069,2022-12-30,261.4,263.35,266.9,259.8,202598.0
258069,2023-01-16,255.3,258.55,259.05,255.0,45575.0
258069,2023-01-17,252.35,256.2,256.45,251.1,64623.0
258069,2023-01-18,251.1,253.7,254.05,248.25,231776.0
258069,2023-03-02,246.1,248.75,248.75,243.5,81246.0
258069,2023-04-10,251.75,250.05,254.0,250.0,51609.0
258069,2023-04-12,255.4,255.0,257.5,253.2,84326.0
258069,2023-05-08,245.0,249.5,250.9,243.35,190497.0
258069,2023-05-17,254.0,254.9,255.75,252.25,133779.0
258069,2023-05-19,251.35,251.9,253.9,249.45,63591.0
258069,2023-07-14,283.55,285.35,288.3,282.0,114131.0
258069,2021-07-01,258.9,265.15,265.15,257.5,1506945.0
258069,2021-08-12,237.45,233.55,238.85,233.55,313049.0
258069,2021-09-24,257.55,259.7,259.85,255.4,304676.0
258069,2021-11-25,243.6,248.7,248.7,240.0,396399.0
258069,2022-02-17,212.5,215.05,215.05,211.15,245341.0
258069,2022-03-02,200.8,194.85,201.8,194.05,317014.0
258069,2022-03-08,204.2,204.4,208.0,201.8,139570.0
258069,2022-04-08,222.7,223.7,225.9,221.4,220309.0
258069,2022-04-28,211.7,213.45,213.9,211.4,75625.0
258069,2022-04-29,211.65,211.7,214.45,210.8,160488.0
258069,2022-05-04,206.6,210.0,210.35,205.35,154105.0
258069,2022-05-26,230.15,226.05,235.5,223.05,1017096.0
258069,2022-05-31,234.3,234.9,236.0,231.0,573112.0
258069,2022-06-07,233.4,232.4,234.55,231.2,218061.0
258069,2022-06-16,211.35,216.45,216.45,210.5,102229.0
258069,2022-07-08,227.25,221.2,229.75,218.5,342434.0
258069,2022-07-29,226.2,225.7,227.0,223.75,428359.0
258069,2022-08-19,239.25,247.9,248.55,238.65,156897.0
258069,2022-08-22,229.85,237.0,238.65,228.0,327329.0
258069,2022-09-07,244.3,243.0,246.0,239.0,183785.0
258069,2022-11-10,254.05,263.05,268.0,248.7,522695.0
258069,2022-11-28,252.35,251.0,254.25,251.0,85474.0
258069,2022-12-05,252.1,253.9,255.0,251.9,105166.0
258069,2022-12-12,260.05,258.0,261.9,254.0,674218.0
258069,2022-12-20,272.5,272.0,274.5,266.8,399184.0
258069,2023-04-21,257.95,258.6,264.45,255.7,75434.0
258069,2023-05-05,249.05,252.0,252.6,248.5,50895.0
258069,2023-05-16,253.4,247.8,254.7,247.75,153051.0
258069,2023-06-30,282.5,285.0,289.75,280.3,559556.0
258069,2021-06-16,269.25,273.5,273.9,268.1,692317.0
258069,2021-07-12,257.75,259.95,260.55,257.0,255727.0
258069,2021-07-16,258.9,260.75,266.0,258.0,1129054.0
258069,2021-07-30,249.0,251.0,256.4,247.25,2116411.0
258069,2021-08-03,247.05,249.8,250.5,245.05,538641.0
258069,2021-09-02,241.65,251.0,253.8,240.0,951582.0
258069,2021-09-16,254.95,254.35,255.0,249.1,1600527.0
258069,2021-09-28,259.1,255.0,262.0,254.0,506152.0
258069,2021-10-18,261.8,264.95,265.95,261.1,337218.0
258069,2021-10-21,253.95,250.0,255.95,246.65,408845.0
258069,2021-11-03,260.75,260.0,263.85,254.65,396997.0
258069,2021-11-09,260.25,260.2,261.6,257.5,318076.0
258069,2021-11-11,252.8,256.4,256.85,250.7,295975.0
258069,2021-11-17,251.5,253.7,254.9,250.2,123182.0
258069,2021-11-26,234.85,242.4,244.4,230.1,461754.0
258069,2021-12-09,238.6,241.9,241.9,235.5,281163.0
258069,2021-12-16,230.05,233.25,235.9,229.0,488010.0
258069,2021-12-30,220.4,222.35,224.0,219.65,210129.0
258069,2022-02-10,219.75,221.15,221.15,216.1,230925.0
258069,2022-02-16,213.95,215.2,218.35,212.0,499929.0
258069,2022-03-11,215.25,214.4,217.15,212.0,152077.0
258069,2022-03-22,213.9,214.5,215.0,212.4,163624.0
258069,2022-03-29,214.15,213.9,219.8,212.7,1205945.0
258069,2022-04-18,220.4,217.0,221.6,216.05,524642.0
258069,2022-05-18,219.95,215.0,222.3,212.65,230806.0
258069,2022-05-24,222.9,225.3,227.3,222.0,214458.0
258069,2022-07-11,226.0,228.85,228.85,223.55,128530.0
258069,2022-07-27,224.55,229.2,238.9,223.05,1450935.0
258069,2022-08-10,237.15,239.05,243.0,235.05,106125.0
258069,2022-09-22,248.35,249.0,251.45,247.05,216802.0
258069,2022-11-01,259.45,256.0,260.05,251.8,1009859.0
258069,2022-11-02,264.95,258.0,268.7,256.4,1118111.0
258069,2022-12-07,248.5,250.0,252.75,248.0,83863.0
258069,2022-12-21,270.95,273.0,273.8,264.35,722455.0
258069,2023-02-15,245.8,243.0,246.5,242.15,77798.0
258069,2023-03-16,242.8,244.15,245.5,241.55,81555.0
258069,2023-03-29,247.85,241.9,248.5,241.9,134560.0
258069,2023-06-09,256.9,258.0,263.1,256.3,200375.0
258069,2023-06-26,274.7,264.9,277.6,260.3,1231324.0
258069,2023-07-06,281.55,280.95,287.3,280.05,483501.0
258069,2023-08-07,287.65,284.95,289.85,281.95,179938.0
258069,2023-08-18,306.6,314.9,316.8,305.1,469314.0
258069,2021-06-15,271.9,271.85,274.9,270.2,1465506.0
258069,2021-06-23,270.85,265.7,272.7,261.0,1444724.0
258069,2021-07-13,258.75,260.9,262.0,258.25,231321.0
258069,2021-07-26,254.65,252.5,256.5,252.0,471071.0
258069,2021-08-05,249.6,248.0,250.35,246.45,745659.0
258069,2021-09-29,257.4,259.0,263.95,255.5,714255.0
258069,2021-09-30,257.95,257.55,259.95,256.55,240379.0
258069,2021-10-01,259.7,255.15,262.0,255.15,339270.0
258069,2021-10-14,262.9,264.95,266.5,261.1,290258.0
258069,2021-10-20,248.45,255.0,256.0,245.2,723753.0
258069,2021-11-04,262.0,263.0,263.9,261.1,108941.0
258069,2021-12-06,232.75,237.9,237.9,232.1,147127.0
258069,2021-12-21,222.5,225.0,226.8,221.15,272075.0
258069,2022-01-20,221.55,221.0,224.0,220.7,441719.0
258069,2022-02-22,198.75,202.0,203.95,197.5,451700.0
258069,2022-02-25,187.5,189.9,193.5,183.75,603864.0
258069,2022-03-04,209.0,205.95,210.85,202.5,2241849.0
258069,2022-03-09,205.05,207.0,207.5,204.0,111448.0
258069,2022-04-27,213.45,210.15,216.0,210.15,184367.0
258069,2022-05-13,205.0,203.9,208.95,201.75,157028.0
258069,2022-06-06,232.15,235.0,237.0,230.0,309697.0
258069,2022-06-09,236.1,230.0,239.4,226.2,220001.0
258069,2022-06-21,210.1,209.5,211.5,206.0,193216.0
258069,2022-07-06,220.35,220.0,222.85,218.9,168741.0
258069,2022-08-01,232.5,229.7,234.0,228.15,370154.0
258069,2022-09-27,233.6,236.0,239.7,230.3,257355.0
258069,2022-09-28,231.15,233.6,234.25,230.5,364456.0
258069,2022-10-03,242.25,242.0,245.9,238.3,169554.0
258069,2022-10-10,251.2,248.7,254.2,246.55,227560.0
258069,2022-10-20,253.1,252.6,257.0,248.75,237307.0
258069,2022-11-15,261.45,262.4,262.4,258.25,110594.0
258069,2022-12-08,249.3,249.5,250.95,249.0,43684.0
258069,2022-12-27,261.1,264.0,264.9,260.0,122798.0
258069,2023-03-20,247.5,249.0,260.0,243.15,110277.0
258069,2023-04-27,254.9,254.8,255.85,251.55,54484.0
258069,2023-05-31,251.05,248.0,253.9,239.0,283067.0
258069,2023-08-11,303.85,310.0,311.65,302.05,536162.0
