stockid,date,close,open,high,low,volume
1002584,2021-01-07,395.05,388.0,402.0,385.5,1742941.0
1002584,2021-01-20,405.95,391.0,410.0,388.8,1562021.0
1002584,2021-01-27,428.05,409.9,438.85,400.6,2709615.0
1002584,2021-04-16,386.55,386.0,394.65,382.55,851745.0
1002584,2021-05-21,388.45,386.0,397.75,384.2,2092569.0
1002584,2021-06-18,421.2,423.4,429.5,415.2,1481724.0
1002584,2021-07-19,465.35,462.4,477.0,460.05,1252119.0
1002584,2021-09-06,485.05,473.0,489.9,467.8,945691.0
1002584,2021-09-13,486.3,492.2,494.05,483.85,1559154.0
1002584,2021-10-28,465.75,476.0,485.0,460.05,3554246.0
1002584,2021-02-05,410.05,414.5,421.0,406.65,1175415.0
1002584,2021-02-12,398.9,399.75,399.75,391.5,2494865.0
1002584,2021-03-01,386.5,388.0,399.7,382.1,2327986.0
1002584,2021-03-12,410.25,418.55,421.25,401.25,1131935.0
1002584,2021-03-18,379.95,390.9,400.65,377.2,2486638.0
1002584,2021-03-19,397.55,379.0,405.0,370.0,1503323.0
1002584,2021-03-24,370.95,382.0,382.0,365.85,3001331.0
1002584,2021-05-18,376.4,376.0,379.1,371.25,1321380.0
1002584,2021-05-24,398.25,396.0,406.55,395.1,3464074.0
1002584,2021-06-02,400.9,400.0,402.0,397.05,719957.0
1002584,2021-06-10,430.65,432.5,443.5,426.45,2863287.0
1002584,2021-06-29,421.95,430.0,433.5,415.75,1417476.0
1002584,2021-07-15,460.0,461.45,464.9,456.05,855741.0
1002584,2021-07-29,471.15,472.4,475.55,466.75,828116.0
1002584,2021-07-30,487.1,470.1,488.0,470.1,1448171.0
1002584,2021-08-23,441.25,446.0,452.2,432.7,730883.0
1002584,2021-08-30,470.75,464.85,473.95,462.25,876539.0
1002584,2021-09-22,466.65,479.4,481.5,464.0,1875886.0
1002584,2021-09-28,470.85,472.0,474.9,461.0,953711.0
1002584,2021-10-01,488.8,477.4,503.0,476.15,2518392.0
1002584,2021-10-14,474.6,483.95,484.6,473.0,1073667.0
1002584,2021-01-15,387.0,399.0,417.8,378.45,1282985.0
1002584,2021-03-30,385.85,389.0,389.0,375.6,1497268.0
1002584,2021-03-31,392.5,382.0,398.9,379.45,1822929.0
1002584,2021-04-29,380.1,401.0,408.4,376.8,1333306.0
1002584,2021-06-08,406.55,406.6,408.15,400.5,725696.0
1002584,2021-06-17,422.25,420.15,429.15,419.2,760982.0
1002584,2021-07-08,441.4,448.9,454.95,438.1,2089591.0
1002584,2021-07-14,460.3,453.15,468.0,453.15,1577948.0
1002584,2021-07-26,468.45,458.0,472.45,453.35,1176440.0
1002584,2021-07-27,471.15,472.0,475.25,468.55,1095392.0
1002584,2021-08-03,478.25,489.0,498.85,470.85,1237332.0
1002584,2021-08-04,468.6,473.9,483.0,463.85,1080875.0
1002584,2021-08-31,473.45,474.9,477.6,470.05,587128.0
1002584,2021-10-08,479.7,480.0,483.0,474.65,892137.0
1002584,2021-11-03,467.6,477.8,480.7,465.05,876758.0
1002584,2021-11-23,444.95,440.3,449.8,436.05,3037101.0
1002584,2021-02-26,385.15,380.9,389.6,376.7,2153518.0
1002584,2021-04-01,393.25,391.0,399.0,383.45,1317098.0
1002584,2021-04-07,390.35,379.25,395.5,377.0,893155.0
1002584,2021-04-09,392.0,394.2,405.0,387.25,1328089.0
1002584,2021-05-25,402.95,402.85,405.95,400.0,2429817.0
1002584,2021-06-15,429.65,422.25,432.5,422.25,1904985.0
1002584,2021-06-28,430.0,414.9,433.0,411.25,1384630.0
1002584,2021-07-13,454.95,455.4,466.1,449.15,1593764.0
1002584,2021-08-02,489.75,487.0,495.7,483.5,1749240.0
1002584,2021-09-24,478.7,488.5,488.5,476.55,873638.0
1002584,2021-10-12,481.5,480.1,490.0,478.9,1146022.0
1002584,2021-10-18,473.05,476.15,477.6,470.0,1034771.0
1002584,2021-11-11,459.4,459.65,463.1,452.5,2229940.0
1002584,2021-01-08,400.15,399.9,405.4,390.85,1882075.0
1002584,2021-02-01,416.45,426.0,426.0,408.5,1147767.0
1002584,2021-02-16,397.7,394.8,400.6,392.0,3872811.0
1002584,2021-04-05,373.3,391.25,393.25,364.25,2220358.0
1002584,2021-04-08,395.85,393.1,398.1,387.75,948966.0
1002584,2021-04-13,367.85,381.2,384.45,363.4,1914342.0
1002584,2021-05-04,370.9,379.9,382.0,369.05,719309.0
1002584,2021-05-31,398.25,398.0,400.5,393.1,567354.0
1002584,2021-06-01,398.3,400.5,407.9,397.0,707472.0
1002584,2021-06-11,430.0,432.0,434.4,420.0,1220268.0
1002584,2021-06-16,423.4,430.0,432.45,421.25,943272.0
1002584,2021-07-01,429.5,435.0,436.9,426.6,616360.0
1002584,2021-08-16,455.1,473.8,478.0,452.6,1698176.0
1002584,2021-08-25,459.25,458.0,466.3,454.0,2354378.0
1002584,2021-09-01,487.95,481.0,494.9,480.0,2038498.0
1002584,2021-11-04,473.6,468.45,476.0,468.0,76411.0
1002584,2021-11-16,461.25,474.0,477.9,459.4,1098151.0
1002584,2021-01-05,377.35,375.15,379.9,367.05,824289.0
1002584,2021-02-08,408.2,414.45,416.65,406.4,902673.0
1002584,2021-02-18,398.7,397.45,404.8,397.1,2767448.0
1002584,2021-05-05,375.4,372.2,383.95,371.0,746994.0
1002584,2021-05-12,364.75,373.0,376.65,362.6,884107.0
1002584,2021-05-17,373.65,367.1,377.95,362.2,1626324.0
1002584,2021-07-22,472.75,459.55,479.7,459.0,2641057.0
1002584,2021-08-17,449.95,455.9,461.0,446.05,1020147.0
1002584,2021-09-03,472.85,482.2,487.55,471.0,932043.0
1002584,2021-02-04,413.2,409.7,422.95,402.1,2270501.0
1002584,2021-05-03,375.95,384.0,390.0,374.6,504768.0
1002584,2021-05-11,371.15,374.0,379.65,370.05,733233.0
1002584,2021-06-23,416.2,417.7,418.5,413.0,952247.0
1002584,2021-09-07,478.25,485.2,490.0,475.1,1358063.0
1002584,2021-09-20,483.7,483.5,489.4,475.3,2078684.0
1002584,2021-10-11,480.25,482.95,483.8,475.0,1392123.0
1002584,2021-10-27,472.9,466.1,477.5,465.95,1938102.0
1002584,2021-11-12,466.25,463.0,468.0,457.55,1254461.0
1002584,2021-02-19,396.65,399.5,402.5,393.7,1608670.0
1002584,2021-02-25,383.6,384.5,388.65,380.0,2436161.0
1002584,2021-03-03,390.95,392.1,398.75,386.5,1738641.0
1002584,2021-03-15,401.25,412.95,412.95,397.15,718993.0
1002584,2021-04-15,385.25,372.0,390.0,370.35,1265461.0
1002584,2021-04-20,367.3,376.0,377.1,364.0,1416259.0
1002584,2021-04-22,357.85,366.7,366.7,352.8,2619766.0
1002584,2021-04-30,384.9,378.5,386.0,373.3,1548079.0
1002584,2021-05-14,364.0,369.5,371.45,361.35,1719301.0
1002584,2021-05-20,383.65,385.95,391.95,382.3,1451698.0
1002584,2021-06-14,421.35,429.0,429.0,418.0,1609266.0
1002584,2021-06-25,410.5,414.0,415.0,409.15,472311.0
1002584,2021-07-28,469.15,472.5,478.5,461.05,1861202.0
1002584,2021-09-15,490.05,489.95,494.0,484.3,559284.0
1002584,2021-09-16,490.35,491.0,512.8,486.05,2156351.0
1002584,2021-09-27,473.1,481.5,481.7,467.5,1005900.0
1002584,2021-10-22,468.1,465.0,473.45,450.1,1862740.0
1002584,2021-10-25,450.7,473.6,483.1,435.1,3961863.0
1002584,2021-01-19,395.25,382.0,401.9,381.35,988288.0
1002584,2021-02-17,395.55,396.75,407.95,393.0,2446128.0
1002584,2021-03-05,404.3,397.0,409.0,393.0,1420565.0
1002584,2021-03-26,383.35,368.9,387.75,361.2,2396165.0
1002584,2021-04-23,354.65,355.0,364.0,350.35,2506842.0
1002584,2021-06-09,423.25,412.0,436.0,412.0,4590332.0
1002584,2021-07-02,446.9,431.0,448.95,429.65,2606985.0
1002584,2021-07-12,451.35,443.9,464.0,441.55,1799131.0
1002584,2021-07-23,458.9,476.3,484.9,453.95,4513804.0
1002584,2021-08-11,470.05,467.3,471.45,443.0,1278711.0
1002584,2021-08-26,460.0,462.5,467.0,450.1,984236.0
1002584,2021-09-02,482.0,488.1,492.85,479.65,1181102.0
1002584,2021-09-21,477.75,481.8,482.55,469.1,847249.0
1002584,2021-09-30,478.9,474.0,485.55,468.1,2334376.0
1002584,2021-10-05,486.4,485.1,488.35,481.75,663412.0
1002584,2021-11-17,458.45,460.7,465.0,455.45,2255153.0
1002584,2021-01-12,403.3,399.65,405.4,391.5,1056087.0
1002584,2021-01-22,429.7,440.0,456.0,420.4,2469895.0
1002584,2021-01-25,412.25,433.1,440.0,401.0,2322649.0
1002584,2021-01-29,427.75,428.95,434.15,408.2,1662912.0
1002584,2021-02-09,406.5,401.0,410.5,397.3,6843035.0
1002584,2021-02-23,382.2,390.95,390.95,378.35,1201021.0
1002584,2021-02-24,381.15,384.0,385.0,371.25,2486422.0
1002584,2021-03-04,396.85,392.0,397.85,390.55,1537531.0
1002584,2021-03-09,414.05,415.0,416.5,409.0,2339396.0
1002584,2021-04-06,379.9,374.0,381.5,367.0,2468390.0
1002584,2021-09-23,488.8,468.0,493.0,467.55,1843034.0
1002584,2021-09-29,470.0,470.9,473.4,463.3,953160.0
1002584,2021-10-04,487.45,492.4,496.0,477.35,1113415.0
1002584,2021-10-29,465.6,463.0,468.95,455.0,1622790.0
1002584,2021-11-15,475.35,466.95,477.95,464.35,978856.0
1002584,2021-01-06,383.9,374.4,385.35,373.1,984770.0
1002584,2021-01-11,399.85,404.4,408.8,387.0,1245256.0
1002584,2021-02-10,408.35,408.55,410.1,403.35,1335357.0
1002584,2021-02-15,394.95,399.85,400.8,392.25,1091933.0
1002584,2021-03-02,387.4,387.2,390.3,382.3,2417485.0
1002584,2021-03-16,398.85,403.95,406.5,388.2,1328340.0
1002584,2021-05-26,396.0,407.0,407.0,392.5,1314545.0
1002584,2021-05-27,400.6,399.35,403.3,395.25,2315860.0
1002584,2021-06-03,410.0,404.0,415.45,399.65,2765741.0
1002584,2021-06-21,415.15,419.4,421.3,409.35,934990.0
1002584,2021-06-24,413.8,419.0,419.0,410.5,564840.0
1002584,2021-07-09,439.4,441.8,449.45,435.1,966100.0
1002584,2021-08-06,461.15,462.0,472.0,458.0,769211.0
1002584,2021-08-13,473.8,461.6,474.95,458.8,982882.0
1002584,2021-09-17,486.1,490.2,496.4,480.0,1720516.0
1002584,2021-11-02,477.1,491.9,493.2,473.7,1989405.0
1002584,2021-11-08,467.65,474.0,479.55,464.4,621332.0
1002584,2021-11-10,459.7,459.95,462.3,453.1,1367169.0
1002584,2021-01-01,378.05,382.0,385.9,373.25,530682.0
1002584,2021-01-04,373.7,380.0,380.45,369.0,1018281.0
1002584,2021-01-13,400.7,405.15,405.4,394.3,1189130.0
1002584,2021-01-14,399.7,399.1,402.95,393.5,857430.0
1002584,2021-04-26,372.9,355.7,374.8,353.0,2022097.0
1002584,2021-05-07,380.05,377.8,385.2,374.85,1523371.0
1002584,2021-05-28,394.05,404.0,404.0,392.05,580586.0
1002584,2021-06-30,434.6,426.1,436.75,422.6,1405319.0
1002584,2021-07-05,450.2,447.3,467.35,446.9,3061079.0
1002584,2021-07-07,449.95,437.0,456.8,429.0,2963853.0
1002584,2021-08-18,451.05,450.4,457.0,448.5,771803.0
1002584,2021-08-27,459.9,460.0,461.2,452.5,511587.0
1002584,2021-09-09,492.2,485.1,496.4,476.3,1454671.0
1002584,2021-10-13,482.45,478.75,483.95,478.25,883507.0
1002584,2021-10-26,463.9,450.1,472.0,450.0,2130926.0
1002584,2021-11-01,488.05,470.6,490.0,465.0,1390000.0
1002584,2021-03-08,407.95,411.5,417.65,404.3,1518706.0
1002584,2021-03-22,391.15,401.25,401.25,384.2,1355742.0
1002584,2021-03-23,383.1,391.15,391.15,381.2,1295788.0
1002584,2021-04-12,381.75,385.9,390.5,378.6,1828956.0
1002584,2021-04-28,400.85,382.95,403.85,381.05,1791830.0
1002584,2021-05-06,377.45,378.6,382.75,371.35,1523678.0
1002584,2021-07-16,466.95,464.25,496.7,451.2,3061898.0
1002584,2021-08-09,455.75,461.15,467.0,451.2,419519.0
1002584,2021-08-10,463.9,458.25,471.45,456.15,1586832.0
1002584,2021-08-12,463.1,471.7,477.75,454.5,1176667.0
1002584,2021-10-06,477.05,487.85,495.4,473.0,1389867.0
1002584,2021-11-18,451.3,459.1,460.0,447.0,644215.0
1002584,2021-01-18,379.7,387.05,397.0,375.3,943082.0
1002584,2021-01-21,435.25,412.0,451.4,409.1,5308060.0
1002584,2021-06-22,413.95,417.0,417.0,408.65,927939.0
1002584,2021-07-06,437.0,453.4,459.6,431.35,3517958.0
1002584,2021-08-05,460.15,476.9,476.9,454.7,1145733.0
1002584,2021-08-20,446.95,449.4,451.85,443.5,505964.0
1002584,2021-08-24,454.45,441.25,460.4,436.5,656358.0
1002584,2021-10-19,465.65,473.8,474.65,455.1,2486768.0
1002584,2021-11-22,445.85,451.7,457.6,432.5,1473804.0
1002584,2021-02-03,411.05,412.1,417.65,405.0,2580016.0
1002584,2021-02-22,387.1,396.65,399.75,377.0,2132247.0
1002584,2021-03-10,419.5,417.0,421.0,406.6,839464.0
1002584,2021-03-25,367.0,368.65,374.6,358.05,1880209.0
1002584,2021-04-19,372.85,379.0,380.95,370.1,793504.0
1002584,2021-05-19,383.1,378.3,385.2,378.25,1325722.0
1002584,2021-06-07,407.05,401.0,408.7,401.0,739324.0
1002584,2021-11-09,461.85,467.7,470.1,456.1,2473552.0
1002584,2021-01-28,424.8,410.95,442.0,408.65,2487001.0
1002584,2021-02-02,414.7,411.35,420.45,403.2,1708220.0
1002584,2021-02-11,399.35,408.5,409.55,397.0,2979673.0
1002584,2021-03-17,386.1,402.95,408.55,380.15,1687009.0
1002584,2021-04-27,383.4,372.0,384.7,370.0,2625570.0
1002584,2021-05-10,377.65,383.95,386.6,376.05,719772.0
1002584,2021-06-04,400.05,418.0,418.0,398.15,1958545.0
1002584,2021-07-20,459.6,467.05,470.45,438.1,2321324.0
1002584,2021-09-08,485.85,478.2,489.4,475.0,1007349.0
1002584,2021-09-14,489.9,489.65,495.3,483.05,902511.0
1002584,2021-10-07,478.9,480.5,482.95,472.45,629388.0
1002584,2021-10-20,454.2,467.8,467.8,451.05,2265457.0
1002584,2021-10-21,463.9,456.0,468.0,439.0,2499907.0
1002584,2022-01-18,435.3,446.95,451.75,416.3,2445048.0
1002584,2021-12-06,430.35,427.75,433.65,426.35,667758.0
1002584,2021-11-25,446.5,438.1,448.95,437.15,998926.0
1002584,2021-12-14,415.85,427.0,427.0,413.1,2788053.0
1002584,2021-12-28,435.3,433.0,439.95,432.3,532862.0
1002584,2021-12-03,427.75,432.95,441.4,425.25,1983280.0
1002584,2021-11-26,437.4,444.0,446.55,435.1,939590.0
1002584,2021-12-15,430.85,417.7,432.9,412.1,1799117.0
1002584,2021-12-09,438.65,432.15,440.5,430.0,928259.0
1002584,2022-01-20,433.85,436.0,436.0,427.1,1577796.0
1002584,2021-12-13,427.0,439.0,444.5,425.65,2063743.0
1002584,2022-02-28,428.5,415.0,430.75,411.05,2665823.0
1002584,2021-12-21,413.05,412.0,418.0,407.55,1095439.0
1002584,2022-03-23,386.75,389.3,392.8,384.5,1913969.0
1002584,2022-04-13,377.9,380.5,381.6,375.3,1593137.0
1002584,2022-01-17,444.6,443.7,450.7,443.5,889473.0
1002584,2022-04-26,374.15,375.0,376.45,371.6,1642636.0
1002584,2022-01-25,420.25,408.8,425.6,397.15,863783.0
1002584,2022-05-13,353.0,348.05,357.5,348.05,1566459.0
1002584,2022-02-23,407.8,378.0,410.75,375.85,8360203.0
1002584,2022-03-03,401.15,407.45,414.2,398.6,2269283.0
1002584,2022-04-18,377.15,378.85,384.6,369.05,1655533.0
1002584,2022-04-22,379.25,381.0,384.25,375.45,1320813.0
1002584,2022-04-25,371.55,378.0,378.0,365.6,1252431.0
1002584,2022-05-02,378.55,382.4,385.2,377.45,866725.0
1002584,2021-12-17,417.85,417.9,424.5,413.0,1499936.0
1002584,2022-01-24,412.6,420.0,421.2,405.0,826559.0
1002584,2022-02-11,385.2,398.0,398.05,382.65,1298647.0
1002584,2022-03-09,384.85,393.5,393.5,380.65,1351764.0
1002584,2022-03-10,399.2,390.0,404.15,389.15,1724745.0
1002584,2022-03-24,378.25,384.95,387.8,375.6,2043527.0
1002584,2022-04-06,382.2,380.6,388.45,377.25,1929072.0
1002584,2022-04-11,382.8,375.75,384.45,372.0,1429603.0
1002584,2022-04-29,384.8,382.05,386.0,379.05,1628858.0
1002584,2022-05-04,369.55,380.95,381.8,367.55,1739035.0
1002584,2022-05-16,351.85,348.0,361.1,347.3,575122.0
1002584,2022-05-23,340.55,343.7,346.6,338.65,855836.0
1002584,2021-12-27,432.8,428.65,434.85,419.15,589846.0
1002584,2022-01-07,444.8,438.1,448.5,438.0,1091678.0
1002584,2022-01-13,448.65,443.95,450.75,442.8,1639648.0
1002584,2022-01-19,435.55,437.0,439.6,429.05,1461755.0
1002584,2022-05-19,336.2,344.5,348.4,332.7,1173810.0
1002584,2022-01-03,441.45,436.05,443.9,436.05,349612.0
1002584,2022-01-05,443.05,435.8,450.0,434.4,1154263.0
1002584,2022-02-03,411.65,414.0,414.0,405.7,1657387.0
1002584,2022-02-15,380.0,373.0,381.65,354.4,6432331.0
1002584,2022-02-16,398.45,386.5,401.2,379.25,2931909.0
1002584,2022-03-16,393.5,398.25,402.2,386.2,1475668.0
1002584,2022-04-12,378.2,383.6,384.1,377.0,1982748.0
1002584,2022-04-28,382.0,375.0,383.7,374.0,1985564.0
1002584,2022-05-18,348.9,352.0,355.3,348.05,493088.0
1002584,2022-05-20,342.3,339.7,343.6,338.5,620217.0
1002584,2021-12-16,421.7,429.45,435.45,417.65,1629341.0
1002584,2021-12-23,431.45,419.5,434.0,414.9,1954762.0
1002584,2022-03-17,390.5,396.0,400.3,386.6,3219413.0
1002584,2022-04-19,374.2,382.0,383.2,370.15,1654617.0
1002584,2022-05-24,336.4,340.5,341.85,335.0,516074.0
1002584,2021-12-29,430.3,436.0,436.0,425.6,598761.0
1002584,2021-11-24,438.85,447.3,451.65,435.9,1297744.0
1002584,2021-12-30,432.2,432.3,434.95,428.75,667589.0
1002584,2022-02-22,380.0,386.0,394.45,370.55,2316833.0
1002584,2022-03-14,404.6,405.0,412.15,402.0,863665.0
1002584,2022-04-07,375.65,380.1,383.3,374.5,2241314.0
1002584,2022-04-27,374.15,374.0,375.45,368.2,632259.0
1002584,2022-05-05,367.15,371.5,373.8,364.85,571846.0
1002584,2022-05-30,351.6,330.5,357.35,330.5,4435368.0
1002584,2021-12-22,414.65,414.55,417.55,408.7,1524804.0
1002584,2021-12-01,438.55,453.6,455.25,436.6,1730686.0
1002584,2021-12-20,412.35,414.1,418.4,402.5,1825796.0
1002584,2021-12-31,437.45,433.0,440.05,430.95,634761.0
1002584,2022-01-11,444.05,441.0,451.95,438.45,1864439.0
1002584,2022-02-01,414.8,427.2,427.9,410.65,2570821.0
1002584,2022-04-05,380.7,377.0,383.9,374.4,2891060.0
1002584,2022-04-21,380.8,380.0,386.9,379.5,3073721.0
1002584,2022-05-10,345.55,357.9,357.9,339.1,2033839.0
1002584,2022-05-27,327.75,333.0,334.15,324.55,739127.0
1002584,2021-12-10,435.85,440.0,440.0,433.7,1434067.0
1002584,2022-01-14,446.65,445.6,451.95,445.0,1133406.0
1002584,2022-02-08,406.2,410.0,411.3,404.35,849599.0
1002584,2022-02-24,405.5,400.25,419.55,394.4,7089213.0
1002584,2022-02-25,417.35,416.0,423.6,407.3,3597759.0
1002584,2022-05-17,349.65,353.7,354.75,346.15,2190864.0
1002584,2022-05-26,330.35,330.1,331.8,323.5,692899.0
1002584,2022-02-09,406.85,407.4,412.0,405.85,1492958.0
1002584,2022-03-11,403.7,399.2,404.65,393.75,1664103.0
1002584,2022-03-21,394.2,394.1,397.5,386.4,1586950.0
1002584,2022-04-08,375.75,378.4,379.95,374.75,1207518.0
1002584,2022-05-12,345.85,359.9,360.85,337.0,2308056.0
1002584,2021-11-30,448.25,444.4,462.15,440.0,1829211.0
1002584,2021-11-29,443.3,439.1,449.0,417.2,2888897.0
1002584,2022-01-06,441.15,440.15,444.25,433.75,914616.0
1002584,2021-12-02,433.7,439.15,440.6,432.5,1641879.0
1002584,2021-12-07,431.8,430.0,437.0,425.15,1819081.0
1002584,2022-02-18,391.3,390.3,393.65,381.2,2231774.0
1002584,2022-01-04,436.05,441.45,443.05,435.05,535329.0
1002584,2022-04-04,374.45,376.9,382.25,372.05,1271655.0
1002584,2022-02-21,392.3,389.15,394.6,381.5,1569988.0
1002584,2022-05-06,365.0,363.9,367.0,355.5,778207.0
1002584,2022-03-07,376.0,384.0,385.5,372.5,1806681.0
1002584,2022-05-11,362.9,349.0,364.75,344.55,3836705.0
1002584,2022-03-25,374.55,378.85,379.0,366.55,1918113.0
1002584,2022-05-25,328.4,336.6,339.2,326.0,1031618.0
1002584,2022-03-28,367.4,377.8,378.45,366.6,989205.0
1002584,2022-03-04,388.95,399.3,399.5,383.5,2986658.0
1002584,2022-03-08,386.5,379.5,388.2,372.35,1206284.0
1002584,2022-03-22,387.3,393.0,394.15,380.55,2203247.0
1002584,2022-05-09,357.95,360.4,364.0,354.6,681180.0
1002584,2021-12-08,429.25,432.9,437.0,423.7,2328407.0
1002584,2021-12-24,431.2,431.45,432.5,423.05,1015915.0
1002584,2022-01-21,420.05,432.65,433.8,418.05,1487786.0
1002584,2022-01-28,414.85,412.4,422.35,411.95,1670053.0
1002584,2022-02-14,369.8,383.0,383.0,368.0,2397379.0
1002584,2022-02-17,394.95,398.45,401.85,390.5,1959651.0
1002584,2022-01-12,444.5,443.05,449.35,442.4,781432.0
1002584,2022-01-31,424.45,417.9,427.55,413.35,3276800.0
1002584,2022-02-02,412.55,415.5,417.95,409.55,3177292.0
1002584,2022-02-10,398.05,407.0,407.4,396.05,1351120.0
1002584,2022-03-02,407.45,426.7,431.45,404.45,2314459.0
1002584,2022-03-29,376.55,365.0,380.3,363.1,2642696.0
1002584,2022-01-10,445.05,442.05,446.95,439.0,759025.0
1002584,2022-01-27,411.95,417.9,417.9,408.5,2238682.0
1002584,2022-02-04,413.0,412.0,417.8,410.5,665129.0
1002584,2022-02-07,409.7,414.0,414.65,408.6,919414.0
1002584,2022-03-15,393.05,405.0,406.25,384.75,2742566.0
1002584,2022-03-30,372.5,379.8,382.95,365.6,1431246.0
1002584,2022-03-31,374.0,374.0,377.5,370.55,1350553.0
1002584,2022-04-01,372.9,375.9,378.95,370.45,1901520.0
1002584,2022-04-20,377.3,375.0,383.0,372.5,1667469.0
1002584,2022-06-06,364.1,364.3,368.4,358.05,762438.0
1002584,2022-06-21,325.45,329.95,333.5,322.0,1857769.0
1002584,2022-06-15,316.4,317.7,320.7,313.35,2006916.0
1002584,2022-05-31,361.45,353.4,368.0,351.1,2771435.0
1002584,2022-08-11,372.6,371.45,374.15,369.0,3321075.0
1002584,2022-09-06,411.0,393.7,413.0,390.6,4997240.0
1002584,2022-09-28,406.75,400.6,412.65,400.6,1794047.0
1002584,2022-09-30,411.9,416.75,416.75,403.0,1495019.0
1002584,2022-10-12,387.6,382.5,389.45,375.45,1018270.0
1002584,2022-11-15,367.0,364.0,369.5,361.2,964203.0
1002584,2022-11-21,366.5,365.5,367.7,361.7,371440.0
1002584,2022-12-14,356.25,350.7,359.4,349.9,811703.0
1002584,2022-12-22,353.2,349.9,354.6,346.5,1429916.0
1002584,2023-01-04,339.9,347.7,348.9,339.0,665720.0
1002584,2023-01-18,325.5,325.65,327.35,320.0,1916451.0
1002584,2023-02-23,297.6,297.85,299.65,293.45,1415678.0
1002584,2023-05-08,257.4,257.55,259.5,254.5,2597672.0
1002584,2023-05-16,254.55,255.75,257.55,254.1,2159363.0
1002584,2023-05-25,275.05,278.45,278.7,273.75,5528092.0
1002584,2023-06-19,290.6,294.25,295.4,289.6,2172789.0
1002584,2023-07-12,293.6,298.95,301.4,292.5,2314435.0
1002584,2022-07-01,349.85,339.95,351.1,337.1,517467.0
1002584,2022-07-08,366.8,370.9,373.1,363.75,925331.0
1002584,2022-08-08,375.3,374.9,379.0,372.05,2066683.0
1002584,2022-09-02,395.25,407.0,409.25,393.1,1729178.0
1002584,2022-11-22,368.2,367.0,369.65,364.05,590351.0
1002584,2022-11-30,362.85,364.2,367.0,357.15,2073146.0
1002584,2022-12-20,352.75,348.8,353.4,346.6,590471.0
1002584,2022-12-26,344.9,341.75,346.4,336.95,387990.0
1002584,2023-01-05,338.8,341.5,341.8,338.0,1204661.0
1002584,2023-01-19,324.9,325.2,329.15,322.0,1281482.0
1002584,2023-01-20,323.25,325.15,327.15,322.25,889729.0
1002584,2023-01-23,327.8,323.05,328.75,319.05,1240652.0
1002584,2023-02-01,331.45,331.55,336.1,328.5,1302023.0
1002584,2023-02-08,315.55,319.0,319.45,313.0,4534334.0
1002584,2023-02-15,305.05,302.7,306.3,296.5,2052305.0
1002584,2023-03-27,295.95,297.95,302.45,291.5,2999343.0
1002584,2023-05-11,256.85,258.45,258.8,256.2,1910799.0
1002584,2023-06-13,286.9,277.35,288.25,277.0,4044521.0
1002584,2023-07-18,289.3,293.7,296.45,287.85,2457652.0
1002584,2022-06-27,346.1,348.0,349.05,338.45,1394278.0
1002584,2022-08-03,391.45,399.15,401.75,387.05,1155151.0
1002584,2022-08-10,370.6,375.05,376.9,368.2,985498.0
1002584,2022-08-05,373.85,376.7,380.65,369.25,29556230.0
1002584,2022-08-29,403.8,403.75,414.15,399.1,2218460.0
1002584,2022-09-13,412.4,423.8,429.0,407.05,4415492.0
1002584,2022-09-08,413.4,418.5,424.0,410.4,1197809.0
1002584,2022-09-29,414.15,409.8,417.6,402.15,2174638.0
1002584,2022-09-14,404.75,409.8,412.75,404.15,2278945.0
1002584,2022-11-14,363.35,357.0,364.75,354.75,758771.0
1002584,2022-09-16,399.45,403.0,414.0,393.95,7244888.0
1002584,2022-11-23,367.25,368.2,371.8,364.4,488778.0
1002584,2022-09-23,401.8,405.85,405.9,397.05,1685958.0
1002584,2022-11-25,365.2,367.0,367.15,362.5,687690.0
1002584,2022-10-11,380.85,391.9,394.95,379.7,1007889.0
1002584,2022-12-28,338.5,339.5,345.75,337.1,1286195.0
1002584,2022-10-27,366.85,370.0,378.4,364.65,2280785.0
1002584,2023-01-02,344.45,338.0,345.4,336.7,704703.0
1002584,2022-11-01,362.2,364.15,365.3,358.3,1469323.0
1002584,2023-01-09,343.05,340.35,343.75,339.3,422181.0
1002584,2022-11-11,355.25,358.5,364.5,354.05,1972048.0
1002584,2023-02-09,314.3,316.9,320.0,313.1,2021327.0
1002584,2023-03-03,311.05,310.3,312.5,306.9,1343724.0
1002584,2022-12-02,368.25,371.05,372.2,366.3,690130.0
1002584,2023-03-06,316.05,312.7,316.95,311.1,1327729.0
1002584,2022-12-08,351.85,356.9,358.2,351.15,1103727.0
1002584,2023-03-28,295.05,296.15,296.9,288.0,2134478.0
1002584,2022-12-15,350.05,357.7,358.0,349.0,898111.0
1002584,2023-06-07,281.5,279.95,283.55,278.05,1925011.0
1002584,2022-12-16,346.9,349.0,353.9,345.8,725275.0
1002584,2023-07-04,286.75,286.95,291.45,286.0,3311600.0
1002584,2023-01-13,337.3,338.05,339.2,334.15,548554.0
1002584,2023-07-14,292.4,290.9,293.75,289.35,1149574.0
1002584,2023-02-06,316.4,305.15,320.0,303.05,2678571.0
1002584,2023-03-14,288.5,295.0,295.0,287.6,1360772.0
1002584,2023-08-02,287.05,292.0,292.0,286.1,2402812.0
1002584,2023-04-05,300.0,302.0,302.85,297.0,4966066.0
1002584,2023-04-13,295.4,296.85,297.85,292.55,665466.0
1002584,2023-04-25,259.45,280.0,280.0,252.35,30828992.0
1002584,2023-04-28,254.9,261.0,261.0,253.25,8422456.0
1002584,2023-05-30,274.65,275.7,276.85,273.35,2002695.0
1002584,2023-06-09,275.25,282.1,282.5,274.6,1308343.0
1002584,2023-06-12,277.35,276.95,278.85,273.6,2567424.0
1002584,2023-07-07,286.0,286.65,288.3,284.85,2339144.0
1002584,2023-07-13,289.75,295.0,295.5,289.2,1628986.0
1002584,2022-06-24,344.3,334.4,346.5,331.2,2715130.0
1002584,2022-07-15,393.15,392.4,396.0,389.1,4340213.0
1002584,2022-08-18,395.85,393.0,399.95,386.0,1306243.0
1002584,2022-09-12,421.55,417.3,423.75,417.0,1087090.0
1002584,2022-11-07,358.3,363.65,368.3,357.05,2189414.0
1002584,2022-12-09,354.8,353.6,357.1,352.4,664675.0
1002584,2023-01-06,337.65,338.9,342.25,334.3,1142463.0
1002584,2023-01-10,337.25,343.05,343.65,334.0,1209628.0
1002584,2023-01-16,329.9,337.9,339.85,329.1,825328.0
1002584,2023-01-31,330.95,328.95,332.9,325.85,838955.0
1002584,2023-02-16,299.95,306.1,307.0,298.1,2582566.0
1002584,2023-02-17,297.8,299.7,299.9,296.15,1422923.0
1002584,2023-04-03,299.4,293.15,300.4,292.4,1927075.0
1002584,2023-04-10,299.05,296.55,300.25,293.3,1241157.0
1002584,2023-04-20,293.7,292.5,294.7,290.65,1398806.0
1002584,2023-05-19,254.5,254.55,255.6,252.1,1778400.0
1002584,2023-05-31,274.8,274.7,276.65,274.0,2521649.0
1002584,2023-07-25,287.25,291.1,292.15,286.5,1396879.0
1002584,2023-08-04,297.15,295.0,300.45,292.95,2519248.0
1002584,2023-08-08,304.05,302.95,305.0,297.9,3683795.0
1002584,2023-08-14,300.35,295.0,302.75,291.35,5008414.0
1002584,2023-08-16,282.7,299.85,300.0,281.6,8169226.0
1002584,2022-06-09,345.45,349.55,353.45,344.5,1292446.0
1002584,2022-06-17,323.55,316.0,326.05,312.0,1668515.0
1002584,2022-07-21,383.55,394.0,401.7,381.7,2780272.0
1002584,2022-08-04,388.85,391.45,393.0,381.15,1999551.0
1002584,2022-09-19,393.0,402.0,404.4,391.05,1080015.0
1002584,2022-09-20,415.15,398.4,420.9,397.05,3448926.0
1002584,2022-10-10,390.75,395.7,397.1,387.2,775788.0
1002584,2022-10-14,381.5,386.85,393.0,380.35,1401113.0
1002584,2022-11-18,366.1,370.8,374.0,361.45,683796.0
1002584,2022-12-01,370.8,364.5,376.5,363.65,2121082.0
1002584,2023-02-03,305.15,310.5,325.6,295.15,9463170.0
1002584,2023-02-10,317.95,314.0,328.35,312.6,1827105.0
1002584,2023-03-29,292.3,295.0,297.1,290.15,822474.0
1002584,2023-04-11,293.0,299.05,300.85,292.6,724234.0
1002584,2023-06-16,292.5,294.8,297.75,291.9,1817646.0
1002584,2022-06-14,317.45,323.0,324.55,315.6,2921122.0
1002584,2022-06-22,325.6,325.0,329.5,321.5,1102416.0
1002584,2022-06-23,329.7,327.3,334.0,324.55,1092191.0
1002584,2022-08-16,384.4,388.0,390.95,382.75,1596799.0
1002584,2022-08-25,410.2,391.0,413.8,389.55,6662994.0
1002584,2022-09-09,417.15,415.0,421.75,413.4,1179268.0
1002584,2022-09-21,413.9,414.0,424.6,410.2,2321541.0
1002584,2022-09-27,404.65,405.7,407.15,397.35,941068.0
1002584,2022-11-16,371.65,367.5,375.0,365.05,1578294.0
1002584,2022-12-05,369.95,371.15,374.8,368.45,1356881.0
1002584,2022-12-06,362.15,369.0,370.45,361.05,676684.0
1002584,2023-01-24,338.75,330.0,341.0,330.0,3924705.0
1002584,2023-02-21,296.1,298.85,299.3,293.35,2141128.0
1002584,2023-03-16,286.45,290.0,294.0,285.95,1599131.0
1002584,2023-04-21,294.65,293.0,296.5,291.85,834377.0
1002584,2023-05-03,257.45,258.7,262.25,256.85,6896040.0
1002584,2023-05-09,255.95,258.75,261.55,255.4,3715109.0
1002584,2023-05-12,255.0,257.25,257.5,254.05,2304171.0
1002584,2023-05-17,253.95,255.3,257.4,253.3,1845664.0
1002584,2023-06-06,278.2,281.85,282.55,276.0,2697889.0
1002584,2023-06-28,287.6,290.9,291.5,286.5,1913449.0
1002584,2023-06-30,289.55,289.3,292.9,287.4,2569008.0
1002584,2023-07-17,293.3,293.9,294.85,291.15,1023794.0
1002584,2023-08-09,305.75,306.85,307.9,302.0,5041149.0
1002584,2023-08-11,295.55,305.0,305.2,293.25,2959059.0
1002584,2022-07-20,396.25,396.3,405.8,395.0,1303799.0
1002584,2022-08-26,414.4,416.8,425.0,408.2,4932227.0
1002584,2022-07-11,368.7,364.9,371.6,362.35,661027.0
1002584,2022-08-17,392.3,386.0,394.95,382.25,2932290.0
1002584,2022-09-07,416.7,411.95,418.55,407.25,4255106.0
1002584,2022-10-18,387.65,384.95,390.2,380.0,1351573.0
1002584,2022-10-19,385.1,388.0,389.35,381.4,1437719.0
1002584,2022-10-13,383.85,387.6,387.8,378.0,1236941.0
1002584,2022-11-24,365.3,371.5,371.5,363.35,680549.0
1002584,2022-10-31,362.3,354.9,363.35,350.6,2538250.0
1002584,2022-11-03,363.45,363.55,365.85,361.3,1019123.0
1002584,2023-02-02,332.35,325.0,339.0,325.0,1534518.0
1002584,2023-02-07,319.7,318.0,321.9,313.9,1617725.0
1002584,2023-02-24,298.9,299.2,303.0,297.3,1390009.0
1002584,2023-03-20,280.7,287.15,289.65,278.0,4881702.0
1002584,2023-02-28,303.85,300.5,307.5,299.15,1449139.0
1002584,2023-04-06,297.1,300.0,300.7,295.05,981448.0
1002584,2023-03-24,293.75,290.85,297.3,290.1,4853208.0
1002584,2023-04-12,296.85,293.5,298.0,292.3,547137.0
1002584,2023-04-18,294.9,292.2,296.5,287.5,4810969.0
1002584,2023-04-24,294.25,296.0,296.5,288.7,1729301.0
1002584,2023-05-29,275.45,273.5,275.95,271.15,2667398.0
1002584,2023-05-02,258.65,257.1,260.0,253.7,5577757.0
1002584,2023-05-15,254.4,254.5,257.0,253.4,1981128.0
1002584,2023-07-26,291.45,288.55,292.5,286.8,3904047.0
1002584,2023-08-21,291.85,290.4,294.05,289.85,3201955.0
1002584,2023-08-23,314.0,306.0,316.35,301.5,6652182.0
1002584,2022-07-28,383.35,383.1,384.5,379.15,2277938.0
1002584,2022-08-19,395.95,397.9,403.25,393.9,1342286.0
1002584,2022-08-22,392.8,396.0,396.6,386.05,1294777.0
1002584,2022-08-23,387.9,389.45,395.5,383.6,1376320.0
1002584,2022-10-24,377.45,376.65,378.5,375.85,105605.0
1002584,2022-10-25,377.9,378.5,381.9,369.0,972561.0
1002584,2022-11-04,362.3,364.0,365.35,360.4,542159.0
1002584,2022-11-17,369.15,371.65,376.3,367.45,1007700.0
1002584,2022-11-29,364.9,362.5,371.2,360.9,842273.0
1002584,2022-12-07,355.45,363.9,363.9,347.15,3006156.0
1002584,2022-12-27,338.45,346.7,346.7,335.75,1148532.0
1002584,2023-06-08,281.05,282.4,285.95,280.05,2452501.0
1002584,2023-07-03,286.95,292.55,292.55,286.55,2161399.0
1002584,2023-07-05,285.85,286.75,290.05,285.3,1308688.0
1002584,2023-07-24,289.9,290.85,292.2,289.6,2373988.0
1002584,2023-08-10,303.8,307.5,309.35,302.7,4878767.0
1002584,2022-06-29,345.8,339.8,348.25,337.6,1121094.0
1002584,2022-07-29,394.4,377.0,396.2,377.0,1438648.0
1002584,2022-08-30,407.4,410.0,414.35,404.5,1945324.0
1002584,2022-09-26,404.6,399.1,407.65,391.05,1985773.0
1002584,2022-11-28,362.45,365.2,367.4,361.7,781871.0
1002584,2023-01-25,328.1,337.25,340.5,325.6,1323425.0
1002584,2023-03-10,297.65,297.3,300.2,294.55,919195.0
1002584,2023-03-22,291.85,293.5,294.85,290.35,1903146.0
1002584,2023-04-19,292.25,296.5,296.5,291.1,1689878.0
1002584,2023-04-26,252.55,260.8,263.0,251.0,13326199.0
1002584,2023-04-27,259.8,253.9,260.7,252.0,10391436.0
1002584,2023-07-10,290.75,286.4,293.8,286.0,2995245.0
1002584,2023-07-20,295.55,294.95,298.65,294.05,1764230.0
1002584,2023-08-22,298.05,294.85,298.6,290.7,1424534.0
1002584,2022-06-16,318.05,320.15,330.0,315.9,1852663.0
1002584,2022-07-14,389.05,380.65,392.8,374.5,4300785.0
1002584,2022-07-19,395.2,390.95,401.6,390.0,1971239.0
1002584,2022-07-26,376.85,377.1,384.7,371.85,2219333.0
1002584,2022-08-01,398.95,396.05,400.0,391.1,2029086.0
1002584,2022-09-01,403.8,404.95,407.1,400.25,1557954.0
1002584,2022-10-04,399.7,406.5,408.0,398.75,936011.0
1002584,2022-12-29,338.75,338.65,339.55,333.1,680860.0
1002584,2022-12-30,336.45,339.0,342.5,335.55,1062601.0
1002584,2023-01-11,336.55,337.25,338.7,333.0,687513.0
1002584,2023-01-27,320.1,328.9,330.65,316.1,1855654.0
1002584,2023-03-01,309.5,306.0,310.5,305.1,1375176.0
1002584,2023-03-15,289.95,290.1,294.2,288.6,906460.0
1002584,2023-03-23,291.4,290.0,294.75,288.9,1576003.0
1002584,2023-03-31,293.0,292.5,295.15,287.95,1558759.0
1002584,2023-05-18,253.85,254.7,256.0,253.3,1278307.0
1002584,2023-06-02,272.75,274.45,275.6,272.0,1389463.0
1002584,2023-06-14,287.75,289.7,289.7,284.6,2818553.0
1002584,2023-06-23,289.3,286.2,291.0,281.45,2283562.0
1002584,2023-06-26,288.2,288.8,292.0,285.7,1626081.0
1002584,2023-07-06,289.65,285.85,290.0,281.55,1796916.0
1002584,2023-08-17,290.45,283.2,291.75,281.15,4171643.0
1002584,2023-08-18,290.8,290.45,292.45,287.0,2071758.0
1002584,2022-06-01,362.35,358.25,365.95,356.2,1145202.0
1002584,2022-06-03,364.4,372.6,378.6,361.3,2531015.0
1002584,2022-06-08,351.25,360.0,361.3,350.2,752855.0
1002584,2022-07-05,356.45,350.75,358.7,344.0,3637260.0
1002584,2022-07-13,383.85,369.9,387.45,367.45,2653279.0
1002584,2022-08-12,386.0,374.7,388.1,370.05,5442556.0
1002584,2022-08-24,389.3,387.55,392.35,384.95,1044522.0
1002584,2022-10-03,401.5,412.65,413.0,395.7,2560508.0
1002584,2022-10-06,399.9,403.9,412.0,399.2,894686.0
1002584,2022-10-28,353.5,368.7,369.9,352.3,2416842.0
1002584,2022-12-13,349.9,353.25,353.3,349.0,843361.0
1002584,2022-12-21,349.2,355.0,357.5,347.0,911419.0
1002584,2023-02-22,296.65,294.25,298.0,292.0,764883.0
1002584,2023-03-13,294.6,297.95,298.45,290.05,1481934.0
1002584,2023-03-21,292.25,281.25,295.95,281.25,3817756.0
1002584,2023-04-17,291.4,295.6,297.4,290.25,2154108.0
1002584,2023-05-04,256.9,258.45,260.3,255.6,3582286.0
1002584,2023-06-15,293.1,287.7,296.45,285.75,4375955.0
1002584,2023-06-20,292.85,289.75,295.35,288.65,1705380.0
1002584,2023-06-21,293.7,294.0,296.65,290.35,2496057.0
1002584,2023-07-11,296.75,291.7,298.8,289.65,2885733.0
1002584,2022-06-07,359.5,363.8,363.8,355.5,430569.0
1002584,2022-06-13,327.5,337.0,337.0,324.4,1251977.0
1002584,2022-06-20,329.1,324.1,333.8,324.1,2617069.0
1002584,2022-06-28,341.65,344.65,345.0,338.8,934276.0
1002584,2022-06-30,340.15,347.6,347.95,338.05,874293.0
1002584,2022-07-18,391.2,395.1,396.9,386.4,756853.0
1002584,2022-07-27,380.85,378.5,383.0,372.2,2002943.0
1002584,2022-10-17,382.45,382.45,385.0,376.9,925984.0
1002584,2022-11-10,355.35,357.05,357.3,352.65,815769.0
1002584,2022-12-12,351.45,354.95,355.55,349.0,961585.0
1002584,2023-01-12,338.0,337.85,345.8,336.6,1234159.0
1002584,2023-02-14,303.1,309.45,310.7,302.25,912927.0
1002584,2023-02-20,297.8,298.9,300.3,291.35,942891.0
1002584,2023-02-27,300.85,300.1,301.9,293.5,2079316.0
1002584,2023-03-09,300.45,307.6,308.4,298.85,1466806.0
1002584,2023-05-23,266.1,260.7,266.7,260.25,9950214.0
1002584,2023-06-05,279.6,274.15,283.0,272.5,3452827.0
1002584,2023-06-22,286.3,291.8,294.75,285.6,1358028.0
1002584,2023-06-27,289.95,289.3,291.0,286.3,1576018.0
1002584,2023-07-21,290.85,295.5,295.5,288.8,3765964.0
1002584,2023-07-31,293.9,295.6,295.8,292.15,1002176.0
1002584,2022-07-04,349.75,348.0,356.0,347.8,1492064.0
1002584,2022-06-02,369.05,362.35,373.0,358.0,2388671.0
1002584,2022-07-25,375.15,377.05,381.7,363.25,2404847.0
1002584,2022-08-02,399.05,400.0,405.0,396.0,1791623.0
1002584,2022-09-05,392.7,397.45,399.95,387.35,2576201.0
1002584,2022-10-07,397.85,400.6,403.5,396.0,806221.0
1002584,2022-11-09,357.35,361.9,362.5,353.5,1574761.0
1002584,2022-12-23,340.9,351.8,351.8,338.25,680689.0
1002584,2023-01-17,324.05,329.3,330.0,321.05,1941185.0
1002584,2023-02-13,308.0,316.05,319.4,307.2,1579941.0
1002584,2023-03-17,287.15,288.2,290.35,285.4,2616395.0
1002584,2023-05-05,255.85,257.0,259.0,255.0,3546449.0
1002584,2023-05-10,256.85,257.0,258.0,253.95,1974282.0
1002584,2023-05-22,259.65,256.2,271.0,256.2,18219881.0
1002584,2023-05-24,276.2,266.05,278.3,266.0,13658556.0
1002584,2023-05-26,271.85,275.0,275.15,269.75,2080274.0
1002584,2023-06-01,273.9,275.1,277.25,273.3,1127524.0
1002584,2023-07-19,293.45,290.7,296.75,289.35,4716085.0
1002584,2023-07-28,293.45,289.95,294.95,289.1,1786582.0
1002584,2023-08-01,292.15,296.5,297.0,290.65,3082230.0
1002584,2023-08-03,292.15,286.6,295.2,285.6,3646811.0
1002584,2022-06-10,340.7,345.0,347.0,339.6,689162.0
1002584,2022-07-06,363.25,356.9,365.0,353.1,1671956.0
1002584,2022-07-07,367.35,362.7,371.2,361.1,1601279.0
1002584,2022-07-12,368.1,368.0,371.45,365.3,270938.0
1002584,2022-07-22,377.05,385.85,391.0,353.35,8524544.0
1002584,2022-09-15,404.05,408.0,408.85,397.1,2397176.0
1002584,2022-09-22,406.65,411.95,411.95,396.15,3431614.0
1002584,2022-10-20,381.0,383.3,384.0,378.05,1700117.0
1002584,2022-10-21,373.55,382.45,382.85,372.0,1723020.0
1002584,2022-11-02,364.95,364.05,366.45,360.55,1269228.0
1002584,2022-12-19,348.1,348.1,349.5,342.2,637910.0
1002584,2023-01-03,347.0,345.5,348.8,344.55,728383.0
1002584,2023-01-30,328.8,321.0,330.15,318.5,1038425.0
1002584,2023-03-02,308.75,310.8,315.75,307.25,1623091.0
1002584,2023-03-08,307.55,316.0,316.0,306.8,1779110.0
1002584,2023-07-27,288.6,293.0,293.1,287.5,1613988.0
1002584,2023-08-07,301.15,299.0,302.5,296.6,2692224.0
