stockid,date,close,open,high,low,volume
528940,2021-02-22,1.85,,1.85,1.85,10700.0
528940,2021-12-06,2.1,2.1,2.1,2.1,1106.0
528940,2022-06-29,3.45,3.45,3.45,3.45,5196.0
528940,2022-07-06,4.25,4.25,4.25,4.25,7636.0
528940,2022-07-28,8.7,8.7,8.7,8.7,13186.0
528940,2021-04-26,1.8,1.8,1.8,1.8,41000.0
528940,2021-09-13,1.95,1.95,1.95,1.95,6890.0
528940,2021-11-01,2.1,2.1,2.1,2.1,3080.0
528940,2021-11-08,2.1,2.1,2.1,2.1,3313.0
528940,2022-01-24,2.2,2.2,2.2,2.2,16632.0
528940,2022-05-09,2.5,2.5,2.5,2.5,10140.0
528940,2022-08-22,16.3,16.3,16.3,16.3,90429.0
528940,2022-08-24,17.95,17.95,17.95,17.95,55247.0
528940,2022-09-21,23.25,24.4,24.75,22.55,897241.0
528940,2022-09-26,19.95,20.0,20.6,19.95,683959.0
528940,2022-10-13,17.65,18.5,18.85,17.6,76073.0
528940,2023-01-17,27.8,27.8,27.95,27.45,46905.0
528940,2023-01-31,25.8,24.5,25.8,24.5,195693.0
528940,2023-04-03,15.35,16.65,16.65,15.35,237532.0
528940,2023-05-25,16.0,15.4,16.2,15.2,1826963.0
528940,2023-05-30,17.45,16.8,17.6,16.8,1471398.0
528940,2023-06-05,17.85,17.5,17.9,17.5,1313468.0
528940,2021-07-19,1.95,1.95,1.95,1.95,3200.0
528940,2021-10-18,2.1,2.1,2.1,2.1,7082.0
528940,2022-06-06,2.5,2.5,2.5,2.5,3950.0
528940,2022-06-23,2.9,2.9,2.9,2.9,1150.0
528940,2021-07-12,1.9,1.9,1.9,1.9,7352.0
528940,2022-07-18,6.05,6.05,6.05,6.05,9805.0
528940,2021-08-30,1.95,1.95,1.95,1.95,2000.0
528940,2022-10-03,19.7,19.5,20.25,19.3,92104.0
528940,2022-01-17,2.2,2.2,2.2,2.2,21983.0
528940,2023-01-05,30.7,30.9,31.55,28.6,448414.0
528940,2022-06-13,2.6,2.6,2.6,2.6,4000.0
528940,2023-02-02,24.3,25.5,25.65,24.05,115639.0
528940,2022-07-01,3.75,3.75,3.75,3.75,9848.0
528940,2023-04-05,15.0,14.75,15.5,14.6,549820.0
528940,2022-07-08,4.65,4.65,4.65,4.65,1932.0
528940,2023-04-11,16.55,16.7,16.7,16.0,4686181.0
528940,2022-07-21,6.95,6.95,6.95,6.95,11702.0
528940,2023-05-19,15.3,15.9,15.9,15.25,128998.0
528940,2022-08-02,9.3,9.3,9.3,9.3,398051.0
528940,2023-05-26,16.25,16.45,16.6,16.05,824469.0
528940,2022-08-10,11.75,11.75,11.75,11.75,28621.0
528940,2023-08-02,16.55,16.8,17.0,16.2,588050.0
528940,2022-09-19,22.5,22.25,22.5,22.0,281298.0
528940,2023-08-10,16.65,16.95,17.25,16.5,631943.0
528940,2022-09-22,22.1,22.4,23.15,22.1,327300.0
528940,2023-08-14,20.1,18.75,20.1,18.5,5514801.0
528940,2022-10-18,17.2,16.55,17.35,16.55,50399.0
528940,2023-08-21,22.95,23.0,23.45,21.65,3587101.0
528940,2022-10-20,17.3,17.0,17.75,16.4,67590.0
528940,2023-08-23,23.9,24.15,24.25,23.4,266465.0
528940,2023-01-02,27.5,28.55,28.9,27.5,195706.0
528940,2021-05-10,1.75,1.8,1.8,1.75,15100.0
528940,2021-07-26,1.95,1.95,1.95,1.95,2966.0
528940,2022-01-10,2.2,2.2,2.2,2.2,7981.0
528940,2022-04-11,2.4,2.4,2.4,2.4,8899.0
528940,2022-04-25,2.4,2.4,2.4,2.4,11797.0
528940,2022-06-24,3.0,3.0,3.0,3.0,1850.0
528940,2022-07-04,3.9,3.9,3.9,3.9,819.0
528940,2022-07-26,7.95,7.95,7.95,7.95,14763.0
528940,2022-07-29,9.1,9.1,9.1,9.1,18083.0
528940,2022-10-25,19.3,19.2,19.95,18.5,153324.0
528940,2022-11-09,23.7,23.7,23.7,23.7,95906.0
528940,2022-11-18,24.85,24.75,25.65,24.0,128228.0
528940,2022-12-05,22.0,21.0,22.05,20.95,309282.0
528940,2023-02-15,22.0,22.4,22.85,21.8,64649.0
528940,2023-04-17,18.25,18.05,18.5,17.4,2490586.0
528940,2023-04-25,16.7,16.35,17.35,16.35,935374.0
528940,2023-06-16,17.75,17.75,17.9,17.35,452266.0
528940,2023-06-21,17.75,17.65,18.05,17.6,873909.0
528940,2023-08-04,16.45,16.0,16.65,15.45,3375457.0
528940,2021-05-03,1.8,0.0,0.0,0.0,0.0
528940,2021-05-24,1.85,1.85,1.85,1.85,11685.0
528940,2021-10-04,2.1,2.1,2.1,2.1,21301.0
528940,2021-10-11,2.1,2.1,2.1,2.1,8591.0
528940,2022-02-14,2.3,2.3,2.3,2.3,45153.0
528940,2022-05-02,2.4,2.4,2.4,2.4,2159.0
528940,2022-08-19,15.55,15.55,15.55,15.15,449618.0
528940,2022-08-25,18.8,18.8,18.8,18.8,775134.0
528940,2022-09-12,17.75,17.9,18.0,17.2,100584.0
528940,2021-02-01,1.65,,1.65,1.65,7269.0
528940,2021-04-12,1.75,0.0,0.0,0.0,0.0
528940,2021-06-21,1.85,1.85,1.85,1.85,48.0
528940,2021-08-09,1.95,1.95,1.95,1.95,837.0
528940,2021-12-27,2.1,2.1,2.1,2.1,10824.0
528940,2022-06-27,3.15,3.15,3.15,3.15,4650.0
528940,2022-07-20,6.65,6.65,6.65,6.65,17676.0
528940,2022-08-30,21.15,20.65,21.65,19.65,1721704.0
528940,2022-10-12,18.25,18.6,19.1,18.05,230287.0
528940,2022-10-31,20.9,20.9,20.9,20.9,336587.0
528940,2022-11-01,21.9,21.9,21.9,21.9,172209.0
528940,2023-01-25,26.45,27.05,27.45,26.2,115017.0
528940,2023-01-10,28.75,29.05,29.95,28.25,191469.0
528940,2023-01-20,27.05,27.7,28.0,27.0,72649.0
528940,2023-03-06,21.85,22.1,23.0,21.8,288583.0
528940,2023-03-09,20.75,20.85,21.4,19.75,1873510.0
528940,2023-03-10,20.45,20.75,20.75,19.8,2403778.0
528940,2023-05-02,16.9,17.6,17.6,16.6,815820.0
528940,2023-05-03,16.6,17.05,17.05,16.35,586560.0
528940,2023-05-04,16.5,16.6,16.85,16.3,862791.0
528940,2022-08-03,9.75,9.75,9.75,9.75,18272.0
528940,2022-10-04,19.45,20.4,20.4,18.9,76892.0
528940,2022-11-03,20.9,20.45,21.9,20.45,84127.0
528940,2022-12-08,25.45,25.45,25.45,25.45,157564.0
528940,2022-12-27,26.75,26.5,26.9,26.0,95421.0
528940,2023-03-13,19.45,20.05,20.45,19.45,953012.0
528940,2023-03-24,17.35,17.1,17.95,16.25,333129.0
528940,2023-03-31,16.15,17.4,17.4,16.15,237110.0
528940,2023-05-31,17.35,17.6,17.6,16.75,2147536.0
528940,2023-06-30,16.05,16.4,16.4,15.65,486237.0
528940,2023-07-14,17.75,18.1,18.2,17.35,2081673.0
528940,2023-08-16,21.9,21.15,22.0,20.7,3703430.0
528940,2023-08-17,23.75,22.25,23.85,21.6,4006297.0
528940,2022-11-29,22.15,23.0,23.4,22.15,445938.0
528940,2023-01-27,25.45,26.45,26.95,25.15,136620.0
528940,2023-02-17,20.95,20.85,21.5,19.85,133233.0
528940,2023-03-08,20.75,21.1,22.0,20.75,947261.0
528940,2023-03-22,17.45,17.9,17.9,17.05,280089.0
528940,2023-04-27,16.95,17.0,17.1,16.3,1225048.0
528940,2023-05-16,16.0,15.7,16.1,15.6,1035350.0
528940,2023-05-18,15.9,15.9,16.0,15.35,1302923.0
528940,2023-06-01,17.1,17.6,17.6,17.0,1069889.0
528940,2023-07-28,16.75,16.65,16.9,16.2,1143979.0
528940,2023-08-01,16.95,17.0,17.15,16.5,1658481.0
528940,2023-08-11,18.3,16.9,18.3,16.6,4381835.0
528940,2023-02-21,20.1,19.55,20.45,19.3,91167.0
528940,2023-03-15,17.95,18.35,18.7,17.65,1103479.0
528940,2023-04-10,15.95,15.65,16.0,15.55,692132.0
528940,2023-04-21,16.5,17.0,17.0,16.4,1878363.0
528940,2023-04-24,16.75,16.5,17.0,16.15,3426017.0
528940,2023-05-05,16.95,16.7,17.3,15.7,1596980.0
528940,2023-07-17,18.15,18.0,18.4,17.9,1888943.0
528940,2023-07-18,18.1,18.45,18.45,17.9,1003563.0
528940,2023-08-07,17.5,16.65,18.05,16.65,4366389.0
528940,2023-08-18,22.75,24.45,24.7,22.6,2859056.0
528940,2023-08-22,24.0,23.05,24.05,23.05,2433165.0
528940,2021-01-18,1.55,,1.55,1.55,10163.0
528940,2021-03-30,1.8,1.75,1.8,1.75,4300.0
528940,2021-09-27,2.1,2.1,2.1,2.1,4377.0
528940,2022-03-28,2.3,2.3,2.3,2.3,57328.0
528940,2022-06-20,2.6,2.6,2.6,2.6,2799.0
528940,2022-07-07,4.45,4.45,4.45,4.45,5505.0
528940,2022-07-22,7.25,7.25,7.25,7.25,11427.0
528940,2022-08-05,10.7,10.7,10.7,10.7,41836.0
528940,2022-08-23,17.1,17.1,17.1,17.1,79432.0
528940,2022-09-20,23.6,23.6,23.6,21.55,1087460.0
528940,2022-09-29,19.55,19.4,19.55,18.1,161637.0
528940,2022-10-24,19.0,18.9,19.0,18.5,278245.0
528940,2022-11-10,24.85,24.85,24.85,24.85,298419.0
528940,2022-11-17,24.75,23.6,24.75,22.65,183870.0
528940,2022-12-14,29.85,30.85,30.85,28.0,1553110.0
528940,2022-12-20,28.85,29.75,29.75,26.95,471681.0
528940,2023-01-03,28.65,28.0,28.85,27.5,210569.0
528940,2023-02-14,22.4,23.55,23.9,21.9,366178.0
528940,2021-04-05,1.75,1.75,1.8,1.75,4850.0
528940,2021-08-02,1.95,1.95,1.95,1.95,13600.0
528940,2021-11-22,2.1,2.1,2.1,2.1,3100.0
528940,2022-04-18,2.4,2.4,2.4,2.4,900.0
528940,2022-05-16,2.5,2.5,2.5,2.5,4151.0
528940,2022-09-30,19.3,20.1,20.1,18.9,94840.0
528940,2022-10-07,19.8,19.05,20.1,19.05,118790.0
528940,2022-11-22,24.5,25.7,26.1,24.15,133962.0
528940,2022-11-23,23.95,24.5,25.15,23.6,83283.0
528940,2023-01-24,27.45,28.45,28.45,27.25,47557.0
528940,2023-02-20,20.0,20.95,20.95,19.9,150797.0
528940,2023-04-06,15.65,14.8,15.75,14.25,2869901.0
528940,2023-04-13,18.1,17.85,18.15,17.5,2059868.0
528940,2023-05-10,16.85,16.75,17.0,16.4,1547328.0
528940,2023-05-17,15.7,16.15,16.15,15.35,679774.0
528940,2023-06-19,17.75,17.55,17.8,17.5,623997.0
528940,2023-06-22,17.35,18.0,18.4,17.25,834959.0
528940,2021-06-14,1.85,0.0,0.0,0.0,0.0
528940,2021-09-06,1.95,1.95,1.95,1.95,5343.0
528940,2022-02-28,2.3,2.3,2.3,2.3,7818.0
528940,2022-03-21,2.3,2.3,2.3,2.3,10880.0
528940,2022-07-19,6.35,6.35,6.35,6.35,5357.0
528940,2022-08-01,8.9,9.55,9.55,8.65,3298805.0
528940,2022-08-04,10.2,10.2,10.2,10.2,48173.0
528940,2022-08-29,20.65,19.0,20.65,19.0,1300681.0
528940,2022-11-07,22.6,21.7,22.6,21.4,170008.0
528940,2022-12-06,23.1,22.9,23.1,21.0,255574.0
528940,2022-12-26,25.95,23.8,26.0,23.6,264017.0
528940,2023-01-23,27.8,27.05,28.4,27.05,146585.0
528940,2023-02-08,23.5,23.05,24.0,23.0,159212.0
528940,2023-02-13,23.05,24.95,24.95,22.9,234620.0
528940,2021-06-07,1.85,1.85,1.85,1.85,9943.0
528940,2023-03-29,17.0,17.0,17.4,16.3,4326346.0
528940,2021-12-20,2.1,2.1,2.1,2.1,4984.0
528940,2022-03-07,2.3,2.3,2.3,2.3,32800.0
528940,2023-04-28,17.15,17.0,17.7,16.9,822165.0
528940,2023-05-12,16.35,16.55,16.55,15.7,1138991.0
528940,2022-04-04,2.3,2.3,2.3,2.3,1200.0
528940,2023-06-12,17.95,18.25,18.45,17.6,1023872.0
528940,2022-06-30,3.6,3.6,3.6,3.6,3274.0
528940,2023-06-20,17.65,17.9,17.95,17.5,852973.0
528940,2022-07-11,4.85,4.85,4.85,4.85,6245.0
528940,2023-06-28,16.2,16.0,16.55,16.0,686960.0
528940,2022-07-12,5.05,5.05,5.05,5.05,10157.0
528940,2022-08-08,11.2,11.2,11.2,11.2,162636.0
528940,2023-07-06,15.55,15.75,16.35,15.35,1827537.0
528940,2023-07-25,17.2,17.45,17.45,16.65,610198.0
528940,2022-08-11,12.3,12.3,12.3,12.3,58317.0
528940,2022-08-17,14.15,14.15,14.15,14.15,85361.0
528940,2021-03-08,1.85,,1.85,1.85,10489.0
528940,2021-03-22,1.8,1.8,1.8,1.75,32888.0
528940,2021-07-05,1.85,1.8,1.85,1.8,53788.0
528940,2022-01-31,2.2,2.2,2.2,2.2,7760.0
528940,2022-09-01,20.1,21.25,22.0,20.1,549010.0
528940,2022-11-24,24.25,24.25,24.65,23.05,179101.0
528940,2023-02-06,23.9,23.35,24.3,22.5,149494.0
528940,2023-02-24,19.05,18.5,19.15,18.5,75949.0
528940,2023-03-16,17.85,18.0,18.4,17.2,1238956.0
528940,2023-04-26,16.7,16.9,17.15,16.25,2087796.0
528940,2021-02-08,1.7,,1.7,1.65,10254.0
528940,2021-03-15,1.8,,1.85,1.8,188900.0
528940,2021-08-23,1.95,1.95,1.95,1.95,12041.0
528940,2021-09-20,2.0,2.0,2.0,2.0,13820.0
528940,2021-12-13,2.1,2.1,2.1,2.1,60036.0
528940,2022-01-03,2.1,2.1,2.1,2.1,34998.0
528940,2022-02-07,2.2,2.2,2.2,2.2,4800.0
528940,2022-08-12,12.9,12.9,12.9,12.9,60653.0
528940,2022-08-16,13.5,13.5,13.5,13.5,97157.0
528940,2022-08-18,14.85,14.85,14.85,14.45,1883915.0
528940,2022-09-07,18.15,18.2,19.0,18.15,373519.0
528940,2022-10-11,18.95,18.8,19.85,18.75,146686.0
528940,2022-10-14,17.35,17.2,18.35,17.0,81176.0
528940,2022-10-19,17.25,17.2,17.75,16.6,29563.0
528940,2022-10-21,18.1,17.05,18.15,17.0,172388.0
528940,2022-10-28,19.95,20.2,20.8,19.25,116584.0
528940,2022-11-21,24.95,25.95,25.95,24.05,121125.0
528940,2022-11-25,23.8,23.15,24.25,23.15,129056.0
528940,2022-11-28,23.3,23.8,24.15,23.1,153552.0
528940,2022-11-30,21.05,22.0,22.0,21.05,145196.0
528940,2022-12-12,28.0,28.0,28.0,28.0,497158.0
528940,2022-12-13,29.4,29.4,29.4,29.4,276776.0
528940,2022-12-16,27.0,27.0,27.0,27.0,56051.0
528940,2022-12-21,27.45,28.1,28.8,27.45,210302.0
528940,2022-12-30,28.9,30.9,30.9,28.2,242544.0
528940,2021-02-09,1.75,,1.75,1.75,44258.0
528940,2021-03-01,1.85,,1.85,1.85,11504.0
528940,2021-04-19,1.75,1.7,1.75,1.7,3430.0
528940,2021-05-17,1.8,1.75,1.8,1.75,44995.0
528940,2021-05-31,1.85,1.85,1.85,1.85,22730.0
528940,2021-08-16,1.95,1.95,1.95,1.95,1251.0
528940,2021-11-15,2.1,2.1,2.1,2.1,56431.0
528940,2021-11-29,2.1,2.1,2.1,2.1,4673.0
528940,2022-02-21,2.3,2.3,2.3,2.3,11348.0
528940,2022-03-14,2.3,2.3,2.3,2.3,18950.0
528940,2022-05-23,2.5,2.5,2.5,2.5,2301.0
528940,2022-07-05,4.05,4.05,4.05,4.05,17575.0
528940,2022-09-02,19.1,19.1,19.1,19.1,159786.0
528940,2022-09-05,20.05,18.15,20.05,18.15,1635967.0
528940,2022-09-08,17.7,18.0,18.15,17.25,494493.0
528940,2022-09-16,21.45,21.4,21.45,19.45,547109.0
528940,2022-10-17,17.0,17.0,17.5,16.5,251109.0
528940,2022-10-27,19.95,19.85,20.25,19.0,130751.0
528940,2022-11-02,21.4,22.35,22.8,21.15,293085.0
528940,2022-11-11,26.05,26.05,26.05,23.8,824646.0
528940,2022-11-14,25.7,26.5,26.5,24.75,238289.0
528940,2023-03-14,18.5,19.8,19.8,18.5,76585.0
528940,2023-05-15,15.95,15.95,16.25,15.65,712706.0
528940,2023-05-22,15.0,15.15,15.45,14.55,891629.0
528940,2023-06-06,17.95,18.0,18.05,17.55,807535.0
528940,2023-06-08,17.6,17.95,18.2,17.45,1596893.0
528940,2023-07-27,16.65,16.7,16.8,16.1,187392.0
528940,2021-06-28,1.85,1.85,1.85,1.85,63658.0
528940,2022-05-30,2.5,0.0,0.0,0.0,0.0
528940,2022-07-13,5.3,5.3,5.3,5.3,7310.0
528940,2022-07-25,7.6,7.6,7.6,7.6,19814.0
528940,2022-09-09,18.0,16.9,18.55,16.85,418650.0
528940,2022-10-10,19.4,19.8,20.1,18.9,100306.0
528940,2022-11-04,21.55,20.9,21.85,20.0,129540.0
528940,2022-12-02,21.0,19.05,21.0,19.05,376072.0
528940,2022-12-19,28.35,25.65,28.35,25.65,758814.0
528940,2023-07-12,16.9,16.35,16.9,16.0,2654831.0
528940,2023-07-13,17.7,17.35,17.7,17.35,3592637.0
528940,2023-07-19,18.0,18.1,18.25,17.9,944623.0
528940,2023-07-21,17.9,18.25,18.25,17.6,1627575.0
528940,2023-08-08,17.65,17.75,17.95,17.3,1680460.0
528940,2023-06-09,18.0,17.6,18.25,17.25,1732760.0
528940,2023-06-15,17.55,17.55,18.1,16.95,1295900.0
528940,2023-07-04,15.8,16.05,16.2,15.65,562111.0
528940,2023-07-07,15.6,15.5,15.75,15.4,1929680.0
528940,2023-07-31,17.0,16.9,17.25,16.6,841241.0
528940,2023-01-13,28.1,27.75,28.9,27.35,71161.0
528940,2023-01-16,27.85,28.1,28.1,27.4,81864.0
528940,2023-02-03,23.35,24.5,24.95,23.1,173562.0
528940,2023-02-10,23.8,23.2,23.9,23.2,97855.0
528940,2023-02-22,19.15,19.7,20.05,19.1,82951.0
528940,2023-03-01,21.7,21.25,21.8,20.05,2311606.0
528940,2023-05-11,16.35,17.0,17.0,16.15,1108451.0
528940,2023-06-13,17.8,18.15,18.15,17.6,923939.0
528940,2023-07-26,16.7,17.35,17.35,16.55,769763.0
528940,2023-08-09,16.95,17.85,17.9,16.8,572063.0
528940,2022-11-15,24.75,25.5,25.5,24.45,241641.0
528940,2022-11-16,23.6,24.45,24.75,23.55,238452.0
528940,2022-12-09,26.7,26.7,26.7,26.7,403257.0
528940,2022-12-15,28.4,28.4,28.4,28.4,62319.0
528940,2022-12-23,24.8,25.0,25.95,24.8,175565.0
528940,2023-01-04,30.05,29.4,30.05,28.8,385439.0
528940,2023-02-09,23.3,23.9,23.9,23.05,162952.0
528940,2023-02-16,20.9,22.5,22.5,20.9,154771.0
528940,2023-03-23,17.1,17.95,17.95,17.0,49800.0
528940,2023-04-19,17.0,17.8,17.8,16.65,1169780.0
528940,2023-06-02,17.25,17.15,17.6,16.65,1334881.0
528940,2023-06-27,16.0,16.6,16.7,15.9,1483045.0
528940,2023-07-11,16.1,16.0,16.2,15.8,1587204.0
528940,2023-07-24,17.25,18.05,18.05,17.0,920322.0
528940,2021-01-04,1.5,,1.55,1.5,14485.0
528940,2021-01-11,1.5,,1.55,1.5,41076.0
528940,2021-01-25,1.6,,1.6,1.6,13250.0
528940,2021-10-25,2.1,2.1,2.1,2.1,1310.0
528940,2022-06-28,3.3,3.3,3.3,3.3,5811.0
528940,2022-07-27,8.3,8.3,8.3,8.3,5710.0
528940,2022-08-26,19.7,19.7,19.7,19.2,953366.0
528940,2022-09-23,21.0,21.05,21.7,21.0,393543.0
528940,2022-12-01,20.0,20.0,20.0,20.0,177924.0
528940,2022-12-07,24.25,24.25,24.25,23.25,338227.0
528940,2023-01-30,24.6,26.25,26.25,24.5,102971.0
528940,2023-02-01,25.3,26.9,27.05,24.75,235790.0
528940,2023-03-27,17.6,18.1,18.2,17.4,435934.0
528940,2022-12-22,26.1,26.25,26.75,26.1,92897.0
528940,2022-12-28,28.05,26.75,28.05,26.05,187363.0
528940,2022-12-29,29.45,29.45,29.45,28.75,492152.0
528940,2023-01-06,30.2,30.6,30.6,29.5,151565.0
528940,2023-01-11,28.65,28.7,29.3,28.45,84169.0
528940,2023-01-12,28.15,28.65,29.25,28.0,179288.0
528940,2023-01-19,27.55,27.25,28.2,26.3,102268.0
528940,2023-02-07,23.4,23.9,24.45,23.0,255296.0
528940,2023-03-28,17.0,17.9,17.9,16.75,1117727.0
528940,2023-05-24,15.5,15.1,15.5,14.6,1567380.0
528940,2023-05-29,16.8,16.6,16.9,16.5,1591715.0
528940,2023-06-26,16.7,17.7,17.7,16.65,959207.0
528940,2023-07-10,15.9,15.8,15.95,15.4,748085.0
528940,2022-09-06,19.1,21.0,21.0,19.05,863516.0
528940,2022-10-06,19.15,19.85,20.0,18.9,165731.0
528940,2023-01-09,29.5,30.15,30.7,28.75,153051.0
528940,2023-01-18,27.05,27.1,28.0,27.0,152732.0
528940,2023-02-23,18.55,19.1,19.45,18.5,110973.0
528940,2023-03-17,18.15,17.65,18.65,17.65,55202.0
528940,2023-04-12,17.3,17.25,17.35,16.6,2482893.0
528940,2023-04-20,16.9,17.3,17.3,16.35,1196641.0
528940,2023-05-09,16.85,17.0,17.0,16.6,1323470.0
528940,2023-06-14,17.85,17.9,17.95,17.65,1426870.0
528940,2023-07-03,16.0,16.25,16.5,15.6,1357151.0
528940,2023-08-03,15.9,16.65,16.65,15.75,1211727.0
528940,2023-04-18,17.5,18.65,18.65,17.45,237648.0
528940,2023-05-08,17.0,16.55,17.0,16.3,828816.0
528940,2023-05-23,14.95,14.8,15.35,14.8,547152.0
528940,2023-06-07,17.95,17.7,18.25,17.7,911021.0
528940,2023-06-23,17.5,17.35,17.65,17.0,681117.0
528940,2023-07-05,16.0,15.65,16.2,15.65,1854634.0
528940,2023-07-20,18.05,18.25,18.25,17.7,597288.0
