stockid,date,close,open,high,low,volume
745947,2021-01-05,6.05,,6.05,5.7,173208.0
745947,2021-02-02,5.6,5.5,5.75,5.35,56520.0
745947,2021-02-19,6.4,6.0,6.4,6.0,112997.0
745947,2021-05-11,18.3,18.2,18.3,17.6,577451.0
745947,2021-06-11,22.5,22.75,22.85,21.65,581703.0
745947,2021-07-02,22.45,22.45,22.45,22.45,56791.0
745947,2021-07-05,23.55,23.55,23.55,23.55,151010.0
745947,2021-07-19,24.75,24.5,25.9,24.0,149014.0
745947,2021-01-04,5.8,,5.8,5.3,144631.0
745947,2021-02-05,5.65,5.75,5.75,5.6,65001.0
745947,2021-03-09,11.15,11.15,11.15,11.15,15708.0
745947,2021-05-04,14.55,14.8,15.0,14.5,664992.0
745947,2021-05-07,16.65,16.3,16.7,15.8,910882.0
745947,2021-05-10,17.45,17.4,17.45,16.6,1054163.0
745947,2021-06-14,23.55,23.0,23.6,21.4,379732.0
745947,2021-01-25,5.95,,6.55,5.95,26018.0
745947,2021-01-27,5.7,,5.85,5.7,30858.0
745947,2021-02-15,5.35,5.2,5.35,5.05,40993.0
745947,2021-02-22,6.7,6.7,6.7,6.7,46851.0
745947,2021-03-18,11.45,11.55,12.65,11.45,763768.0
745947,2021-01-21,6.55,,6.8,6.4,126813.0
745947,2021-03-22,10.85,11.55,11.7,10.85,243596.0
745947,2021-01-22,6.25,,6.85,6.25,72303.0
745947,2021-03-25,9.65,10.15,10.2,9.65,214019.0
745947,2021-02-10,5.25,5.2,5.55,5.15,31985.0
745947,2021-04-20,12.25,12.4,12.75,12.25,380114.0
745947,2021-02-18,6.1,6.1,6.1,5.95,236366.0
745947,2021-05-31,18.2,18.1,18.5,17.8,286236.0
745947,2021-06-18,20.2,19.9,20.8,19.55,285386.0
745947,2021-04-26,12.8,12.15,12.8,12.15,291286.0
745947,2021-06-03,19.55,19.05,19.55,18.8,396641.0
745947,2021-06-29,19.95,19.75,20.2,19.15,94985.0
745947,2021-07-22,25.25,23.9,25.25,23.9,461219.0
745947,2021-07-12,25.3,25.75,26.2,24.25,294222.0
745947,2021-08-02,24.5,24.95,24.95,23.9,475760.0
745947,2021-07-13,25.4,25.95,26.25,24.75,185875.0
745947,2021-07-20,24.05,25.25,25.35,23.85,569450.0
745947,2021-03-23,10.5,10.45,10.95,10.35,455402.0
745947,2021-03-31,10.6,10.45,10.95,10.15,105031.0
745947,2021-04-07,12.8,12.6,12.8,12.3,417745.0
745947,2021-01-06,6.35,,6.35,5.95,260747.0
745947,2021-06-24,20.1,20.0,20.9,19.25,170055.0
745947,2021-01-12,7.25,,7.45,6.75,204867.0
745947,2021-07-06,24.7,24.7,24.7,24.7,101653.0
745947,2021-01-19,6.65,,6.8,6.4,31625.0
745947,2021-02-11,5.15,5.4,5.5,5.05,73876.0
745947,2021-07-14,26.3,25.4,26.65,24.8,900176.0
745947,2021-02-24,7.35,7.35,7.35,6.7,458829.0
745947,2021-07-16,25.1,25.15,25.95,24.6,302224.0
745947,2021-03-02,8.85,8.85,8.85,8.85,58297.0
745947,2021-03-16,12.65,12.85,12.95,12.25,789606.0
745947,2021-04-23,12.2,11.2,12.2,11.15,455113.0
745947,2021-06-16,21.6,22.5,23.0,21.3,236762.0
745947,2021-07-01,21.4,21.4,21.4,21.4,136511.0
745947,2021-01-08,6.95,,6.95,6.65,597232.0
745947,2021-01-18,6.65,,7.15,6.65,54035.0
745947,2021-04-22,11.65,11.8,11.9,11.65,659223.0
745947,2021-05-18,18.6,18.4,19.2,18.05,447619.0
745947,2021-05-26,17.65,18.3,18.4,17.4,467406.0
745947,2021-06-07,21.5,21.5,21.5,21.15,1051480.0
745947,2021-06-15,22.4,23.6,23.75,22.4,283544.0
745947,2021-07-28,25.05,26.0,26.8,24.95,837869.0
745947,2021-07-30,24.6,25.45,25.45,24.5,680492.0
745947,2021-08-05,23.95,23.2,24.45,22.45,476573.0
745947,2021-01-15,6.95,,7.25,6.7,58049.0
745947,2021-01-28,5.45,,5.7,5.45,29300.0
745947,2021-02-12,5.1,5.25,5.25,5.0,97732.0
745947,2021-03-15,12.85,12.5,12.85,11.7,1023935.0
745947,2021-04-27,13.4,12.95,13.4,12.9,350154.0
745947,2021-06-23,19.95,21.35,21.75,19.9,120067.0
745947,2021-06-28,19.4,19.75,20.0,19.1,186473.0
745947,2021-07-23,25.6,26.45,26.45,24.5,451909.0
745947,2021-01-07,6.65,,6.65,6.1,165899.0
745947,2021-02-17,5.85,5.85,5.85,5.85,8595.0
745947,2021-02-26,8.05,7.85,8.05,7.45,430228.0
745947,2021-03-10,11.7,11.7,11.7,10.6,2149507.0
745947,2021-03-17,12.05,12.4,12.7,12.05,368668.0
745947,2021-03-30,10.5,10.2,10.6,10.2,178383.0
745947,2021-04-16,13.5,13.6,13.95,13.2,435820.0
745947,2021-04-30,13.65,14.5,14.7,13.6,515099.0
745947,2021-05-06,15.95,15.6,16.0,15.55,799652.0
745947,2021-05-19,18.2,19.0,19.0,17.75,487349.0
745947,2021-02-04,5.65,5.8,5.8,5.5,101156.0
745947,2021-02-09,5.35,5.55,5.55,5.25,68390.0
745947,2021-03-19,11.4,11.05,11.8,10.9,603678.0
745947,2021-04-15,13.65,14.3,14.6,13.6,604557.0
745947,2021-04-29,14.15,14.6,14.75,13.6,785755.0
745947,2021-06-25,19.65,19.95,20.0,19.35,109508.0
745947,2021-07-29,25.25,24.8,25.7,23.9,605933.0
745947,2021-01-01,5.55,,6.0,5.55,134748.0
745947,2021-03-04,9.7,9.7,9.7,9.4,427632.0
745947,2021-03-08,10.65,10.65,10.65,10.65,114238.0
745947,2021-03-24,10.15,10.05,10.55,10.05,197628.0
745947,2021-04-05,11.65,11.65,11.65,11.65,64847.0
745947,2021-05-05,15.25,14.85,15.25,14.4,1190966.0
745947,2021-02-08,5.4,5.75,5.75,5.4,79846.0
745947,2021-05-12,19.0,19.2,19.2,18.05,1954313.0
745947,2021-05-21,18.2,17.65,18.2,16.6,863542.0
745947,2021-04-13,14.3,13.9,14.35,13.35,433727.0
745947,2021-05-24,17.7,18.1,18.3,17.5,283554.0
745947,2021-05-28,18.1,18.15,18.3,17.85,418715.0
745947,2021-07-26,25.6,25.95,26.35,24.65,689875.0
745947,2021-07-27,26.25,25.8,26.5,24.35,746915.0
745947,2021-08-03,24.25,24.05,24.8,24.0,479243.0
745947,2021-01-13,7.25,,7.6,7.0,195038.0
745947,2021-01-20,6.5,,6.85,6.5,31817.0
745947,2021-04-01,11.1,11.0,11.1,10.2,164874.0
745947,2021-05-17,18.4,19.45,19.95,18.15,1085397.0
745947,2021-06-21,21.2,19.2,21.2,19.2,257542.0
745947,2021-06-22,20.9,21.75,21.9,20.5,123807.0
745947,2021-06-30,20.4,20.4,20.9,19.95,186768.0
745947,2021-07-07,25.9,25.5,25.9,23.5,1807673.0
745947,2021-07-08,25.85,27.1,27.15,25.25,640869.0
745947,2021-01-14,7.05,,7.4,6.9,71429.0
745947,2021-02-25,7.7,7.3,7.7,7.25,158339.0
745947,2021-03-01,8.45,8.45,8.45,8.45,41043.0
745947,2021-04-09,14.05,14.05,14.05,13.55,1503664.0
745947,2021-04-12,13.85,14.05,14.65,13.35,1210002.0
745947,2021-05-20,17.35,18.6,18.6,17.3,773902.0
745947,2021-05-25,18.0,17.7,18.55,17.65,650882.0
745947,2021-01-29,5.7,,5.7,5.25,43335.0
745947,2021-02-01,5.5,,5.9,5.45,25011.0
745947,2021-02-03,5.65,5.85,5.85,5.45,42292.0
745947,2021-03-26,10.1,9.7,10.1,9.7,61062.0
745947,2021-04-06,12.2,12.2,12.2,11.7,66499.0
745947,2021-04-08,13.4,13.15,13.4,12.9,851342.0
745947,2021-05-14,19.1,19.8,19.8,18.1,925934.0
745947,2021-05-27,17.85,17.65,18.3,17.5,356879.0
745947,2021-06-02,18.65,19.1,19.1,18.1,375703.0
745947,2021-06-17,20.55,21.5,21.5,20.55,184647.0
745947,2021-07-09,25.5,25.3,26.2,24.6,366170.0
745947,2021-01-11,7.1,,7.25,6.8,264860.0
745947,2021-02-16,5.6,5.6,5.6,5.6,30283.0
745947,2021-02-23,7.0,7.0,7.0,7.0,15564.0
745947,2021-03-03,9.25,9.25,9.25,9.25,211825.0
745947,2021-03-05,10.15,10.15,10.15,10.15,12272.0
745947,2021-03-12,12.25,12.0,12.25,11.75,980318.0
745947,2021-04-19,12.85,13.2,13.2,12.85,399584.0
745947,2021-04-28,14.05,13.75,14.05,13.75,474691.0
745947,2021-05-03,14.3,13.15,14.3,13.1,545987.0
745947,2021-06-01,18.7,18.75,19.1,17.75,1419407.0
745947,2021-06-04,20.5,20.05,20.5,20.0,495032.0
745947,2021-06-08,22.55,22.2,22.55,22.0,638542.0
745947,2021-07-15,25.65,26.4,26.65,25.0,266856.0
745947,2021-08-04,23.6,23.8,24.45,23.5,347833.0
745947,2021-11-04,29.1,29.7,29.7,27.6,55619.0
745947,2021-09-03,22.95,22.25,23.05,21.7,341305.0
745947,2021-08-13,21.9,23.95,23.95,21.85,450302.0
745947,2021-08-09,23.2,23.0,23.9,22.9,439880.0
745947,2021-11-08,28.4,29.5,29.5,28.05,80536.0
745947,2021-11-17,28.35,27.9,29.4,27.9,48630.0
745947,2021-12-06,24.8,24.3,25.0,23.35,73884.0
745947,2021-12-16,26.2,26.75,26.75,25.3,74217.0
745947,2021-12-23,25.0,24.65,25.7,24.65,138902.0
745947,2022-01-11,27.1,26.4,28.5,26.4,131909.0
745947,2022-01-19,30.2,30.95,30.95,29.0,89002.0
745947,2022-01-25,31.0,29.0,31.25,28.8,161004.0
745947,2022-02-23,23.85,23.45,24.0,22.55,43954.0
745947,2022-02-28,22.45,21.55,23.0,21.55,184768.0
745947,2022-03-21,24.75,25.25,25.9,24.5,52818.0
745947,2022-03-24,23.95,24.65,25.2,23.75,37145.0
745947,2022-03-28,22.85,23.35,24.2,22.7,117062.0
745947,2022-04-07,24.3,24.9,24.9,24.0,80499.0
745947,2022-05-24,21.85,22.6,23.9,21.85,351285.0
745947,2022-05-25,20.8,22.65,22.65,20.8,266374.0
745947,2022-06-03,23.65,25.7,25.85,23.65,762813.0
745947,2022-06-14,23.65,21.6,24.55,21.6,1044889.0
745947,2022-06-27,21.95,22.25,22.75,21.75,106151.0
745947,2022-07-15,26.25,27.45,28.1,25.85,486384.0
745947,2022-08-26,22.1,22.4,22.8,21.9,203819.0
745947,2022-10-04,27.1,27.7,28.5,27.0,238649.0
745947,2022-10-06,27.25,27.85,27.95,27.0,283206.0
745947,2022-10-13,24.5,25.45,25.45,23.6,486831.0
745947,2022-11-14,25.7,26.8,27.15,25.5,369247.0
745947,2022-12-27,24.45,24.5,25.25,24.0,126810.0
745947,2023-01-05,25.0,25.3,25.7,24.9,79350.0
745947,2023-01-24,24.15,24.95,25.0,24.0,94458.0
745947,2023-01-27,22.45,23.3,23.95,21.1,567439.0
745947,2023-02-02,22.1,22.0,22.35,21.6,70181.0
745947,2021-08-25,18.8,17.1,18.8,17.1,567765.0
745947,2021-09-07,22.5,22.75,22.95,21.7,71390.0
745947,2021-11-01,30.7,31.75,32.3,29.35,286307.0
745947,2021-11-23,26.55,27.95,27.95,25.9,128217.0
745947,2021-11-25,25.75,25.65,26.2,25.0,96458.0
745947,2021-12-30,24.3,24.45,24.75,23.9,62437.0
745947,2022-01-27,29.75,30.65,30.9,29.5,103905.0
745947,2021-09-28,20.4,20.3,20.4,20.0,227702.0
745947,2022-02-03,30.0,30.65,30.65,29.85,76032.0
745947,2022-04-13,24.2,24.25,24.5,23.5,88959.0
745947,2021-10-01,23.55,23.55,23.55,23.55,68650.0
745947,2021-10-08,26.35,25.0,26.85,24.7,569241.0
745947,2022-05-04,21.25,21.4,21.95,21.0,268555.0
745947,2021-10-25,27.4,26.7,27.65,25.15,646315.0
745947,2022-05-05,22.15,21.95,22.3,21.25,278076.0
745947,2021-11-09,28.5,28.6,28.85,28.35,98906.0
745947,2022-07-29,24.05,24.35,25.0,23.2,217914.0
745947,2022-01-12,26.95,27.4,27.4,26.2,164171.0
745947,2022-10-14,24.95,25.15,25.75,24.85,240802.0
745947,2022-02-01,30.0,31.5,31.5,29.9,76774.0
745947,2022-10-24,24.2,24.7,25.2,24.05,64436.0
745947,2022-02-24,22.95,23.0,23.05,22.7,106698.0
745947,2022-11-17,25.3,25.85,25.85,24.8,150025.0
745947,2022-03-09,22.45,22.45,22.85,22.2,145603.0
745947,2022-12-26,24.3,23.1,24.9,22.15,229226.0
745947,2022-03-11,24.7,24.6,24.7,24.5,70044.0
745947,2023-02-01,22.0,22.7,23.2,21.8,207786.0
745947,2022-05-11,22.65,23.95,23.95,22.4,286352.0
745947,2022-05-19,23.9,23.15,24.3,22.65,161706.0
745947,2023-02-07,21.95,22.85,22.85,21.85,62790.0
745947,2022-05-27,22.8,22.45,22.85,21.2,147404.0
745947,2023-02-17,22.8,23.65,23.65,22.5,69073.0
745947,2022-06-06,22.5,23.15,23.6,22.5,903195.0
745947,2022-06-17,21.3,22.2,22.75,20.8,338753.0
745947,2022-06-21,21.55,20.75,21.75,20.5,107039.0
745947,2022-06-29,21.75,22.35,22.6,21.6,64950.0
745947,2022-07-05,20.85,21.75,21.75,20.65,200903.0
745947,2022-07-11,27.25,24.8,28.35,24.2,1274773.0
745947,2022-08-18,21.95,22.25,22.25,21.8,220283.0
745947,2022-08-19,21.95,22.25,22.45,21.8,312549.0
745947,2022-09-23,28.9,31.65,31.75,28.05,408460.0
745947,2022-10-20,24.8,24.9,25.25,24.6,103841.0
745947,2022-11-30,26.4,26.3,26.7,26.0,112399.0
745947,2023-01-25,23.1,24.15,24.35,22.6,282245.0
745947,2021-08-06,23.55,23.85,24.5,23.15,372596.0
745947,2021-09-22,19.9,20.2,20.2,19.15,95322.0
745947,2021-08-10,22.25,23.7,23.7,22.05,465467.0
745947,2021-10-14,25.9,27.45,27.45,25.55,364054.0
745947,2021-11-03,28.75,29.25,30.0,28.45,339802.0
745947,2021-12-27,24.3,25.3,25.3,24.15,51829.0
745947,2021-12-29,24.45,24.8,24.8,23.55,100795.0
745947,2022-01-10,27.7,27.85,28.35,27.0,259154.0
745947,2022-01-18,30.1,31.0,31.5,29.0,343111.0
745947,2022-02-25,22.65,23.4,23.4,22.6,42510.0
745947,2022-03-02,22.95,22.9,23.35,22.05,117807.0
745947,2022-03-03,23.0,23.45,23.45,22.75,17775.0
745947,2022-05-20,23.55,24.85,24.9,23.3,177259.0
745947,2022-05-26,21.8,20.05,21.8,19.8,357087.0
745947,2022-06-02,24.85,23.2,24.85,23.2,1092360.0
745947,2022-06-30,21.6,22.35,22.35,21.35,62618.0
745947,2022-07-14,26.25,27.15,27.65,26.05,162830.0
745947,2022-07-28,23.6,24.05,24.7,23.45,195143.0
745947,2022-09-30,27.5,27.35,29.25,26.05,348964.0
745947,2022-10-07,26.9,27.75,27.8,26.6,296518.0
745947,2022-11-10,27.0,27.7,28.1,26.3,183066.0
745947,2022-11-23,24.85,25.5,25.5,24.75,110086.0
745947,2023-01-13,25.1,25.15,25.55,24.95,70931.0
745947,2021-08-23,18.85,19.8,20.0,18.85,90902.0
745947,2021-09-06,22.75,24.0,24.0,21.95,137248.0
745947,2021-09-21,20.15,20.4,20.45,18.8,244297.0
745947,2021-12-13,26.1,27.9,27.9,25.9,129423.0
745947,2022-02-04,29.15,30.6,30.6,28.6,106536.0
745947,2022-03-17,25.45,25.95,25.95,24.1,47436.0
745947,2022-03-22,24.45,25.25,25.45,24.1,28414.0
745947,2022-04-08,24.3,23.45,25.5,23.45,70765.0
745947,2022-05-10,23.5,24.75,25.4,23.2,215284.0
745947,2022-05-30,21.9,23.6,23.75,21.8,191413.0
745947,2022-06-23,21.6,22.0,22.7,21.5,110775.0
745947,2022-07-04,21.4,22.2,22.2,20.5,142060.0
745947,2022-07-07,27.4,22.95,27.5,22.95,2247509.0
745947,2022-07-12,28.05,27.25,28.65,26.6,1007032.0
745947,2022-07-19,26.35,26.0,26.75,25.3,226932.0
745947,2022-08-03,23.35,23.8,24.05,23.2,210478.0
745947,2022-09-07,25.05,24.7,25.5,24.45,278097.0
745947,2022-10-10,26.5,26.0,26.7,25.5,84957.0
745947,2022-12-05,26.9,27.0,27.55,26.45,324226.0
745947,2023-01-03,25.7,25.65,26.05,25.55,94185.0
745947,2023-01-09,24.7,25.05,25.25,24.4,262687.0
745947,2023-01-19,24.9,24.85,25.25,24.55,71394.0
745947,2023-01-20,24.7,24.8,25.3,24.6,114071.0
745947,2023-01-23,24.65,24.9,25.2,24.6,63653.0
745947,2023-02-06,22.45,22.65,22.65,21.9,69732.0
745947,2023-02-14,23.15,23.55,23.75,23.0,38038.0
745947,2021-08-12,23.0,23.0,23.45,22.2,292068.0
745947,2021-11-12,30.65,30.5,30.7,28.7,407131.0
745947,2021-08-24,17.95,18.5,18.75,17.95,380201.0
745947,2021-12-24,24.9,25.5,25.5,24.1,90354.0
745947,2021-12-28,24.3,24.95,24.95,23.75,44971.0
745947,2021-08-30,21.65,21.65,21.65,21.1,215241.0
745947,2022-01-21,31.0,30.65,31.7,29.25,427955.0
745947,2021-09-20,19.75,19.5,20.45,19.5,66852.0
745947,2021-09-29,21.4,21.3,21.4,20.7,147877.0
745947,2022-01-28,31.15,29.75,31.2,28.3,245510.0
745947,2021-10-04,24.7,24.7,24.7,24.7,126018.0
745947,2022-02-09,28.3,28.2,28.75,27.5,158282.0
745947,2021-10-20,25.8,26.8,27.05,25.2,770629.0
745947,2022-02-14,26.15,26.15,26.15,26.15,27922.0
745947,2021-12-09,26.75,26.7,28.1,26.05,331487.0
745947,2022-03-10,23.55,23.3,23.55,22.6,135676.0
745947,2021-12-21,24.65,23.25,25.35,23.25,64865.0
745947,2022-03-25,23.8,24.4,25.0,23.5,65433.0
745947,2022-01-06,25.95,26.0,26.65,25.3,83510.0
745947,2022-04-01,23.4,22.5,23.55,22.5,42686.0
745947,2022-01-14,28.95,28.25,29.3,27.0,343369.0
745947,2022-04-05,23.75,25.45,25.45,23.55,110616.0
745947,2022-03-15,24.8,26.4,26.4,24.8,80518.0
745947,2022-04-27,22.75,22.9,23.5,22.45,95177.0
745947,2022-03-31,22.45,22.55,22.85,22.25,51047.0
745947,2022-04-06,24.45,23.75,24.8,22.65,230384.0
745947,2022-07-18,25.65,26.8,27.4,25.5,276071.0
745947,2022-08-30,22.15,22.0,22.35,21.75,180899.0
745947,2022-04-22,24.35,24.85,25.0,23.75,138633.0
745947,2022-09-09,25.1,25.3,25.4,23.7,290336.0
745947,2022-05-02,20.95,21.95,21.95,20.9,54670.0
745947,2022-09-21,32.0,34.0,34.5,31.65,363571.0
745947,2022-06-01,23.7,24.05,24.05,23.2,1540742.0
745947,2022-09-08,24.75,25.05,25.5,24.5,228842.0
745947,2022-10-25,23.95,24.5,24.5,23.9,71841.0
745947,2022-10-31,23.95,24.65,24.65,23.75,73108.0
745947,2022-09-29,26.65,27.35,28.05,26.25,221581.0
745947,2022-12-06,26.3,27.6,27.6,26.1,206562.0
745947,2022-10-21,24.3,25.4,25.4,24.15,62004.0
745947,2022-10-27,24.0,24.15,24.65,23.9,93293.0
745947,2022-12-15,25.35,26.45,26.8,25.05,358026.0
745947,2022-11-01,23.85,24.35,24.35,23.6,93644.0
745947,2023-01-12,25.0,25.7,25.7,24.85,101469.0
745947,2022-11-16,25.35,26.0,26.45,25.2,166669.0
745947,2022-11-21,25.3,26.75,27.3,25.1,363280.0
745947,2022-11-28,24.9,25.75,25.9,24.75,103227.0
745947,2022-12-23,22.65,23.8,24.2,22.2,336252.0
745947,2022-12-29,24.8,24.5,25.0,24.3,52914.0
745947,2023-01-06,25.0,24.65,25.35,24.65,126646.0
745947,2021-08-27,20.65,20.65,20.65,20.65,107176.0
745947,2021-08-31,20.95,22.7,22.7,20.6,386840.0
745947,2021-09-01,21.6,19.95,21.95,19.95,329644.0
745947,2021-09-24,20.0,20.95,20.95,19.5,125170.0
745947,2021-10-12,27.2,28.4,28.4,26.55,855341.0
745947,2021-10-28,29.9,29.4,30.05,28.8,1004958.0
745947,2021-11-26,25.1,25.95,25.95,24.75,69037.0
745947,2021-12-20,24.15,25.25,25.25,23.85,85698.0
745947,2022-02-16,24.55,24.9,25.15,24.5,348223.0
745947,2022-03-30,22.55,22.4,23.0,22.0,70550.0
745947,2022-04-19,23.85,23.6,24.25,23.05,79061.0
745947,2022-04-20,23.9,24.35,24.95,23.5,159867.0
745947,2022-05-18,23.15,23.15,23.15,23.15,83375.0
745947,2022-05-23,23.0,23.9,23.9,22.45,252838.0
745947,2022-05-31,22.95,22.95,22.95,22.95,69954.0
745947,2022-06-09,22.65,22.4,23.85,21.8,215617.0
745947,2022-06-13,21.55,21.5,22.5,21.3,219719.0
745947,2022-06-22,21.75,21.65,22.05,20.8,52175.0
745947,2022-07-27,23.75,24.75,24.75,23.65,164488.0
745947,2022-08-12,22.45,23.35,23.45,22.1,630860.0
745947,2022-09-06,24.6,24.2,25.8,23.8,418881.0
745947,2022-10-11,25.9,26.9,26.9,25.65,134615.0
745947,2022-11-25,25.4,24.9,25.9,24.5,68451.0
745947,2022-12-09,28.1,26.3,30.0,25.9,1497210.0
745947,2023-02-03,22.15,21.9,22.45,21.3,151052.0
745947,2023-02-16,23.35,23.8,23.8,22.05,97597.0
745947,2021-09-27,19.45,19.6,20.2,19.4,103945.0
745947,2021-08-17,21.8,23.0,23.0,21.8,100882.0
745947,2021-08-11,22.45,22.0,22.95,21.15,346077.0
745947,2021-12-01,24.4,25.2,25.2,24.0,54618.0
745947,2021-12-10,27.15,27.45,28.0,26.9,70226.0
745947,2022-01-03,25.4,23.3,25.4,23.3,164969.0
745947,2022-04-21,24.2,24.8,24.95,24.05,264925.0
745947,2022-04-26,23.25,23.85,23.85,23.1,53513.0
745947,2022-05-09,24.3,23.2,24.4,22.6,421069.0
745947,2022-06-16,21.85,24.0,24.65,21.7,517617.0
745947,2022-08-01,24.15,24.7,24.7,23.65,55150.0
745947,2022-08-17,21.9,22.25,22.75,21.85,296430.0
745947,2022-09-02,23.6,23.0,24.3,22.8,502242.0
745947,2022-11-11,26.45,27.45,27.45,26.2,239318.0
745947,2022-12-16,25.25,25.6,25.95,25.05,195854.0
745947,2023-01-16,24.8,25.15,25.4,24.65,76455.0
745947,2023-01-17,24.7,24.8,24.95,24.6,56567.0
745947,2023-01-30,22.85,22.85,23.55,22.5,104631.0
745947,2023-02-20,23.15,23.15,23.4,22.65,89235.0
745947,2021-08-16,22.9,22.95,22.95,21.65,347176.0
745947,2021-08-20,19.8,19.75,21.75,19.75,626580.0
745947,2021-08-26,19.7,19.7,19.7,19.7,61241.0
745947,2021-12-07,26.0,24.1,26.0,24.1,308534.0
745947,2022-01-04,25.4,26.65,26.65,25.0,91920.0
745947,2022-03-29,22.25,23.3,23.3,22.25,79202.0
745947,2022-05-12,21.85,22.25,22.65,21.55,93619.0
745947,2022-06-07,21.65,22.5,22.9,20.6,1710851.0
745947,2022-07-06,22.95,21.3,24.2,20.5,704365.0
745947,2022-09-01,22.75,21.7,23.3,21.7,362824.0
745947,2022-09-12,27.25,25.45,27.5,24.95,915061.0
745947,2022-09-15,32.7,32.65,34.85,29.7,3056445.0
745947,2022-09-20,33.8,35.45,35.45,32.5,807336.0
745947,2022-09-26,27.25,29.4,29.4,26.95,389903.0
745947,2022-10-03,26.95,28.0,29.0,26.75,172028.0
745947,2022-11-24,24.65,25.25,25.45,24.55,74582.0
745947,2022-11-29,26.0,25.25,26.7,24.9,455531.0
745947,2022-12-02,26.45,25.9,26.7,25.1,358413.0
745947,2022-12-22,24.0,25.0,25.5,23.75,162435.0
745947,2023-02-10,22.5,22.3,22.85,22.05,41870.0
745947,2023-02-21,22.85,23.35,23.35,22.7,40658.0
745947,2023-02-22,22.6,22.5,23.45,22.5,38737.0
745947,2023-02-23,22.7,22.65,23.0,22.5,15795.0
745947,2023-02-24,22.9,23.0,23.0,22.6,35585.0
745947,2021-10-29,30.8,30.05,31.35,30.0,858288.0
745947,2021-11-22,27.2,26.65,28.6,25.9,359530.0
745947,2021-12-02,24.65,24.0,25.2,23.2,129884.0
745947,2021-12-08,26.95,26.9,27.3,26.0,111543.0
745947,2022-01-13,27.95,26.45,28.25,26.2,181591.0
745947,2022-02-21,23.8,23.4,24.45,22.6,104509.0
745947,2022-02-22,23.2,23.2,23.5,22.65,68354.0
745947,2022-03-04,22.85,22.55,23.25,22.1,43921.0
745947,2022-03-23,24.1,24.8,24.85,23.75,43058.0
745947,2022-06-28,22.2,21.55,22.95,21.3,84053.0
745947,2022-07-13,27.65,28.4,28.55,26.1,415857.0
745947,2022-08-02,23.6,24.45,24.45,23.25,467149.0
745947,2022-08-04,23.05,23.1,24.1,22.85,285362.0
745947,2022-08-22,22.1,22.45,22.45,21.9,190166.0
745947,2022-08-23,22.05,22.4,22.5,21.75,154994.0
745947,2022-11-09,27.75,27.9,29.0,27.5,1029728.0
745947,2022-11-18,25.9,25.5,26.25,24.85,177556.0
745947,2022-12-07,25.65,26.65,26.65,25.25,106451.0
745947,2023-01-02,25.5,25.75,25.95,24.9,286105.0
745947,2023-01-04,25.25,25.95,26.1,25.0,140686.0
745947,2021-09-02,22.45,21.95,22.6,20.6,212438.0
745947,2021-09-09,21.55,21.3,21.85,20.9,25419.0
745947,2021-09-08,21.7,22.95,22.95,21.4,167600.0
745947,2021-09-15,20.55,21.45,21.45,20.4,260757.0
745947,2021-10-11,27.4,25.6,27.65,25.05,1923654.0
745947,2021-11-24,26.0,27.1,27.1,25.5,89140.0
745947,2021-12-31,24.2,24.75,24.8,23.85,125109.0
745947,2022-05-16,21.0,21.75,22.5,20.9,164117.0
745947,2022-06-10,22.25,23.1,23.25,21.9,132020.0
745947,2022-07-01,21.55,22.0,22.0,21.4,65520.0
745947,2022-09-13,28.2,27.4,28.7,27.0,979143.0
745947,2022-09-22,31.05,30.75,31.9,30.0,468203.0
745947,2022-10-17,24.6,24.5,25.05,24.35,96085.0
745947,2022-10-19,24.75,24.85,25.5,24.55,450353.0
745947,2022-12-21,24.75,25.0,26.8,24.5,480552.0
745947,2023-02-13,23.45,23.45,23.8,22.35,177143.0
745947,2021-10-18,27.0,26.35,27.15,25.7,1014902.0
745947,2021-09-23,20.5,19.5,20.6,19.25,108591.0
745947,2021-10-06,25.1,26.9,26.9,24.5,495444.0
745947,2021-10-07,25.6,25.4,26.2,23.85,1454693.0
745947,2021-10-26,28.0,27.45,28.7,27.1,602714.0
745947,2021-11-02,29.9,29.5,30.4,29.2,226204.0
745947,2021-11-11,29.25,29.75,30.0,28.55,138131.0
745947,2021-11-30,24.75,24.1,25.3,23.6,89770.0
745947,2022-02-02,30.65,30.0,31.0,29.8,138604.0
745947,2022-02-11,27.5,28.1,28.75,27.0,209368.0
745947,2022-02-18,23.75,24.0,24.8,23.5,226730.0
745947,2022-05-13,22.0,21.8,22.45,21.55,177258.0
745947,2022-06-15,23.8,23.95,24.75,23.3,366212.0
745947,2022-06-24,21.95,22.0,22.25,21.35,44176.0
745947,2022-07-22,25.6,26.3,26.45,25.5,257186.0
745947,2022-07-25,24.55,25.85,26.15,24.35,247663.0
745947,2022-08-25,22.0,22.0,22.45,21.95,258575.0
745947,2022-09-19,33.85,33.2,35.55,32.5,1137404.0
745947,2022-10-28,24.05,24.0,24.3,23.95,75511.0
745947,2022-11-03,24.25,24.0,24.6,23.8,71117.0
745947,2022-11-04,24.2,24.8,24.85,24.05,132613.0
745947,2022-11-15,25.9,25.9,26.1,25.45,205511.0
745947,2022-12-01,25.5,26.9,26.9,25.35,225834.0
745947,2022-12-14,26.35,26.0,26.6,25.9,223120.0
745947,2023-01-10,24.55,24.7,24.9,24.2,67134.0
745947,2023-01-11,25.45,25.0,25.65,24.3,348780.0
745947,2021-10-22,26.35,25.0,26.55,24.25,907990.0
745947,2021-11-10,29.15,28.9,29.5,27.7,194889.0
745947,2021-11-16,29.0,29.15,30.35,28.8,96267.0
745947,2021-11-18,27.25,28.3,28.9,26.95,521961.0
745947,2021-11-29,24.1,24.5,24.6,23.9,81023.0
745947,2021-12-17,25.1,26.2,26.2,25.0,54218.0
745947,2022-01-07,27.0,25.5,27.2,25.0,405622.0
745947,2022-01-17,30.0,29.45,30.35,29.35,305600.0
745947,2022-01-31,30.95,32.5,32.7,30.5,238133.0
745947,2022-02-07,28.1,29.15,29.75,28.0,57228.0
745947,2022-02-08,27.85,27.55,28.85,27.2,71206.0
745947,2022-04-12,23.75,24.5,24.5,23.55,13337.0
745947,2022-04-25,23.4,23.65,24.4,23.3,118521.0
745947,2022-04-29,21.7,21.75,22.15,21.25,70834.0
745947,2022-06-08,22.1,22.2,23.25,21.6,965946.0
745947,2022-07-26,24.35,24.75,25.0,24.15,161964.0
745947,2022-09-16,32.45,32.95,33.45,31.15,958363.0
745947,2022-10-12,25.45,25.9,26.5,25.25,182280.0
745947,2022-10-18,24.6,25.0,25.05,24.45,139358.0
745947,2022-11-02,23.95,24.2,24.2,23.55,32505.0
745947,2022-12-19,25.4,25.75,26.0,25.25,115867.0
745947,2022-12-20,25.05,25.5,25.9,24.9,120970.0
745947,2023-01-31,22.4,23.4,23.4,21.75,385425.0
745947,2023-02-09,22.1,23.2,23.2,22.0,99803.0
745947,2021-08-18,20.75,21.4,22.8,20.75,220676.0
745947,2021-10-19,26.5,27.75,27.75,25.65,395132.0
745947,2021-10-21,25.3,26.35,26.35,24.55,193496.0
745947,2021-10-27,28.65,28.9,28.95,28.1,644725.0
745947,2021-12-03,24.35,24.8,24.8,24.0,69979.0
745947,2021-12-14,27.05,25.8,27.4,25.1,106971.0
745947,2021-12-15,26.3,27.45,27.45,26.1,87028.0
745947,2022-03-16,24.95,25.0,26.0,24.9,36383.0
745947,2022-04-28,21.75,23.0,23.25,21.7,282315.0
745947,2022-05-06,23.25,22.5,23.25,21.8,135636.0
745947,2022-05-17,22.05,21.45,22.05,21.3,117374.0
745947,2022-07-08,24.8,26.8,26.8,24.2,1270286.0
745947,2022-07-21,26.3,26.4,26.7,25.65,321482.0
745947,2022-08-05,23.6,22.8,24.15,22.6,309544.0
745947,2022-08-08,24.9,23.6,27.0,23.55,344533.0
745947,2022-08-10,23.0,23.9,23.9,22.3,648749.0
745947,2022-08-11,22.75,23.0,23.8,22.0,210072.0
745947,2022-08-29,21.8,21.85,22.7,21.7,336544.0
745947,2022-09-14,31.8,27.8,33.0,27.4,3103043.0
745947,2022-11-07,27.45,24.5,27.95,24.05,664993.0
745947,2022-12-12,27.15,28.35,28.9,27.1,386180.0
745947,2022-12-13,26.25,27.5,27.5,26.1,289066.0
745947,2023-01-18,24.55,24.8,25.0,24.5,83960.0
745947,2021-09-30,22.45,22.45,22.45,22.45,46653.0
745947,2021-10-05,25.75,25.9,25.9,24.7,1417258.0
745947,2021-10-13,26.85,27.25,27.5,26.4,199806.0
745947,2021-11-15,29.7,31.3,31.9,29.35,112188.0
745947,2021-12-22,25.1,24.5,25.5,24.5,174924.0
745947,2022-01-05,26.4,25.0,26.6,24.55,171920.0
745947,2022-01-20,30.2,30.4,31.05,29.2,113785.0
745947,2022-01-24,30.3,31.9,31.9,29.45,179208.0
745947,2022-02-10,28.4,28.0,28.7,28.0,109344.0
745947,2022-02-15,25.25,24.85,26.0,24.85,441070.0
745947,2022-02-17,24.3,25.0,25.0,23.45,334946.0
745947,2022-03-14,25.85,25.9,25.9,25.0,549272.0
745947,2022-04-04,24.4,24.4,24.55,23.4,27825.0
745947,2022-04-11,24.0,24.8,24.8,23.55,63958.0
745947,2022-04-18,23.8,24.9,25.2,23.5,108780.0
745947,2022-06-20,20.5,21.6,21.9,20.05,194764.0
745947,2022-07-20,25.8,26.9,27.7,25.55,479786.0
745947,2022-08-16,21.95,22.15,23.6,21.8,541254.0
745947,2022-08-24,22.1,22.3,22.65,22.05,86714.0
745947,2022-09-05,24.0,24.2,24.55,23.3,183799.0
745947,2022-09-27,28.65,28.0,29.2,27.4,330657.0
745947,2022-09-28,27.15,29.0,29.4,26.9,308129.0
745947,2022-11-22,25.3,25.75,25.75,25.05,98841.0
745947,2022-12-08,25.75,25.75,26.3,25.5,70536.0
745947,2022-12-28,24.7,24.85,25.15,24.1,113394.0
745947,2022-12-30,25.0,25.5,25.5,24.8,121459.0
745947,2023-02-08,22.75,22.0,22.9,21.85,130872.0
745947,2023-02-15,23.35,23.0,23.6,22.75,54863.0
745947,2023-02-27,22.15,23.35,23.35,22.05,80801.0
745947,2023-02-28,22.15,22.5,22.5,22.0,40630.0
745947,2023-03-21,22.05,21.95,23.25,21.95,167232.0
745947,2023-04-26,22.9,22.9,23.8,22.65,492460.0
745947,2023-03-16,22.65,22.55,22.8,21.9,450133.0
745947,2023-03-03,22.45,22.85,23.0,22.25,166610.0
745947,2023-04-20,22.7,23.2,23.2,22.5,34909.0
745947,2023-05-11,22.8,22.95,23.4,22.5,70406.0
745947,2023-05-15,22.75,23.45,23.45,22.7,95147.0
745947,2023-07-18,26.1,26.3,27.65,25.55,1268537.0
745947,2023-04-18,22.5,21.95,22.85,21.95,343871.0
745947,2023-05-29,21.95,22.4,22.4,21.45,229601.0
745947,2023-05-04,23.5,23.0,24.0,22.8,230574.0
745947,2023-06-28,23.45,24.0,24.0,23.25,118538.0
745947,2023-05-08,23.25,23.6,23.6,23.1,97493.0
745947,2023-07-10,22.85,23.15,23.15,22.7,56097.0
745947,2023-05-09,23.15,23.25,23.65,23.0,48436.0
745947,2023-05-10,22.9,23.1,23.1,22.6,45408.0
745947,2023-06-20,25.05,24.85,25.9,24.3,671893.0
745947,2023-08-23,29.4,29.25,29.8,28.75,197869.0
745947,2023-03-13,22.55,23.5,23.5,22.5,230880.0
745947,2023-05-30,21.95,21.6,22.25,21.6,91733.0
745947,2023-04-24,22.75,22.3,22.9,22.3,84239.0
745947,2023-05-17,22.95,22.75,23.35,22.75,44166.0
745947,2023-05-23,23.3,23.45,23.7,23.15,147145.0
745947,2023-06-02,21.75,22.0,22.1,21.7,163273.0
745947,2023-07-11,22.85,23.4,23.4,22.7,56262.0
745947,2023-07-12,22.5,23.0,23.15,22.2,264478.0
745947,2023-07-27,28.95,28.3,29.9,28.3,684393.0
745947,2023-08-09,29.5,28.55,29.85,28.1,329413.0
745947,2023-03-06,22.6,22.6,22.95,22.1,57154.0
745947,2023-04-17,22.15,22.3,22.45,21.5,93917.0
745947,2023-04-27,22.4,22.9,23.05,21.9,433842.0
745947,2023-06-19,25.0,23.75,25.7,23.1,610660.0
745947,2023-07-03,23.0,23.35,23.35,22.9,122250.0
745947,2023-07-20,30.9,28.25,31.5,28.2,5875555.0
745947,2023-04-25,22.9,23.0,23.1,22.6,119614.0
745947,2023-03-23,22.45,22.65,22.75,22.3,218166.0
745947,2023-03-01,22.6,22.25,22.65,22.05,51626.0
745947,2023-06-05,21.9,22.0,22.1,21.8,169097.0
745947,2023-07-06,22.9,22.55,23.5,22.55,179612.0
745947,2023-08-02,30.35,30.65,32.1,29.5,904184.0
745947,2023-08-18,27.15,27.6,27.75,26.8,159206.0
745947,2023-03-17,22.6,22.65,22.85,22.55,162132.0
745947,2023-03-29,20.85,20.15,22.6,20.15,232696.0
745947,2023-05-25,21.85,21.95,22.35,21.6,343343.0
745947,2023-06-07,22.15,21.9,22.5,21.7,217104.0
745947,2023-06-08,22.55,22.45,22.75,22.0,402557.0
745947,2023-06-15,24.3,23.0,24.7,22.8,772959.0
745947,2023-06-30,23.0,23.75,23.75,22.75,160334.0
745947,2023-07-21,30.05,30.7,31.0,29.5,1261053.0
745947,2023-07-26,28.2,28.55,28.95,28.1,397445.0
745947,2023-08-01,31.9,30.5,33.45,30.2,2216755.0
745947,2023-03-02,22.7,22.95,22.95,22.35,27781.0
745947,2023-05-22,23.25,23.75,23.75,22.85,253703.0
745947,2023-05-31,21.75,22.35,22.35,21.45,255298.0
745947,2023-07-05,22.95,23.0,23.55,22.8,107229.0
745947,2023-08-11,28.25,28.85,29.0,27.95,247632.0
745947,2023-08-22,28.7,26.55,29.15,26.45,1003145.0
745947,2023-04-10,21.7,21.3,21.95,21.3,93896.0
745947,2023-05-02,23.05,23.0,23.35,22.55,134497.0
745947,2023-06-01,21.7,21.55,22.15,21.55,155475.0
745947,2023-06-13,22.65,22.9,23.0,22.5,75933.0
745947,2023-07-04,22.8,22.75,23.15,22.7,91682.0
745947,2023-07-07,22.85,22.65,23.2,22.65,93422.0
745947,2023-07-19,27.85,25.7,28.15,25.7,2343718.0
745947,2023-07-31,30.45,28.95,31.2,28.55,1050763.0
745947,2023-03-24,22.0,22.55,22.9,21.9,118677.0
745947,2023-03-27,21.45,22.1,22.55,21.2,410078.0
745947,2023-03-31,21.15,21.0,21.55,20.85,68944.0
745947,2023-07-13,21.75,22.7,22.8,21.6,230545.0
745947,2023-07-24,28.85,30.35,30.7,28.7,781020.0
745947,2023-07-28,29.05,29.0,29.4,28.3,303089.0
745947,2023-08-14,28.6,28.2,28.9,27.0,287853.0
745947,2023-03-08,23.0,22.7,23.3,22.3,307935.0
745947,2023-04-03,21.35,21.0,21.8,21.0,181393.0
745947,2023-04-28,22.9,22.55,23.0,22.55,141129.0
745947,2023-05-03,22.95,22.95,23.65,22.85,127464.0
745947,2023-05-26,21.85,21.95,22.15,21.65,296009.0
745947,2023-06-09,23.1,22.55,23.4,22.55,323257.0
745947,2023-07-14,22.45,21.95,22.7,21.75,143268.0
745947,2023-07-25,28.45,29.0,29.25,27.7,675865.0
745947,2023-08-03,29.65,30.5,30.7,28.95,373436.0
745947,2023-08-04,29.7,29.9,30.9,29.25,346344.0
745947,2023-08-10,28.45,29.85,30.15,28.3,308267.0
745947,2023-08-16,27.55,27.7,28.8,27.15,354774.0
745947,2023-03-10,23.1,23.3,23.6,22.85,349247.0
745947,2023-03-20,21.9,22.25,22.5,21.25,135848.0
745947,2023-03-09,23.7,23.1,25.0,23.05,431320.0
745947,2023-04-06,21.6,22.25,22.25,21.1,85924.0
745947,2023-04-12,21.9,22.0,22.25,21.75,80332.0
745947,2023-04-13,21.85,22.35,22.35,21.7,82024.0
745947,2023-04-21,22.6,22.9,23.0,22.5,16928.0
745947,2023-05-12,23.1,22.5,23.25,22.5,66408.0
745947,2023-05-16,22.9,22.95,23.4,22.7,192247.0
745947,2023-06-06,21.85,21.9,22.0,21.8,52750.0
745947,2023-06-16,23.9,24.9,24.9,23.75,206896.0
745947,2023-06-27,23.8,23.75,24.5,23.7,147239.0
745947,2023-03-15,22.8,23.3,23.3,22.65,142508.0
745947,2023-04-19,22.85,22.7,23.45,22.45,178904.0
745947,2023-05-18,22.9,23.4,23.4,22.6,220674.0
745947,2023-05-24,22.1,22.9,22.9,22.0,345942.0
745947,2023-06-12,22.7,23.05,23.3,22.6,297502.0
745947,2023-06-21,24.9,25.45,25.55,24.6,311883.0
745947,2023-06-14,23.05,22.6,23.3,22.3,267173.0
745947,2023-06-26,24.0,23.75,24.65,23.6,259550.0
745947,2023-06-23,23.75,24.6,24.8,23.5,330595.0
745947,2023-08-07,28.75,30.0,30.0,28.2,360463.0
745947,2023-07-17,26.3,22.75,26.85,22.55,3794943.0
745947,2023-08-08,28.0,28.5,29.3,27.8,263449.0
745947,2023-03-14,23.0,22.55,23.2,22.3,130770.0
745947,2023-04-11,21.85,21.95,22.0,21.5,105718.0
745947,2023-06-22,24.4,24.9,25.7,24.35,381383.0
745947,2023-08-17,27.15,28.0,28.3,26.15,577198.0
745947,2023-03-22,22.3,22.5,23.8,21.55,228483.0
745947,2023-03-28,20.6,21.3,21.7,20.3,163584.0
745947,2023-04-05,21.75,21.65,22.5,21.3,401166.0
745947,2023-05-05,23.15,23.9,23.9,22.8,75713.0
745947,2023-05-19,23.3,22.9,23.6,22.75,373788.0
745947,2023-08-21,26.5,27.55,27.6,26.2,273507.0
