stockid,date,close,open,high,low,volume
1003522,2021-09-15,124.65,122.05,128.25,120.25,1889404.0
1003522,2021-11-29,100.6,109.4,109.4,95.6,6636305.0
1003522,2021-12-03,108.95,102.45,114.2,102.0,5540114.0
1003522,2021-12-16,109.95,111.55,112.85,108.5,785035.0
1003522,2022-01-06,107.15,107.9,110.25,105.8,1022019.0
1003522,2022-02-28,93.3,95.85,95.85,90.1,618566.0
1003522,2022-04-27,128.45,122.0,129.7,119.6,2537282.0
1003522,2022-06-09,129.05,129.65,131.9,127.4,826770.0
1003522,2022-07-07,131.15,125.45,131.95,125.25,2466796.0
1003522,2022-07-18,134.8,134.55,137.6,133.1,1458698.0
1003522,2022-07-22,139.15,142.15,148.2,137.55,6641577.0
1003522,2022-09-19,132.15,130.85,134.8,128.75,2456942.0
1003522,2022-10-06,124.25,124.75,126.4,123.65,579930.0
1003522,2022-11-03,112.05,108.1,113.55,108.1,1308299.0
1003522,2022-12-20,113.75,113.6,116.2,112.0,544988.0
1003522,2023-01-24,100.0,99.1,100.9,98.2,842650.0
1003522,2023-01-25,99.65,100.25,100.7,98.25,584660.0
1003522,2023-02-07,98.3,98.8,99.45,98.0,311903.0
1003522,2023-03-17,88.35,87.5,89.95,87.5,456361.0
1003522,2023-03-21,84.85,87.9,88.55,84.55,675538.0
1003522,2023-03-31,77.7,77.15,81.0,76.9,1242250.0
1003522,2023-04-27,84.35,86.05,87.9,84.0,723228.0
1003522,2021-08-18,89.25,85.0,89.25,85.0,242314.0
1003522,2021-09-14,120.25,114.55,125.4,114.55,1902339.0
1003522,2021-09-30,123.15,117.5,123.8,117.5,923713.0
1003522,2021-10-11,122.4,125.85,127.35,122.1,1250025.0
1003522,2021-10-29,109.4,111.15,112.0,108.7,575961.0
1003522,2021-11-04,103.9,107.5,107.5,103.2,220307.0
1003522,2021-11-11,94.65,94.3,96.4,87.05,974205.0
1003522,2021-11-30,96.75,100.7,104.9,96.0,1878410.0
1003522,2021-12-02,101.85,101.0,103.95,101.0,1132951.0
1003522,2021-12-22,102.05,102.3,103.5,101.05,642133.0
1003522,2021-12-24,107.25,111.1,111.7,106.15,674212.0
1003522,2022-01-14,113.75,113.45,116.5,112.5,712124.0
1003522,2022-02-01,113.6,110.8,114.2,105.0,1038726.0
1003522,2022-02-25,95.2,92.45,96.0,92.0,631271.0
1003522,2022-04-04,109.5,109.55,112.0,107.9,1039882.0
1003522,2022-05-24,121.6,124.05,127.35,120.25,1461876.0
1003522,2022-06-03,133.4,137.4,140.9,132.15,4433188.0
1003522,2022-06-08,130.55,133.95,134.6,126.25,1082728.0
1003522,2022-07-28,129.7,131.85,133.95,129.2,1621323.0
1003522,2022-08-04,125.65,128.4,130.9,124.0,1737564.0
1003522,2022-08-10,120.7,122.5,122.8,120.05,943584.0
1003522,2022-09-20,128.7,132.9,134.1,128.25,1223754.0
1003522,2022-09-27,123.0,117.95,123.8,115.05,1252341.0
1003522,2022-10-13,116.65,119.0,119.75,116.1,968104.0
1003522,2022-10-18,116.55,115.6,117.45,114.3,727618.0
1003522,2022-11-17,115.75,116.4,117.1,115.4,254580.0
1003522,2022-11-28,113.05,113.15,114.25,112.55,318027.0
1003522,2022-12-01,111.25,110.4,112.4,110.35,586840.0
1003522,2022-12-06,112.7,112.3,114.0,112.0,281113.0
1003522,2022-12-13,110.6,111.0,112.5,110.4,331548.0
1003522,2023-01-12,109.15,108.4,109.9,108.0,256912.0
1003522,2023-03-23,83.95,85.85,87.1,83.75,606063.0
1003522,2023-03-24,80.4,84.15,84.3,80.1,1035966.0
1003522,2023-05-02,83.15,86.0,86.8,82.8,1579657.0
1003522,2021-08-24,103.25,103.25,103.25,100.0,563975.0
1003522,2021-09-24,122.75,127.4,128.0,121.65,1347748.0
1003522,2021-09-27,121.05,123.75,124.35,120.2,533099.0
1003522,2021-10-07,126.1,128.45,129.85,125.15,680555.0
1003522,2021-10-26,111.35,109.0,113.7,109.0,467271.0
1003522,2021-11-01,106.05,109.5,111.0,105.0,636759.0
1003522,2021-11-22,85.95,91.0,91.25,85.4,1100093.0
1003522,2022-03-09,94.35,92.0,94.9,91.55,665166.0
1003522,2022-03-10,94.65,96.95,98.2,94.2,705568.0
1003522,2022-03-21,96.9,95.65,98.55,94.85,750463.0
1003522,2022-04-21,121.2,116.0,121.9,116.0,3489266.0
1003522,2022-05-05,135.4,142.0,144.4,133.25,5123091.0
1003522,2022-07-27,131.0,128.15,132.7,127.1,1652538.0
1003522,2022-08-25,124.35,124.0,126.6,123.65,904130.0
1003522,2022-09-07,129.6,128.85,132.9,128.0,1207035.0
1003522,2022-10-07,124.8,124.25,125.95,123.0,474713.0
1003522,2022-11-04,115.75,112.6,116.75,109.75,1007213.0
1003522,2022-11-07,116.7,116.65,118.8,114.5,658841.0
1003522,2022-12-14,110.2,111.05,111.45,110.05,319985.0
1003522,2022-12-23,105.85,107.25,109.8,105.45,991603.0
1003522,2023-03-16,86.65,86.05,87.3,84.4,417899.0
1003522,2023-04-06,93.4,90.8,94.15,90.4,845798.0
1003522,2021-08-25,108.4,108.4,108.4,108.4,56627.0
1003522,2021-08-31,113.6,113.25,114.7,108.65,824633.0
1003522,2021-10-05,131.55,130.5,132.8,129.6,1144269.0
1003522,2021-10-14,120.6,122.4,123.6,119.9,493625.0
1003522,2021-12-30,111.45,112.8,115.0,111.05,674794.0
1003522,2022-01-19,121.95,121.7,124.2,118.65,1183514.0
1003522,2022-02-14,97.7,99.5,101.5,96.8,842028.0
1003522,2022-02-24,89.4,90.5,94.9,89.0,1126856.0
1003522,2022-03-15,95.1,94.5,96.4,94.1,475448.0
1003522,2022-03-24,107.5,103.0,108.0,102.35,1131592.0
1003522,2022-04-05,108.85,110.2,113.95,107.7,1235020.0
1003522,2022-05-12,114.25,116.65,121.7,113.05,2099518.0
1003522,2022-05-20,125.45,114.5,126.9,114.25,6072228.0
1003522,2022-06-10,125.85,127.75,128.7,124.6,774668.0
1003522,2022-07-04,126.65,124.9,127.4,124.05,755749.0
1003522,2022-07-25,134.05,138.0,138.9,133.5,2647591.0
1003522,2022-08-08,122.25,122.3,124.65,120.85,973243.0
1003522,2022-10-11,120.7,122.75,123.65,120.15,402969.0
1003522,2022-10-12,118.8,121.5,121.6,118.05,567725.0
1003522,2022-10-25,111.3,113.2,113.5,109.65,945545.0
1003522,2022-11-14,119.25,115.5,119.85,112.95,1706586.0
1003522,2022-11-18,114.35,116.3,116.55,113.6,344546.0
1003522,2023-01-02,110.7,111.45,111.45,110.3,230337.0
1003522,2023-01-03,111.45,111.1,113.2,110.7,475492.0
1003522,2023-02-06,98.3,98.75,99.2,98.0,365203.0
1003522,2023-02-14,97.95,99.75,99.75,97.6,231128.0
1003522,2023-02-15,98.8,98.25,99.1,97.95,226776.0
1003522,2023-03-01,93.55,92.65,94.0,92.65,157689.0
1003522,2023-04-05,90.65,87.0,93.0,85.75,2383241.0
1003522,2023-05-04,86.6,83.75,88.15,83.3,1395352.0
1003522,2021-09-06,129.4,132.0,135.55,127.2,1912518.0
1003522,2021-09-16,120.05,126.4,126.65,119.1,1353544.0
1003522,2021-10-22,106.85,112.3,113.3,106.2,624821.0
1003522,2021-10-27,109.8,110.5,112.5,104.55,1526639.0
1003522,2021-11-12,94.6,95.0,96.4,94.0,574087.0
1003522,2021-12-13,109.85,116.0,116.9,109.0,1395672.0
1003522,2021-12-17,105.8,109.5,109.5,105.15,860091.0
1003522,2022-02-15,102.3,99.7,103.3,95.45,771988.0
1003522,2022-04-25,124.35,118.9,125.7,115.0,4087326.0
1003522,2022-05-13,115.5,116.5,120.0,114.4,2089515.0
1003522,2022-06-13,119.1,120.55,122.95,118.5,1120476.0
1003522,2022-06-20,108.3,115.65,116.65,105.95,1280657.0
1003522,2022-08-01,128.95,128.6,130.4,127.3,1019934.0
1003522,2022-09-08,130.4,131.0,133.0,129.2,957771.0
1003522,2022-09-12,127.35,129.75,130.5,127.1,998275.0
1003522,2022-09-23,122.75,126.3,127.4,120.55,1412999.0
1003522,2022-09-30,119.6,118.7,122.0,118.15,700870.0
1003522,2022-10-03,119.5,119.9,121.15,118.1,467350.0
1003522,2022-10-21,114.55,119.5,120.6,113.25,1923555.0
1003522,2022-10-28,111.4,112.3,112.95,110.1,543726.0
1003522,2022-11-10,115.65,115.1,116.5,114.05,386742.0
1003522,2022-12-07,112.3,112.95,113.6,112.0,243097.0
1003522,2023-01-04,110.35,111.45,113.35,110.1,381944.0
1003522,2023-01-09,108.45,108.55,109.6,108.0,284507.0
1003522,2023-01-10,108.9,108.9,110.25,108.2,258899.0
1003522,2023-01-19,107.6,108.6,109.35,107.25,163768.0
1003522,2023-02-20,98.45,98.95,99.75,98.1,166354.0
1003522,2023-02-28,92.65,92.3,93.0,91.85,177797.0
1003522,2023-03-14,87.65,89.0,90.35,87.25,661171.0
1003522,2023-05-08,83.7,85.4,85.5,83.2,585877.0
1003522,2021-11-25,86.0,82.7,86.9,82.15,2174073.0
1003522,2022-02-03,115.15,116.25,117.8,112.7,1509066.0
1003522,2022-02-17,100.85,104.5,104.85,100.05,360422.0
1003522,2022-03-17,94.65,95.1,96.1,94.1,716217.0
1003522,2022-04-01,108.9,105.0,109.5,104.65,1022918.0
1003522,2022-04-08,107.7,108.8,109.3,107.05,338608.0
1003522,2022-05-10,124.25,124.0,129.5,123.05,2991095.0
1003522,2022-05-23,124.9,126.4,130.5,122.2,3286611.0
1003522,2022-07-15,133.15,131.6,134.2,130.25,963829.0
1003522,2022-08-23,123.75,122.7,124.7,121.5,783261.0
1003522,2022-09-29,120.35,123.95,125.25,120.0,482388.0
1003522,2022-10-10,122.4,122.6,124.5,122.1,464131.0
1003522,2022-10-27,111.9,110.15,114.4,110.05,785936.0
1003522,2023-01-05,110.15,111.0,111.4,109.5,219727.0
1003522,2023-01-11,108.15,109.4,109.75,107.95,181228.0
1003522,2023-01-13,111.15,109.65,111.5,108.75,314916.0
1003522,2023-01-23,98.9,97.0,100.4,93.65,3062102.0
1003522,2023-04-11,89.55,90.0,90.65,88.25,361296.0
1003522,2023-04-12,92.0,89.9,93.8,88.85,542777.0
1003522,2023-04-19,89.45,89.5,91.35,89.05,235024.0
1003522,2023-04-21,88.55,88.9,90.3,88.3,287360.0
1003522,2021-09-09,118.15,117.0,121.6,116.3,1272766.0
1003522,2021-10-04,129.6,123.05,134.0,122.3,3504210.0
1003522,2021-10-28,111.8,110.6,112.7,105.65,742432.0
1003522,2021-11-02,104.8,107.0,107.9,104.1,460001.0
1003522,2021-11-09,97.4,101.75,101.85,96.5,1556739.0
1003522,2021-12-06,108.4,111.0,114.2,107.2,2254949.0
1003522,2021-12-10,114.65,116.7,118.9,114.1,1088953.0
1003522,2022-01-13,113.85,116.8,117.0,110.25,1191632.0
1003522,2022-01-27,112.75,111.9,114.3,107.75,676401.0
1003522,2022-02-04,112.0,116.1,116.1,111.5,854374.0
1003522,2022-02-23,96.0,93.55,97.35,93.55,444629.0
1003522,2022-03-14,93.75,94.0,95.4,93.0,740660.0
1003522,2022-04-13,109.3,105.3,110.35,105.3,802229.0
1003522,2022-05-02,140.65,123.8,143.0,122.85,13482465.0
1003522,2022-05-09,123.3,129.8,129.8,122.2,2260439.0
1003522,2022-05-17,117.9,119.1,120.8,117.2,2026624.0
1003522,2022-06-17,115.25,114.8,116.75,112.35,1125916.0
1003522,2022-09-01,123.85,122.8,125.25,122.45,619592.0
1003522,2022-09-05,123.25,122.9,124.75,122.6,482572.0
1003522,2022-11-23,112.85,114.25,114.3,112.55,359156.0
1003522,2022-11-25,113.15,113.8,115.15,113.0,265671.0
1003522,2022-12-05,112.35,111.7,114.0,111.4,668364.0
1003522,2023-02-08,98.25,98.65,99.25,98.0,240483.0
1003522,2023-02-09,98.35,98.7,98.8,98.2,137557.0
1003522,2023-02-21,97.65,98.75,99.05,97.55,195802.0
1003522,2023-04-18,90.15,88.25,91.9,88.25,392548.0
1003522,2021-08-30,112.85,114.9,114.9,107.5,873097.0
1003522,2021-09-01,119.25,113.5,119.25,111.0,1344191.0
1003522,2021-09-13,114.5,118.4,118.95,114.0,974856.0
1003522,2021-10-08,125.25,127.0,128.4,124.15,621804.0
1003522,2021-10-12,121.1,122.0,123.75,120.2,607213.0
1003522,2021-10-25,107.55,105.35,112.8,100.55,926483.0
1003522,2021-12-23,111.2,102.95,114.0,102.2,2241428.0
1003522,2021-12-31,110.5,112.2,113.3,110.05,638647.0
1003522,2022-01-04,109.9,111.6,112.85,108.95,644046.0
1003522,2022-01-11,115.9,113.8,119.95,112.6,3151149.0
1003522,2022-01-18,121.5,123.7,127.15,120.25,3590021.0
1003522,2022-01-28,112.4,113.95,115.8,112.0,585277.0
1003522,2022-03-03,95.7,97.0,98.05,95.05,369728.0
1003522,2022-03-16,93.95,96.0,96.7,93.75,778666.0
1003522,2022-03-31,104.3,106.2,107.7,104.0,394158.0
1003522,2022-04-18,107.6,108.2,109.1,106.95,542981.0
1003522,2022-05-26,119.4,116.85,121.7,110.0,2547017.0
1003522,2022-07-06,124.55,124.9,126.25,123.1,651042.0
1003522,2022-07-20,138.85,143.3,143.7,137.25,2249216.0
1003522,2022-08-05,122.3,126.1,127.8,121.65,1207577.0
1003522,2022-09-14,130.85,127.0,132.7,127.0,1768876.0
1003522,2022-11-24,113.25,112.9,114.7,112.55,248783.0
1003522,2022-12-02,111.15,111.75,112.2,110.65,276505.0
1003522,2023-01-18,108.8,110.2,110.65,108.55,209613.0
1003522,2023-03-08,92.75,92.5,93.1,92.1,220178.0
1003522,2023-03-09,93.05,92.9,94.35,92.8,296614.0
1003522,2023-03-10,91.5,92.85,92.9,90.95,558120.0
1003522,2023-04-24,88.9,88.95,89.3,88.0,263974.0
1003522,2023-05-05,84.85,86.45,87.2,84.05,428887.0
1003522,2021-09-20,116.85,118.0,122.2,116.0,1082286.0
1003522,2021-11-17,91.3,93.35,94.2,90.65,665006.0
1003522,2021-12-27,112.85,105.8,115.45,105.7,1650631.0
1003522,2022-01-03,111.6,111.05,113.5,110.85,619664.0
1003522,2022-01-12,116.5,116.85,118.75,116.0,942650.0
1003522,2022-01-17,121.7,113.75,123.9,113.75,2930227.0
1003522,2022-02-02,116.25,114.3,120.5,114.25,2572961.0
1003522,2022-02-11,102.75,104.0,104.75,102.25,536706.0
1003522,2022-02-18,98.8,101.7,101.7,98.25,328680.0
1003522,2022-02-22,93.5,92.0,94.05,91.2,796405.0
1003522,2022-03-11,94.3,95.05,96.75,92.7,615930.0
1003522,2022-06-21,114.3,109.9,115.9,109.6,991312.0
1003522,2022-07-05,124.9,126.95,130.0,124.2,1557201.0
1003522,2022-11-15,117.9,120.0,120.9,117.55,572762.0
1003522,2022-12-30,110.85,110.0,112.45,110.0,401839.0
1003522,2023-01-30,98.65,99.0,100.4,98.0,401593.0
1003522,2023-01-31,99.55,98.55,99.95,98.25,250783.0
1003522,2023-02-01,99.2,100.0,104.1,98.75,704886.0
1003522,2023-02-22,95.7,97.45,97.9,95.15,632847.0
1003522,2023-02-23,94.3,95.2,96.5,94.1,385687.0
1003522,2023-02-24,93.95,94.75,96.8,93.55,332182.0
1003522,2023-03-06,92.75,92.7,93.9,92.5,250980.0
1003522,2023-04-25,88.6,88.65,89.75,88.4,170915.0
1003522,2021-09-23,126.1,119.6,129.7,119.05,3032317.0
1003522,2021-10-20,113.6,116.65,117.0,112.1,606089.0
1003522,2021-11-10,94.3,97.0,97.85,93.6,1178806.0
1003522,2022-02-08,106.3,109.6,110.55,104.6,831116.0
1003522,2022-03-29,102.7,107.7,109.4,100.55,1301036.0
1003522,2022-03-30,107.0,103.5,108.95,103.45,1343360.0
1003522,2022-05-19,112.2,113.55,115.0,111.7,1194742.0
1003522,2022-06-28,123.8,119.6,127.7,118.05,2644438.0
1003522,2022-07-29,127.85,130.6,131.7,126.8,1250299.0
1003522,2022-08-03,128.2,131.25,132.7,127.0,866938.0
1003522,2022-08-11,125.85,121.65,126.8,121.05,1356500.0
1003522,2022-08-12,125.05,126.85,128.3,124.2,948105.0
1003522,2022-08-22,122.7,124.75,124.75,122.25,591416.0
1003522,2022-11-02,108.55,109.9,111.35,108.0,515883.0
1003522,2022-11-16,116.8,117.95,119.35,116.45,324948.0
1003522,2022-11-22,113.65,113.4,114.7,113.35,190748.0
1003522,2022-12-09,110.85,112.0,112.9,110.55,291738.0
1003522,2022-12-12,110.65,110.5,111.85,110.05,282319.0
1003522,2022-12-15,115.95,110.05,116.5,110.05,1621087.0
1003522,2022-12-22,107.55,111.0,112.0,107.1,814096.0
1003522,2023-01-16,110.5,111.7,112.75,110.1,242749.0
1003522,2023-01-20,105.6,107.9,108.3,105.05,397879.0
1003522,2023-02-17,98.95,99.4,101.15,98.55,284507.0
1003522,2023-03-13,88.6,91.6,92.55,88.3,686457.0
1003522,2023-03-27,76.5,79.75,80.6,76.05,1001538.0
1003522,2023-04-10,89.15,93.4,94.25,88.5,747790.0
1003522,2021-08-23,98.35,98.35,98.35,98.35,262813.0
1003522,2021-08-26,106.3,113.8,113.8,104.5,1618697.0
1003522,2021-08-27,111.45,103.65,111.6,101.0,1742847.0
1003522,2021-09-28,118.7,121.9,121.9,116.7,604526.0
1003522,2021-10-01,122.95,122.3,126.5,121.75,1318075.0
1003522,2021-10-18,118.65,121.0,121.95,118.2,680556.0
1003522,2021-10-19,116.65,118.9,122.45,116.1,763448.0
1003522,2021-11-03,102.55,105.55,105.75,102.0,483848.0
1003522,2021-11-08,101.75,104.95,104.95,100.9,454109.0
1003522,2021-12-07,107.05,110.4,110.9,106.3,1645525.0
1003522,2022-02-09,105.35,106.8,108.9,104.9,468605.0
1003522,2022-03-02,95.95,92.2,97.55,92.2,723426.0
1003522,2022-03-08,90.95,89.0,91.8,88.5,467848.0
1003522,2022-04-06,108.85,108.7,110.8,104.0,933436.0
1003522,2022-04-11,107.6,107.7,108.8,107.05,412425.0
1003522,2022-04-26,124.3,127.0,132.4,122.9,5587748.0
1003522,2022-05-11,118.4,125.4,128.5,113.45,3584554.0
1003522,2022-05-18,116.15,118.6,122.45,115.55,2515783.0
1003522,2022-05-27,120.1,121.45,123.5,119.45,1142471.0
1003522,2022-06-29,123.6,122.75,126.6,122.2,1104502.0
1003522,2022-08-18,125.95,125.9,127.6,125.25,601656.0
1003522,2022-08-19,125.2,126.55,126.95,124.0,719186.0
1003522,2022-08-24,123.0,124.4,125.8,122.2,571177.0
1003522,2022-08-30,122.65,123.0,125.0,121.6,664058.0
1003522,2022-10-14,116.35,118.15,119.0,115.85,932620.0
1003522,2022-10-19,121.0,117.35,121.8,117.25,1003355.0
1003522,2022-10-20,118.55,121.0,122.25,117.75,803352.0
1003522,2022-10-31,110.65,111.8,112.7,110.1,439051.0
1003522,2022-11-29,111.8,113.45,113.8,111.1,456861.0
1003522,2022-12-08,111.75,112.3,113.5,111.55,207669.0
1003522,2023-02-16,99.6,99.3,101.8,98.9,310316.0
1003522,2023-03-15,86.3,88.3,89.65,85.3,738732.0
1003522,2023-03-20,86.95,89.4,89.4,85.7,285026.0
1003522,2023-03-22,85.8,84.85,87.6,84.85,587027.0
1003522,2023-03-28,76.8,76.05,79.2,76.0,1573263.0
1003522,2023-04-13,91.3,92.0,93.7,90.45,380530.0
1003522,2023-05-10,83.85,83.7,84.85,82.6,269661.0
1003522,2021-09-08,116.45,122.0,122.0,114.5,2255412.0
1003522,2021-10-21,111.65,115.05,115.6,110.9,522606.0
1003522,2021-11-23,84.5,85.05,86.3,83.9,1597310.0
1003522,2021-12-08,113.2,108.0,114.35,108.0,1920994.0
1003522,2021-12-28,111.85,113.75,116.7,111.3,1616161.0
1003522,2022-01-21,116.1,119.85,121.25,114.0,1123422.0
1003522,2022-02-10,105.25,106.2,107.0,104.5,683206.0
1003522,2022-02-16,103.15,103.1,104.75,102.35,370477.0
1003522,2022-04-20,114.5,108.7,119.0,107.7,4827857.0
1003522,2022-05-31,126.05,123.0,129.4,121.8,2461027.0
1003522,2022-06-06,131.55,133.15,135.3,128.5,2921229.0
1003522,2022-06-07,132.95,130.75,134.75,129.9,1717213.0
1003522,2022-06-22,111.55,113.8,116.85,111.0,791020.0
1003522,2022-06-23,111.0,112.45,114.5,109.6,748276.0
1003522,2022-07-13,132.45,133.9,136.3,131.55,1498013.0
1003522,2022-07-14,130.8,133.5,133.8,128.7,1328946.0
1003522,2022-07-19,142.05,134.05,142.95,134.05,4001171.0
1003522,2022-07-26,127.6,134.75,135.3,126.3,2607002.0
1003522,2022-08-02,131.1,130.0,133.75,129.4,1291674.0
1003522,2022-09-21,127.3,129.1,129.9,126.0,629026.0
1003522,2022-10-24,113.7,114.55,115.0,112.2,512738.0
1003522,2022-12-16,115.25,115.7,117.8,114.7,826850.0
1003522,2022-12-28,109.3,109.15,111.85,108.85,420145.0
1003522,2023-01-27,98.35,99.7,100.9,97.7,663531.0
1003522,2023-05-15,83.25,83.6,83.95,83.05,204621.0
1003522,2021-10-13,122.2,121.6,124.5,121.0,619504.0
1003522,2021-11-16,93.6,92.0,95.9,92.0,1524869.0
1003522,2021-11-26,103.2,86.0,103.2,82.0,14205261.0
1003522,2021-12-15,111.45,111.1,113.5,109.3,905367.0
1003522,2021-12-20,100.65,105.0,105.0,97.5,1178108.0
1003522,2022-01-10,113.3,107.9,114.95,107.15,1714909.0
1003522,2022-02-21,95.15,99.7,99.7,94.6,632646.0
1003522,2022-03-07,89.2,91.95,91.95,88.7,860873.0
1003522,2022-04-07,108.3,109.3,110.7,107.1,537706.0
1003522,2022-06-15,122.3,120.65,123.4,120.4,792251.0
1003522,2022-06-24,116.9,112.5,119.0,112.2,960662.0
1003522,2022-06-30,124.35,123.9,129.0,123.55,1703304.0
1003522,2022-07-01,124.05,124.1,125.6,122.2,579474.0
1003522,2022-07-08,131.9,132.2,134.4,130.3,1453645.0
1003522,2022-08-26,123.6,125.3,126.4,123.15,490076.0
1003522,2022-08-29,121.4,121.05,122.4,120.7,705861.0
1003522,2022-09-16,130.85,132.2,133.55,127.6,1391209.0
1003522,2022-09-28,122.7,121.2,124.9,121.2,582994.0
1003522,2022-10-17,114.7,116.45,117.2,114.5,733894.0
1003522,2022-11-01,109.35,110.75,111.6,108.95,583545.0
1003522,2022-11-09,116.35,117.0,119.5,115.5,932347.0
1003522,2023-01-06,108.05,110.15,110.6,107.75,292175.0
1003522,2023-03-02,92.55,93.4,94.5,92.15,152765.0
1003522,2023-04-26,85.75,88.9,89.15,85.55,567104.0
1003522,2021-09-17,118.6,121.5,125.1,118.0,1075737.0
1003522,2021-11-24,81.85,85.1,86.5,81.1,2238537.0
1003522,2021-12-01,100.9,98.9,102.8,98.3,2193949.0
1003522,2021-12-09,116.4,113.8,117.85,113.15,1871906.0
1003522,2022-01-20,121.25,122.1,124.4,120.45,802134.0
1003522,2022-02-07,108.75,112.65,113.0,108.3,849429.0
1003522,2022-03-04,93.5,94.0,95.5,92.5,477225.0
1003522,2022-03-22,105.5,97.0,107.35,96.5,3208776.0
1003522,2022-04-22,120.7,120.9,125.85,119.55,3573903.0
1003522,2022-05-06,129.8,131.35,134.25,129.2,2714778.0
1003522,2022-05-16,118.8,115.5,121.3,113.85,2682650.0
1003522,2022-06-02,136.3,134.0,138.6,133.55,2695950.0
1003522,2022-06-14,119.5,118.5,123.45,117.8,986452.0
1003522,2022-07-11,131.3,131.25,134.75,130.75,1175276.0
1003522,2022-09-02,122.9,124.5,124.9,122.5,472315.0
1003522,2022-09-22,126.2,126.9,129.0,125.0,675098.0
1003522,2022-12-27,109.15,108.8,110.75,108.55,354723.0
1003522,2023-02-03,98.35,100.15,100.55,98.0,486645.0
1003522,2023-02-10,98.2,98.4,98.85,98.0,208047.0
1003522,2023-02-13,99.3,98.2,99.95,97.3,420486.0
1003522,2023-04-03,85.5,78.1,86.5,78.1,1134838.0
1003522,2021-08-20,93.7,93.7,93.7,93.7,57874.0
1003522,2021-09-07,122.15,130.3,130.9,121.2,1556814.0
1003522,2021-09-29,117.8,118.5,118.95,116.85,496848.0
1003522,2021-11-15,91.85,95.8,96.0,90.7,716888.0
1003522,2021-12-14,110.45,108.1,113.0,108.1,751698.0
1003522,2021-12-21,101.65,102.4,104.65,100.85,685709.0
1003522,2021-12-29,112.0,112.0,114.15,111.5,650317.0
1003522,2022-01-07,107.25,107.95,109.45,106.7,847971.0
1003522,2022-03-23,104.45,106.0,108.0,103.0,1333912.0
1003522,2022-03-25,109.15,107.5,112.2,107.1,1680917.0
1003522,2022-03-28,107.9,109.85,110.7,106.55,1295743.0
1003522,2022-04-12,105.8,107.9,108.1,105.1,372308.0
1003522,2022-04-19,108.35,108.05,114.65,104.1,1934766.0
1003522,2022-04-28,125.0,129.9,130.8,124.0,1274676.0
1003522,2022-05-04,139.95,144.7,152.5,135.2,16167201.0
1003522,2022-05-25,115.45,121.1,123.5,114.7,1351865.0
1003522,2022-06-16,115.7,124.05,125.05,115.0,1507253.0
1003522,2022-06-27,120.2,118.4,122.75,118.4,907836.0
1003522,2022-09-06,129.15,123.95,130.5,123.05,2652061.0
1003522,2022-09-13,128.95,128.0,129.8,127.5,899376.0
1003522,2022-09-15,132.3,131.85,135.9,131.05,2571738.0
1003522,2022-09-26,116.95,120.0,121.1,116.1,1024835.0
1003522,2022-10-04,123.8,120.85,124.45,120.25,594598.0
1003522,2022-11-11,115.3,116.7,117.5,115.0,272355.0
1003522,2022-12-19,113.6,115.95,116.1,113.15,355651.0
1003522,2023-01-17,109.65,110.95,110.95,109.05,184803.0
1003522,2023-02-02,99.75,99.1,101.8,98.55,431174.0
1003522,2023-03-03,92.45,93.05,93.8,92.0,232976.0
1003522,2023-03-29,77.15,76.95,78.45,76.4,827689.0
1003522,2023-04-17,88.25,91.25,91.5,87.8,635573.0
1003522,2023-04-20,88.75,89.45,91.8,88.5,381106.0
1003522,2023-05-09,83.55,84.0,85.0,83.2,413058.0
1003522,2021-09-21,115.6,117.0,117.5,113.05,850094.0
1003522,2021-09-22,118.6,116.5,120.0,115.0,731976.0
1003522,2021-10-06,126.3,132.1,135.7,125.0,1623483.0
1003522,2021-11-18,91.05,92.35,92.95,90.3,819959.0
1003522,2022-01-05,108.7,110.0,110.6,108.0,567089.0
1003522,2022-01-24,109.5,116.5,116.5,107.5,1495062.0
1003522,2022-01-25,113.25,108.8,114.9,105.7,1181755.0
1003522,2022-01-31,108.8,112.9,114.5,97.3,1117306.0
1003522,2022-04-29,125.25,126.9,129.7,124.0,1761907.0
1003522,2022-05-30,122.45,121.8,124.95,121.15,1443311.0
1003522,2022-06-01,133.4,126.95,134.9,126.5,3593488.0
1003522,2022-07-12,132.9,131.2,138.0,130.85,2398163.0
1003522,2022-07-21,141.0,139.7,141.9,135.15,2226571.0
1003522,2022-08-16,126.9,125.85,129.4,124.85,1348970.0
1003522,2022-08-17,126.15,127.5,128.0,125.8,722146.0
1003522,2022-09-09,129.0,131.25,131.55,128.0,1002917.0
1003522,2022-11-21,113.4,113.95,114.75,113.1,324210.0
1003522,2022-11-30,110.3,112.2,112.65,109.6,599359.0
1003522,2022-12-21,110.3,114.5,116.0,109.5,678114.0
1003522,2022-12-26,108.25,105.95,108.8,105.65,461800.0
1003522,2022-12-29,109.4,109.0,111.3,108.95,266281.0
1003522,2023-02-27,92.55,94.35,94.4,92.0,207951.0
1003522,2023-04-28,84.8,84.95,85.9,83.6,934106.0
1003522,2023-05-03,82.5,82.8,83.8,81.6,893106.0
1003522,2023-05-11,83.6,84.25,84.8,83.4,259149.0
1003522,2023-05-12,83.35,83.5,84.2,83.2,207184.0
1003522,2023-05-31,81.65,82.0,82.25,81.5,264430.0
1003522,2023-06-02,82.3,82.1,83.55,81.95,392468.0
1003522,2023-05-17,83.15,83.75,84.25,82.9,317239.0
1003522,2023-06-08,86.55,88.3,88.8,86.1,343601.0
1003522,2023-07-18,83.65,84.7,85.25,83.2,548582.0
1003522,2023-07-11,83.35,84.25,85.5,83.05,576226.0
1003522,2023-08-11,83.25,84.75,85.1,82.85,551108.0
1003522,2023-07-19,83.5,83.95,84.5,83.2,297906.0
1003522,2023-08-23,82.05,81.3,82.5,80.95,163577.0
1003522,2023-08-04,84.15,84.75,85.45,83.75,630172.0
1003522,2023-06-09,85.25,86.55,87.3,85.0,392775.0
1003522,2023-06-01,81.9,81.95,82.9,81.4,353128.0
1003522,2023-06-06,87.25,87.85,90.0,86.15,1975891.0
1003522,2023-06-21,89.05,87.2,90.95,86.6,1457986.0
1003522,2023-07-04,86.25,88.7,89.25,85.5,829363.0
1003522,2023-08-21,78.75,78.0,80.0,77.1,503419.0
1003522,2023-06-26,93.15,91.15,93.5,89.25,1101725.0
1003522,2023-07-10,83.7,85.7,86.05,83.5,632605.0
1003522,2023-08-07,83.05,84.15,84.4,82.7,584783.0
1003522,2023-06-28,88.35,90.8,91.7,88.0,888927.0
1003522,2023-07-07,85.3,86.85,87.05,84.2,748786.0
1003522,2023-05-19,81.45,82.6,82.7,81.25,286619.0
1003522,2023-05-29,82.05,82.9,85.05,81.8,642992.0
1003522,2023-06-23,91.0,91.35,93.2,90.05,1184401.0
1003522,2023-05-23,82.2,81.0,83.9,81.0,523710.0
1003522,2023-05-30,81.8,82.1,83.7,81.55,472401.0
1003522,2023-06-14,85.9,87.1,87.6,85.2,608838.0
1003522,2023-06-16,87.2,86.0,88.9,85.75,1250221.0
1003522,2023-06-20,86.75,87.2,88.3,85.85,754034.0
1003522,2023-06-30,89.4,88.8,90.0,88.55,543118.0
1003522,2023-07-25,81.15,81.8,82.8,80.75,679044.0
1003522,2023-08-14,78.25,83.45,83.45,77.7,2131002.0
1003522,2023-06-07,87.75,87.55,89.75,87.45,770590.0
1003522,2023-06-22,90.8,89.5,92.3,89.25,1585491.0
1003522,2023-07-14,83.25,82.35,83.9,81.75,484977.0
1003522,2023-08-02,83.55,83.3,85.25,82.6,1174433.0
1003522,2023-06-27,90.15,93.35,94.4,89.75,1197476.0
1003522,2023-07-03,88.55,89.85,90.3,88.0,581570.0
1003522,2023-07-05,87.05,86.7,87.6,86.5,426865.0
1003522,2023-07-12,82.55,83.9,84.0,82.35,530303.0
1003522,2023-07-21,82.6,82.5,83.3,82.3,410153.0
1003522,2023-08-16,78.2,77.95,79.4,76.0,1162801.0
1003522,2023-05-24,82.75,82.0,83.1,81.6,275970.0
1003522,2023-06-05,87.5,83.2,88.0,82.95,1522116.0
1003522,2023-07-27,82.85,81.2,84.0,80.3,1213166.0
1003522,2023-06-12,87.95,85.95,88.3,85.25,696488.0
1003522,2023-05-25,82.15,82.85,83.1,81.5,209579.0
1003522,2023-05-26,82.3,82.05,82.65,81.7,223893.0
1003522,2023-07-13,81.95,82.5,83.85,81.7,520600.0
1003522,2023-08-08,84.0,83.3,84.2,83.05,357571.0
1003522,2023-08-09,84.35,84.45,85.2,84.0,558561.0
1003522,2023-05-18,82.2,83.5,84.05,82.0,363589.0
1003522,2023-07-17,84.45,83.85,85.4,83.55,423484.0
1003522,2023-07-31,81.65,82.75,83.25,81.45,662541.0
1003522,2023-06-13,86.7,88.35,88.8,85.9,806572.0
1003522,2023-06-15,85.3,86.25,87.1,84.65,435368.0
1003522,2023-07-24,81.85,82.9,84.2,81.7,890933.0
1003522,2023-07-26,80.65,81.15,81.8,80.3,861042.0
1003522,2023-08-01,82.9,82.0,84.0,81.25,1279613.0
1003522,2023-08-03,84.2,83.4,85.1,83.05,551308.0
1003522,2023-08-10,84.35,84.75,86.45,83.6,930703.0
1003522,2023-08-18,78.65,79.0,80.1,78.4,411230.0
1003522,2023-07-06,86.7,87.15,87.9,86.45,469316.0
1003522,2023-08-17,79.4,79.05,80.15,78.8,471487.0
1003522,2023-05-16,83.7,83.45,84.7,83.0,346402.0
1003522,2023-05-22,80.65,81.55,81.75,80.5,380720.0
1003522,2023-07-20,83.3,83.7,84.35,83.0,467503.0
1003522,2023-08-22,81.45,79.2,83.9,79.0,1359185.0
1003522,2023-06-19,87.95,87.95,89.6,87.35,745250.0
1003522,2023-07-28,82.75,83.0,83.4,82.25,415294.0
