stockid,date,close,open,high,low,volume
441024,2021-02-02,423.7,419.0,430.45,418.75,3204628.0
441024,2021-02-16,409.25,412.75,413.25,405.7,1358750.0
441024,2021-02-23,422.1,422.15,425.0,417.1,2224637.0
441024,2021-03-05,401.55,405.0,407.0,400.0,1717183.0
441024,2021-03-09,401.3,400.45,403.55,399.05,1546208.0
441024,2021-05-26,459.15,465.4,467.5,458.0,1086797.0
441024,2021-05-31,475.2,473.9,480.0,471.15,2255039.0
441024,2021-06-28,509.55,512.8,513.5,506.25,1081689.0
441024,2021-07-08,527.15,534.0,538.5,525.5,1983623.0
441024,2021-07-28,530.15,537.85,538.7,528.3,1308260.0
441024,2021-08-03,543.9,540.0,545.3,536.0,2963445.0
441024,2021-09-03,560.8,563.95,567.75,558.25,2426876.0
441024,2021-09-21,560.7,568.95,570.0,556.95,2368098.0
441024,2021-09-22,565.2,560.7,567.7,560.7,1763460.0
441024,2021-10-18,579.25,606.9,607.7,575.55,1971607.0
441024,2021-10-19,574.3,580.5,589.7,572.85,1964659.0
441024,2022-01-13,500.75,504.1,504.65,497.65,1476130.0
441024,2022-02-15,503.15,489.0,504.0,487.0,1520336.0
441024,2022-02-22,505.35,501.0,511.0,498.6,1586579.0
441024,2022-02-24,483.45,477.0,495.45,477.0,3229880.0
441024,2022-03-02,512.55,514.0,515.7,504.25,1985091.0
441024,2022-03-14,507.1,508.5,510.35,504.15,1105361.0
441024,2022-03-25,478.1,486.9,486.9,473.7,1468764.0
441024,2022-05-11,501.75,505.95,506.0,493.95,1259082.0
441024,2022-07-27,515.0,505.0,515.95,504.25,880329.0
441024,2022-08-25,517.45,526.95,526.95,515.75,1169236.0
441024,2022-08-29,523.05,510.25,526.15,505.0,2408316.0
441024,2022-09-27,536.45,526.3,541.35,522.75,2277210.0
441024,2022-10-07,521.3,526.75,530.0,515.2,1761023.0
441024,2022-10-14,511.5,522.0,523.9,510.15,831377.0
441024,2022-11-29,502.4,486.45,508.3,486.45,4005638.0
441024,2022-12-26,518.45,513.85,522.65,512.1,490218.0
441024,2022-12-30,509.85,518.25,519.75,509.0,406283.0
441024,2023-02-27,490.1,499.5,499.5,485.1,753190.0
441024,2023-03-03,499.5,500.3,501.55,495.6,689611.0
441024,2023-03-29,472.25,478.6,480.35,470.0,1489592.0
441024,2023-07-20,539.15,532.7,541.0,530.1,1271756.0
441024,2021-01-11,430.35,427.0,432.5,424.8,3179547.0
441024,2021-01-15,416.95,421.6,421.6,413.15,2888933.0
441024,2021-02-03,415.7,424.8,426.75,413.8,2372737.0
441024,2021-02-05,408.2,415.35,416.9,406.0,1683298.0
441024,2021-03-25,398.0,401.85,403.1,394.0,2305425.0
441024,2021-04-13,421.3,407.0,424.0,407.0,2833579.0
441024,2021-06-02,491.0,481.4,493.0,481.4,3186171.0
441024,2021-07-13,531.35,533.0,539.4,528.3,2471182.0
441024,2021-07-16,524.7,537.1,537.1,522.3,1582351.0
441024,2021-09-27,547.5,559.8,561.0,545.3,1578144.0
441024,2021-11-15,553.3,550.8,554.85,545.3,936384.0
441024,2021-11-16,552.9,556.05,559.5,549.05,1128877.0
441024,2021-12-08,529.8,526.05,531.5,522.55,829926.0
441024,2022-01-12,504.1,508.2,508.2,501.3,1000008.0
441024,2022-01-20,487.75,495.9,496.0,486.85,1191400.0
441024,2022-02-09,512.2,509.65,512.95,506.0,515112.0
441024,2022-04-11,519.55,519.95,523.95,515.15,1167454.0
441024,2022-05-17,503.05,498.0,515.5,495.0,1302697.0
441024,2022-06-23,476.4,481.15,482.4,474.65,2090775.0
441024,2022-09-14,534.2,520.8,536.5,520.0,1766362.0
441024,2022-12-09,523.75,514.0,526.0,512.55,2940138.0
441024,2022-12-16,514.2,517.2,520.9,512.45,1439095.0
441024,2023-01-17,508.25,497.9,509.6,494.3,2178054.0
441024,2023-01-31,498.1,505.75,507.1,493.5,2320622.0
441024,2023-02-02,499.7,504.75,504.75,495.55,1173574.0
441024,2023-06-02,549.45,558.1,558.7,548.2,959977.0
441024,2023-06-09,533.2,545.45,553.95,532.3,1110522.0
441024,2023-06-13,537.3,538.9,544.55,534.85,1231955.0
441024,2023-06-23,528.5,524.25,529.9,522.3,1008663.0
441024,2021-02-17,416.3,408.4,418.0,407.5,2123650.0
441024,2021-03-02,406.7,402.0,408.05,401.0,2414479.0
441024,2021-03-03,409.05,408.0,410.5,405.3,3291643.0
441024,2021-04-19,419.9,423.95,423.95,414.45,1170059.0
441024,2021-04-20,410.2,425.3,425.3,407.45,1881478.0
441024,2021-06-08,488.1,491.05,492.0,486.6,817978.0
441024,2021-07-06,526.3,530.0,531.6,523.6,1240787.0
441024,2021-08-06,524.35,532.0,534.0,522.5,3116628.0
441024,2021-08-30,525.05,527.55,533.25,524.15,1875825.0
441024,2021-12-03,531.75,532.8,538.5,529.45,942083.0
441024,2021-12-29,502.0,501.0,507.5,500.45,505862.0
441024,2022-01-14,499.55,500.75,501.0,496.05,637918.0
441024,2022-02-01,497.65,486.6,502.5,485.15,2794796.0
441024,2022-03-15,511.45,510.0,513.8,507.25,1167973.0
441024,2022-04-19,504.1,520.0,524.3,500.75,1077806.0
441024,2022-04-25,515.55,517.7,528.9,503.0,2516823.0
441024,2022-05-05,519.75,520.1,526.05,516.15,1275107.0
441024,2022-05-13,500.05,505.0,513.0,497.25,1648726.0
441024,2022-05-19,510.5,515.0,521.05,508.05,1576556.0
441024,2022-05-25,521.8,531.5,534.55,518.9,1165592.0
441024,2022-06-02,517.75,520.7,522.35,513.2,1224004.0
441024,2022-08-03,520.45,523.0,524.85,514.55,1308692.0
441024,2022-08-08,523.4,524.2,527.9,520.55,1321518.0
441024,2022-08-11,513.4,514.8,514.95,509.0,1220917.0
441024,2022-08-30,525.6,524.45,527.1,521.5,1844365.0
441024,2022-09-20,527.25,514.75,534.0,514.0,2557425.0
441024,2022-10-03,529.5,540.0,541.8,523.05,1776834.0
441024,2022-11-09,502.25,504.95,507.0,496.55,1648043.0
441024,2022-11-11,499.15,506.6,506.6,498.05,671057.0
441024,2022-11-22,486.0,489.25,490.9,482.15,1726964.0
441024,2023-01-18,508.05,509.0,510.0,505.4,731495.0
441024,2023-01-23,503.95,507.0,507.35,501.6,605076.0
441024,2023-03-01,495.95,495.0,499.0,492.0,1161720.0
441024,2023-04-24,474.95,475.75,477.25,470.45,2043813.0
441024,2023-05-04,497.3,503.0,503.5,495.25,795938.0
441024,2023-05-09,536.9,531.0,539.95,531.0,2469102.0
441024,2023-05-17,526.85,536.0,536.0,525.0,978934.0
441024,2023-05-25,528.4,530.65,531.1,525.9,652969.0
441024,2023-05-26,544.1,528.4,545.0,528.4,2044193.0
441024,2023-05-29,544.15,547.3,548.4,541.3,980789.0
441024,2023-06-12,538.0,536.85,539.1,528.45,787822.0
441024,2023-06-21,527.15,537.1,540.3,526.15,550597.0
441024,2023-06-22,524.25,527.05,527.75,520.4,1103762.0
441024,2023-07-04,526.45,536.7,536.7,523.25,745262.0
441024,2023-07-07,517.05,530.5,530.5,513.3,2642703.0
441024,2021-01-14,418.95,420.3,422.6,415.9,2541779.0
441024,2021-02-01,416.95,416.9,420.55,414.25,2926362.0
441024,2021-03-16,394.85,392.5,396.6,390.2,2210581.0
441024,2021-05-11,479.6,471.3,487.6,465.0,5488935.0
441024,2021-06-11,492.25,495.55,495.65,488.3,731886.0
441024,2021-07-12,531.65,534.05,537.25,530.6,1067055.0
441024,2021-10-20,560.85,575.95,577.5,558.45,1227089.0
441024,2021-10-25,555.95,564.5,565.4,548.65,2156915.0
441024,2021-02-04,414.0,415.75,418.4,412.55,1578268.0
441024,2021-05-25,463.45,462.0,467.3,460.0,2097702.0
441024,2021-11-25,549.0,548.7,550.0,526.5,1211317.0
441024,2021-12-21,490.9,496.5,502.05,489.5,1298413.0
441024,2021-06-03,496.45,493.95,498.6,491.0,2689526.0
441024,2022-01-06,502.3,497.5,506.9,497.1,797577.0
441024,2021-06-21,520.0,514.1,527.25,514.1,1522019.0
441024,2021-06-29,537.7,511.0,543.45,511.0,8975819.0
441024,2022-03-09,492.6,495.0,498.3,487.05,2526968.0
441024,2022-03-22,492.1,505.0,505.0,486.5,1143012.0
441024,2022-05-02,522.9,519.8,526.0,515.25,923844.0
441024,2021-07-15,534.3,539.0,549.6,530.6,4990394.0
441024,2022-05-16,495.6,505.15,506.0,492.45,1159224.0
441024,2022-06-17,473.4,477.25,484.8,471.05,2672949.0
441024,2021-07-20,529.9,528.4,533.65,525.85,1730588.0
441024,2021-11-11,548.2,556.0,557.0,547.05,1656199.0
441024,2021-12-28,500.75,500.5,505.55,495.0,799994.0
441024,2022-06-27,482.7,485.6,488.65,481.0,1051651.0
441024,2021-12-31,512.65,508.5,516.0,508.0,914258.0
441024,2022-07-25,521.85,531.2,531.75,520.3,1087243.0
441024,2022-03-10,500.8,500.0,504.9,497.9,1022074.0
441024,2022-09-06,520.5,520.0,523.5,513.45,945938.0
441024,2022-03-16,525.45,516.95,529.9,513.2,2965305.0
441024,2022-03-17,524.1,533.4,535.0,518.5,2070981.0
441024,2022-09-08,521.65,524.7,525.8,518.0,702230.0
441024,2022-09-12,522.3,523.95,525.8,521.0,487837.0
441024,2022-05-06,503.65,508.0,519.7,499.0,2268170.0
441024,2022-09-13,523.35,524.8,529.75,521.35,839395.0
441024,2022-05-12,500.15,501.0,502.2,488.0,1799507.0
441024,2022-09-22,549.45,537.0,550.85,535.3,3965300.0
441024,2022-05-27,526.1,531.7,535.25,519.4,1375696.0
441024,2022-09-29,538.4,550.1,552.45,532.0,2384651.0
441024,2022-08-04,531.55,520.45,533.45,516.3,1271045.0
441024,2022-10-11,506.85,517.45,517.45,502.1,1484169.0
441024,2022-08-18,513.3,513.9,515.0,511.7,682162.0
441024,2022-10-20,523.85,515.55,524.95,514.2,1609093.0
441024,2022-10-13,515.55,508.25,519.3,508.0,1374739.0
441024,2022-11-21,489.5,485.55,494.35,482.35,1191076.0
441024,2022-10-31,524.55,520.0,526.35,516.5,1483039.0
441024,2022-12-21,521.7,526.1,528.7,520.55,796069.0
441024,2022-11-14,499.55,501.65,505.55,495.25,1914318.0
441024,2023-01-10,510.05,516.8,516.8,508.55,896497.0
441024,2022-11-17,488.3,495.0,495.0,485.7,2386069.0
441024,2023-04-18,480.1,480.6,482.3,476.85,1243177.0
441024,2022-11-30,507.35,502.4,509.2,500.65,3141017.0
441024,2023-05-22,530.25,525.65,531.3,523.3,404455.0
441024,2022-12-22,522.35,524.35,527.5,520.3,685397.0
441024,2023-06-08,545.45,547.2,551.4,544.0,775479.0
441024,2022-12-28,519.2,519.85,521.8,514.35,433375.0
441024,2023-01-06,513.05,515.5,517.4,507.65,896307.0
441024,2023-02-20,489.05,492.25,492.3,486.0,699230.0
441024,2023-02-24,498.8,502.0,503.45,495.75,399292.0
441024,2023-03-06,500.95,500.2,503.8,499.0,675747.0
441024,2023-04-03,479.7,483.25,483.25,475.85,1368272.0
441024,2023-04-12,477.3,479.9,481.55,476.6,2239126.0
441024,2023-04-17,479.45,475.85,480.8,474.0,1056975.0
441024,2023-04-19,468.15,478.15,478.65,466.55,2834418.0
441024,2023-06-05,547.15,549.0,553.45,545.0,599951.0
441024,2023-07-06,527.7,534.5,542.05,525.3,2586934.0
441024,2021-01-05,419.7,416.45,422.6,410.9,3696376.0
441024,2021-01-07,417.8,420.5,423.35,417.0,1588219.0
441024,2021-01-13,418.3,425.0,426.9,415.1,1974208.0
441024,2021-01-18,411.05,416.9,418.4,405.1,2074676.0
441024,2021-02-09,412.85,413.5,419.0,411.75,1596161.0
441024,2021-02-11,416.6,412.4,418.35,407.85,1851525.0
441024,2021-02-12,411.65,417.0,417.15,410.0,1406466.0
441024,2021-02-15,410.5,415.0,417.45,409.45,1208693.0
441024,2021-02-19,424.85,418.8,427.9,417.0,4620093.0
441024,2021-04-01,407.25,411.3,411.6,406.2,645008.0
441024,2021-04-28,411.4,410.1,414.0,408.3,1013196.0
441024,2021-05-21,459.7,469.7,470.3,457.6,2488470.0
441024,2021-07-29,527.85,532.9,534.0,527.0,654581.0
441024,2021-08-02,535.5,550.0,552.15,532.75,2473871.0
441024,2021-09-23,566.8,570.0,573.1,562.85,2581525.0
441024,2021-09-24,557.35,569.45,570.0,556.55,2833374.0
441024,2021-09-29,553.45,557.0,559.2,547.25,2090106.0
441024,2021-10-11,570.35,565.8,573.0,561.6,1424481.0
441024,2021-11-04,557.85,560.95,560.95,556.25,119471.0
441024,2021-11-23,544.0,535.4,546.1,534.85,937667.0
441024,2021-12-13,521.95,525.05,531.15,520.0,941508.0
441024,2021-12-30,507.05,502.0,509.7,500.05,835434.0
441024,2022-01-25,467.5,470.0,475.75,459.0,1736649.0
441024,2022-02-04,510.55,496.8,511.65,492.7,1758002.0
441024,2022-02-16,500.2,506.0,506.9,497.0,1166886.0
441024,2022-03-03,511.05,512.6,518.4,509.0,1271102.0
441024,2022-04-12,517.9,522.0,525.0,512.85,1110786.0
441024,2022-05-18,523.75,505.95,526.05,503.0,2333368.0
441024,2022-05-20,528.55,516.1,531.45,507.45,2817153.0
441024,2022-06-01,520.25,532.95,538.55,518.0,1623158.0
441024,2022-07-07,499.0,502.95,508.75,497.55,1414095.0
441024,2022-08-16,511.6,510.25,520.8,507.5,1238259.0
441024,2022-09-01,526.6,516.8,531.65,516.8,1382520.0
441024,2022-10-19,517.0,517.0,519.8,515.0,495441.0
441024,2022-11-10,504.05,503.85,505.35,498.2,1405812.0
441024,2022-12-06,502.15,500.0,503.6,498.35,873707.0
441024,2023-01-12,501.6,496.5,503.0,490.4,1961900.0
441024,2023-01-19,501.35,507.9,508.15,500.0,978452.0
441024,2023-03-22,483.85,483.2,484.9,481.45,772546.0
441024,2023-03-28,479.3,480.0,481.95,475.5,1427140.0
441024,2023-04-05,482.4,483.95,485.5,479.75,2324531.0
441024,2023-04-10,480.5,478.0,482.35,473.3,654066.0
441024,2023-05-02,499.85,495.9,502.5,495.15,572000.0
441024,2023-05-08,530.7,511.0,539.8,511.0,9360002.0
441024,2023-05-18,532.8,524.75,537.05,524.2,846130.0
441024,2023-06-20,536.1,535.0,540.45,532.0,1483920.0
441024,2023-07-03,533.25,534.85,536.35,528.9,1468638.0
441024,2023-07-14,539.45,536.0,541.4,533.55,912761.0
441024,2021-01-19,417.15,413.1,418.5,411.25,2213374.0
441024,2021-01-27,412.45,412.0,417.6,402.25,4684117.0
441024,2021-03-19,394.9,384.0,396.2,379.1,2834530.0
441024,2021-04-08,414.65,408.05,415.6,408.0,1917274.0
441024,2021-04-30,411.45,409.85,422.2,401.7,6159980.0
441024,2021-05-07,473.85,477.0,478.6,468.35,2909662.0
441024,2021-05-17,474.25,474.55,478.5,468.6,1481703.0
441024,2021-05-28,471.05,475.0,477.7,468.3,1134083.0
441024,2021-07-27,535.2,537.9,540.35,531.5,968098.0
441024,2021-08-09,526.2,536.85,538.0,521.95,2705676.0
441024,2021-08-13,515.3,520.8,523.95,513.15,2564318.0
441024,2021-08-23,528.4,540.0,541.5,527.25,4464213.0
441024,2021-08-25,512.35,524.0,525.6,511.0,3339928.0
441024,2021-08-27,524.95,524.8,527.85,520.5,2552792.0
441024,2021-09-13,575.6,581.0,587.35,570.35,5331731.0
441024,2021-10-22,562.75,564.95,566.05,557.1,1046820.0
441024,2021-10-26,563.25,555.25,565.0,551.05,1541807.0
441024,2021-10-27,575.45,566.0,581.9,565.5,2189903.0
441024,2021-11-24,547.05,546.4,551.65,544.15,991160.0
441024,2021-11-29,534.75,536.0,542.9,530.15,1267522.0
441024,2021-12-27,500.9,505.6,507.55,499.95,545832.0
441024,2022-01-17,501.05,502.0,503.1,494.35,1183216.0
441024,2022-02-07,511.4,521.05,524.0,508.75,3235609.0
441024,2022-02-28,514.7,493.75,518.0,485.8,3050846.0
441024,2022-03-04,501.05,507.0,510.0,499.1,2233264.0
441024,2022-03-11,507.55,503.0,509.0,502.2,1575214.0
441024,2022-03-23,484.6,493.75,495.0,483.8,1755374.0
441024,2022-04-01,518.25,507.55,520.7,506.3,1839975.0
441024,2022-04-18,517.85,521.0,523.2,516.55,930605.0
441024,2022-04-28,542.6,533.0,546.35,525.95,2172557.0
441024,2022-06-15,493.8,500.8,500.8,491.0,1234778.0
441024,2022-06-24,482.2,477.95,487.7,477.0,1442087.0
441024,2022-07-14,507.3,502.45,512.5,500.0,1100706.0
441024,2022-07-18,507.95,509.6,511.55,503.7,998231.0
441024,2022-09-09,521.7,527.05,527.05,520.5,409296.0
441024,2022-10-25,516.4,519.8,522.75,513.95,720882.0
441024,2022-12-01,501.5,509.15,509.95,500.65,1180104.0
441024,2022-12-20,526.1,525.5,529.8,519.25,1129137.0
441024,2022-12-27,518.9,521.75,523.65,518.0,464951.0
441024,2023-01-04,506.15,511.0,514.7,505.0,790246.0
441024,2023-01-09,514.95,514.9,520.45,513.1,590344.0
441024,2023-02-16,494.55,494.1,496.2,491.95,1067189.0
441024,2023-03-13,490.75,494.5,499.0,489.15,1285925.0
441024,2023-04-06,479.3,483.2,483.2,478.0,757700.0
441024,2023-06-07,549.8,545.4,552.0,544.2,1074463.0
441024,2021-01-01,406.1,403.6,407.3,401.8,1081415.0
441024,2021-01-08,424.7,418.8,425.8,418.8,2514098.0
441024,2021-02-25,409.8,422.0,428.75,406.1,6334193.0
441024,2021-03-10,399.25,400.2,402.55,398.1,1673234.0
441024,2021-03-17,391.55,395.15,396.4,386.4,2364847.0
441024,2021-03-22,401.7,394.9,402.95,394.0,1625660.0
441024,2021-04-27,407.35,406.0,409.9,402.55,1357138.0
441024,2021-05-20,469.05,475.0,475.95,468.1,1356821.0
441024,2021-05-24,460.1,461.9,463.35,456.7,834420.0
441024,2021-06-01,480.7,475.5,483.35,474.0,1307085.0
441024,2021-07-01,534.9,532.0,540.0,530.25,2035996.0
441024,2021-07-09,531.95,528.45,537.0,528.45,2370592.0
441024,2021-09-08,560.95,559.6,562.75,550.85,2092387.0
441024,2021-09-09,575.0,558.5,575.9,558.5,4180525.0
441024,2021-09-16,562.7,566.0,571.45,561.85,2340371.0
441024,2021-10-01,549.55,545.0,552.75,541.05,1219031.0
441024,2021-10-12,584.35,570.35,587.0,570.35,4367841.0
441024,2021-11-01,574.75,571.0,577.4,567.5,1130666.0
441024,2021-11-18,541.8,551.65,551.65,536.65,1977932.0
441024,2021-12-14,515.05,521.0,521.95,512.25,1619756.0
441024,2021-12-16,509.5,514.05,515.0,508.4,560343.0
441024,2021-12-24,505.6,512.9,513.1,504.1,1426893.0
441024,2022-02-10,507.55,514.7,514.7,505.0,774115.0
441024,2022-03-28,474.7,479.55,480.0,468.5,2003440.0
441024,2022-04-07,512.0,521.3,522.85,511.2,1770482.0
441024,2022-05-09,489.45,502.2,502.2,487.05,1502698.0
441024,2022-06-07,498.9,508.25,509.0,493.8,1084580.0
441024,2022-06-16,484.8,494.5,494.55,478.5,1289736.0
441024,2022-07-01,491.2,478.0,493.0,477.6,846365.0
441024,2022-09-02,523.55,526.6,529.55,521.55,351979.0
441024,2022-09-16,508.65,521.1,525.95,506.1,2709742.0
441024,2022-10-28,518.95,522.0,522.0,512.65,1619952.0
441024,2022-11-07,504.9,523.65,525.0,499.1,5483662.0
441024,2022-11-24,489.5,491.9,491.9,486.7,1576614.0
441024,2022-11-25,486.25,491.7,491.7,484.1,1512539.0
441024,2022-11-28,486.45,484.1,489.7,481.5,2225302.0
441024,2022-12-05,500.95,504.95,506.5,499.8,1003133.0
441024,2022-12-07,510.45,501.0,512.2,500.95,1606711.0
441024,2022-12-14,525.1,529.95,529.95,523.0,1159310.0
441024,2023-01-02,506.25,509.85,513.0,501.0,651385.0
441024,2023-01-03,510.6,506.25,513.4,504.3,490270.0
441024,2023-02-13,492.0,495.15,498.65,490.65,731063.0
441024,2023-03-21,481.85,483.2,484.5,479.75,699575.0
441024,2023-04-27,497.9,499.0,499.4,492.65,1077677.0
441024,2023-05-03,502.5,495.0,504.35,495.0,802389.0
441024,2023-05-05,493.6,498.75,499.2,492.05,906837.0
441024,2023-06-27,528.85,530.45,531.7,525.25,1412587.0
441024,2021-01-22,418.75,416.0,422.45,413.1,1835701.0
441024,2021-01-29,415.6,416.0,421.5,413.6,5304926.0
441024,2021-02-26,397.55,408.0,412.75,390.7,4933943.0
441024,2021-04-07,408.0,402.95,413.5,401.9,1687852.0
441024,2021-04-22,411.35,411.0,417.4,410.05,1732046.0
441024,2021-05-06,475.75,457.6,477.4,455.7,6815727.0
441024,2021-05-18,472.55,478.7,480.75,468.7,2531987.0
441024,2021-06-07,489.3,487.0,491.35,482.3,2108524.0
441024,2021-06-09,487.3,488.0,494.3,484.95,1118288.0
441024,2021-06-16,505.95,506.1,511.7,499.2,1545379.0
441024,2021-06-30,530.8,543.0,543.8,527.65,5003080.0
441024,2021-07-19,526.0,521.95,531.0,521.05,1531013.0
441024,2021-07-30,546.7,532.0,553.2,527.85,7140990.0
441024,2021-08-04,536.25,546.0,548.25,535.0,2297439.0
441024,2021-08-11,516.6,523.0,526.25,513.6,2133644.0
441024,2021-08-18,523.7,523.0,527.65,520.25,1491558.0
441024,2021-08-20,537.9,523.7,543.7,517.85,5237598.0
441024,2021-09-15,562.15,560.4,563.65,556.1,2376317.0
441024,2021-09-28,550.95,550.35,553.9,545.7,2541724.0
441024,2021-10-06,564.3,564.05,590.0,560.5,8610209.0
441024,2021-11-03,555.0,570.0,570.2,550.6,2635942.0
441024,2021-11-08,561.8,559.9,562.55,547.55,914345.0
441024,2021-11-12,546.8,552.35,552.35,544.4,1257824.0
441024,2021-11-26,543.55,545.95,554.0,541.4,2061796.0
441024,2022-01-04,502.05,504.5,507.15,498.0,2094024.0
441024,2022-04-06,521.3,525.0,532.0,517.85,3004423.0
441024,2022-04-21,518.2,515.35,520.45,513.55,1515422.0
441024,2022-04-29,521.7,538.0,541.1,519.4,2965286.0
441024,2022-05-10,502.05,489.45,504.85,489.45,1531282.0
441024,2022-05-24,528.7,535.95,536.35,525.3,1615087.0
441024,2022-07-12,500.0,503.0,505.3,498.9,1086489.0
441024,2022-09-15,523.7,538.0,538.8,521.5,1162980.0
441024,2022-09-28,547.4,534.5,553.0,530.8,3139646.0
441024,2022-10-12,508.4,507.0,512.45,502.55,1655770.0
441024,2022-11-03,539.65,530.0,541.25,529.0,1299181.0
441024,2022-12-08,510.5,512.0,515.85,507.1,1703231.0
441024,2022-12-23,515.55,517.6,523.4,513.0,598327.0
441024,2023-01-30,504.25,504.0,508.15,500.3,1213003.0
441024,2023-02-10,495.15,495.75,496.55,492.0,665580.0
441024,2023-02-28,491.9,492.0,495.45,486.8,1995562.0
441024,2023-03-15,485.6,487.8,487.85,483.0,927685.0
441024,2023-03-31,479.8,472.2,480.8,471.65,1655647.0
441024,2023-04-25,489.75,474.95,492.45,474.5,3869120.0
441024,2023-05-15,536.9,542.0,542.0,534.0,1256652.0
441024,2023-06-16,548.15,547.6,553.45,546.55,1730503.0
441024,2023-06-28,523.0,529.55,530.5,521.05,2781842.0
441024,2023-07-13,533.55,541.8,547.8,530.55,1654917.0
441024,2023-07-21,538.65,538.4,542.5,535.0,1019421.0
441024,2021-02-08,411.25,410.2,413.95,408.5,1605165.0
441024,2021-02-22,420.9,428.35,433.95,415.6,5212684.0
441024,2021-03-01,401.8,400.9,402.7,396.05,1971538.0
441024,2021-05-27,473.15,462.4,476.0,461.75,6639465.0
441024,2021-06-18,521.15,518.3,524.9,509.4,3128347.0
441024,2021-06-22,515.85,522.0,524.85,514.55,1192946.0
441024,2021-08-12,515.95,518.0,522.55,514.35,1741264.0
441024,2021-09-07,556.7,558.85,567.0,554.1,3047365.0
441024,2021-09-14,558.3,575.0,582.1,555.9,5993393.0
441024,2021-09-17,560.1,565.0,565.0,552.75,2062930.0
441024,2021-10-08,563.8,560.8,565.0,558.4,1050211.0
441024,2021-12-22,499.85,492.8,501.0,490.95,839522.0
441024,2022-01-18,490.55,503.0,503.0,488.25,2047654.0
441024,2022-01-19,494.4,493.0,495.7,484.1,899160.0
441024,2022-01-27,463.25,470.0,470.0,455.65,2019041.0
441024,2022-01-28,471.5,463.45,475.6,462.0,1421740.0
441024,2022-01-31,482.55,479.0,494.7,474.45,2647338.0
441024,2022-02-14,489.8,490.0,498.4,486.6,1001194.0
441024,2022-03-08,490.65,482.0,492.4,478.2,1797911.0
441024,2022-03-24,482.4,486.0,486.0,478.9,2941035.0
441024,2022-03-29,482.5,478.0,484.0,476.2,861768.0
441024,2022-04-08,517.8,516.5,520.0,511.0,4230498.0
441024,2022-04-26,530.3,516.3,532.5,516.3,2196486.0
441024,2022-06-10,492.55,490.65,496.5,487.0,2168604.0
441024,2022-06-20,484.9,474.75,487.0,473.7,912090.0
441024,2022-06-22,481.15,481.7,483.65,473.15,1674643.0
441024,2022-07-08,503.75,501.4,504.7,498.05,514837.0
441024,2022-07-21,525.8,514.2,528.35,512.8,1354647.0
441024,2022-07-26,507.9,521.0,521.95,505.6,1616824.0
441024,2022-07-29,518.0,515.9,520.65,512.55,1476670.0
441024,2022-08-22,514.9,515.0,519.0,510.7,1069955.0
441024,2022-08-26,515.6,520.0,520.95,512.25,1300916.0
441024,2022-09-23,542.95,554.35,554.35,540.4,1834851.0
441024,2022-09-26,526.25,542.8,551.9,524.75,3214256.0
441024,2022-10-17,513.95,513.0,516.4,510.0,1054028.0
441024,2022-11-16,493.4,497.9,498.9,492.0,998584.0
441024,2022-12-02,503.85,501.05,505.85,498.6,1542730.0
441024,2022-12-13,528.0,534.7,534.7,524.65,787991.0
441024,2023-01-16,498.05,497.65,499.15,494.6,548451.0
441024,2023-01-20,505.2,495.35,506.65,495.35,3298721.0
441024,2023-01-24,503.4,505.45,511.55,502.5,1246731.0
441024,2023-02-03,493.9,499.7,501.15,492.1,1168245.0
441024,2023-02-15,493.35,494.1,495.25,489.4,804095.0
441024,2023-03-16,488.6,485.0,491.0,482.0,1104680.0
441024,2023-04-13,476.8,473.1,479.4,473.1,1327298.0
441024,2023-05-11,542.6,533.45,543.5,530.4,1677585.0
441024,2023-05-23,526.95,530.25,533.5,525.15,583381.0
441024,2023-06-06,542.75,547.9,548.0,537.0,1602972.0
441024,2023-06-15,545.4,541.05,551.0,540.75,2156123.0
441024,2023-07-10,527.1,518.0,529.8,516.55,1651270.0
441024,2021-01-25,410.15,420.0,424.0,407.1,3025651.0
441024,2021-02-24,424.4,422.1,426.5,415.15,1032212.0
441024,2021-03-18,385.6,393.0,393.2,382.8,1382602.0
441024,2021-03-31,411.3,410.65,412.45,406.95,1052705.0
441024,2021-04-06,403.0,402.85,405.55,399.2,1032326.0
441024,2021-04-23,411.6,411.35,415.0,409.2,974146.0
441024,2021-06-15,506.15,495.0,511.55,494.8,4334086.0
441024,2021-06-23,515.5,516.0,519.5,513.65,1042655.0
441024,2021-07-14,532.05,532.0,535.3,528.45,1388764.0
441024,2021-08-24,521.7,530.0,532.6,519.0,2002611.0
441024,2021-09-06,554.75,561.8,564.8,554.0,1230310.0
441024,2021-09-20,567.45,559.0,572.0,556.0,3866691.0
441024,2021-09-30,547.5,555.0,556.35,544.0,1383265.0
441024,2021-10-04,554.05,554.15,555.35,545.3,2114180.0
441024,2022-01-21,477.85,487.95,487.95,475.0,1725811.0
441024,2022-02-02,505.3,502.5,506.7,496.0,1565539.0
441024,2022-02-03,501.3,504.9,507.75,499.5,1393417.0
441024,2022-02-17,506.15,500.2,507.85,499.25,855947.0
441024,2022-02-23,501.0,503.0,506.45,499.7,812781.0
441024,2022-02-25,494.85,484.6,497.35,484.6,1460932.0
441024,2022-04-20,510.65,506.7,514.35,502.0,1599673.0
441024,2022-05-04,519.55,526.0,537.1,515.6,1918045.0
441024,2022-05-30,535.85,527.6,537.9,526.0,980868.0
441024,2022-06-29,475.8,485.9,485.9,473.5,1689593.0
441024,2022-06-30,477.9,477.9,482.9,475.55,2030507.0
441024,2022-07-22,531.2,527.45,533.2,525.05,1566939.0
441024,2022-07-28,514.5,517.15,517.9,509.3,1519220.0
441024,2022-09-21,535.3,528.45,543.9,527.55,3107895.0
441024,2022-09-30,537.85,538.4,541.65,529.1,1942784.0
441024,2022-10-18,515.85,516.55,518.7,512.95,446492.0
441024,2022-10-21,519.15,524.3,526.7,515.6,910520.0
441024,2022-10-24,519.85,524.5,524.55,519.15,61633.0
441024,2022-11-02,529.85,531.3,531.7,526.15,680852.0
441024,2022-12-19,525.45,515.0,526.55,513.2,1396813.0
441024,2023-01-13,496.55,503.0,504.85,494.3,787686.0
441024,2023-01-27,503.8,506.35,509.85,497.15,1000075.0
441024,2023-02-08,500.9,497.6,502.5,496.5,936630.0
441024,2023-03-09,492.85,497.0,497.5,492.0,779119.0
441024,2023-03-23,479.35,482.0,482.0,476.9,1277275.0
441024,2023-05-12,541.5,543.0,549.5,540.15,1423611.0
441024,2021-01-04,417.15,406.95,419.4,406.95,3483313.0
441024,2021-01-12,423.05,431.95,431.95,421.95,1821912.0
441024,2021-01-28,411.45,410.75,415.55,403.25,3473853.0
441024,2021-03-23,400.1,401.45,402.75,399.05,947847.0
441024,2021-04-05,402.45,411.25,417.0,399.0,2105709.0
441024,2021-04-09,420.6,417.0,421.8,416.0,1583730.0
441024,2021-04-29,409.85,413.9,414.45,407.5,717046.0
441024,2021-05-03,445.15,420.05,454.0,416.1,21636785.0
441024,2021-05-10,470.75,473.0,474.35,468.0,1423765.0
441024,2021-05-14,474.55,474.0,479.2,467.5,2137786.0
441024,2021-06-24,516.75,516.35,519.0,512.45,1033753.0
441024,2021-08-10,520.6,528.75,528.75,516.45,1630597.0
441024,2021-10-13,583.95,589.9,591.95,578.35,1958852.0
441024,2021-10-28,564.35,576.8,581.25,558.35,2768013.0
441024,2021-11-10,556.0,565.0,565.0,550.0,2948154.0
441024,2021-12-20,495.3,497.7,499.3,488.55,939832.0
441024,2022-01-10,506.05,505.0,507.6,501.1,702161.0
441024,2022-02-11,499.3,507.5,507.5,494.55,1069920.0
441024,2022-04-05,543.9,534.75,547.85,531.85,1871307.0
441024,2022-06-06,512.75,513.4,516.0,506.35,583249.0
441024,2022-06-21,484.9,487.0,495.5,477.95,1739570.0
441024,2022-07-06,498.85,482.0,501.9,480.15,2706381.0
441024,2022-07-20,513.15,510.0,516.7,505.25,1729531.0
441024,2022-08-17,512.7,513.45,517.55,510.75,590860.0
441024,2022-08-19,515.95,515.0,519.9,510.45,1209484.0
441024,2022-08-23,513.0,511.0,517.35,510.25,966053.0
441024,2022-09-05,520.85,523.4,524.7,518.0,505820.0
441024,2022-09-19,512.15,510.7,514.25,505.7,635271.0
441024,2022-10-10,514.85,511.0,516.95,511.0,644597.0
441024,2022-11-04,539.2,538.8,542.0,532.65,774772.0
441024,2022-12-15,519.15,523.85,525.8,516.8,752911.0
441024,2023-02-06,504.7,493.9,511.5,493.6,2365306.0
441024,2023-03-02,499.0,498.0,500.05,492.65,1047352.0
441024,2023-04-11,479.9,480.5,482.5,478.65,1121930.0
441024,2023-05-10,533.45,536.9,537.0,531.35,904862.0
441024,2023-05-31,543.05,544.9,548.0,540.75,2583502.0
441024,2023-07-11,531.55,529.9,534.0,522.2,1518372.0
441024,2021-01-20,416.85,417.2,422.15,413.05,1613007.0
441024,2021-02-18,417.4,420.0,421.0,415.3,2569355.0
441024,2021-03-24,400.7,396.5,405.5,396.5,1872518.0
441024,2021-03-26,401.85,398.7,403.8,396.95,1001171.0
441024,2021-07-07,532.45,528.5,534.0,524.0,1893166.0
441024,2021-10-14,579.3,588.35,591.2,578.1,1015225.0
441024,2021-11-17,551.75,552.7,555.0,549.25,892311.0
441024,2021-12-01,525.05,538.0,538.0,523.45,3003218.0
441024,2021-12-17,500.35,509.4,509.4,497.5,919115.0
441024,2021-12-23,508.0,501.6,509.9,498.1,1090279.0
441024,2022-01-24,471.4,476.7,476.8,466.7,1225487.0
441024,2022-02-18,504.75,506.9,507.0,500.35,1330397.0
441024,2022-03-31,503.7,494.8,506.2,491.55,2916586.0
441024,2022-06-03,513.45,523.0,523.0,512.15,687824.0
441024,2022-06-09,496.65,491.65,497.9,483.1,1765431.0
441024,2022-06-14,499.8,497.95,502.75,495.0,1012537.0
441024,2022-07-04,499.5,491.9,503.0,491.25,1321306.0
441024,2022-07-15,506.5,509.1,514.0,502.0,1138146.0
441024,2022-08-01,523.1,523.7,524.4,518.3,705989.0
441024,2022-08-05,519.7,536.85,537.15,518.05,2069247.0
441024,2022-09-07,522.75,519.05,524.75,515.5,537305.0
441024,2022-10-04,526.1,537.0,537.0,520.0,3048584.0
441024,2022-11-18,486.1,489.8,491.6,482.0,1134351.0
441024,2023-01-25,505.4,502.45,507.05,498.25,681724.0
441024,2023-03-08,496.45,495.95,500.5,492.6,1443804.0
441024,2023-03-27,479.75,477.2,483.0,474.35,1033080.0
441024,2023-05-30,541.6,544.0,547.5,540.35,486319.0
441024,2023-06-14,539.4,539.0,543.4,534.65,1444023.0
441024,2023-07-17,531.65,539.4,543.0,529.3,1234506.0
441024,2021-03-15,392.35,394.0,396.9,389.35,1359625.0
441024,2021-04-15,423.3,421.6,425.2,417.2,1234047.0
441024,2021-05-12,468.8,480.95,484.5,466.1,2360087.0
441024,2021-06-10,495.55,490.95,497.3,487.3,1705760.0
441024,2021-06-25,511.65,516.0,516.3,509.85,883218.0
441024,2021-07-22,529.2,534.95,537.7,525.05,2323717.0
441024,2021-08-26,522.1,514.0,528.7,513.5,5109949.0
441024,2021-09-01,547.3,549.35,549.35,541.0,3113020.0
441024,2021-12-06,519.2,530.05,533.5,517.25,779811.0
441024,2021-12-07,522.6,521.95,527.95,518.35,1117432.0
441024,2021-12-15,513.3,517.7,517.7,510.25,1205823.0
441024,2022-01-11,504.5,506.0,509.45,503.3,743570.0
441024,2022-06-08,491.3,495.5,497.95,486.85,1472376.0
441024,2022-08-02,522.45,523.9,526.0,516.35,1194541.0
441024,2022-08-10,510.3,528.0,529.9,509.3,1647830.0
441024,2022-11-01,531.4,527.2,533.0,522.0,1253309.0
441024,2022-12-12,533.75,527.7,535.0,525.0,4051574.0
441024,2023-01-05,515.5,506.15,524.9,504.85,2901670.0
441024,2023-02-17,489.5,493.0,497.0,488.1,864738.0
441024,2023-02-21,500.4,494.7,501.05,491.35,1498550.0
441024,2023-03-10,496.6,492.0,497.5,491.1,713399.0
441024,2023-03-20,482.3,485.0,485.0,478.4,531125.0
441024,2023-07-05,538.55,526.85,539.95,524.25,2691903.0
441024,2021-02-10,410.85,414.0,416.8,408.4,1825990.0
441024,2021-03-04,407.0,408.0,412.0,403.7,2464082.0
441024,2021-04-26,406.35,413.1,414.25,404.65,780607.0
441024,2021-05-05,455.3,466.0,467.65,451.65,4410455.0
441024,2021-05-19,473.55,472.55,475.55,466.0,3179272.0
441024,2021-06-14,494.8,494.75,495.95,486.6,864570.0
441024,2021-07-23,533.95,532.0,537.35,528.2,1435904.0
441024,2021-08-05,531.9,539.0,539.25,530.05,2170594.0
441024,2021-08-16,515.35,514.65,520.55,512.0,619675.0
441024,2021-08-17,520.6,514.45,522.9,514.45,2494715.0
441024,2021-08-31,544.45,525.5,546.95,525.05,5014916.0
441024,2021-10-21,565.3,565.7,568.35,553.75,2154819.0
441024,2021-10-29,568.45,566.35,572.4,553.0,1739744.0
441024,2021-11-30,538.35,530.05,544.1,530.05,4760651.0
441024,2021-12-02,532.85,529.7,534.95,520.5,2366483.0
441024,2021-12-09,529.65,531.55,533.25,525.3,468492.0
441024,2021-12-10,526.35,529.3,531.55,522.3,1052815.0
441024,2022-01-05,501.1,503.0,503.0,498.0,856040.0
441024,2022-02-08,505.8,514.65,516.7,504.4,1564673.0
441024,2022-03-07,481.85,490.0,502.0,476.9,1540133.0
441024,2022-03-30,490.0,485.6,491.2,484.05,1710457.0
441024,2022-04-04,530.1,522.65,531.8,510.55,2420693.0
441024,2022-04-13,519.7,521.0,521.15,513.3,618477.0
441024,2022-04-22,523.2,516.6,525.35,509.0,1831082.0
441024,2022-05-23,531.65,533.8,539.9,528.55,1501650.0
441024,2022-05-26,530.15,524.3,532.75,516.4,1753281.0
441024,2022-05-31,533.65,534.5,551.9,526.65,7603590.0
441024,2022-06-28,488.6,482.7,490.8,477.15,1230006.0
441024,2022-08-12,510.25,513.4,514.65,506.3,2148477.0
441024,2022-10-06,525.1,531.45,531.45,522.5,1156219.0
441024,2022-10-27,519.45,520.0,522.45,516.4,1932746.0
441024,2022-11-23,490.6,488.0,491.35,484.25,1354580.0
441024,2023-02-01,505.35,498.1,507.0,496.65,924112.0
441024,2023-02-07,497.6,508.0,508.2,493.85,1331226.0
441024,2023-02-14,494.1,493.5,498.85,491.4,1613823.0
441024,2023-03-14,485.25,490.75,493.95,480.2,2082796.0
441024,2023-03-17,486.1,490.65,490.65,484.5,2448223.0
441024,2023-03-24,477.2,479.0,480.8,475.6,1031979.0
441024,2023-04-20,471.75,468.0,472.6,462.7,2774048.0
441024,2023-05-16,536.15,535.4,538.75,531.45,1024340.0
441024,2023-06-01,556.3,544.0,558.75,538.7,1969756.0
441024,2021-01-06,418.65,423.0,424.9,415.05,3156306.0
441024,2021-01-21,416.55,419.0,424.2,414.25,1647176.0
441024,2021-03-08,400.45,403.95,404.65,400.0,1368015.0
441024,2021-03-12,393.9,399.25,401.0,392.4,2170868.0
441024,2021-03-30,408.2,403.55,409.95,403.1,1467853.0
441024,2021-04-12,407.4,415.0,419.95,406.0,1469250.0
441024,2021-04-16,423.95,426.7,427.6,422.5,1321942.0
441024,2021-05-04,460.75,453.0,464.0,444.0,7944787.0
441024,2021-06-04,486.9,494.0,495.5,485.0,2176435.0
441024,2021-06-17,518.3,509.55,522.0,506.0,5678797.0
441024,2021-07-02,519.85,534.9,539.6,517.65,3742090.0
441024,2021-07-05,530.55,526.0,531.95,519.0,2351288.0
441024,2021-07-26,537.0,533.9,540.8,532.1,1573841.0
441024,2021-09-02,562.65,548.75,572.0,548.25,6119217.0
441024,2021-10-05,557.95,555.0,559.75,554.2,1939884.0
441024,2021-10-07,561.25,571.95,571.95,560.2,1449440.0
441024,2021-11-02,565.8,571.5,573.95,565.0,1790411.0
441024,2021-11-09,564.25,561.6,568.55,553.65,1498615.0
441024,2021-11-22,539.5,540.6,541.95,532.25,1475495.0
441024,2022-01-03,514.1,513.55,518.5,513.5,502608.0
441024,2022-01-07,504.25,506.5,506.6,502.05,596720.0
441024,2022-02-21,507.25,504.0,508.9,499.0,1505281.0
441024,2022-03-21,504.35,523.0,523.85,503.1,1655968.0
441024,2022-04-27,529.9,529.0,535.55,523.25,1901393.0
441024,2022-06-13,500.15,485.0,503.4,484.0,2792911.0
441024,2022-07-05,492.25,501.9,503.35,490.95,842519.0
441024,2022-07-11,507.65,504.0,508.6,497.95,897184.0
441024,2022-07-13,502.25,500.0,503.9,497.0,1169717.0
441024,2022-07-19,507.45,507.8,510.2,503.6,666595.0
441024,2022-08-24,523.15,513.0,525.85,509.1,1632111.0
441024,2022-11-15,497.95,502.05,502.05,495.4,1051406.0
441024,2022-12-29,515.4,516.2,519.9,512.25,762655.0
441024,2023-01-11,500.3,511.0,514.35,494.75,1810341.0
441024,2023-02-09,494.2,501.0,502.3,491.5,1121421.0
441024,2023-02-22,503.75,500.75,505.4,498.35,1412597.0
441024,2023-02-23,501.0,504.0,505.0,496.2,896170.0
441024,2023-04-21,473.25,471.75,474.85,471.05,856639.0
441024,2023-04-26,496.95,489.75,499.5,489.75,2098348.0
441024,2023-04-28,496.4,497.9,499.9,493.85,1293767.0
441024,2023-05-19,525.75,533.0,534.65,522.0,780885.0
441024,2023-05-24,530.9,522.0,532.75,522.0,1062897.0
441024,2023-06-19,534.95,548.15,550.85,529.7,848453.0
441024,2023-06-26,528.7,529.95,532.45,524.55,752253.0
441024,2023-06-30,530.95,523.0,532.0,523.0,1684566.0
441024,2023-07-12,537.75,531.55,539.0,531.5,1389645.0
441024,2023-07-18,530.5,535.15,535.4,525.7,803617.0
441024,2023-07-19,531.85,531.0,534.45,529.2,636194.0
441024,2023-07-24,535.4,538.25,541.1,531.05,822710.0
441024,2023-08-07,575.8,576.15,577.45,572.25,1120653.0
441024,2023-08-22,558.8,556.25,560.0,554.3,558087.0
441024,2023-08-03,572.35,568.0,575.0,563.65,4242154.0
441024,2023-08-16,559.6,567.95,569.4,557.2,1009445.0
441024,2023-07-27,554.05,536.55,556.0,531.7,3733012.0
441024,2023-07-25,540.6,535.35,541.9,532.35,843404.0
441024,2023-08-21,554.95,550.7,557.1,546.05,1353123.0
441024,2023-08-04,576.2,575.0,581.85,571.6,2397608.0
441024,2023-07-31,560.55,574.95,577.0,557.2,3136108.0
441024,2023-07-28,574.35,555.95,578.15,553.05,7372578.0
441024,2023-08-08,577.25,575.8,578.5,573.45,1282689.0
441024,2023-08-01,557.7,563.0,566.95,555.7,1697912.0
441024,2023-08-09,585.15,578.0,587.9,573.5,2394453.0
441024,2023-08-11,576.95,577.95,580.8,573.1,1934577.0
441024,2023-08-14,568.1,576.15,576.15,561.0,569222.0
441024,2023-07-26,532.7,541.85,542.9,531.1,1290605.0
441024,2023-08-02,562.8,560.8,564.0,554.7,1318832.0
441024,2023-08-18,550.75,558.2,558.2,547.65,1146881.0
441024,2023-08-10,576.85,585.15,586.65,574.05,3293103.0
441024,2023-08-17,558.45,564.05,564.05,555.15,876508.0
441024,2023-08-23,554.95,558.45,558.7,554.45,102065.0
