stockid,date,close,open,high,low,volume
467058,2021-01-07,56.33091,54.1558,56.33091,53.97824,7156288.0
467058,2021-01-13,58.1509,61.39137000000001,61.65771,58.1509,6581418.0
467058,2021-01-15,57.79578,58.5948,59.482600000000005,56.19774,5010276.0
467058,2021-02-09,45.49975,47.0534,47.27535,45.366580000000006,5803059.0
467058,2021-06-30,37.06565,38.04223,38.04223,36.799310000000006,2878557.0
467058,2021-07-13,33.60323,35.82273,36.26663,32.848600000000005,10393126.0
467058,2021-08-02,32.44909,33.159330000000004,33.7364,32.31592,2619265.0
467058,2021-08-05,28.89789,30.1852,30.6291,27.74375,4573889.0
467058,2021-08-23,34.53542,36.8437,38.30857,33.86957,12842059.0
467058,2021-08-25,35.64517,35.77834,36.710530000000006,35.33444,6644269.0
467058,2021-10-06,36.04468,35.86712,36.710530000000006,35.20127,6677950.0
467058,2021-11-04,33.86957,33.60323,34.09152,33.514450000000004,991001.0
467058,2021-02-02,48.78461000000001,48.91778,49.45046000000001,48.3851,2627356.0
467058,2021-03-17,46.165600000000005,47.18657,47.36413,45.677310000000006,1428244.0
467058,2021-03-24,45.32219,45.49975,45.677310000000006,44.70073,2932608.0
467058,2021-03-26,45.18902,45.2778,45.366580000000006,44.8339,2522607.0
467058,2021-04-08,57.79578,56.28652,58.1509,56.28652,4005158.0
467058,2021-05-12,44.87829,44.8339,45.455360000000006,44.39,2692361.0
467058,2021-05-20,43.41342,45.18902,45.18902,43.14708,2453662.0
467058,2021-07-05,37.243210000000005,38.35296,38.57491,37.021260000000005,2592076.0
467058,2021-08-26,35.86712,36.3998,36.710530000000006,35.11249,7636569.0
467058,2021-09-06,39.46271,36.31102,40.3949,36.31102,43765179.0
467058,2021-10-04,35.77834,35.91151000000001,36.3998,35.55639,3366473.0
467058,2021-10-07,36.53297,36.13346000000001,36.75492,35.68956000000001,5754072.0
467058,2021-10-21,35.11249,35.55639,36.04468,34.84615,2887935.0
467058,2021-11-24,32.493480000000005,31.161780000000004,34.224689999999995,31.073,10256005.0
467058,2021-01-08,58.63919,57.52944,59.12748,56.90798,5945240.0
467058,2021-01-28,48.78461000000001,48.78461000000001,50.42704,48.78461000000001,1338502.0
467058,2021-02-12,49.18412,47.9412,49.18412,47.4973,5046926.0
467058,2021-03-05,47.09779,48.20754,48.20754,46.165600000000005,1183833.0
467058,2021-03-25,44.92268,45.54414,45.7217,44.70073,2187169.0
467058,2021-05-07,44.96707,45.98804,46.29877,44.52317,2632198.0
467058,2021-06-07,43.28025,40.8388,43.28025,39.59588,9815753.0
467058,2021-06-16,42.30367,44.34561000000001,44.34561000000001,42.03733,4447528.0
467058,2021-06-21,41.32709,43.14708,43.14708,41.06075,3809465.0
467058,2021-06-22,41.06075,41.54904,41.726600000000005,40.8388,3079804.0
467058,2021-07-07,36.66614,37.19882,37.243210000000005,36.3998,1911106.0
467058,2021-07-12,35.82273,36.488580000000006,36.75492,35.77834,2907455.0
467058,2021-07-20,31.383730000000003,33.33689,33.33689,30.98422,4133161.0
467058,2021-09-21,35.29005,36.22224,36.3998,34.71298,7697027.0
467058,2021-10-01,35.64517,35.60078,35.77834,35.37883,2404695.0
467058,2021-10-11,39.0632,41.726600000000005,41.904160000000005,38.88564,19312489.0
467058,2021-02-05,48.42949,48.3851,48.829,47.23096,2974822.0
467058,2021-02-11,46.87584,44.96707,47.09779,44.65634,5452610.0
467058,2021-02-26,47.23096,48.829,49.2729,47.18657,3409021.0
467058,2021-03-08,47.00901,47.45291,47.58608,46.254380000000005,897455.0
467058,2021-04-09,58.55041000000001,58.1509,59.30504,57.707,4316976.0
467058,2021-04-13,52.91288,52.91288,52.91288,52.91288,330379.0
467058,2021-07-26,33.026160000000004,33.20372,34.09152,32.75982,2083563.0
467058,2021-08-13,34.04713,35.20127,36.932480000000005,33.7364,30640924.0
467058,2021-09-09,38.6193,39.41832,39.5071,38.21979,7325359.0
467058,2021-09-17,36.97687,38.35296,38.75247,36.577360000000006,5971402.0
467058,2021-10-13,37.99784,38.6193,38.84125,37.86467,4321585.0
467058,2021-11-15,32.848600000000005,33.292500000000004,33.381280000000004,32.67104,1520968.0
467058,2021-11-22,31.56129,32.138360000000006,32.18275,30.89544,2379423.0
467058,2021-03-02,46.43194,47.0534,47.23096,46.165600000000005,1274281.0
467058,2021-03-10,46.6095,46.96462,47.27535,45.588530000000006,1300681.0
467058,2021-03-30,47.40852,46.343160000000005,47.40852,46.343160000000005,1374381.0
467058,2021-05-27,37.86467,37.86467,37.86467,37.86467,1034688.0
467058,2021-06-09,41.593430000000005,43.67976,44.21244,40.75002,7655151.0
467058,2021-06-14,43.81293,46.96462,48.3851,42.83635,13245650.0
467058,2021-06-18,42.43684,43.19147,43.19147,40.03978,4804045.0
467058,2021-09-03,34.71298,35.46761,36.62175,34.44664,10059620.0
467058,2021-09-08,39.55149,38.79686,39.951,38.48613,13368307.0
467058,2021-10-08,38.53052,37.55394,38.88564,36.932480000000005,13745661.0
467058,2021-11-18,32.09397,32.75982,32.937380000000005,31.960800000000003,1753491.0
467058,2021-01-25,53.97824,56.8192,56.95237000000001,53.53434,2288642.0
467058,2021-03-04,47.0534,47.45291,48.25193,46.74267,1565068.0
467058,2021-03-18,44.8339,46.47633,46.6095,44.65634,1486865.0
467058,2021-04-12,55.66506,57.707,58.01773,55.66506,4156154.0
467058,2021-04-16,51.22606,51.84752,52.11386,50.64899,2303117.0
467058,2021-04-27,46.29877,46.6095,46.83145,46.165600000000005,1359984.0
467058,2021-05-18,45.18902,45.2778,45.677310000000006,44.52317,2301759.0
467058,2021-05-26,39.81783,42.03733,42.03733,39.81783,3947037.0
467058,2021-06-02,37.154430000000005,37.11004,37.46516,36.355410000000006,2343208.0
467058,2021-07-02,38.04223,37.06565,38.6193,36.88809,3669071.0
467058,2021-07-08,36.3998,36.8437,37.06565,36.22224,1814448.0
467058,2021-07-23,33.248110000000004,34.224689999999995,34.40225,32.937380000000005,2234125.0
467058,2021-09-22,35.20127,35.37883,35.9559,34.97932,6154395.0
467058,2021-09-29,36.710530000000006,36.3998,37.243210000000005,35.77834,5411489.0
467058,2021-11-02,34.09152,32.98177,34.89054,32.4047,4645547.0
467058,2021-11-25,31.960800000000003,32.44909,32.62665,31.78324,3368570.0
467058,2021-01-29,46.387550000000005,46.387550000000005,46.387550000000005,46.387550000000005,694092.0
467058,2021-04-23,46.87584,47.40852,48.11876,46.6095,1276279.0
467058,2021-05-25,41.904160000000005,42.6144,42.79196,41.460260000000005,3946264.0
467058,2021-06-15,43.28025,44.39,45.10024,43.0583,4792619.0
467058,2021-06-25,37.42077,38.79686,38.79686,36.932480000000005,4187814.0
467058,2021-07-29,32.360310000000005,32.62665,32.848600000000005,32.18275,1643364.0
467058,2021-07-30,32.049580000000006,32.31592,32.493480000000005,31.827630000000003,1460135.0
467058,2021-08-10,26.90034,28.587160000000004,28.587160000000004,26.76717,4525679.0
467058,2021-08-18,32.98177,33.20372,33.7364,32.53787,5752909.0
467058,2021-10-22,34.75737,35.15688,35.86712,34.40225,3592435.0
467058,2021-10-25,33.20372,34.89054,35.11249,33.026160000000004,4630667.0
467058,2021-10-27,33.64762,33.470060000000004,34.57981,33.42567,3588442.0
467058,2021-01-04,55.44311,55.44311,55.44311,55.44311,973230.0
467058,2021-01-20,56.8192,57.48505,57.61822000000001,55.75384,2313260.0
467058,2021-02-23,47.14218,47.9412,48.3851,46.83145,2340557.0
467058,2021-04-15,51.35923,53.268,54.777260000000005,50.29387,7049316.0
467058,2021-04-19,48.69583,48.87339,49.2729,48.69583,355697.0
467058,2021-05-11,44.16805,44.39,44.61195,43.72415,1963240.0
467058,2021-07-01,36.799310000000006,37.50955,37.99784,36.31102,4771470.0
467058,2021-08-09,28.05448,29.474960000000003,29.56374,27.56619,6140849.0
467058,2021-09-02,34.93493,34.6242,35.64517,34.40225,4248176.0
467058,2021-09-14,38.30857,38.44174,39.24076,38.08662,5830756.0
467058,2021-09-27,37.46516,35.68956000000001,37.90906,35.512,17931327.0
467058,2021-10-14,39.32954,40.66124,40.66124,38.6193,9235846.0
467058,2021-10-18,38.6193,39.32954,39.32954,38.39735,5608300.0
467058,2021-10-20,35.512,36.355410000000006,36.355410000000006,35.33444,3870266.0
467058,2021-01-12,61.16942000000001,59.88211,61.87966000000001,59.12748,6368643.0
467058,2021-02-19,48.47388,50.693380000000005,51.31484,48.29632,3752481.0
467058,2021-04-07,56.10896,54.688480000000006,56.77481,53.97824,4390045.0
467058,2021-04-29,46.07682,46.56511,46.6095,45.76609,1193464.0
467058,2021-05-17,44.92268,45.810480000000005,46.032430000000005,44.52317,2001734.0
467058,2021-06-17,42.39245,42.39245,44.03488,41.99294,4994289.0
467058,2021-07-22,34.00274,31.694460000000003,34.49103,31.694460000000003,10588236.0
467058,2021-07-27,33.470060000000004,35.0681,35.24566,33.070550000000004,3508530.0
467058,2021-09-01,34.53542,34.89054,35.20127,34.1803,2262799.0
467058,2021-09-15,37.50955,38.39735,38.53052,37.376380000000005,4531530.0
467058,2021-10-05,35.73395,35.77834,36.00029,35.64517,3796133.0
467058,2021-10-26,33.381280000000004,33.292500000000004,33.95835,33.026160000000004,2981177.0
467058,2021-11-12,33.11494,33.42567,33.55884,32.937380000000005,2677484.0
467058,2021-01-21,54.42214,56.3753,56.90798,54.06702,5768505.0
467058,2021-01-22,55.97579,55.043600000000005,56.73042,54.1558,6338518.0
467058,2021-02-08,47.71925,48.51827,49.18412,46.387550000000005,2169973.0
467058,2021-04-26,46.43194,46.65389,47.63047,46.165600000000005,2641547.0
467058,2021-05-03,45.18902,44.61195,45.455360000000006,44.12366,1738152.0
467058,2021-06-28,38.70808,37.55394,39.10759,37.46516,2467575.0
467058,2021-08-03,31.960800000000003,32.493480000000005,32.937380000000005,31.916410000000003,1895016.0
467058,2021-08-16,33.159330000000004,34.6242,36.13346000000001,32.582260000000005,7755850.0
467058,2021-08-17,33.11494,33.159330000000004,34.09152,32.18275,8973728.0
467058,2021-09-20,35.91151000000001,36.26663,37.19882,35.60078,2917820.0
467058,2021-11-01,32.98177,32.89299,34.00274,32.67104,3567545.0
467058,2021-11-03,33.42567,34.44664,34.57981,32.937380000000005,4185194.0
467058,2021-11-17,32.75982,32.75982,33.159330000000004,32.67104,1573103.0
467058,2021-01-11,59.12748,59.482600000000005,60.28162000000001,58.68358,4340465.0
467058,2021-01-19,57.44066,55.97579,58.1509,55.4875,3099689.0
467058,2021-01-27,51.31484,53.88946000000001,53.93385,51.31484,3919617.0
467058,2021-02-24,47.36413,47.45291,47.67486,46.92023,643639.0
467058,2021-03-15,46.69828,47.9412,48.20754,46.165600000000005,1663388.0
467058,2021-03-31,49.76119,49.76119,49.76119,48.96217,3634970.0
467058,2021-04-01,51.75874,50.826550000000005,52.15825,50.42704,3485541.0
467058,2021-05-05,45.05585,45.01146000000001,45.7217,44.8339,1487335.0
467058,2021-05-06,45.76609,45.588530000000006,46.165600000000005,44.21244,3828940.0
467058,2021-06-03,38.97442,37.243210000000005,38.97442,36.488580000000006,4602484.0
467058,2021-06-11,46.165600000000005,42.34806,46.165600000000005,41.85977,18087353.0
467058,2021-06-24,38.97442,40.61685,40.61685,38.66369,4477447.0
467058,2021-07-16,33.470060000000004,34.53542,34.53542,33.070550000000004,4509193.0
467058,2021-08-20,35.91151000000001,32.75982,37.50955,32.62665,29575406.0
467058,2021-09-28,35.86712,37.19882,37.46516,35.33444,7771338.0
467058,2021-01-01,58.32846000000001,60.3704,60.45918,58.32846000000001,1697563.0
467058,2021-02-01,48.29632,44.07927,48.69583,44.07927,9547342.0
467058,2021-02-17,51.89191,52.60215,52.60215,51.13728,3037736.0
467058,2021-03-19,45.63292,46.07682,46.254380000000005,44.65634,2097110.0
467058,2021-03-22,45.2778,45.63292,45.943650000000005,45.14463000000001,2300840.0
467058,2021-04-06,54.777260000000005,53.57873,55.043600000000005,52.8241,4284405.0
467058,2021-06-01,37.243210000000005,37.46516,37.68711,35.64517,6610475.0
467058,2021-06-04,39.37393,39.951,40.794410000000006,38.84125,12076801.0
467058,2021-06-10,41.99294,42.52562,42.74757,41.50465,3757637.0
467058,2021-08-06,29.741300000000003,29.43057,31.78324,29.386180000000003,5437964.0
467058,2021-08-11,26.76717,27.83253,27.83253,25.87937,4051734.0
467058,2021-08-27,36.22224,38.1754,38.53052,35.68956000000001,10964490.0
467058,2021-08-30,36.00029,36.8437,37.287600000000005,35.82273,8025302.0
467058,2021-10-28,33.20372,33.60323,34.00274,33.070550000000004,1948326.0
467058,2021-11-08,33.91396,33.95835,34.26908,33.248110000000004,2838634.0
467058,2021-11-10,33.514450000000004,33.42567,33.86957,33.292500000000004,2825695.0
467058,2021-02-03,48.51827,48.91778,50.604600000000005,48.11876,3803542.0
467058,2021-02-10,44.87829,45.63292,46.07682,43.45781,3084148.0
467058,2021-03-23,45.49975,45.7217,46.43194,45.14463000000001,1833664.0
467058,2021-05-14,45.14463000000001,46.165600000000005,46.69828,44.70073,4118301.0
467058,2021-05-31,37.19882,34.224689999999995,37.7315,34.224689999999995,29726393.0
467058,2021-06-08,43.23586,43.76854,46.07682,42.65879,12499680.0
467058,2021-07-28,32.62665,33.64762,33.64762,31.960800000000003,3364554.0
467058,2021-08-31,34.71298,35.512,36.22224,34.44664,4101035.0
467058,2021-09-23,35.15688,35.42322,35.91151000000001,34.75737,6217992.0
467058,2021-10-19,36.53297,38.35296,38.79686,36.08907,5726580.0
467058,2021-10-29,32.67104,33.026160000000004,33.55884,32.18275,2064990.0
467058,2021-11-11,33.381280000000004,33.470060000000004,33.64762,33.159330000000004,2735184.0
467058,2021-01-05,54.910430000000005,52.69093,57.12993,52.69093,14650696.0
467058,2021-01-14,57.52944,58.994310000000006,58.994310000000006,55.30994,5932135.0
467058,2021-02-04,47.67486,48.42949,49.00656000000001,47.14218,2236781.0
467058,2021-02-16,52.55776,53.7119,54.20019,51.80313,5938019.0
467058,2021-02-25,49.62802,47.71925,49.7168,47.27535,2436793.0
467058,2021-03-01,46.96462,47.9412,48.25193,46.6095,1298364.0
467058,2021-03-09,46.387550000000005,47.40852,47.40852,45.98804,1187269.0
467058,2021-04-20,47.23096,48.29632,48.829,46.6095,3034109.0
467058,2021-05-10,44.43439,45.2778,45.7217,44.34561000000001,1868527.0
467058,2021-05-28,36.00029,36.00029,36.00029,36.00029,755485.0
467058,2021-06-23,40.26173,41.460260000000005,41.593430000000005,40.08417,2767797.0
467058,2021-06-29,37.82028,38.57491,38.97442,37.64272,2015624.0
467058,2021-07-09,36.44419,36.53297,36.62175,35.9559,1346357.0
467058,2021-07-14,34.53542,33.95835,35.0681,33.7364,4699033.0
467058,2021-07-19,32.937380000000005,33.292500000000004,33.91396,32.804210000000005,2967738.0
467058,2021-08-04,30.6291,32.138360000000006,32.4047,30.45154,3048875.0
467058,2021-08-12,32.09397,27.9657,32.09397,27.9657,16747270.0
467058,2021-09-07,38.39735,39.46271,39.81783,38.04223,13992136.0
467058,2021-09-30,35.9559,36.577360000000006,36.710530000000006,35.68956000000001,5492640.0
467058,2021-02-18,50.604600000000005,52.51337,53.17922,50.382650000000005,1796437.0
467058,2021-02-22,47.14218,49.2729,49.2729,46.78706,2825952.0
467058,2021-03-16,46.96462,47.27535,47.58608,46.165600000000005,2418216.0
467058,2021-04-05,53.17922,52.3802,53.62312,51.18167,3507319.0
467058,2021-04-22,47.40852,46.165600000000005,47.9412,45.588530000000006,2142021.0
467058,2021-04-28,46.121210000000005,46.78706,46.87584,45.85487,2236750.0
467058,2021-04-30,45.233410000000006,46.165600000000005,46.165600000000005,44.74512,2712779.0
467058,2021-05-21,42.34806,44.12366,44.30122,42.1705,2828988.0
467058,2021-05-24,42.30367,43.32464,43.32464,42.08172,2450346.0
467058,2021-09-13,38.30857,38.6193,39.5071,38.21979,7219569.0
467058,2021-09-16,38.1754,37.287600000000005,38.84125,36.932480000000005,6432686.0
467058,2021-10-12,38.70808,38.97442,39.15198,37.95345,6383227.0
467058,2021-11-23,30.67349,31.250560000000004,31.42812,30.22959,3502851.0
467058,2021-01-06,53.66751000000001,55.62067,56.73042,52.8241,5139281.0
467058,2021-01-18,55.53189,58.5948,58.994310000000006,55.265550000000005,2732621.0
467058,2021-02-15,51.62557,50.1607,51.62557,50.1607,4016109.0
467058,2021-03-03,47.98559,46.52072,48.74022,46.47633,2081424.0
467058,2021-03-12,47.36413,46.96462,48.74022,46.20999,3308374.0
467058,2021-05-04,44.70073,45.2778,47.18657,44.39,2993325.0
467058,2021-05-19,44.87829,46.121210000000005,46.121210000000005,44.65634,1657110.0
467058,2021-07-06,36.8437,36.710530000000006,37.90906,36.710530000000006,4988077.0
467058,2021-07-15,34.31347,34.84615,35.512,34.1803,2984895.0
467058,2021-08-24,34.97932,34.80176,35.82273,34.49103,7329614.0
467058,2021-09-24,35.11249,35.73395,37.77589,34.84615,19520583.0
467058,2021-11-09,33.64762,33.7364,33.86957,33.42567,2509942.0
467058,2021-11-16,32.98177,32.848600000000005,33.20372,32.62665,1674758.0
467058,2021-12-01,30.584710000000005,30.54032,30.939830000000004,30.27398,1675069.0
467058,2021-12-07,30.362760000000005,30.362760000000005,30.67349,30.1852,1790061.0
467058,2022-01-05,36.53297,37.46516,37.82028,36.31102,4997936.0
467058,2021-12-13,32.62665,33.20372,33.514450000000004,32.360310000000005,2767709.0
467058,2022-01-25,34.80176,34.40225,35.91151000000001,33.470060000000004,3182656.0
467058,2021-12-15,34.35786,33.7364,36.13346000000001,33.159330000000004,15096586.0
467058,2021-12-06,30.27398,30.98422,31.11739,29.519350000000003,1468263.0
467058,2021-12-08,31.42812,30.54032,33.026160000000004,30.1852,6215859.0
467058,2022-02-01,34.71298,35.11249,35.33444,34.35786,2287738.0
467058,2022-02-09,33.86957,33.7364,34.89054,33.55884,1631013.0
467058,2022-02-17,31.694460000000003,32.493480000000005,32.848600000000005,31.472510000000003,1638508.0
467058,2022-03-07,27.21107,27.87692,27.92131,26.90034,2255445.0
467058,2022-03-21,28.54277,29.519350000000003,29.608130000000003,28.4096,2498031.0
467058,2022-04-11,30.939830000000004,31.5169,31.694460000000003,30.806660000000004,1843794.0
467058,2022-04-13,33.470060000000004,30.54032,34.80176,30.54032,26739924.0
467058,2022-05-09,30.1852,30.1852,30.45154,29.2974,1847940.0
467058,2022-06-30,23.74865,24.503280000000004,24.54767,23.57109,3924302.0
467058,2022-07-06,24.14816,24.32572,24.59206,23.92621,3640085.0
467058,2022-09-21,34.6242,36.44419,36.710530000000006,34.44664,7466943.0
467058,2022-12-07,26.58961,26.98912,26.98912,26.50083,2375749.0
467058,2022-12-14,26.23449,25.52425,26.45644,25.124740000000003,7764220.0
467058,2023-01-03,25.08035,24.81401,25.3023,24.76962,1863778.0
467058,2023-01-09,24.19255,24.63645,24.81401,24.05938,1820327.0
467058,2023-02-03,23.21597,23.79304,24.10377,22.77207,2585237.0
467058,2023-02-17,20.90769,21.3072,21.39598,20.59696,1782914.0
467058,2023-02-20,20.64135,20.90769,20.99647,20.55257,1254938.0
467058,2023-04-10,15.0926,16.690640000000002,17.09015,14.95943,47104158.0
467058,2023-04-27,14.82626,14.73748,15.31455,14.693090000000002,14028418.0
467058,2023-05-11,15.89162,15.22577,16.60186,15.181380000000004,34753356.0
467058,2023-05-17,15.44772,15.802840000000002,15.89162,15.35894,6505127.0
467058,2023-07-24,15.65,15.95,15.95,15.6,4674426.0
467058,2023-08-18,16.15,16.25,16.55,15.9,19187185.0
467058,2021-12-09,32.22714,31.605680000000003,32.582260000000005,31.250560000000004,3331850.0
467058,2022-02-08,33.91396,33.91396,34.35786,32.75982,1998892.0
467058,2022-03-08,27.43302,27.03351,27.87692,26.98912,1831565.0
467058,2022-03-11,28.942280000000004,28.98667,29.386180000000003,28.587160000000004,1930894.0
467058,2022-03-15,27.78814,28.27643,28.4096,27.61058,5113601.0
467058,2022-04-12,30.1852,30.89544,30.89544,29.96325,2350980.0
467058,2022-04-19,31.42812,31.87202,32.75982,31.073,4931025.0
467058,2022-04-22,31.383730000000003,31.5169,32.138360000000006,31.29495,2444172.0
467058,2022-05-10,29.96325,30.54032,30.54032,29.78569,1872129.0
467058,2022-07-04,24.10377,23.83743,24.32572,23.70426,4872774.0
467058,2022-07-22,26.722780000000004,27.344240000000003,27.43302,26.634,1911243.0
467058,2022-08-03,25.47986,25.7462,26.14571,25.3023,1776377.0
467058,2022-08-23,24.947180000000003,24.68084,25.08035,24.63645,1382580.0
467058,2022-09-01,24.59206,24.4145,24.725230000000003,24.4145,1240326.0
467058,2022-09-06,29.253010000000003,30.584710000000005,31.161780000000004,27.92131,27356416.0
467058,2022-09-13,40.21734,36.3998,40.57246000000001,36.355410000000006,49454484.0
467058,2022-09-15,34.75737,38.13101,39.01881,34.44664,23017712.0
467058,2022-09-22,35.73395,34.35786,36.13346000000001,34.26908,8729312.0
467058,2022-09-27,30.85105,32.271530000000006,33.026160000000004,30.362760000000005,7737450.0
467058,2022-10-10,32.89299,33.55884,33.86957,32.715430000000005,4899231.0
467058,2022-10-24,29.031060000000004,29.031060000000004,29.474960000000003,28.809110000000004,1116822.0
467058,2022-11-02,30.1852,28.32082,30.806660000000004,28.01009,17983319.0
467058,2022-11-09,29.34179,29.83008,30.05203,29.20862,2728570.0
467058,2022-11-16,28.76472,29.11984,29.20862,28.54277,1531557.0
467058,2022-11-30,27.166680000000003,26.76717,27.43302,26.50083,2229196.0
467058,2023-01-20,23.65987,23.9706,24.05938,23.61548,1426169.0
467058,2023-01-23,23.88182,24.05938,24.19255,23.65987,1614525.0
467058,2023-04-18,15.0926,14.87065,15.625280000000002,14.82626,15547216.0
467058,2023-04-25,14.78187,14.87065,15.22577,14.73748,6738126.0
467058,2023-05-22,15.181380000000004,15.31455,15.31455,14.91504,3433287.0
467058,2023-05-31,14.87065,15.22577,15.27016,14.693090000000002,14717196.0
467058,2023-06-01,14.87065,14.78187,15.00382,14.693090000000002,3969332.0
467058,2023-06-07,15.802840000000002,15.75845,16.024790000000003,15.625280000000002,4103220.0
467058,2023-08-21,15.75,16.35,16.4,15.3,12488069.0
467058,2023-08-22,15.8,15.85,16.0,15.65,10298225.0
467058,2023-08-23,15.8,15.95,16.0,15.75,1873876.0
467058,2022-01-10,37.90906,38.35296,38.48613,37.64272,3713610.0
467058,2022-01-21,36.00029,36.88809,37.59833,35.512,3534802.0
467058,2022-02-04,34.6242,34.89054,34.93493,34.31347,2236441.0
467058,2022-02-10,33.470060000000004,33.95835,34.04713,33.381280000000004,1411824.0
467058,2022-02-25,28.72033,28.05448,28.942280000000004,27.92131,2865223.0
467058,2022-03-09,28.63155,27.5218,29.34179,27.43302,3336858.0
467058,2022-04-06,32.22714,32.848600000000005,33.11494,32.00519,3393992.0
467058,2022-04-21,31.472510000000003,31.5169,31.827630000000003,31.250560000000004,2117717.0
467058,2022-04-29,30.98422,32.53787,33.026160000000004,30.6291,3105995.0
467058,2022-05-02,30.76227,30.54032,31.20617,30.27398,1363330.0
467058,2022-06-02,24.902790000000003,25.3023,25.3023,24.68084,7159302.0
467058,2022-07-18,26.58961,26.98912,27.03351,26.41205,2528529.0
467058,2022-09-12,35.77834,33.7364,36.22224,33.64762,29752179.0
467058,2022-10-04,34.49103,32.22714,34.97932,32.18275,12092548.0
467058,2022-11-10,28.72033,29.386180000000003,29.519350000000003,28.63155,2379705.0
467058,2022-12-02,27.388630000000003,27.29985,27.47741,27.166680000000003,2879873.0
467058,2023-01-06,24.45889,25.03596,25.03596,24.32572,1407569.0
467058,2023-01-25,23.5267,23.83743,23.88182,23.39353,1274415.0
467058,2023-02-02,23.74865,23.5267,24.23694,23.34914,1884613.0
467058,2023-02-06,22.86085,22.727680000000003,23.12719,22.32817,2208346.0
467058,2023-04-03,14.693090000000002,14.42675,14.91504,14.2048,13176858.0
467058,2023-04-13,15.00382,15.00382,15.27016,14.91504,9566722.0
467058,2023-05-26,15.31455,15.31455,15.403330000000002,15.181380000000004,3089962.0
467058,2023-06-06,15.71406,15.9804,16.024790000000003,15.580890000000002,4873235.0
467058,2023-06-20,16.65,16.9,16.9,16.25,1827983.0
467058,2023-07-05,16.5,16.5,16.6,16.45,1267288.0
467058,2023-08-02,15.4,15.8,15.9,15.2,3191613.0
467058,2023-08-11,17.45,17.55,18.0,17.0,36262599.0
467058,2023-08-16,16.5,16.6,17.15,16.15,20435854.0
467058,2021-12-16,33.95835,35.33444,36.13346000000001,33.33689,9978435.0
467058,2021-12-21,31.694460000000003,31.56129,32.4047,31.29495,2920851.0
467058,2021-12-23,33.11494,31.960800000000003,34.31347,31.827630000000003,11788160.0
467058,2021-12-30,39.77344,39.5071,41.682210000000005,39.0632,17150184.0
467058,2022-02-16,32.493480000000005,31.87202,32.937380000000005,31.87202,1776937.0
467058,2022-05-18,27.87692,28.587160000000004,28.67594,27.65497,3150602.0
467058,2022-05-23,26.90034,27.43302,27.87692,26.722780000000004,2035630.0
467058,2022-06-07,23.83743,24.54767,24.59206,23.74865,2623054.0
467058,2022-06-24,22.949630000000003,21.48476,23.88182,21.3072,11949796.0
467058,2022-08-10,24.8584,24.99157,25.39108,24.68084,1439874.0
467058,2022-08-17,25.56864,24.8584,26.05693,24.8584,5552776.0
467058,2022-08-24,24.947180000000003,24.8584,25.52425,24.8584,1502762.0
467058,2022-11-01,27.9657,28.09887,28.23204,27.78814,2529629.0
467058,2023-03-28,13.67212,14.24919,14.471140000000002,13.53895,10555193.0
467058,2023-04-19,15.22577,15.27016,15.66967,15.0926,19336237.0
467058,2023-05-08,15.580890000000002,15.84723,15.89162,15.49211,4003127.0
467058,2023-05-24,15.31455,15.0926,15.44772,15.00382,3445286.0
467058,2023-06-19,16.65,17.55,17.8,16.45,2782211.0
467058,2021-11-29,30.09642,31.073,31.073,29.43057,2249165.0
467058,2022-01-06,37.06565,35.9559,37.59833,35.91151000000001,4759322.0
467058,2022-01-18,36.488580000000006,38.08662,38.57491,36.17785,3532528.0
467058,2022-01-27,34.6242,33.82518,35.15688,33.82518,2194543.0
467058,2022-02-22,29.20862,29.07545,29.83008,29.031060000000004,2498553.0
467058,2022-02-24,26.634,28.4096,28.8535,26.23449,3581588.0
467058,2022-03-16,27.9657,27.9657,28.27643,27.69936,6031993.0
467058,2022-03-17,29.031060000000004,28.14326,29.2974,28.09887,7539739.0
467058,2022-03-31,30.806660000000004,29.65252,31.29495,28.72033,13858953.0
467058,2022-04-01,33.470060000000004,31.073,33.86957,30.54032,13476856.0
467058,2022-04-27,31.916410000000003,30.89544,32.848600000000005,30.1852,6375200.0
467058,2022-05-06,30.22959,30.6291,30.71788,30.00764,2515867.0
467058,2022-06-06,24.54767,24.8584,24.8584,24.45889,1300196.0
467058,2022-06-10,22.77207,22.81646,23.0828,22.505730000000003,2568130.0
467058,2022-07-29,24.99157,25.124740000000003,25.3023,24.68084,1861574.0
467058,2022-08-08,24.8584,25.65742,25.83498,24.81401,1563611.0
467058,2022-08-12,24.8584,25.03596,25.08035,24.725230000000003,1120134.0
467058,2022-10-11,31.073,33.070550000000004,33.33689,30.49593,6759167.0
467058,2022-10-27,28.49838,29.031060000000004,29.56374,28.23204,4483766.0
467058,2022-11-04,29.91886,30.362760000000005,30.45154,29.474960000000003,3714324.0
467058,2022-11-18,27.61058,28.72033,29.2974,27.47741,4718948.0
467058,2022-12-20,25.124740000000003,25.124740000000003,25.3023,24.76962,4745162.0
467058,2022-12-21,24.45889,25.3023,25.61303,24.37011,5168075.0
467058,2022-12-26,24.23694,22.905240000000003,24.4145,22.505730000000003,3528725.0
467058,2023-01-11,24.10377,24.19255,24.37011,23.92621,1479239.0
467058,2023-02-16,21.3072,20.81891,21.92866,20.77452,4096359.0
467058,2023-06-23,16.25,16.2,16.35,16.1,604008.0
467058,2022-01-04,37.42077,38.97442,39.55149,37.154430000000005,6211613.0
467058,2022-01-11,37.06565,38.1754,38.26418,36.8437,3412438.0
467058,2022-01-17,37.95345,36.3998,39.0632,36.31102,8786577.0
467058,2022-03-02,28.4096,28.4096,28.76472,28.09887,2909639.0
467058,2022-03-29,25.96815,26.722780000000004,26.98912,25.65742,5285509.0
467058,2022-04-28,32.53787,32.271530000000006,32.848600000000005,31.65007,5046297.0
467058,2022-05-05,31.20617,30.6291,31.694460000000003,30.6291,2603948.0
467058,2022-05-16,28.36521,28.809110000000004,29.164230000000003,28.14326,3810325.0
467058,2022-05-27,24.8584,25.08035,26.05693,24.54767,3795879.0
467058,2022-07-19,26.41205,26.58961,26.722780000000004,26.32327,1713590.0
467058,2022-08-18,25.34669,25.47986,25.87937,25.21352,1546924.0
467058,2022-08-19,25.03596,25.3023,25.79059,24.8584,2032999.0
467058,2022-09-26,31.916410000000003,34.09152,34.224689999999995,31.65007,6574271.0
467058,2022-11-15,29.20862,29.56374,29.696910000000003,28.8535,1531193.0
467058,2023-01-02,24.81401,24.725230000000003,25.21352,24.503280000000004,2654152.0
467058,2023-01-12,23.92621,24.23694,24.23694,23.79304,1185363.0
467058,2023-01-16,24.10377,24.23694,24.503280000000004,24.01499,1363335.0
467058,2023-03-02,20.4194,20.508180000000003,20.77452,20.286230000000003,1960799.0
467058,2023-05-03,15.89162,15.71406,16.60186,15.580890000000002,13087686.0
467058,2023-06-21,16.5,16.7,16.85,16.4,1597323.0
467058,2023-07-04,16.55,16.65,16.7,16.45,1840271.0
467058,2023-07-17,16.35,17.3,17.45,16.3,7296851.0
467058,2023-08-09,16.15,14.8,16.5,14.75,41067440.0
467058,2022-01-13,36.53297,36.75492,37.06565,36.3998,2495653.0
467058,2021-11-26,31.073,31.827630000000003,32.00519,30.89544,2777595.0
467058,2021-12-03,30.939830000000004,30.71788,31.33934,30.45154,1853364.0
467058,2021-12-24,37.287600000000005,33.248110000000004,37.90906,32.848600000000005,43003872.0
467058,2021-12-29,39.41832,38.6193,39.77344,38.30857,9639698.0
467058,2022-01-03,38.70808,39.10759,39.59588,38.21979,5219085.0
467058,2022-01-19,36.577360000000006,36.488580000000006,37.06565,36.13346000000001,3948650.0
467058,2022-02-18,31.11739,31.605680000000003,31.694460000000003,30.98422,1265248.0
467058,2022-03-30,28.89789,26.1901,29.741300000000003,26.14571,11796155.0
467058,2022-04-05,32.848600000000005,33.514450000000004,33.86957,32.582260000000005,4151988.0
467058,2022-05-31,25.39108,24.902790000000003,26.10132,24.725230000000003,9376975.0
467058,2022-06-09,23.26036,23.43792,23.43792,23.17158,1648592.0
467058,2022-07-13,27.29985,26.944730000000003,28.76472,26.722780000000004,16448179.0
467058,2022-07-21,27.0779,26.54522,27.9657,26.27888,5138569.0
467058,2022-09-28,30.27398,30.6291,32.138360000000006,30.09642,12487623.0
467058,2022-12-19,25.21352,25.21352,25.70181,25.124740000000003,6327243.0
467058,2022-12-28,24.45889,24.14816,24.76962,24.14816,1995400.0
467058,2023-01-05,24.63645,24.81401,24.8584,24.32572,1198922.0
467058,2023-01-10,24.10377,24.10377,24.19255,23.88182,1331405.0
467058,2023-01-27,22.949630000000003,23.65987,23.70426,22.683290000000003,2062176.0
467058,2023-03-27,14.16041,14.87065,15.22577,13.49456,16638855.0
467058,2023-04-06,16.646250000000002,14.42675,17.48966,14.42675,67684215.0
467058,2023-04-24,14.82626,15.00382,15.0926,14.693090000000002,4675609.0
467058,2023-05-09,15.403330000000002,15.625280000000002,15.75845,15.27016,3790934.0
467058,2023-06-08,16.11357,15.89162,17.04576,15.89162,20610287.0
467058,2023-07-20,16.0,16.15,16.25,15.9,3356652.0
467058,2021-11-30,30.362760000000005,30.00764,31.20617,29.91886,2106721.0
467058,2022-03-03,28.63155,28.49838,28.98667,28.32082,2175332.0
467058,2022-03-25,27.5218,27.69936,27.87692,27.29985,9183552.0
467058,2022-04-04,33.248110000000004,33.070550000000004,34.93493,32.493480000000005,9457332.0
467058,2022-04-08,31.472510000000003,31.605680000000003,32.049580000000006,31.383730000000003,1783875.0
467058,2022-04-25,30.67349,31.073,31.472510000000003,30.40715,2189674.0
467058,2022-05-04,30.31837,31.028610000000004,31.42812,29.91886,2107863.0
467058,2022-05-12,27.92131,28.67594,28.8535,27.78814,1719051.0
467058,2022-05-24,26.27888,26.98912,27.03351,26.1901,2152044.0
467058,2022-05-30,24.99157,25.3023,25.43547,24.76962,3153097.0
467058,2022-06-20,21.21842,22.99402,23.26036,20.90769,3546817.0
467058,2022-07-11,23.34914,23.21597,23.48231,22.505730000000003,1980369.0
467058,2022-10-14,30.54032,31.960800000000003,32.138360000000006,30.22959,8089433.0
467058,2022-10-17,29.43057,30.1852,30.362760000000005,29.20862,4553206.0
467058,2022-10-19,29.696910000000003,30.27398,30.54032,29.253010000000003,4033163.0
467058,2022-10-20,29.2974,29.2974,29.87447,29.164230000000003,3758450.0
467058,2022-10-28,28.36521,28.587160000000004,29.031060000000004,27.92131,3514155.0
467058,2022-12-12,25.25791,24.37011,25.79059,24.23694,11654629.0
467058,2022-12-22,23.9706,24.54767,24.81401,23.79304,2517109.0
467058,2022-12-23,22.77207,23.61548,23.92621,22.6389,3809162.0
467058,2022-12-30,24.63645,24.37011,24.902790000000003,24.37011,2256739.0
467058,2023-02-28,19.30965,19.30965,20.15306,19.22087,3376782.0
467058,2023-03-03,20.4194,20.55257,20.64135,20.33062,1605702.0
467058,2023-03-10,19.44282,19.84233,19.84233,19.35404,2509109.0
467058,2023-03-29,13.27261,13.67212,13.7609,13.00627,15061555.0
467058,2023-03-31,14.2048,13.45017,14.693090000000002,13.40578,24855501.0
467058,2023-05-15,15.9804,15.9804,16.20235,15.75845,9111684.0
467058,2023-05-19,15.181380000000004,15.13699,15.35894,14.82626,4195108.0
467058,2023-05-29,15.44772,15.5365,15.625280000000002,15.13699,4210464.0
467058,2023-06-13,16.11357,16.424300000000002,16.646250000000002,16.069180000000003,4270897.0
467058,2023-06-27,16.2,16.15,16.55,15.95,609322.0
467058,2023-07-26,15.85,16.0,16.1,15.8,1862538.0
467058,2023-07-28,15.7,15.75,15.9,15.65,1912461.0
467058,2023-07-31,15.75,15.85,15.85,15.7,1385608.0
467058,2021-12-20,31.33934,32.75982,32.75982,31.161780000000004,3923592.0
467058,2021-12-17,33.070550000000004,33.95835,34.44664,32.53787,4554853.0
467058,2021-12-02,30.71788,30.584710000000005,30.939830000000004,30.54032,1277658.0
467058,2022-01-31,34.97932,35.24566,36.08907,34.80176,2193773.0
467058,2021-12-22,31.78324,31.738850000000003,32.049580000000006,31.5169,4158791.0
467058,2022-02-03,34.75737,35.15688,35.29005,34.57981,1516844.0
467058,2022-03-24,27.65497,27.69936,27.9657,27.388630000000003,9444041.0
467058,2022-02-21,30.22959,31.073,31.161780000000004,30.00764,1685729.0
467058,2022-06-13,22.10622,22.55012,22.55012,22.01744,1787522.0
467058,2022-03-10,28.942280000000004,29.519350000000003,29.87447,28.54277,1932449.0
467058,2022-07-28,24.947180000000003,25.47986,25.87937,24.81401,1393027.0
467058,2022-03-14,28.05448,29.253010000000003,29.34179,27.83253,5946145.0
467058,2022-08-01,25.124740000000003,25.21352,25.39108,25.03596,1713871.0
467058,2022-06-16,24.05938,22.23939,24.8584,22.15061,17322404.0
467058,2022-08-25,24.99157,25.169130000000003,25.83498,24.947180000000003,2526794.0
467058,2022-07-08,23.26036,23.61548,23.83743,22.905240000000003,4895263.0
467058,2022-08-26,24.725230000000003,25.124740000000003,25.43547,24.23694,2617915.0
467058,2022-10-21,29.031060000000004,29.474960000000003,29.87447,28.8535,2690621.0
467058,2022-09-09,33.42567,31.87202,34.6242,31.383730000000003,34087363.0
467058,2022-09-23,34.53542,35.9559,36.08907,34.1803,7804070.0
467058,2022-11-17,28.587160000000004,28.54277,29.20862,28.49838,1880671.0
467058,2022-10-12,31.073,31.250560000000004,31.738850000000003,30.09642,4869979.0
467058,2022-11-28,26.58961,26.85595,27.344240000000003,26.45644,3211085.0
467058,2022-10-25,28.76472,28.63155,29.20862,28.587160000000004,2404066.0
467058,2022-12-01,27.29985,27.388630000000003,27.78814,27.166680000000003,3872269.0
467058,2022-11-29,26.634,26.722780000000004,26.944730000000003,26.54522,2102044.0
467058,2022-12-29,24.23694,24.32572,24.4145,24.05938,1823006.0
467058,2022-12-16,25.34669,25.61303,26.36766,25.08035,5727320.0
467058,2023-02-13,21.61793,22.32817,22.41695,21.52915,2075893.0
467058,2023-01-13,24.23694,24.05938,24.37011,23.9706,1357846.0
467058,2023-01-31,23.92621,22.905240000000003,24.28133,22.727680000000003,4231813.0
467058,2023-03-01,20.37501,19.35404,20.59696,19.35404,4604300.0
467058,2023-03-21,16.024790000000003,16.60186,17.35649,15.89162,8784618.0
467058,2023-02-01,23.5267,24.32572,24.81401,23.21597,3493273.0
467058,2023-05-05,15.75845,15.93601,16.20235,15.66967,4455035.0
467058,2023-02-07,22.37256,22.905240000000003,23.0828,22.32817,2341918.0
467058,2023-05-16,15.75845,16.069180000000003,16.15796,15.625280000000002,5216733.0
467058,2023-03-06,20.4194,20.4194,21.04086,20.33062,2346210.0
467058,2023-06-05,15.89162,15.44772,16.55747,15.35894,25582813.0
467058,2023-03-13,18.510630000000003,19.57599,20.15306,18.37746,3872229.0
467058,2023-07-10,16.2,16.55,16.55,16.15,2541558.0
467058,2023-03-16,17.756,18.42185,18.466240000000003,17.62283,3868110.0
467058,2023-07-11,16.25,16.25,16.45,16.15,2425921.0
467058,2023-06-22,16.15,16.7,16.7,16.05,2309429.0
467058,2023-07-19,16.1,16.2,16.3,16.05,2236372.0
467058,2023-07-13,16.25,16.75,16.8,16.15,1989086.0
467058,2023-08-04,15.2,15.5,15.55,15.15,4747512.0
467058,2023-07-27,15.75,15.95,15.95,15.7,2252092.0
467058,2023-08-07,14.95,15.3,15.3,14.9,2253022.0
467058,2023-08-10,17.2,16.6,17.7,16.55,92001184.0
467058,2023-08-08,14.65,15.1,15.1,14.55,3710558.0
467058,2021-12-10,32.848600000000005,32.138360000000006,33.55884,31.78324,3753800.0
467058,2022-01-12,36.710530000000006,37.021260000000005,37.55394,36.53297,2984326.0
467058,2022-01-14,36.22224,36.22224,36.932480000000005,36.04468,2476095.0
467058,2021-12-14,33.42567,32.360310000000005,33.91396,32.22714,3721892.0
467058,2022-01-20,36.8437,36.799310000000006,37.59833,36.66614,3214207.0
467058,2022-01-28,34.84615,34.89054,35.73395,34.6242,1960660.0
467058,2021-12-27,39.01881,37.287600000000005,41.593430000000005,36.22224,35161409.0
467058,2022-02-02,35.0681,34.97932,35.29005,34.66859,1789102.0
467058,2022-01-24,34.35786,37.19882,37.19882,33.86957,5031998.0
467058,2022-02-11,32.715430000000005,33.20372,33.292500000000004,32.62665,1735679.0
467058,2022-02-15,31.694460000000003,31.87202,32.049580000000006,30.67349,1976791.0
467058,2022-02-23,29.83008,29.11984,30.362760000000005,29.11984,2253357.0
467058,2022-03-22,28.27643,28.4096,28.587160000000004,28.14326,2810509.0
467058,2022-06-14,22.06183,21.83988,22.55012,21.83988,2821340.0
467058,2022-03-23,27.69936,28.4096,28.45399,27.5218,2645591.0
467058,2022-06-21,21.57354,21.7511,21.92866,21.17403,3964672.0
467058,2022-06-28,23.5267,23.03841,24.05938,22.55012,2790371.0
467058,2022-03-28,26.722780000000004,27.344240000000003,27.65497,26.1901,5574539.0
467058,2022-07-15,26.54522,26.41205,27.21107,26.1901,5570357.0
467058,2022-04-20,31.33934,31.78324,32.360310000000005,31.161780000000004,3191989.0
467058,2022-08-02,25.65742,25.21352,26.1901,25.124740000000003,3442031.0
467058,2022-05-11,28.809110000000004,29.65252,30.05203,28.36521,1982142.0
467058,2022-09-02,24.45889,24.63645,24.725230000000003,24.4145,1445871.0
467058,2022-09-19,37.11004,36.66614,37.90906,36.00029,13383620.0
467058,2022-06-03,24.76962,25.25791,25.56864,24.725230000000003,3674281.0
467058,2022-10-13,30.98422,31.161780000000004,31.472510000000003,30.45154,3893503.0
467058,2023-01-19,23.79304,23.83743,23.9706,23.5267,1165652.0
467058,2022-06-23,21.21842,21.35159,21.52915,20.95208,1936272.0
467058,2023-03-09,19.9755,19.93111,20.10867,19.93111,1672659.0
467058,2022-07-12,26.45644,23.26036,27.166680000000003,23.26036,19788566.0
467058,2023-03-17,17.26771,18.02234,18.15551,17.17893,6074780.0
467058,2023-04-28,14.91504,14.95943,15.04821,14.78187,4239594.0
467058,2022-09-08,31.827630000000003,33.42567,33.95835,31.65007,16464712.0
467058,2022-09-14,38.04223,38.79686,39.68466,37.64272,23784277.0
467058,2022-10-06,34.80176,35.20127,35.512,34.1803,8446604.0
467058,2023-05-02,15.75845,15.00382,16.60186,14.95943,34127337.0
467058,2022-10-18,30.05203,29.65252,31.383730000000003,29.65252,9626870.0
467058,2023-05-23,15.13699,15.181380000000004,15.31455,15.04821,2209204.0
467058,2022-11-03,30.1852,29.741300000000003,30.71788,29.741300000000003,4369705.0
467058,2022-11-23,26.27888,25.56864,27.25546,25.39108,10710991.0
467058,2023-06-02,15.22577,14.95943,15.31455,14.91504,5063075.0
467058,2023-06-14,15.71406,16.11357,16.20235,15.580890000000002,7765281.0
467058,2022-11-24,26.634,26.54522,27.166680000000003,26.45644,3859468.0
467058,2023-08-14,16.4,17.45,17.45,15.95,23901524.0
467058,2022-12-09,24.19255,26.634,26.81156,22.727680000000003,53032815.0
467058,2023-01-17,24.05938,24.10377,24.28133,23.9706,1464798.0
467058,2023-01-18,24.01499,24.05938,24.28133,23.9706,2005672.0
467058,2023-01-24,23.92621,23.88182,24.05938,23.79304,1381848.0
467058,2023-04-12,14.95943,15.22577,15.27016,14.87065,12300017.0
467058,2023-04-26,14.693090000000002,14.87065,14.87065,14.6487,3944013.0
467058,2023-05-10,15.181380000000004,15.44772,15.5365,15.0926,3330848.0
467058,2023-06-12,16.424300000000002,16.735030000000002,16.82381,16.246740000000003,5754457.0
467058,2023-07-12,16.65,16.25,17.25,16.2,7825545.0
467058,2021-12-31,39.10759,40.21734,40.52807,38.75247,6520118.0
467058,2022-02-07,33.91396,34.6242,34.84615,33.82518,2041637.0
467058,2022-03-04,28.18765,28.18765,28.587160000000004,27.83253,1797781.0
467058,2022-04-07,31.472510000000003,32.22714,32.62665,31.383730000000003,2468390.0
467058,2022-04-26,30.939830000000004,31.250560000000004,31.250560000000004,30.54032,1381521.0
467058,2022-06-22,21.17403,21.57354,21.61793,21.04086,2081025.0
467058,2022-07-01,23.74865,23.74865,24.4145,23.21597,2363491.0
467058,2022-07-07,24.503280000000004,24.8584,24.902790000000003,24.23694,3120232.0
467058,2022-09-16,36.44419,34.66859,37.7315,34.53542,27813909.0
467058,2022-10-07,34.44664,34.80176,35.11249,34.26908,5462037.0
467058,2022-11-21,27.43302,27.61058,28.45399,27.29985,3398601.0
467058,2022-11-22,25.21352,27.56619,27.83253,24.8584,11538000.0
467058,2022-11-25,26.634,26.67839,26.90034,26.50083,2885480.0
467058,2022-12-27,24.19255,24.68084,24.8584,24.05938,2173459.0
467058,2023-02-08,22.46134,22.41695,22.81646,22.32817,1524062.0
467058,2023-02-14,21.26281,21.61793,21.83988,21.04086,1850706.0
467058,2023-02-27,19.26526,19.79794,19.84233,19.04331,1521795.0
467058,2023-03-15,18.15551,18.11112,19.88672,17.93356,14007305.0
467058,2023-03-23,14.87065,16.735030000000002,16.91259,14.42675,46521241.0
467058,2023-06-09,16.60186,16.20235,16.77942,15.89162,14479232.0
467058,2023-06-26,16.0,16.0,16.25,15.95,1024698.0
467058,2023-07-03,16.55,16.45,16.75,16.4,2346205.0
467058,2023-07-06,16.45,16.55,16.6,16.35,2170727.0
467058,2023-07-21,15.85,16.0,16.1,15.8,2526683.0
467058,2023-08-01,15.75,15.75,16.1,15.5,2716063.0
467058,2023-08-03,15.45,15.6,15.65,15.2,2474415.0
467058,2023-08-17,16.2,16.75,16.8,15.95,13487762.0
467058,2021-12-28,38.57491,39.77344,40.17295,37.99784,15182234.0
467058,2022-05-19,27.388630000000003,27.43302,27.61058,27.0779,1602811.0
467058,2022-05-26,24.76962,25.43547,25.47986,24.28133,2564267.0
467058,2022-06-01,25.3023,25.61303,26.14571,25.08035,7784680.0
467058,2022-06-08,23.43792,23.9706,24.05938,23.30475,2623128.0
467058,2022-06-15,22.06183,22.10622,22.37256,21.97305,2016210.0
467058,2022-07-05,24.32572,24.19255,24.8584,24.10377,4386576.0
467058,2022-07-27,25.3023,25.03596,25.87937,25.03596,1503932.0
467058,2022-08-05,25.61303,26.05693,26.36766,25.47986,1683814.0
467058,2022-08-11,24.99157,25.124740000000003,25.25791,24.8584,1071091.0
467058,2022-08-22,24.99157,26.14571,26.14571,24.81401,2264677.0
467058,2022-09-20,36.31102,37.50955,38.35296,35.86712,8329122.0
467058,2022-09-29,29.386180000000003,30.939830000000004,31.33934,29.031060000000004,5909598.0
467058,2022-12-05,27.21107,27.5218,28.18765,26.98912,7117895.0
467058,2022-12-13,25.3023,25.47986,25.56864,24.99157,3812167.0
467058,2023-01-30,22.77207,22.949630000000003,23.12719,22.55012,1612227.0
467058,2023-02-09,22.41695,22.46134,22.6389,22.283780000000004,1516200.0
467058,2023-02-21,20.685740000000003,20.64135,20.8633,20.59696,1195445.0
467058,2023-02-23,19.84233,20.24184,21.26281,19.79794,1770476.0
467058,2023-02-24,19.79794,19.9755,20.15306,19.35404,2777088.0
467058,2023-03-22,16.424300000000002,16.15796,16.513080000000002,15.44772,16658998.0
467058,2023-04-05,14.60431,14.82626,14.82626,14.293580000000002,9856809.0
467058,2023-04-11,15.0926,15.22577,16.15796,14.73748,46882328.0
467058,2023-05-12,15.9804,15.89162,16.77942,15.71406,25726692.0
467058,2022-02-14,31.42812,32.271530000000006,32.271530000000006,31.11739,2298655.0
467058,2022-02-28,27.78814,28.76472,28.76472,27.21107,3363049.0
467058,2022-05-17,28.4096,28.36521,28.76472,28.14326,1993614.0
467058,2022-05-25,25.3023,26.45644,26.81156,24.99157,2689444.0
467058,2022-06-17,23.0828,24.05938,24.32572,22.86085,4792251.0
467058,2022-06-29,24.28133,23.17158,24.54767,22.6389,4553532.0
467058,2022-07-14,26.41205,27.47741,27.74375,25.83498,6053025.0
467058,2022-08-04,26.1901,25.61303,26.722780000000004,24.8584,3688368.0
467058,2022-08-29,24.45889,24.4145,24.63645,24.05938,1303523.0
467058,2022-09-07,32.89299,28.98667,33.64762,28.67594,58153003.0
467058,2022-11-11,28.54277,29.11984,29.164230000000003,28.23204,3315413.0
467058,2023-01-04,24.68084,25.08035,25.169130000000003,24.54767,1363755.0
467058,2023-02-10,22.23939,22.505730000000003,22.505730000000003,22.195,1079884.0
467058,2023-02-22,20.15306,20.685740000000003,20.730130000000003,20.064280000000004,1772161.0
467058,2023-03-20,16.468690000000002,17.26771,17.44527,16.291130000000003,7947597.0
467058,2023-04-17,14.82626,15.00382,15.00382,14.6487,5634947.0
467058,2023-04-20,15.00382,15.35894,15.35894,14.91504,6082012.0
467058,2023-04-21,15.0926,15.0926,15.31455,14.6487,14769897.0
467058,2023-05-25,15.31455,15.27016,15.403330000000002,15.0926,2467695.0
467058,2023-05-30,15.31455,15.49211,15.5365,15.13699,2939531.0
467058,2023-07-14,16.7,16.25,16.85,16.25,3388659.0
467058,2022-01-07,37.95345,37.68711,39.01881,37.287600000000005,9503587.0
467058,2022-04-18,31.605680000000003,33.026160000000004,33.20372,31.42812,7301032.0
467058,2022-05-13,28.18765,28.14326,28.942280000000004,27.87692,2720994.0
467058,2022-05-20,27.29985,27.61058,28.05448,26.98912,2169262.0
467058,2022-06-27,23.03841,23.5267,23.61548,22.77207,2521256.0
467058,2022-07-20,26.45644,26.58961,26.76717,26.32327,1461378.0
467058,2022-07-25,25.87937,26.54522,26.634,25.83498,1355313.0
467058,2022-07-26,25.08035,26.01254,26.01254,24.99157,1237084.0
467058,2022-08-16,24.81401,24.8584,25.169130000000003,24.4145,1210449.0
467058,2022-08-30,24.63645,24.59206,24.947180000000003,24.503280000000004,1473071.0
467058,2022-09-05,29.20862,24.45889,29.34179,24.37011,37733108.0
467058,2022-09-30,30.6291,29.43057,31.028610000000004,28.76472,9965788.0
467058,2022-10-03,31.65007,30.584710000000005,31.960800000000003,30.05203,7638414.0
467058,2022-10-31,27.9657,28.587160000000004,28.942280000000004,27.83253,3900524.0
467058,2022-11-07,29.78569,30.09642,30.45154,29.519350000000003,2878815.0
467058,2022-11-14,29.56374,28.67594,30.05203,28.45399,5409424.0
467058,2022-12-06,26.85595,27.25546,27.47741,26.722780000000004,3310854.0
467058,2022-12-08,26.634,26.722780000000004,26.81156,26.41205,2280000.0
467058,2022-12-15,25.61303,26.1901,26.45644,25.47986,5143648.0
467058,2023-02-15,20.685740000000003,21.21842,21.39598,20.508180000000003,2608327.0
467058,2023-03-08,19.93111,20.33062,20.33062,19.84233,2427017.0
467058,2023-03-14,17.93356,18.466240000000003,18.6438,17.844780000000004,3131654.0
467058,2023-03-24,14.78187,15.00382,15.5365,14.6487,13018513.0
467058,2023-05-04,15.93601,16.069180000000003,16.15796,15.75845,5418063.0
467058,2023-05-18,15.13699,15.5365,15.75845,15.04821,6555523.0
467058,2023-06-28,16.1,16.3,16.35,16.1,745568.0
467058,2023-07-07,16.5,16.45,16.55,16.3,1755424.0
467058,2023-07-18,16.15,16.45,16.5,16.1,2908173.0
467058,2023-07-25,15.85,15.7,16.25,15.65,6946871.0
