stockid,date,close,open,high,low,volume
928160,2021-01-05,68.9,68.85,70.8,68.5,24418.0
928160,2021-01-22,79.95,83.15,83.2,77.15,56951.0
928160,2021-01-11,72.85,71.75,76.9,70.1,47992.0
928160,2021-04-16,75.2,76.6,77.85,74.95,13698.0
928160,2021-01-20,81.5,77.35,83.9,77.25,126288.0
928160,2021-02-03,81.1,81.0,82.0,77.4,126563.0
928160,2021-06-18,131.05,135.0,137.95,127.05,48782.0
928160,2021-06-25,130.15,134.95,134.95,129.05,28496.0
928160,2021-02-17,82.05,81.55,82.25,81.0,74212.0
928160,2021-06-28,130.05,130.1,133.55,129.55,22199.0
928160,2021-02-19,81.75,82.75,85.5,81.0,54795.0
928160,2021-07-05,135.15,131.0,139.4,131.0,58070.0
928160,2021-05-31,112.25,112.05,115.9,109.65,18485.0
928160,2021-09-13,139.9,134.1,141.85,134.1,27061.0
928160,2021-06-04,119.3,124.9,124.9,118.0,47669.0
928160,2021-10-05,130.0,128.4,133.85,126.95,23557.0
928160,2021-07-12,130.7,131.05,133.0,130.2,32165.0
928160,2021-10-22,119.8,125.45,125.45,119.0,9541.0
928160,2021-07-19,134.2,139.45,139.5,132.35,20024.0
928160,2021-11-17,127.35,128.8,131.1,126.55,18830.0
928160,2021-07-29,133.65,132.0,135.95,132.0,25654.0
928160,2021-12-06,117.8,117.25,119.95,116.05,3388.0
928160,2021-08-24,118.5,114.35,120.8,113.75,30549.0
928160,2021-12-13,119.0,125.0,125.0,118.0,7247.0
928160,2021-10-25,114.5,124.0,124.0,112.0,18676.0
928160,2021-12-29,137.1,153.4,157.9,135.25,439715.0
928160,2021-10-26,117.05,114.0,117.9,114.0,8645.0
928160,2022-01-10,147.7,137.8,149.8,137.35,179024.0
928160,2021-11-10,129.95,130.4,132.0,127.1,14977.0
928160,2022-01-31,134.6,136.8,154.4,133.1,21492.0
928160,2021-12-10,119.45,119.6,120.5,118.2,7642.0
928160,2022-04-08,139.35,134.8,144.0,134.8,8348.0
928160,2022-04-27,132.25,131.1,133.95,129.9,4543.0
928160,2021-12-27,119.05,118.35,120.0,116.05,2933.0
928160,2022-02-04,137.15,138.3,141.35,136.0,27541.0
928160,2022-03-14,132.8,132.0,134.4,130.05,4248.0
928160,2022-03-21,136.9,135.05,137.5,135.05,3824.0
928160,2022-03-29,130.55,135.0,135.95,128.75,14220.0
928160,2022-04-06,136.65,132.2,137.7,132.2,15829.0
928160,2021-01-18,80.3,72.65,82.9,72.65,320490.0
928160,2021-02-05,81.1,83.15,83.35,79.95,74907.0
928160,2021-02-12,79.8,83.05,83.05,79.2,23691.0
928160,2021-02-15,76.85,80.15,81.4,76.05,27785.0
928160,2021-03-01,82.85,83.45,84.9,82.2,44752.0
928160,2021-05-24,100.25,102.45,103.0,99.2,19479.0
928160,2021-05-28,113.25,121.3,123.8,111.05,136140.0
928160,2021-06-09,120.3,128.3,128.3,114.05,38977.0
928160,2021-06-14,118.1,119.7,121.95,114.1,23783.0
928160,2021-08-03,132.85,135.0,137.95,132.1,41101.0
928160,2021-08-05,129.65,134.0,134.0,126.6,26629.0
928160,2021-08-11,117.5,121.0,128.25,113.65,40955.0
928160,2021-08-30,128.3,125.0,129.6,124.5,15834.0
928160,2021-09-24,127.05,132.5,134.0,126.1,11968.0
928160,2021-10-14,127.45,130.7,131.95,127.15,10906.0
928160,2021-11-11,130.7,129.0,132.8,127.25,11651.0
928160,2021-12-09,118.65,118.05,119.9,116.5,6544.0
928160,2021-12-20,113.5,110.25,114.0,109.0,7353.0
928160,2022-01-03,135.4,129.0,140.05,127.55,69158.0
928160,2022-01-11,141.15,150.0,152.65,140.1,65651.0
928160,2022-01-28,134.1,132.0,137.9,132.0,22328.0
928160,2022-02-28,123.45,125.25,125.55,121.55,7761.0
928160,2022-03-30,130.15,132.45,133.7,127.35,3387.0
928160,2022-05-05,128.05,132.75,132.75,126.15,9367.0
928160,2021-03-31,85.25,85.15,86.7,84.35,11587.0
928160,2021-04-05,84.85,85.05,86.65,83.3,16517.0
928160,2021-04-23,75.15,74.6,76.0,73.0,6508.0
928160,2021-05-04,79.05,80.4,82.0,77.25,47522.0
928160,2021-05-07,83.3,84.6,87.65,82.25,25939.0
928160,2021-05-14,101.95,98.25,105.9,98.25,145019.0
928160,2021-05-17,104.05,102.0,105.25,99.95,57605.0
928160,2021-05-19,100.0,100.0,103.55,99.0,22264.0
928160,2021-07-30,133.55,133.7,139.8,132.55,47685.0
928160,2021-08-09,125.55,126.95,130.6,123.1,51283.0
928160,2021-09-01,129.85,127.0,130.0,125.6,30403.0
928160,2021-09-03,126.6,131.4,131.4,126.1,11082.0
928160,2021-09-20,130.0,134.0,136.5,126.3,14347.0
928160,2021-02-22,83.0,82.6,84.8,78.1,167804.0
928160,2021-09-27,125.9,128.8,128.8,125.0,7369.0
928160,2021-03-04,85.3,84.0,86.3,83.45,29371.0
928160,2021-10-06,132.45,132.6,139.0,131.25,40695.0
928160,2021-03-19,83.05,82.05,83.55,82.0,26290.0
928160,2021-10-13,129.65,130.0,132.0,128.1,13597.0
928160,2021-10-20,120.3,122.95,122.95,117.0,31740.0
928160,2021-03-25,83.4,84.0,85.95,83.0,24113.0
928160,2021-03-26,84.0,84.6,85.05,83.0,27844.0
928160,2021-10-21,121.45,120.0,123.4,120.0,8255.0
928160,2021-04-20,74.25,75.85,76.45,73.55,4551.0
928160,2021-11-09,128.5,129.15,131.0,127.5,10288.0
928160,2021-05-10,96.65,83.3,98.5,83.3,215391.0
928160,2021-11-23,116.35,116.3,119.5,113.45,14446.0
928160,2021-06-02,118.35,110.0,120.0,109.95,54144.0
928160,2021-12-16,117.35,119.05,119.05,116.1,1375.0
928160,2021-12-31,130.8,134.05,138.85,129.2,24422.0
928160,2021-06-15,141.7,126.0,141.7,126.0,562330.0
928160,2021-06-21,130.25,129.95,134.0,127.75,27774.0
928160,2022-01-21,137.85,141.8,145.2,135.15,16992.0
928160,2021-08-20,116.0,117.55,117.55,112.8,21749.0
928160,2022-02-14,124.5,130.0,131.95,124.05,24144.0
928160,2021-09-16,137.8,139.35,141.35,137.25,20243.0
928160,2022-02-15,125.95,129.6,130.8,122.6,36352.0
928160,2021-09-17,134.7,139.5,139.95,132.0,24001.0
928160,2022-03-24,143.85,146.5,146.5,140.05,12937.0
928160,2022-04-12,142.25,142.0,143.0,138.05,6823.0
928160,2021-09-22,129.0,130.25,130.25,128.05,5963.0
928160,2021-12-23,115.7,117.9,118.0,106.6,16266.0
928160,2021-12-28,142.85,119.9,142.85,119.9,164679.0
928160,2022-01-05,131.4,134.4,135.35,129.55,17072.0
928160,2022-01-27,132.65,137.0,137.5,131.25,19294.0
928160,2022-02-08,133.5,136.2,137.75,133.05,22693.0
928160,2022-02-16,127.0,127.8,131.35,125.45,11996.0
928160,2022-03-08,125.7,123.0,128.4,123.0,10703.0
928160,2022-03-17,135.2,142.1,142.95,132.95,22536.0
928160,2022-05-09,127.3,127.35,129.4,121.1,20275.0
928160,2021-01-25,75.25,78.55,80.85,74.35,49761.0
928160,2021-01-27,75.05,75.5,77.45,74.25,29868.0
928160,2021-01-28,72.95,74.2,74.95,72.25,22807.0
928160,2021-02-08,81.7,82.15,82.95,80.25,85791.0
928160,2021-03-03,85.25,84.0,86.65,83.2,58573.0
928160,2021-03-17,82.2,83.05,84.7,81.1,92878.0
928160,2021-03-22,83.05,84.15,84.2,82.0,12917.0
928160,2021-04-01,85.55,86.1,86.8,84.7,5632.0
928160,2021-05-18,101.0,105.7,105.7,99.45,20345.0
928160,2021-06-01,109.8,112.3,115.75,106.85,38131.0
928160,2021-07-01,133.4,134.95,135.75,132.05,15941.0
928160,2021-08-04,131.0,134.45,136.3,130.05,30032.0
928160,2021-08-25,123.0,116.15,126.65,116.15,25506.0
928160,2021-11-01,125.6,122.0,126.8,118.0,10057.0
928160,2021-11-22,114.0,123.8,123.8,111.45,49700.0
928160,2021-11-24,116.9,115.65,119.4,115.65,5365.0
928160,2021-11-30,109.4,112.0,115.1,108.4,22579.0
928160,2021-12-24,118.35,117.0,120.0,115.25,12273.0
928160,2022-01-19,143.4,148.0,148.0,141.35,17759.0
928160,2022-02-07,136.15,140.7,142.0,135.05,17599.0
928160,2022-02-25,125.25,122.0,129.4,119.0,10048.0
928160,2022-03-02,125.0,121.0,128.0,120.05,5675.0
928160,2022-04-28,133.45,134.05,139.05,132.1,13230.0
928160,2022-05-06,125.5,128.85,128.85,123.45,6713.0
928160,2021-01-04,69.25,68.85,71.0,67.75,36348.0
928160,2021-01-06,68.9,69.15,70.7,68.35,20391.0
928160,2021-01-12,70.6,74.3,74.3,70.0,48008.0
928160,2021-01-15,72.65,73.7,75.05,71.65,16486.0
928160,2021-02-25,83.6,83.0,84.2,81.7,130738.0
928160,2021-03-10,84.7,88.2,88.2,83.65,18996.0
928160,2021-04-13,74.65,73.8,77.8,73.3,16964.0
928160,2021-05-05,81.85,79.05,83.4,79.0,21346.0
928160,2021-06-23,132.45,132.3,134.0,130.05,21281.0
928160,2021-07-28,135.4,136.95,136.95,131.3,17621.0
928160,2021-08-12,122.35,117.5,125.0,117.5,18006.0
928160,2021-09-15,139.35,142.0,142.45,139.0,25806.0
928160,2021-09-29,126.1,125.9,127.5,125.0,4800.0
928160,2021-10-11,130.85,131.75,133.8,130.2,8023.0
928160,2021-10-19,122.95,129.75,129.75,110.6,10133.0
928160,2021-10-27,120.85,118.8,122.7,118.05,6861.0
928160,2021-11-04,131.35,131.0,132.0,128.0,9142.0
928160,2021-11-16,128.75,123.25,130.5,123.25,11739.0
928160,2021-12-02,116.1,112.0,117.65,111.05,5379.0
928160,2022-01-17,147.5,150.5,154.3,146.5,63823.0
928160,2022-01-18,145.1,147.5,149.6,144.5,22972.0
928160,2022-01-24,124.05,143.0,143.0,120.2,82531.0
928160,2022-03-22,138.7,136.9,139.9,135.7,13612.0
928160,2022-04-01,134.8,134.25,136.35,132.7,18691.0
928160,2022-04-13,143.7,144.15,153.4,141.65,62695.0
928160,2022-04-22,132.0,130.0,135.95,130.0,22444.0
928160,2022-05-13,124.4,127.85,130.0,123.6,5285.0
928160,2021-01-08,71.8,68.45,73.55,68.15,52344.0
928160,2021-01-19,77.6,79.05,80.05,76.75,53423.0
928160,2021-03-15,81.7,84.75,85.8,79.45,43822.0
928160,2021-03-24,84.55,85.45,85.95,83.7,22836.0
928160,2021-04-15,75.7,75.75,77.5,73.65,5711.0
928160,2021-04-27,75.05,76.15,77.5,73.95,22708.0
928160,2021-05-12,98.35,101.0,101.55,94.05,107827.0
928160,2021-05-21,100.65,101.6,103.45,99.95,20890.0
928160,2021-05-25,99.8,101.85,103.9,96.25,36235.0
928160,2021-07-13,135.55,132.8,136.8,130.5,71431.0
928160,2021-08-10,119.4,123.15,128.6,118.0,26303.0
928160,2021-09-09,137.75,141.05,141.65,137.0,34345.0
928160,2021-09-14,140.15,139.9,141.5,137.5,9274.0
928160,2021-11-03,127.45,124.95,131.9,124.95,14742.0
928160,2021-11-12,126.35,131.1,131.45,124.15,16124.0
928160,2021-12-30,134.9,137.1,140.65,132.1,60801.0
928160,2022-04-18,133.7,141.0,144.3,131.8,29423.0
928160,2022-04-25,131.45,131.05,133.05,129.1,6670.0
928160,2022-05-11,124.0,126.2,128.5,123.5,6082.0
928160,2021-01-07,68.45,69.95,70.0,68.0,15360.0
928160,2021-01-14,72.4,69.45,73.9,69.35,55825.0
928160,2021-02-24,82.9,82.75,84.0,82.0,9234.0
928160,2021-07-14,141.45,137.5,147.6,135.35,240478.0
928160,2021-09-06,127.0,129.3,129.3,126.15,3107.0
928160,2021-09-21,129.6,127.9,130.45,126.4,15458.0
928160,2021-09-23,131.3,130.2,132.95,129.0,7576.0
928160,2021-12-08,118.05,119.25,120.75,117.6,5540.0
928160,2021-12-14,119.0,119.85,120.85,117.55,2864.0
928160,2022-01-13,150.1,150.0,155.05,146.3,80739.0
928160,2022-02-10,135.15,133.0,138.8,132.0,21926.0
928160,2022-03-07,126.25,120.0,126.8,120.0,5748.0
928160,2022-03-28,133.95,137.05,143.5,132.1,14009.0
928160,2022-04-21,130.6,131.35,132.7,130.0,6029.0
928160,2022-04-29,131.1,135.2,136.45,131.0,17169.0
928160,2022-05-02,131.35,134.95,134.95,130.25,3439.0
928160,2021-01-21,81.55,81.5,83.7,80.45,54301.0
928160,2021-02-26,82.6,83.0,83.5,81.7,71225.0
928160,2021-03-02,83.0,83.85,90.0,82.6,82899.0
928160,2021-03-05,83.45,85.0,86.5,82.6,30211.0
928160,2021-04-06,85.75,85.15,86.45,84.15,7860.0
928160,2021-04-29,78.15,77.15,79.9,76.1,6230.0
928160,2021-05-26,105.4,103.4,112.85,100.55,250230.0
928160,2021-06-17,134.9,131.5,139.45,131.5,64457.0
928160,2021-07-07,134.3,131.95,136.5,131.05,22693.0
928160,2021-10-04,126.15,127.7,127.95,125.3,6180.0
928160,2021-12-17,115.15,116.05,117.95,112.55,7905.0
928160,2021-12-21,111.2,115.1,115.95,109.55,2387.0
928160,2022-02-01,137.2,131.2,139.5,131.2,20669.0
928160,2022-04-26,131.4,132.9,132.9,130.15,4519.0
928160,2021-02-01,71.2,74.85,74.85,69.25,67467.0
928160,2021-02-02,77.05,71.2,77.85,71.2,40869.0
928160,2021-02-09,80.95,81.4,82.35,79.55,31673.0
928160,2021-03-30,85.9,83.45,86.25,83.1,27156.0
928160,2021-04-08,83.4,83.4,85.4,83.3,3925.0
928160,2021-04-30,79.55,78.2,81.85,76.2,20802.0
928160,2021-05-06,84.4,81.8,88.3,80.1,48496.0
928160,2021-05-20,101.6,102.8,105.3,100.05,24007.0
928160,2021-06-30,133.55,131.8,137.0,130.65,27096.0
928160,2021-07-06,131.7,134.0,136.65,131.2,20865.0
928160,2021-07-09,130.35,134.0,135.0,129.2,42517.0
928160,2021-07-27,135.5,138.7,139.0,134.5,20959.0
928160,2021-08-16,120.95,119.0,123.9,118.05,32663.0
928160,2021-08-27,124.95,125.0,126.8,123.1,9619.0
928160,2021-10-08,130.55,131.35,133.0,129.9,13834.0
928160,2021-10-29,119.2,116.25,121.95,116.25,4980.0
928160,2021-11-25,119.0,119.3,120.5,117.8,6585.0
928160,2021-12-01,111.6,112.05,115.35,109.1,11450.0
928160,2022-02-02,136.75,142.95,142.95,135.55,13525.0
928160,2022-02-09,134.0,137.4,137.4,133.0,4475.0
928160,2022-02-23,124.85,127.0,127.0,123.5,12384.0
928160,2022-03-23,142.2,140.0,148.8,136.0,43452.0
928160,2022-03-25,140.0,143.6,143.9,138.5,27597.0
928160,2022-04-05,134.4,135.05,136.4,133.0,13581.0
928160,2022-05-12,126.0,122.1,136.15,121.55,11973.0
928160,2021-01-13,69.45,72.55,73.0,68.65,33622.0
928160,2021-02-10,81.5,81.75,82.2,80.2,82847.0
928160,2021-04-09,83.95,84.9,84.95,83.25,2503.0
928160,2021-04-26,76.15,75.45,77.4,73.05,6976.0
928160,2021-05-03,79.0,78.1,81.8,77.15,14262.0
928160,2021-01-01,68.85,68.95,71.25,68.1,17900.0
928160,2021-05-27,118.2,107.0,122.0,107.0,428033.0
928160,2021-01-29,74.85,75.15,76.05,73.15,17929.0
928160,2021-06-07,117.85,122.0,123.4,117.05,38347.0
928160,2021-02-16,81.95,77.75,83.0,76.9,44443.0
928160,2021-06-16,133.85,148.0,148.0,131.0,212182.0
928160,2021-02-23,82.15,83.75,85.25,81.85,101804.0
928160,2021-06-24,132.25,133.0,139.95,129.55,85657.0
928160,2021-03-23,86.2,84.15,87.8,83.75,79118.0
928160,2021-07-02,130.6,134.7,134.8,125.8,57173.0
928160,2021-04-12,74.05,83.0,83.0,72.25,33208.0
928160,2021-07-15,136.85,142.2,145.75,134.1,56492.0
928160,2021-04-19,73.9,75.75,75.75,73.0,5490.0
928160,2021-07-16,137.15,136.95,140.05,135.1,26409.0
928160,2021-04-28,77.0,75.6,79.7,75.2,16289.0
928160,2021-07-22,137.25,135.2,140.5,135.2,21507.0
928160,2021-05-11,100.15,101.2,105.95,97.5,472529.0
928160,2021-08-02,133.9,135.4,136.9,133.2,30243.0
928160,2021-07-08,132.5,136.05,136.05,132.0,23920.0
928160,2021-08-06,126.95,128.3,132.6,123.95,24893.0
928160,2021-08-17,117.7,123.0,123.0,117.5,13335.0
928160,2021-07-20,134.9,137.85,141.6,129.7,49107.0
928160,2021-09-28,125.9,125.9,129.4,125.05,14601.0
928160,2021-09-07,136.7,128.75,144.8,128.0,317996.0
928160,2021-10-07,131.05,133.5,135.45,130.15,10238.0
928160,2022-01-04,133.6,138.5,138.5,132.7,25101.0
928160,2021-10-18,127.1,130.0,130.85,125.25,9203.0
928160,2022-02-18,126.7,125.05,127.65,125.0,3120.0
928160,2021-11-29,108.55,114.85,115.75,106.35,14855.0
928160,2022-03-03,128.15,129.45,129.45,124.5,4347.0
928160,2021-12-03,119.05,118.0,119.5,116.0,5544.0
928160,2022-03-16,139.35,136.0,142.1,135.1,22611.0
928160,2021-12-07,117.55,119.2,120.0,116.35,9007.0
928160,2022-03-31,133.45,131.0,135.45,130.25,6820.0
928160,2021-12-22,116.3,114.45,117.55,113.75,4106.0
928160,2022-05-10,125.1,129.15,129.15,124.7,2232.0
928160,2022-01-20,141.8,145.9,146.75,140.15,18201.0
928160,2022-02-03,137.3,139.0,139.0,133.25,19782.0
928160,2022-02-24,117.1,118.05,124.75,115.7,26451.0
928160,2022-04-19,131.05,135.6,136.75,129.0,16612.0
928160,2022-04-20,129.5,132.95,134.0,128.5,14586.0
928160,2021-02-04,82.7,82.6,83.65,81.0,112112.0
928160,2021-02-11,81.85,81.7,82.7,80.85,60045.0
928160,2021-04-07,83.8,85.25,86.5,83.15,12764.0
928160,2021-06-03,122.9,120.5,124.65,118.9,54085.0
928160,2021-06-08,126.05,122.75,127.9,120.05,97796.0
928160,2021-06-11,119.25,124.65,126.9,118.4,26261.0
928160,2021-07-26,137.1,135.3,139.9,135.3,29170.0
928160,2021-08-23,113.1,122.0,122.0,112.15,27955.0
928160,2021-08-31,126.65,129.35,129.5,126.05,6145.0
928160,2021-09-30,125.95,126.1,129.2,124.05,3486.0
928160,2021-11-02,127.5,125.6,132.5,124.0,19557.0
928160,2021-11-26,114.85,117.8,118.95,113.05,13561.0
928160,2021-12-15,116.3,118.0,119.65,115.0,10257.0
928160,2022-01-14,149.35,149.8,152.0,147.4,34712.0
928160,2022-01-25,135.4,122.95,137.75,121.55,22237.0
928160,2022-02-21,125.5,125.1,127.25,122.35,15145.0
928160,2022-03-10,132.3,130.5,135.15,130.0,9823.0
928160,2022-03-11,131.65,134.5,134.5,129.25,10697.0
928160,2021-03-08,85.1,83.05,88.05,82.2,51934.0
928160,2021-03-12,84.3,86.7,86.8,83.05,15586.0
928160,2021-03-16,82.35,82.3,83.9,81.0,57821.0
928160,2021-04-22,74.6,75.6,76.2,72.35,4827.0
928160,2021-06-10,123.75,121.95,125.95,118.95,46001.0
928160,2021-06-29,131.9,130.1,133.65,130.05,31029.0
928160,2021-08-13,119.0,123.9,126.0,118.1,16591.0
928160,2021-08-18,117.7,116.95,121.95,116.25,13310.0
928160,2021-08-26,125.4,119.8,126.8,119.8,21665.0
928160,2021-10-01,125.15,126.9,128.25,123.05,15527.0
928160,2021-10-28,118.4,120.9,122.5,117.15,8189.0
928160,2021-11-15,125.0,128.25,130.05,122.0,22393.0
928160,2021-11-18,121.8,127.0,129.9,118.1,10979.0
928160,2022-01-07,136.05,135.9,138.15,133.9,37251.0
928160,2022-02-22,121.5,125.0,125.0,118.25,12510.0
928160,2022-04-07,136.35,137.65,137.85,135.1,2650.0
928160,2022-04-11,142.95,141.0,145.0,137.6,15176.0
928160,2021-02-18,82.2,80.55,84.6,78.45,133193.0
928160,2021-03-09,85.9,88.2,88.2,83.55,22864.0
928160,2021-03-18,82.35,82.9,83.45,81.5,56652.0
928160,2021-06-22,132.3,131.05,134.65,129.15,21178.0
928160,2021-07-23,136.6,139.0,139.2,134.5,12803.0
928160,2021-09-02,129.4,129.85,131.35,127.9,4503.0
928160,2021-09-08,142.4,138.0,144.5,132.55,183611.0
928160,2021-10-12,129.8,129.5,135.0,129.35,21653.0
928160,2021-11-08,129.15,131.35,131.35,127.6,6132.0
928160,2022-01-06,135.9,130.0,137.7,125.75,50434.0
928160,2022-01-12,149.65,143.0,155.0,142.85,123428.0
928160,2022-02-11,129.55,141.0,141.0,127.1,25426.0
928160,2022-02-17,126.5,128.85,130.05,125.0,12512.0
928160,2022-03-04,125.95,126.0,129.0,124.15,10007.0
928160,2022-03-09,128.75,127.8,129.7,124.55,15418.0
928160,2022-03-15,134.35,128.0,135.5,128.0,16989.0
928160,2022-04-04,135.55,137.7,137.7,134.5,5660.0
928160,2022-05-04,130.85,130.15,136.3,126.65,12566.0
928160,2022-05-17,126.1,127.1,127.4,119.05,19775.0
928160,2022-05-20,126.9,129.45,130.0,126.35,4391.0
928160,2022-06-24,123.2,120.5,123.5,120.45,735.0
928160,2022-05-25,127.6,130.0,132.2,126.0,9609.0
928160,2022-06-09,125.25,124.55,127.0,123.25,2587.0
928160,2022-07-06,123.4,125.95,125.95,122.05,3664.0
928160,2022-07-27,131.35,130.0,131.85,130.0,4261.0
928160,2022-07-25,129.55,130.0,130.0,128.0,5615.0
928160,2022-08-03,139.3,140.0,141.9,136.5,18678.0
928160,2022-08-11,124.4,128.5,129.15,122.3,4915.0
928160,2022-08-22,123.05,124.85,124.95,121.25,3310.0
928160,2022-09-05,134.2,133.0,136.45,130.2,15671.0
928160,2022-09-13,134.35,135.6,136.2,133.25,2911.0
928160,2022-10-03,132.75,131.0,134.85,131.0,1238.0
928160,2022-09-19,141.6,141.7,143.35,138.1,3707.0
928160,2022-10-17,134.1,136.5,136.55,132.9,5356.0
928160,2022-10-14,135.05,132.05,136.7,130.15,11782.0
928160,2022-10-21,134.85,136.8,137.4,134.2,1397.0
928160,2022-10-27,132.75,135.7,135.7,132.4,3249.0
928160,2022-11-23,136.25,135.45,136.95,133.0,4559.0
928160,2022-11-22,133.55,136.45,136.9,133.45,2386.0
928160,2022-12-28,137.85,134.15,139.5,133.7,6862.0
928160,2023-01-10,135.45,135.05,137.1,134.05,2324.0
928160,2023-01-09,136.1,138.85,139.65,135.6,2461.0
928160,2023-01-30,136.0,138.9,139.45,132.4,3198.0
928160,2023-01-12,135.9,136.0,137.0,135.1,2709.0
928160,2023-02-01,134.05,136.5,136.55,134.05,4464.0
928160,2022-05-23,126.0,128.45,128.45,126.0,1597.0
928160,2022-06-08,122.8,123.35,125.4,122.2,1661.0
928160,2022-06-16,117.7,125.1,125.1,116.15,2879.0
928160,2022-07-12,128.5,123.0,135.0,123.0,24912.0
928160,2022-07-21,127.9,125.6,129.0,125.6,1956.0
928160,2022-08-05,131.05,132.2,132.9,130.4,3791.0
928160,2022-08-24,127.05,123.1,127.45,123.1,8630.0
928160,2022-10-19,136.45,134.0,137.9,134.0,6252.0
928160,2022-10-20,136.8,136.45,137.85,133.1,8462.0
928160,2022-11-14,134.2,136.0,136.8,130.15,8585.0
928160,2022-12-05,136.25,135.0,138.5,132.15,13160.0
928160,2022-12-08,133.85,133.2,134.35,132.0,4043.0
928160,2023-01-18,133.9,135.2,136.95,132.25,8033.0
928160,2023-01-27,137.35,135.0,138.45,133.55,34719.0
928160,2022-05-16,125.75,124.5,127.05,124.45,6527.0
928160,2022-07-07,124.55,122.3,126.0,120.55,6214.0
928160,2022-07-11,125.1,122.2,126.0,122.2,848.0
928160,2022-07-19,126.55,125.65,127.15,125.6,1089.0
928160,2022-08-26,136.45,126.0,149.0,126.0,212516.0
928160,2022-09-23,135.15,135.0,138.8,133.25,5630.0
928160,2022-11-10,133.45,133.65,135.0,131.2,4751.0
928160,2023-01-04,136.15,135.0,137.8,134.15,7636.0
928160,2023-01-23,135.25,135.5,136.4,132.5,4547.0
928160,2022-05-24,128.25,125.05,128.4,125.0,11871.0
928160,2022-06-07,124.95,124.9,126.35,123.75,889.0
928160,2022-09-16,141.7,143.8,145.0,138.55,12094.0
928160,2022-10-24,135.85,134.3,136.75,133.25,709.0
928160,2022-11-04,134.15,137.7,138.0,133.7,8430.0
928160,2022-11-16,137.85,141.0,141.9,137.25,17602.0
928160,2022-12-01,132.7,135.05,135.5,131.55,4381.0
928160,2022-12-06,134.65,138.8,138.8,132.1,8400.0
928160,2022-12-16,142.3,144.95,152.0,136.0,99929.0
928160,2022-12-30,132.2,134.8,137.5,127.6,23071.0
928160,2022-06-13,122.95,124.0,127.0,121.25,7679.0
928160,2022-06-20,117.15,118.65,121.95,117.05,2291.0
928160,2022-06-29,121.6,122.95,123.45,121.1,2207.0
928160,2022-07-13,129.4,130.0,131.8,128.1,3612.0
928160,2022-08-01,135.5,132.95,136.3,132.75,44541.0
928160,2022-08-19,125.0,125.15,127.0,124.4,3812.0
928160,2022-10-07,133.3,132.5,134.4,130.05,3536.0
928160,2022-10-12,130.95,131.95,131.95,128.35,1469.0
928160,2022-11-24,133.15,134.8,136.8,132.25,3288.0
928160,2022-12-02,133.85,131.5,134.9,131.5,2457.0
928160,2022-12-21,139.3,143.7,148.0,138.2,11625.0
928160,2022-06-01,126.0,127.0,127.55,125.05,17345.0
928160,2022-06-30,122.2,123.0,123.35,121.15,10634.0
928160,2022-07-18,125.55,127.5,128.95,125.0,5801.0
928160,2022-12-07,132.7,134.65,135.8,132.0,3805.0
928160,2022-12-13,132.55,132.9,136.4,132.0,5153.0
928160,2022-12-14,131.95,132.6,134.45,130.4,11088.0
928160,2022-12-19,144.1,142.3,148.45,141.55,21831.0
928160,2022-12-20,142.95,143.0,149.5,141.0,23583.0
928160,2022-12-23,136.0,146.5,146.5,130.1,29905.0
928160,2023-01-05,135.15,137.0,137.0,133.85,3772.0
928160,2023-01-06,136.5,136.45,136.9,134.65,1611.0
928160,2023-01-16,134.95,137.0,137.0,132.15,3735.0
928160,2023-02-06,160.15,137.25,162.35,137.05,305198.0
928160,2023-02-07,166.15,165.0,172.45,163.25,478147.0
928160,2022-07-22,128.75,127.9,129.8,126.6,3983.0
928160,2022-05-26,126.6,126.55,130.0,123.25,7170.0
928160,2022-07-28,130.3,131.0,131.95,129.4,14236.0
928160,2022-05-18,128.15,126.6,129.15,126.45,3375.0
928160,2022-05-31,126.4,128.65,128.65,126.05,14430.0
928160,2022-09-02,132.75,137.0,138.95,131.95,8417.0
928160,2022-09-29,134.05,133.05,135.0,132.35,1335.0
928160,2022-10-28,133.3,134.65,135.35,132.5,806.0
928160,2022-11-29,134.85,136.4,137.0,134.35,2932.0
928160,2022-12-26,135.55,132.1,138.25,130.3,12284.0
928160,2023-01-20,133.7,134.15,136.5,132.95,2968.0
928160,2023-01-31,136.05,136.05,136.9,134.15,5570.0
928160,2022-08-04,131.55,137.0,137.0,129.55,25571.0
928160,2022-07-14,127.7,130.8,131.0,127.05,1675.0
928160,2022-08-29,138.1,136.3,142.0,130.2,33213.0
928160,2022-07-15,125.75,129.35,129.4,125.1,1589.0
928160,2022-08-30,135.3,137.95,140.0,134.0,11843.0
928160,2022-08-02,138.35,139.0,140.0,136.0,21896.0
928160,2022-09-01,135.4,135.3,137.45,133.05,9521.0
928160,2022-08-23,124.25,123.65,125.7,120.95,1576.0
928160,2022-09-20,141.4,141.6,143.75,140.1,2706.0
928160,2022-09-26,129.6,135.15,135.15,127.0,7784.0
928160,2022-09-28,132.5,131.05,132.9,130.2,1885.0
928160,2022-11-11,135.6,138.5,138.5,133.0,4183.0
928160,2022-10-06,130.65,134.35,134.35,128.55,5752.0
928160,2023-01-11,135.65,135.85,136.8,134.25,2590.0
928160,2023-02-10,174.3,159.0,180.0,155.25,281086.0
928160,2022-10-31,133.75,134.9,134.95,131.55,2259.0
928160,2023-02-14,157.9,155.0,171.95,153.0,75461.0
928160,2023-02-15,165.4,152.0,173.35,152.0,60002.0
928160,2022-12-12,132.9,133.0,133.95,131.55,920.0
928160,2023-01-03,135.55,135.9,136.5,133.55,3443.0
928160,2023-01-17,136.25,136.8,138.55,133.15,2378.0
928160,2023-01-24,133.05,134.95,135.9,131.65,4888.0
928160,2023-02-02,138.0,135.95,138.95,132.05,32436.0
928160,2023-02-13,171.65,179.3,179.3,167.1,84542.0
928160,2022-05-27,125.65,125.55,128.15,125.05,2405.0
928160,2022-06-22,118.4,123.0,123.45,116.4,1522.0
928160,2022-06-02,125.85,126.45,127.5,125.1,567.0
928160,2022-06-23,120.45,118.05,121.3,118.0,1649.0
928160,2022-06-28,122.6,122.3,124.05,119.95,7277.0
928160,2022-06-10,127.75,125.25,128.6,124.25,9514.0
928160,2022-07-01,121.85,120.75,122.85,120.45,1795.0
928160,2022-06-15,121.55,123.6,123.8,121.1,1155.0
928160,2022-06-17,120.45,117.1,121.0,117.1,1557.0
928160,2022-08-17,123.9,123.5,125.2,122.45,5715.0
928160,2022-06-27,122.3,124.85,124.85,115.4,3448.0
928160,2022-08-18,124.25,123.5,125.35,123.05,2677.0
928160,2022-08-25,126.35,127.75,127.75,126.0,9285.0
928160,2022-11-15,138.75,134.5,140.95,133.5,23666.0
928160,2022-09-08,133.7,135.25,135.25,132.05,5145.0
928160,2022-11-25,133.6,134.45,136.0,132.95,3961.0
928160,2022-09-15,142.95,146.4,152.55,142.25,54953.0
928160,2022-12-22,144.55,140.0,148.0,133.6,68243.0
928160,2022-09-30,133.55,132.25,135.3,132.25,3528.0
928160,2022-10-13,130.1,132.85,132.85,128.6,2947.0
928160,2022-11-09,132.1,137.0,137.0,129.15,15596.0
928160,2022-11-21,135.65,134.35,136.3,133.2,4191.0
928160,2022-12-09,132.45,135.8,135.8,132.15,5298.0
928160,2022-12-27,134.65,136.0,136.2,134.1,3123.0
928160,2023-01-19,135.8,134.0,137.5,134.0,5399.0
928160,2023-01-25,132.05,133.05,133.55,131.5,1954.0
928160,2023-02-03,135.3,140.0,140.0,134.0,3952.0
928160,2023-02-09,158.35,164.0,164.0,154.25,68697.0
928160,2023-02-16,166.35,167.85,170.9,162.0,30990.0
928160,2022-05-19,127.55,128.5,128.85,124.05,4881.0
928160,2022-06-21,122.35,120.2,123.7,115.25,2562.0
928160,2022-07-04,124.1,123.0,126.8,119.05,4874.0
928160,2022-08-16,124.15,125.8,126.3,123.5,3681.0
928160,2022-07-08,124.65,124.65,125.65,123.45,843.0
928160,2022-09-12,134.7,132.0,135.6,132.0,2638.0
928160,2022-07-26,131.2,131.3,131.3,129.55,12030.0
928160,2022-09-27,129.7,129.6,132.5,127.15,4115.0
928160,2022-09-07,133.3,130.4,135.95,130.4,7467.0
928160,2022-10-10,131.95,135.25,136.95,130.55,5481.0
928160,2022-09-14,143.95,135.05,153.0,130.25,123937.0
928160,2022-10-18,135.6,134.1,136.95,133.45,3374.0
928160,2022-09-21,137.8,143.4,143.4,136.4,7192.0
928160,2022-11-07,136.5,135.0,139.25,132.25,11957.0
928160,2022-10-04,132.4,133.15,134.0,131.1,3156.0
928160,2022-11-30,133.55,137.75,137.75,130.4,8221.0
928160,2022-12-15,141.4,131.95,148.3,131.95,134962.0
928160,2022-10-11,130.0,133.0,133.0,128.2,2618.0
928160,2022-11-01,132.6,132.0,134.5,132.0,1656.0
928160,2022-11-17,137.75,139.7,140.3,136.6,5115.0
928160,2022-12-29,134.8,137.85,137.85,134.1,4084.0
928160,2022-05-30,126.8,127.45,129.0,125.5,6420.0
928160,2022-06-14,123.7,124.5,124.5,121.0,1349.0
928160,2022-06-03,125.4,125.45,126.75,124.9,2272.0
928160,2022-06-06,124.5,126.7,127.2,123.25,1430.0
928160,2022-07-29,131.45,131.4,132.55,129.65,14135.0
928160,2022-08-08,126.75,132.9,132.9,125.5,13136.0
928160,2022-08-10,126.65,128.65,129.25,126.05,3414.0
928160,2022-08-12,124.05,125.05,126.15,124.0,16664.0
928160,2022-09-22,136.9,137.8,141.2,134.25,7043.0
928160,2022-10-25,134.45,134.95,135.95,133.55,1552.0
928160,2022-11-03,136.5,134.0,138.8,131.5,18731.0
928160,2022-07-05,125.6,125.05,126.0,124.1,1384.0
928160,2022-07-20,125.6,126.55,127.8,125.3,2510.0
928160,2022-09-06,134.15,136.15,136.55,132.55,6141.0
928160,2022-09-09,133.4,135.65,135.65,131.45,8139.0
928160,2022-11-02,132.55,134.45,134.45,132.15,1880.0
928160,2022-11-18,134.35,137.75,138.0,133.4,2932.0
928160,2022-11-28,136.4,138.5,138.6,132.0,5969.0
928160,2023-01-02,134.05,130.2,136.95,130.2,14024.0
928160,2023-01-13,134.95,136.05,136.4,134.5,3325.0
928160,2023-02-08,162.1,165.0,169.65,160.7,67270.0
928160,2023-03-01,159.95,160.0,167.45,158.2,27064.0
928160,2023-03-15,154.1,147.4,156.95,147.4,31874.0
928160,2023-02-23,153.75,150.05,156.9,148.55,14025.0
928160,2023-03-21,147.9,150.5,150.5,147.5,5610.0
928160,2023-04-10,157.6,153.0,163.0,151.3,26269.0
928160,2023-04-28,147.0,150.55,152.0,145.05,29662.0
928160,2023-05-30,148.45,156.0,156.0,147.2,19887.0
928160,2023-04-17,152.9,158.4,158.4,150.35,5673.0
928160,2023-04-25,148.45,153.25,153.25,147.4,4167.0
928160,2023-05-10,147.15,144.1,147.65,143.0,30401.0
928160,2023-07-07,158.85,160.0,164.45,158.0,8969.0
928160,2023-07-18,158.3,162.9,162.95,156.5,10579.0
928160,2023-07-28,169.85,162.0,175.5,161.0,91650.0
928160,2023-08-17,158.25,160.0,160.85,157.0,20234.0
928160,2023-02-20,158.5,161.6,167.9,158.0,9327.0
928160,2023-03-08,163.9,167.0,172.15,162.35,34966.0
928160,2023-02-17,162.5,169.9,170.0,160.1,19007.0
928160,2023-06-05,152.5,155.0,155.2,150.15,4531.0
928160,2023-06-06,151.65,150.55,153.35,150.55,1170.0
928160,2023-08-18,159.85,158.25,162.45,156.85,23004.0
928160,2023-03-29,141.95,148.75,149.45,140.5,10929.0
928160,2023-04-03,154.6,157.0,158.0,152.3,7066.0
928160,2023-04-06,153.0,154.75,156.85,151.8,7316.0
928160,2023-04-11,154.4,157.45,160.0,153.35,6149.0
928160,2023-04-18,148.15,151.0,152.9,145.15,13089.0
928160,2023-04-21,145.7,149.0,149.05,145.05,7601.0
928160,2023-04-27,148.35,147.7,152.8,147.0,35946.0
928160,2023-05-25,155.25,159.9,161.15,153.05,15274.0
928160,2023-06-08,152.1,155.5,155.5,151.05,5406.0
928160,2023-06-26,162.7,159.0,167.85,159.0,17411.0
928160,2023-08-23,165.95,163.9,167.0,160.7,15178.0
928160,2023-03-03,159.75,155.5,162.7,155.5,30030.0
928160,2023-03-13,155.05,161.3,164.9,152.95,17827.0
928160,2023-04-20,148.7,146.05,149.5,146.05,6670.0
928160,2023-03-20,148.85,152.65,153.1,145.05,14063.0
928160,2023-05-02,147.95,145.35,152.6,145.35,22525.0
928160,2023-07-05,156.5,156.95,162.65,154.8,12881.0
928160,2023-06-12,149.05,153.5,153.5,149.0,3469.0
928160,2023-06-22,157.5,164.35,164.35,157.0,13284.0
928160,2023-07-20,157.4,159.8,160.45,157.0,7505.0
928160,2023-08-01,171.85,176.15,176.15,171.35,20883.0
928160,2023-08-08,178.65,177.25,181.95,174.55,58332.0
928160,2023-08-22,161.75,163.0,166.6,160.65,20110.0
928160,2023-08-09,176.0,179.85,180.9,175.6,18461.0
928160,2023-02-27,146.05,151.5,155.55,143.25,12537.0
928160,2023-03-17,148.9,153.35,153.4,146.6,22879.0
928160,2023-05-04,148.25,147.2,149.85,146.6,6204.0
928160,2023-05-17,143.35,143.25,146.35,142.4,5232.0
928160,2023-05-22,146.65,146.0,147.7,145.5,3938.0
928160,2023-06-20,165.55,159.55,172.0,156.55,73644.0
928160,2023-07-25,160.9,162.25,162.4,157.05,9983.0
928160,2023-08-21,163.0,161.7,167.9,160.55,26200.0
928160,2023-05-12,143.05,143.85,144.0,140.0,11624.0
928160,2023-05-11,142.0,147.95,148.0,141.35,24508.0
928160,2023-05-19,147.7,151.85,152.45,146.55,11351.0
928160,2023-05-31,148.65,149.9,150.65,148.0,4749.0
928160,2023-06-14,151.6,159.6,162.85,150.4,39242.0
928160,2023-07-13,163.6,168.0,168.0,160.3,12784.0
928160,2023-07-17,160.75,162.8,164.75,159.0,13105.0
928160,2023-07-21,159.05,155.0,162.15,155.0,13336.0
928160,2023-05-15,145.05,145.4,148.45,142.25,12766.0
928160,2023-02-22,151.1,159.9,159.9,149.0,15568.0
928160,2023-05-29,154.15,161.8,164.0,151.55,18764.0
928160,2023-06-01,153.05,150.5,154.65,149.5,22687.0
928160,2023-06-21,161.95,168.9,168.9,161.05,18970.0
928160,2023-08-14,163.85,166.6,166.65,159.3,34898.0
928160,2023-03-02,157.1,165.0,165.0,156.0,6104.0
928160,2023-02-21,156.0,156.3,162.0,155.05,9598.0
928160,2023-06-15,157.25,153.75,158.4,153.75,16558.0
928160,2023-02-24,155.25,158.8,159.5,151.8,11603.0
928160,2023-06-19,159.75,160.55,160.55,157.1,6334.0
928160,2023-02-28,156.65,146.05,164.95,146.05,68305.0
928160,2023-07-04,156.95,159.55,161.75,156.55,7654.0
928160,2023-03-16,149.75,154.1,154.1,147.1,15499.0
928160,2023-07-06,162.35,158.75,163.6,158.4,10429.0
928160,2023-05-03,146.3,147.95,149.2,145.0,10706.0
928160,2023-07-10,169.9,160.0,178.8,158.85,85103.0
928160,2023-06-07,153.35,151.65,153.85,150.0,5577.0
928160,2023-08-03,172.75,174.25,176.0,172.35,15324.0
928160,2023-06-23,163.55,159.85,165.0,158.05,40515.0
928160,2023-08-04,173.8,177.95,177.95,173.3,17855.0
928160,2023-08-11,164.55,166.0,168.15,162.8,13046.0
928160,2023-08-16,159.7,164.5,164.5,158.8,31565.0
928160,2023-03-09,164.1,167.0,169.2,163.35,29774.0
928160,2023-04-26,147.7,149.95,150.0,147.3,2871.0
928160,2023-05-26,158.2,156.3,159.4,155.55,11439.0
928160,2023-06-02,153.2,153.35,154.45,149.65,6577.0
928160,2023-06-09,151.45,152.85,154.35,150.05,3573.0
928160,2023-07-24,160.05,159.9,161.7,155.05,10460.0
928160,2023-08-07,175.85,176.2,179.2,175.0,38998.0
928160,2023-03-28,145.5,135.1,147.85,135.05,30082.0
928160,2023-04-05,152.55,157.9,157.9,150.1,11337.0
928160,2023-05-05,146.4,149.85,150.0,146.0,7574.0
928160,2023-05-09,141.4,146.5,147.0,139.3,40710.0
928160,2023-05-16,146.1,144.9,147.0,143.3,3960.0
928160,2023-05-18,150.0,148.0,151.0,144.9,31674.0
928160,2023-06-13,160.05,149.0,163.0,149.0,22843.0
928160,2023-03-23,149.05,153.95,153.95,148.1,1963.0
928160,2023-03-06,164.45,162.7,169.0,159.0,42184.0
928160,2023-03-10,162.55,163.0,164.65,159.25,9916.0
928160,2023-05-08,146.8,147.75,148.2,144.1,6418.0
928160,2023-06-30,164.1,161.95,165.95,161.9,17059.0
928160,2023-07-11,167.65,171.15,173.9,166.5,22694.0
928160,2023-07-31,173.7,171.55,174.85,170.7,35297.0
928160,2023-08-02,173.85,175.25,178.0,171.55,33117.0
928160,2023-03-22,148.55,145.0,150.55,145.0,1973.0
928160,2023-03-24,146.0,153.5,153.5,145.0,11588.0
928160,2023-03-27,137.5,150.0,150.0,136.0,18582.0
928160,2023-03-31,152.7,143.9,155.0,143.8,25590.0
928160,2023-04-12,152.05,157.0,158.9,150.25,15813.0
928160,2023-04-19,147.35,149.0,150.35,146.2,4464.0
928160,2023-07-19,159.1,159.85,161.45,158.3,6079.0
928160,2023-08-10,172.7,178.95,178.95,171.7,36200.0
928160,2023-03-14,147.2,155.0,155.5,146.1,35172.0
928160,2023-04-13,153.3,153.0,154.9,151.25,4679.0
928160,2023-04-24,151.05,147.85,154.95,147.85,13353.0
928160,2023-05-23,153.05,148.95,156.7,146.1,20234.0
928160,2023-05-24,157.2,155.9,161.8,153.05,45257.0
928160,2023-06-16,158.25,155.05,164.7,154.35,30761.0
928160,2023-06-27,158.75,162.7,162.7,158.0,7915.0
928160,2023-06-28,159.85,159.0,161.95,158.75,3367.0
928160,2023-07-03,159.5,165.95,165.95,159.1,5626.0
928160,2023-07-12,165.75,167.65,172.0,163.65,13762.0
928160,2023-07-14,161.8,166.25,166.25,161.1,4964.0
928160,2023-07-26,161.25,162.95,162.95,158.5,16759.0
928160,2023-07-27,160.65,161.25,165.9,158.85,10712.0
