stockid,date,close,open,high,low,volume
1002586,2021-01-22,155.35,159.75,161.0,153.7,63700.0
1002586,2021-02-22,169.05,167.5,172.55,167.2,127622.0
1002586,2021-02-24,170.7,169.05,172.1,168.55,47338.0
1002586,2021-03-15,172.25,181.0,181.0,169.5,133727.0
1002586,2021-03-19,175.0,173.05,178.35,171.5,108925.0
1002586,2021-03-26,185.25,178.0,192.65,178.0,6240212.0
1002586,2021-04-30,177.6,173.0,181.6,172.5,55550.0
1002586,2021-01-05,161.6,164.95,165.95,160.55,85555.0
1002586,2021-03-05,169.7,171.8,171.8,167.25,44090.0
1002586,2021-05-03,194.0,182.0,197.7,180.9,264482.0
1002586,2021-05-04,188.7,196.0,199.95,188.0,120716.0
1002586,2021-05-10,191.65,194.7,194.7,190.0,95852.0
1002586,2021-05-21,188.65,187.7,191.85,187.45,29044.0
1002586,2021-05-24,193.15,190.0,198.0,187.0,134891.0
1002586,2021-06-09,184.4,187.65,187.65,181.15,258334.0
1002586,2021-06-18,192.6,200.0,200.0,191.0,284802.0
1002586,2021-02-03,151.25,152.0,153.1,150.15,56491.0
1002586,2021-02-05,156.7,156.8,157.8,154.05,42969.0
1002586,2021-02-10,153.15,154.9,154.9,152.0,57567.0
1002586,2021-05-14,187.65,193.9,193.95,184.0,79829.0
1002586,2021-04-27,176.9,186.0,186.0,174.5,122701.0
1002586,2021-04-29,175.95,178.25,181.1,175.1,34240.0
1002586,2021-05-18,189.5,191.6,195.25,186.9,75783.0
1002586,2021-05-28,187.15,189.0,195.95,186.1,109618.0
1002586,2021-02-11,151.7,152.85,155.8,150.8,52797.0
1002586,2021-02-15,151.95,153.5,153.5,150.95,148943.0
1002586,2021-02-16,158.95,153.5,160.2,151.4,471043.0
1002586,2021-03-25,172.75,174.95,174.95,167.5,65176.0
1002586,2021-04-07,178.8,185.15,188.25,178.0,60905.0
1002586,2021-04-23,184.8,184.95,195.0,182.7,289906.0
1002586,2021-01-12,156.1,157.75,158.85,155.0,101010.0
1002586,2021-01-18,155.75,160.6,160.6,153.05,62552.0
1002586,2021-05-05,191.8,188.0,204.55,184.4,482851.0
1002586,2021-06-03,182.15,185.9,186.7,181.15,80457.0
1002586,2021-01-25,158.95,154.0,160.9,152.55,74060.0
1002586,2021-06-11,197.65,189.7,202.7,185.5,227781.0
1002586,2021-02-01,152.7,157.8,157.8,151.95,90802.0
1002586,2021-07-06,226.7,227.0,232.0,223.0,116249.0
1002586,2021-02-08,155.65,156.7,159.9,154.7,121292.0
1002586,2021-02-12,150.4,151.0,154.4,149.05,243367.0
1002586,2021-03-04,169.2,171.9,171.9,167.1,33963.0
1002586,2021-01-04,163.4,164.5,167.0,162.9,82798.0
1002586,2021-01-07,159.3,161.0,162.5,158.5,80938.0
1002586,2021-03-17,173.1,179.45,182.7,172.5,242133.0
1002586,2021-03-22,175.35,177.9,177.9,174.0,54832.0
1002586,2021-06-01,181.75,187.0,187.0,181.25,44587.0
1002586,2021-07-02,221.55,219.35,229.1,216.3,278034.0
1002586,2021-01-08,158.5,162.0,164.65,158.0,95472.0
1002586,2021-02-02,150.95,155.95,156.85,150.5,98440.0
1002586,2021-04-06,184.35,188.7,192.9,183.0,84500.0
1002586,2021-04-09,180.6,178.25,185.8,176.5,78463.0
1002586,2021-04-15,166.35,171.0,171.0,164.25,49552.0
1002586,2021-05-11,189.8,191.65,194.95,188.55,76318.0
1002586,2021-07-01,217.55,226.5,226.5,212.4,349783.0
1002586,2021-01-21,159.85,157.3,160.9,155.25,106623.0
1002586,2021-01-27,161.5,159.05,163.45,158.05,145446.0
1002586,2021-01-29,152.15,156.95,156.95,151.3,73412.0
1002586,2021-02-09,153.4,157.0,157.75,149.3,114334.0
1002586,2021-02-19,168.1,166.0,169.5,166.0,231540.0
1002586,2021-03-12,178.0,180.0,181.7,175.55,326289.0
1002586,2021-03-16,177.7,175.0,182.4,173.0,608984.0
1002586,2021-03-23,175.8,178.0,178.0,174.75,85577.0
1002586,2021-04-05,186.9,188.1,193.4,182.0,143348.0
1002586,2021-04-13,172.2,174.95,174.95,168.35,42833.0
1002586,2021-05-31,182.8,192.0,192.6,181.45,50914.0
1002586,2021-06-07,185.1,187.0,189.5,183.15,95706.0
1002586,2021-06-24,206.45,206.0,208.65,203.1,61679.0
1002586,2021-05-07,191.6,191.6,195.0,190.05,58179.0
1002586,2021-05-26,193.65,196.0,197.0,192.65,30530.0
1002586,2021-06-16,208.55,216.75,216.75,201.25,186101.0
1002586,2021-06-25,219.5,205.1,234.3,204.3,1102600.0
1002586,2021-06-30,224.0,222.95,236.8,222.3,313485.0
1002586,2021-01-15,159.75,161.5,162.6,157.6,52312.0
1002586,2021-03-02,169.55,168.0,170.5,166.75,50799.0
1002586,2021-03-08,178.4,170.8,181.0,169.7,270355.0
1002586,2021-03-09,172.8,178.7,179.5,172.0,75325.0
1002586,2021-04-22,182.7,170.0,185.0,170.0,158984.0
1002586,2021-05-20,188.0,191.0,192.0,185.05,20459.0
1002586,2021-06-02,183.6,181.05,188.7,181.05,48277.0
1002586,2021-06-29,221.6,225.1,226.3,220.0,155815.0
1002586,2021-07-05,226.0,221.0,233.3,217.8,248992.0
1002586,2021-01-14,161.5,155.9,162.0,154.3,80719.0
1002586,2021-03-31,190.5,182.0,193.7,181.0,303263.0
1002586,2021-04-28,178.4,182.05,184.45,175.8,58371.0
1002586,2021-05-06,189.55,192.4,196.0,188.0,145729.0
1002586,2021-05-12,192.2,193.85,198.7,190.05,156466.0
1002586,2021-03-03,169.15,169.85,170.7,166.0,70721.0
1002586,2021-03-30,180.85,189.5,189.5,176.95,151308.0
1002586,2021-04-01,187.05,192.4,193.8,184.05,215841.0
1002586,2021-01-28,154.1,161.5,161.5,153.2,107752.0
1002586,2021-02-04,155.75,150.3,156.5,150.3,47965.0
1002586,2021-05-27,188.9,195.0,196.45,186.45,65072.0
1002586,2021-01-06,160.5,164.6,164.6,160.0,60945.0
1002586,2021-01-11,158.95,160.95,161.7,157.65,43712.0
1002586,2021-02-18,167.75,166.35,170.0,165.05,296299.0
1002586,2021-02-25,170.15,172.55,172.85,170.1,72024.0
1002586,2021-02-26,168.8,168.9,172.7,167.6,65529.0
1002586,2021-03-10,177.9,175.0,179.8,170.7,619842.0
1002586,2021-05-17,191.7,187.0,195.5,187.0,69101.0
1002586,2021-06-08,185.3,188.95,189.0,184.0,27858.0
1002586,2021-06-10,186.75,186.4,189.8,184.1,59766.0
1002586,2021-06-15,215.8,211.95,219.9,207.05,416152.0
1002586,2021-04-16,166.3,170.0,171.7,165.15,41939.0
1002586,2021-04-20,169.5,171.4,171.4,165.6,40805.0
1002586,2021-06-22,201.35,198.0,204.5,197.0,170335.0
1002586,2021-06-28,226.65,221.45,240.0,221.2,634564.0
1002586,2021-01-19,156.25,155.8,159.9,155.75,61936.0
1002586,2021-01-20,156.3,160.9,160.9,155.2,39380.0
1002586,2021-02-17,166.3,160.0,167.4,158.05,425721.0
1002586,2021-03-01,167.95,170.0,171.0,166.0,102585.0
1002586,2021-03-18,173.6,175.9,178.85,172.55,119020.0
1002586,2021-03-24,173.05,176.75,176.85,170.6,46752.0
1002586,2021-06-23,205.15,203.85,212.0,201.1,159092.0
1002586,2021-04-19,166.15,165.9,168.65,161.3,41985.0
1002586,2021-05-19,189.75,191.0,192.4,189.0,61564.0
1002586,2021-06-14,210.1,205.0,218.6,193.7,632950.0
1002586,2021-01-01,164.25,163.9,166.9,162.2,32520.0
1002586,2021-01-13,155.2,156.6,157.95,154.25,50623.0
1002586,2021-02-23,169.35,168.25,172.75,168.25,97242.0
1002586,2021-04-08,179.05,179.9,183.0,175.85,66415.0
1002586,2021-04-12,168.4,177.95,177.95,166.1,103826.0
1002586,2021-04-26,184.0,190.0,190.05,183.0,62273.0
1002586,2021-05-25,194.35,196.1,198.9,193.0,80674.0
1002586,2021-06-04,186.15,180.6,187.45,180.6,41164.0
1002586,2021-06-21,194.75,192.6,199.0,188.0,85256.0
1002586,2021-06-17,202.15,206.0,216.0,200.0,197931.0
1002586,2021-07-08,223.95,229.9,229.9,220.85,155241.0
1002586,2021-07-22,224.4,224.65,231.95,224.0,196362.0
1002586,2021-07-14,243.15,239.5,246.35,239.05,259310.0
1002586,2021-09-17,253.5,254.95,255.0,247.05,733256.0
1002586,2021-07-23,222.65,223.0,229.35,221.15,165615.0
1002586,2021-07-15,238.75,245.05,246.25,237.1,160240.0
1002586,2021-07-28,230.4,222.65,233.0,217.45,895287.0
1002586,2021-08-18,234.4,230.5,237.6,224.15,294836.0
1002586,2021-08-23,218.5,229.0,229.0,212.5,146238.0
1002586,2021-08-25,222.35,223.15,225.7,220.0,123187.0
1002586,2021-09-02,234.6,236.8,240.1,233.25,133542.0
1002586,2021-09-03,236.8,236.4,240.0,233.2,132330.0
1002586,2021-12-10,252.9,255.0,256.7,252.0,72649.0
1002586,2021-12-27,226.45,231.5,232.0,225.55,84632.0
1002586,2021-12-30,238.8,235.0,240.9,234.7,82215.0
1002586,2022-01-03,245.05,246.85,260.0,237.55,385665.0
1002586,2022-03-22,265.7,269.6,269.6,264.25,121482.0
1002586,2022-04-05,277.9,279.9,287.0,276.0,378251.0
1002586,2022-05-11,259.45,273.0,273.0,256.0,173452.0
1002586,2022-05-19,271.15,266.1,273.7,264.0,46159.0
1002586,2022-06-02,282.5,280.95,286.85,273.5,98116.0
1002586,2022-07-19,278.85,276.8,279.5,273.5,207309.0
1002586,2022-07-27,271.15,275.15,275.15,270.1,96398.0
1002586,2022-08-04,270.45,274.45,275.15,268.2,70228.0
1002586,2022-09-01,273.3,274.05,277.0,271.4,61321.0
1002586,2022-09-20,263.8,263.9,269.4,261.4,67066.0
1002586,2022-12-07,296.85,305.05,305.9,295.85,84027.0
1002586,2022-12-23,288.1,292.15,295.65,287.15,101340.0
1002586,2023-01-16,285.35,286.35,287.35,284.7,30000.0
1002586,2023-01-19,288.3,292.75,293.4,286.6,63636.0
1002586,2023-04-11,271.05,275.0,275.75,267.4,79418.0
1002586,2023-04-18,266.95,265.8,269.95,263.8,42320.0
1002586,2023-06-08,316.15,320.3,321.0,314.0,103271.0
1002586,2023-06-21,317.2,316.15,318.9,313.0,91712.0
1002586,2023-07-24,321.1,320.5,323.0,318.7,234818.0
1002586,2023-08-23,341.75,341.85,343.85,340.0,22284.0
1002586,2021-07-29,244.75,235.0,251.8,235.0,1070329.0
1002586,2021-08-06,248.65,246.8,252.25,244.25,246737.0
1002586,2021-09-21,243.5,250.0,255.85,242.2,209426.0
1002586,2021-09-23,249.2,244.25,250.9,244.25,147050.0
1002586,2021-11-10,265.05,262.0,269.9,260.0,248244.0
1002586,2021-12-09,254.95,260.0,263.95,251.3,185392.0
1002586,2022-01-10,241.7,247.95,247.95,239.2,175962.0
1002586,2022-01-14,247.75,250.0,250.9,246.05,113805.0
1002586,2022-01-24,239.05,251.5,251.5,237.0,341995.0
1002586,2022-02-01,247.9,250.5,254.9,244.9,72275.0
1002586,2022-02-03,249.35,245.4,253.45,245.4,116670.0
1002586,2022-02-18,234.95,233.0,236.8,222.7,98868.0
1002586,2022-02-21,229.6,233.1,239.9,224.15,75154.0
1002586,2022-03-31,269.9,271.8,275.5,268.5,128303.0
1002586,2022-04-18,293.2,303.95,304.9,290.1,132579.0
1002586,2022-04-29,281.85,289.0,292.85,280.1,139538.0
1002586,2022-05-10,272.7,276.0,283.0,267.0,144180.0
1002586,2022-06-29,281.7,297.35,297.35,280.0,165587.0
1002586,2022-07-22,273.2,275.85,276.2,271.05,48085.0
1002586,2022-08-01,266.05,272.65,274.95,265.25,52943.0
1002586,2022-08-03,273.35,273.95,275.9,271.55,114403.0
1002586,2022-08-30,273.5,272.3,275.0,269.0,63962.0
1002586,2022-09-12,268.6,271.9,273.35,268.05,70390.0
1002586,2022-09-29,283.4,272.7,284.9,271.65,224832.0
1002586,2022-09-30,286.1,285.0,289.0,282.5,156854.0
1002586,2022-10-27,281.35,286.7,286.8,279.8,89710.0
1002586,2022-11-11,290.95,298.5,301.75,284.5,388059.0
1002586,2022-12-30,287.45,286.6,289.9,286.1,63438.0
1002586,2023-01-06,285.0,286.0,288.0,283.5,84734.0
1002586,2023-01-24,292.1,289.8,293.05,287.3,50641.0
1002586,2023-02-09,287.45,284.9,288.4,281.6,48725.0
1002586,2023-02-13,274.9,281.85,283.25,271.2,100800.0
1002586,2023-03-01,274.8,280.15,280.15,273.4,50316.0
1002586,2023-03-24,263.6,260.0,265.95,257.45,65263.0
1002586,2023-03-31,262.45,269.0,271.1,257.6,141369.0
1002586,2023-05-17,309.85,300.2,312.0,300.2,349363.0
1002586,2023-05-25,304.0,314.25,314.5,302.95,154260.0
1002586,2023-06-15,313.7,317.4,320.2,309.1,154386.0
1002586,2023-07-25,320.5,322.75,323.0,313.0,164282.0
1002586,2023-08-03,341.7,336.0,342.85,333.3,106558.0
1002586,2021-07-09,239.5,226.75,249.0,223.45,1106690.0
1002586,2021-07-13,238.9,243.25,250.8,237.05,371408.0
1002586,2021-08-02,257.75,257.0,262.9,251.75,1016756.0
1002586,2021-08-12,253.4,248.3,258.0,248.3,376240.0
1002586,2021-10-13,254.95,254.5,259.45,251.5,435743.0
1002586,2021-11-04,241.4,234.2,243.9,233.2,28124.0
1002586,2021-11-23,255.85,252.75,257.3,248.7,142280.0
1002586,2021-11-24,250.4,256.5,259.2,249.0,102071.0
1002586,2021-12-01,250.2,251.05,254.8,246.55,108609.0
1002586,2021-12-22,231.4,235.5,235.5,230.35,60020.0
1002586,2022-02-16,233.05,238.0,241.6,232.05,56553.0
1002586,2022-02-17,233.0,233.9,237.6,231.95,57000.0
1002586,2022-02-22,234.4,222.6,237.45,220.65,98106.0
1002586,2022-03-15,268.4,267.05,275.85,262.65,195017.0
1002586,2022-03-16,255.25,270.4,273.25,252.1,296123.0
1002586,2022-03-21,267.8,256.35,268.95,254.95,290276.0
1002586,2022-03-28,267.7,269.5,273.8,263.4,105431.0
1002586,2022-06-21,271.35,270.0,274.65,268.65,41205.0
1002586,2022-07-20,278.25,278.9,280.9,277.0,56337.0
1002586,2022-09-09,269.55,275.8,276.65,268.0,69599.0
1002586,2022-10-03,288.05,286.1,293.65,283.15,229029.0
1002586,2022-10-11,298.25,300.0,301.9,294.25,151551.0
1002586,2023-01-13,286.3,286.15,288.6,284.65,23715.0
1002586,2023-02-02,285.1,282.05,287.0,275.1,66023.0
1002586,2023-03-10,278.1,278.15,280.0,276.0,23492.0
1002586,2023-03-29,269.5,259.35,272.2,259.35,108125.0
1002586,2023-05-24,312.65,313.0,315.9,310.1,61762.0
1002586,2023-06-01,320.4,315.4,324.5,315.1,832348.0
1002586,2023-06-09,316.85,317.4,318.75,315.35,36977.0
1002586,2023-07-11,320.05,321.5,329.0,317.2,104187.0
1002586,2023-08-10,330.55,330.1,337.85,329.95,76977.0
1002586,2023-08-16,327.65,330.0,333.0,326.65,84810.0
1002586,2021-08-03,254.75,256.85,261.0,250.15,217142.0
1002586,2021-08-05,244.25,249.5,253.7,240.1,340657.0
1002586,2021-10-08,243.9,244.6,247.75,241.2,69124.0
1002586,2021-10-25,228.95,238.5,238.5,224.0,78027.0
1002586,2021-11-02,237.9,244.45,244.45,235.55,119490.0
1002586,2021-11-12,258.75,278.0,281.9,256.0,458947.0
1002586,2022-01-04,243.8,247.75,250.0,242.45,137006.0
1002586,2022-01-05,240.8,245.0,245.5,238.0,164317.0
1002586,2022-01-19,252.95,254.0,254.0,245.15,113136.0
1002586,2022-03-08,249.05,240.05,249.8,236.8,161943.0
1002586,2022-05-17,264.7,260.0,269.9,260.0,61905.0
1002586,2022-05-18,273.15,264.0,277.45,264.0,68805.0
1002586,2022-06-22,282.05,271.15,283.5,271.15,315181.0
1002586,2022-07-04,271.65,275.2,278.05,270.0,90026.0
1002586,2022-07-06,274.65,272.0,276.1,265.3,202520.0
1002586,2022-07-15,271.3,276.5,277.0,270.35,81847.0
1002586,2022-08-11,276.55,295.0,296.0,274.05,320070.0
1002586,2022-08-12,285.25,278.7,287.9,277.05,147581.0
1002586,2022-08-19,283.3,285.2,286.4,277.85,57375.0
1002586,2022-12-05,305.85,314.4,314.4,299.0,118944.0
1002586,2023-01-10,285.15,287.5,290.95,284.25,92658.0
1002586,2023-02-23,279.95,279.0,280.85,276.5,70227.0
1002586,2023-03-15,266.25,265.5,268.8,263.55,41655.0
1002586,2023-03-16,265.7,266.25,268.05,258.2,168352.0
1002586,2023-04-24,260.7,267.3,268.3,258.0,98281.0
1002586,2023-05-26,293.75,305.0,316.5,290.1,255970.0
1002586,2023-06-05,320.5,324.7,327.5,317.0,410364.0
1002586,2023-06-06,316.3,321.95,322.9,314.5,82835.0
1002586,2023-07-13,322.9,320.65,324.85,315.05,129387.0
1002586,2023-07-18,322.05,322.0,324.55,318.0,68676.0
1002586,2023-07-26,319.95,321.5,321.5,316.65,83470.0
1002586,2023-08-04,338.25,342.1,342.1,334.0,43376.0
1002586,2023-08-21,337.5,343.85,344.7,334.6,58470.0
1002586,2021-10-14,255.95,255.0,259.1,254.0,132492.0
1002586,2021-11-11,264.4,260.25,272.1,253.5,270599.0
1002586,2022-01-17,253.25,249.95,254.9,247.75,189055.0
1002586,2022-03-09,249.05,251.0,255.65,244.15,131385.0
1002586,2022-05-02,289.25,280.0,291.0,276.65,73542.0
1002586,2022-08-23,274.8,276.3,279.25,271.65,45115.0
1002586,2022-08-29,271.65,268.95,273.85,265.0,72206.0
1002586,2022-09-02,269.0,274.95,275.05,268.0,48528.0
1002586,2022-10-19,295.5,298.4,298.4,294.0,117165.0
1002586,2022-10-25,284.15,292.25,293.2,282.7,126315.0
1002586,2023-01-03,284.15,285.05,286.65,282.5,42867.0
1002586,2023-02-06,283.3,280.2,285.0,277.45,47923.0
1002586,2023-03-21,261.85,258.8,263.05,256.2,87891.0
1002586,2023-05-04,272.55,268.75,274.2,267.65,67632.0
1002586,2023-06-13,311.05,314.95,320.85,307.95,90609.0
1002586,2023-07-14,323.15,320.0,325.55,319.7,59191.0
1002586,2023-08-07,339.7,339.95,343.0,336.35,44706.0
1002586,2023-08-18,339.8,337.0,342.0,334.55,115258.0
1002586,2021-08-20,222.3,231.7,233.65,220.1,237041.0
1002586,2021-09-07,240.2,242.5,244.4,235.1,122728.0
1002586,2021-09-08,239.5,243.5,243.5,237.0,67002.0
1002586,2021-10-01,245.4,245.9,247.75,240.3,88712.0
1002586,2021-10-20,240.3,243.8,245.25,236.75,77386.0
1002586,2021-12-16,251.55,253.1,257.35,250.2,48955.0
1002586,2022-01-21,247.55,251.4,252.45,243.6,79788.0
1002586,2022-03-24,273.25,277.95,282.1,271.25,285810.0
1002586,2022-04-13,300.4,290.0,308.8,287.0,1017299.0
1002586,2022-04-20,292.35,293.55,295.0,288.8,127871.0
1002586,2022-04-21,292.4,296.0,296.05,291.35,67045.0
1002586,2022-06-06,285.75,285.9,287.6,281.1,68172.0
1002586,2022-07-05,273.3,269.05,279.25,269.05,201587.0
1002586,2022-07-12,276.9,276.6,279.55,273.05,129897.0
1002586,2022-08-02,273.95,267.7,275.8,264.75,112321.0
1002586,2022-09-15,271.25,270.0,272.55,269.0,90708.0
1002586,2022-09-22,288.2,268.05,290.0,266.45,528377.0
1002586,2022-10-04,289.55,288.6,292.0,287.3,218721.0
1002586,2022-10-10,297.55,302.2,304.8,296.1,244856.0
1002586,2022-11-09,298.6,298.5,300.5,295.0,129159.0
1002586,2022-11-29,301.55,307.45,308.2,299.85,214801.0
1002586,2022-12-15,294.2,291.3,299.8,289.1,177718.0
1002586,2022-12-22,292.4,297.8,299.4,290.05,133821.0
1002586,2023-01-04,284.15,285.45,288.3,283.5,65824.0
1002586,2023-02-14,279.35,276.6,284.4,271.15,93499.0
1002586,2023-02-22,279.7,272.65,282.4,270.95,127832.0
1002586,2023-03-06,278.25,275.95,281.5,273.3,70554.0
1002586,2023-03-17,266.1,265.7,269.15,263.1,32695.0
1002586,2023-03-28,261.25,258.1,263.0,256.1,105551.0
1002586,2023-04-03,273.2,258.5,274.9,258.5,68431.0
1002586,2023-04-05,270.9,270.5,274.5,268.4,39094.0
1002586,2023-04-10,275.1,284.7,284.7,273.0,92328.0
1002586,2023-04-12,265.05,271.05,271.05,260.4,195392.0
1002586,2023-04-19,263.7,266.95,269.0,262.05,35023.0
1002586,2023-04-27,270.0,266.9,273.0,266.4,60678.0
1002586,2023-05-03,268.75,269.75,271.15,264.8,50695.0
1002586,2023-05-10,275.05,270.65,277.0,269.0,48124.0
1002586,2023-06-02,317.7,323.0,323.0,315.0,214003.0
1002586,2023-06-12,314.95,318.0,324.5,313.5,84127.0
1002586,2023-07-31,323.7,326.65,327.0,320.05,56364.0
1002586,2021-07-12,240.9,241.8,247.4,238.5,394521.0
1002586,2021-07-27,219.85,227.3,227.7,219.0,131068.0
1002586,2021-08-10,252.95,257.9,258.0,247.05,219957.0
1002586,2021-08-26,221.45,225.95,226.0,220.55,72805.0
1002586,2021-10-04,250.9,249.45,253.9,244.55,170699.0
1002586,2021-10-05,247.75,252.7,253.75,244.6,115583.0
1002586,2021-10-21,237.95,238.6,243.0,235.5,95164.0
1002586,2021-10-28,226.5,228.2,233.9,225.05,72676.0
1002586,2021-10-29,225.6,227.5,233.95,222.25,107457.0
1002586,2021-12-06,250.45,255.7,258.0,249.15,176393.0
1002586,2022-01-12,242.35,241.45,245.75,240.8,109110.0
1002586,2022-02-09,252.25,248.7,255.9,246.0,207067.0
1002586,2022-02-23,236.35,234.4,239.4,233.95,44277.0
1002586,2022-05-13,261.05,260.25,266.85,256.7,65796.0
1002586,2022-06-01,278.2,281.55,281.85,275.8,54198.0
1002586,2022-06-20,269.6,268.0,272.0,261.95,71515.0
1002586,2022-07-28,274.1,274.5,275.9,268.5,47645.0
1002586,2022-09-06,271.05,278.9,278.9,270.0,101069.0
1002586,2022-09-16,263.65,272.3,273.15,263.0,151567.0
1002586,2022-09-23,280.3,289.3,290.45,279.5,155731.0
1002586,2022-10-06,300.1,289.65,302.0,289.65,581830.0
1002586,2022-10-28,286.25,280.15,294.7,278.45,533264.0
1002586,2022-11-01,283.55,290.15,292.05,281.1,169951.0
1002586,2022-11-17,310.45,302.1,318.0,297.95,808164.0
1002586,2022-11-23,310.75,308.05,313.45,306.25,119816.0
1002586,2022-11-24,303.55,311.9,311.9,301.55,87214.0
1002586,2022-11-28,305.6,310.0,314.15,303.6,229922.0
1002586,2023-01-23,289.25,287.7,290.0,285.15,37552.0
1002586,2023-01-31,283.95,278.6,287.6,278.6,40733.0
1002586,2023-02-21,272.65,277.0,280.0,271.15,46334.0
1002586,2023-04-28,270.0,270.7,272.75,268.45,55377.0
1002586,2023-05-11,276.15,274.0,278.0,273.85,25698.0
1002586,2023-06-07,318.9,316.95,323.0,313.6,122932.0
1002586,2023-06-19,315.05,318.7,318.75,310.0,55444.0
1002586,2023-07-06,326.05,320.0,328.8,317.35,121707.0
1002586,2023-07-20,320.2,322.0,322.0,316.95,54896.0
1002586,2023-08-02,335.8,347.45,347.5,330.05,206049.0
1002586,2021-07-16,239.1,242.75,246.9,237.85,188831.0
1002586,2021-08-04,250.3,254.3,258.75,246.6,154529.0
1002586,2021-08-31,239.5,235.0,244.65,229.8,622110.0
1002586,2021-09-01,233.25,241.0,242.9,230.7,152079.0
1002586,2021-10-07,245.35,243.5,247.45,243.25,59644.0
1002586,2021-11-01,239.95,225.45,243.9,225.45,131599.0
1002586,2021-12-21,231.05,241.0,241.45,228.8,130912.0
1002586,2021-12-24,228.55,234.55,234.55,226.1,65350.0
1002586,2022-01-07,236.9,242.75,242.9,235.55,91581.0
1002586,2022-01-13,247.25,245.9,252.0,240.7,196696.0
1002586,2022-02-24,227.4,230.0,236.2,218.55,128558.0
1002586,2022-04-06,285.95,281.3,288.0,279.1,178807.0
1002586,2022-04-07,292.1,285.95,296.5,282.35,227324.0
1002586,2022-05-06,275.3,275.0,279.0,265.1,123271.0
1002586,2022-05-24,278.9,279.65,282.5,275.1,386287.0
1002586,2022-05-25,273.45,279.4,281.05,271.0,249823.0
1002586,2022-05-26,275.55,269.15,281.0,264.1,161033.0
1002586,2022-09-05,274.5,269.0,278.9,266.25,171960.0
1002586,2022-09-13,267.9,271.95,271.95,267.1,62277.0
1002586,2022-11-02,291.1,287.3,292.75,281.3,185623.0
1002586,2022-11-04,300.05,299.3,304.5,295.75,210570.0
1002586,2022-11-15,303.9,294.0,308.0,294.0,324388.0
1002586,2022-11-21,313.75,316.0,318.0,312.4,302168.0
1002586,2022-12-13,289.3,289.0,291.6,285.05,153206.0
1002586,2023-02-01,282.05,282.9,288.6,277.7,60828.0
1002586,2023-02-07,282.6,283.3,284.65,278.35,24390.0
1002586,2023-02-08,281.8,282.6,283.7,278.55,28308.0
1002586,2023-03-03,275.85,274.75,278.95,271.1,641076.0
1002586,2023-03-13,271.65,277.95,281.75,270.05,64171.0
1002586,2023-05-19,311.7,308.2,314.05,305.1,94656.0
1002586,2023-06-16,317.1,316.4,318.0,312.4,173459.0
1002586,2023-07-19,320.25,325.25,325.25,315.05,95581.0
1002586,2023-08-22,340.1,339.2,342.0,334.4,68701.0
1002586,2021-09-15,240.55,240.8,243.4,238.55,155379.0
1002586,2021-07-07,228.1,226.75,234.9,221.65,293009.0
1002586,2021-07-20,222.0,229.95,232.2,220.1,249444.0
1002586,2021-08-17,229.15,234.4,248.7,227.1,498760.0
1002586,2021-08-30,230.35,232.45,234.7,226.2,254075.0
1002586,2021-09-16,240.9,244.9,247.6,239.6,168845.0
1002586,2021-09-20,253.2,249.2,258.0,248.05,422560.0
1002586,2021-09-29,238.2,242.0,244.4,237.05,109539.0
1002586,2021-10-26,228.5,225.15,231.0,225.15,60637.0
1002586,2021-11-03,232.7,238.2,240.0,232.2,69944.0
1002586,2021-11-17,255.3,254.0,266.75,253.1,266295.0
1002586,2021-12-17,241.8,254.85,254.85,240.1,98344.0
1002586,2021-12-23,232.95,234.7,235.05,229.5,85598.0
1002586,2022-01-28,243.95,240.0,246.0,238.95,148164.0
1002586,2022-02-02,248.5,249.0,253.7,247.0,118510.0
1002586,2022-03-02,225.2,230.95,231.95,224.3,61069.0
1002586,2022-03-03,237.7,226.9,244.8,225.05,98024.0
1002586,2022-03-30,271.8,274.8,278.45,269.9,108649.0
1002586,2022-04-12,289.85,294.0,296.5,286.35,167145.0
1002586,2022-04-27,292.7,299.95,299.95,291.5,131334.0
1002586,2022-05-04,280.9,291.9,292.05,280.2,120821.0
1002586,2022-06-17,265.3,264.6,267.7,254.0,106324.0
1002586,2022-07-21,274.15,276.5,278.25,271.7,97749.0
1002586,2022-07-29,269.5,278.0,278.0,265.0,190273.0
1002586,2022-08-05,272.25,272.0,273.95,268.3,76742.0
1002586,2022-08-08,285.8,272.25,287.2,271.9,198496.0
1002586,2022-08-25,271.25,275.95,277.2,269.0,69558.0
1002586,2022-08-26,270.95,272.6,274.0,269.5,75642.0
1002586,2022-10-21,287.95,295.8,297.75,286.0,120495.0
1002586,2022-10-31,288.25,293.8,293.8,281.1,138949.0
1002586,2022-11-14,294.6,293.15,298.75,291.35,231413.0
1002586,2022-11-16,300.05,305.8,305.95,297.05,93176.0
1002586,2022-12-02,304.9,304.85,306.45,300.45,140818.0
1002586,2022-12-16,290.8,291.7,298.5,289.1,210632.0
1002586,2022-12-20,299.2,298.3,302.55,294.2,123467.0
1002586,2023-01-12,286.15,287.85,289.0,285.15,52254.0
1002586,2023-01-20,285.3,289.75,293.1,283.7,70375.0
1002586,2023-01-25,286.7,290.9,291.95,285.0,71867.0
1002586,2023-02-10,282.35,294.9,294.9,276.6,136606.0
1002586,2021-10-11,244.45,243.9,248.1,243.0,74513.0
1002586,2023-02-17,279.65,279.4,282.5,277.35,14704.0
1002586,2021-10-19,241.55,257.45,257.45,239.55,140528.0
1002586,2023-03-20,259.6,261.2,264.75,253.15,232381.0
1002586,2021-12-14,257.4,258.9,260.3,254.5,82867.0
1002586,2023-05-15,289.55,276.1,294.0,276.1,367963.0
1002586,2021-12-15,253.75,258.85,259.2,253.0,108789.0
1002586,2021-12-28,230.45,228.55,233.3,226.5,93144.0
1002586,2023-07-04,320.1,318.4,321.8,315.55,80033.0
1002586,2023-08-08,340.35,342.0,345.0,336.0,184225.0
1002586,2022-01-27,239.7,242.0,243.0,237.15,121163.0
1002586,2022-03-04,246.15,237.1,258.9,237.1,912994.0
1002586,2022-04-22,290.2,290.25,294.55,287.05,37591.0
1002586,2022-04-26,299.75,293.0,304.9,292.1,315372.0
1002586,2022-05-05,280.3,284.85,285.9,276.2,91912.0
1002586,2022-05-09,276.45,278.3,279.0,270.0,80687.0
1002586,2022-05-30,278.85,278.0,282.75,272.95,133974.0
1002586,2022-05-31,280.85,280.6,283.0,278.0,195333.0
1002586,2022-06-09,281.05,280.4,285.8,280.05,77605.0
1002586,2022-06-10,284.7,276.3,287.5,276.3,370642.0
1002586,2022-06-14,270.05,275.0,280.15,267.0,51780.0
1002586,2022-06-28,294.7,295.3,298.5,290.4,92489.0
1002586,2022-07-01,277.3,275.2,282.0,270.25,218007.0
1002586,2022-07-07,276.8,274.9,279.8,273.05,79090.0
1002586,2022-07-11,276.55,275.55,278.9,274.7,56902.0
1002586,2022-08-10,284.2,287.2,290.7,278.3,186815.0
1002586,2022-08-16,285.25,289.0,289.0,282.3,114862.0
1002586,2022-08-17,283.15,285.9,288.9,281.0,57547.0
1002586,2022-09-07,271.2,273.7,276.2,268.3,80120.0
1002586,2022-10-14,297.8,297.95,308.0,294.25,609095.0
1002586,2022-10-18,297.1,299.95,299.95,292.95,170975.0
1002586,2022-12-28,286.75,286.8,289.15,286.0,68004.0
1002586,2022-12-29,284.9,288.3,291.0,283.5,206591.0
1002586,2023-01-18,293.45,283.0,295.95,282.9,123567.0
1002586,2023-02-24,278.9,278.9,280.65,273.55,89287.0
1002586,2023-03-14,266.6,273.1,274.5,265.35,70940.0
1002586,2023-04-17,265.8,268.45,272.0,264.05,68992.0
1002586,2023-07-10,324.5,331.0,331.0,317.6,76786.0
1002586,2023-07-27,321.0,319.95,322.0,318.85,26167.0
1002586,2023-08-17,335.35,329.3,336.0,327.45,115795.0
1002586,2021-08-13,243.45,259.8,262.65,242.0,436834.0
1002586,2021-08-09,256.8,249.9,264.75,249.1,383866.0
1002586,2021-09-22,243.9,244.95,252.0,242.3,355482.0
1002586,2021-11-29,252.95,254.0,254.9,241.05,279548.0
1002586,2021-12-02,247.95,252.5,253.0,245.6,104344.0
1002586,2021-12-20,234.05,244.8,244.8,222.3,222481.0
1002586,2021-12-29,233.5,232.4,236.2,229.0,90357.0
1002586,2022-02-04,250.05,248.0,257.5,247.8,172258.0
1002586,2022-06-07,281.9,286.0,287.8,278.45,90917.0
1002586,2022-06-08,282.05,284.0,285.7,280.75,167049.0
1002586,2022-07-08,276.75,280.75,280.75,275.0,108364.0
1002586,2022-07-18,275.45,270.1,277.6,270.1,180597.0
1002586,2022-08-24,275.05,275.5,277.95,271.5,73663.0
1002586,2022-09-14,271.05,267.9,273.65,266.0,183381.0
1002586,2022-09-21,267.7,265.65,268.7,261.45,80464.0
1002586,2022-12-08,292.65,298.35,299.0,291.5,60668.0
1002586,2022-12-09,295.75,293.0,299.0,282.8,353359.0
1002586,2023-03-02,274.95,274.85,275.95,270.0,109716.0
1002586,2023-03-27,258.1,263.0,263.0,256.2,140142.0
1002586,2023-04-20,262.45,263.7,266.65,261.05,152777.0
1002586,2023-05-05,267.05,271.8,278.95,265.2,190108.0
1002586,2023-06-20,317.25,315.0,318.7,313.45,101777.0
1002586,2023-06-22,320.4,315.65,322.9,315.65,627565.0
1002586,2023-06-23,319.95,322.45,323.5,314.55,334968.0
1002586,2023-06-26,318.65,319.95,322.45,315.35,65999.0
1002586,2023-06-28,314.8,319.1,319.1,314.0,56597.0
1002586,2023-06-30,318.45,315.1,320.0,314.3,182310.0
1002586,2023-07-21,320.2,317.15,320.95,316.5,96093.0
1002586,2021-09-06,242.4,244.4,252.9,241.05,850949.0
1002586,2021-09-14,238.55,240.1,243.7,236.9,116375.0
1002586,2021-11-30,253.05,256.45,258.0,250.2,212609.0
1002586,2022-01-06,239.05,238.0,242.4,237.35,80008.0
1002586,2022-02-11,242.5,242.6,248.95,237.6,169438.0
1002586,2022-02-14,237.65,238.0,242.45,221.0,166770.0
1002586,2022-03-14,271.3,263.0,285.65,260.15,967322.0
1002586,2022-04-11,294.0,292.7,297.0,288.5,250231.0
1002586,2022-06-13,274.95,282.0,282.0,270.5,143174.0
1002586,2022-07-13,275.9,279.0,279.0,272.45,50735.0
1002586,2022-07-14,275.95,275.4,278.7,272.75,82347.0
1002586,2022-07-25,279.3,275.95,280.9,272.15,135338.0
1002586,2022-09-27,276.45,272.05,279.9,269.45,83083.0
1002586,2022-11-18,314.5,314.0,315.0,306.15,402669.0
1002586,2022-11-22,306.6,315.0,315.0,303.0,114912.0
1002586,2022-12-12,287.0,296.0,298.95,286.0,90827.0
1002586,2023-01-27,283.6,282.5,288.4,279.05,101309.0
1002586,2023-02-27,279.4,277.85,280.35,274.2,62767.0
1002586,2023-04-13,268.85,265.05,272.95,260.85,60667.0
1002586,2023-05-18,310.6,310.0,318.0,307.3,262836.0
1002586,2023-05-23,314.15,310.35,315.8,310.35,120883.0
1002586,2023-05-31,315.4,309.9,317.0,303.2,279789.0
1002586,2023-07-03,317.1,319.95,319.95,314.0,67827.0
1002586,2023-07-05,320.4,321.05,322.5,319.3,75837.0
1002586,2023-08-09,338.1,340.35,344.0,333.1,96221.0
1002586,2021-08-16,231.85,243.45,243.8,229.1,437286.0
1002586,2021-08-11,245.55,254.5,256.75,242.0,190030.0
1002586,2021-09-24,248.65,253.0,254.9,247.0,157220.0
1002586,2021-11-16,253.6,258.95,266.0,252.25,188533.0
1002586,2021-11-22,250.0,255.95,264.7,244.7,304103.0
1002586,2021-12-03,249.45,250.45,254.2,246.2,104183.0
1002586,2022-01-11,243.85,241.4,245.9,238.75,125914.0
1002586,2022-01-25,239.3,240.0,244.5,234.45,100427.0
1002586,2022-03-25,271.5,277.0,279.65,269.05,79046.0
1002586,2022-03-29,270.75,268.0,275.6,266.55,163108.0
1002586,2022-04-19,288.55,294.5,296.9,281.2,103203.0
1002586,2022-05-16,259.5,264.9,264.9,254.3,50600.0
1002586,2022-05-20,273.0,277.45,277.45,270.0,36537.0
1002586,2022-05-27,276.0,279.9,286.85,272.6,231961.0
1002586,2022-06-16,262.75,274.35,276.05,261.0,149403.0
1002586,2022-06-27,295.3,300.0,304.9,293.85,1093594.0
1002586,2022-06-30,278.05,284.4,286.4,274.0,430235.0
1002586,2022-09-28,271.45,277.0,281.7,270.55,118723.0
1002586,2022-10-07,302.85,301.35,304.95,300.15,271331.0
1002586,2022-10-12,293.25,299.0,299.85,289.6,146309.0
1002586,2022-12-06,305.05,304.0,307.5,300.7,97785.0
1002586,2023-01-02,284.4,292.0,292.0,283.8,58716.0
1002586,2023-01-11,287.85,287.25,290.9,285.35,65356.0
1002586,2023-02-03,283.1,284.3,286.5,277.65,74769.0
1002586,2023-02-28,279.3,279.4,283.75,276.1,48369.0
1002586,2023-05-08,270.45,267.85,272.0,260.0,42402.0
1002586,2023-05-12,276.1,275.0,283.55,274.0,121037.0
1002586,2023-06-14,316.2,311.55,319.5,306.0,138381.0
1002586,2023-07-28,325.0,319.0,327.35,319.0,66282.0
1002586,2021-09-09,241.7,242.8,250.0,239.1,364510.0
1002586,2022-01-20,251.4,255.0,255.0,247.5,107253.0
1002586,2022-02-08,246.0,251.0,254.65,245.0,109046.0
1002586,2022-02-10,249.7,253.95,254.0,249.15,227057.0
1002586,2022-04-04,278.3,285.0,287.0,276.8,315824.0
1002586,2022-05-23,277.8,279.0,284.3,276.05,191712.0
1002586,2022-06-03,283.5,285.0,288.8,279.8,284967.0
1002586,2022-06-23,289.8,282.5,292.2,282.5,462762.0
1002586,2022-08-18,283.8,283.15,287.05,281.35,79143.0
1002586,2022-08-22,275.7,283.3,283.45,274.0,55628.0
1002586,2022-09-26,270.4,275.8,279.9,265.6,179453.0
1002586,2022-10-13,295.9,294.0,298.85,290.35,119852.0
1002586,2022-11-03,299.15,289.0,300.45,287.9,304019.0
1002586,2022-11-07,297.75,300.5,301.5,294.45,58816.0
1002586,2022-11-30,295.85,302.0,306.55,291.1,193157.0
1002586,2022-12-01,303.1,297.3,304.0,295.85,195004.0
1002586,2023-02-16,279.5,278.4,280.95,275.5,36580.0
1002586,2023-02-20,276.45,279.65,279.95,273.0,31311.0
1002586,2023-03-08,280.5,279.4,282.05,275.65,95314.0
1002586,2023-03-09,278.15,280.5,282.85,276.5,31931.0
1002586,2023-03-22,266.3,260.5,266.9,257.6,46111.0
1002586,2023-03-23,261.65,266.0,267.6,260.85,54442.0
1002586,2023-04-21,267.3,262.45,268.95,261.5,30690.0
1002586,2023-04-26,266.9,263.1,267.7,261.3,118535.0
1002586,2023-05-29,304.5,296.8,306.9,293.05,233208.0
1002586,2023-06-27,318.0,319.6,322.0,313.0,214592.0
1002586,2023-07-12,322.15,321.3,324.0,318.05,51080.0
1002586,2023-08-14,331.55,331.0,333.9,321.1,103078.0
1002586,2021-07-30,250.2,246.5,255.55,241.6,643895.0
1002586,2021-07-19,229.9,239.05,241.0,225.85,301312.0
1002586,2021-09-28,242.0,244.75,248.0,240.0,62414.0
1002586,2021-10-06,242.85,248.95,248.95,239.1,111331.0
1002586,2021-10-27,229.25,230.0,236.9,226.4,127179.0
1002586,2021-11-08,267.9,245.85,282.4,239.65,543501.0
1002586,2021-11-25,252.5,254.0,259.9,250.15,254444.0
1002586,2022-03-07,245.4,247.0,249.85,234.5,177870.0
1002586,2022-03-17,254.65,257.6,259.45,252.0,102885.0
1002586,2022-03-23,273.05,265.7,275.5,265.15,130237.0
1002586,2022-04-01,275.4,268.0,292.7,268.0,768345.0
1002586,2022-04-08,290.15,296.0,296.0,287.65,263295.0
1002586,2022-04-25,291.3,288.0,295.95,288.0,127200.0
1002586,2022-05-12,259.65,256.15,262.35,254.2,140502.0
1002586,2022-06-15,273.25,273.9,276.05,270.95,45656.0
1002586,2022-06-24,296.65,295.0,299.95,290.1,413171.0
1002586,2022-09-08,273.1,273.65,276.35,270.75,66327.0
1002586,2022-09-19,260.65,263.65,263.65,250.0,107328.0
1002586,2022-10-17,295.75,301.95,301.95,295.1,150135.0
1002586,2022-10-20,295.8,297.4,297.95,293.8,153244.0
1002586,2022-11-10,298.85,299.5,306.95,295.0,276638.0
1002586,2022-12-27,286.8,289.65,290.0,285.45,137881.0
1002586,2023-01-17,283.0,285.3,287.9,281.1,75537.0
1002586,2023-04-06,271.6,268.05,273.95,268.05,28366.0
1002586,2023-04-25,263.1,260.65,264.95,259.25,46264.0
1002586,2023-05-02,270.2,270.7,275.0,268.35,46376.0
1002586,2023-05-30,308.15,304.5,309.9,302.35,161454.0
1002586,2023-07-17,324.75,324.85,326.75,319.05,81793.0
1002586,2023-08-01,344.6,320.6,347.4,320.6,735854.0
1002586,2021-07-26,224.8,226.6,227.85,221.5,118827.0
1002586,2021-08-24,221.65,219.15,225.3,219.05,116116.0
1002586,2021-08-27,230.15,220.0,230.9,220.0,319450.0
1002586,2021-09-13,241.05,242.7,246.0,240.0,91243.0
1002586,2021-09-27,244.75,245.55,249.9,241.05,88146.0
1002586,2021-09-30,247.4,238.0,249.85,237.05,405602.0
1002586,2021-10-12,243.5,247.0,248.0,240.35,73502.0
1002586,2021-10-18,254.6,258.1,258.1,251.4,151110.0
1002586,2021-10-22,231.4,242.5,242.5,229.0,106978.0
1002586,2021-11-09,261.85,270.0,273.4,260.0,190209.0
1002586,2021-11-15,258.15,266.95,266.95,252.0,272986.0
1002586,2021-11-18,251.6,257.95,258.55,243.85,164758.0
1002586,2021-11-26,250.45,246.5,260.0,246.5,325945.0
1002586,2021-12-07,254.55,252.0,255.9,251.0,168577.0
1002586,2021-12-08,256.35,255.0,260.0,254.6,238828.0
1002586,2021-12-13,259.45,258.45,263.85,254.1,207946.0
1002586,2021-12-31,239.05,242.75,242.75,232.05,112747.0
1002586,2022-01-18,251.25,257.0,257.9,249.5,254419.0
1002586,2022-01-31,248.0,246.0,253.25,244.3,84973.0
1002586,2022-02-07,253.55,253.8,255.0,250.65,79442.0
1002586,2022-02-15,233.15,242.0,244.2,228.0,149086.0
1002586,2022-02-25,231.25,228.95,244.15,214.9,126521.0
1002586,2022-02-28,228.2,231.6,231.8,223.45,66115.0
1002586,2022-03-10,248.2,249.9,254.6,246.05,73123.0
1002586,2022-03-11,259.65,247.35,261.9,246.6,329862.0
1002586,2022-04-28,287.7,292.85,294.7,286.0,130832.0
1002586,2022-07-26,272.45,279.0,279.0,271.1,55606.0
1002586,2022-10-24,292.6,297.8,297.8,290.1,40261.0
1002586,2022-11-25,306.8,307.0,312.0,304.85,128242.0
1002586,2022-12-14,289.85,291.9,291.9,287.85,134026.0
1002586,2022-12-19,298.45,293.05,299.9,290.55,106089.0
1002586,2022-12-21,296.8,298.45,303.9,292.0,295049.0
1002586,2022-12-26,289.65,288.8,291.7,285.9,47665.0
1002586,2023-01-05,286.35,282.7,287.3,282.7,44207.0
1002586,2023-01-09,286.15,285.1,287.8,285.1,16470.0
1002586,2023-01-30,278.6,279.0,283.4,275.95,98834.0
1002586,2023-02-15,277.4,279.35,281.9,276.0,29719.0
1002586,2023-05-09,271.7,270.45,273.0,268.4,46754.0
1002586,2023-05-16,300.2,290.0,301.15,288.35,422978.0
1002586,2023-05-22,313.3,309.95,317.2,309.95,139925.0
1002586,2023-07-07,327.75,326.1,335.0,322.85,276026.0
1002586,2023-08-11,331.05,330.0,332.2,325.1,263814.0
