stockid,date,close,open,high,low,volume
629558,2021-01-18,366.6,371.0,372.5,355.0,201382.0
629558,2021-02-17,359.45,360.5,365.0,355.45,149124.0
629558,2021-02-26,347.75,348.0,361.95,344.25,178188.0
629558,2021-03-30,278.75,294.2,298.1,275.25,299643.0
629558,2021-04-27,275.25,283.8,283.8,271.15,274823.0
629558,2021-04-28,271.35,278.0,279.7,267.8,479894.0
629558,2021-07-29,394.7,378.0,398.95,375.7,2271045.0
629558,2021-09-08,385.95,386.0,393.4,382.55,2401502.0
629558,2021-10-07,497.65,480.2,509.0,478.45,2659952.0
629558,2021-10-22,469.4,473.6,487.65,466.0,505029.0
629558,2021-12-28,493.6,483.9,498.0,478.1,1528311.0
629558,2022-03-03,495.15,479.7,501.85,478.1,994969.0
629558,2022-04-08,488.3,486.25,499.5,478.35,873745.0
629558,2022-04-21,496.8,494.8,508.0,492.4,627045.0
629558,2022-04-25,464.35,490.0,490.95,456.2,1112920.0
629558,2022-04-26,474.55,465.15,477.7,462.15,641744.0
629558,2022-06-07,462.15,469.95,475.0,454.4,522291.0
629558,2022-07-19,532.6,504.9,535.7,504.1,731266.0
629558,2021-03-02,350.35,351.75,356.5,348.9,126890.0
629558,2021-05-18,253.85,259.0,259.75,252.05,646092.0
629558,2021-06-01,278.5,288.7,289.4,276.9,421762.0
629558,2021-06-04,302.25,301.0,306.25,295.05,800112.0
629558,2021-06-17,289.3,293.2,299.25,283.05,402754.0
629558,2021-06-29,306.65,308.7,324.95,303.05,1323104.0
629558,2021-07-12,349.4,335.3,354.5,330.45,2696351.0
629558,2021-07-30,380.7,395.0,407.0,346.85,1712167.0
629558,2021-08-20,363.05,370.75,374.5,355.25,291862.0
629558,2021-09-24,489.25,496.0,507.0,482.45,2524505.0
629558,2021-09-27,499.15,489.0,504.0,487.0,1442942.0
629558,2021-09-28,485.1,499.6,501.6,461.5,1953193.0
629558,2021-11-01,473.0,465.0,481.15,464.45,1210577.0
629558,2021-11-11,470.45,478.0,483.15,464.0,1162772.0
629558,2021-11-25,470.1,466.0,473.8,463.8,300043.0
629558,2021-11-30,433.1,414.0,437.6,411.65,628535.0
629558,2021-12-24,443.1,448.3,451.2,438.6,291464.0
629558,2022-01-10,569.75,515.95,579.2,515.25,4147950.0
629558,2022-02-01,516.7,513.9,524.35,507.65,463434.0
629558,2022-05-05,450.55,457.7,461.8,445.25,242870.0
629558,2022-05-16,409.1,387.15,414.0,378.0,951661.0
629558,2022-06-17,454.85,435.7,461.0,430.0,819674.0
629558,2021-01-11,371.15,370.0,374.7,361.25,324867.0
629558,2021-02-12,380.35,382.55,389.0,370.0,289194.0
629558,2021-05-07,252.35,252.25,255.0,250.0,314787.0
629558,2021-07-28,378.0,374.0,381.0,361.35,1151031.0
629558,2021-08-02,404.4,373.15,410.0,372.65,4179779.0
629558,2021-08-10,381.05,392.7,394.85,366.9,1094194.0
629558,2021-09-03,376.95,379.0,389.6,375.2,2114517.0
629558,2021-09-13,394.65,383.65,396.8,377.5,3178180.0
629558,2021-09-14,413.4,396.0,416.5,394.95,6993301.0
629558,2021-09-17,433.4,444.0,464.5,425.1,3397360.0
629558,2021-09-20,433.9,428.0,448.7,416.5,2058277.0
629558,2021-10-19,483.1,496.0,503.45,471.2,813178.0
629558,2021-11-03,478.05,477.0,491.0,474.05,728929.0
629558,2021-11-23,466.1,449.9,473.9,446.3,399890.0
629558,2021-12-02,436.65,429.0,438.9,428.4,252283.0
629558,2021-12-06,429.5,426.95,433.55,422.0,345091.0
629558,2022-01-07,510.8,516.4,524.0,508.0,568819.0
629558,2022-02-09,477.85,491.9,497.9,475.05,285699.0
629558,2022-03-07,475.95,484.5,489.8,454.0,1077966.0
629558,2022-03-10,483.6,487.9,494.25,476.1,326859.0
629558,2022-03-31,436.75,440.0,451.0,429.0,747711.0
629558,2022-04-05,484.85,486.2,491.0,481.3,447700.0
629558,2022-06-01,446.7,456.85,462.95,439.8,660282.0
629558,2022-06-24,483.4,464.3,488.6,463.6,709476.0
629558,2022-07-01,511.2,498.3,514.0,491.55,1770328.0
629558,2022-07-18,507.4,511.0,512.7,505.1,435220.0
629558,2021-03-17,327.35,345.0,345.7,324.05,134304.0
629558,2021-03-18,321.7,329.1,338.7,316.2,156135.0
629558,2021-04-07,283.1,285.4,290.7,281.45,269631.0
629558,2021-04-29,270.65,272.8,278.6,268.45,578081.0
629558,2021-06-23,298.35,300.25,303.9,296.3,315788.0
629558,2021-06-28,307.4,301.35,311.6,299.0,650320.0
629558,2021-08-09,395.35,401.6,403.5,387.0,628114.0
629558,2021-10-04,486.0,482.0,493.45,481.3,1258888.0
629558,2021-10-13,501.2,508.6,511.8,496.1,879674.0
629558,2021-10-25,434.8,460.0,466.25,427.25,981456.0
629558,2021-10-28,460.95,465.0,465.8,453.0,316030.0
629558,2021-11-04,486.85,482.7,492.8,480.0,209438.0
629558,2021-12-10,436.25,439.5,444.2,432.0,342473.0
629558,2021-12-16,452.65,455.0,459.6,443.5,562891.0
629558,2021-12-23,448.25,439.5,453.65,438.5,395760.0
629558,2022-01-19,572.7,545.0,579.75,540.1,770542.0
629558,2022-01-20,564.2,574.75,577.7,557.75,704464.0
629558,2022-02-11,472.85,462.0,479.0,458.05,480985.0
629558,2022-02-16,450.3,452.0,462.0,447.0,349320.0
629558,2022-03-11,478.35,483.85,489.35,475.15,309147.0
629558,2022-04-06,478.1,481.0,486.1,472.15,509736.0
629558,2022-05-10,437.85,443.0,449.05,434.0,247443.0
629558,2022-05-30,432.5,438.95,446.85,425.05,787991.0
629558,2022-06-03,455.45,455.8,462.0,441.75,552007.0
629558,2022-07-14,503.55,504.75,510.9,499.55,358199.0
629558,2021-02-08,366.75,349.1,371.9,348.85,647282.0
629558,2021-01-01,355.25,346.05,358.0,346.05,251435.0
629558,2021-02-11,381.05,374.0,386.85,370.05,442640.0
629558,2021-01-12,381.9,383.25,387.0,375.25,615796.0
629558,2021-01-27,339.85,344.8,344.8,332.6,212938.0
629558,2021-03-16,343.1,338.5,350.0,335.15,392190.0
629558,2021-03-19,322.8,312.75,327.35,304.05,235423.0
629558,2021-01-29,321.6,329.95,332.3,318.05,181517.0
629558,2021-03-23,312.0,316.4,317.6,310.2,122160.0
629558,2021-05-24,264.0,262.4,267.0,260.15,755947.0
629558,2021-03-24,303.1,311.8,311.8,297.0,161387.0
629558,2021-06-18,289.0,290.0,292.95,280.45,374569.0
629558,2021-05-21,260.1,261.0,265.0,259.55,504138.0
629558,2021-07-20,361.45,365.0,368.0,357.25,1951025.0
629558,2021-06-10,309.9,304.65,311.9,303.35,638491.0
629558,2021-08-06,400.7,397.1,408.25,395.5,863624.0
629558,2021-07-26,378.75,378.0,382.0,370.1,847194.0
629558,2021-08-11,371.75,372.7,376.8,353.0,1123825.0
629558,2021-08-23,344.75,363.1,365.25,336.75,410709.0
629558,2021-09-09,384.85,384.5,387.8,380.0,3075347.0
629558,2021-08-12,379.3,371.0,384.7,368.0,466117.0
629558,2021-10-11,510.35,501.45,524.4,500.1,1866477.0
629558,2021-08-27,357.3,348.9,363.7,347.0,853241.0
629558,2021-11-22,458.35,480.0,482.3,447.1,518840.0
629558,2021-08-31,365.2,357.2,368.9,357.2,937219.0
629558,2021-11-24,465.25,465.6,475.9,461.55,284564.0
629558,2021-11-15,484.7,489.7,492.0,477.0,526289.0
629558,2022-01-11,569.75,573.95,588.5,562.4,2471705.0
629558,2021-12-13,447.65,439.5,451.95,438.8,691392.0
629558,2022-01-17,573.05,574.9,583.95,570.0,446500.0
629558,2021-12-21,425.2,424.35,438.8,419.15,549808.0
629558,2022-01-31,510.35,507.0,522.5,505.45,476827.0
629558,2021-12-31,491.45,496.95,509.95,482.55,793987.0
629558,2022-02-08,489.1,494.0,498.35,479.2,330745.0
629558,2022-01-06,516.4,513.05,534.5,509.0,1167029.0
629558,2022-04-28,479.3,471.0,491.0,470.0,656139.0
629558,2022-01-12,563.85,573.0,585.75,556.85,1260002.0
629558,2022-05-12,400.95,415.0,417.8,396.2,713020.0
629558,2022-06-15,445.3,433.0,450.0,433.0,408250.0
629558,2022-02-18,448.4,451.05,465.55,443.25,1673830.0
629558,2022-02-21,440.65,444.6,448.0,432.0,335678.0
629558,2022-06-23,464.45,460.9,473.0,460.5,323715.0
629558,2022-03-08,476.3,479.7,484.8,458.1,759976.0
629558,2022-07-06,510.55,505.9,516.9,505.65,1206545.0
629558,2022-03-09,479.9,481.0,486.55,473.4,338862.0
629558,2022-03-16,470.15,465.45,474.4,459.7,370844.0
629558,2022-05-24,433.85,439.95,443.0,425.55,438565.0
629558,2022-06-08,474.8,461.75,478.9,456.15,1236920.0
629558,2022-06-28,493.35,503.6,508.4,490.0,943127.0
629558,2022-07-11,507.05,498.05,512.1,498.05,544280.0
629558,2022-07-20,528.8,536.0,539.0,525.15,343877.0
629558,2021-01-06,347.3,356.0,358.0,344.05,250054.0
629558,2021-03-05,341.8,345.05,346.75,338.05,113999.0
629558,2021-03-09,320.5,335.0,338.8,315.8,172730.0
629558,2021-03-15,337.1,333.85,341.0,325.55,214255.0
629558,2021-04-22,277.85,276.0,284.4,273.75,351549.0
629558,2021-08-04,401.9,409.65,409.65,395.4,886110.0
629558,2021-08-18,377.75,375.5,385.55,373.0,381920.0
629558,2021-09-02,376.6,375.95,384.0,372.0,1658751.0
629558,2021-11-09,488.5,479.75,494.0,476.4,531527.0
629558,2021-12-03,426.95,435.25,440.0,421.65,281700.0
629558,2021-12-14,442.5,441.35,447.0,436.6,276507.0
629558,2021-12-15,454.6,441.8,463.0,440.35,930419.0
629558,2021-12-20,420.45,431.0,431.0,410.0,359389.0
629558,2021-12-30,496.15,467.0,498.4,464.0,1700059.0
629558,2022-01-25,507.55,490.0,526.45,486.0,784760.0
629558,2022-03-23,435.6,446.0,455.0,432.0,302859.0
629558,2022-03-29,449.7,449.0,454.4,440.75,436593.0
629558,2022-03-30,443.65,451.9,460.0,438.25,403269.0
629558,2022-04-27,473.5,470.7,482.05,455.25,1060210.0
629558,2022-05-04,449.7,472.2,477.5,445.55,379700.0
629558,2022-06-30,496.55,486.0,499.0,486.0,510053.0
629558,2022-07-21,530.6,526.1,534.7,521.65,295151.0
629558,2021-01-05,355.45,351.0,359.0,343.0,266251.0
629558,2021-01-20,371.65,375.0,378.55,368.0,201402.0
629558,2021-02-03,352.1,351.2,360.0,347.9,166557.0
629558,2021-02-04,348.7,352.1,360.8,344.65,214097.0
629558,2021-02-09,369.2,369.45,379.85,364.8,332836.0
629558,2021-04-12,271.35,282.5,282.85,267.4,311065.0
629558,2021-04-15,280.85,290.95,290.95,277.6,169253.0
629558,2021-05-04,261.45,266.3,266.3,260.2,353525.0
629558,2021-06-30,294.05,304.25,305.0,292.05,735774.0
629558,2021-07-06,302.65,303.3,310.0,300.35,672096.0
629558,2021-09-15,425.5,417.25,442.7,413.2,5119924.0
629558,2021-09-29,467.95,479.6,480.9,465.0,4294204.0
629558,2021-12-07,439.45,431.25,445.0,431.25,268848.0
629558,2021-12-29,479.5,488.5,494.4,466.85,1263312.0
629558,2022-01-13,560.6,568.4,571.2,556.3,506291.0
629558,2022-01-21,540.0,556.0,567.85,534.0,586075.0
629558,2022-03-14,474.95,478.0,483.3,469.0,202178.0
629558,2022-03-22,442.9,447.5,448.7,439.65,232659.0
629558,2022-04-04,492.55,487.15,503.0,476.2,832019.0
629558,2022-04-11,479.85,491.9,494.0,472.35,998835.0
629558,2022-04-19,477.8,478.7,491.25,468.75,849521.0
629558,2022-06-29,488.9,486.0,494.45,482.95,369735.0
629558,2022-07-04,506.15,513.5,521.05,502.1,1541365.0
629558,2022-07-22,524.15,529.7,533.0,521.5,243251.0
629558,2021-01-25,344.5,363.0,369.0,342.05,151506.0
629558,2021-02-01,344.45,323.25,349.05,319.4,276461.0
629558,2021-02-02,352.1,350.0,354.9,340.2,228052.0
629558,2021-03-03,354.2,365.0,365.0,350.0,169009.0
629558,2021-03-31,280.4,277.95,283.45,274.25,317528.0
629558,2021-04-01,281.25,289.9,298.75,278.2,1041026.0
629558,2021-04-26,278.2,281.0,282.9,274.85,199756.0
629558,2021-05-06,251.0,258.8,258.8,250.05,254877.0
629558,2021-05-11,266.75,265.5,269.9,261.55,284180.0
629558,2021-05-20,259.9,262.0,265.5,255.95,736159.0
629558,2021-06-15,301.3,302.9,305.65,299.0,360112.0
629558,2021-07-01,298.9,302.0,303.0,297.05,585963.0
629558,2021-07-23,378.1,372.0,386.4,368.2,3158847.0
629558,2021-08-24,352.75,342.1,358.8,338.05,786445.0
629558,2021-09-07,381.65,387.9,389.7,379.15,1537951.0
629558,2021-10-20,468.4,485.25,488.7,465.0,472780.0
629558,2021-11-26,441.25,464.2,468.6,431.0,388343.0
629558,2021-12-22,439.95,424.95,447.0,424.85,465986.0
629558,2022-01-18,549.85,575.0,589.9,535.1,1265711.0
629558,2022-02-07,493.35,522.95,526.05,488.65,580273.0
629558,2022-02-10,474.35,482.0,489.8,471.15,321451.0
629558,2022-03-02,479.95,477.1,482.75,470.75,276363.0
629558,2022-03-15,462.35,473.0,474.0,458.1,366706.0
629558,2022-03-25,418.55,426.6,431.0,413.0,422738.0
629558,2022-05-13,389.3,403.0,409.8,382.55,709805.0
629558,2022-05-18,435.1,442.25,446.05,429.4,351847.0
629558,2022-05-20,444.3,424.9,452.05,424.9,873748.0
629558,2022-06-02,452.35,443.4,456.0,441.65,529187.0
629558,2022-06-06,462.25,455.45,470.0,448.45,926813.0
629558,2022-06-10,468.1,465.0,478.0,460.05,1279699.0
629558,2022-06-22,460.75,476.15,477.85,454.55,353936.0
629558,2022-07-07,514.65,509.6,520.0,509.1,664538.0
629558,2022-07-12,506.7,500.05,510.5,499.0,799217.0
629558,2021-01-14,383.25,385.0,394.0,378.0,367517.0
629558,2021-01-19,376.7,368.05,380.0,367.15,455209.0
629558,2021-01-21,362.6,371.95,375.0,357.4,165413.0
629558,2021-02-24,343.25,346.5,357.95,336.0,118614.0
629558,2021-05-17,256.05,268.0,268.0,255.0,283428.0
629558,2021-05-25,262.4,266.0,268.8,260.25,968343.0
629558,2021-07-07,306.95,303.0,309.65,303.0,467805.0
629558,2021-07-27,375.2,380.4,382.7,368.95,650599.0
629558,2021-08-17,376.35,377.5,379.95,365.2,435125.0
629558,2021-10-01,484.55,479.0,495.5,477.1,1376973.0
629558,2021-11-18,478.1,478.5,485.85,468.5,512661.0
629558,2021-12-27,482.25,444.0,488.0,438.6,2183107.0
629558,2022-02-03,527.0,517.8,534.9,514.1,607093.0
629558,2022-05-27,436.35,442.45,453.45,430.6,596166.0
629558,2022-06-09,477.55,474.7,483.25,467.1,814333.0
629558,2022-06-14,431.2,425.15,437.9,422.0,640285.0
629558,2022-07-08,507.95,514.7,518.65,504.1,653459.0
629558,2022-07-13,503.15,505.0,514.9,500.0,1481653.0
629558,2021-01-08,366.3,360.0,371.45,357.2,456165.0
629558,2021-01-13,382.25,383.1,385.0,370.2,321170.0
629558,2021-03-12,331.25,332.7,342.5,328.0,315776.0
629558,2021-03-25,291.35,302.9,308.75,289.0,195645.0
629558,2021-04-13,290.55,270.0,298.0,268.1,326312.0
629558,2021-04-16,280.85,280.85,283.35,279.0,153146.0
629558,2021-05-27,285.1,272.0,288.0,268.1,4141132.0
629558,2021-06-09,301.0,307.0,319.0,292.7,1216108.0
629558,2021-06-21,303.05,282.05,311.95,282.0,675323.0
629558,2021-07-22,369.1,363.5,376.85,363.05,2091635.0
629558,2021-08-16,378.7,381.4,386.0,375.05,311966.0
629558,2021-08-25,356.0,352.75,359.4,350.5,376330.0
629558,2021-09-01,376.95,366.9,380.0,362.75,2807568.0
629558,2021-09-23,490.6,469.1,501.0,466.0,5292626.0
629558,2021-10-06,476.6,492.4,496.25,471.0,734457.0
629558,2021-10-21,469.9,471.0,479.85,462.0,579526.0
629558,2021-11-17,480.4,494.9,501.0,472.85,523915.0
629558,2022-01-28,506.0,508.7,523.0,500.15,628445.0
629558,2022-02-17,453.0,457.0,463.7,450.25,1205471.0
629558,2022-03-04,488.75,488.5,499.9,482.85,1170295.0
629558,2022-04-01,487.5,430.0,499.95,430.0,1561356.0
629558,2022-04-29,481.25,475.0,489.3,472.45,636334.0
629558,2022-05-06,437.65,441.8,444.7,435.0,318762.0
629558,2022-06-16,438.15,450.0,455.9,431.25,450786.0
629558,2021-01-22,351.2,360.0,364.85,347.1,154006.0
629558,2021-02-22,348.0,348.6,354.35,345.1,106893.0
629558,2021-02-23,344.7,347.5,354.0,341.0,125865.0
629558,2021-03-26,292.7,297.95,306.95,289.55,280920.0
629558,2021-05-03,264.25,267.65,268.5,262.05,328133.0
629558,2021-06-02,289.5,279.75,293.95,278.95,988293.0
629558,2021-07-09,332.2,310.9,337.0,309.25,5377840.0
629558,2021-07-13,358.9,363.5,379.2,353.85,6126054.0
629558,2021-08-26,350.3,354.0,359.0,347.0,335498.0
629558,2021-08-30,357.1,360.05,364.85,352.6,504162.0
629558,2021-09-30,481.65,473.7,491.95,473.7,1902992.0
629558,2021-10-12,504.1,512.0,512.5,496.0,1301633.0
629558,2021-10-18,497.45,514.0,514.7,494.6,1089668.0
629558,2021-11-08,480.5,488.5,490.7,477.0,402219.0
629558,2021-12-09,440.15,448.7,451.0,432.85,280767.0
629558,2022-02-02,515.9,518.7,522.95,512.25,378659.0
629558,2022-02-14,451.75,458.05,465.55,442.25,810949.0
629558,2022-05-17,443.2,406.0,449.0,401.3,730329.0
629558,2022-05-19,419.3,420.0,432.0,410.55,789855.0
629558,2022-05-31,452.5,421.65,459.5,421.65,869637.0
629558,2022-06-20,458.45,457.0,465.95,429.5,1323794.0
629558,2021-01-15,373.1,381.85,382.75,365.05,196108.0
629558,2021-02-15,367.5,384.8,386.9,359.15,233753.0
629558,2021-02-18,359.2,363.0,363.0,355.3,129507.0
629558,2021-03-01,350.1,360.0,360.0,348.05,123912.0
629558,2021-03-10,328.65,323.8,331.05,321.3,125485.0
629558,2021-04-08,289.5,284.8,291.0,284.8,210393.0
629558,2021-05-26,272.4,263.9,278.0,261.5,2221299.0
629558,2021-06-16,296.0,302.3,304.3,293.2,255327.0
629558,2021-07-05,301.15,301.6,305.9,298.85,339450.0
629558,2021-07-08,310.9,308.0,313.75,304.0,607330.0
629558,2021-08-13,381.95,379.0,388.0,375.9,804310.0
629558,2021-10-05,493.75,484.5,497.7,480.4,787353.0
629558,2021-10-08,496.75,499.0,508.7,486.0,1886963.0
629558,2021-10-26,466.85,438.1,474.95,438.0,501743.0
629558,2021-11-02,477.7,473.0,484.0,468.6,985389.0
629558,2021-11-12,487.9,483.0,493.0,476.7,916535.0
629558,2021-12-08,447.05,442.7,454.2,440.05,285909.0
629558,2022-02-04,523.6,531.95,545.0,520.15,433893.0
629558,2022-02-15,449.3,454.0,467.95,445.3,516467.0
629558,2022-02-24,444.7,427.0,453.0,412.0,2994645.0
629558,2022-02-28,486.05,479.85,496.0,471.05,553199.0
629558,2022-03-24,423.9,430.0,434.7,420.1,510798.0
629558,2022-04-22,491.15,494.2,501.0,481.8,1212726.0
629558,2022-05-09,444.9,434.0,452.45,425.0,574566.0
629558,2022-05-25,432.45,430.7,441.65,428.15,510162.0
629558,2021-01-28,323.9,337.0,339.0,320.25,410985.0
629558,2021-02-16,360.75,367.5,374.35,355.5,180131.0
629558,2021-02-25,348.5,348.0,351.8,345.5,147553.0
629558,2021-04-06,283.05,278.1,287.75,277.15,396319.0
629558,2021-04-23,278.6,277.0,281.8,275.05,110519.0
629558,2021-04-30,266.85,270.5,273.0,265.0,580669.0
629558,2021-05-10,268.35,255.2,274.0,255.2,683903.0
629558,2021-06-03,300.35,291.0,307.5,288.25,1927771.0
629558,2021-06-07,302.9,304.55,310.7,300.0,765525.0
629558,2021-06-24,297.7,300.2,303.85,294.6,284817.0
629558,2021-06-25,300.85,297.9,304.95,296.2,301893.0
629558,2021-07-14,359.45,355.0,363.45,352.25,1055646.0
629558,2021-08-05,401.7,398.0,405.15,387.55,830540.0
629558,2021-09-06,385.3,377.75,387.55,373.95,2693434.0
629558,2021-10-27,464.2,467.0,478.8,459.0,505519.0
629558,2022-01-03,501.85,492.0,504.0,484.85,635180.0
629558,2022-01-05,514.45,495.3,519.7,492.2,1733116.0
629558,2022-01-27,502.35,497.75,514.95,490.2,640488.0
629558,2022-03-21,445.35,472.75,472.75,442.1,477712.0
629558,2022-03-28,449.65,418.1,472.0,413.25,1171249.0
629558,2022-04-07,480.05,479.9,490.9,473.1,754318.0
629558,2022-04-13,462.2,478.0,481.9,458.55,748648.0
629558,2022-04-20,490.95,477.85,504.5,476.1,1148645.0
629558,2022-05-11,419.5,439.8,444.8,400.0,804991.0
629558,2022-05-23,440.6,441.8,456.35,434.65,428539.0
629558,2022-06-13,430.8,462.8,462.8,425.5,1312929.0
629558,2022-06-21,476.15,461.9,479.8,459.25,440198.0
629558,2022-07-05,505.25,510.0,515.0,503.5,596264.0
629558,2021-01-04,352.8,357.8,357.8,345.0,434954.0
629558,2021-01-07,356.8,368.0,369.0,351.1,626156.0
629558,2021-02-05,347.45,349.0,352.4,342.25,138886.0
629558,2021-02-10,372.6,370.2,378.8,367.3,189851.0
629558,2021-03-08,333.75,344.5,345.8,332.05,151736.0
629558,2021-03-22,315.3,322.0,323.25,312.8,349149.0
629558,2021-04-20,275.45,277.8,281.4,272.2,141990.0
629558,2021-05-05,257.1,261.5,265.0,256.0,321848.0
629558,2021-05-14,265.25,273.5,274.45,262.55,261900.0
629558,2021-05-19,259.35,255.1,262.1,255.1,528388.0
629558,2021-05-28,290.65,287.2,297.25,283.25,1576238.0
629558,2021-06-08,306.9,304.0,314.7,299.0,878873.0
629558,2021-06-11,306.55,313.0,315.65,303.0,481259.0
629558,2021-06-14,300.65,307.85,309.25,294.3,302954.0
629558,2021-06-22,300.25,302.0,314.0,294.05,924715.0
629558,2021-07-19,367.3,362.0,373.85,360.3,1204788.0
629558,2021-09-16,439.3,437.0,449.0,426.75,3765738.0
629558,2021-09-22,464.5,448.9,473.9,443.15,3246397.0
629558,2021-10-14,509.55,503.8,512.0,499.0,817599.0
629558,2021-10-29,460.45,460.0,472.0,451.45,391689.0
629558,2021-11-29,416.25,440.0,440.0,410.55,549438.0
629558,2021-12-01,428.45,435.15,441.0,425.25,321263.0
629558,2021-12-17,437.75,450.9,452.5,433.5,305366.0
629558,2022-02-22,424.4,430.0,435.05,419.25,446802.0
629558,2022-02-23,443.85,430.0,453.55,430.0,444235.0
629558,2022-03-17,469.75,479.9,482.5,465.75,377008.0
629558,2022-04-18,482.05,458.0,492.75,455.1,2186839.0
629558,2022-05-02,475.1,473.15,485.8,468.85,575991.0
629558,2022-05-26,440.6,431.95,444.0,420.5,455365.0
629558,2022-06-27,502.0,486.5,504.6,486.45,443059.0
629558,2022-07-15,507.0,503.55,510.7,502.1,214511.0
629558,2022-07-25,515.2,522.95,524.6,510.85,255378.0
629558,2021-02-19,348.6,360.9,363.1,344.5,156212.0
629558,2021-03-04,348.6,354.0,361.0,344.3,193410.0
629558,2021-04-05,275.65,281.7,282.35,270.1,195885.0
629558,2021-04-09,287.7,289.9,293.35,284.35,155973.0
629558,2021-04-19,276.35,281.6,285.65,251.65,198730.0
629558,2021-05-12,273.05,266.0,279.7,265.55,529482.0
629558,2021-05-31,286.85,286.0,291.9,281.85,681896.0
629558,2021-07-02,298.35,299.05,302.7,295.95,313141.0
629558,2021-07-15,372.55,361.25,377.8,353.3,2368757.0
629558,2021-07-16,366.9,371.8,376.9,363.2,1854888.0
629558,2021-08-03,406.1,405.0,414.95,401.25,1838253.0
629558,2021-09-21,448.45,437.6,453.5,427.25,3259363.0
629558,2021-11-10,479.6,484.8,487.35,475.2,276734.0
629558,2021-11-16,495.0,483.85,504.0,479.05,613806.0
629558,2022-01-04,497.65,502.3,506.0,491.5,358115.0
629558,2022-01-14,570.7,554.05,576.65,552.6,580493.0
629558,2022-01-24,498.35,538.95,546.0,488.3,923243.0
629558,2022-02-25,484.5,450.0,490.0,450.0,2213104.0
629558,2022-04-12,474.7,485.0,493.4,470.0,997826.0
629558,2022-08-05,505.1,509.5,517.0,501.7,230161.0
629558,2022-07-26,499.55,512.9,515.5,492.25,260659.0
629558,2022-08-10,477.45,494.7,494.7,472.25,291142.0
629558,2022-10-19,380.0,387.5,390.0,377.6,222240.0
629558,2022-08-26,460.3,463.0,465.5,457.25,120872.0
629558,2022-07-27,504.95,494.95,508.5,490.8,270043.0
629558,2022-08-12,474.0,483.0,483.95,471.0,347167.0
629558,2022-08-01,523.9,519.0,532.6,515.3,210901.0
629558,2022-09-28,413.3,406.7,417.6,406.7,186678.0
629558,2022-10-20,377.85,377.0,387.2,376.0,193322.0
629558,2022-12-07,389.15,391.6,393.95,386.1,181389.0
629558,2022-12-13,371.65,374.9,375.85,367.5,152295.0
629558,2023-03-13,304.55,308.0,308.7,300.05,88366.0
629558,2023-04-17,297.05,296.75,302.0,293.55,127550.0
629558,2023-04-25,300.2,301.9,304.25,296.55,163825.0
629558,2023-05-10,312.3,312.15,314.8,309.05,94205.0
629558,2023-05-17,299.7,307.65,309.25,297.4,132106.0
629558,2023-07-05,284.1,284.3,285.45,280.95,430751.0
629558,2023-07-14,359.0,338.0,362.9,338.0,3689261.0
629558,2023-07-19,372.4,372.15,378.45,367.15,517717.0
629558,2022-08-11,477.2,480.9,483.6,474.05,339759.0
629558,2022-08-16,473.45,475.95,478.65,470.05,235144.0
629558,2022-08-18,479.05,476.85,481.2,476.6,302740.0
629558,2022-08-25,461.25,465.9,467.3,458.0,206656.0
629558,2022-09-19,447.1,451.95,457.55,445.9,141496.0
629558,2022-09-27,412.9,424.0,424.0,410.0,146053.0
629558,2022-11-04,395.65,389.4,398.45,386.65,128626.0
629558,2022-11-11,388.15,384.0,394.65,384.0,160070.0
629558,2023-01-02,342.5,330.8,349.4,327.05,319751.0
629558,2023-02-09,331.35,332.0,333.95,330.1,136096.0
629558,2023-02-22,308.9,315.1,319.55,306.1,133217.0
629558,2023-06-02,281.95,284.25,285.4,281.05,105550.0
629558,2023-06-07,284.15,287.0,287.3,283.15,253991.0
629558,2023-06-28,281.75,282.65,282.65,279.15,246727.0
629558,2023-07-06,298.5,286.9,302.15,284.8,5172929.0
629558,2023-07-13,334.55,332.85,358.0,330.7,4307926.0
629558,2023-07-17,377.75,360.25,384.85,360.25,3148661.0
629558,2023-08-21,367.35,369.4,381.7,365.0,243431.0
629558,2022-08-22,465.2,467.85,469.95,459.5,134076.0
629558,2022-08-30,477.2,471.6,483.4,471.6,319286.0
629558,2022-09-06,472.35,476.25,478.0,469.9,160329.0
629558,2022-09-16,453.55,462.5,464.5,450.0,225855.0
629558,2023-02-02,348.45,343.7,352.0,341.3,179099.0
629558,2023-02-16,325.65,312.7,328.8,312.7,240958.0
629558,2023-02-23,310.15,306.55,312.15,305.9,140915.0
629558,2023-04-05,290.55,293.5,294.95,288.15,128610.0
629558,2023-05-15,309.65,311.0,316.95,306.7,374467.0
629558,2023-07-03,283.2,285.0,285.65,282.2,350253.0
629558,2023-08-18,369.45,371.95,377.1,366.9,207335.0
629558,2022-07-28,515.2,507.4,518.6,505.05,287452.0
629558,2022-10-28,378.45,377.1,382.8,371.5,217105.0
629558,2022-11-01,399.15,391.0,403.35,387.5,348875.0
629558,2022-11-15,398.7,398.0,401.55,392.4,257953.0
629558,2022-11-24,390.65,389.9,396.9,388.2,121982.0
629558,2023-01-27,343.45,363.7,364.15,340.2,192522.0
629558,2023-02-03,346.8,350.2,354.5,340.0,135678.0
629558,2022-11-30,404.45,398.2,407.4,397.8,253264.0
629558,2023-02-10,330.0,328.45,331.95,328.45,126775.0
629558,2022-12-15,369.6,373.0,374.9,367.5,132740.0
629558,2023-04-24,300.3,302.05,304.8,294.5,121244.0
629558,2022-12-19,362.55,369.95,370.8,361.0,129446.0
629558,2023-05-04,302.3,300.65,304.85,298.35,132296.0
629558,2022-12-21,352.95,361.2,365.45,350.0,207998.0
629558,2023-05-12,309.9,311.75,313.15,309.1,77061.0
629558,2022-12-27,335.4,339.7,344.45,334.05,254769.0
629558,2023-05-16,307.8,310.0,312.2,306.1,140407.0
629558,2023-01-10,355.95,355.9,359.4,350.65,649956.0
629558,2023-06-01,282.8,281.05,284.95,280.8,130263.0
629558,2023-01-20,367.25,368.3,373.8,364.65,123011.0
629558,2023-07-25,366.75,372.05,374.0,365.0,240179.0
629558,2023-01-24,376.9,370.4,379.2,369.0,311819.0
629558,2023-02-01,343.8,359.9,369.75,340.3,452877.0
629558,2023-03-16,298.7,303.0,303.85,298.5,53993.0
629558,2023-04-12,294.7,300.0,301.0,292.35,75842.0
629558,2023-05-19,295.7,298.3,298.9,295.0,71004.0
629558,2023-06-05,283.9,284.05,288.05,282.05,193259.0
629558,2023-06-08,286.25,286.9,288.2,283.8,516580.0
629558,2023-06-27,279.35,282.3,285.0,278.4,342650.0
629558,2023-08-14,362.85,369.95,369.95,355.3,398426.0
629558,2022-09-08,461.4,454.75,464.4,454.05,256971.0
629558,2022-09-23,416.4,430.0,432.45,413.0,336960.0
629558,2022-10-04,415.45,415.0,419.45,409.3,302482.0
629558,2022-11-22,389.4,391.2,399.0,386.5,291749.0
629558,2022-12-06,389.95,390.95,394.3,387.05,265941.0
629558,2022-12-12,372.75,376.6,378.25,368.0,169920.0
629558,2023-01-04,340.15,345.0,345.3,336.95,249729.0
629558,2023-01-11,355.8,354.9,358.0,353.25,633541.0
629558,2023-02-27,303.8,309.0,309.6,300.7,73624.0
629558,2023-03-09,304.85,306.35,308.45,304.0,67047.0
629558,2023-03-15,304.5,303.2,309.9,302.0,120290.0
629558,2023-03-23,298.75,300.0,300.0,296.0,43306.0
629558,2023-06-22,275.4,280.0,281.95,271.5,389317.0
629558,2023-08-03,365.55,370.4,370.4,360.0,243518.0
629558,2023-08-07,370.3,367.7,373.8,366.15,157737.0
629558,2023-08-16,362.25,362.85,374.0,359.9,491524.0
629558,2022-09-14,468.1,460.0,471.35,460.0,178221.0
629558,2022-08-03,507.6,510.0,512.0,500.1,247784.0
629558,2022-10-17,389.9,395.0,398.45,388.05,143788.0
629558,2022-10-31,389.35,380.35,393.45,373.35,262812.0
629558,2022-12-01,405.55,406.65,412.75,398.8,295409.0
629558,2022-10-25,370.75,382.95,383.5,368.45,156608.0
629558,2022-12-26,339.7,330.7,346.0,329.9,152206.0
629558,2022-11-02,394.6,397.95,403.45,390.5,166766.0
629558,2023-02-13,321.6,327.05,331.5,320.0,129483.0
629558,2022-11-10,393.65,393.7,399.95,381.75,157074.0
629558,2023-02-14,308.6,318.4,323.25,307.05,224096.0
629558,2022-12-14,372.35,371.65,378.0,371.2,157101.0
629558,2023-03-03,309.6,306.7,315.0,305.2,187768.0
629558,2022-12-20,359.55,362.0,365.35,355.6,126448.0
629558,2022-12-22,346.0,354.7,358.0,343.0,131214.0
629558,2023-03-20,298.6,311.0,312.5,295.0,99057.0
629558,2023-03-22,298.8,300.4,301.5,296.5,95540.0
629558,2022-12-28,332.3,334.95,339.95,330.0,199765.0
629558,2023-04-18,297.85,297.65,299.75,295.3,149568.0
629558,2023-01-16,363.8,364.85,368.8,361.55,349179.0
629558,2023-04-19,302.1,299.35,308.0,296.3,342358.0
629558,2023-02-21,317.4,315.0,323.7,313.55,162177.0
629558,2023-05-03,299.45,300.8,301.15,298.25,89544.0
629558,2023-03-17,299.55,300.45,301.55,297.0,87898.0
629558,2023-05-09,311.85,315.75,317.8,308.0,169167.0
629558,2023-03-21,298.95,299.3,300.85,297.25,52865.0
629558,2023-05-31,281.2,288.0,288.5,279.8,133533.0
629558,2023-04-03,295.7,287.0,298.0,286.05,241903.0
629558,2023-06-06,285.0,287.0,287.45,284.0,177368.0
629558,2023-05-18,297.45,301.6,303.9,296.0,106949.0
629558,2023-06-21,280.0,283.95,287.75,279.2,362570.0
629558,2023-07-04,282.0,284.95,284.95,276.8,314444.0
629558,2023-07-31,363.1,363.05,371.55,361.3,362934.0
629558,2023-08-11,370.3,374.9,377.45,365.65,332984.0
629558,2023-08-02,368.85,367.0,374.85,360.8,375511.0
629558,2023-08-09,388.45,391.0,396.15,385.2,503122.0
629558,2022-08-08,495.55,503.5,503.8,491.0,372735.0
629558,2022-09-15,462.55,470.35,470.35,458.55,195604.0
629558,2022-07-29,518.25,518.25,524.2,505.9,299233.0
629558,2022-08-23,464.8,462.0,469.9,460.0,211550.0
629558,2022-11-25,393.65,390.65,396.7,390.15,337786.0
629558,2022-12-08,383.9,391.0,391.7,382.0,154751.0
629558,2022-12-09,376.6,385.15,389.5,374.0,165107.0
629558,2023-01-09,353.75,351.95,358.0,350.5,299844.0
629558,2023-01-12,356.6,357.6,362.9,353.1,258628.0
629558,2023-01-19,368.15,367.8,373.4,365.0,300027.0
629558,2023-02-07,335.45,341.0,343.95,333.35,129781.0
629558,2023-02-20,319.0,321.6,331.4,316.1,139354.0
629558,2023-04-13,296.75,295.25,297.65,292.3,38607.0
629558,2023-04-28,303.0,300.1,305.75,298.2,147946.0
629558,2023-06-09,285.2,288.0,289.95,284.2,231328.0
629558,2023-07-24,369.35,377.85,382.45,367.0,1059828.0
629558,2023-07-27,356.9,354.0,363.6,353.25,409977.0
629558,2022-08-04,512.25,509.95,514.8,496.0,286066.0
629558,2022-08-02,509.75,522.0,524.7,505.5,285643.0
629558,2022-09-30,419.3,415.0,425.45,410.1,301144.0
629558,2022-10-03,411.05,419.3,422.8,405.5,235276.0
629558,2022-10-12,399.1,402.45,403.9,384.25,291079.0
629558,2022-10-14,397.15,399.8,402.6,393.5,128414.0
629558,2022-10-21,369.0,378.0,382.8,360.4,369582.0
629558,2022-11-23,388.8,390.65,397.0,387.05,116562.0
629558,2023-01-05,347.8,341.0,350.0,338.6,515594.0
629558,2023-01-13,364.1,357.85,365.9,355.4,269995.0
629558,2023-01-30,339.0,342.8,349.5,332.55,176492.0
629558,2023-01-31,365.75,336.05,371.4,326.7,369576.0
629558,2023-02-24,309.75,311.75,313.5,306.1,43436.0
629558,2023-03-02,307.5,312.7,320.6,303.25,561118.0
629558,2023-03-31,284.7,271.1,291.5,271.1,589276.0
629558,2023-04-06,296.75,292.1,299.5,289.15,123711.0
629558,2023-05-05,307.3,301.0,310.0,300.0,198287.0
629558,2023-05-24,293.45,297.7,297.7,292.0,90243.0
629558,2023-06-12,281.6,286.0,287.75,279.15,230238.0
629558,2023-06-16,283.55,283.5,284.9,281.9,291250.0
629558,2023-07-26,353.15,367.35,371.95,351.0,404092.0
629558,2023-08-10,371.8,386.8,386.85,370.0,609636.0
629558,2023-08-22,364.85,369.95,371.1,364.0,623282.0
629558,2022-08-17,476.65,475.7,483.95,472.5,225915.0
629558,2022-09-05,473.95,476.0,479.9,472.0,135021.0
629558,2022-09-22,429.2,453.9,457.95,425.6,378279.0
629558,2022-10-11,400.4,408.85,413.7,398.0,184933.0
629558,2022-11-17,396.45,388.9,400.0,385.6,170362.0
629558,2022-11-29,398.2,396.0,403.75,395.5,403000.0
629558,2022-12-02,399.4,405.65,407.55,396.0,428132.0
629558,2023-01-23,368.7,367.15,372.9,366.5,127605.0
629558,2023-02-08,333.9,334.0,337.15,328.65,144590.0
629558,2023-03-29,272.95,274.1,278.8,271.5,206472.0
629558,2023-04-10,295.25,298.2,301.9,293.5,237318.0
629558,2023-04-11,298.45,300.0,302.0,296.5,169384.0
629558,2023-04-27,298.6,300.0,301.1,296.45,115389.0
629558,2023-05-11,311.8,313.8,313.85,308.0,108101.0
629558,2023-06-13,281.45,284.6,284.6,281.0,234461.0
629558,2023-06-19,283.6,284.9,285.5,282.55,235976.0
629558,2023-07-20,374.0,373.0,376.85,363.05,742857.0
629558,2023-08-17,371.2,363.3,382.0,363.25,854897.0
629558,2022-09-26,419.85,420.0,423.9,412.3,184962.0
629558,2022-10-06,417.35,418.2,427.65,416.5,248282.0
629558,2022-10-24,381.65,369.0,385.0,369.0,102917.0
629558,2022-10-27,378.7,372.6,384.4,363.6,409962.0
629558,2023-02-06,341.0,337.6,349.85,337.6,140084.0
629558,2023-03-01,306.0,301.0,309.45,300.65,64324.0
629558,2023-06-14,279.9,282.9,283.95,279.0,495548.0
629558,2023-06-26,280.9,276.75,282.0,272.45,230547.0
629558,2022-08-24,463.15,463.0,469.85,460.2,250261.0
629558,2022-09-01,472.55,478.9,483.2,468.65,191869.0
629558,2022-11-16,391.3,400.0,401.0,387.25,340451.0
629558,2022-12-29,334.3,331.8,338.35,330.85,258271.0
629558,2023-03-10,304.35,303.85,305.9,301.1,67991.0
629558,2023-03-28,276.3,288.0,291.6,273.45,216581.0
629558,2023-04-21,297.6,300.2,300.2,294.2,85488.0
629558,2023-05-22,294.45,295.7,306.7,291.5,62816.0
629558,2023-06-30,281.8,286.5,286.5,281.05,349475.0
629558,2023-07-11,322.25,321.15,327.25,317.1,911064.0
629558,2023-07-18,370.65,380.0,380.3,366.0,1040235.0
629558,2023-08-23,365.65,366.65,367.4,364.3,36293.0
629558,2022-08-29,471.4,450.0,474.85,450.0,377656.0
629558,2022-09-09,459.1,464.8,471.7,456.0,293027.0
629558,2022-09-20,452.55,449.65,460.6,447.85,183411.0
629558,2022-09-21,453.65,450.0,458.0,450.0,159630.0
629558,2022-09-29,415.0,416.0,425.0,410.3,289437.0
629558,2022-11-14,396.0,390.1,399.0,390.0,159800.0
629558,2022-11-28,396.1,393.65,399.9,392.75,470661.0
629558,2023-01-18,369.85,373.5,375.0,366.2,492147.0
629558,2023-01-25,364.2,375.0,375.0,360.2,127752.0
629558,2023-03-24,293.45,298.85,298.9,292.75,70072.0
629558,2023-04-20,298.75,307.4,307.4,296.4,159198.0
629558,2023-05-23,296.85,295.5,298.65,291.7,125846.0
629558,2023-05-26,294.2,292.75,295.65,291.0,71081.0
629558,2023-05-30,286.4,288.0,289.65,284.5,165091.0
629558,2023-07-12,330.2,323.9,331.75,321.5,604659.0
629558,2023-08-01,367.65,366.35,370.0,360.05,250743.0
629558,2023-08-04,365.9,366.55,369.5,362.5,174155.0
629558,2022-08-19,468.95,481.4,484.0,466.0,181928.0
629558,2022-09-07,451.2,469.85,474.2,446.35,700706.0
629558,2022-10-18,385.7,391.85,399.0,381.6,411625.0
629558,2022-11-07,399.7,397.0,401.8,396.0,160877.0
629558,2022-11-21,390.65,392.95,397.0,388.1,130001.0
629558,2022-12-16,367.5,369.5,371.15,364.15,159182.0
629558,2022-12-23,329.05,340.75,343.15,315.0,192729.0
629558,2023-01-03,343.6,347.1,357.0,341.2,502557.0
629558,2023-01-06,349.2,348.8,350.0,344.45,548289.0
629558,2023-01-17,371.7,364.95,375.0,361.3,587239.0
629558,2023-02-15,311.15,298.05,313.45,298.05,173820.0
629558,2023-02-17,325.6,321.5,330.0,313.0,159671.0
629558,2023-02-28,301.0,305.35,306.0,297.8,92252.0
629558,2023-03-06,308.1,310.2,312.7,306.85,398331.0
629558,2023-03-08,307.6,310.0,310.0,302.45,117341.0
629558,2023-03-27,290.15,292.0,294.9,283.1,112066.0
629558,2023-05-02,299.55,305.0,307.7,298.6,157360.0
629558,2023-05-29,285.3,288.0,289.0,282.55,310023.0
629558,2023-06-20,282.85,285.0,285.0,282.0,164737.0
629558,2023-06-23,274.2,276.7,280.95,271.4,304450.0
629558,2023-08-08,390.5,371.0,395.0,368.05,2104859.0
629558,2022-09-02,474.15,475.9,481.95,471.8,123044.0
629558,2022-09-12,463.05,466.45,470.2,461.5,272446.0
629558,2022-09-13,466.95,474.0,479.7,462.5,409230.0
629558,2022-10-07,412.5,418.4,418.4,408.0,248064.0
629558,2022-10-10,407.45,408.95,411.9,405.0,143608.0
629558,2022-10-13,394.65,399.95,403.25,392.0,158225.0
629558,2022-11-03,389.95,391.75,396.5,387.0,142787.0
629558,2022-11-09,396.0,400.0,407.5,392.0,158658.0
629558,2022-11-18,395.35,397.4,403.9,390.85,194218.0
629558,2022-12-05,392.35,400.95,401.55,390.05,277533.0
629558,2022-12-30,329.8,335.3,339.55,327.3,539045.0
629558,2023-03-14,301.65,305.2,306.05,300.35,142608.0
629558,2023-04-26,298.95,301.4,301.4,296.65,76838.0
629558,2023-05-08,315.55,310.0,320.0,310.0,369137.0
629558,2023-05-25,291.25,293.45,293.55,290.0,83545.0
629558,2023-06-15,281.05,280.0,285.9,279.05,618536.0
629558,2023-07-07,334.55,304.5,341.95,300.25,19423690.0
629558,2023-07-10,320.85,332.45,334.4,317.65,1502991.0
629558,2023-07-21,377.05,372.9,386.9,365.0,723107.0
629558,2023-07-28,362.95,359.0,366.6,356.1,271751.0
