stockid,date,close,open,high,low,volume
315485,2021-01-07,57.65,57.7,58.5,57.1,1525989.0
315485,2021-01-05,58.35,57.2,59.35,56.35,2118401.0
315485,2021-02-05,51.8,52.8,52.9,51.65,923087.0
315485,2021-01-04,57.35,58.0,58.25,56.85,983656.0
315485,2021-02-01,53.4,54.1,54.65,53.0,1103513.0
315485,2021-01-06,57.35,58.7,59.0,57.0,1610225.0
315485,2021-01-11,57.0,56.55,58.0,56.55,816546.0
315485,2021-01-15,56.4,57.5,58.05,56.1,1282545.0
315485,2021-02-09,51.85,52.0,52.45,51.5,601071.0
315485,2021-02-11,52.1,52.1,52.8,51.85,615360.0
315485,2021-01-25,54.4,55.9,56.15,54.2,938932.0
315485,2021-02-02,53.5,54.0,54.7,52.5,1001366.0
315485,2021-01-08,57.3,58.0,58.4,57.15,1016633.0
315485,2021-01-21,56.55,56.3,57.5,56.25,1717084.0
315485,2021-01-22,55.7,56.5,57.15,55.55,883064.0
315485,2021-02-04,52.35,53.2,53.5,52.0,1213506.0
315485,2021-01-29,54.25,54.6,56.5,53.25,1773189.0
315485,2021-01-20,55.75,55.6,56.65,55.1,1685985.0
315485,2021-01-01,57.45,57.55,58.15,57.0,790600.0
315485,2021-01-12,56.75,57.1,57.5,56.55,829357.0
315485,2021-01-13,56.25,57.0,58.0,56.0,1055057.0
315485,2021-01-18,55.2,56.2,56.65,55.1,1030783.0
315485,2021-01-19,55.55,55.8,56.4,55.25,821565.0
315485,2021-02-10,52.05,52.5,52.65,51.55,778090.0
315485,2021-02-03,53.15,53.0,53.9,52.85,770028.0
315485,2021-02-08,52.25,51.65,52.7,51.3,1355637.0
315485,2021-01-14,56.6,56.45,57.4,55.9,789940.0
315485,2021-01-27,54.65,54.35,55.3,53.75,695547.0
315485,2021-01-28,54.1,53.9,55.55,53.65,634410.0
315485,2021-02-16,51.0,51.2,51.55,50.8,575315.0
315485,2021-05-06,77.5,79.8,80.3,76.9,2121116.0
315485,2021-03-03,58.75,57.7,60.6,56.15,8772133.0
315485,2021-03-08,61.25,59.9,62.7,59.35,3569534.0
315485,2021-05-10,76.35,77.25,78.25,76.05,2781549.0
315485,2021-03-15,59.55,62.2,62.3,58.5,2328852.0
315485,2021-06-10,77.25,76.9,78.45,76.6,2519216.0
315485,2021-06-14,76.2,78.0,78.25,75.6,1297797.0
315485,2021-03-30,57.7,57.0,58.0,56.5,1091116.0
315485,2021-06-23,73.55,75.0,75.35,73.4,1302949.0
315485,2021-06-15,76.5,76.65,77.8,75.65,1605006.0
315485,2021-06-29,74.35,74.95,75.3,74.05,829293.0
315485,2021-07-29,80.3,81.8,81.8,80.05,1215453.0
315485,2021-08-03,75.05,74.5,75.95,74.3,1290536.0
315485,2021-08-05,73.65,74.7,74.8,73.0,658011.0
315485,2021-08-13,68.05,68.5,68.95,67.6,716387.0
315485,2021-08-16,66.9,68.05,68.45,65.45,976853.0
315485,2021-02-19,52.95,51.95,54.25,51.55,2114995.0
315485,2021-02-24,51.8,52.05,52.4,51.05,346977.0
315485,2021-03-10,64.8,65.0,66.2,64.25,4220263.0
315485,2021-04-16,71.7,71.05,74.5,71.0,6914627.0
315485,2021-06-02,76.15,74.85,76.9,73.65,3135603.0
315485,2021-06-30,73.95,74.4,75.75,73.35,1601883.0
315485,2021-07-12,80.7,80.4,83.2,79.0,3411748.0
315485,2021-07-15,79.45,80.4,81.55,79.2,1710827.0
315485,2021-07-20,76.4,79.4,79.7,76.05,1282744.0
315485,2021-07-28,81.2,82.3,83.5,79.95,3299314.0
315485,2021-08-17,69.25,66.85,70.0,66.25,1367630.0
315485,2021-03-31,58.5,58.0,60.4,57.85,2008047.0
315485,2021-04-27,72.7,70.8,74.0,70.65,3894628.0
315485,2021-05-18,86.05,87.4,88.4,85.35,4371635.0
315485,2021-05-27,76.6,80.0,80.2,75.3,5517515.0
315485,2021-07-07,80.15,80.1,82.25,78.6,2619926.0
315485,2021-08-12,68.0,65.5,68.5,65.5,1086701.0
315485,2021-02-22,51.2,52.95,53.7,51.0,1008496.0
315485,2021-04-22,71.75,70.65,72.9,69.2,5275219.0
315485,2021-05-07,76.5,78.0,78.3,76.15,2798846.0
315485,2021-06-07,77.2,77.45,77.7,76.4,1729959.0
315485,2021-06-16,75.65,76.85,76.9,75.35,1166364.0
315485,2021-07-08,81.3,80.5,82.05,79.5,2859022.0
315485,2021-07-23,79.5,78.45,80.0,77.0,1400337.0
315485,2021-03-17,58.7,60.85,61.85,58.3,2264172.0
315485,2021-03-23,60.35,58.3,60.8,57.75,2630005.0
315485,2021-04-06,60.3,60.6,62.0,59.55,1487979.0
315485,2021-05-20,86.3,85.2,88.2,84.1,2845980.0
315485,2021-05-26,79.05,88.5,89.1,77.75,11794601.0
315485,2021-08-09,70.2,73.55,73.85,69.25,1422372.0
315485,2021-03-19,57.1,55.0,57.75,54.0,1859926.0
315485,2021-02-12,51.75,52.3,52.3,51.55,533830.0
315485,2021-03-18,56.6,59.5,60.8,54.4,2533886.0
315485,2021-02-15,51.2,52.1,52.4,51.0,631993.0
315485,2021-02-25,51.8,51.85,52.35,51.35,830608.0
315485,2021-03-12,61.8,65.0,65.85,60.8,3474308.0
315485,2021-04-28,74.35,73.5,75.5,73.1,4627339.0
315485,2021-04-29,73.7,74.9,75.9,73.3,2509001.0
315485,2021-05-25,87.8,89.35,89.4,87.3,2734757.0
315485,2021-07-16,80.2,79.7,81.3,79.15,1307038.0
315485,2021-08-06,72.85,73.9,74.35,72.7,847141.0
315485,2021-08-18,68.5,69.7,70.75,68.15,686909.0
315485,2021-08-20,65.8,68.3,68.45,64.75,671308.0
315485,2021-02-23,51.8,51.45,52.8,51.2,808775.0
315485,2021-03-22,57.75,57.25,58.5,56.25,1626860.0
315485,2021-05-17,85.1,84.0,85.9,83.3,4402201.0
315485,2021-07-06,80.05,81.35,84.3,79.5,9937988.0
315485,2021-07-22,77.95,77.4,78.65,77.0,945825.0
315485,2021-08-10,67.75,70.8,71.2,67.0,1240517.0
315485,2021-04-13,67.2,63.5,68.0,63.5,4688262.0
315485,2021-04-23,71.2,71.7,73.9,70.6,4568031.0
315485,2021-05-11,81.35,75.35,82.45,75.1,5080174.0
315485,2021-05-19,85.6,85.7,86.45,84.55,2413262.0
315485,2021-06-03,77.2,76.9,77.7,76.0,2875553.0
315485,2021-07-02,74.15,74.1,75.55,73.8,1582038.0
315485,2021-07-05,80.6,74.75,81.5,74.5,10072195.0
315485,2021-07-30,75.95,80.7,81.35,75.7,3952899.0
315485,2021-02-26,52.7,51.3,54.65,50.5,1581483.0
315485,2021-03-26,56.05,58.0,58.0,55.55,1014078.0
315485,2021-03-24,58.65,60.1,61.4,58.05,1884926.0
315485,2021-04-19,68.5,69.6,69.85,62.5,3434746.0
315485,2021-04-05,60.1,62.4,62.5,59.3,2046756.0
315485,2021-04-26,70.5,72.2,72.7,70.05,1633804.0
315485,2021-04-07,61.8,60.5,62.4,60.3,2252998.0
315485,2021-05-12,82.4,82.45,85.6,80.1,8267323.0
315485,2021-04-08,65.7,62.0,67.9,62.0,8743869.0
315485,2021-05-24,88.85,88.3,90.5,87.25,3825816.0
315485,2021-04-15,70.8,67.7,71.85,65.1,8294316.0
315485,2021-06-08,76.55,77.5,77.65,76.0,1157569.0
315485,2021-06-25,74.05,74.05,76.15,73.7,2036602.0
315485,2021-04-20,69.95,69.05,72.4,69.05,4015051.0
315485,2021-05-21,87.6,87.2,89.45,86.5,3180417.0
315485,2021-06-18,74.6,76.1,76.75,73.15,2013742.0
315485,2021-07-09,79.65,81.4,81.5,79.0,1682247.0
315485,2021-08-11,66.35,67.55,68.0,62.7,1846586.0
315485,2021-07-26,78.75,78.95,80.65,78.55,1057398.0
315485,2021-02-18,51.9,50.3,52.9,50.0,1747823.0
315485,2021-02-17,50.0,50.8,51.1,48.75,1901749.0
315485,2021-03-04,61.5,57.9,64.0,56.75,10030451.0
315485,2021-03-05,59.15,61.5,63.7,57.25,5258644.0
315485,2021-03-16,60.7,59.8,61.9,58.3,2909969.0
315485,2021-03-25,56.75,58.65,58.95,56.2,1347956.0
315485,2021-04-12,63.3,67.7,67.7,62.1,4719423.0
315485,2021-05-03,79.75,72.75,82.2,72.0,11003607.0
315485,2021-07-27,81.65,79.0,83.4,79.0,4612206.0
315485,2021-08-02,74.3,76.65,77.1,74.0,1975121.0
315485,2021-04-30,72.55,73.2,74.5,72.2,1306549.0
315485,2021-05-14,83.2,83.4,85.8,81.4,5707359.0
315485,2021-06-17,75.5,75.0,78.7,74.6,3106434.0
315485,2021-06-22,74.65,74.65,75.2,74.2,847346.0
315485,2021-07-13,80.9,81.3,83.4,80.7,2565850.0
315485,2021-08-04,74.5,75.7,76.4,74.35,1403560.0
315485,2021-03-02,57.25,52.6,58.2,52.35,6464859.0
315485,2021-04-01,62.25,58.8,62.9,58.3,3722852.0
315485,2021-06-09,75.45,77.1,79.95,74.0,4950880.0
315485,2021-06-21,74.1,72.9,75.15,72.55,1267299.0
315485,2021-06-24,73.95,73.6,75.5,73.0,2178172.0
315485,2021-03-09,64.15,61.7,65.9,61.5,12202082.0
315485,2021-03-01,52.35,53.2,53.25,52.1,897956.0
315485,2021-04-09,68.25,66.0,70.25,65.5,7590134.0
315485,2021-05-05,79.25,77.3,79.75,75.9,3128882.0
315485,2021-05-31,75.05,74.7,76.7,74.2,3383727.0
315485,2021-06-04,77.0,78.0,78.5,76.65,2552134.0
315485,2021-06-11,77.55,77.75,78.45,77.3,1358120.0
315485,2021-05-04,76.4,81.25,83.5,75.6,8353939.0
315485,2021-05-28,74.15,76.6,77.4,72.65,4467288.0
315485,2021-06-01,74.7,75.45,76.6,74.0,3156179.0
315485,2021-06-28,75.0,74.5,75.5,74.25,1052100.0
315485,2021-07-01,74.0,74.5,75.25,73.85,1316266.0
315485,2021-07-14,80.15,80.95,81.7,79.55,1235416.0
315485,2021-07-19,79.35,79.4,80.7,78.75,1012077.0
315485,2021-09-16,67.95,69.45,69.9,67.5,2594231.0
315485,2021-10-06,70.0,71.5,71.6,69.8,1170186.0
315485,2021-08-24,64.95,62.45,65.5,61.65,1229411.0
315485,2021-10-21,69.6,69.7,70.0,69.0,698785.0
315485,2021-11-03,66.8,68.0,68.3,66.4,950781.0
315485,2022-01-18,75.05,79.7,79.8,74.1,1850678.0
315485,2022-03-17,74.45,72.1,75.85,72.1,2889352.0
315485,2022-04-11,85.95,78.7,86.55,78.25,12038482.0
315485,2022-04-18,89.3,91.7,92.7,88.0,4871106.0
315485,2022-04-29,87.2,91.35,91.7,85.95,2709265.0
315485,2022-06-09,77.35,78.75,79.15,77.0,697104.0
315485,2022-08-05,88.4,87.5,89.8,87.5,895094.0
315485,2022-10-24,123.85,122.0,124.5,122.0,786372.0
315485,2022-12-06,112.1,114.05,114.4,111.8,747841.0
315485,2022-12-12,112.15,112.9,114.45,111.2,738137.0
315485,2022-12-13,113.0,112.75,115.45,112.3,1236509.0
315485,2022-12-14,115.95,113.85,116.5,113.55,1240065.0
315485,2022-12-23,107.0,112.7,113.2,105.8,2036158.0
315485,2023-02-14,104.75,104.8,105.75,103.6,442768.0
315485,2023-02-15,105.35,105.0,108.0,104.8,835658.0
315485,2023-02-17,105.55,105.65,106.4,104.1,415545.0
315485,2023-02-23,98.9,100.0,102.75,98.6,495247.0
315485,2023-03-24,96.15,101.4,101.6,95.55,552513.0
315485,2023-03-31,96.5,97.65,100.05,96.0,842837.0
315485,2023-04-27,110.1,107.85,112.4,107.25,2711255.0
315485,2023-05-02,108.15,111.3,111.7,107.45,976274.0
315485,2023-05-17,111.75,113.25,113.45,110.0,722985.0
315485,2023-05-23,113.85,116.85,116.85,113.5,1109766.0
315485,2023-07-12,129.75,130.0,133.0,129.0,1672523.0
315485,2023-07-13,131.25,129.5,132.0,124.05,3282227.0
315485,2023-07-25,164.3,166.2,168.8,163.3,2072116.0
315485,2023-08-07,182.35,173.9,183.5,173.9,1166837.0
315485,2021-11-22,65.6,68.7,68.7,65.35,807699.0
315485,2021-12-01,64.05,64.0,64.4,63.05,497627.0
315485,2021-12-03,66.1,64.85,66.7,64.6,590682.0
315485,2021-12-30,74.45,76.0,76.5,74.15,1061487.0
315485,2022-03-07,65.45,64.25,68.45,64.25,1206575.0
315485,2022-03-28,74.8,76.9,76.95,74.15,840091.0
315485,2022-04-08,78.3,79.0,80.5,78.05,1511321.0
315485,2022-06-02,81.55,81.85,82.15,80.7,759766.0
315485,2022-07-08,78.15,78.75,79.15,77.55,391736.0
315485,2022-08-10,87.55,87.15,88.8,86.3,1105124.0
315485,2022-08-11,92.55,88.0,93.2,85.0,3938824.0
315485,2022-10-06,116.75,121.0,121.2,115.3,4504236.0
315485,2022-10-10,117.35,116.75,117.9,112.8,2635065.0
315485,2022-10-11,122.4,118.1,124.55,118.1,9479172.0
315485,2022-10-20,122.45,123.0,124.2,121.5,1244594.0
315485,2022-11-04,120.0,118.9,121.4,115.3,2314969.0
315485,2022-11-16,112.85,115.45,116.9,112.1,1300194.0
315485,2022-11-22,111.75,111.25,112.95,110.5,957221.0
315485,2022-12-16,112.65,114.3,114.3,110.2,528746.0
315485,2022-12-26,112.85,102.25,114.55,102.25,2128475.0
315485,2023-02-02,114.3,113.45,117.65,113.3,990295.0
315485,2023-02-08,108.35,111.8,112.7,106.5,893037.0
315485,2023-02-28,96.55,97.9,99.9,95.0,929346.0
315485,2023-03-13,99.4,101.0,101.0,99.05,419579.0
315485,2023-07-21,164.15,159.0,167.5,157.3,5896776.0
315485,2023-08-03,175.85,180.15,180.15,172.15,1029148.0
315485,2023-08-08,178.9,183.8,184.35,177.0,748065.0
315485,2021-10-19,69.85,72.8,73.6,69.3,1554319.0
315485,2021-11-11,70.3,71.15,71.45,70.0,604396.0
315485,2021-12-06,65.05,66.7,66.9,64.95,363803.0
315485,2021-12-07,66.0,65.15,66.2,65.15,380318.0
315485,2022-01-20,76.8,77.25,78.75,76.4,1520552.0
315485,2022-02-04,72.4,72.85,73.2,71.2,775245.0
315485,2022-02-07,71.5,72.4,72.9,70.9,823664.0
315485,2022-05-20,85.65,86.4,89.45,84.8,3553093.0
315485,2022-06-27,75.45,74.95,76.3,74.1,777996.0
315485,2022-09-09,88.95,90.5,91.65,88.5,4230058.0
315485,2022-09-22,115.25,108.4,116.25,108.4,8138052.0
315485,2022-10-12,119.35,123.05,125.45,118.4,4902752.0
315485,2022-11-07,123.5,121.3,124.5,121.3,2443292.0
315485,2022-11-21,111.15,112.2,113.25,110.55,1032849.0
315485,2022-12-21,117.3,125.8,126.6,116.35,2003256.0
315485,2023-01-12,115.0,116.45,116.85,114.35,620942.0
315485,2023-01-16,117.25,118.45,120.65,116.35,883992.0
315485,2023-03-02,101.45,99.65,102.45,98.35,651929.0
315485,2023-03-10,100.65,103.0,103.65,99.9,1055692.0
315485,2023-03-21,96.7,99.45,99.5,94.5,1042153.0
315485,2023-07-26,158.8,164.7,165.4,155.9,2420894.0
315485,2023-08-10,175.2,180.45,180.8,174.5,520302.0
315485,2021-09-14,65.1,65.0,67.4,64.8,3059007.0
315485,2021-10-01,71.85,71.95,73.35,71.5,1574151.0
315485,2021-10-07,70.4,70.55,71.7,70.15,916601.0
315485,2021-10-08,69.65,70.5,71.0,69.45,1048969.0
315485,2021-10-29,69.5,72.15,73.0,69.2,2430174.0
315485,2022-03-02,65.1,61.85,65.7,61.2,1026526.0
315485,2022-04-21,92.95,92.5,94.4,92.0,3545871.0
315485,2022-05-02,87.65,85.5,89.3,84.4,3468099.0
315485,2022-05-05,83.6,88.0,89.2,83.0,2874212.0
315485,2022-05-09,80.2,80.95,81.8,79.5,1745585.0
315485,2022-05-12,78.4,75.9,80.05,74.4,3248041.0
315485,2022-05-24,85.6,83.6,88.3,83.05,5078182.0
315485,2022-07-14,86.75,85.35,87.45,83.8,1390252.0
315485,2022-09-07,93.5,92.6,94.3,92.55,1262519.0
315485,2022-09-20,109.95,112.0,114.9,108.5,5151361.0
315485,2022-09-27,110.55,110.0,111.95,108.35,3009239.0
315485,2022-10-21,120.75,123.05,124.4,120.1,1627212.0
315485,2022-10-31,126.55,133.0,133.5,125.0,3329693.0
315485,2022-11-01,120.25,122.0,124.0,119.5,3879924.0
315485,2022-12-28,115.05,114.45,117.3,112.95,844196.0
315485,2023-01-18,115.75,116.15,117.05,115.3,473361.0
315485,2023-01-19,116.1,115.7,118.05,115.3,556450.0
315485,2023-01-25,112.7,113.4,114.2,111.5,400955.0
315485,2023-03-09,103.75,102.3,105.9,102.05,1746980.0
315485,2023-03-20,97.3,94.7,99.45,91.9,839708.0
315485,2023-04-20,108.1,108.05,111.3,106.65,4732188.0
315485,2023-05-10,106.8,107.3,108.5,106.05,577637.0
315485,2023-06-23,129.65,134.7,134.7,129.0,968312.0
315485,2023-07-10,128.3,129.5,130.8,127.65,701037.0
315485,2023-07-27,160.1,159.5,162.45,157.15,1352404.0
315485,2023-08-11,173.9,175.65,176.3,172.2,405899.0
315485,2021-09-28,70.95,70.8,73.9,70.0,2236335.0
315485,2021-10-04,71.2,72.2,72.45,70.95,1143746.0
315485,2021-10-18,72.5,74.1,74.45,72.35,1434088.0
315485,2021-11-23,66.8,65.5,67.3,64.7,693155.0
315485,2021-12-14,80.85,73.3,81.9,72.1,20416851.0
315485,2021-12-24,78.95,75.2,81.3,74.45,7489485.0
315485,2022-01-17,79.25,79.5,80.75,79.0,2071458.0
315485,2022-02-01,71.05,71.65,72.3,70.4,1037377.0
315485,2022-02-21,64.55,66.1,66.95,64.0,803346.0
315485,2022-02-22,62.65,62.9,63.6,61.7,779981.0
315485,2022-02-28,62.65,62.9,63.55,59.25,737415.0
315485,2022-03-10,67.55,69.5,69.5,67.2,676099.0
315485,2022-05-30,81.3,86.0,87.7,80.7,5077489.0
315485,2022-06-16,73.25,77.0,77.35,72.0,1200217.0
315485,2022-07-12,85.65,83.1,86.6,81.6,2152033.0
315485,2022-07-15,86.7,87.1,88.7,85.5,1061650.0
315485,2022-08-16,91.4,92.8,94.2,90.6,2054613.0
315485,2022-08-17,90.15,91.4,92.6,89.45,1192963.0
315485,2022-08-30,95.15,95.6,97.3,94.5,2429213.0
315485,2022-09-12,91.55,89.0,91.8,89.0,1949831.0
315485,2022-12-29,115.2,114.85,116.9,113.1,689099.0
315485,2022-12-30,115.55,115.8,117.9,115.05,674608.0
315485,2023-01-02,115.95,115.9,117.05,115.4,506025.0
315485,2023-01-27,111.25,113.6,114.0,109.5,604200.0
315485,2023-04-26,108.3,107.0,108.85,106.1,957506.0
315485,2023-05-08,108.65,109.05,110.15,107.8,553293.0
315485,2023-05-22,116.45,117.5,117.5,115.75,724052.0
315485,2023-07-14,133.4,132.0,135.5,130.3,1795742.0
315485,2023-07-18,147.45,143.85,148.2,140.5,5292327.0
315485,2021-08-27,66.45,67.65,67.65,66.05,592202.0
315485,2021-09-21,69.15,70.6,71.3,68.1,1602654.0
315485,2021-10-11,68.55,69.75,70.1,68.4,1430599.0
315485,2021-10-13,73.1,68.95,73.7,68.55,4392520.0
315485,2021-10-26,69.8,68.5,70.15,68.2,654565.0
315485,2021-11-09,72.2,69.9,75.25,69.45,4453873.0
315485,2021-11-29,63.9,65.1,65.85,63.0,824061.0
315485,2021-12-28,77.7,77.4,79.9,76.8,2247183.0
315485,2022-02-18,66.15,67.45,67.45,65.9,639997.0
315485,2022-03-16,71.5,71.3,72.4,70.1,1235100.0
315485,2022-03-22,75.1,75.0,75.75,73.9,1096067.0
315485,2022-04-07,78.25,79.8,80.75,77.75,1268809.0
315485,2022-04-19,92.15,90.0,97.35,90.0,15434987.0
315485,2022-05-10,81.0,79.85,83.35,79.75,2226817.0
315485,2022-05-27,85.45,79.45,87.4,79.2,2595622.0
315485,2022-06-07,79.6,78.6,80.8,77.75,1131441.0
315485,2022-07-11,82.5,78.35,83.7,77.3,2090088.0
315485,2022-08-25,99.2,100.95,101.8,98.65,2786472.0
315485,2022-08-26,93.1,99.9,101.85,91.8,8963033.0
315485,2022-09-05,93.8,93.75,95.2,93.1,1009543.0
315485,2022-10-07,117.25,117.0,118.25,115.7,2737464.0
315485,2022-10-17,120.95,119.6,121.75,117.15,2106358.0
315485,2022-11-11,119.75,123.45,123.45,118.1,2336968.0
315485,2023-01-05,116.6,116.5,117.3,114.8,711582.0
315485,2023-01-17,116.35,117.05,117.95,115.6,364566.0
315485,2023-03-03,102.65,102.0,103.45,100.9,704591.0
315485,2023-04-05,99.65,98.2,100.9,98.0,489767.0
315485,2023-05-12,113.5,108.9,113.95,108.3,3488694.0
315485,2023-06-06,117.2,116.6,118.65,115.1,770748.0
315485,2023-06-07,124.35,117.6,125.35,117.6,5177478.0
315485,2023-06-15,133.95,128.0,138.0,127.1,7659268.0
315485,2023-07-31,180.65,165.25,183.6,165.25,6505573.0
315485,2021-08-31,67.2,68.95,68.95,67.0,560462.0
315485,2021-10-05,71.1,70.8,72.15,70.75,1309979.0
315485,2021-10-12,68.35,68.55,69.4,68.1,921108.0
315485,2021-10-20,69.25,69.85,71.0,68.6,1125065.0
315485,2021-11-01,68.25,69.0,70.2,67.3,988401.0
315485,2021-11-10,70.85,71.9,72.85,70.5,983454.0
315485,2021-11-16,69.3,68.95,70.1,68.35,624903.0
315485,2021-12-22,72.9,73.1,74.8,72.2,1041718.0
315485,2021-12-31,74.95,74.4,76.3,74.2,1042695.0
315485,2022-01-11,78.25,78.45,79.75,77.15,2067525.0
315485,2022-02-17,66.35,68.7,68.7,66.05,568279.0
315485,2022-02-25,62.9,64.0,64.0,59.0,786579.0
315485,2022-05-17,83.85,77.95,84.6,77.65,2839319.0
315485,2022-06-08,78.85,80.4,80.5,78.45,600172.0
315485,2022-06-29,77.1,76.9,77.6,76.2,610742.0
315485,2022-07-01,74.5,75.5,76.1,74.0,389162.0
315485,2022-08-08,86.65,88.9,89.7,85.95,1169798.0
315485,2022-09-13,101.3,92.5,102.9,92.45,17605967.0
315485,2022-12-01,114.15,114.0,115.0,113.2,1414925.0
315485,2023-02-03,115.35,114.85,116.9,112.5,914175.0
315485,2023-04-25,107.05,108.5,108.9,105.7,993760.0
315485,2023-05-18,115.9,112.45,118.0,111.85,3608990.0
315485,2023-07-17,142.75,135.5,143.55,135.5,7425242.0
315485,2023-08-02,180.2,185.7,185.7,176.05,3137101.0
315485,2023-08-21,172.15,173.9,173.9,171.4,797683.0
315485,2021-08-23,62.4,66.2,66.95,62.0,1464721.0
315485,2021-08-30,67.7,66.55,68.8,66.55,593630.0
315485,2021-09-01,66.85,67.25,68.05,66.7,647410.0
315485,2021-09-02,66.95,66.95,67.7,66.8,638762.0
315485,2021-09-17,67.75,68.4,68.5,64.8,2838802.0
315485,2021-11-30,63.35,65.0,65.5,61.5,634187.0
315485,2021-12-10,67.95,66.75,68.5,66.6,746646.0
315485,2022-01-13,77.25,78.25,78.4,76.15,1263013.0
315485,2022-02-02,73.1,71.6,73.75,71.6,1129629.0
315485,2022-02-11,69.15,69.8,70.35,68.8,748675.0
315485,2022-03-11,67.7,67.8,68.4,67.25,402536.0
315485,2022-03-14,70.7,68.35,71.25,66.75,1716643.0
315485,2022-03-23,73.55,75.7,75.7,72.75,1301597.0
315485,2022-04-01,80.25,77.7,81.65,77.55,2705983.0
315485,2022-04-06,79.8,80.7,82.35,79.5,1960833.0
315485,2022-05-06,81.75,81.6,82.85,80.0,2291270.0
315485,2022-05-31,80.6,80.95,82.5,80.05,1602796.0
315485,2022-06-15,75.95,76.1,77.75,75.0,678555.0
315485,2022-06-23,73.35,69.8,75.05,69.5,1397301.0
315485,2022-07-25,93.45,93.4,95.35,92.1,1895301.0
315485,2022-09-15,108.5,110.1,111.85,105.25,6959980.0
315485,2022-09-16,103.1,109.0,110.7,100.35,5288288.0
315485,2022-10-03,116.7,116.5,119.7,115.1,4115556.0
315485,2023-01-20,115.15,116.1,116.5,114.6,310474.0
315485,2023-03-23,100.95,99.2,101.7,98.5,714826.0
315485,2023-03-29,97.55,90.75,99.0,90.7,1348914.0
315485,2023-04-21,105.75,108.2,109.0,104.75,1797630.0
315485,2023-05-16,112.35,113.7,114.65,112.0,844522.0
315485,2023-05-24,114.65,113.65,115.95,112.8,634907.0
315485,2023-05-29,113.45,114.5,115.5,112.8,638009.0
315485,2023-06-08,122.6,124.8,126.9,122.2,1666215.0
315485,2023-06-30,131.7,129.6,132.9,128.5,1280576.0
315485,2023-07-06,130.15,129.8,132.0,129.2,1104137.0
315485,2023-07-20,160.75,155.0,161.55,154.25,4760571.0
315485,2021-09-03,67.15,67.0,68.3,66.8,1047385.0
315485,2021-09-13,64.3,65.5,65.9,63.9,1056470.0
315485,2021-09-15,69.15,65.5,70.9,64.85,9935147.0
315485,2021-10-25,68.15,70.35,70.6,67.2,1064633.0
315485,2021-11-08,69.95,69.3,70.9,68.0,1156632.0
315485,2021-11-12,69.95,70.7,70.9,69.15,573784.0
315485,2021-11-18,67.95,68.65,69.3,67.55,566636.0
315485,2022-01-19,76.6,75.7,76.95,74.6,1221027.0
315485,2022-02-10,70.65,70.05,71.45,69.65,601886.0
315485,2022-06-28,77.7,75.45,78.4,74.3,1404251.0
315485,2022-07-04,76.7,75.0,77.1,74.6,686640.0
315485,2022-07-22,92.05,93.0,93.4,90.35,1490871.0
315485,2022-07-29,90.95,88.5,94.7,87.9,4487832.0
315485,2022-08-23,98.75,90.8,99.6,90.8,8712275.0
315485,2022-09-29,115.1,114.95,119.15,112.65,4763669.0
315485,2022-11-02,117.35,120.9,122.3,116.25,3701247.0
315485,2022-11-10,119.95,125.0,126.45,117.0,3352124.0
315485,2022-11-30,114.55,116.4,117.95,112.2,5488513.0
315485,2022-12-07,116.9,112.0,117.6,112.0,2023531.0
315485,2022-12-27,114.35,113.45,115.75,113.0,1161272.0
315485,2023-01-24,113.85,114.6,115.3,113.15,390101.0
315485,2023-02-22,99.9,103.2,103.2,98.55,1312365.0
315485,2023-03-01,99.05,97.35,99.5,97.35,517653.0
315485,2023-04-12,97.9,99.2,100.8,97.55,711367.0
315485,2023-06-05,116.4,120.4,123.0,115.4,2074116.0
315485,2023-06-20,133.65,135.6,136.7,132.55,2449519.0
315485,2023-07-04,127.0,131.0,131.0,125.05,1037056.0
315485,2021-08-25,68.4,65.5,68.95,65.5,1369876.0
315485,2021-10-27,72.15,70.3,72.8,69.2,1610901.0
315485,2021-09-07,66.65,67.0,67.25,66.35,432718.0
315485,2021-09-24,71.75,73.25,73.75,71.5,1629673.0
315485,2021-10-28,71.55,72.45,72.85,70.5,1649178.0
315485,2021-12-13,73.35,68.9,74.2,68.15,4396950.0
315485,2021-12-16,78.8,80.75,82.45,78.05,4530324.0
315485,2022-01-04,77.75,75.95,78.95,74.35,2633940.0
315485,2022-01-27,72.9,72.05,75.3,71.15,1249454.0
315485,2022-03-08,68.1,65.95,68.5,65.95,1112580.0
315485,2022-03-24,73.85,73.4,75.9,72.85,1274668.0
315485,2022-03-31,78.1,77.15,79.75,75.8,2261348.0
315485,2022-04-22,97.15,92.9,99.35,91.4,12971658.0
315485,2022-05-13,77.8,79.9,80.95,77.0,2187539.0
315485,2022-05-16,77.35,77.35,78.8,75.95,1666235.0
315485,2022-05-23,83.55,86.3,86.55,83.0,1183738.0
315485,2022-05-25,82.45,85.7,86.5,81.9,1460008.0
315485,2022-06-06,78.3,80.75,81.65,77.8,955896.0
315485,2022-06-20,67.5,71.4,71.95,66.5,979683.0
315485,2022-06-30,75.5,76.8,77.55,73.4,941963.0
315485,2022-07-18,90.4,86.25,91.0,86.25,2787646.0
315485,2022-08-12,92.4,92.95,97.8,91.2,4990655.0
315485,2022-09-14,109.35,98.8,114.5,98.7,29372517.0
315485,2022-10-04,120.1,118.4,125.0,118.05,8514887.0
315485,2022-10-14,119.9,122.75,123.1,119.25,2184089.0
315485,2022-10-18,123.8,121.95,124.25,120.2,2784483.0
315485,2022-11-24,114.8,113.7,115.5,112.65,1091307.0
315485,2022-12-22,113.8,118.0,119.35,112.3,1680006.0
315485,2023-01-11,115.9,117.3,117.6,115.4,641414.0
315485,2023-01-23,114.5,116.9,116.9,114.0,424273.0
315485,2023-01-30,111.45,111.3,113.75,109.2,788197.0
315485,2023-01-31,115.3,114.0,116.0,112.25,1026639.0
315485,2023-02-13,104.8,109.0,109.0,104.5,900024.0
315485,2023-02-16,105.75,105.8,106.95,104.75,384934.0
315485,2023-03-14,97.8,99.5,99.85,96.15,546504.0
315485,2023-06-19,135.6,132.55,136.95,129.6,2665488.0
315485,2023-07-11,129.3,129.0,130.35,127.4,956329.0
315485,2023-07-28,165.25,160.6,166.35,158.0,4264385.0
315485,2023-08-09,180.2,179.0,181.2,177.0,434722.0
315485,2023-08-16,176.75,175.8,178.3,172.4,518628.0
315485,2023-08-22,172.45,173.05,177.7,171.8,1392291.0
315485,2021-11-04,68.1,67.15,68.45,67.0,418255.0
315485,2021-11-15,68.6,70.45,70.5,68.0,741548.0
315485,2021-12-02,64.7,64.35,65.0,63.55,400015.0
315485,2021-12-08,67.1,67.1,67.9,66.8,721369.0
315485,2021-12-15,80.1,81.65,85.25,78.6,16074324.0
315485,2021-12-29,75.85,78.25,78.6,75.6,1230579.0
315485,2022-01-03,75.35,75.3,76.1,75.0,932345.0
315485,2022-01-21,74.35,76.75,77.15,73.9,1228194.0
315485,2022-01-28,72.15,73.45,75.25,72.0,1175219.0
315485,2022-02-23,63.6,63.0,64.6,63.0,552195.0
315485,2022-02-24,60.25,60.3,61.85,58.35,1538510.0
315485,2022-04-05,81.05,80.3,83.3,80.0,3999611.0
315485,2022-04-26,95.8,97.8,98.9,95.0,4971773.0
315485,2022-04-27,91.05,95.2,95.2,90.2,4626708.0
315485,2022-05-26,78.8,80.5,80.9,73.5,6250645.0
315485,2022-06-03,80.75,82.4,82.45,80.55,865632.0
315485,2022-07-13,85.35,85.1,88.0,84.2,1906705.0
315485,2022-09-01,94.2,94.7,95.95,93.6,1934263.0
315485,2022-09-21,108.6,110.4,110.5,105.95,3298266.0
315485,2022-09-23,114.45,115.9,117.7,113.0,5368448.0
315485,2022-12-09,112.65,115.65,116.0,109.6,918506.0
315485,2023-01-03,119.45,116.1,121.7,116.1,1841971.0
315485,2023-01-04,116.95,120.0,120.75,116.25,1025835.0
315485,2023-02-21,103.2,104.5,104.6,103.0,380822.0
315485,2023-03-22,99.2,99.15,99.7,97.4,627894.0
315485,2023-04-03,98.2,97.2,100.0,96.7,455845.0
315485,2023-04-11,98.9,97.7,99.75,97.5,392639.0
315485,2023-05-05,108.35,110.3,110.75,108.05,628735.0
315485,2023-06-01,119.45,114.5,119.9,114.35,2828831.0
315485,2023-06-02,119.85,120.5,122.8,118.85,2524405.0
315485,2023-06-09,121.4,123.5,125.3,120.65,1019248.0
315485,2023-06-14,128.2,126.95,129.7,125.8,2670224.0
315485,2023-06-21,133.05,134.45,137.95,132.2,1438562.0
315485,2023-07-19,154.2,148.3,155.25,145.3,4771033.0
315485,2023-08-04,173.7,174.55,180.4,171.8,1091461.0
315485,2021-08-26,67.25,68.85,69.3,66.55,712122.0
315485,2021-09-06,67.0,67.5,67.65,66.75,459789.0
315485,2021-09-08,66.25,66.85,67.55,66.05,893420.0
315485,2021-09-20,70.05,67.5,71.65,67.15,5263861.0
315485,2021-09-29,71.85,70.25,72.45,70.1,1170186.0
315485,2021-10-14,73.6,73.2,75.8,73.15,3493071.0
315485,2021-11-02,67.85,68.9,68.95,67.6,1246239.0
315485,2021-11-26,66.3,68.0,69.15,65.05,1372293.0
315485,2021-12-20,71.1,73.9,73.9,68.8,2652415.0
315485,2021-12-23,74.9,73.5,75.75,73.05,1821066.0
315485,2022-01-05,80.65,78.1,82.8,77.55,10729961.0
315485,2022-01-06,78.8,79.0,80.4,78.35,2147346.0
315485,2022-01-24,70.95,74.35,75.7,70.5,1413482.0
315485,2022-02-03,72.4,73.5,73.5,71.9,624002.0
315485,2022-02-15,66.65,66.85,66.95,63.75,1056574.0
315485,2022-02-16,67.65,67.15,70.55,67.1,1096355.0
315485,2022-03-21,75.2,75.0,77.55,74.1,1946861.0
315485,2022-05-04,87.1,88.65,90.7,85.45,2620436.0
315485,2022-06-22,69.3,70.75,71.3,68.8,493197.0
315485,2022-07-05,77.05,77.3,78.8,76.55,707572.0
315485,2022-07-21,92.85,93.6,94.7,92.3,1693880.0
315485,2022-08-18,94.1,89.8,96.0,89.05,3764513.0
315485,2022-09-02,93.75,94.8,95.3,93.4,1198220.0
315485,2022-09-06,92.9,94.5,94.5,91.9,1056379.0
315485,2022-09-08,93.65,94.35,94.85,93.15,1144867.0
315485,2022-09-19,110.6,104.0,113.3,102.6,11553917.0
315485,2023-02-06,113.95,115.35,117.25,112.35,834155.0
315485,2023-02-09,107.45,108.8,110.05,107.0,762819.0
315485,2023-04-06,98.9,100.1,100.15,97.0,349675.0
315485,2023-04-19,106.2,100.0,107.35,99.55,5744085.0
315485,2023-05-04,109.95,109.4,110.9,109.0,935548.0
315485,2023-05-15,113.85,114.4,115.2,112.55,1539179.0
315485,2023-06-26,129.65,129.6,130.75,126.25,971331.0
315485,2023-06-28,129.05,129.2,131.0,127.65,668051.0
315485,2023-07-03,131.1,132.3,133.5,129.35,1133746.0
315485,2023-07-07,129.5,131.0,131.8,127.5,929842.0
315485,2021-09-30,72.05,72.15,74.35,71.45,2823612.0
315485,2021-12-09,67.0,66.6,67.4,66.35,528767.0
315485,2021-12-21,72.6,71.8,74.45,71.8,1680782.0
315485,2022-01-07,77.4,78.4,79.25,77.1,1579347.0
315485,2022-01-31,71.35,73.2,74.0,70.0,1652918.0
315485,2022-03-09,68.1,68.8,68.95,67.35,852554.0
315485,2022-03-15,70.55,71.25,73.2,69.3,1791201.0
315485,2022-05-11,76.05,81.8,82.75,72.9,3342407.0
315485,2022-05-18,84.55,84.0,85.9,82.6,2567184.0
315485,2022-05-19,84.85,81.2,86.55,81.1,3316942.0
315485,2022-06-10,76.85,76.9,78.75,76.4,717568.0
315485,2022-06-13,73.4,75.95,75.95,72.25,957051.0
315485,2022-07-26,91.4,93.8,94.15,90.75,950942.0
315485,2022-07-28,88.05,93.3,94.9,87.1,1736455.0
315485,2022-08-01,89.55,92.05,92.5,88.75,1562140.0
315485,2022-08-22,91.5,92.3,94.0,89.9,1505650.0
315485,2022-10-27,135.15,130.5,135.85,126.2,9792695.0
315485,2022-10-28,131.6,135.0,135.75,130.85,2960956.0
315485,2022-11-14,115.05,120.0,120.25,114.2,2156238.0
315485,2022-11-17,114.0,112.8,115.4,112.25,1151141.0
315485,2022-12-15,114.85,115.95,117.7,114.2,821580.0
315485,2023-01-13,117.75,115.55,118.5,114.6,1054540.0
315485,2023-02-01,112.95,115.0,118.4,112.0,1253707.0
315485,2023-02-10,108.8,107.95,109.4,107.2,430168.0
315485,2023-02-20,104.1,105.1,105.95,103.8,507762.0
315485,2023-02-27,97.7,98.95,104.75,97.0,2877528.0
315485,2023-03-06,100.45,103.45,103.45,100.15,701301.0
315485,2023-03-15,97.6,98.1,98.7,97.15,649455.0
315485,2023-03-28,90.6,92.65,93.45,90.1,610743.0
315485,2023-04-17,97.7,97.4,98.85,96.95,371664.0
315485,2023-05-09,106.7,108.95,110.75,106.1,844250.0
315485,2023-05-30,114.35,113.5,115.0,113.35,603407.0
315485,2023-05-31,114.6,113.55,116.15,112.85,1546914.0
315485,2023-06-13,125.1,120.6,125.6,119.75,3272894.0
315485,2023-06-22,134.7,133.0,137.25,131.7,1935040.0
315485,2023-08-01,184.65,182.0,194.1,182.0,7123067.0
315485,2023-08-14,175.8,172.75,176.7,170.0,479370.0
315485,2021-09-23,73.05,72.95,75.0,71.35,5716660.0
315485,2021-10-22,69.8,69.25,71.8,69.25,1079675.0
315485,2022-02-08,69.95,71.9,72.0,68.9,1126622.0
315485,2022-02-09,70.15,70.4,71.15,69.65,589439.0
315485,2022-02-14,65.45,67.9,67.9,65.05,1139397.0
315485,2022-03-04,66.75,68.05,68.95,66.15,2307895.0
315485,2022-04-28,90.7,91.7,93.9,89.7,3792456.0
315485,2022-06-14,76.6,73.4,77.05,73.4,1526910.0
315485,2022-06-17,71.45,73.05,73.45,68.2,721818.0
315485,2022-07-07,78.2,79.15,79.8,77.6,521657.0
315485,2022-08-03,86.85,89.0,89.65,85.7,1172752.0
315485,2022-11-25,115.05,115.0,116.6,114.1,883404.0
315485,2023-03-17,94.8,96.05,96.8,94.0,574696.0
315485,2023-04-13,97.55,97.9,98.55,96.95,393551.0
315485,2023-04-18,98.55,98.25,99.15,97.6,289265.0
315485,2023-04-24,108.2,106.35,109.9,105.2,1749059.0
315485,2023-05-03,108.9,107.9,110.4,107.5,943070.0
315485,2023-05-11,108.9,107.45,109.75,106.95,677345.0
315485,2023-05-25,116.5,114.45,118.3,114.05,895362.0
315485,2023-06-27,129.15,129.9,132.5,128.35,1023999.0
315485,2023-07-24,165.0,163.8,169.15,162.85,3124635.0
315485,2023-08-18,172.95,173.45,176.05,170.5,534434.0
315485,2021-09-22,72.1,69.6,72.45,68.0,4815715.0
315485,2021-09-09,65.95,66.0,66.9,65.7,622112.0
315485,2021-09-27,70.8,72.15,72.6,70.6,1050110.0
315485,2021-11-24,67.25,68.15,68.15,67.0,507156.0
315485,2021-11-25,67.4,67.55,67.95,66.8,488801.0
315485,2022-01-10,78.05,78.3,79.2,77.1,1684434.0
315485,2022-01-12,77.5,78.85,79.15,77.1,1193643.0
315485,2022-01-14,78.85,77.25,80.55,76.6,2439736.0
315485,2022-01-25,73.05,71.0,74.0,69.35,1131603.0
315485,2022-03-25,76.35,74.4,78.5,73.65,3862176.0
315485,2022-03-29,76.7,75.2,78.1,74.3,2726416.0
315485,2022-04-12,90.55,86.7,93.75,86.2,27647512.0
315485,2022-06-01,81.6,82.3,82.8,80.75,1285850.0
315485,2022-06-21,70.6,68.5,71.5,68.05,703213.0
315485,2022-07-19,89.25,90.0,90.95,88.0,1673271.0
315485,2022-07-20,93.2,90.1,95.15,89.3,5568730.0
315485,2022-08-02,88.65,89.5,90.7,88.0,1299401.0
315485,2022-08-04,87.3,87.5,89.4,86.25,1181406.0
315485,2022-08-19,92.6,94.85,96.15,91.05,1932019.0
315485,2022-08-24,100.25,99.4,103.65,98.3,9539995.0
315485,2022-08-29,94.2,91.4,95.4,88.8,4420491.0
315485,2022-09-28,113.8,109.9,115.75,108.6,4941463.0
315485,2022-10-25,129.85,124.0,130.9,122.9,5035054.0
315485,2022-11-03,118.2,117.35,120.2,117.25,1590255.0
315485,2022-11-09,126.0,124.4,127.1,123.1,2317974.0
315485,2022-11-18,112.2,114.75,114.75,111.7,914440.0
315485,2022-11-23,112.9,112.6,115.5,111.75,1244017.0
315485,2022-11-28,112.9,115.4,115.4,112.6,667514.0
315485,2022-12-02,115.75,114.7,116.0,113.65,890018.0
315485,2022-12-08,115.05,116.0,116.95,114.5,919658.0
315485,2022-12-20,125.0,124.5,127.45,122.0,5592935.0
315485,2023-01-06,114.75,116.7,118.3,113.65,628415.0
315485,2023-01-10,116.85,119.0,121.8,116.3,1995140.0
315485,2023-02-07,111.3,114.8,114.8,111.0,695725.0
315485,2023-02-24,99.05,99.4,100.6,98.05,564824.0
315485,2023-03-08,101.8,100.0,102.35,99.0,797875.0
315485,2023-03-27,92.7,97.0,97.4,90.0,750148.0
315485,2023-04-28,110.7,110.85,111.85,109.6,1247992.0
315485,2023-05-26,113.6,116.9,116.9,112.95,809002.0
315485,2023-06-12,119.9,121.95,121.95,119.45,590017.0
315485,2023-07-05,129.3,126.85,129.8,126.25,800647.0
315485,2023-08-23,174.6,173.45,174.9,173.05,135295.0
315485,2021-11-17,68.65,69.9,70.1,67.95,617738.0
315485,2021-12-17,74.9,78.9,79.1,74.4,2593766.0
315485,2021-12-27,76.75,78.7,78.7,76.3,1876849.0
315485,2022-03-03,65.75,66.55,67.1,65.25,757460.0
315485,2022-03-30,76.6,77.8,77.95,75.4,1407381.0
315485,2022-04-04,79.65,80.85,81.95,78.1,2171603.0
315485,2022-04-13,92.0,91.4,95.0,91.1,10238017.0
315485,2022-04-20,91.35,92.95,94.3,90.55,4945957.0
315485,2022-04-25,96.2,96.0,100.7,94.95,11456018.0
315485,2022-06-24,73.75,73.9,74.45,72.9,584296.0
315485,2022-07-06,78.55,76.4,79.6,75.8,899813.0
315485,2022-07-27,92.6,90.65,92.9,90.3,959675.0
315485,2022-09-26,108.65,113.35,113.35,106.4,4304276.0
315485,2022-09-30,116.1,115.7,117.0,113.55,2885855.0
315485,2022-10-13,119.95,119.35,121.75,117.5,2893981.0
315485,2022-10-19,123.6,125.0,125.25,122.1,1740282.0
315485,2022-11-15,115.45,115.8,117.3,115.0,1172514.0
315485,2022-11-29,111.4,113.5,114.0,111.1,787641.0
315485,2022-12-05,114.05,116.0,116.65,113.85,701535.0
315485,2022-12-19,123.8,113.25,124.75,113.1,6197613.0
315485,2023-01-09,117.1,115.35,117.85,115.1,714980.0
315485,2023-03-16,94.65,97.5,97.7,93.8,606720.0
315485,2023-04-10,97.95,99.35,99.35,97.05,518518.0
315485,2023-05-19,117.85,118.0,121.4,116.45,5105655.0
315485,2023-06-16,132.55,135.5,136.55,131.65,1740396.0
315485,2023-08-17,172.75,177.65,180.65,170.35,1090579.0
