stockid,date,close,open,high,low,volume
589145,2021-01-13,9.85,10.0,10.15,9.65,6240434.0
589145,2021-01-14,9.7,9.75,9.9,9.6,3452135.0
589145,2021-01-22,8.95,9.2,9.3,8.9,2707339.0
589145,2021-01-27,9.0,8.8,9.15,8.55,5282219.0
589145,2021-03-01,9.5,9.05,9.9,8.95,10008636.0
589145,2021-03-03,12.8,10.9,12.8,10.85,54844924.0
589145,2021-03-17,13.55,14.0,14.0,13.55,9170802.0
589145,2021-04-26,11.05,11.0,11.35,10.8,4641656.0
589145,2021-04-29,11.05,11.25,11.35,11.0,1464678.0
589145,2021-06-01,11.95,12.5,12.65,11.8,5269097.0
589145,2021-06-03,13.05,12.5,13.05,12.4,15053416.0
589145,2021-06-25,14.75,15.35,15.65,14.6,12782905.0
589145,2021-07-14,14.2,14.35,14.55,14.15,2448472.0
589145,2021-08-05,13.45,13.75,13.85,13.25,3121287.0
589145,2021-08-12,12.8,12.4,13.1,12.4,3960247.0
589145,2021-09-15,11.7,11.55,12.15,11.35,7910852.0
589145,2021-09-17,12.75,12.2,13.5,11.65,20681953.0
589145,2021-10-05,13.5,13.65,13.9,13.4,9670381.0
589145,2021-10-26,12.65,12.5,12.95,12.45,3759976.0
589145,2021-11-24,12.4,12.35,12.85,12.35,3408255.0
589145,2021-12-03,13.65,14.7,14.75,13.55,25096688.0
589145,2022-01-03,16.7,16.5,17.3,16.1,15105022.0
589145,2022-01-05,16.2,16.3,16.85,16.1,11024073.0
589145,2022-02-03,15.25,15.2,15.7,15.1,4758658.0
589145,2022-02-11,14.35,14.5,15.05,14.25,4988898.0
589145,2022-03-25,11.65,11.95,12.25,11.6,5374762.0
589145,2022-05-18,10.3,10.4,10.55,10.2,2219144.0
589145,2022-05-23,9.95,10.4,10.6,9.85,3944637.0
589145,2022-05-26,9.4,9.5,9.55,9.0,3539904.0
589145,2022-06-17,8.8,8.6,8.9,8.5,2407152.0
589145,2022-07-08,9.15,9.25,9.3,9.1,1327449.0
589145,2022-07-27,9.6,9.65,9.75,9.55,1474658.0
589145,2022-08-02,10.3,9.8,10.55,9.8,11631040.0
589145,2022-08-25,11.0,11.1,11.4,10.85,6052655.0
589145,2022-09-05,12.05,11.95,12.65,11.9,11682084.0
589145,2022-09-27,9.75,9.9,10.05,9.7,2225284.0
589145,2022-10-28,10.3,10.5,10.6,10.25,2401391.0
589145,2022-11-07,11.3,11.2,11.6,11.05,8381627.0
589145,2023-02-10,12.05,11.85,12.25,11.8,8557734.0
589145,2023-03-17,10.35,10.4,10.55,10.25,4436159.0
589145,2021-01-01,9.4,9.2,9.6,9.15,5683500.0
589145,2021-01-25,8.7,9.05,9.1,8.5,1834271.0
589145,2021-02-04,9.0,8.95,9.1,8.95,2308698.0
589145,2021-02-09,9.0,9.2,9.4,9.0,2794416.0
589145,2021-02-17,9.15,8.45,9.45,8.45,10179767.0
589145,2021-06-14,13.35,13.8,13.8,12.75,5589578.0
589145,2021-08-02,14.6,14.5,14.75,14.45,3879150.0
589145,2021-08-16,12.05,12.4,12.4,12.0,1984045.0
589145,2021-08-31,11.5,11.85,11.9,11.4,2283926.0
589145,2021-09-08,11.3,11.2,11.7,11.1,3461806.0
589145,2021-10-14,13.9,14.1,14.4,13.85,7579357.0
589145,2021-11-16,13.0,13.5,13.5,12.85,6045604.0
589145,2021-12-10,17.6,17.5,18.25,17.45,20942334.0
589145,2022-02-22,12.15,12.35,12.7,11.9,5501251.0
589145,2022-03-14,12.05,12.5,12.55,12.0,3342629.0
589145,2022-05-17,10.25,10.15,10.4,10.0,2644899.0
589145,2022-05-20,10.5,10.3,10.6,10.2,2391055.0
589145,2022-06-24,8.9,8.85,8.95,8.7,1816198.0
589145,2022-07-05,9.0,9.2,9.35,8.95,1790955.0
589145,2022-08-10,9.95,10.35,10.4,9.85,5478066.0
589145,2022-08-18,11.1,10.4,11.25,10.3,21711247.0
589145,2022-08-24,11.1,11.35,11.4,11.0,3450009.0
589145,2022-09-30,9.55,9.5,9.65,9.45,2268814.0
589145,2022-11-04,11.1,11.25,11.4,10.85,10559610.0
589145,2022-11-09,11.45,11.4,11.85,11.25,9554383.0
589145,2022-11-25,13.15,12.95,13.5,12.8,14467170.0
589145,2023-01-11,13.85,13.9,14.1,13.7,8475707.0
589145,2023-02-03,12.05,12.3,12.45,11.7,24011054.0
589145,2023-02-08,11.9,12.0,12.15,11.85,10369048.0
589145,2023-03-03,11.3,11.2,11.4,11.15,3625286.0
589145,2023-03-06,11.4,11.35,11.65,11.2,5424568.0
589145,2021-02-05,9.1,9.2,9.55,9.05,4612522.0
589145,2021-02-10,9.0,9.0,9.1,8.9,1292434.0
589145,2021-02-15,8.5,8.75,8.85,8.25,4378787.0
589145,2021-03-22,12.95,12.3,12.95,12.1,3874901.0
589145,2021-04-15,11.3,10.9,11.3,10.6,3873380.0
589145,2021-04-16,11.3,11.15,11.85,11.05,3278198.0
589145,2021-04-28,11.15,11.35,11.4,11.1,2000535.0
589145,2021-05-20,11.15,11.1,11.3,11.1,2326139.0
589145,2021-05-26,12.25,11.85,12.25,11.8,4421396.0
589145,2021-05-27,12.0,12.3,12.5,11.95,4347194.0
589145,2021-06-21,13.4,13.0,14.05,12.8,9465894.0
589145,2021-07-05,15.15,13.9,15.15,13.85,16923980.0
589145,2021-07-13,14.35,14.6,14.8,14.25,4009729.0
589145,2021-09-02,11.4,11.5,11.6,11.35,1317093.0
589145,2021-09-24,12.0,12.05,12.35,11.95,3481954.0
589145,2021-10-07,12.95,13.15,13.4,12.9,6165059.0
589145,2021-11-15,13.0,12.2,13.3,12.15,15389756.0
589145,2021-11-17,12.8,12.95,13.25,12.7,3253854.0
589145,2021-12-27,15.9,15.25,16.5,15.05,13382372.0
589145,2022-01-20,16.35,16.2,16.65,16.2,6111171.0
589145,2022-02-08,14.1,14.85,14.9,14.05,6699791.0
589145,2022-02-10,14.8,15.1,15.15,14.6,4962654.0
589145,2022-04-26,11.6,11.6,11.8,11.45,5063484.0
589145,2022-06-06,10.2,10.3,10.5,10.1,2336753.0
589145,2022-06-10,9.85,9.9,10.0,9.8,1424810.0
589145,2022-06-20,8.35,8.9,8.95,8.25,2101020.0
589145,2022-06-29,8.85,8.9,8.95,8.8,974144.0
589145,2022-12-05,14.3,14.0,14.55,13.85,26652211.0
589145,2022-12-28,13.55,13.2,13.9,12.9,18697881.0
589145,2023-02-14,11.8,12.05,12.1,11.65,4851766.0
589145,2023-02-16,11.9,11.95,12.05,11.8,2263458.0
589145,2023-03-27,9.4,9.8,9.85,9.35,3230991.0
589145,2021-01-28,8.9,9.0,9.05,8.85,1726153.0
589145,2021-02-19,9.0,9.3,9.4,8.9,4341587.0
589145,2021-02-24,8.85,8.95,9.05,8.55,1271450.0
589145,2021-03-15,15.0,15.9,16.0,14.75,28839405.0
589145,2021-03-16,14.25,14.5,14.7,14.25,17037608.0
589145,2021-03-31,12.0,12.3,12.4,11.9,3859476.0
589145,2021-04-08,11.65,11.8,12.0,11.6,2678689.0
589145,2021-05-14,11.35,11.9,11.9,11.3,4270006.0
589145,2021-05-24,11.8,11.35,11.8,11.25,4329267.0
589145,2021-05-28,11.8,12.25,12.25,11.65,4164446.0
589145,2021-05-31,12.35,12.0,12.35,12.0,7300508.0
589145,2021-06-11,13.7,14.0,14.05,13.5,4699519.0
589145,2021-07-23,14.3,14.9,14.9,14.15,4203402.0
589145,2021-08-30,11.9,11.25,12.45,11.25,7135433.0
589145,2021-09-20,12.2,12.2,13.1,12.1,6809453.0
589145,2021-10-01,13.05,13.3,13.5,12.95,5596932.0
589145,2021-10-12,14.65,13.15,15.4,13.15,56122927.0
589145,2021-11-01,12.25,12.3,12.5,12.2,1964867.0
589145,2022-01-12,16.5,16.9,17.1,16.4,6836476.0
589145,2022-02-01,15.2,15.2,15.3,14.9,2958082.0
589145,2022-02-17,13.85,13.95,14.35,13.7,3261574.0
589145,2022-03-04,11.9,11.95,12.15,11.8,3304355.0
589145,2022-04-04,12.3,12.2,12.45,12.05,5277677.0
589145,2022-04-07,13.2,12.9,13.75,12.9,11881566.0
589145,2022-05-10,10.45,10.55,10.7,10.3,2396560.0
589145,2022-05-24,9.9,9.85,10.05,9.85,1886705.0
589145,2022-06-27,8.95,9.0,9.1,8.9,1519096.0
589145,2022-07-11,9.2,9.05,9.35,9.05,1653306.0
589145,2022-08-01,9.85,9.75,10.1,9.7,4639870.0
589145,2022-08-19,10.85,11.2,11.35,10.7,10760855.0
589145,2022-09-28,9.6,9.75,10.05,9.5,3742978.0
589145,2022-09-29,9.5,9.7,9.8,9.45,2152129.0
589145,2022-11-01,10.0,10.2,10.3,9.95,1849396.0
589145,2022-12-23,12.0,13.0,13.1,11.65,23680852.0
589145,2023-03-29,9.45,9.15,9.65,9.15,4994925.0
589145,2021-01-19,9.35,9.3,9.5,9.3,2459576.0
589145,2021-02-08,9.15,9.25,9.3,9.1,1814697.0
589145,2021-02-23,8.8,8.8,8.9,8.75,1018480.0
589145,2021-03-23,13.55,13.35,13.55,13.15,11846361.0
589145,2021-04-07,11.85,11.85,12.1,11.7,3464536.0
589145,2021-04-19,10.75,11.0,11.05,10.75,2490672.0
589145,2021-04-23,10.9,10.4,10.9,10.35,3129744.0
589145,2021-05-05,10.95,11.05,11.25,10.85,1638076.0
589145,2021-05-25,11.7,12.0,12.2,11.6,5378264.0
589145,2021-06-17,13.35,13.05,13.9,12.9,7232083.0
589145,2021-07-15,13.9,14.3,14.5,13.75,3529608.0
589145,2021-07-22,14.7,14.95,15.2,14.6,7440364.0
589145,2021-07-27,13.95,14.0,14.45,13.75,3733924.0
589145,2021-08-23,10.65,11.3,11.3,10.55,2866898.0
589145,2021-09-09,11.3,11.35,11.5,11.25,1571715.0
589145,2021-10-13,14.05,14.8,14.9,13.9,19936510.0
589145,2021-11-04,12.25,12.0,12.35,12.0,918286.0
589145,2021-11-26,11.95,12.25,12.4,11.9,3632586.0
589145,2021-12-09,17.7,17.9,18.55,16.95,51201071.0
589145,2022-01-07,16.35,16.45,16.75,16.3,8260112.0
589145,2022-02-15,13.6,13.35,13.7,13.0,4605842.0
589145,2022-02-16,13.9,13.8,14.55,13.6,9674602.0
589145,2022-04-06,13.0,12.7,13.3,12.7,7306751.0
589145,2022-05-11,9.95,10.45,10.5,9.9,5776695.0
589145,2022-10-11,9.8,10.15,10.2,9.8,1802604.0
589145,2022-10-13,9.75,10.0,10.05,9.65,1819758.0
589145,2022-11-02,11.95,10.05,12.0,10.0,66514035.0
589145,2022-11-14,11.95,11.8,12.15,11.5,7122420.0
589145,2022-11-29,13.35,13.55,13.7,13.15,19344797.0
589145,2022-12-08,14.1,13.75,14.25,13.6,13517088.0
589145,2022-12-19,15.75,15.5,16.2,15.35,22659001.0
589145,2023-01-04,13.85,14.6,14.75,13.8,20021032.0
589145,2023-02-23,10.9,11.05,11.2,10.7,4092256.0
589145,2023-03-02,11.1,11.45,11.6,11.05,4247092.0
589145,2021-01-15,9.45,9.7,9.8,9.35,4218341.0
589145,2021-02-18,9.25,9.25,9.55,9.1,6231942.0
589145,2021-03-12,15.5,14.8,15.7,14.3,68952374.0
589145,2021-04-27,11.2,11.05,11.3,10.85,3283638.0
589145,2021-05-10,10.55,10.9,10.9,10.35,4518536.0
589145,2021-07-08,14.45,14.65,15.0,14.3,4342279.0
589145,2021-07-26,13.95,14.3,14.45,13.8,2842893.0
589145,2021-08-06,13.6,14.0,14.1,13.4,3349411.0
589145,2021-11-29,11.7,11.95,12.0,11.65,2494719.0
589145,2021-12-22,16.15,15.3,16.45,15.2,15009526.0
589145,2021-12-29,16.7,17.4,17.9,16.55,16422894.0
589145,2022-01-24,15.0,15.75,16.0,14.35,10934286.0
589145,2022-02-24,10.9,12.0,12.15,10.8,10442042.0
589145,2022-04-29,11.3,11.45,11.6,11.3,2873862.0
589145,2022-05-04,10.9,11.1,11.25,10.85,3635753.0
589145,2022-05-16,9.85,9.85,9.95,9.55,2032133.0
589145,2022-06-13,9.4,9.8,9.85,9.1,3255498.0
589145,2022-07-21,10.0,9.75,10.15,9.7,3699515.0
589145,2022-07-28,9.6,9.7,9.75,9.6,1037700.0
589145,2022-08-30,11.0,10.8,11.2,10.8,4217388.0
589145,2022-09-07,11.85,11.65,12.05,11.6,3447495.0
589145,2022-10-06,9.9,9.7,10.2,9.7,3364764.0
589145,2022-10-25,10.25,9.95,10.7,9.8,5277388.0
589145,2022-11-11,11.8,12.15,12.25,11.75,8194282.0
589145,2022-12-06,14.05,14.25,14.65,13.9,19235223.0
589145,2022-12-29,13.55,13.5,13.8,13.35,10516310.0
589145,2023-01-23,13.1,13.25,13.35,13.0,16467958.0
589145,2023-01-25,12.7,13.05,13.1,12.5,14854144.0
589145,2021-01-06,9.45,9.55,9.8,9.35,9908252.0
589145,2021-01-20,9.35,9.3,9.45,9.25,1717390.0
589145,2021-02-26,8.9,9.0,9.35,8.85,4919128.0
589145,2021-03-08,11.85,12.3,12.5,11.8,7872741.0
589145,2021-04-01,12.6,12.1,12.6,12.05,5987391.0
589145,2021-04-13,10.8,10.65,10.95,10.6,5846508.0
589145,2021-05-18,11.3,11.5,11.7,11.25,3350632.0
589145,2021-06-10,13.8,13.5,14.15,13.25,7927668.0
589145,2021-06-29,14.05,14.1,14.45,13.8,10658313.0
589145,2021-07-20,14.9,13.75,15.15,13.35,23580092.0
589145,2021-08-27,11.25,11.25,11.75,11.05,3250243.0
589145,2021-09-03,11.5,11.45,11.8,11.35,2520227.0
589145,2021-09-06,11.25,11.5,11.55,11.25,2064200.0
589145,2021-09-07,11.15,11.4,11.45,11.05,1608170.0
589145,2021-09-16,11.95,11.75,12.3,11.7,8464457.0
589145,2021-10-06,13.0,13.45,13.65,12.9,5777527.0
589145,2021-10-08,13.15,13.1,13.4,12.9,7491328.0
589145,2021-10-18,14.1,14.0,14.55,14.0,8182785.0
589145,2021-10-21,12.9,13.0,13.35,12.85,5400094.0
589145,2021-10-29,12.2,12.25,12.55,12.05,3203344.0
589145,2021-11-02,12.5,12.4,12.75,12.25,2516487.0
589145,2021-11-22,12.15,12.8,12.85,12.1,3264733.0
589145,2021-12-07,15.4,15.3,16.65,14.75,57562461.0
589145,2021-12-24,15.55,16.05,16.05,15.4,5861669.0
589145,2022-01-17,16.65,16.85,17.1,16.6,6547433.0
589145,2022-03-22,12.1,12.2,12.2,12.05,2092595.0
589145,2022-04-28,11.3,11.5,11.65,11.3,3270637.0
589145,2022-06-01,10.4,10.05,10.5,10.0,5820948.0
589145,2022-06-28,8.9,8.8,9.0,8.8,1065141.0
589145,2022-07-04,9.15,9.1,9.25,9.0,1181208.0
589145,2022-07-06,9.0,9.05,9.2,8.95,1541429.0
589145,2022-07-29,9.7,9.7,9.9,9.6,2681483.0
589145,2022-10-19,9.75,9.8,9.95,9.7,1853295.0
589145,2022-10-24,9.9,9.85,10.0,9.8,663017.0
589145,2022-11-15,11.8,12.1,12.15,11.7,3129689.0
589145,2022-12-09,14.6,14.25,15.4,13.9,64512222.0
589145,2023-01-05,14.1,13.9,14.25,13.7,10297355.0
589145,2023-02-20,11.75,11.85,11.95,11.7,2278333.0
589145,2023-03-08,11.4,11.25,11.55,11.2,3114195.0
589145,2023-03-21,10.0,10.1,10.2,9.95,2877745.0
589145,2021-02-12,9.0,9.05,9.3,8.95,3555690.0
589145,2021-03-25,12.65,13.3,13.35,12.65,4064830.0
589145,2021-05-04,10.95,11.0,11.35,10.9,5200861.0
589145,2021-05-19,11.1,11.25,11.3,11.05,1750627.0
589145,2021-07-19,13.8,13.95,14.4,13.65,4221692.0
589145,2021-08-03,14.2,14.75,14.75,14.1,5757859.0
589145,2021-08-09,13.45,13.65,13.9,13.4,2161838.0
589145,2021-08-10,12.9,13.45,13.65,12.8,2939815.0
589145,2021-08-13,12.45,12.8,13.1,12.35,2151131.0
589145,2021-09-01,11.4,11.7,11.7,11.3,1510637.0
589145,2021-09-28,13.6,12.9,14.35,12.6,55998593.0
589145,2021-11-08,12.35,12.5,12.5,12.1,2174624.0
589145,2021-11-11,12.25,12.35,12.55,12.15,2052900.0
589145,2022-01-04,16.3,16.85,16.9,16.0,9783291.0
589145,2022-01-18,16.2,16.75,16.85,16.15,5976628.0
589145,2022-01-19,16.1,16.25,16.55,16.05,4946356.0
589145,2022-03-07,11.5,11.65,11.75,11.05,3776590.0
589145,2022-03-09,12.1,12.0,12.25,11.9,3781973.0
589145,2022-04-05,12.75,12.4,13.3,12.2,11527230.0
589145,2022-04-08,13.1,13.45,13.7,13.1,9408932.0
589145,2022-04-21,12.0,12.05,12.25,11.9,4647845.0
589145,2022-04-27,11.45,11.5,11.6,11.25,3931013.0
589145,2022-05-02,11.05,11.2,11.4,11.0,4424312.0
589145,2022-06-15,9.35,9.45,9.55,9.3,921984.0
589145,2022-07-15,9.45,9.55,9.6,9.35,1591516.0
589145,2022-08-22,10.65,10.85,10.85,10.6,4483085.0
589145,2022-11-23,13.2,12.65,13.55,12.65,25912354.0
589145,2022-11-24,12.9,13.35,13.6,12.85,14997437.0
589145,2022-12-12,15.2,14.8,15.4,14.6,30660386.0
589145,2023-01-09,14.0,14.0,14.4,13.9,11098585.0
589145,2023-03-16,10.35,10.5,10.55,10.2,4431778.0
589145,2023-03-20,10.0,10.25,10.3,9.95,4745282.0
589145,2021-01-05,9.4,9.4,9.55,9.25,3906893.0
589145,2021-02-22,8.75,9.1,9.1,8.7,1854604.0
589145,2021-03-02,10.7,9.7,11.05,9.55,43350797.0
589145,2021-03-04,11.9,12.5,13.2,11.85,44277323.0
589145,2021-03-24,13.3,13.95,14.2,13.25,14562774.0
589145,2021-05-07,10.7,10.95,11.1,10.55,2661815.0
589145,2021-05-17,11.4,11.35,11.65,11.35,2047740.0
589145,2021-06-04,12.85,13.25,13.25,12.8,5942398.0
589145,2021-07-07,14.55,14.35,14.9,14.1,6293563.0
589145,2021-08-20,11.1,11.4,11.55,11.0,2485330.0
589145,2021-09-21,12.2,12.2,12.4,11.85,2957996.0
589145,2021-10-20,12.9,13.4,13.55,12.8,6030382.0
589145,2021-10-25,12.45,12.85,12.95,12.4,3375443.0
589145,2021-11-10,12.45,12.3,13.15,12.2,5790263.0
589145,2021-12-13,17.85,17.8,18.85,17.1,32858026.0
589145,2022-01-13,16.5,16.65,16.7,16.2,6535174.0
589145,2022-01-21,15.75,16.25,16.45,15.65,5272020.0
589145,2022-02-07,14.75,15.0,15.3,14.7,5488006.0
589145,2022-03-30,11.35,11.25,11.7,11.2,4387707.0
589145,2022-04-01,12.0,11.2,12.05,11.15,8566823.0
589145,2022-04-18,12.1,12.3,12.35,11.95,3532579.0
589145,2022-05-05,11.15,11.0,11.6,11.0,5920771.0
589145,2022-07-22,9.85,9.95,10.05,9.7,2748810.0
589145,2022-07-26,9.6,9.8,9.85,9.5,1520023.0
589145,2022-08-11,9.8,10.1,10.1,9.75,3930844.0
589145,2022-08-26,10.95,11.15,11.3,10.85,2951608.0
589145,2022-09-06,11.75,12.15,12.3,11.6,6070064.0
589145,2022-09-09,11.55,12.0,12.05,11.5,3561214.0
589145,2022-09-16,10.75,11.0,11.15,10.65,2875432.0
589145,2022-10-03,9.5,9.45,9.65,9.4,1948627.0
589145,2022-11-03,11.1,11.7,11.7,11.05,16624733.0
589145,2022-11-16,11.6,11.7,12.1,11.5,6374666.0
589145,2022-12-07,13.7,14.05,14.3,13.6,15513995.0
589145,2022-12-13,15.9,15.35,16.35,15.25,60527075.0
589145,2023-01-06,13.9,14.2,14.2,13.65,11014126.0
589145,2023-01-13,13.65,13.75,13.9,13.55,9431275.0
589145,2023-02-01,12.15,12.8,12.9,11.95,12644756.0
589145,2023-02-24,11.0,11.0,11.2,10.9,3148753.0
589145,2021-01-12,9.95,10.1,10.2,9.85,4335529.0
589145,2021-01-18,9.25,9.65,9.65,9.15,3050751.0
589145,2021-01-21,9.1,9.4,9.5,9.1,2688048.0
589145,2021-03-18,12.9,13.15,13.4,12.9,16284285.0
589145,2021-04-06,11.8,12.0,12.15,11.5,5302454.0
589145,2021-07-12,14.45,14.75,14.95,14.4,3398489.0
589145,2021-09-14,11.4,11.35,11.6,11.15,3241738.0
589145,2021-10-04,13.6,13.25,13.85,13.25,10409516.0
589145,2021-10-22,12.75,13.05,13.3,12.65,4539483.0
589145,2021-11-03,11.9,12.65,12.75,11.5,6969393.0
589145,2021-11-25,12.5,12.5,12.6,12.3,1604352.0
589145,2021-12-01,11.95,11.95,12.05,11.75,1551438.0
589145,2021-12-14,17.9,17.6,18.4,17.5,21786785.0
589145,2022-01-25,15.1,14.75,15.4,14.55,5873157.0
589145,2022-01-28,15.35,15.85,16.1,15.15,4318918.0
589145,2022-03-11,12.4,12.4,12.65,12.3,2807589.0
589145,2022-06-16,8.75,9.45,9.6,8.65,4068823.0
589145,2022-07-14,9.55,9.85,9.9,9.5,2372999.0
589145,2022-10-27,10.45,10.25,10.6,10.25,3578055.0
589145,2022-10-31,10.2,10.4,10.4,10.15,1078569.0
589145,2022-12-15,15.75,15.5,16.65,15.45,53012867.0
589145,2022-12-20,15.55,15.8,16.0,15.1,20312787.0
589145,2023-01-10,13.8,14.0,14.1,13.6,8257904.0
589145,2023-01-20,13.1,13.35,13.55,13.05,24859194.0
589145,2023-02-02,12.3,12.05,12.6,11.9,19273795.0
589145,2023-02-28,10.9,10.9,11.0,10.8,3296070.0
589145,2023-03-01,11.35,10.9,11.5,10.9,5616805.0
589145,2023-03-09,11.6,11.45,11.95,11.4,9100823.0
589145,2021-01-04,9.45,9.5,9.65,9.35,3576639.0
589145,2021-02-01,9.05,8.9,9.15,8.8,3736855.0
589145,2021-02-03,8.95,9.1,9.1,8.9,4178638.0
589145,2021-02-16,8.45,8.5,8.65,8.35,1720979.0
589145,2021-03-26,12.7,12.7,13.2,12.5,6183780.0
589145,2021-04-05,12.0,12.45,12.45,12.0,2453454.0
589145,2021-04-12,11.15,11.55,11.55,11.15,1024270.0
589145,2021-04-20,10.45,10.55,11.2,10.4,2262055.0
589145,2021-05-03,10.85,10.8,10.95,10.7,1355023.0
589145,2021-04-30,10.9,11.05,11.05,10.85,1900491.0
589145,2021-05-06,10.95,11.0,11.2,10.9,1325143.0
589145,2021-06-07,14.1,13.05,14.1,12.9,18710701.0
589145,2021-06-16,13.15,13.55,13.7,13.0,5193769.0
589145,2021-06-09,13.3,13.85,14.15,13.05,10077619.0
589145,2021-06-23,16.0,15.05,16.15,13.9,71199096.0
589145,2021-06-22,14.7,13.55,14.7,13.45,15371611.0
589145,2021-08-18,11.5,11.75,12.0,11.4,1954518.0
589145,2021-07-01,13.8,13.95,14.3,13.75,4583361.0
589145,2021-08-26,11.25,11.7,11.75,11.2,1363062.0
589145,2021-07-30,14.4,14.1,14.75,13.95,8713010.0
589145,2021-09-30,13.45,13.35,13.85,13.3,8647646.0
589145,2022-01-10,17.1,16.65,17.55,16.5,21422340.0
589145,2021-10-19,13.4,14.2,14.35,13.25,6574615.0
589145,2022-01-14,16.85,16.4,17.45,16.3,9165091.0
589145,2021-12-21,15.05,15.05,15.9,14.95,11892512.0
589145,2022-01-27,15.7,15.0,16.0,14.65,6616050.0
589145,2021-12-28,17.4,16.1,17.45,16.05,33750912.0
589145,2022-02-14,13.3,14.0,14.05,13.2,7079882.0
589145,2022-02-18,13.6,13.7,14.1,13.5,3008977.0
589145,2022-01-31,15.05,15.6,15.65,15.0,4512958.0
589145,2022-02-25,11.95,11.25,12.0,11.25,6582859.0
589145,2022-04-20,11.9,12.1,12.35,11.8,3842318.0
589145,2022-02-21,13.0,13.55,13.55,13.0,3964747.0
589145,2022-04-22,11.9,12.0,12.1,11.85,4231937.0
589145,2022-03-02,12.05,12.1,12.25,11.85,2681300.0
589145,2022-03-15,11.8,12.05,12.2,11.75,3135016.0
589145,2022-05-06,10.85,10.9,11.3,10.75,5520739.0
589145,2022-05-13,9.6,9.6,10.0,9.4,3545870.0
589145,2022-04-11,12.85,13.2,13.2,12.75,4827427.0
589145,2022-05-30,10.05,9.7,10.2,9.6,3206962.0
589145,2022-06-03,10.3,10.85,10.9,10.2,3334062.0
589145,2022-05-12,9.4,9.9,9.9,9.2,4028001.0
589145,2022-05-31,10.0,10.05,10.15,9.85,2599824.0
589145,2022-06-21,8.65,8.4,8.75,8.4,2142546.0
589145,2022-06-07,9.95,10.0,10.25,9.9,2522288.0
589145,2022-08-12,10.05,9.75,10.25,9.7,4438850.0
589145,2022-09-13,11.3,11.35,11.5,11.3,2228666.0
589145,2022-06-09,10.0,10.05,10.15,9.95,2196559.0
589145,2022-06-14,9.4,9.4,9.55,9.35,1275469.0
589145,2022-09-15,11.05,11.2,11.35,11.0,3428407.0
589145,2022-07-01,9.1,8.6,9.55,8.6,3960742.0
589145,2022-09-19,10.6,10.8,10.95,10.5,2896931.0
589145,2022-12-02,13.8,13.05,14.2,13.05,29423258.0
589145,2022-08-16,10.05,10.05,10.25,9.95,3853606.0
589145,2022-09-14,11.15,11.05,11.35,11.0,3309785.0
589145,2022-12-22,13.25,13.75,14.05,12.9,27290803.0
589145,2022-10-14,9.75,9.85,10.0,9.7,1114862.0
589145,2023-01-03,14.5,14.15,14.9,14.15,20455408.0
589145,2022-10-18,9.8,9.75,9.85,9.7,1034076.0
589145,2023-01-19,13.35,13.65,13.8,13.25,8571813.0
589145,2022-10-20,9.75,9.75,9.85,9.65,1883285.0
589145,2023-01-27,12.2,12.75,12.75,12.1,13437389.0
589145,2023-02-13,11.95,12.15,12.2,11.9,11046872.0
589145,2022-10-21,9.7,9.75,10.15,9.7,3164961.0
589145,2022-11-18,11.7,11.8,11.95,11.6,4416988.0
589145,2023-03-22,10.1,10.05,10.2,10.05,1942968.0
589145,2023-01-02,14.1,13.8,14.25,13.7,12221206.0
589145,2023-03-28,9.1,9.5,9.55,9.0,4046649.0
589145,2023-02-06,12.05,12.05,12.3,11.95,10642762.0
589145,2023-02-21,11.55,11.75,11.8,11.5,2075817.0
589145,2021-01-07,9.55,9.5,9.75,9.5,5058045.0
589145,2021-01-08,10.2,9.6,10.4,9.45,11793872.0
589145,2021-02-25,9.05,9.05,9.25,8.85,3688244.0
589145,2021-03-30,12.25,13.0,13.0,12.2,2989595.0
589145,2021-04-09,11.7,11.7,12.0,11.55,2998834.0
589145,2021-05-11,11.05,10.55,11.05,10.4,2920802.0
589145,2021-05-21,11.25,11.25,11.5,11.2,2419011.0
589145,2021-06-02,12.45,12.05,12.5,11.95,5142299.0
589145,2021-06-15,13.45,13.4,13.9,13.4,5932225.0
589145,2021-06-24,15.2,16.0,16.4,14.85,36433582.0
589145,2021-06-28,14.9,14.75,15.2,14.7,8094227.0
589145,2021-07-06,14.4,15.35,15.5,14.3,10795550.0
589145,2021-09-22,12.05,12.2,12.35,12.0,2389403.0
589145,2021-10-28,12.25,12.6,12.75,12.2,3066312.0
589145,2021-11-18,12.8,12.8,13.0,12.6,3236295.0
589145,2021-12-17,15.8,16.5,16.55,15.5,13570743.0
589145,2022-02-04,14.9,15.4,15.45,14.8,4848703.0
589145,2022-06-23,8.7,8.65,8.9,8.6,1825079.0
589145,2022-07-18,9.65,9.5,9.75,9.45,1611698.0
589145,2022-07-19,9.55,9.6,9.75,9.5,1865794.0
589145,2022-08-29,10.7,10.55,10.9,10.4,3847216.0
589145,2022-09-08,11.85,12.05,12.15,11.8,3697150.0
589145,2022-09-20,10.65,10.85,11.2,10.6,5962050.0
589145,2022-10-12,9.75,9.9,9.95,9.55,2922353.0
589145,2022-10-17,9.65,9.75,9.8,9.6,1287869.0
589145,2022-11-21,12.65,11.6,12.8,11.6,24547809.0
589145,2022-12-30,13.8,13.7,14.25,13.65,14998621.0
589145,2023-01-31,12.6,12.2,12.8,12.0,17566395.0
589145,2023-02-07,11.9,12.05,12.25,11.8,14461623.0
589145,2023-02-22,11.05,11.5,11.5,11.0,3830011.0
589145,2023-02-27,10.9,11.0,11.15,10.8,2741872.0
589145,2023-03-10,11.4,11.5,11.75,11.25,9158514.0
589145,2021-01-29,8.8,9.0,9.1,8.75,1862424.0
589145,2021-02-02,8.9,9.1,9.2,8.85,1924872.0
589145,2021-02-11,9.0,8.9,9.15,8.9,1813819.0
589145,2021-03-05,11.85,11.7,12.3,11.0,22129515.0
589145,2021-06-08,13.7,14.35,14.4,13.55,9466897.0
589145,2021-08-17,11.7,12.0,12.2,11.55,2620768.0
589145,2021-08-24,11.4,10.55,11.55,10.55,4298866.0
589145,2021-10-11,13.25,13.35,13.75,13.2,8834247.0
589145,2021-10-27,12.55,12.6,12.9,12.05,4237062.0
589145,2021-11-09,12.3,12.25,12.45,12.2,1781862.0
589145,2021-11-30,11.7,11.75,12.1,11.65,1932882.0
589145,2021-12-30,16.15,16.7,16.75,16.0,8100383.0
589145,2022-02-23,12.5,12.15,12.75,12.1,4132121.0
589145,2022-03-16,12.65,12.0,13.3,12.0,16083833.0
589145,2022-03-21,12.15,12.6,12.65,12.05,3309744.0
589145,2022-03-28,11.35,11.6,11.9,11.3,5579822.0
589145,2022-03-29,11.1,11.45,11.65,11.05,6412980.0
589145,2022-04-19,11.95,12.2,12.6,11.85,4033456.0
589145,2022-05-19,10.15,10.05,10.55,9.8,4324767.0
589145,2022-06-02,10.7,10.25,11.05,10.2,8900884.0
589145,2022-06-30,8.65,8.8,8.9,8.65,1211174.0
589145,2022-07-07,9.15,9.1,9.4,9.05,2527005.0
589145,2022-09-12,11.35,11.65,11.65,11.3,4003241.0
589145,2022-09-22,10.4,10.35,10.7,10.25,3577697.0
589145,2022-11-17,11.7,11.6,12.05,11.55,6101458.0
589145,2022-11-22,12.65,12.7,13.1,12.5,14169621.0
589145,2023-01-16,13.85,13.7,14.25,13.7,11989706.0
589145,2023-01-18,13.7,13.7,13.95,13.6,6174013.0
589145,2023-01-30,12.15,12.05,12.35,11.75,17205737.0
589145,2023-02-15,11.9,11.8,12.0,11.7,4094329.0
589145,2021-01-11,10.15,10.35,10.4,9.75,10699488.0
589145,2021-03-09,13.0,11.9,13.0,11.9,60822595.0
589145,2021-04-22,10.4,10.45,10.55,10.3,2357184.0
589145,2021-05-12,11.55,11.5,11.6,11.15,6807875.0
589145,2021-07-16,14.15,14.0,14.35,13.95,3255846.0
589145,2021-07-28,13.8,14.15,14.15,13.65,5547589.0
589145,2021-08-04,13.8,14.25,14.35,13.75,3375988.0
589145,2021-08-25,11.6,11.6,11.85,11.3,3649857.0
589145,2021-09-23,11.9,12.3,12.3,11.85,4342754.0
589145,2021-09-27,12.65,12.1,12.9,11.9,10872230.0
589145,2021-09-29,13.3,13.15,14.15,13.15,15281795.0
589145,2021-11-12,12.2,12.0,12.3,12.0,2695315.0
589145,2021-12-02,14.3,12.05,14.3,11.85,18566698.0
589145,2021-12-15,17.2,18.0,18.1,17.1,12333366.0
589145,2021-12-16,16.5,17.3,17.45,16.2,12429042.0
589145,2021-12-23,15.9,16.25,16.4,15.8,7116213.0
589145,2021-12-31,16.25,16.3,16.9,16.2,8388829.0
589145,2022-02-02,15.15,15.3,15.5,15.0,3740912.0
589145,2022-02-09,15.0,14.2,15.15,14.05,8349141.0
589145,2022-02-28,12.25,12.0,12.35,11.55,4425522.0
589145,2022-03-03,12.1,12.4,12.4,12.0,3040834.0
589145,2022-03-10,12.5,12.45,12.85,12.35,5798726.0
589145,2022-03-31,11.1,11.45,11.55,11.05,4055400.0
589145,2022-04-12,12.55,12.85,12.85,12.4,4315679.0
589145,2022-04-25,11.55,11.85,11.85,11.5,3061768.0
589145,2022-05-27,9.5,9.75,9.75,9.35,2370643.0
589145,2022-06-08,10.05,10.05,10.25,9.95,2245841.0
589145,2022-06-22,8.65,8.7,8.8,8.4,1720885.0
589145,2022-07-12,9.2,9.15,9.4,9.15,2452411.0
589145,2022-08-03,10.1,10.2,10.3,9.9,5541693.0
589145,2022-08-08,10.35,10.45,10.5,10.25,3081811.0
589145,2022-08-17,10.35,10.0,10.45,10.0,6776048.0
589145,2022-09-02,11.9,12.3,12.35,11.85,8986452.0
589145,2022-09-21,10.4,10.7,10.8,10.4,3696619.0
589145,2022-09-26,9.8,10.0,10.2,9.75,2113236.0
589145,2022-10-04,9.7,9.65,9.75,9.65,2464517.0
589145,2022-10-07,10.3,9.95,10.35,9.9,3451428.0
589145,2022-11-10,12.1,11.75,12.4,11.5,38603333.0
589145,2022-12-16,15.35,15.75,16.0,15.05,26678060.0
589145,2022-12-27,13.2,13.4,13.65,12.9,20547337.0
589145,2023-01-17,13.65,13.85,13.95,13.5,6583801.0
589145,2023-02-17,11.85,11.85,11.95,11.8,1748176.0
589145,2023-03-15,10.5,10.65,10.75,10.4,2997815.0
589145,2023-03-24,9.75,10.05,10.15,9.65,2866696.0
589145,2021-03-10,14.3,13.6,14.3,13.0,60992621.0
589145,2021-03-19,12.35,12.45,12.7,12.3,14616944.0
589145,2021-06-18,13.25,13.5,13.55,12.7,5284250.0
589145,2021-06-30,13.95,14.0,14.35,13.85,4587988.0
589145,2021-07-02,13.8,13.9,14.1,13.65,3637004.0
589145,2021-07-09,14.65,14.6,14.85,14.3,4047325.0
589145,2021-07-29,13.9,14.0,14.15,13.8,2463939.0
589145,2021-08-11,12.4,12.9,13.1,11.35,6703571.0
589145,2021-09-13,11.3,11.3,11.55,11.1,2462617.0
589145,2021-11-23,12.25,12.15,12.45,12.1,2226460.0
589145,2021-12-06,14.9,13.65,16.0,13.6,53966453.0
589145,2021-12-08,17.8,15.65,18.2,15.1,79498041.0
589145,2021-12-20,14.95,15.5,16.2,14.25,25708534.0
589145,2022-01-06,16.2,16.15,16.45,16.0,9526080.0
589145,2022-01-11,16.7,17.15,17.35,16.65,7379050.0
589145,2022-03-08,11.9,11.55,12.0,11.55,3440018.0
589145,2022-03-17,12.55,12.7,12.95,12.45,5260533.0
589145,2022-03-23,11.9,12.2,12.3,11.85,3414879.0
589145,2022-03-24,11.85,11.8,12.05,11.8,3200102.0
589145,2022-04-13,12.3,12.7,12.75,12.25,4144669.0
589145,2022-05-09,10.55,10.75,10.8,10.5,4153633.0
589145,2022-05-25,9.5,10.0,10.05,9.4,3277002.0
589145,2022-07-13,9.8,9.25,10.05,9.2,8095522.0
589145,2022-07-20,9.75,9.65,10.15,9.55,4953903.0
589145,2022-07-25,9.7,9.85,10.15,9.6,3960948.0
589145,2022-08-04,10.25,10.1,10.6,9.9,12162119.0
589145,2022-08-05,10.4,10.25,10.8,10.2,9318443.0
589145,2022-08-23,11.3,10.65,11.55,10.55,15864556.0
589145,2022-09-01,12.3,10.9,12.7,10.8,34611387.0
589145,2022-09-23,10.1,10.4,10.55,10.05,2426742.0
589145,2022-10-10,10.1,10.25,10.25,10.05,1818146.0
589145,2022-11-28,13.4,13.25,14.15,13.15,19710377.0
589145,2022-11-30,13.15,13.45,13.6,13.1,9884746.0
589145,2022-12-01,13.1,13.25,13.4,13.05,5572192.0
589145,2022-12-14,15.65,16.0,16.25,15.1,32242521.0
589145,2022-12-21,13.55,15.7,15.8,13.25,34620587.0
589145,2022-12-26,13.1,12.2,13.3,11.9,26973706.0
589145,2023-01-12,13.7,13.85,13.95,13.6,6377705.0
589145,2023-01-24,13.05,13.2,13.3,12.95,12096213.0
589145,2023-02-09,11.85,11.95,12.0,11.75,4391025.0
589145,2023-03-13,10.7,11.5,11.5,10.6,7797154.0
589145,2023-03-14,10.55,10.6,10.7,10.4,4235566.0
589145,2023-03-23,10.05,10.05,10.2,9.95,3035143.0
589145,2023-05-04,12.2,12.7,13.05,12.15,15749630.0
589145,2023-04-03,10.1,9.85,10.4,9.8,5210155.0
589145,2023-04-11,10.4,10.35,10.55,10.3,2212648.0
589145,2023-05-09,11.7,12.25,12.3,11.5,9458095.0
589145,2023-04-20,10.45,10.45,10.6,10.4,2440706.0
589145,2023-05-29,11.05,11.25,11.25,11.0,3782139.0
589145,2023-05-30,11.05,11.05,11.15,10.95,2787490.0
589145,2023-04-26,11.0,11.0,11.2,10.85,4765765.0
589145,2023-06-07,12.15,11.35,12.25,11.35,20637878.0
589145,2023-04-28,11.35,11.45,11.65,11.25,5102501.0
589145,2023-06-13,12.05,12.35,12.55,12.0,6882482.0
589145,2023-05-10,11.65,11.7,11.75,11.35,4234915.0
589145,2023-07-21,12.7,12.55,12.85,12.45,5868673.0
589145,2023-05-12,11.6,11.6,11.65,11.45,3478947.0
589145,2023-08-01,13.75,13.3,14.05,13.25,18100324.0
589145,2023-05-17,11.65,11.75,12.1,11.6,6122270.0
589145,2023-08-21,13.65,13.8,13.95,13.6,7066776.0
589145,2023-07-31,13.25,13.45,13.7,13.2,10623653.0
589145,2023-08-04,13.9,13.7,14.4,13.7,19032111.0
589145,2023-04-13,10.3,10.3,10.5,10.15,3528999.0
589145,2023-04-25,11.0,10.7,11.2,10.65,9599925.0
589145,2023-04-27,11.35,11.0,11.4,11.0,5962806.0
589145,2023-06-22,11.95,12.3,12.35,11.85,7852015.0
589145,2023-08-08,14.2,14.55,14.85,13.9,20377905.0
589145,2023-08-14,14.3,14.4,14.45,13.85,11209007.0
589145,2023-04-06,10.4,10.3,10.5,10.25,3270578.0
589145,2023-06-01,11.35,11.05,11.45,11.05,5391336.0
589145,2023-03-31,9.8,9.75,10.15,9.7,6034828.0
589145,2023-04-10,10.25,10.45,10.55,10.2,2164340.0
589145,2023-05-25,11.55,11.6,11.7,11.45,3003524.0
589145,2023-07-03,12.1,11.6,12.3,11.6,10073186.0
589145,2023-07-25,12.65,12.85,12.9,12.55,5088250.0
589145,2023-05-22,11.45,11.5,11.6,11.35,3053361.0
589145,2023-06-15,11.85,12.0,12.2,11.8,5935207.0
589145,2023-06-26,11.65,11.85,11.9,11.55,3827970.0
589145,2023-06-30,11.55,11.55,11.75,11.5,3373161.0
589145,2023-07-17,12.8,12.65,12.95,12.5,6751793.0
589145,2023-07-26,12.65,12.7,12.85,12.6,4519161.0
589145,2023-08-09,14.35,14.2,14.45,13.85,11053661.0
589145,2023-08-23,14.95,14.5,15.1,14.4,7930333.0
589145,2023-06-19,12.15,12.05,12.45,12.0,9943336.0
589145,2023-05-24,11.55,11.45,12.0,11.45,5295144.0
589145,2023-08-10,15.15,14.35,16.05,14.3,65344037.0
589145,2023-05-31,11.05,11.0,11.45,10.95,7899430.0
589145,2023-06-06,11.3,11.4,11.5,11.25,2986546.0
589145,2023-06-14,12.0,12.1,12.25,11.95,5038165.0
589145,2023-06-27,11.55,11.75,11.9,11.5,5169009.0
589145,2023-07-14,12.55,12.45,12.65,12.3,5427634.0
589145,2023-07-28,13.4,13.6,13.75,13.25,12690407.0
589145,2023-08-07,14.45,14.0,14.75,13.95,26843509.0
589145,2023-04-12,10.3,10.45,10.5,10.2,1979535.0
589145,2023-04-19,10.45,10.65,10.8,10.4,4033492.0
589145,2023-05-02,11.5,11.4,11.85,11.35,9123333.0
589145,2023-05-23,11.5,11.45,11.75,11.45,3704720.0
589145,2023-06-12,12.4,12.05,12.55,11.9,15187126.0
589145,2023-07-18,12.65,12.85,12.95,12.55,6323814.0
589145,2023-08-16,14.05,14.3,14.5,14.0,11513759.0
589145,2023-04-24,10.65,10.5,10.7,10.45,1969934.0
589145,2023-04-05,10.2,10.15,10.3,9.95,3168488.0
589145,2023-04-21,10.45,10.45,10.55,10.3,2231818.0
589145,2023-05-08,12.2,12.25,12.35,12.1,4290237.0
589145,2023-04-17,10.55,10.3,10.7,10.2,4753381.0
589145,2023-05-11,11.6,11.65,12.0,11.5,4625314.0
589145,2023-05-15,11.55,11.65,11.65,11.4,3242669.0
589145,2023-07-06,12.45,12.3,12.85,12.25,9840285.0
589145,2023-08-17,13.95,14.15,14.3,13.85,8201982.0
589145,2023-06-16,12.05,11.9,12.2,11.9,4376730.0
589145,2023-06-23,11.8,11.95,11.95,11.7,3682823.0
589145,2023-07-20,12.6,12.6,12.85,12.55,6119459.0
589145,2023-07-24,12.75,12.75,13.05,12.7,8009211.0
589145,2023-05-16,11.7,11.55,11.9,11.55,4072461.0
589145,2023-05-18,11.4,11.65,11.85,11.4,3601956.0
589145,2023-06-05,11.4,11.45,11.6,11.35,3011711.0
589145,2023-05-26,11.15,11.3,11.35,11.1,6380451.0
589145,2023-06-20,12.8,12.15,12.9,12.05,23687391.0
589145,2023-06-09,11.95,11.8,12.05,11.65,4797377.0
589145,2023-07-07,12.6,12.45,12.85,12.3,12497383.0
589145,2023-07-04,11.9,12.1,12.3,11.8,9399534.0
589145,2023-07-05,12.35,11.9,12.65,11.8,14153247.0
589145,2023-07-19,12.6,12.7,12.75,12.5,6170740.0
589145,2023-07-27,13.65,12.7,13.8,12.7,30857367.0
589145,2023-08-03,13.6,13.3,13.7,13.25,12428846.0
589145,2023-08-11,14.55,15.25,15.45,14.45,20941846.0
589145,2023-04-18,10.6,10.55,10.95,10.55,6183463.0
589145,2023-05-05,12.15,12.25,12.75,12.05,9575757.0
589145,2023-05-19,11.5,11.45,11.6,11.2,4733224.0
589145,2023-06-21,12.25,12.8,12.85,12.2,9192099.0
589145,2023-07-11,12.8,13.25,13.3,12.65,14254018.0
589145,2023-07-12,12.8,12.85,13.2,12.75,9623387.0
589145,2023-06-02,11.4,11.45,11.6,11.3,4173951.0
589145,2023-05-03,12.5,11.45,12.8,11.35,27984073.0
589145,2023-06-28,11.5,11.6,11.8,11.45,6177942.0
589145,2023-08-18,13.7,13.95,14.25,13.55,13504842.0
589145,2023-06-08,11.75,12.1,12.35,11.7,11140774.0
589145,2023-07-10,13.15,12.9,13.65,12.8,31098557.0
589145,2023-07-13,12.35,12.9,13.05,12.25,10122448.0
589145,2023-08-22,14.35,13.75,14.5,13.75,15623029.0
589145,2023-08-02,13.25,13.75,14.3,13.05,32736688.0
