stockid,date,close,open,high,low,volume
1002983,2021-01-01,333.6,314.75,347.7,311.5,522495.0
1002983,2021-01-04,329.7,337.85,346.85,326.0,106971.0
1002983,2021-02-08,328.4,341.7,343.7,326.3,46451.0
1002983,2021-02-23,318.25,328.0,328.0,314.8,65772.0
1002983,2021-03-12,336.3,325.05,350.5,325.05,52419.0
1002983,2021-03-02,327.55,330.3,339.3,324.35,75933.0
1002983,2021-04-12,315.2,318.05,325.0,307.0,16929.0
1002983,2021-06-09,357.15,373.0,376.7,355.0,77397.0
1002983,2021-03-31,312.25,313.0,314.7,309.0,16924.0
1002983,2021-04-15,310.3,311.45,313.0,306.0,14182.0
1002983,2021-04-20,303.25,306.95,309.4,300.5,7000.0
1002983,2021-06-16,389.4,400.15,406.4,385.0,77863.0
1002983,2021-05-04,304.45,313.0,313.0,303.15,14268.0
1002983,2021-07-09,339.05,340.0,343.9,335.55,47694.0
1002983,2021-05-18,302.8,303.8,304.55,300.0,23561.0
1002983,2021-07-22,342.9,352.9,352.9,341.1,43173.0
1002983,2021-05-21,302.95,307.9,307.9,302.0,29408.0
1002983,2021-08-26,288.25,291.9,292.2,287.05,95510.0
1002983,2021-06-03,377.9,369.75,382.95,363.95,525541.0
1002983,2021-09-14,294.9,296.4,300.4,293.0,117676.0
1002983,2021-06-11,400.5,389.0,416.7,385.5,1250744.0
1002983,2022-01-04,244.35,242.5,250.0,242.5,36671.0
1002983,2021-07-06,353.55,355.95,357.1,349.1,34844.0
1002983,2021-07-12,342.4,347.4,349.75,340.85,66184.0
1002983,2021-07-16,341.9,342.0,346.65,339.0,86526.0
1002983,2021-09-01,289.8,294.0,295.75,287.5,234566.0
1002983,2021-09-08,299.8,298.5,307.0,296.4,153643.0
1002983,2021-11-02,265.8,264.5,267.95,262.8,33049.0
1002983,2021-01-29,327.85,325.6,333.95,323.0,52858.0
1002983,2021-02-03,352.75,357.7,357.7,348.5,31150.0
1002983,2021-03-03,326.6,328.95,332.35,324.1,21303.0
1002983,2021-03-18,323.85,335.0,339.75,321.5,39825.0
1002983,2021-05-03,307.0,301.25,310.0,300.9,11113.0
1002983,2021-06-14,398.8,403.9,409.0,366.55,151021.0
1002983,2021-06-15,399.6,398.0,409.0,397.0,76045.0
1002983,2021-06-24,341.05,351.9,352.95,340.0,57842.0
1002983,2021-08-10,349.25,359.5,362.7,345.25,94759.0
1002983,2021-09-20,279.75,291.0,297.0,274.9,229250.0
1002983,2021-09-22,288.6,285.65,290.0,282.25,106797.0
1002983,2021-10-01,282.75,285.0,287.95,280.0,297058.0
1002983,2021-10-06,280.55,282.95,285.65,278.6,80352.0
1002983,2021-11-30,256.0,251.8,262.9,251.8,91079.0
1002983,2021-01-25,313.8,316.4,320.0,312.0,13203.0
1002983,2021-01-28,319.0,308.0,321.15,308.0,8771.0
1002983,2021-03-01,331.85,339.5,341.8,330.1,19401.0
1002983,2021-03-17,334.2,349.0,368.8,331.35,67552.0
1002983,2021-04-13,309.9,315.0,316.75,307.0,14331.0
1002983,2021-08-16,358.4,370.0,371.0,353.75,147746.0
1002983,2021-08-18,338.25,336.0,345.35,326.6,204645.0
1002983,2021-10-26,270.05,271.0,277.55,266.35,56295.0
1002983,2021-12-09,249.75,249.15,250.25,244.75,61518.0
1002983,2021-12-31,239.9,240.0,242.45,239.0,33937.0
1002983,2022-01-05,242.15,245.6,245.6,240.0,28130.0
1002983,2021-01-05,337.75,326.0,340.0,325.0,80498.0
1002983,2021-01-08,330.3,336.95,339.15,327.1,30109.0
1002983,2021-02-26,339.4,336.0,346.75,331.0,55162.0
1002983,2021-04-07,326.25,316.0,328.05,315.5,20063.0
1002983,2021-05-11,303.5,301.1,306.0,301.1,11814.0
1002983,2021-05-26,305.55,308.0,330.0,303.5,704807.0
1002983,2021-06-04,392.9,380.0,415.0,370.15,1139364.0
1002983,2021-06-08,374.05,382.0,382.0,356.35,114587.0
1002983,2021-06-18,357.15,363.0,368.6,353.05,242685.0
1002983,2021-06-21,350.95,350.0,356.0,343.0,63970.0
1002983,2021-07-26,348.25,348.5,353.9,344.35,136250.0
1002983,2021-07-30,338.65,340.0,340.55,336.1,33603.0
1002983,2021-09-07,296.85,295.45,302.4,290.0,109737.0
1002983,2021-09-15,292.5,296.95,298.1,291.5,88305.0
1002983,2021-09-17,290.8,294.65,298.25,290.05,143396.0
1002983,2021-09-24,289.95,296.0,299.65,289.0,125339.0
1002983,2021-10-28,270.35,276.0,276.0,269.3,17641.0
1002983,2021-11-26,251.8,260.0,261.7,250.15,70228.0
1002983,2021-12-17,248.45,251.0,254.65,245.0,35485.0
1002983,2021-12-29,241.5,235.5,242.45,235.5,38672.0
1002983,2021-12-30,238.9,243.95,243.95,235.0,32505.0
1002983,2021-01-22,316.4,316.05,324.0,316.05,14995.0
1002983,2021-02-18,322.05,322.5,324.95,317.65,28424.0
1002983,2021-05-06,302.75,305.95,306.95,300.75,10303.0
1002983,2021-05-07,303.45,301.5,304.85,301.5,6792.0
1002983,2021-06-02,371.2,341.95,383.9,331.35,1462949.0
1002983,2021-07-13,343.45,343.15,347.5,342.0,45261.0
1002983,2021-08-17,330.7,360.9,360.9,328.15,375871.0
1002983,2021-09-27,283.15,291.4,292.75,282.0,134626.0
1002983,2021-10-05,282.25,284.8,287.25,281.15,92025.0
1002983,2021-10-07,285.25,281.15,288.0,281.15,71199.0
1002983,2021-10-14,284.15,285.0,288.9,283.0,82680.0
1002983,2021-11-03,270.1,267.15,278.35,265.85,74783.0
1002983,2021-12-16,253.35,255.65,256.45,251.05,45810.0
1002983,2021-02-02,353.55,340.0,361.15,336.85,114718.0
1002983,2021-02-10,327.7,325.1,332.0,321.5,23507.0
1002983,2021-02-16,315.95,320.8,323.7,314.6,39254.0
1002983,2021-03-08,328.0,327.0,334.0,323.05,14480.0
1002983,2021-04-19,305.4,316.65,316.65,305.0,8613.0
1002983,2021-04-27,306.95,309.9,313.0,305.5,11173.0
1002983,2021-05-17,302.25,302.0,304.6,300.0,10016.0
1002983,2021-06-17,384.2,388.95,395.0,381.05,65170.0
1002983,2021-06-29,353.95,355.0,365.4,349.05,72025.0
1002983,2021-07-02,355.05,361.0,361.0,354.0,17710.0
1002983,2021-07-14,344.05,345.0,346.95,339.55,43859.0
1002983,2021-08-11,340.5,346.05,351.25,336.25,98054.0
1002983,2021-09-06,295.75,290.0,299.0,290.0,107910.0
1002983,2021-10-25,269.7,279.6,279.6,268.1,60419.0
1002983,2021-11-09,271.95,268.05,274.45,268.05,27603.0
1002983,2021-11-12,273.5,278.25,286.5,272.05,109463.0
1002983,2021-12-02,253.1,253.0,255.75,249.2,57299.0
1002983,2021-12-03,251.05,254.0,257.35,249.65,73474.0
1002983,2021-12-07,244.1,243.1,248.1,238.0,84200.0
1002983,2021-12-14,265.75,266.95,269.95,258.15,59827.0
1002983,2021-12-28,236.7,230.1,239.0,230.1,25723.0
1002983,2021-01-19,321.3,321.15,325.5,320.0,12645.0
1002983,2021-01-13,333.4,325.0,336.05,325.0,26779.0
1002983,2021-02-12,322.3,327.6,329.5,321.75,41789.0
1002983,2021-01-15,321.8,331.65,332.5,320.0,23148.0
1002983,2021-02-17,320.3,316.05,327.95,316.05,53407.0
1002983,2021-02-05,341.75,359.0,360.0,325.3,61644.0
1002983,2021-02-19,324.05,324.3,329.5,322.45,26860.0
1002983,2021-03-19,325.65,324.9,339.8,318.3,56438.0
1002983,2021-03-22,328.6,328.3,333.3,324.0,22810.0
1002983,2021-04-29,310.05,308.05,311.9,304.0,10818.0
1002983,2021-03-26,316.3,322.95,322.95,315.0,16627.0
1002983,2021-08-12,343.3,345.15,348.0,338.35,76182.0
1002983,2021-09-13,294.7,306.9,309.4,292.0,197167.0
1002983,2021-04-05,318.4,317.1,323.0,305.0,25320.0
1002983,2021-04-09,323.65,323.5,326.95,318.6,9497.0
1002983,2021-09-30,286.05,286.25,293.5,284.8,124527.0
1002983,2021-04-22,308.85,302.0,310.9,300.0,12726.0
1002983,2021-10-12,284.2,285.05,289.5,282.45,129760.0
1002983,2021-04-30,303.95,305.8,310.15,300.15,12374.0
1002983,2021-11-01,263.15,268.85,272.0,262.1,41542.0
1002983,2021-11-23,262.9,257.55,266.15,256.55,59757.0
1002983,2021-05-20,302.8,302.9,304.0,300.05,19230.0
1002983,2021-05-25,303.05,303.1,311.9,302.05,167611.0
1002983,2021-11-25,259.45,263.95,264.75,257.65,58343.0
1002983,2021-06-22,355.45,353.05,369.9,353.05,72932.0
1002983,2021-07-08,338.45,344.0,352.0,336.6,55679.0
1002983,2021-07-23,348.2,341.0,360.0,341.0,263073.0
1002983,2021-08-05,376.2,347.35,382.5,345.5,792286.0
1002983,2021-08-06,373.05,377.0,389.0,372.05,477770.0
1002983,2021-08-24,289.3,286.4,290.3,284.0,344450.0
1002983,2021-08-30,302.75,289.8,305.6,286.3,421650.0
1002983,2021-11-08,273.55,273.75,275.0,270.9,27099.0
1002983,2021-12-27,231.4,235.25,235.25,228.45,51675.0
1002983,2021-01-12,327.65,323.0,334.35,323.0,26374.0
1002983,2021-01-14,330.0,335.15,338.0,325.85,26456.0
1002983,2021-02-11,325.9,329.35,331.7,323.8,26431.0
1002983,2021-03-05,326.15,323.0,328.8,322.55,8687.0
1002983,2021-03-30,314.05,318.25,318.25,313.25,26500.0
1002983,2021-04-26,309.9,315.0,315.8,305.4,7571.0
1002983,2021-04-28,310.3,308.5,313.95,307.65,6294.0
1002983,2021-06-23,349.0,360.0,360.05,346.0,61254.0
1002983,2021-06-25,354.4,344.0,358.75,341.4,82019.0
1002983,2021-08-23,284.3,294.0,294.9,282.15,479613.0
1002983,2021-10-13,283.55,285.65,289.85,283.0,53375.0
1002983,2021-11-15,265.4,272.1,274.6,264.95,136791.0
1002983,2021-12-08,247.9,248.0,251.15,242.85,62398.0
1002983,2021-12-13,262.5,273.05,273.05,260.1,93427.0
1002983,2021-12-24,233.3,239.05,239.05,230.8,48955.0
1002983,2021-02-01,336.0,335.0,340.0,328.0,37455.0
1002983,2021-02-22,317.25,325.7,327.0,315.65,25664.0
1002983,2021-03-25,317.95,323.5,323.65,315.6,21411.0
1002983,2021-05-05,304.95,303.5,305.4,300.35,37394.0
1002983,2021-05-14,299.8,300.9,302.7,298.5,7901.0
1002983,2021-05-19,302.95,308.9,308.9,301.1,30042.0
1002983,2021-05-31,318.7,311.0,320.6,310.0,140518.0
1002983,2021-02-09,323.45,329.0,335.0,320.25,59827.0
1002983,2021-03-23,327.5,326.1,331.9,326.1,15421.0
1002983,2021-09-09,301.8,299.0,305.0,295.2,93306.0
1002983,2021-06-07,374.2,392.9,394.7,372.0,177671.0
1002983,2021-09-16,293.7,293.25,297.45,293.0,102088.0
1002983,2021-07-27,341.65,344.0,349.0,338.0,38422.0
1002983,2021-10-08,289.5,286.4,294.0,284.95,165458.0
1002983,2021-08-13,372.95,354.0,383.0,339.1,637864.0
1002983,2021-10-27,273.05,268.7,276.55,268.7,24551.0
1002983,2021-08-25,291.3,291.05,293.5,288.8,490310.0
1002983,2021-11-04,272.35,271.0,275.35,270.5,13446.0
1002983,2021-08-27,288.2,290.85,290.9,285.0,287798.0
1002983,2021-11-16,262.55,268.0,270.6,261.0,69371.0
1002983,2021-11-17,263.2,263.2,267.0,262.5,28964.0
1002983,2021-11-24,262.65,264.2,265.0,261.1,37053.0
1002983,2021-11-29,250.5,250.0,253.55,240.1,81318.0
1002983,2021-12-15,254.35,263.0,265.05,252.0,149438.0
1002983,2021-12-01,254.95,257.3,257.3,253.4,27981.0
1002983,2021-12-10,273.05,250.9,276.0,249.2,446956.0
1002983,2021-12-20,235.3,248.0,248.0,232.0,85320.0
1002983,2021-12-22,238.6,238.05,240.0,237.35,34367.0
1002983,2021-12-23,237.85,239.8,241.7,237.0,30258.0
1002983,2021-01-18,319.55,322.5,327.0,316.6,18296.0
1002983,2021-03-04,327.3,326.6,330.75,323.0,25116.0
1002983,2021-03-10,326.8,332.0,334.7,325.0,13477.0
1002983,2021-04-06,317.1,323.0,324.05,316.0,9262.0
1002983,2021-05-12,300.9,305.1,305.1,300.1,15679.0
1002983,2021-07-01,353.6,353.0,362.45,350.75,62491.0
1002983,2021-08-02,332.55,342.0,343.3,330.9,55388.0
1002983,2021-08-20,296.25,314.0,324.9,293.7,1776026.0
1002983,2021-09-28,285.8,284.0,289.0,281.3,55057.0
1002983,2021-10-18,287.1,284.2,292.0,284.15,107212.0
1002983,2021-10-19,284.3,290.0,292.9,281.8,111461.0
1002983,2021-10-22,276.85,286.45,286.95,275.0,62128.0
1002983,2021-01-07,335.25,331.05,337.45,327.65,46724.0
1002983,2021-03-09,330.3,329.65,333.0,326.5,16774.0
1002983,2021-03-24,323.35,325.0,329.5,321.05,20668.0
1002983,2021-04-16,315.05,311.85,320.35,306.25,25324.0
1002983,2021-05-24,303.1,307.0,307.0,302.0,55514.0
1002983,2021-05-28,311.75,312.0,316.85,306.25,102382.0
1002983,2021-06-10,379.65,364.0,381.35,355.2,190486.0
1002983,2021-07-05,351.15,359.95,359.95,348.0,44848.0
1002983,2021-07-20,346.4,350.0,353.2,340.3,44543.0
1002983,2021-07-28,340.3,345.95,345.95,336.45,35765.0
1002983,2021-08-04,347.35,350.15,357.7,346.25,172475.0
1002983,2021-08-09,360.15,373.8,374.8,357.0,77014.0
1002983,2021-08-31,291.65,303.0,303.0,290.2,174073.0
1002983,2021-09-02,288.05,290.2,293.7,284.15,118042.0
1002983,2021-09-21,284.7,280.95,287.5,278.15,73654.0
1002983,2021-10-20,282.1,287.85,287.85,278.1,78499.0
1002983,2021-01-06,328.7,337.6,341.15,326.15,39124.0
1002983,2021-01-20,320.7,322.0,325.45,318.2,10057.0
1002983,2021-01-21,319.35,323.0,324.75,318.0,13318.0
1002983,2021-01-27,313.8,315.4,318.0,311.0,7586.0
1002983,2021-02-04,360.95,352.75,365.0,352.55,41796.0
1002983,2021-02-15,319.15,324.05,326.4,318.0,39928.0
1002983,2021-02-24,327.1,319.5,330.0,304.0,15172.0
1002983,2021-02-25,336.75,324.1,339.5,324.1,55896.0
1002983,2021-03-15,366.0,339.0,382.0,333.65,599222.0
1002983,2021-04-08,325.1,326.0,330.3,320.5,13487.0
1002983,2021-04-23,310.3,311.9,322.3,305.1,14445.0
1002983,2021-05-10,302.35,305.0,307.6,301.1,36221.0
1002983,2021-06-30,352.2,359.0,360.1,350.05,24416.0
1002983,2021-07-07,344.45,354.0,357.2,342.85,54540.0
1002983,2021-07-15,342.05,345.85,347.0,340.05,48387.0
1002983,2021-07-29,336.5,340.3,344.5,335.35,20497.0
1002983,2021-08-03,344.55,334.5,348.5,332.85,125737.0
1002983,2021-09-23,294.85,292.2,298.95,289.1,151814.0
1002983,2021-09-29,284.8,285.0,289.95,281.65,33357.0
1002983,2021-10-04,283.5,283.0,288.0,280.55,125000.0
1002983,2021-10-11,286.7,290.95,293.7,284.0,56239.0
1002983,2021-10-21,286.3,280.0,292.35,278.3,51849.0
1002983,2021-11-18,257.35,263.25,265.95,254.65,75085.0
1002983,2021-11-22,256.25,268.35,268.35,255.0,52942.0
1002983,2022-01-03,247.9,239.9,251.8,239.9,78979.0
1002983,2021-01-11,329.4,335.9,335.9,326.05,24077.0
1002983,2021-03-16,346.5,369.8,370.0,341.6,83687.0
1002983,2021-04-01,317.15,313.8,319.0,309.65,10081.0
1002983,2021-05-27,310.4,310.15,319.0,308.95,316875.0
1002983,2021-06-01,341.6,320.3,347.9,317.1,600421.0
1002983,2021-06-28,352.55,359.0,361.7,349.95,40795.0
1002983,2021-07-19,349.9,339.0,352.7,337.05,113841.0
1002983,2021-09-03,290.0,289.9,295.0,286.95,69377.0
1002983,2021-10-29,267.25,270.0,270.35,265.0,45440.0
1002983,2021-11-10,273.85,271.0,279.0,271.0,44734.0
1002983,2021-11-11,278.15,277.95,301.4,273.2,755912.0
1002983,2021-12-06,243.1,248.0,250.95,241.85,34001.0
1002983,2021-12-21,236.85,236.55,240.9,234.1,46058.0
1002983,2022-01-13,274.15,270.55,279.0,265.05,142543.0
1002983,2022-01-10,250.9,240.0,258.7,233.55,879597.0
1002983,2022-02-21,239.65,238.0,245.4,236.5,86364.0
1002983,2022-01-17,275.45,276.95,280.0,272.65,164801.0
1002983,2022-01-18,266.5,276.85,279.85,261.0,109226.0
1002983,2022-03-17,240.95,235.6,243.0,235.0,145473.0
1002983,2022-03-23,237.75,245.5,245.5,234.0,192262.0
1002983,2022-04-18,227.5,230.0,231.7,226.5,33402.0
1002983,2022-05-05,208.7,215.0,217.2,207.0,80030.0
1002983,2022-06-02,151.0,147.05,152.7,147.05,35835.0
1002983,2022-08-12,156.0,149.45,158.85,146.35,204449.0
1002983,2022-10-10,169.5,165.0,171.0,165.0,8397.0
1002983,2022-11-09,158.65,159.7,167.85,152.4,197237.0
1002983,2022-11-24,151.05,157.35,157.35,147.5,3088.0
1002983,2022-11-29,155.7,158.0,159.15,153.0,5372.0
1002983,2022-12-05,154.65,153.75,155.95,151.0,22668.0
1002983,2022-12-13,151.6,148.4,153.9,148.15,5567.0
1002983,2022-12-19,147.4,149.55,149.55,143.0,14717.0
1002983,2023-01-12,158.0,155.0,159.4,155.0,8955.0
1002983,2023-01-18,153.05,153.0,156.9,153.0,7901.0
1002983,2023-03-17,125.35,125.5,126.0,123.05,11431.0
1002983,2023-03-23,121.15,122.1,123.65,120.0,13719.0
1002983,2023-04-05,114.7,114.7,114.7,114.55,2465.0
1002983,2023-04-20,128.5,134.0,134.0,127.1,40581.0
1002983,2023-06-16,161.7,160.0,163.0,158.3,78524.0
1002983,2023-07-25,172.8,171.0,174.5,169.6,150798.0
1002983,2023-07-31,174.85,170.0,175.05,168.0,217780.0
1002983,2023-08-09,167.2,162.5,168.6,160.6,71879.0
1002983,2022-03-07,215.75,213.05,221.85,212.65,161641.0
1002983,2022-02-22,239.0,234.0,239.95,229.25,111057.0
1002983,2022-03-09,218.95,218.0,226.0,217.35,156788.0
1002983,2022-02-25,213.55,209.0,218.8,209.0,80157.0
1002983,2022-03-14,219.3,225.7,226.3,215.5,95122.0
1002983,2022-05-13,156.75,152.5,165.8,150.1,158790.0
1002983,2022-03-22,243.15,233.5,249.0,233.5,111691.0
1002983,2022-11-18,149.55,151.95,151.95,148.05,9238.0
1002983,2022-12-29,151.4,147.0,151.4,147.0,61971.0
1002983,2022-04-19,227.3,227.7,231.95,222.4,31152.0
1002983,2023-02-13,150.05,152.75,154.95,150.0,14543.0
1002983,2022-04-20,223.95,226.0,229.95,223.0,24170.0
1002983,2023-03-06,142.05,141.0,144.5,139.9,27912.0
1002983,2022-05-27,146.2,146.1,148.45,142.85,29703.0
1002983,2023-05-09,130.6,130.6,130.6,126.0,2041476.0
1002983,2022-06-20,140.1,136.1,142.8,129.05,78823.0
1002983,2023-06-01,144.85,145.9,147.2,142.5,88519.0
1002983,2022-07-05,136.05,131.6,139.15,131.6,12032.0
1002983,2023-06-22,159.45,161.05,162.85,154.4,152371.0
1002983,2022-07-14,131.7,133.0,134.0,131.0,6523.0
1002983,2023-06-28,154.9,152.85,156.0,152.0,92589.0
1002983,2022-07-25,130.4,133.0,133.1,129.8,35272.0
1002983,2023-07-10,154.15,146.7,154.15,145.0,251881.0
1002983,2022-11-04,160.5,159.8,162.0,157.0,9706.0
1002983,2023-07-24,170.0,163.9,171.0,160.6,277143.0
1002983,2022-11-15,154.05,150.25,155.0,150.25,19292.0
1002983,2023-08-01,171.65,174.8,179.9,169.25,122253.0
1002983,2022-12-26,135.75,135.0,141.3,134.35,11211.0
1002983,2023-08-10,164.0,170.0,170.9,162.25,68738.0
1002983,2023-08-23,181.2,181.0,182.75,180.0,9980.0
1002983,2023-01-05,162.05,153.8,162.45,153.8,150780.0
1002983,2023-01-06,162.35,164.65,164.65,158.5,14541.0
1002983,2023-02-10,152.75,152.0,152.95,151.0,17762.0
1002983,2023-02-22,141.4,140.75,144.0,137.0,18451.0
1002983,2023-03-03,139.15,132.6,139.2,132.4,29801.0
1002983,2023-03-14,129.55,128.6,132.0,128.0,79048.0
1002983,2023-05-15,143.25,145.4,145.4,139.7,154880.0
1002983,2023-05-19,136.75,137.65,138.5,133.5,119452.0
1002983,2023-06-26,148.7,150.85,155.0,144.6,134638.0
1002983,2023-07-13,150.8,155.4,155.65,150.2,108419.0
1002983,2023-08-08,163.2,168.7,168.7,159.55,162019.0
1002983,2023-08-14,164.65,164.75,165.9,159.6,95540.0
1002983,2022-01-25,248.15,241.0,249.6,238.5,61791.0
1002983,2022-04-08,232.95,232.2,241.0,227.65,131234.0
1002983,2022-05-17,153.35,160.0,160.0,150.0,109385.0
1002983,2022-02-01,241.95,241.1,248.9,238.25,53131.0
1002983,2022-02-02,242.9,243.0,245.9,241.5,71259.0
1002983,2022-06-07,144.6,144.15,146.95,144.0,28255.0
1002983,2022-02-03,243.6,244.15,247.6,241.0,91881.0
1002983,2022-07-15,131.9,133.85,133.85,131.15,5922.0
1002983,2022-03-16,234.4,226.8,238.15,226.3,186072.0
1002983,2022-08-16,152.0,156.0,170.0,151.2,134629.0
1002983,2022-04-04,238.5,214.7,244.0,214.7,491890.0
1002983,2022-09-27,155.1,153.0,157.8,148.5,4394.0
1002983,2022-05-23,142.45,149.4,149.75,142.0,64280.0
1002983,2022-09-30,155.65,153.0,156.5,148.0,7744.0
1002983,2022-06-21,143.85,140.1,152.7,139.0,27974.0
1002983,2022-10-04,162.0,160.75,163.9,160.0,4418.0
1002983,2022-08-04,138.9,138.25,141.7,135.8,64675.0
1002983,2022-11-02,159.85,162.0,162.0,158.8,13995.0
1002983,2022-08-08,126.9,126.0,132.35,123.8,414033.0
1002983,2022-11-10,154.9,156.2,162.75,154.6,4866.0
1002983,2022-09-09,175.15,186.5,186.5,174.15,60916.0
1002983,2022-11-16,151.95,154.05,154.95,150.0,9334.0
1002983,2022-09-29,149.05,154.2,154.2,148.75,1708.0
1002983,2022-12-06,154.55,153.0,156.3,153.0,17477.0
1002983,2022-10-07,164.7,163.0,166.0,162.05,9597.0
1002983,2022-12-14,147.25,149.1,150.85,146.5,23455.0
1002983,2022-11-03,159.55,161.95,165.9,158.1,15705.0
1002983,2022-12-22,141.65,140.75,142.0,135.0,161709.0
1002983,2022-11-11,155.05,154.9,159.9,150.15,11427.0
1002983,2022-12-02,152.95,151.5,154.0,150.95,2886.0
1002983,2023-01-23,153.95,155.95,155.95,152.0,13602.0
1002983,2023-01-25,153.6,152.0,154.0,151.0,28592.0
1002983,2022-12-30,155.6,158.9,158.9,153.0,15955.0
1002983,2023-01-30,153.5,151.3,154.7,151.3,6081.0
1002983,2023-01-19,153.2,153.0,154.95,153.0,4958.0
1002983,2023-02-15,144.2,150.0,151.0,143.2,10782.0
1002983,2023-03-01,132.05,134.2,134.2,131.0,19582.0
1002983,2023-04-03,109.25,104.0,109.25,104.0,14480.0
1002983,2023-02-27,135.15,140.0,140.0,134.25,4762.0
1002983,2023-07-04,146.2,151.35,151.35,145.15,65369.0
1002983,2023-03-10,133.0,137.8,138.7,132.0,41128.0
1002983,2023-08-16,172.85,162.9,172.85,160.0,205457.0
1002983,2023-03-27,113.9,117.1,120.65,113.9,49968.0
1002983,2023-04-19,132.35,128.25,134.0,128.25,10061.0
1002983,2023-05-08,124.4,124.4,124.4,120.0,2770319.0
1002983,2023-05-11,142.8,138.8,143.75,133.5,606019.0
1002983,2023-05-24,143.9,137.05,143.9,137.05,124921.0
1002983,2023-06-05,153.15,152.5,158.0,152.45,401166.0
1002983,2023-06-20,163.45,164.45,165.0,161.0,44740.0
1002983,2023-07-17,149.35,151.25,153.95,149.0,51588.0
1002983,2023-08-02,175.25,172.95,177.0,169.1,127069.0
1002983,2022-01-12,269.05,275.0,278.8,262.7,273085.0
1002983,2022-01-06,241.85,236.0,242.5,236.0,24734.0
1002983,2022-01-11,271.0,262.0,296.4,261.55,1651462.0
1002983,2022-02-14,243.7,252.2,254.45,241.25,114828.0
1002983,2022-02-17,241.4,246.55,247.8,239.95,34889.0
1002983,2022-03-04,223.15,218.0,227.95,213.05,140361.0
1002983,2022-03-21,237.7,237.15,240.65,237.0,99385.0
1002983,2022-05-18,155.8,155.95,161.0,150.0,74666.0
1002983,2022-05-31,151.15,152.35,154.45,148.55,33699.0
1002983,2022-06-03,147.75,151.45,153.45,145.0,14987.0
1002983,2022-06-23,140.4,141.7,142.0,139.25,6120.0
1002983,2022-07-26,123.0,133.0,133.0,121.4,59206.0
1002983,2022-08-24,163.65,147.7,163.65,147.0,172191.0
1002983,2022-08-29,184.95,178.0,195.0,173.25,289299.0
1002983,2022-09-26,154.0,163.0,163.0,152.25,7278.0
1002983,2022-10-27,161.25,160.05,168.0,160.0,10358.0
1002983,2022-10-28,159.8,158.55,164.9,156.0,7644.0
1002983,2022-11-14,154.9,150.1,156.5,150.1,20469.0
1002983,2022-11-17,150.9,148.8,154.0,147.3,11322.0
1002983,2022-12-23,134.6,137.05,140.0,134.6,23214.0
1002983,2023-02-09,151.95,153.0,153.0,151.0,10456.0
1002983,2023-04-11,132.7,132.7,132.7,132.7,12948.0
1002983,2023-04-21,129.85,129.0,131.0,125.0,8166.0
1002983,2023-04-24,128.15,130.0,136.0,127.0,36302.0
1002983,2023-05-16,139.8,143.25,145.75,138.0,237129.0
1002983,2023-05-22,137.6,139.0,141.0,136.0,76954.0
1002983,2023-05-30,142.95,143.3,147.45,142.0,52696.0
1002983,2023-06-13,153.5,155.5,155.5,151.4,88134.0
1002983,2023-06-30,151.0,154.9,158.7,148.2,140916.0
1002983,2023-07-27,169.8,175.3,177.0,168.0,94883.0
1002983,2022-01-14,269.95,270.05,278.8,267.55,95373.0
1002983,2022-01-19,270.25,266.5,279.4,266.25,140771.0
1002983,2022-01-21,262.15,263.6,273.95,260.65,46806.0
1002983,2022-01-24,243.2,260.0,263.45,240.0,102936.0
1002983,2022-02-16,245.65,249.2,254.0,244.5,59924.0
1002983,2022-02-28,211.95,214.0,218.5,208.8,63468.0
1002983,2022-04-13,232.5,232.0,239.7,231.05,43074.0
1002983,2022-04-21,233.05,225.2,248.75,225.2,602204.0
1002983,2022-05-02,229.45,231.9,234.9,229.0,39626.0
1002983,2022-05-06,204.6,207.0,208.5,200.3,62442.0
1002983,2022-10-13,169.65,169.0,171.8,169.0,20011.0
1002983,2022-10-20,170.0,166.5,172.0,163.0,5800.0
1002983,2022-10-24,163.65,168.1,172.0,160.1,3736.0
1002983,2022-11-21,149.0,155.0,155.0,147.5,6078.0
1002983,2022-11-30,150.7,158.25,158.25,149.0,10984.0
1002983,2022-12-16,146.6,146.75,148.5,143.35,5485.0
1002983,2023-01-02,163.35,158.9,163.35,147.85,67439.0
1002983,2023-01-10,157.95,160.05,164.45,157.05,7889.0
1002983,2023-01-24,153.35,152.1,154.35,152.0,6062.0
1002983,2023-02-03,152.45,157.95,159.0,152.0,22091.0
1002983,2023-02-28,131.2,135.05,138.0,128.6,11407.0
1002983,2023-03-08,142.25,144.35,144.45,139.0,17970.0
1002983,2023-03-15,127.3,131.0,131.0,125.0,25132.0
1002983,2023-05-02,124.5,123.9,129.2,120.0,113617.0
1002983,2023-05-10,137.1,133.0,137.1,127.3,1760007.0
1002983,2023-06-02,152.05,147.8,152.05,144.5,380561.0
1002983,2023-06-12,153.55,153.0,154.95,151.2,86384.0
1002983,2023-07-12,155.75,155.2,158.0,150.1,127705.0
1002983,2022-01-07,237.95,240.0,244.65,237.1,34024.0
1002983,2022-04-25,237.65,228.95,241.0,223.0,178050.0
1002983,2022-01-27,245.65,247.0,248.7,243.0,31622.0
1002983,2022-02-09,261.65,256.5,268.0,256.0,149508.0
1002983,2022-03-03,219.15,210.1,224.5,209.9,152489.0
1002983,2022-03-25,233.35,235.05,237.15,230.7,226366.0
1002983,2022-03-30,208.45,215.0,218.2,205.5,198780.0
1002983,2022-03-31,211.1,208.5,214.0,207.8,147986.0
1002983,2022-04-12,235.85,241.3,241.8,231.9,47837.0
1002983,2022-04-29,236.6,237.6,240.0,233.05,61813.0
1002983,2022-06-10,145.15,144.75,149.9,143.0,68837.0
1002983,2022-06-17,137.25,137.05,139.7,136.05,8448.0
1002983,2022-06-24,141.0,140.4,142.95,138.95,7511.0
1002983,2022-08-10,131.5,125.0,132.9,124.2,105783.0
1002983,2022-08-17,147.4,154.95,154.95,137.0,65065.0
1002983,2022-08-18,144.1,145.5,148.0,142.0,46228.0
1002983,2022-08-19,145.7,145.05,150.0,143.0,57827.0
1002983,2022-09-05,184.1,184.15,193.0,181.55,83134.0
1002983,2022-10-31,160.1,159.8,161.7,155.1,12512.0
1002983,2022-11-22,144.0,150.9,150.9,143.5,20907.0
1002983,2023-01-04,154.8,158.1,161.5,153.65,533861.0
1002983,2023-01-09,160.05,162.35,165.0,155.4,22479.0
1002983,2023-02-14,150.05,150.1,151.0,150.0,11783.0
1002983,2023-03-24,119.9,122.0,123.0,118.75,18082.0
1002983,2023-05-04,112.9,112.4,121.8,112.4,2721371.0
1002983,2023-05-25,147.7,151.05,151.05,145.0,224374.0
1002983,2023-05-31,144.3,144.8,146.3,140.6,87865.0
1002983,2023-06-08,149.2,150.4,153.0,148.05,118730.0
1002983,2023-06-27,152.6,148.95,153.75,147.0,67254.0
1002983,2023-08-18,182.2,173.55,182.2,172.65,285346.0
1002983,2022-01-20,267.75,265.05,273.4,265.05,46417.0
1002983,2022-07-12,134.7,134.0,138.1,134.0,9011.0
1002983,2022-08-30,181.8,190.0,190.0,180.1,91694.0
1002983,2022-09-02,184.15,197.0,197.25,182.05,138342.0
1002983,2022-09-06,187.05,182.3,191.0,182.3,72926.0
1002983,2022-10-06,160.3,167.0,167.0,160.0,6665.0
1002983,2022-10-11,170.05,171.0,172.75,165.85,16016.0
1002983,2022-10-17,171.45,165.25,174.55,163.15,8364.0
1002983,2022-10-18,168.0,166.3,173.6,166.25,10273.0
1002983,2022-10-19,167.6,167.0,169.4,163.0,9751.0
1002983,2022-11-25,151.9,148.05,154.0,148.0,4639.0
1002983,2022-12-08,154.75,154.75,156.6,154.0,12149.0
1002983,2022-12-09,153.1,154.75,155.0,153.05,9367.0
1002983,2022-12-21,140.75,143.0,145.5,140.0,4510.0
1002983,2022-12-27,137.35,139.95,140.0,135.0,14872.0
1002983,2023-01-03,161.45,163.3,168.45,156.3,35910.0
1002983,2023-01-16,153.4,153.05,155.4,150.0,17512.0
1002983,2023-03-09,137.85,143.8,143.8,136.2,12032.0
1002983,2023-03-16,125.5,126.15,127.75,125.25,9208.0
1002983,2023-03-28,109.35,113.6,113.6,108.2,47875.0
1002983,2023-03-31,104.05,108.25,110.85,103.15,38632.0
1002983,2023-04-28,123.05,129.95,129.95,121.9,48776.0
1002983,2023-05-26,142.95,149.0,149.0,141.0,180876.0
1002983,2023-06-07,150.3,153.95,156.4,149.75,97048.0
1002983,2023-07-03,149.9,152.1,154.7,147.05,133206.0
1002983,2023-07-14,151.25,152.9,156.4,150.0,58055.0
1002983,2022-04-27,238.6,237.3,243.0,233.55,54723.0
1002983,2022-06-06,145.55,145.1,148.25,144.05,15395.0
1002983,2022-06-09,145.8,145.2,155.0,142.0,66080.0
1002983,2022-07-04,134.45,136.6,136.75,133.0,10862.0
1002983,2022-07-11,134.05,138.4,140.5,130.35,26950.0
1002983,2022-07-19,131.7,133.5,136.65,130.5,62585.0
1002983,2022-07-20,132.25,136.85,136.85,131.5,36395.0
1002983,2022-08-26,182.05,185.1,197.4,180.05,242239.0
1002983,2022-09-22,160.2,162.2,162.95,157.4,15382.0
1002983,2022-10-03,160.05,152.5,161.0,152.5,4674.0
1002983,2022-10-12,170.0,165.0,171.85,165.0,6897.0
1002983,2022-11-01,162.8,155.35,164.0,155.35,12632.0
1002983,2022-11-23,151.2,148.2,151.2,144.55,7477.0
1002983,2022-11-28,156.0,155.0,158.95,151.0,11748.0
1002983,2022-12-01,151.5,152.5,154.9,150.0,5114.0
1002983,2023-04-06,120.4,120.4,120.4,120.0,5464.0
1002983,2023-05-29,146.0,143.0,148.4,143.0,148821.0
1002983,2023-06-19,164.5,161.7,165.0,160.0,139277.0
1002983,2023-07-20,156.9,148.5,156.9,148.5,108503.0
1002983,2022-01-28,238.95,246.9,259.4,233.0,222973.0
1002983,2022-02-07,265.9,260.35,277.0,249.35,321350.0
1002983,2022-04-06,244.3,244.9,247.8,238.25,126555.0
1002983,2022-04-07,230.9,241.15,248.0,227.0,151111.0
1002983,2022-05-04,210.7,230.1,230.55,208.2,142002.0
1002983,2022-05-10,174.95,174.95,178.0,174.95,840767.0
1002983,2022-05-26,145.65,144.8,147.35,143.5,55558.0
1002983,2022-06-01,149.8,150.0,154.0,149.15,13763.0
1002983,2022-07-18,131.65,134.0,134.0,131.1,19045.0
1002983,2022-08-01,138.4,131.65,140.15,131.05,87830.0
1002983,2022-08-03,140.1,139.9,142.4,137.5,31378.0
1002983,2022-08-05,137.55,141.0,141.0,136.25,27533.0
1002983,2022-08-23,148.8,146.75,151.15,145.85,44396.0
1002983,2022-09-21,163.3,165.55,165.65,157.05,7494.0
1002983,2022-10-21,168.1,170.0,170.0,161.5,13074.0
1002983,2022-11-07,160.4,157.0,162.5,154.0,24965.0
1002983,2022-12-12,153.0,154.0,154.0,148.25,8487.0
1002983,2023-01-17,154.0,154.65,155.75,153.0,6140.0
1002983,2023-02-08,155.2,151.05,155.55,151.05,7960.0
1002983,2023-03-21,121.6,122.35,123.0,120.05,23392.0
1002983,2023-04-17,131.45,131.7,134.0,124.25,20232.0
1002983,2023-04-26,127.2,126.0,128.85,124.3,58779.0
1002983,2023-05-03,118.3,118.3,118.3,118.3,60147.0
1002983,2023-05-12,144.55,142.8,149.75,136.6,517785.0
1002983,2023-06-09,152.45,148.0,153.1,146.25,211487.0
1002983,2023-06-15,159.5,161.95,166.7,158.55,268360.0
1002983,2023-07-05,143.55,145.5,148.4,141.05,133203.0
1002983,2023-07-11,156.3,152.8,158.0,150.05,150639.0
1002983,2023-07-28,166.75,170.0,172.0,165.0,60496.0
1002983,2023-08-04,163.8,167.0,168.0,160.9,113568.0
1002983,2023-08-22,179.15,184.0,186.0,177.7,175177.0
1002983,2022-02-10,263.75,260.25,268.65,259.3,155247.0
1002983,2022-02-15,247.95,242.0,253.0,235.0,79667.0
1002983,2022-02-04,258.4,244.65,262.8,244.15,297846.0
1002983,2022-02-23,232.6,235.5,241.65,225.0,93114.0
1002983,2022-03-24,233.75,235.0,240.05,230.15,131758.0
1002983,2022-05-09,184.15,184.15,184.15,184.15,33172.0
1002983,2022-05-12,157.95,159.0,159.95,157.95,53822.0
1002983,2022-06-08,142.35,142.55,147.6,141.9,20654.0
1002983,2022-06-13,140.8,140.0,142.8,130.65,81399.0
1002983,2022-07-13,131.45,134.1,136.3,130.1,41396.0
1002983,2022-07-27,121.25,123.1,125.4,119.65,89052.0
1002983,2022-08-22,146.75,148.0,150.0,143.45,54868.0
1002983,2022-08-25,180.0,171.9,180.0,171.9,267591.0
1002983,2022-09-19,166.2,168.0,172.45,165.55,7403.0
1002983,2022-09-28,151.15,152.3,156.2,148.1,9667.0
1002983,2022-10-25,164.95,163.7,169.0,162.0,2338.0
1002983,2023-01-11,155.0,157.25,157.25,155.0,14487.0
1002983,2023-01-31,155.1,154.0,156.9,154.0,6917.0
1002983,2023-02-20,138.6,137.9,142.0,135.35,8828.0
1002983,2023-02-21,137.15,139.0,142.25,136.0,9899.0
1002983,2023-05-23,137.05,139.8,139.8,136.0,85033.0
1002983,2023-07-06,150.7,144.0,150.7,141.0,166068.0
1002983,2023-07-18,149.4,151.5,151.5,145.2,53821.0
1002983,2023-07-19,149.45,149.0,153.9,147.05,105965.0
1002983,2023-07-21,164.5,164.7,164.7,158.05,470277.0
1002983,2022-02-18,241.5,240.0,245.85,238.9,55504.0
1002983,2022-02-24,203.75,227.0,228.3,201.35,161673.0
1002983,2022-03-08,217.85,215.75,222.0,215.0,52590.0
1002983,2022-03-29,211.05,225.5,227.6,206.1,356623.0
1002983,2022-04-05,248.0,237.5,252.0,235.0,254928.0
1002983,2022-04-26,240.9,236.5,244.2,235.05,67411.0
1002983,2022-05-19,152.0,155.0,155.0,151.15,61925.0
1002983,2022-05-20,149.4,152.9,155.35,148.25,53716.0
1002983,2022-06-29,137.3,140.8,140.8,135.0,9302.0
1002983,2022-07-07,137.5,134.9,140.0,133.3,12410.0
1002983,2022-07-21,133.5,131.1,134.75,131.1,24055.0
1002983,2022-07-22,133.15,134.65,136.1,131.25,27277.0
1002983,2022-09-07,184.05,189.0,189.0,181.35,25537.0
1002983,2022-09-08,183.3,186.45,186.45,182.45,22934.0
1002983,2022-12-07,154.75,151.0,156.95,151.0,12045.0
1002983,2022-12-20,142.65,147.4,148.7,141.3,18121.0
1002983,2023-02-01,157.4,154.9,157.95,154.9,14420.0
1002983,2023-02-06,154.0,155.35,155.35,152.0,9813.0
1002983,2023-05-18,136.25,141.95,141.95,135.25,100526.0
1002983,2023-06-14,161.15,154.85,161.15,153.55,339584.0
1002983,2023-06-21,161.3,161.65,164.9,159.5,79077.0
1002983,2023-07-07,146.85,151.45,152.4,145.05,84828.0
1002983,2023-08-03,169.35,166.5,170.0,166.5,501206.0
1002983,2023-08-07,166.85,163.1,167.5,162.0,73543.0
1002983,2023-08-21,187.05,191.0,191.3,184.0,359760.0
1002983,2022-03-10,225.15,220.0,228.4,216.95,177771.0
1002983,2022-03-11,225.4,225.0,229.75,225.0,296294.0
1002983,2022-04-28,239.3,237.85,241.5,233.1,64158.0
1002983,2022-05-11,166.25,167.8,175.0,166.25,121455.0
1002983,2022-05-16,157.85,156.95,160.0,153.3,48157.0
1002983,2022-06-16,136.95,142.1,143.9,135.0,16171.0
1002983,2022-06-27,140.65,143.85,143.9,137.6,9529.0
1002983,2022-07-01,135.15,136.2,136.5,133.85,32935.0
1002983,2022-07-08,136.4,135.65,142.0,135.5,29052.0
1002983,2022-07-28,119.6,120.1,124.5,117.25,36777.0
1002983,2022-07-29,130.1,120.0,131.55,120.0,167698.0
1002983,2022-08-02,140.2,138.35,142.35,135.6,56462.0
1002983,2022-10-14,170.55,169.65,172.8,169.65,18594.0
1002983,2022-12-28,144.2,139.8,144.2,139.8,8588.0
1002983,2023-01-20,153.0,154.85,155.0,153.0,7516.0
1002983,2023-01-27,151.3,156.85,156.9,151.0,13787.0
1002983,2023-02-16,141.7,140.55,149.35,140.55,9978.0
1002983,2023-02-17,137.95,142.0,143.6,137.25,10652.0
1002983,2023-02-23,139.95,142.0,143.75,138.4,9383.0
1002983,2023-02-24,140.0,138.0,143.0,137.1,6566.0
1002983,2023-03-13,127.6,132.0,137.0,127.0,62640.0
1002983,2023-03-20,123.15,123.0,124.8,120.0,14344.0
1002983,2023-04-18,133.1,130.0,135.15,125.2,19224.0
1002983,2023-04-27,128.15,127.2,129.7,125.15,15135.0
1002983,2023-05-17,140.5,139.05,143.0,133.75,308182.0
1002983,2023-06-23,151.5,152.6,157.0,151.5,187069.0
1002983,2023-08-11,162.35,166.95,167.9,160.95,99149.0
1002983,2022-02-08,255.55,264.05,268.7,254.3,110272.0
1002983,2022-01-31,240.75,239.0,245.9,239.0,58748.0
1002983,2022-03-15,226.75,217.6,234.0,217.6,165511.0
1002983,2022-02-11,260.65,260.05,264.7,257.8,65329.0
1002983,2022-04-11,241.3,232.5,244.0,232.5,102911.0
1002983,2022-03-02,209.05,206.5,213.65,206.5,41987.0
1002983,2022-04-22,229.6,232.7,238.35,228.75,50325.0
1002983,2022-06-22,139.9,143.85,143.9,138.1,5819.0
1002983,2022-03-28,226.8,230.05,233.95,220.35,225050.0
1002983,2022-06-28,138.55,142.0,143.7,137.05,12811.0
1002983,2022-04-01,214.5,211.0,217.55,209.25,237994.0
1002983,2022-06-30,134.05,134.1,140.7,133.15,10782.0
1002983,2022-05-24,145.15,145.9,146.45,140.1,59816.0
1002983,2022-07-06,134.8,135.9,137.65,132.55,10585.0
1002983,2022-05-25,145.05,145.25,146.25,142.05,43595.0
1002983,2022-09-12,183.9,177.0,183.9,175.45,70930.0
1002983,2022-05-30,152.45,147.95,153.5,146.15,28468.0
1002983,2022-09-20,164.6,173.9,173.9,158.6,23137.0
1002983,2022-06-14,140.8,135.55,147.0,135.55,30628.0
1002983,2022-09-23,160.2,157.1,162.75,157.1,6258.0
1002983,2022-06-15,141.85,141.75,143.9,138.7,7083.0
1002983,2022-08-11,144.45,128.35,144.65,128.35,235252.0
1002983,2023-01-13,155.4,158.0,158.0,154.0,13473.0
1002983,2023-03-02,132.6,132.95,133.0,131.15,12998.0
1002983,2023-03-22,121.5,122.05,123.5,120.05,11383.0
1002983,2022-09-01,190.85,180.0,190.85,176.4,112551.0
1002983,2023-04-10,126.4,126.4,126.4,126.4,2986.0
1002983,2022-12-15,145.35,148.0,148.4,145.0,16752.0
1002983,2023-06-06,153.95,154.5,155.6,151.55,176422.0
1002983,2023-02-02,158.0,157.9,158.25,153.5,10982.0
1002983,2023-07-26,174.65,172.8,176.5,171.05,140341.0
1002983,2023-02-07,153.9,154.0,155.9,152.0,7540.0
1002983,2023-08-17,173.55,174.85,176.4,169.0,114873.0
1002983,2023-03-29,106.5,109.35,112.0,103.95,46958.0
1002983,2023-04-12,134.55,139.3,139.3,127.25,93790.0
1002983,2023-04-13,130.4,127.85,132.9,127.85,44980.0
1002983,2023-04-25,128.1,134.0,134.0,128.0,28348.0
1002983,2023-05-05,118.5,114.9,118.5,114.85,722563.0
