stockid,date,close,open,high,low,volume
127926,2021-02-23,29.6,29.75,30.0,29.5,204764.0
127926,2021-02-25,30.05,30.3,30.35,29.75,331704.0
127926,2021-03-17,30.75,31.25,31.25,30.5,628955.0
127926,2021-05-21,25.1,24.6,25.35,24.5,13495932.0
127926,2021-05-28,25.7,26.45,26.6,25.6,8529342.0
127926,2021-06-03,25.7,26.0,26.35,25.55,6103268.0
127926,2021-06-10,28.3,25.85,28.85,25.7,59583881.0
127926,2021-06-18,25.95,27.15,27.25,25.15,13376068.0
127926,2021-07-06,26.3,26.1,26.85,26.0,10998570.0
127926,2021-07-19,26.75,26.65,27.6,26.55,8584107.0
127926,2021-08-02,27.0,26.1,27.2,26.05,8151834.0
127926,2021-10-26,23.8,23.35,24.2,23.25,2202441.0
127926,2021-11-15,21.05,20.9,21.15,20.75,3109119.0
127926,2021-12-09,22.3,20.9,22.5,20.7,12386699.0
127926,2022-01-17,23.25,23.3,23.65,23.2,7169321.0
127926,2022-03-16,18.7,19.0,19.0,18.65,1897009.0
127926,2022-03-29,17.25,17.75,17.9,17.05,4542988.0
127926,2022-04-05,18.75,18.95,19.35,18.65,9552668.0
127926,2022-04-08,20.4,19.0,20.75,18.95,28088611.0
127926,2022-04-19,20.15,19.5,20.8,19.5,11785507.0
127926,2022-06-07,17.5,17.5,17.85,17.35,1274184.0
127926,2022-06-29,16.75,16.5,16.9,16.5,600657.0
127926,2022-07-04,16.5,16.35,17.1,16.3,896663.0
127926,2022-07-15,16.3,16.7,16.7,16.2,914339.0
127926,2022-08-04,17.1,17.5,17.6,17.0,1204347.0
127926,2021-01-14,34.15,34.35,34.5,33.8,593836.0
127926,2021-01-15,34.45,34.8,35.3,33.8,1252136.0
127926,2021-02-01,30.6,30.25,31.75,29.8,356310.0
127926,2021-03-12,31.75,32.4,33.3,31.4,1009670.0
127926,2021-04-06,23.95,24.1,24.6,23.6,949905.0
127926,2021-05-03,23.7,23.1,24.0,22.85,6372511.0
127926,2021-05-05,23.0,23.45,23.5,22.95,2499861.0
127926,2021-05-18,23.05,23.45,23.6,22.85,7101986.0
127926,2021-02-18,30.2,30.35,30.5,30.05,304685.0
127926,2021-06-07,26.85,26.15,27.25,25.9,18096404.0
127926,2021-03-18,29.75,30.75,31.25,29.4,516959.0
127926,2021-07-26,25.85,25.9,26.7,25.7,6482937.0
127926,2021-04-13,22.75,22.4,23.2,22.2,851793.0
127926,2021-07-27,25.8,25.95,26.3,25.45,3943622.0
127926,2021-04-28,23.95,22.7,25.15,22.65,59037288.0
127926,2021-08-05,25.6,26.2,26.25,25.35,4277241.0
127926,2021-09-22,25.0,24.7,25.7,24.7,11585856.0
127926,2021-09-30,24.0,24.15,24.35,23.95,2796584.0
127926,2021-04-30,23.45,23.15,24.1,22.85,7383743.0
127926,2021-10-11,26.0,26.5,26.65,25.85,3853208.0
127926,2021-06-08,26.1,27.05,27.3,26.0,15098546.0
127926,2021-06-24,26.35,26.7,27.15,26.25,5523979.0
127926,2021-02-17,30.0,30.0,30.3,29.8,327442.0
127926,2021-03-08,31.05,31.15,31.75,30.85,802381.0
127926,2021-03-19,29.45,29.5,29.7,28.35,598941.0
127926,2021-03-23,29.85,30.0,30.3,29.65,269257.0
127926,2021-04-19,22.3,23.0,23.0,21.1,955907.0
127926,2021-06-01,24.7,25.9,25.9,24.4,6412745.0
127926,2021-06-22,26.85,27.0,27.4,26.8,11744770.0
127926,2021-08-23,22.15,23.0,23.25,21.9,4593688.0
127926,2021-09-07,23.65,24.05,24.25,23.55,1613960.0
127926,2021-09-09,23.65,23.9,24.05,23.55,3265646.0
127926,2021-09-13,23.45,23.75,23.75,23.4,1969748.0
127926,2021-10-14,26.85,26.3,27.6,26.15,9097801.0
127926,2021-11-11,20.3,20.8,21.1,20.0,5613697.0
127926,2021-11-29,19.85,20.5,20.6,19.75,3514550.0
127926,2022-01-06,22.1,22.1,22.4,21.85,2451697.0
127926,2022-01-12,22.45,22.85,22.9,22.25,4942995.0
127926,2022-02-02,21.5,21.7,22.1,21.4,5356234.0
127926,2022-02-09,21.9,21.95,22.7,21.8,7492927.0
127926,2022-02-23,18.7,18.4,18.8,18.2,3695923.0
127926,2021-01-04,32.9,33.1,33.4,32.75,477257.0
127926,2021-01-22,31.2,31.9,32.25,31.0,474075.0
127926,2021-01-28,30.0,28.6,30.5,28.6,359575.0
127926,2021-03-26,25.65,26.25,27.85,25.55,10235197.0
127926,2021-01-01,33.05,33.35,33.6,33.0,397377.0
127926,2021-03-31,25.7,25.0,26.2,24.9,2038165.0
127926,2021-01-27,29.9,30.35,30.4,29.4,467781.0
127926,2021-06-15,27.75,27.6,28.5,27.55,17184497.0
127926,2021-07-02,25.6,25.65,26.2,25.45,4480754.0
127926,2021-03-01,31.0,30.25,32.45,29.8,3361435.0
127926,2021-03-10,32.4,33.9,34.15,32.3,1996025.0
127926,2021-03-30,25.15,25.25,25.5,25.0,2291645.0
127926,2021-04-08,23.8,24.5,24.5,23.6,907279.0
127926,2021-01-08,33.7,34.2,34.7,33.5,1284718.0
127926,2021-01-19,32.45,32.4,33.05,32.25,472917.0
127926,2021-01-25,30.35,31.25,31.5,30.25,309664.0
127926,2021-02-05,30.4,30.9,31.4,30.0,560682.0
127926,2022-08-16,17.0,17.0,17.25,16.95,2511696.0
127926,2022-08-19,17.0,17.0,17.45,16.95,4414641.0
127926,2022-09-08,18.2,18.5,18.85,18.05,4141008.0
127926,2022-10-07,16.5,16.55,16.65,16.35,1125146.0
127926,2022-10-12,16.05,16.05,16.35,15.95,1455070.0
127926,2023-01-27,15.7,15.9,15.95,14.55,2112854.0
127926,2023-02-17,15.9,16.0,16.2,15.8,1275942.0
127926,2023-02-24,15.2,15.3,15.45,15.05,1646248.0
127926,2023-02-27,14.95,15.2,15.25,14.85,1297013.0
127926,2023-03-13,14.6,14.9,15.05,14.5,1960883.0
127926,2023-04-28,13.4,13.7,13.8,13.3,2887895.0
127926,2023-05-19,13.25,13.45,13.45,13.1,1646227.0
127926,2023-07-12,15.15,15.25,15.35,15.1,2097995.0
127926,2023-08-02,15.7,16.1,16.7,15.55,7826143.0
127926,2023-08-08,16.55,16.9,17.0,16.35,6476307.0
127926,2023-08-22,17.0,16.85,17.35,16.85,6633677.0
127926,2021-06-30,25.9,26.45,26.45,25.7,7108989.0
127926,2021-11-23,20.95,19.95,21.25,19.85,3121519.0
127926,2021-07-08,27.5,28.05,28.7,26.8,25537696.0
127926,2022-03-30,17.5,17.35,17.75,17.35,3156338.0
127926,2021-10-07,25.95,25.75,26.3,25.55,3405128.0
127926,2022-04-07,18.75,18.7,19.2,18.6,7993801.0
127926,2021-10-08,26.25,26.0,26.75,25.65,3883339.0
127926,2022-06-16,16.55,17.35,17.35,16.5,1202679.0
127926,2021-10-18,26.5,27.2,27.4,26.3,6587901.0
127926,2022-06-21,16.55,15.85,16.65,15.85,1579385.0
127926,2021-11-01,21.75,22.45,22.45,21.65,4204182.0
127926,2021-11-08,21.0,21.0,21.1,20.35,7336825.0
127926,2022-06-24,16.6,16.35,16.75,16.35,866639.0
127926,2021-11-24,21.05,21.05,21.9,20.8,6029554.0
127926,2021-11-30,20.0,19.9,20.5,19.7,2357609.0
127926,2022-07-19,16.6,16.55,16.65,16.45,721256.0
127926,2022-07-21,16.75,16.75,16.8,16.65,966980.0
127926,2022-08-30,17.95,17.75,18.45,17.75,8742883.0
127926,2021-12-02,20.75,20.25,20.9,20.05,2247489.0
127926,2021-12-06,20.4,20.9,20.95,20.3,1518577.0
127926,2022-09-12,17.95,17.95,18.15,17.85,1828974.0
127926,2021-12-23,21.15,21.3,21.45,20.95,1669362.0
127926,2022-02-10,21.95,22.0,22.65,21.9,13846836.0
127926,2022-09-15,17.45,17.7,18.05,17.35,3578248.0
127926,2022-09-27,15.95,16.45,16.55,15.85,2576835.0
127926,2022-11-04,16.05,15.75,16.2,15.75,2886770.0
127926,2022-02-15,20.3,20.35,20.5,19.65,7494706.0
127926,2022-12-15,18.2,19.4,19.6,18.05,15733098.0
127926,2022-02-24,17.05,17.95,18.2,16.8,8062627.0
127926,2022-12-26,16.8,16.15,16.95,15.85,4125397.0
127926,2022-03-25,18.4,18.75,18.8,18.25,2266823.0
127926,2022-12-29,17.2,17.2,17.3,17.0,1396936.0
127926,2022-04-06,18.7,18.8,19.1,18.65,6614701.0
127926,2023-01-11,17.0,16.9,17.2,16.85,1210706.0
127926,2023-01-25,15.85,16.0,16.0,15.75,1183202.0
127926,2022-05-17,18.15,17.85,18.3,17.65,1690479.0
127926,2022-06-14,17.0,16.7,17.7,16.7,1270003.0
127926,2023-02-02,15.75,15.9,16.35,15.7,1612358.0
127926,2023-05-04,13.8,13.75,14.1,13.6,3887765.0
127926,2022-06-22,16.25,16.6,16.6,15.9,805268.0
127926,2022-07-11,16.7,16.7,17.15,16.6,1904921.0
127926,2023-06-16,15.4,14.7,16.05,14.6,21362337.0
127926,2022-08-24,16.7,16.9,17.0,16.6,1652110.0
127926,2023-07-04,14.75,14.65,15.25,14.6,3971295.0
127926,2022-09-09,17.75,18.4,18.4,17.65,3255166.0
127926,2022-10-10,16.4,16.25,16.7,16.2,1268873.0
127926,2022-12-28,17.3,16.95,17.4,16.85,2747602.0
127926,2023-01-05,17.2,17.5,17.5,17.05,1234496.0
127926,2023-02-15,16.0,15.9,16.1,15.8,896453.0
127926,2023-02-20,15.85,16.0,16.0,15.8,923024.0
127926,2023-03-22,13.7,13.75,13.9,13.6,2502939.0
127926,2023-04-27,13.65,13.05,13.75,13.0,3679184.0
127926,2023-05-11,13.8,13.95,13.95,13.7,1343309.0
127926,2023-05-12,13.75,13.75,13.85,13.7,1033945.0
127926,2023-05-15,13.7,13.75,13.85,13.55,1687898.0
127926,2023-05-31,13.7,13.7,13.9,13.6,1604276.0
127926,2023-06-23,15.35,15.6,15.85,15.3,2322699.0
127926,2023-08-21,16.75,16.7,17.35,16.65,9147257.0
127926,2021-04-15,22.5,23.0,23.0,22.3,550294.0
127926,2021-07-12,27.5,28.45,28.55,27.35,13057254.0
127926,2021-05-10,23.2,23.6,23.85,23.15,3319964.0
127926,2021-08-11,24.65,25.4,25.65,24.1,7650558.0
127926,2021-06-14,27.45,27.55,28.25,26.5,27157139.0
127926,2021-08-31,23.15,23.5,23.55,22.9,2859400.0
127926,2021-09-24,24.1,24.75,25.15,23.95,2729556.0
127926,2021-06-17,26.85,27.0,27.55,26.5,12208634.0
127926,2021-10-06,25.45,27.05,27.2,25.15,5724407.0
127926,2021-07-05,25.95,25.85,26.35,25.65,6151830.0
127926,2022-01-24,20.95,21.85,22.1,20.75,6244117.0
127926,2021-07-13,27.9,27.8,28.15,27.7,8293851.0
127926,2022-02-18,19.55,19.8,20.0,19.5,5000108.0
127926,2022-02-22,18.15,18.25,18.7,17.7,7783291.0
127926,2021-07-22,25.75,26.15,26.45,25.7,6848523.0
127926,2021-08-04,26.2,27.4,27.5,25.95,8258528.0
127926,2022-04-04,18.8,19.2,19.85,18.7,7474191.0
127926,2021-08-12,25.35,24.85,25.45,24.65,3475027.0
127926,2022-05-23,17.95,18.35,18.4,17.9,1177605.0
127926,2021-09-21,23.85,23.8,24.2,23.65,2401653.0
127926,2022-06-09,17.7,17.8,17.9,17.55,900836.0
127926,2022-08-26,16.85,16.9,17.05,16.85,1795502.0
127926,2021-10-22,23.9,24.0,24.75,23.6,3780809.0
127926,2021-11-03,19.8,21.2,21.8,19.6,16977726.0
127926,2022-09-01,18.0,17.9,18.35,17.9,4079199.0
127926,2021-11-26,20.6,21.35,21.35,20.45,3865522.0
127926,2022-10-13,16.15,16.1,16.3,15.95,1443082.0
127926,2021-12-03,20.85,20.95,21.4,20.6,2391453.0
127926,2022-10-18,15.85,16.05,16.1,15.6,2338043.0
127926,2021-12-08,20.5,20.5,20.75,20.45,2175755.0
127926,2022-11-03,15.9,15.85,16.0,15.75,1366361.0
127926,2021-12-16,21.85,22.25,22.75,21.55,4464134.0
127926,2022-11-09,16.2,16.2,16.55,16.0,3749803.0
127926,2021-12-17,21.0,21.95,21.95,20.85,5153941.0
127926,2023-02-23,15.3,15.35,15.45,15.15,1203215.0
127926,2022-01-04,21.95,22.0,22.3,21.85,2724438.0
127926,2023-03-08,15.1,15.2,15.2,15.0,2107010.0
127926,2022-01-20,22.3,22.5,22.85,22.2,4102641.0
127926,2023-03-14,14.45,14.6,14.65,14.3,4933261.0
127926,2022-01-31,21.9,22.45,22.55,21.8,3979756.0
127926,2022-02-28,18.6,17.8,18.75,17.6,4571610.0
127926,2023-03-21,13.7,13.75,13.8,13.55,1475273.0
127926,2023-03-27,13.0,13.3,13.45,12.9,2573923.0
127926,2022-03-23,18.6,18.9,18.95,18.5,2267799.0
127926,2023-04-12,13.7,13.45,13.75,13.45,1310375.0
127926,2022-05-11,17.6,18.4,18.4,17.2,3305338.0
127926,2023-04-13,13.5,13.8,13.9,13.45,2482220.0
127926,2022-06-03,17.9,18.25,18.3,17.85,781479.0
127926,2022-06-23,16.25,16.45,16.55,16.05,877930.0
127926,2023-04-21,13.1,13.05,13.2,12.9,1863511.0
127926,2023-05-18,13.45,13.6,13.6,13.4,1444174.0
127926,2022-07-01,16.3,16.3,16.45,16.1,670321.0
127926,2023-05-23,13.35,13.2,13.45,13.15,1458595.0
127926,2022-07-06,16.4,16.45,16.5,16.25,498894.0
127926,2023-06-09,14.3,14.35,14.8,14.2,5503063.0
127926,2022-07-07,16.75,16.4,16.85,16.4,739948.0
127926,2023-06-15,14.65,14.65,14.85,14.5,3495199.0
127926,2022-07-20,16.65,16.75,16.75,16.6,1090610.0
127926,2023-06-26,14.95,15.45,15.45,14.75,2829967.0
127926,2022-08-05,17.05,17.35,17.35,17.0,807673.0
127926,2023-07-19,15.25,15.15,15.4,15.05,6372545.0
127926,2022-09-22,17.1,17.25,17.35,17.05,1555428.0
127926,2022-09-30,16.15,15.85,16.3,15.75,1635272.0
127926,2023-08-23,17.25,17.2,17.45,17.15,2662625.0
127926,2022-11-11,16.1,16.15,16.2,16.0,1353134.0
127926,2022-11-16,15.9,15.95,16.1,15.85,2259718.0
127926,2023-01-18,16.25,16.45,16.5,16.2,1983966.0
127926,2023-01-30,15.7,15.85,16.0,15.55,1863907.0
127926,2023-03-03,15.2,15.25,15.35,15.15,1254409.0
127926,2023-05-03,13.6,13.5,14.0,13.4,3476784.0
127926,2021-03-25,28.6,29.5,29.5,28.1,421773.0
127926,2022-03-02,18.6,18.55,18.9,18.3,3052505.0
127926,2021-04-26,22.05,21.65,22.45,21.65,17152097.0
127926,2022-03-28,17.65,18.3,18.45,17.55,4562251.0
127926,2022-04-01,18.9,17.4,19.5,17.35,9274368.0
127926,2021-05-07,23.3,23.3,24.0,23.1,5334726.0
127926,2022-05-02,20.1,19.9,20.3,19.5,4539575.0
127926,2021-07-16,26.8,27.05,27.45,26.75,4733104.0
127926,2021-07-23,25.9,25.95,26.1,25.25,6146724.0
127926,2022-05-05,19.8,20.1,20.35,19.4,5514291.0
127926,2021-07-29,25.75,25.5,25.95,25.3,3452291.0
127926,2022-06-28,16.85,16.7,17.05,16.4,1127357.0
127926,2021-08-03,27.2,27.1,27.85,26.6,9369514.0
127926,2022-07-25,16.9,17.1,17.3,16.8,947234.0
127926,2021-08-06,25.75,25.6,26.0,25.6,2199771.0
127926,2022-08-11,16.9,17.2,17.35,16.8,1300962.0
127926,2021-08-09,26.3,25.75,26.6,25.5,7050716.0
127926,2022-09-26,16.2,16.85,16.85,15.9,2999795.0
127926,2021-09-08,23.95,23.7,24.2,23.6,1832507.0
127926,2021-09-23,24.6,25.1,25.3,24.55,2044901.0
127926,2022-10-19,15.95,15.95,16.05,15.8,1698289.0
127926,2022-10-31,15.95,15.9,16.25,15.75,2654921.0
127926,2021-10-04,25.35,25.3,25.9,25.1,5426683.0
127926,2022-11-10,16.05,16.2,16.3,16.0,1572879.0
127926,2022-03-11,18.85,18.85,19.05,18.65,1887278.0
127926,2022-12-08,17.15,17.15,17.5,17.05,1540150.0
127926,2022-03-22,18.8,19.05,19.05,18.7,2290052.0
127926,2022-12-21,17.7,18.95,19.15,17.5,6327443.0
127926,2022-05-06,19.45,19.5,19.7,19.25,3484870.0
127926,2023-01-12,17.0,17.1,17.2,16.9,1103755.0
127926,2022-05-30,18.05,17.5,18.2,17.5,1908206.0
127926,2023-03-06,15.2,15.2,15.4,14.95,3105625.0
127926,2022-06-06,17.5,17.95,17.95,17.15,1352047.0
127926,2022-09-13,17.85,18.05,18.1,17.75,3993262.0
127926,2023-03-23,13.65,13.65,13.9,13.5,1794395.0
127926,2023-04-03,13.45,13.15,13.7,13.0,3146900.0
127926,2022-10-24,15.95,16.05,16.1,15.85,517097.0
127926,2023-04-05,13.5,13.45,13.6,13.35,1846156.0
127926,2022-11-23,15.85,15.75,16.0,15.7,1636380.0
127926,2023-04-17,13.25,13.65,13.8,13.2,4927487.0
127926,2023-01-16,16.65,16.9,17.05,16.45,1741172.0
127926,2023-05-02,13.5,13.45,13.6,13.45,2215871.0
127926,2023-01-31,16.3,15.7,16.4,15.55,1899688.0
127926,2023-03-24,13.4,13.75,13.75,13.35,1140083.0
127926,2023-06-06,14.1,14.35,14.4,14.0,2463273.0
127926,2023-07-20,15.45,15.3,15.75,15.2,7857052.0
127926,2023-04-20,13.0,12.95,13.1,12.9,1159680.0
127926,2023-07-31,15.9,16.0,16.55,15.85,5659110.0
127926,2023-05-16,13.65,13.65,13.85,13.6,1201002.0
127926,2023-08-01,16.1,15.95,16.35,15.95,3061642.0
127926,2023-05-29,13.8,13.75,14.05,13.55,3461418.0
127926,2023-06-14,14.6,14.85,14.85,14.55,2687441.0
127926,2023-06-22,15.6,15.5,15.85,15.2,7697591.0
127926,2023-06-30,14.7,14.85,14.9,14.65,1359027.0
127926,2023-07-14,15.3,15.25,15.4,15.15,2496104.0
127926,2023-08-07,16.7,16.1,16.8,16.05,10563432.0
127926,2021-01-20,32.35,32.7,32.75,31.6,356833.0
127926,2021-02-11,30.5,30.0,33.0,29.7,1206828.0
127926,2021-02-15,30.3,30.15,30.75,30.05,338498.0
127926,2021-02-19,30.05,30.2,30.6,29.85,369082.0
127926,2021-04-29,23.4,24.0,24.4,23.2,14573599.0
127926,2021-05-06,23.0,22.95,23.55,22.9,3517285.0
127926,2021-07-15,27.05,27.65,27.85,27.0,5250926.0
127926,2021-07-30,26.05,25.75,26.45,25.6,4924030.0
127926,2021-08-13,25.05,25.45,25.55,25.0,2669107.0
127926,2021-08-26,23.2,23.3,23.45,23.0,1264583.0
127926,2021-08-30,23.45,23.0,23.9,23.0,2992147.0
127926,2021-09-27,23.95,24.25,24.25,23.9,1334674.0
127926,2021-02-03,30.3,30.6,30.95,29.9,380285.0
127926,2021-02-08,29.95,30.4,30.85,29.85,552052.0
127926,2021-03-04,30.9,30.45,31.4,30.35,425571.0
127926,2021-04-09,24.05,23.8,24.5,23.65,869733.0
127926,2021-07-28,25.35,25.8,25.95,25.0,4841669.0
127926,2021-09-02,23.25,23.15,23.7,23.1,2932153.0
127926,2021-09-16,24.5,25.0,25.25,24.3,4095989.0
127926,2021-09-17,24.2,24.7,24.7,23.8,4132354.0
127926,2021-10-20,24.95,25.65,25.9,24.8,3675515.0
127926,2021-12-14,22.15,22.6,22.75,22.05,7338795.0
127926,2021-12-29,21.75,21.7,22.25,21.55,2879266.0
127926,2021-01-21,31.8,32.6,32.65,31.5,409201.0
127926,2021-02-04,30.6,30.9,31.35,30.4,500399.0
127926,2021-02-16,30.05,30.45,30.65,27.6,415046.0
127926,2021-02-22,29.7,29.7,30.2,29.55,254323.0
127926,2021-03-22,29.85,29.15,30.35,29.15,411077.0
127926,2021-04-01,25.35,26.1,26.15,25.15,1342150.0
127926,2021-05-24,26.25,25.8,26.85,25.55,16636921.0
127926,2021-05-31,25.65,26.0,26.1,25.5,4021920.0
127926,2021-06-21,26.65,25.5,27.4,25.1,16667838.0
127926,2021-03-16,31.1,31.0,31.45,30.75,439912.0
127926,2021-04-20,21.8,22.4,22.8,21.7,2024858.0
127926,2021-05-11,23.35,23.2,23.5,23.15,2118227.0
127926,2021-05-12,23.2,23.5,23.5,23.05,3094627.0
127926,2021-01-18,32.05,32.5,33.3,31.25,1583518.0
127926,2021-02-09,29.6,29.95,30.1,29.15,517276.0
127926,2021-02-10,29.95,29.6,30.9,29.3,852294.0
127926,2021-09-29,24.05,23.95,24.25,23.85,2911552.0
127926,2021-11-02,21.1,21.9,22.2,20.9,7786673.0
127926,2021-11-25,21.55,21.4,21.75,21.05,3850108.0
127926,2021-12-31,21.9,21.55,22.4,21.45,3070506.0
127926,2022-01-25,21.25,20.75,21.6,20.45,4016303.0
127926,2022-02-01,21.5,22.15,22.15,21.25,4503483.0
127926,2022-02-04,22.45,22.8,23.15,22.3,5674030.0
127926,2022-02-16,20.1,20.55,20.75,19.95,8631112.0
127926,2022-02-17,19.95,20.3,20.4,19.9,4457515.0
127926,2022-02-21,19.0,19.5,19.65,18.8,6002397.0
127926,2022-03-09,18.5,18.4,18.65,18.2,2651534.0
127926,2022-03-14,18.55,18.95,19.05,18.5,2057869.0
127926,2022-04-11,21.15,20.5,21.75,20.25,17274139.0
127926,2022-04-12,20.5,21.25,21.3,20.1,9172468.0
127926,2022-04-20,20.25,20.05,20.7,20.05,6656825.0
127926,2022-04-25,20.65,21.0,21.8,20.6,9870382.0
127926,2022-05-10,18.1,19.0,19.2,17.85,2667639.0
127926,2022-05-13,17.15,17.05,17.6,16.95,2892929.0
127926,2022-05-19,17.9,17.7,18.2,17.7,1588290.0
127926,2022-05-24,17.65,17.9,18.1,17.5,1171323.0
127926,2022-05-26,17.55,17.45,17.8,16.65,2201352.0
127926,2022-09-16,17.6,17.4,17.75,17.1,2976789.0
127926,2022-10-25,15.9,15.9,16.15,15.9,1086447.0
127926,2022-11-15,15.95,16.0,16.05,15.9,1435598.0
127926,2022-12-05,17.6,17.55,17.75,17.4,3389619.0
127926,2022-12-22,16.95,17.8,18.2,16.85,6044140.0
127926,2022-12-27,17.1,17.0,17.3,16.7,2859816.0
127926,2023-01-17,16.6,16.7,16.95,16.5,1552750.0
127926,2023-02-01,15.85,16.3,16.5,15.7,1637177.0
127926,2023-02-08,15.7,15.8,15.85,15.55,1306972.0
127926,2023-02-10,15.75,15.7,15.95,15.65,1870599.0
127926,2023-02-13,15.55,15.8,15.8,15.45,1644206.0
127926,2023-05-08,13.65,13.65,13.7,13.55,1520526.0
127926,2023-05-25,13.55,13.75,13.85,13.5,2128951.0
127926,2023-06-20,15.4,15.4,15.5,15.15,3065853.0
127926,2023-06-21,15.45,15.35,15.75,15.25,4742560.0
127926,2023-07-24,15.4,15.4,15.5,15.3,2488445.0
127926,2021-12-30,21.45,21.8,21.9,21.3,1799078.0
127926,2022-01-05,22.3,21.95,22.8,21.75,4419014.0
127926,2022-01-11,22.4,22.85,23.15,22.3,7089504.0
127926,2022-01-18,22.5,22.8,22.95,22.2,6505021.0
127926,2022-02-25,18.05,17.3,18.15,17.3,4107448.0
127926,2022-03-17,18.9,18.95,19.15,18.75,2501933.0
127926,2022-04-26,20.05,20.95,21.1,19.85,7173451.0
127926,2022-04-28,20.1,21.7,21.8,19.9,10068417.0
127926,2022-04-29,20.1,20.4,20.5,19.8,8369743.0
127926,2022-06-02,18.05,18.0,18.2,17.85,986476.0
127926,2022-07-12,16.7,16.55,16.85,16.5,2068660.0
127926,2022-07-27,16.65,16.7,16.85,16.55,814556.0
127926,2022-07-29,16.75,16.75,16.95,16.65,1176097.0
127926,2022-08-23,16.85,16.9,17.05,16.8,1605469.0
127926,2022-09-29,15.75,15.85,16.2,15.6,1954086.0
127926,2022-10-03,16.05,16.15,16.25,16.0,1124418.0
127926,2022-10-04,16.2,16.2,16.35,16.1,1293879.0
127926,2022-11-07,16.05,16.15,16.25,16.0,1564724.0
127926,2022-11-29,16.6,16.35,16.7,16.3,2368271.0
127926,2022-12-07,16.95,17.3,17.3,16.9,1958942.0
127926,2022-12-13,17.3,16.95,17.4,16.85,2302173.0
127926,2022-12-14,19.15,17.5,19.35,17.35,26217299.0
127926,2022-12-16,18.7,18.3,19.35,18.0,12802953.0
127926,2022-12-30,17.3,17.25,17.7,17.2,2066766.0
127926,2023-01-10,16.9,17.0,17.1,16.85,1202549.0
127926,2023-01-24,16.0,16.15,16.2,15.9,1289351.0
127926,2023-04-19,13.0,12.95,13.4,12.9,3520446.0
127926,2023-06-13,14.75,14.8,15.0,14.65,3756131.0
127926,2023-07-03,14.65,14.7,14.85,14.6,2497433.0
127926,2023-07-10,15.4,15.6,15.65,15.4,1453052.0
127926,2021-06-04,25.9,25.95,26.65,25.85,6294542.0
127926,2021-07-20,26.25,27.0,27.0,26.0,6453232.0
127926,2021-08-24,23.0,22.2,23.25,22.05,4399129.0
127926,2021-10-13,26.2,26.7,26.9,26.1,3716091.0
127926,2021-10-28,23.15,23.45,23.5,23.05,1238360.0
127926,2021-11-09,21.05,21.1,21.7,20.85,7328380.0
127926,2021-11-17,20.95,21.15,21.45,20.8,1821391.0
127926,2021-12-15,22.15,22.3,22.55,22.05,4545676.0
127926,2022-01-14,23.15,23.55,23.75,23.05,6877851.0
127926,2022-01-19,22.55,22.65,23.3,22.3,6896331.0
127926,2022-02-11,21.7,21.8,22.45,21.6,9156476.0
127926,2022-03-08,18.15,17.95,18.3,17.9,2194786.0
127926,2022-03-10,18.7,19.0,19.0,18.5,2555919.0
127926,2022-04-27,21.1,19.95,21.5,19.4,15631614.0
127926,2022-05-04,19.9,20.0,20.3,19.4,6862215.0
127926,2022-05-16,17.6,17.5,17.75,17.25,1767756.0
127926,2022-05-18,18.4,18.4,18.5,18.0,2106353.0
127926,2022-05-31,18.1,18.15,18.25,17.85,1237738.0
127926,2022-06-15,17.0,17.05,17.25,16.9,936494.0
127926,2022-07-14,16.4,16.6,16.75,16.35,604471.0
127926,2022-08-02,17.6,17.05,17.7,17.0,2018412.0
127926,2022-08-12,16.95,17.1,17.1,16.9,948134.0
127926,2022-08-17,17.0,17.1,17.2,16.95,1792820.0
127926,2022-08-22,16.95,17.05,17.25,16.9,3175889.0
127926,2022-09-21,17.25,17.45,17.5,17.15,1208457.0
127926,2022-10-11,16.0,16.4,16.5,15.9,1945839.0
127926,2022-11-01,15.85,16.0,16.05,15.8,1571257.0
127926,2022-12-02,17.35,17.35,17.7,17.25,4422379.0
127926,2022-12-23,16.0,16.8,16.85,15.85,4347982.0
127926,2023-01-02,17.6,17.3,17.7,17.25,2007457.0
127926,2023-01-03,17.6,17.65,17.9,17.5,2314622.0
127926,2023-01-13,16.85,17.1,17.1,16.75,1492837.0
127926,2023-02-28,15.15,14.85,15.35,14.85,1440204.0
127926,2023-03-15,14.3,14.5,14.6,14.25,1429094.0
127926,2023-05-10,13.85,13.6,13.95,13.4,3158769.0
127926,2023-05-22,13.2,13.2,13.3,13.1,939938.0
127926,2023-06-01,13.95,13.8,14.15,13.7,3590088.0
127926,2023-07-13,15.15,15.15,15.55,15.0,4946196.0
127926,2023-07-26,15.25,15.4,15.5,15.1,4120809.0
127926,2023-08-17,16.15,16.45,16.65,16.1,3693817.0
127926,2021-03-05,30.85,30.9,32.35,30.6,2114106.0
127926,2021-03-15,31.3,32.45,32.45,30.9,664285.0
127926,2021-04-07,24.2,24.15,24.45,23.85,587196.0
127926,2021-05-27,26.2,26.0,26.85,25.85,6048046.0
127926,2021-06-16,27.3,27.95,28.35,27.15,13479921.0
127926,2021-07-01,25.55,26.2,26.4,25.4,6341226.0
127926,2021-09-03,23.75,23.4,24.15,23.25,3187493.0
127926,2021-12-22,21.1,21.0,21.45,20.9,2609748.0
127926,2021-12-24,21.15,21.3,21.35,20.8,2409859.0
127926,2021-12-27,21.25,21.15,21.4,20.8,2425933.0
127926,2021-12-28,21.65,21.45,21.75,21.35,2024173.0
127926,2022-02-14,20.05,21.2,21.4,19.85,7811120.0
127926,2022-03-31,17.25,17.55,17.6,17.2,2711205.0
127926,2022-05-12,16.85,17.45,17.45,16.55,2993732.0
127926,2022-06-10,17.7,17.4,18.4,17.35,1538611.0
127926,2022-06-17,16.65,16.5,16.95,16.2,1368907.0
127926,2022-06-20,16.05,16.55,16.7,15.8,1164247.0
127926,2022-06-30,16.25,16.85,16.95,14.35,1155639.0
127926,2022-07-08,16.8,16.9,17.1,16.7,737165.0
127926,2022-07-22,17.25,16.75,17.65,16.7,4098188.0
127926,2022-09-02,18.1,18.2,18.4,17.85,3329527.0
127926,2022-09-07,18.3,18.75,18.85,18.25,3675162.0
127926,2022-09-28,15.7,15.85,16.05,15.65,3214506.0
127926,2022-10-14,16.25,16.35,16.45,16.2,1141553.0
127926,2022-10-20,15.9,15.95,16.0,15.75,1600114.0
127926,2022-10-28,15.8,15.85,15.95,15.75,1430470.0
127926,2022-11-24,16.05,15.95,16.25,15.8,2547000.0
127926,2022-11-25,16.2,16.1,16.45,16.1,3045672.0
127926,2022-12-12,16.8,16.95,17.0,16.75,1453871.0
127926,2023-01-04,17.35,17.7,17.7,17.25,1414854.0
127926,2023-01-09,17.0,17.2,17.3,16.95,920598.0
127926,2023-02-16,16.1,16.05,16.35,15.9,2002632.0
127926,2023-03-10,15.0,15.1,15.1,14.9,1351998.0
127926,2023-03-28,12.45,13.0,13.0,12.35,2402230.0
127926,2023-03-29,12.5,12.45,13.05,12.25,6524139.0
127926,2023-07-05,15.5,14.8,15.6,14.75,6662277.0
127926,2023-07-17,15.85,15.35,16.15,15.35,7508843.0
127926,2023-07-21,15.35,15.5,15.55,15.25,4037092.0
127926,2023-07-25,15.35,15.5,15.6,15.2,4239432.0
127926,2023-08-03,15.7,15.7,16.1,15.55,3723896.0
127926,2023-08-04,15.95,15.8,16.15,15.8,4351620.0
127926,2023-08-18,16.55,16.2,16.75,16.2,10476024.0
127926,2021-08-16,24.6,25.05,25.3,24.5,4063855.0
127926,2021-08-17,24.2,24.6,24.95,24.05,3562385.0
127926,2021-09-28,23.95,24.1,24.55,23.7,2847468.0
127926,2021-01-06,33.3,33.2,34.35,32.5,1615612.0
127926,2021-10-12,26.55,26.0,27.15,25.8,21787606.0
127926,2021-01-12,34.55,34.2,34.95,33.9,1383747.0
127926,2021-11-04,20.8,20.1,20.95,20.1,3030131.0
127926,2021-02-24,29.7,29.6,30.0,29.15,160182.0
127926,2021-11-16,21.2,21.15,21.45,21.0,2366705.0
127926,2021-02-26,29.75,29.9,30.15,29.65,416286.0
127926,2022-01-03,21.95,22.05,22.4,21.5,3471022.0
127926,2021-03-09,33.6,31.4,34.8,30.85,7366528.0
127926,2021-04-23,21.65,21.9,22.45,21.5,2655543.0
127926,2022-01-21,21.9,22.3,23.05,21.6,7823690.0
127926,2022-03-03,18.5,18.9,19.1,18.25,3140725.0
127926,2021-05-17,23.05,22.95,23.2,22.8,1742300.0
127926,2022-05-20,18.35,18.25,18.45,18.0,1327889.0
127926,2021-06-02,25.75,24.85,26.5,24.55,10002944.0
127926,2022-08-08,17.1,17.0,17.45,17.0,937981.0
127926,2021-06-25,26.2,26.6,26.65,25.8,6226472.0
127926,2022-08-10,17.0,17.15,17.2,16.9,883054.0
127926,2021-07-07,27.75,26.4,28.35,26.35,39603440.0
127926,2022-09-20,17.35,17.6,17.9,17.3,2279620.0
127926,2021-09-06,23.95,23.85,25.05,23.65,7234515.0
127926,2022-11-22,15.7,15.8,15.8,15.65,1005708.0
127926,2022-11-30,17.15,16.7,17.6,16.65,7587203.0
127926,2021-10-21,23.9,24.0,24.45,23.5,7007189.0
127926,2021-10-25,23.25,24.0,24.2,23.0,2529745.0
127926,2022-12-06,17.15,17.7,17.7,17.1,2123472.0
127926,2021-10-27,23.45,23.9,24.0,23.3,1965786.0
127926,2023-01-23,16.15,16.35,16.35,16.1,891455.0
127926,2021-12-01,20.1,20.45,20.7,20.0,2260645.0
127926,2023-02-03,15.8,15.85,15.95,15.6,1359894.0
127926,2022-02-07,22.0,22.5,22.75,21.75,4130870.0
127926,2023-02-06,15.75,15.8,15.95,15.6,1147315.0
127926,2023-02-07,15.7,15.85,16.0,15.6,1136473.0
127926,2022-03-04,18.2,18.55,18.55,18.1,2386277.0
127926,2022-03-15,18.7,18.75,19.25,18.6,8543206.0
127926,2023-03-09,15.15,15.15,15.25,15.1,1908035.0
127926,2022-04-18,19.5,19.4,19.8,19.0,6623923.0
127926,2023-04-06,13.65,13.55,13.8,13.45,2044941.0
127926,2022-05-09,18.95,19.3,19.45,18.6,3477398.0
127926,2023-04-11,13.5,13.75,13.85,13.35,3231289.0
127926,2023-04-25,13.1,13.15,13.2,13.0,1482939.0
127926,2022-06-08,17.75,17.7,18.05,17.5,1717053.0
127926,2022-07-05,16.35,16.45,16.8,16.0,776507.0
127926,2023-05-26,13.6,13.65,13.75,13.55,1198086.0
127926,2022-07-13,16.6,16.75,16.8,16.5,749059.0
127926,2023-07-11,15.2,15.45,15.5,15.15,1811658.0
127926,2022-07-18,16.5,16.35,16.65,16.3,1215741.0
127926,2023-07-18,15.05,16.05,16.2,14.9,13392548.0
127926,2022-07-28,16.6,16.7,17.0,16.55,904137.0
127926,2023-07-27,15.35,15.35,15.5,15.25,2109902.0
127926,2022-08-29,17.45,16.85,18.6,16.65,21181843.0
127926,2023-08-10,16.9,16.5,17.45,16.4,11277989.0
127926,2022-09-05,18.7,18.25,19.65,18.2,12606335.0
127926,2023-08-16,16.35,16.15,16.9,16.15,5759215.0
127926,2022-09-19,17.45,17.7,17.75,17.3,2121075.0
127926,2022-10-17,15.95,16.35,16.4,15.85,1902007.0
127926,2022-11-21,15.75,15.7,15.85,15.65,1127008.0
127926,2022-11-28,16.3,16.25,16.75,16.2,2522770.0
127926,2023-02-09,15.75,15.7,16.05,15.6,2000201.0
127926,2023-02-21,15.6,15.9,15.95,15.55,972426.0
127926,2023-02-22,15.35,15.55,15.55,15.25,1529446.0
127926,2023-03-20,13.65,13.9,14.0,13.35,3998313.0
127926,2023-04-24,13.1,13.2,13.2,13.05,1257466.0
127926,2023-04-26,13.05,13.1,13.15,13.0,970804.0
127926,2023-05-09,13.5,13.75,13.8,13.45,2216511.0
127926,2023-06-05,14.35,14.65,14.9,14.25,4228996.0
127926,2023-06-08,14.35,14.55,14.95,14.3,5041525.0
127926,2023-06-19,15.3,15.5,15.75,15.1,8291949.0
127926,2023-07-07,15.5,15.6,15.7,15.25,3139374.0
127926,2023-08-11,16.5,17.0,17.3,16.4,6183113.0
127926,2021-01-11,33.85,34.0,34.4,33.35,714296.0
127926,2021-03-24,29.5,29.8,30.3,29.2,305835.0
127926,2021-04-22,21.8,21.9,22.4,20.55,4854749.0
127926,2021-05-19,23.2,23.25,23.8,23.05,5020904.0
127926,2021-05-20,24.2,23.55,24.95,23.2,18886365.0
127926,2021-05-25,25.9,26.55,26.9,25.65,7972629.0
127926,2021-06-11,27.35,28.8,29.25,26.85,29887764.0
127926,2021-06-28,26.2,26.45,26.45,26.1,4536148.0
127926,2021-06-29,26.2,26.45,26.8,26.1,6961430.0
127926,2021-07-09,28.0,27.45,28.35,27.25,14044388.0
127926,2021-07-14,27.55,27.9,27.95,27.3,5872593.0
127926,2021-08-25,23.25,23.2,23.65,23.05,2997127.0
127926,2021-08-27,23.0,23.2,23.35,22.85,1936798.0
127926,2021-09-01,23.05,23.3,23.55,22.95,3050725.0
127926,2021-09-14,25.1,23.65,25.75,23.6,33949059.0
127926,2021-10-29,21.8,23.1,23.25,21.75,7787240.0
127926,2021-11-10,20.8,21.05,21.4,20.7,4526988.0
127926,2021-11-22,20.15,20.5,20.55,19.8,2303445.0
127926,2021-12-10,23.0,22.5,23.7,22.2,21911926.0
127926,2021-12-13,22.8,23.4,23.45,22.65,7619038.0
127926,2022-01-07,21.85,22.2,22.65,21.75,4723333.0
127926,2022-01-10,22.5,22.4,22.7,22.1,8441714.0
127926,2022-01-28,22.1,22.45,22.85,21.95,6129430.0
127926,2022-03-21,19.05,19.25,19.3,18.9,2262639.0
127926,2022-06-13,17.0,17.4,17.6,16.95,1497337.0
127926,2022-08-03,17.3,17.7,17.7,17.15,954831.0
127926,2022-08-25,16.8,16.75,17.05,16.7,3015268.0
127926,2022-09-14,17.6,17.5,17.85,17.4,3407744.0
127926,2022-11-02,15.8,15.85,15.9,15.8,1063713.0
127926,2022-11-17,15.75,15.9,16.0,15.75,1763926.0
127926,2022-12-01,17.35,17.3,17.85,17.3,5973094.0
127926,2023-01-06,17.05,17.25,17.25,16.9,1339765.0
127926,2023-03-01,15.3,15.1,15.55,15.05,2113753.0
127926,2023-03-17,14.0,13.95,14.25,13.9,1828996.0
127926,2023-03-31,12.95,12.6,13.25,12.55,4265442.0
127926,2023-04-18,12.95,12.9,13.15,12.55,5166414.0
127926,2023-05-05,13.65,14.0,14.0,13.6,1760426.0
127926,2023-05-17,13.55,13.65,13.7,13.5,1276702.0
127926,2023-05-30,13.7,13.85,13.9,13.65,1682055.0
127926,2023-06-02,14.55,14.1,14.75,14.05,8487937.0
127926,2023-06-07,14.5,14.2,14.6,14.15,3270510.0
127926,2021-01-05,32.85,32.9,33.1,32.7,373144.0
127926,2021-01-13,34.05,34.65,34.9,33.5,982863.0
127926,2021-01-29,30.25,30.3,30.65,30.0,154842.0
127926,2021-03-03,30.8,31.55,31.6,30.7,591857.0
127926,2021-04-05,24.05,25.35,25.45,23.4,1289011.0
127926,2021-04-12,22.25,24.1,24.1,22.15,1376105.0
127926,2021-05-04,23.2,23.9,24.2,23.1,4845073.0
127926,2021-05-14,22.65,23.4,23.5,22.45,3906974.0
127926,2021-06-09,25.5,26.35,27.0,25.15,14907162.0
127926,2021-06-23,26.55,27.2,27.8,26.4,10321068.0
127926,2021-08-10,25.45,26.2,26.6,25.15,6609593.0
127926,2021-08-20,22.75,23.4,23.5,22.7,3409130.0
127926,2021-10-01,25.05,23.95,25.2,23.95,9233891.0
127926,2021-10-05,26.5,25.3,26.8,25.1,12286362.0
127926,2021-12-20,20.2,20.85,20.85,20.0,3970366.0
127926,2021-01-07,33.8,34.3,34.55,33.55,1029013.0
127926,2021-02-02,30.6,31.0,31.6,30.5,212757.0
127926,2021-02-12,30.4,30.95,30.95,30.1,194991.0
127926,2021-03-02,30.85,31.45,31.85,30.6,623114.0
127926,2021-04-16,23.1,22.5,23.9,22.2,1846638.0
127926,2022-02-03,22.6,21.6,23.0,21.4,16403674.0
127926,2022-03-24,18.6,18.5,18.9,18.45,3185597.0
127926,2022-04-13,19.45,19.95,20.05,19.25,8790562.0
127926,2022-04-21,20.55,20.4,20.95,20.25,6352090.0
127926,2022-04-22,21.55,20.35,21.8,20.15,12875400.0
127926,2022-06-01,17.9,18.25,18.25,17.7,882585.0
127926,2022-06-27,16.7,16.9,16.9,16.6,614398.0
127926,2022-09-06,18.85,18.85,19.15,18.5,4503311.0
127926,2022-09-23,16.95,17.15,17.15,16.9,1382341.0
127926,2022-10-06,16.55,16.3,16.65,16.25,1417490.0
127926,2022-12-09,16.85,17.3,17.4,16.8,1594770.0
127926,2023-01-19,16.25,16.25,16.45,16.15,1829084.0
127926,2023-01-20,16.2,16.25,16.35,16.15,965114.0
127926,2023-05-24,13.75,13.4,14.3,13.35,6389377.0
127926,2023-06-27,14.85,14.95,15.0,14.8,1376876.0
127926,2023-06-28,14.8,14.85,14.9,14.75,1170598.0
127926,2023-07-06,15.55,15.6,16.2,15.5,6811804.0
127926,2021-04-27,22.25,21.8,22.75,21.75,45314400.0
127926,2021-05-26,25.8,26.3,26.45,25.65,6208183.0
127926,2021-08-18,23.55,24.25,24.6,23.4,4284211.0
127926,2021-09-15,24.9,25.1,25.65,24.85,5845029.0
127926,2021-09-20,23.95,23.9,24.5,23.8,2635437.0
127926,2021-10-19,25.45,26.65,27.0,25.1,7219363.0
127926,2021-11-12,20.7,20.5,20.75,20.2,3090613.0
127926,2021-11-18,20.4,21.0,21.05,19.95,2987715.0
127926,2021-12-07,20.3,20.55,20.8,20.25,2696750.0
127926,2021-12-21,20.85,20.5,21.0,20.4,3391648.0
127926,2022-01-13,23.65,22.75,24.05,22.5,18616546.0
127926,2022-01-27,22.1,21.3,23.7,21.0,18106723.0
127926,2022-02-08,21.9,22.2,22.3,21.75,3561384.0
127926,2022-03-07,17.8,17.8,18.05,17.5,2713110.0
127926,2022-05-25,17.2,17.9,17.9,17.0,1405255.0
127926,2022-05-27,17.4,17.8,17.8,17.3,1526355.0
127926,2022-07-26,16.7,16.8,17.05,16.65,676624.0
127926,2022-08-01,17.05,16.9,17.4,16.8,1645070.0
127926,2022-08-18,16.95,17.0,17.05,16.9,1406254.0
127926,2022-10-21,15.85,15.95,16.05,15.75,1408252.0
127926,2022-10-27,15.9,15.95,16.05,15.85,1334500.0
127926,2022-11-14,16.0,16.05,16.15,15.95,2829229.0
127926,2022-11-18,15.7,15.8,15.85,15.6,1638338.0
127926,2022-12-19,19.15,18.95,19.6,18.8,11910878.0
127926,2022-12-20,18.8,19.2,19.2,18.6,4397992.0
127926,2023-02-14,15.9,15.65,16.25,15.4,2707719.0
127926,2023-03-02,15.15,15.35,15.4,15.1,866857.0
127926,2023-03-16,13.85,14.35,14.4,13.75,4774544.0
127926,2023-04-10,13.6,13.75,14.8,13.5,7521481.0
127926,2023-06-12,14.65,14.4,14.85,14.3,5018241.0
127926,2023-07-28,15.85,15.4,15.95,15.25,8241730.0
127926,2023-08-09,16.5,16.55,16.6,16.3,3234533.0
127926,2023-08-14,16.4,16.5,16.55,16.1,3768472.0
