stockid,date,close,open,high,low,volume
1002795,2021-01-13,379.5,383.4,386.8,378.2,400127.0
1002795,2021-01-22,359.35,362.0,368.1,357.05,143077.0
1002795,2021-02-08,347.75,348.0,351.8,345.3,176995.0
1002795,2021-02-16,362.35,359.7,363.4,359.1,245747.0
1002795,2021-03-03,402.75,413.0,414.95,400.0,601167.0
1002795,2021-04-23,349.5,349.75,355.0,347.05,87503.0
1002795,2021-04-26,351.55,352.0,355.8,350.1,91062.0
1002795,2021-05-21,385.15,386.0,391.9,383.1,275188.0
1002795,2021-05-31,374.8,380.0,384.45,374.4,199649.0
1002795,2021-06-07,397.4,387.5,403.65,384.5,1674613.0
1002795,2021-06-17,411.6,415.0,419.0,408.35,498673.0
1002795,2021-08-06,372.5,372.0,377.65,369.0,295811.0
1002795,2021-08-10,365.2,372.6,378.0,363.3,198350.0
1002795,2021-08-18,362.05,355.95,365.9,354.0,241895.0
1002795,2021-08-23,346.15,353.1,354.9,345.1,144094.0
1002795,2021-09-15,370.45,374.0,376.6,369.2,199881.0
1002795,2021-09-22,363.15,364.4,368.15,362.3,84698.0
1002795,2022-02-28,289.9,287.0,291.65,285.1,199978.0
1002795,2022-03-16,304.6,308.0,312.95,304.0,388723.0
1002795,2022-05-26,318.7,326.75,326.75,306.05,172844.0
1002795,2021-01-05,386.5,383.9,392.45,381.9,991999.0
1002795,2021-01-28,341.3,347.85,347.85,339.15,251323.0
1002795,2021-04-20,349.95,350.2,356.7,348.9,77661.0
1002795,2021-05-26,383.3,385.45,387.9,382.6,226016.0
1002795,2021-06-22,409.75,413.7,418.45,407.3,402580.0
1002795,2021-06-24,406.1,411.5,413.0,404.45,173977.0
1002795,2021-07-12,387.7,390.45,396.0,386.75,368171.0
1002795,2021-07-29,375.85,370.55,377.0,370.55,364461.0
1002795,2021-07-30,376.7,379.0,382.7,376.0,282454.0
1002795,2021-08-13,357.85,362.0,363.15,357.2,128712.0
1002795,2021-08-31,355.8,356.75,358.7,354.15,123284.0
1002795,2021-10-29,349.4,351.3,352.4,347.1,129608.0
1002795,2021-12-09,349.25,346.5,351.0,345.6,62625.0
1002795,2021-12-27,334.6,335.7,335.7,332.0,42001.0
1002795,2022-01-12,351.75,348.7,353.5,347.1,185700.0
1002795,2022-02-08,339.75,340.9,344.9,335.1,125416.0
1002795,2022-03-21,301.8,306.15,308.9,301.0,206107.0
1002795,2022-03-28,294.95,300.6,303.95,294.1,258939.0
1002795,2021-01-14,378.6,380.0,380.05,371.1,154246.0
1002795,2021-01-15,373.05,377.0,378.35,367.0,220610.0
1002795,2021-01-19,366.25,367.95,369.0,364.2,116044.0
1002795,2021-01-27,348.65,345.5,351.5,345.5,110466.0
1002795,2021-02-15,358.0,355.5,361.9,354.1,348623.0
1002795,2021-03-23,361.75,363.7,366.65,357.25,98995.0
1002795,2021-04-07,366.4,369.3,371.25,365.0,94117.0
1002795,2021-04-16,357.8,358.65,361.1,355.1,87913.0
1002795,2021-06-01,376.9,377.0,383.9,376.05,198576.0
1002795,2021-06-02,376.2,377.0,381.4,375.4,234969.0
1002795,2021-07-19,380.7,383.95,386.5,380.0,203157.0
1002795,2021-07-28,369.95,374.3,374.3,368.75,228215.0
1002795,2021-09-20,368.6,377.5,379.55,366.05,207797.0
1002795,2021-10-05,361.45,360.5,364.5,358.2,160837.0
1002795,2021-10-14,370.8,378.0,379.0,369.2,247850.0
1002795,2021-11-22,354.85,364.7,364.7,354.0,153810.0
1002795,2021-12-06,345.8,346.0,347.0,343.25,89000.0
1002795,2021-12-08,345.8,347.95,348.7,342.4,100432.0
1002795,2021-12-21,329.1,331.0,336.9,328.0,107315.0
1002795,2022-01-17,348.1,349.0,350.95,347.6,83583.0
1002795,2022-01-24,334.75,345.05,345.95,333.0,151235.0
1002795,2022-02-01,344.55,343.5,347.85,343.0,137007.0
1002795,2022-02-21,307.6,308.95,309.95,305.1,144932.0
1002795,2022-03-04,289.1,290.0,292.05,288.25,133348.0
1002795,2022-03-22,300.55,301.8,302.9,298.0,187463.0
1002795,2022-03-30,293.0,293.0,296.15,292.25,202759.0
1002795,2022-04-07,321.95,319.9,332.75,318.65,421300.0
1002795,2022-04-26,341.55,346.9,348.0,340.5,160851.0
1002795,2022-05-06,322.85,322.0,326.15,315.2,119681.0
1002795,2022-05-12,307.7,305.0,312.0,300.1,80609.0
1002795,2022-05-16,315.2,317.95,320.7,312.15,68383.0
1002795,2022-05-19,312.95,320.1,323.9,310.05,106990.0
1002795,2022-05-23,343.1,335.95,349.9,330.0,1075024.0
1002795,2021-01-12,392.05,392.9,394.0,390.0,324431.0
1002795,2021-02-12,350.5,352.15,356.0,348.0,222498.0
1002795,2021-03-30,369.3,356.0,381.55,352.0,333571.0
1002795,2021-04-13,360.55,355.0,362.5,353.75,104208.0
1002795,2021-04-19,349.55,351.9,354.45,346.0,145888.0
1002795,2021-05-11,368.0,369.0,373.8,364.0,380216.0
1002795,2021-05-12,376.35,369.85,383.0,369.85,807669.0
1002795,2021-05-19,380.5,387.5,389.85,380.0,440493.0
1002795,2021-05-28,379.55,384.0,385.35,378.15,129843.0
1002795,2021-06-18,410.2,413.0,422.55,402.25,691679.0
1002795,2021-07-08,385.85,387.2,392.7,384.45,224609.0
1002795,2021-08-02,374.7,376.7,380.7,374.0,181830.0
1002795,2021-08-03,374.75,375.0,380.95,373.5,265835.0
1002795,2021-08-09,371.6,374.3,377.0,370.7,152050.0
1002795,2021-09-01,353.25,355.8,357.95,352.55,99630.0
1002795,2021-09-08,371.35,372.75,374.65,366.0,165119.0
1002795,2021-09-16,372.05,371.0,379.75,369.0,474908.0
1002795,2021-09-28,358.85,359.0,362.0,357.3,130736.0
1002795,2021-10-04,360.5,361.25,364.2,360.05,139695.0
1002795,2021-10-13,374.3,380.0,381.3,372.0,650399.0
1002795,2021-10-25,350.65,356.25,357.95,348.55,252761.0
1002795,2021-11-17,366.4,367.0,371.5,365.8,136537.0
1002795,2021-11-25,356.3,361.65,364.4,355.05,77186.0
1002795,2021-12-13,348.55,349.05,351.7,348.0,69899.0
1002795,2022-01-03,355.4,357.9,358.6,354.65,77521.0
1002795,2022-03-15,301.95,305.4,307.5,301.05,159433.0
1002795,2021-01-25,352.25,362.7,365.0,350.1,121054.0
1002795,2021-03-10,381.65,387.5,388.3,380.0,245456.0
1002795,2021-04-30,365.55,356.5,371.2,355.0,319495.0
1002795,2021-05-04,368.05,370.0,377.0,365.95,265875.0
1002795,2021-07-15,388.15,391.4,394.95,384.0,324928.0
1002795,2021-07-22,375.7,378.7,381.95,375.0,253442.0
1002795,2021-08-04,374.85,375.0,378.25,373.0,137557.0
1002795,2021-09-06,364.25,366.9,369.0,363.0,161225.0
1002795,2021-09-13,367.0,372.0,372.95,365.55,108410.0
1002795,2021-10-19,366.55,371.0,374.6,365.0,185001.0
1002795,2021-11-04,364.25,360.6,365.0,360.0,85601.0
1002795,2021-12-07,345.45,347.0,348.8,345.05,48771.0
1002795,2022-02-15,314.65,321.9,321.9,311.0,290886.0
1002795,2022-03-08,284.75,288.95,291.0,280.75,188713.0
1002795,2022-04-05,320.9,320.0,324.8,316.65,250714.0
1002795,2022-05-18,327.85,331.0,332.85,326.3,123658.0
1002795,2022-05-27,322.55,327.0,329.0,318.95,105504.0
1002795,2021-01-18,364.5,373.05,374.95,362.55,198048.0
1002795,2021-02-01,352.65,352.0,357.5,346.05,266517.0
1002795,2021-02-03,354.25,363.7,363.8,352.8,187075.0
1002795,2021-03-18,360.3,365.0,368.8,356.85,186981.0
1002795,2021-03-26,353.9,351.0,360.2,350.55,204768.0
1002795,2021-05-07,369.8,375.5,377.15,367.0,171879.0
1002795,2021-06-10,399.05,392.1,408.15,391.75,1454236.0
1002795,2021-07-09,387.8,392.0,392.6,385.4,454388.0
1002795,2021-07-16,384.3,389.95,392.7,382.6,297573.0
1002795,2021-07-27,372.4,373.1,376.4,370.0,195591.0
1002795,2021-08-27,352.7,351.65,357.0,349.3,173942.0
1002795,2021-10-26,353.7,352.0,360.0,350.55,139169.0
1002795,2021-11-10,364.45,364.65,369.9,362.4,126727.0
1002795,2021-12-01,341.0,340.0,343.65,338.9,103538.0
1002795,2021-12-03,344.7,343.95,347.75,343.7,161327.0
1002795,2022-01-21,345.05,347.9,349.4,344.0,67141.0
1002795,2022-01-27,339.4,335.0,340.1,333.0,135775.0
1002795,2022-01-28,340.9,340.5,343.8,340.05,87186.0
1002795,2022-03-09,289.55,288.8,294.15,286.45,191866.0
1002795,2022-03-23,303.05,305.0,307.9,302.5,244620.0
1002795,2022-04-11,333.1,327.5,339.55,326.65,364690.0
1002795,2022-04-29,334.3,339.0,346.8,331.55,143934.0
1002795,2022-05-05,326.75,330.0,335.9,324.35,89474.0
1002795,2021-03-17,362.5,372.6,372.6,361.0,161504.0
1002795,2021-05-03,367.95,364.7,375.0,362.3,290788.0
1002795,2021-05-27,381.35,385.0,386.65,380.0,243297.0
1002795,2021-06-03,383.8,378.5,395.55,378.5,966349.0
1002795,2021-06-14,418.3,416.0,426.0,413.0,2241773.0
1002795,2021-08-25,356.7,348.7,359.75,347.05,159216.0
1002795,2021-10-07,361.35,364.0,365.8,360.5,184615.0
1002795,2021-10-21,353.85,361.9,365.5,351.05,256928.0
1002795,2021-12-14,346.95,348.55,349.3,346.5,57075.0
1002795,2021-12-29,345.55,340.2,347.0,337.65,152619.0
1002795,2021-12-31,356.3,357.0,357.8,352.05,147484.0
1002795,2022-01-05,347.95,349.5,350.55,346.3,90663.0
1002795,2022-01-06,345.45,348.05,348.5,345.0,93837.0
1002795,2022-01-13,349.9,352.5,352.5,348.0,88495.0
1002795,2022-01-19,347.15,349.6,349.6,345.55,82650.0
1002795,2022-02-16,314.8,320.0,321.85,314.3,358440.0
1002795,2022-03-11,304.6,296.5,306.35,295.15,243612.0
1002795,2022-04-06,318.45,320.9,322.1,316.75,114532.0
1002795,2021-01-04,381.9,376.45,385.0,371.0,846911.0
1002795,2021-02-04,349.95,354.4,357.7,349.0,288090.0
1002795,2021-03-05,394.15,403.5,403.5,390.35,467247.0
1002795,2021-03-31,374.3,374.0,384.0,370.0,353730.0
1002795,2021-04-15,358.65,356.1,361.0,355.25,87446.0
1002795,2021-05-06,374.1,378.0,380.8,372.5,235934.0
1002795,2021-09-03,363.85,357.6,368.55,356.55,357165.0
1002795,2021-10-08,360.6,363.6,364.3,359.5,188568.0
1002795,2021-10-20,361.55,365.15,368.0,360.55,232114.0
1002795,2021-11-11,374.1,365.0,377.5,361.85,773878.0
1002795,2021-11-15,372.35,372.7,376.75,370.7,171263.0
1002795,2021-12-15,345.7,348.2,348.3,345.15,54160.0
1002795,2021-12-24,334.05,336.4,336.95,332.9,52316.0
1002795,2021-12-30,356.65,346.9,360.0,341.25,367389.0
1002795,2022-01-14,348.7,351.4,352.5,348.05,71593.0
1002795,2022-02-09,339.5,339.85,341.7,338.05,44738.0
1002795,2022-02-10,340.85,340.9,342.65,339.15,63693.0
1002795,2022-02-25,288.3,290.9,294.3,286.25,260708.0
1002795,2022-05-04,329.5,341.0,341.0,328.0,77153.0
1002795,2021-01-07,385.15,385.5,390.0,384.25,259149.0
1002795,2021-01-08,391.45,388.0,395.6,387.05,668703.0
1002795,2021-01-20,363.65,366.25,368.6,361.7,117255.0
1002795,2021-03-02,409.55,390.0,426.5,388.0,4254850.0
1002795,2021-04-29,359.2,362.9,363.95,356.15,73741.0
1002795,2021-05-10,369.1,370.5,374.95,366.05,313787.0
1002795,2021-06-11,412.55,406.0,415.0,402.35,1871224.0
1002795,2021-07-07,386.85,395.5,395.6,385.85,317008.0
1002795,2021-07-26,371.75,374.95,378.0,371.0,232939.0
1002795,2021-11-02,355.9,351.9,357.15,350.75,147761.0
1002795,2021-11-29,342.4,347.0,347.35,340.05,144067.0
1002795,2021-12-10,348.7,350.5,351.65,348.0,88041.0
1002795,2022-02-04,339.75,342.85,344.9,339.0,101352.0
1002795,2022-03-07,286.1,286.05,289.0,283.6,183968.0
1002795,2022-04-04,317.75,304.8,323.9,304.75,592841.0
1002795,2022-04-19,338.4,356.7,356.9,331.0,395630.0
1002795,2022-04-28,338.25,340.0,342.75,336.15,74752.0
1002795,2022-05-02,336.65,335.4,340.0,330.8,130347.0
1002795,2021-01-29,348.6,342.95,349.95,342.95,108843.0
1002795,2021-02-09,342.4,348.85,350.9,340.55,353510.0
1002795,2021-02-23,380.4,352.5,394.0,350.05,3962052.0
1002795,2021-03-01,388.45,376.4,394.7,373.4,963401.0
1002795,2021-04-05,369.55,375.0,377.8,364.5,110902.0
1002795,2021-05-05,372.7,372.4,379.4,368.05,378002.0
1002795,2021-06-23,408.9,411.1,416.2,408.0,306189.0
1002795,2021-07-23,373.5,377.1,379.0,370.55,243335.0
1002795,2021-08-05,369.8,378.0,378.0,369.1,321142.0
1002795,2021-08-12,361.85,359.9,363.1,359.0,171155.0
1002795,2021-09-02,357.2,357.7,360.3,354.15,142443.0
1002795,2021-09-09,368.6,371.35,372.65,367.25,87711.0
1002795,2021-09-21,362.95,367.0,369.75,357.8,160530.0
1002795,2021-09-27,358.85,363.0,364.2,358.1,106659.0
1002795,2021-09-30,362.85,361.95,368.0,361.2,149706.0
1002795,2022-01-25,336.4,334.55,338.5,327.9,95292.0
1002795,2022-02-03,342.35,346.0,347.2,339.8,111382.0
1002795,2022-03-25,300.55,302.1,304.0,300.0,139172.0
1002795,2022-05-17,327.6,316.8,329.8,315.75,129030.0
1002795,2022-05-24,333.55,349.25,349.25,332.0,194261.0
1002795,2021-01-21,362.65,365.95,372.0,361.0,169695.0
1002795,2021-02-11,351.5,346.8,360.35,346.05,350672.0
1002795,2021-02-17,359.05,363.45,363.45,354.8,178361.0
1002795,2021-02-18,365.55,359.95,369.2,359.15,396090.0
1002795,2021-02-19,363.05,366.0,373.7,358.55,314437.0
1002795,2021-03-09,386.3,398.2,399.75,385.0,236940.0
1002795,2021-03-22,361.3,361.0,369.0,359.05,142487.0
1002795,2021-03-24,356.2,362.0,366.1,354.95,174825.0
1002795,2021-04-09,375.5,369.95,382.5,367.5,720949.0
1002795,2021-05-24,389.15,385.5,390.45,385.5,267678.0
1002795,2021-06-08,391.3,398.95,400.35,387.65,474217.0
1002795,2021-06-09,390.3,391.9,401.0,387.4,579768.0
1002795,2021-07-06,393.5,396.8,402.6,390.0,320822.0
1002795,2021-09-29,360.3,358.75,374.5,358.1,361116.0
1002795,2021-11-08,366.85,366.0,369.85,363.55,205275.0
1002795,2021-11-12,371.8,378.0,383.0,370.0,679635.0
1002795,2021-11-24,359.85,359.05,363.35,356.05,97727.0
1002795,2021-12-22,331.0,330.8,338.95,329.5,122268.0
1002795,2022-01-18,348.0,348.9,354.0,346.1,123865.0
1002795,2022-02-02,344.65,348.0,348.0,343.9,70342.0
1002795,2022-02-24,287.3,297.9,297.9,285.05,315499.0
1002795,2022-03-10,296.85,293.0,299.0,292.55,245224.0
1002795,2022-03-14,306.15,309.75,310.0,303.6,203327.0
1002795,2022-04-20,336.1,339.0,344.45,335.1,208822.0
1002795,2022-04-21,348.25,338.45,349.8,338.45,372291.0
1002795,2022-05-11,304.3,316.85,318.15,301.05,109484.0
1002795,2022-05-25,322.55,337.9,337.9,319.8,215398.0
1002795,2021-01-01,375.45,373.35,381.45,372.25,291572.0
1002795,2021-03-04,404.6,399.1,412.7,395.0,531096.0
1002795,2021-03-08,396.1,396.1,399.1,384.2,417754.0
1002795,2021-03-16,372.6,376.5,378.35,371.2,132168.0
1002795,2021-04-28,361.1,359.6,362.45,358.2,97507.0
1002795,2021-05-17,393.2,388.4,402.5,385.05,1357472.0
1002795,2021-06-04,381.95,386.4,389.2,381.0,249856.0
1002795,2021-06-15,410.85,419.0,424.6,407.65,572135.0
1002795,2021-06-16,419.05,413.45,433.9,401.1,2263897.0
1002795,2021-06-28,398.45,407.45,407.45,397.0,415565.0
1002795,2021-06-30,385.2,388.7,392.65,383.75,395496.0
1002795,2021-07-01,387.15,388.65,389.3,384.6,190322.0
1002795,2021-07-02,391.25,388.45,395.75,387.15,256397.0
1002795,2021-07-05,396.7,394.7,402.5,393.3,414170.0
1002795,2021-07-14,389.65,391.95,394.85,388.65,379171.0
1002795,2021-07-20,376.65,380.9,384.8,375.25,288848.0
1002795,2021-08-30,356.1,352.0,361.45,352.0,232742.0
1002795,2021-09-07,372.15,377.75,377.75,370.2,652337.0
1002795,2021-10-06,362.75,362.75,368.4,360.0,206481.0
1002795,2021-10-28,351.3,352.7,355.7,350.1,152082.0
1002795,2021-11-09,364.15,367.5,369.0,363.3,126935.0
1002795,2021-12-17,340.85,345.9,345.9,338.0,79930.0
1002795,2021-12-20,330.55,339.0,339.0,328.0,180308.0
1002795,2022-01-07,348.35,345.5,353.8,345.5,245214.0
1002795,2022-01-20,347.9,348.7,354.8,346.3,158121.0
1002795,2022-03-29,292.65,297.3,297.45,290.3,282730.0
1002795,2022-04-01,302.85,295.6,304.45,294.65,138665.0
1002795,2022-04-13,343.6,351.4,354.65,342.0,532971.0
1002795,2022-04-22,350.3,345.0,356.5,342.7,789627.0
1002795,2022-04-25,343.1,348.9,348.9,340.5,188763.0
1002795,2021-01-11,391.8,393.95,396.0,390.5,409517.0
1002795,2021-02-02,360.25,354.45,362.4,353.05,182996.0
1002795,2021-02-24,380.0,389.0,395.9,352.25,1501857.0
1002795,2021-02-25,382.3,382.0,386.8,375.4,757872.0
1002795,2021-03-12,382.45,382.95,389.55,379.1,256388.0
1002795,2021-05-20,386.2,380.0,392.4,380.0,380427.0
1002795,2021-06-21,411.55,404.0,414.9,403.3,686034.0
1002795,2021-06-25,403.15,408.9,423.0,400.1,1239929.0
1002795,2021-06-29,386.2,401.45,403.45,382.0,619066.0
1002795,2021-08-17,354.35,357.95,357.95,351.5,92426.0
1002795,2021-10-18,370.25,374.7,376.3,368.85,302606.0
1002795,2021-12-16,345.9,347.45,347.45,345.3,47870.0
1002795,2022-02-18,313.0,312.05,314.0,311.55,120447.0
1002795,2021-01-06,384.45,389.5,392.25,381.0,507498.0
1002795,2021-02-05,346.65,351.0,353.6,345.15,167587.0
1002795,2021-02-22,353.0,366.7,368.1,350.6,156350.0
1002795,2021-03-15,376.35,383.45,383.45,374.1,186108.0
1002795,2021-04-06,366.35,369.55,372.15,365.1,83915.0
1002795,2021-04-08,367.05,365.0,372.75,365.0,139353.0
1002795,2021-04-22,349.85,348.0,353.15,340.5,124083.0
1002795,2021-05-14,383.35,382.0,386.95,378.0,589626.0
1002795,2021-05-25,385.5,390.55,395.0,383.25,345674.0
1002795,2021-08-20,352.85,360.0,360.05,351.0,130190.0
1002795,2021-08-26,351.85,352.55,356.4,349.9,227465.0
1002795,2021-09-17,378.1,372.05,379.25,365.0,449248.0
1002795,2021-11-23,357.7,350.0,360.0,349.35,94478.0
1002795,2021-11-30,339.55,342.0,348.0,337.0,165745.0
1002795,2021-12-28,338.5,335.9,340.0,335.3,63124.0
1002795,2022-01-04,346.85,355.4,357.1,346.0,171055.0
1002795,2022-01-31,343.05,342.7,344.9,341.1,91509.0
1002795,2022-02-14,317.0,326.75,327.0,312.1,268025.0
1002795,2022-02-17,312.95,316.0,317.95,312.25,198790.0
1002795,2022-03-24,301.35,305.5,305.5,299.25,127593.0
1002795,2022-04-08,327.9,323.75,336.8,322.4,403046.0
1002795,2022-04-12,351.05,335.75,354.9,326.0,2765913.0
1002795,2022-04-18,353.3,342.85,357.9,335.1,918489.0
1002795,2022-05-09,320.75,321.2,324.5,316.05,72767.0
1002795,2022-05-13,312.7,310.0,319.95,308.55,171588.0
1002795,2022-05-20,323.8,319.6,325.5,316.0,146172.0
1002795,2021-02-26,371.85,378.0,381.9,370.0,385343.0
1002795,2021-03-25,351.15,355.05,355.95,347.45,149358.0
1002795,2021-04-01,378.45,374.5,381.0,373.0,113211.0
1002795,2021-05-18,385.85,391.4,396.4,384.0,510966.0
1002795,2021-08-16,356.6,357.85,358.95,351.15,156205.0
1002795,2021-09-14,375.1,371.45,377.75,366.35,207902.0
1002795,2021-10-22,356.25,355.0,358.95,354.5,149868.0
1002795,2021-11-01,350.6,350.7,352.7,346.9,89509.0
1002795,2021-11-16,370.65,374.5,375.5,368.0,171207.0
1002795,2022-01-11,347.1,350.45,350.45,346.3,71769.0
1002795,2022-02-07,339.6,340.9,344.95,338.5,74876.0
1002795,2022-02-22,301.6,305.1,305.9,300.2,147024.0
1002795,2022-02-23,302.2,303.15,306.5,301.4,107658.0
1002795,2022-03-02,289.8,292.0,292.0,282.2,157345.0
1002795,2022-04-27,339.45,340.0,341.9,335.15,120187.0
1002795,2022-05-10,315.7,317.0,325.1,314.0,89937.0
1002795,2021-02-10,348.4,343.45,349.6,343.45,130653.0
1002795,2021-03-19,361.65,361.4,364.5,348.0,183578.0
1002795,2021-04-12,356.65,365.0,369.65,353.95,220172.0
1002795,2021-04-27,357.7,351.35,362.6,351.35,225980.0
1002795,2021-07-13,390.25,389.7,394.95,388.0,356796.0
1002795,2021-08-11,358.3,355.9,359.45,347.25,561412.0
1002795,2021-08-24,348.3,345.6,350.0,345.55,104372.0
1002795,2021-09-23,363.75,365.8,366.95,362.55,93743.0
1002795,2021-09-24,361.15,365.6,365.7,360.3,93364.0
1002795,2021-10-01,359.85,361.95,363.9,359.1,147752.0
1002795,2021-10-11,360.9,363.0,365.5,360.1,218612.0
1002795,2021-10-12,373.8,362.8,377.45,359.5,1322174.0
1002795,2021-10-27,352.65,354.9,358.7,351.65,134770.0
1002795,2021-11-03,358.55,357.75,375.0,356.25,985917.0
1002795,2021-11-18,361.1,370.0,370.0,358.85,154755.0
1002795,2021-11-26,349.2,355.0,357.8,347.5,135394.0
1002795,2021-12-02,343.25,341.0,346.4,339.7,91430.0
1002795,2021-12-23,334.6,332.7,337.5,332.7,65884.0
1002795,2022-01-10,348.8,349.7,351.65,348.05,85360.0
1002795,2022-02-11,329.0,334.1,336.35,328.4,330026.0
1002795,2022-03-03,290.8,290.3,295.9,289.9,182715.0
1002795,2022-03-17,304.6,309.95,309.95,302.0,300174.0
1002795,2022-03-31,294.2,293.0,298.2,293.0,178240.0
1002795,2022-07-15,321.4,322.0,322.65,318.25,49101.0
1002795,2022-07-19,322.55,322.0,325.0,321.05,70600.0
1002795,2022-06-08,318.5,325.0,328.35,318.0,134471.0
1002795,2022-06-03,327.45,332.0,337.4,324.5,153529.0
1002795,2022-06-14,311.7,305.0,314.0,305.0,236524.0
1002795,2022-09-12,390.05,386.8,395.65,385.5,805969.0
1002795,2022-09-14,378.55,382.0,386.95,377.5,337330.0
1002795,2022-09-20,418.55,405.0,424.0,402.9,3090227.0
1002795,2022-10-06,507.8,499.0,529.5,492.0,5227866.0
1002795,2022-10-27,560.2,545.0,564.9,534.05,1839216.0
1002795,2022-10-31,538.55,550.0,550.9,533.0,662164.0
1002795,2022-08-16,336.05,338.0,338.0,335.05,74528.0
1002795,2022-06-27,309.5,313.0,313.0,309.1,131434.0
1002795,2022-08-25,351.15,342.0,358.0,340.0,931405.0
1002795,2022-07-04,310.45,312.0,313.95,310.0,46305.0
1002795,2022-09-21,427.0,424.0,434.2,413.0,2806751.0
1002795,2022-07-20,321.15,324.2,325.0,320.4,85647.0
1002795,2022-10-11,507.75,533.7,536.0,501.1,2668323.0
1002795,2022-07-26,326.35,326.05,328.0,323.7,57584.0
1002795,2022-10-25,542.15,519.45,548.0,517.2,1668822.0
1002795,2022-08-03,334.5,335.0,336.6,330.0,74360.0
1002795,2022-11-24,645.7,647.5,658.9,641.85,1531825.0
1002795,2022-08-26,364.45,354.9,368.9,353.05,1771725.0
1002795,2022-11-25,627.75,645.8,652.1,622.55,1405317.0
1002795,2022-11-30,667.05,643.8,669.85,642.6,3130101.0
1002795,2022-07-18,323.25,324.5,324.5,321.25,63572.0
1002795,2022-08-18,342.25,339.65,345.15,337.5,229157.0
1002795,2022-07-21,325.35,322.0,327.0,322.0,104659.0
1002795,2022-07-25,326.05,324.75,326.85,320.7,55463.0
1002795,2022-08-23,337.65,330.0,339.95,330.0,98985.0
1002795,2022-08-24,340.75,337.0,343.0,335.8,95455.0
1002795,2022-08-17,338.55,337.9,340.05,336.5,86411.0
1002795,2022-09-05,377.0,381.75,385.9,375.3,537050.0
1002795,2022-08-22,332.0,337.0,337.0,329.1,87199.0
1002795,2022-09-08,396.1,392.05,404.7,386.7,1929302.0
1002795,2022-10-21,517.45,524.05,528.7,512.1,685944.0
1002795,2022-10-17,525.55,523.4,534.7,517.25,1555044.0
1002795,2022-10-24,517.4,520.5,522.25,515.05,145938.0
1002795,2022-11-03,590.15,581.95,617.0,576.05,7981077.0
1002795,2022-11-07,598.65,608.95,614.85,594.6,1955841.0
1002795,2022-11-29,640.6,654.9,658.7,636.65,1119083.0
1002795,2022-11-23,647.65,648.7,672.8,640.1,3725090.0
1002795,2022-12-01,670.0,669.4,685.5,663.1,1982069.0
1002795,2022-06-02,330.25,328.85,331.9,325.4,87542.0
1002795,2022-07-05,311.8,311.9,314.9,311.0,40596.0
1002795,2022-07-12,320.15,318.0,321.0,317.05,90024.0
1002795,2022-09-13,387.4,392.6,394.9,386.0,374354.0
1002795,2022-09-16,383.45,377.8,408.65,374.6,3245584.0
1002795,2022-10-20,529.35,521.85,532.25,518.0,1088803.0
1002795,2022-11-18,658.05,674.0,674.0,651.1,1624482.0
1002795,2022-05-30,326.75,323.2,329.0,323.2,138947.0
1002795,2022-05-31,323.1,327.0,328.4,321.1,88664.0
1002795,2022-07-01,312.35,310.9,313.0,307.15,34795.0
1002795,2022-07-06,313.25,312.0,314.15,310.1,39448.0
1002795,2022-07-08,317.1,318.95,319.65,314.65,38689.0
1002795,2022-07-14,321.15,318.7,322.9,315.45,139199.0
1002795,2022-08-08,341.2,341.5,346.0,338.0,231603.0
1002795,2022-08-11,333.5,344.8,346.0,331.0,420266.0
1002795,2022-11-22,648.7,610.35,661.0,593.55,5925982.0
1002795,2022-06-06,319.55,327.45,327.45,312.8,94503.0
1002795,2022-06-16,310.7,315.0,315.65,305.0,134522.0
1002795,2022-06-01,327.45,328.0,335.0,323.35,313987.0
1002795,2022-06-28,314.5,307.0,317.5,307.0,147361.0
1002795,2022-11-09,583.6,603.0,607.65,575.0,1233079.0
1002795,2022-11-11,638.4,580.0,654.6,561.0,5405172.0
1002795,2022-06-09,320.45,319.0,322.25,318.0,69380.0
1002795,2022-06-15,311.4,313.3,314.0,310.4,43690.0
1002795,2022-07-11,318.3,315.0,320.0,314.85,50736.0
1002795,2022-07-13,317.1,321.8,322.0,315.4,77785.0
1002795,2022-07-29,333.35,330.0,334.0,327.7,223587.0
1002795,2022-08-10,343.25,342.6,344.9,341.0,128924.0
1002795,2022-06-23,313.6,314.0,316.0,309.3,105311.0
1002795,2022-08-19,338.25,342.6,346.0,337.1,103181.0
1002795,2022-06-30,311.7,309.25,312.65,307.85,44437.0
1002795,2022-08-30,376.6,384.8,387.3,375.5,820035.0
1002795,2022-07-07,317.6,313.25,319.0,313.25,81689.0
1002795,2022-09-02,379.35,388.95,394.3,376.85,2206058.0
1002795,2022-07-22,324.8,326.85,326.85,321.85,55128.0
1002795,2022-10-04,496.65,482.0,500.7,476.4,4025625.0
1002795,2022-09-01,379.7,376.95,388.0,376.0,912724.0
1002795,2022-10-07,525.1,509.9,529.5,500.0,3116728.0
1002795,2022-09-19,400.65,385.0,405.0,377.3,2046170.0
1002795,2022-10-14,521.8,552.0,558.75,517.05,2698630.0
1002795,2022-09-23,427.55,432.75,433.0,419.0,683498.0
1002795,2022-11-02,582.4,544.0,590.0,543.4,4340734.0
1002795,2022-10-03,485.4,439.0,491.55,435.1,8547308.0
1002795,2022-11-15,677.5,667.0,683.95,653.25,2836589.0
1002795,2022-11-14,669.5,645.9,677.4,637.0,6082924.0
1002795,2022-11-28,655.3,630.9,659.0,628.55,1943839.0
1002795,2022-10-12,527.5,506.05,535.0,500.95,3038997.0
1002795,2022-10-13,542.05,533.2,552.4,530.1,4393238.0
1002795,2022-06-21,309.05,299.05,310.0,299.05,133874.0
1002795,2022-06-07,321.0,323.0,324.7,316.05,194061.0
1002795,2022-06-24,311.8,312.95,312.95,309.6,106248.0
1002795,2022-07-28,325.5,327.0,328.5,324.25,56002.0
1002795,2022-09-07,388.35,373.0,392.8,372.3,1084419.0
1002795,2022-09-26,416.7,426.95,426.95,401.2,870788.0
1002795,2022-09-28,419.3,421.85,422.9,413.25,570603.0
1002795,2022-10-19,521.4,518.45,525.0,512.15,1365498.0
1002795,2022-07-27,326.65,327.8,331.0,325.55,110750.0
1002795,2022-08-01,334.7,334.0,339.0,332.55,291465.0
1002795,2022-06-20,300.95,305.45,305.55,297.0,168551.0
1002795,2022-08-29,375.8,360.0,388.0,357.6,3024153.0
1002795,2022-09-06,373.25,379.0,379.0,371.2,391891.0
1002795,2022-11-16,666.7,672.3,678.0,660.3,2610707.0
1002795,2022-09-15,375.9,380.8,384.55,373.6,283080.0
1002795,2022-11-21,611.75,648.0,649.9,601.1,1642203.0
1002795,2022-09-22,432.95,428.0,437.8,423.7,1656938.0
1002795,2022-11-04,604.45,590.15,609.1,590.0,3199655.0
1002795,2022-11-10,586.7,585.4,613.0,582.0,2506650.0
1002795,2022-06-22,315.2,310.0,318.4,306.8,151941.0
1002795,2022-06-29,309.75,311.05,316.95,306.05,155379.0
1002795,2022-08-04,332.0,336.9,339.0,328.15,122587.0
1002795,2022-08-05,341.0,333.85,345.0,330.6,389050.0
1002795,2022-08-12,336.3,332.0,338.05,331.2,113760.0
1002795,2022-09-09,385.1,396.1,399.5,382.5,645874.0
1002795,2022-10-18,515.5,528.2,533.45,511.1,1487328.0
1002795,2022-11-01,550.35,539.9,555.9,538.65,947748.0
1002795,2022-06-10,316.95,318.3,321.35,315.8,58165.0
1002795,2022-06-13,307.35,314.95,314.95,306.6,211359.0
1002795,2022-06-17,302.6,312.0,312.3,302.0,141819.0
1002795,2022-08-02,336.25,333.0,337.9,332.5,134348.0
1002795,2022-09-27,422.9,418.0,428.05,415.4,637498.0
1002795,2022-09-29,432.85,425.0,440.8,424.0,1404545.0
1002795,2022-09-30,441.0,435.55,444.8,420.15,1465958.0
1002795,2022-10-10,527.1,524.1,559.85,521.0,7421976.0
1002795,2022-10-28,546.6,562.0,568.0,536.25,1494136.0
1002795,2022-11-17,674.9,662.0,684.4,652.0,2468302.0
1002795,2022-12-29,534.8,542.35,542.35,532.25,853169.0
1002795,2023-01-04,521.5,536.3,537.9,519.0,562420.0
1002795,2022-12-15,615.4,625.05,631.2,612.0,664762.0
1002795,2023-01-25,482.95,496.4,496.4,481.3,474645.0
1002795,2023-01-23,505.75,509.4,511.4,502.0,403008.0
1002795,2023-02-21,490.3,485.7,493.8,481.25,381340.0
1002795,2023-02-09,484.05,493.0,498.9,481.0,567029.0
1002795,2023-03-21,452.35,464.0,464.0,448.35,411395.0
1002795,2023-02-15,492.95,492.05,498.95,485.15,576573.0
1002795,2023-03-22,453.9,453.4,459.9,450.05,279622.0
1002795,2023-02-17,488.2,501.4,501.4,486.0,632427.0
1002795,2023-05-02,535.1,505.95,539.9,505.4,1646040.0
1002795,2023-03-23,448.5,453.0,453.05,446.75,176040.0
1002795,2023-06-28,563.6,582.25,584.5,560.0,1086177.0
1002795,2023-04-12,490.65,491.0,501.95,486.1,820616.0
1002795,2023-07-21,667.2,666.6,678.55,656.3,1609563.0
1002795,2023-05-05,549.45,550.0,561.45,544.05,738338.0
1002795,2023-07-26,681.1,690.85,699.25,676.1,1827909.0
1002795,2023-08-03,666.2,665.8,673.0,657.0,890227.0
1002795,2023-05-12,539.5,534.0,541.9,530.25,321545.0
1002795,2023-05-16,552.3,540.5,566.25,537.7,2504305.0
1002795,2023-08-10,658.9,658.55,661.75,653.0,437889.0
1002795,2023-06-16,579.15,558.0,594.4,558.0,7768432.0
1002795,2022-12-07,625.35,646.0,649.4,621.1,1384995.0
1002795,2022-12-06,642.4,664.0,665.0,640.0,1377962.0
1002795,2022-12-05,661.1,665.15,687.0,652.35,1732690.0
1002795,2022-12-27,549.8,560.0,568.1,532.55,2657059.0
1002795,2023-01-12,486.05,478.35,489.75,472.1,859322.0
1002795,2023-02-06,478.15,474.5,483.65,472.2,373468.0
1002795,2023-02-10,478.65,486.5,489.0,475.85,623466.0
1002795,2023-04-26,499.0,497.0,506.0,495.9,378922.0
1002795,2023-05-19,542.15,547.8,549.8,538.9,329348.0
1002795,2023-06-02,501.3,500.65,508.0,494.0,737920.0
1002795,2023-06-05,558.9,503.85,575.0,497.2,11483865.0
1002795,2023-07-20,667.05,654.0,687.6,653.2,5499166.0
1002795,2023-08-22,825.15,837.1,846.75,817.1,2409602.0
1002795,2022-12-28,541.75,549.9,549.9,530.0,1104613.0
1002795,2023-01-16,499.9,495.35,507.7,480.8,1340850.0
1002795,2023-01-30,487.3,472.5,495.3,471.9,450064.0
1002795,2023-01-05,517.8,526.7,532.0,512.1,886076.0
1002795,2023-02-03,472.1,489.55,490.0,469.1,489987.0
1002795,2023-04-28,503.4,499.5,507.5,497.0,393443.0
1002795,2023-08-02,665.8,665.0,675.8,648.05,1637064.0
1002795,2023-05-25,472.95,488.55,490.5,468.95,556162.0
1002795,2023-07-03,567.15,568.65,580.9,565.5,752748.0
1002795,2023-07-17,659.35,631.75,684.4,629.7,9240626.0
1002795,2023-07-25,688.1,684.5,717.0,682.1,6962797.0
1002795,2023-07-28,681.05,673.1,684.3,671.0,1087994.0
1002795,2022-12-09,611.25,637.5,639.3,606.05,1835671.0
1002795,2023-01-17,499.85,494.9,508.45,493.95,785516.0
1002795,2023-02-23,461.4,472.4,473.9,459.0,381508.0
1002795,2023-02-28,452.05,464.35,469.7,450.0,291258.0
1002795,2023-04-06,487.05,489.8,494.0,483.2,562216.0
1002795,2023-04-27,499.2,500.0,507.7,496.0,397134.0
1002795,2023-05-22,485.75,486.0,495.0,476.15,1898467.0
1002795,2023-07-04,559.6,568.15,569.8,555.8,555756.0
1002795,2023-07-24,680.7,668.5,687.0,663.85,1898713.0
1002795,2023-08-14,687.9,650.0,695.2,645.4,7362816.0
1002795,2023-08-23,873.75,829.3,877.0,820.95,2747500.0
1002795,2023-01-20,508.3,499.0,518.0,493.3,1508064.0
1002795,2023-02-07,485.4,480.55,489.0,476.0,334603.0
1002795,2023-03-09,470.25,481.35,483.2,467.5,312693.0
1002795,2023-03-14,447.15,453.15,461.85,445.0,236642.0
1002795,2023-03-31,475.75,486.1,496.7,471.8,3230470.0
1002795,2023-04-03,480.8,480.7,484.9,466.65,654874.0
1002795,2023-04-18,484.7,482.0,489.5,482.0,259452.0
1002795,2023-04-24,502.7,489.8,507.8,487.1,1141813.0
1002795,2023-05-30,494.8,489.1,496.8,484.15,513460.0
1002795,2023-06-15,557.2,547.0,567.0,546.1,1712640.0
1002795,2023-06-20,595.65,594.05,598.9,583.6,2598936.0
1002795,2023-07-06,576.85,564.0,582.0,560.65,1020451.0
1002795,2022-12-08,632.25,629.5,642.0,605.05,2989400.0
1002795,2022-12-26,552.8,497.0,561.6,492.0,2745721.0
1002795,2022-12-22,544.25,598.5,608.4,536.3,1852391.0
1002795,2023-04-17,481.7,487.5,492.0,478.05,389849.0
1002795,2023-05-10,539.45,532.0,542.0,528.4,515327.0
1002795,2023-05-24,487.75,487.7,492.75,485.0,258930.0
1002795,2023-06-07,553.6,572.0,574.0,550.25,1974755.0
1002795,2023-06-23,572.1,586.35,586.95,566.45,780109.0
1002795,2023-06-26,586.25,573.0,591.7,570.1,1449397.0
1002795,2023-06-30,565.8,566.4,571.45,562.5,656531.0
1002795,2023-07-11,647.3,585.0,672.1,584.0,19958047.0
1002795,2023-07-19,655.65,663.1,667.1,651.05,963632.0
1002795,2023-07-27,670.95,684.1,688.9,666.0,1190940.0
1002795,2023-08-04,670.65,669.55,675.3,663.5,643667.0
1002795,2023-08-11,645.85,660.3,675.95,632.2,2688002.0
1002795,2023-01-13,492.9,488.5,495.25,483.55,853366.0
1002795,2023-02-01,484.05,515.8,522.45,475.0,1142679.0
1002795,2023-02-14,495.0,474.7,497.95,473.15,854227.0
1002795,2023-03-01,464.75,453.8,466.5,453.0,351401.0
1002795,2023-03-06,474.3,467.1,475.35,465.55,408989.0
1002795,2023-03-10,467.75,468.0,471.85,461.55,138278.0
1002795,2023-03-20,460.2,448.4,473.6,448.2,3245606.0
1002795,2023-06-21,586.7,600.0,609.4,584.0,2527026.0
1002795,2023-06-22,584.6,589.3,595.0,573.05,1163331.0
1002795,2023-07-13,637.3,643.2,658.95,633.25,3517325.0
1002795,2023-08-17,875.7,812.95,904.45,811.65,25396803.0
1002795,2023-01-02,529.95,530.95,539.0,527.45,563418.0
1002795,2022-12-23,497.05,540.0,540.0,491.8,2246538.0
1002795,2023-01-11,478.35,488.9,493.2,474.2,1061480.0
1002795,2023-02-13,472.35,476.5,479.7,464.1,423573.0
1002795,2023-03-27,414.0,434.7,435.0,410.4,309481.0
1002795,2023-03-29,459.0,418.6,474.0,418.6,1585774.0
1002795,2023-04-10,486.75,487.05,491.2,482.8,316261.0
1002795,2023-05-11,532.55,541.45,546.8,530.0,427164.0
1002795,2023-05-18,546.25,555.1,558.9,543.05,345602.0
1002795,2023-07-31,669.05,682.1,683.25,666.3,848788.0
1002795,2023-08-16,807.85,690.0,822.0,685.4,23016954.0
1002795,2023-01-03,534.4,533.0,546.95,530.5,1850432.0
1002795,2023-01-27,474.95,484.75,495.55,468.4,595183.0
1002795,2023-02-20,483.75,489.9,495.0,482.05,303365.0
1002795,2023-03-02,459.2,463.0,467.1,457.2,203838.0
1002795,2023-03-08,481.35,472.9,484.8,466.2,640164.0
1002795,2023-03-16,437.0,439.25,440.4,425.25,381897.0
1002795,2023-03-24,432.7,450.4,451.05,430.0,253916.0
1002795,2023-04-21,487.8,489.7,492.2,480.05,479089.0
1002795,2023-05-09,531.35,554.0,554.3,529.0,566376.0
1002795,2023-06-12,558.0,560.0,574.0,552.1,3808183.0
1002795,2023-07-05,562.0,561.05,567.6,556.1,440827.0
1002795,2023-08-08,666.05,659.75,668.8,657.85,621774.0
1002795,2023-08-09,659.5,667.5,667.9,656.75,580851.0
1002795,2023-08-21,829.7,849.9,863.0,817.65,5692255.0
1002795,2022-12-12,609.1,614.0,623.95,596.0,1709738.0
1002795,2023-01-24,496.3,506.7,506.7,495.0,391045.0
1002795,2023-02-02,485.15,484.95,503.0,472.55,820048.0
1002795,2023-04-05,491.5,481.0,494.0,475.75,777617.0
1002795,2023-04-25,497.5,505.0,509.6,494.2,635931.0
1002795,2023-05-17,552.6,555.05,562.8,545.6,777481.0
1002795,2023-05-29,486.95,481.7,489.0,479.2,391998.0
1002795,2023-07-18,660.5,663.5,679.9,648.65,2840883.0
1002795,2023-08-07,660.8,673.95,677.0,656.6,627499.0
1002795,2022-12-13,630.8,614.7,647.0,610.55,2772794.0
1002795,2022-12-14,626.8,635.0,639.45,622.0,929152.0
1002795,2022-12-16,613.8,615.0,622.45,609.2,1034104.0
1002795,2023-01-18,507.45,499.0,510.2,494.8,740122.0
1002795,2023-02-08,494.5,487.85,498.55,486.25,510708.0
1002795,2023-02-16,503.1,493.0,506.85,488.35,1150182.0
1002795,2023-02-24,464.6,463.9,474.5,462.1,284528.0
1002795,2023-03-28,417.45,414.95,427.35,414.0,521113.0
1002795,2023-04-13,486.55,490.7,493.55,483.65,310086.0
1002795,2023-05-23,487.15,489.35,496.0,483.05,726431.0
1002795,2023-06-14,548.9,554.0,556.0,545.0,516799.0
1002795,2023-06-19,592.7,584.0,606.95,582.0,4179151.0
1002795,2023-07-07,579.6,580.05,589.95,574.05,1364599.0
1002795,2023-08-18,843.45,882.0,923.0,835.7,13847921.0
1002795,2022-12-30,534.25,536.0,547.25,531.0,855609.0
1002795,2022-12-02,660.3,670.0,673.0,655.2,972985.0
1002795,2023-01-09,502.2,504.9,510.95,498.0,550245.0
1002795,2023-03-03,464.75,465.0,466.95,461.55,190013.0
1002795,2023-04-20,489.4,488.9,494.0,484.4,400879.0
1002795,2023-05-04,550.0,555.0,556.0,538.2,1106064.0
1002795,2023-06-06,572.35,561.0,582.65,554.15,6152702.0
1002795,2023-06-13,551.5,555.25,563.9,547.7,1302958.0
1002795,2023-06-27,579.8,589.3,591.4,578.1,509459.0
1002795,2023-08-01,670.2,675.0,698.4,667.2,2691678.0
1002795,2022-12-20,622.25,620.7,630.0,609.5,1306222.0
1002795,2022-12-19,617.6,615.5,624.0,613.15,762050.0
1002795,2022-12-21,598.0,627.0,628.35,593.45,880040.0
1002795,2023-01-06,501.55,520.4,522.1,497.0,900765.0
1002795,2023-01-10,486.5,503.2,504.15,485.0,925051.0
1002795,2023-01-19,496.9,501.8,505.75,495.2,369565.0
1002795,2023-02-27,460.9,457.6,464.45,456.1,206394.0
1002795,2023-04-19,487.3,486.0,492.3,484.7,280425.0
1002795,2023-05-03,551.75,535.3,557.0,535.3,2233397.0
1002795,2023-05-26,479.2,474.8,482.0,470.0,525740.0
1002795,2023-06-08,543.25,556.6,564.4,538.15,978041.0
1002795,2023-06-09,539.75,545.4,554.75,533.55,1111342.0
1002795,2023-07-10,582.6,579.5,588.8,570.6,1500516.0
1002795,2023-07-12,643.4,647.3,662.7,633.75,8273807.0
1002795,2023-07-14,629.7,640.35,643.9,626.55,1243233.0
1002795,2023-01-31,511.95,493.7,514.9,492.0,1094748.0
1002795,2023-02-22,469.9,483.9,485.0,467.6,356344.0
1002795,2023-03-13,454.25,467.75,471.25,452.0,244616.0
1002795,2023-03-15,441.75,451.1,456.7,437.4,219655.0
1002795,2023-03-17,444.0,441.2,446.7,435.1,385289.0
1002795,2023-04-11,490.8,488.2,495.9,485.3,579477.0
1002795,2023-05-08,551.15,553.0,554.85,547.0,371950.0
1002795,2023-05-15,538.55,539.55,545.5,535.7,390343.0
1002795,2023-05-31,496.4,497.0,502.0,488.45,563399.0
1002795,2023-06-01,498.8,496.7,504.35,490.25,515454.0
