stockid,date,close,open,high,low,volume
467961,2021-01-22,168.25,169.35,172.65,166.5,2149450.0
467961,2021-01-14,166.25,169.3,170.95,165.25,2058355.0
467961,2021-01-18,161.55,163.5,164.85,160.8,1557162.0
467961,2021-02-25,166.2,163.0,169.0,161.55,2336410.0
467961,2021-03-08,172.65,176.95,176.95,171.25,1531136.0
467961,2021-03-12,172.35,172.0,175.75,170.4,1842836.0
467961,2021-03-30,167.55,164.0,169.25,163.25,2101923.0
467961,2021-03-31,167.35,168.0,170.7,166.4,1819078.0
467961,2021-04-05,164.7,169.05,170.4,163.25,1792983.0
467961,2021-04-07,170.75,177.0,178.2,170.0,3655524.0
467961,2021-01-25,168.95,171.0,171.8,166.15,1821012.0
467961,2021-04-06,176.35,164.95,180.6,164.05,5215355.0
467961,2021-01-29,154.7,158.6,159.65,154.0,1437123.0
467961,2021-02-03,166.05,167.75,169.7,165.5,1429393.0
467961,2021-02-08,171.1,172.35,174.9,170.1,2220182.0
467961,2021-02-15,171.4,172.2,173.5,170.15,1481745.0
467961,2021-02-16,170.15,172.3,174.85,168.0,2001518.0
467961,2021-03-01,176.05,164.45,178.6,164.4,7288624.0
467961,2021-04-09,189.55,188.95,195.0,187.05,16353900.0
467961,2021-01-21,168.45,173.85,175.85,165.2,2966250.0
467961,2021-03-10,170.95,174.5,174.7,169.8,1260660.0
467961,2021-03-18,159.7,164.8,165.75,157.7,1859900.0
467961,2021-03-19,162.1,159.5,164.3,154.8,2515676.0
467961,2021-01-01,180.75,168.9,185.8,168.05,11470697.0
467961,2021-01-27,166.2,168.4,174.0,164.25,4941976.0
467961,2021-02-09,167.7,171.8,172.25,166.5,1773303.0
467961,2021-02-12,171.0,167.8,173.95,166.8,3869368.0
467961,2021-02-23,159.15,161.8,162.95,158.3,1119843.0
467961,2021-03-22,165.55,163.25,167.1,162.1,1722090.0
467961,2021-01-19,168.6,163.1,173.35,163.1,5637123.0
467961,2021-04-08,183.25,172.0,186.25,171.7,7082075.0
467961,2021-01-28,157.25,164.2,164.2,153.7,4130585.0
467961,2021-02-02,166.55,164.7,170.5,162.45,3099378.0
467961,2021-02-18,166.7,170.0,170.0,166.25,998814.0
467961,2021-02-24,161.0,159.95,162.7,159.05,578251.0
467961,2021-03-02,176.6,177.65,182.2,174.25,4412196.0
467961,2021-03-05,174.3,181.0,187.65,171.5,5057989.0
467961,2021-03-17,163.2,171.15,174.1,162.1,2209978.0
467961,2021-01-15,164.7,166.0,167.3,161.1,1805002.0
467961,2021-01-20,172.25,169.4,174.25,166.75,3633330.0
467961,2021-02-19,165.4,166.9,169.2,164.1,954177.0
467961,2021-03-15,168.85,172.15,172.15,166.65,1564759.0
467961,2021-03-25,162.45,165.95,166.65,161.5,1110222.0
467961,2021-01-07,171.25,174.9,178.85,169.55,4228647.0
467961,2021-01-08,170.75,173.0,175.5,168.5,2843808.0
467961,2021-02-10,167.2,168.0,169.5,165.55,1294513.0
467961,2021-02-17,168.55,170.1,172.45,167.65,1402205.0
467961,2021-03-03,174.15,178.5,180.65,173.3,2917789.0
467961,2021-03-23,167.8,166.5,171.3,163.25,2245789.0
467961,2021-03-16,170.3,169.0,172.0,167.6,2358237.0
467961,2021-01-12,168.5,169.9,172.0,166.05,2986448.0
467961,2021-02-11,167.5,166.7,169.45,166.5,772949.0
467961,2021-01-11,170.1,171.85,174.5,168.25,3630826.0
467961,2021-01-13,168.95,169.3,174.9,165.05,3843749.0
467961,2021-02-05,171.35,173.85,178.0,169.35,3596080.0
467961,2021-02-26,162.5,166.9,171.8,160.9,4788214.0
467961,2021-03-24,165.8,166.0,173.8,164.5,2717679.0
467961,2021-04-01,169.8,168.9,173.85,167.5,2882429.0
467961,2021-01-04,176.35,181.0,183.8,174.8,4279820.0
467961,2021-01-06,172.7,175.7,175.95,168.0,3882156.0
467961,2021-02-01,162.35,155.1,163.9,154.5,2555402.0
467961,2021-02-22,161.35,165.4,166.55,160.4,1145781.0
467961,2021-03-04,182.35,172.75,187.0,171.0,7167105.0
467961,2021-03-09,173.1,174.0,175.95,167.5,2143668.0
467961,2021-03-26,162.45,164.05,166.9,160.0,1688376.0
467961,2021-01-05,175.4,175.95,179.6,172.25,3914202.0
467961,2021-02-04,172.55,165.4,175.9,163.05,4859060.0
467961,2021-04-22,163.75,163.95,166.5,162.5,1167022.0
467961,2021-05-07,166.55,166.15,169.9,165.5,1657252.0
467961,2021-05-04,166.55,170.0,172.4,165.05,2441013.0
467961,2021-05-28,181.95,188.0,188.6,180.65,3632693.0
467961,2021-06-18,195.15,188.9,197.0,182.65,6871739.0
467961,2021-07-14,193.0,191.8,196.5,190.7,1957339.0
467961,2021-08-04,194.6,196.45,201.6,193.4,4435002.0
467961,2021-08-13,177.4,178.0,180.8,176.8,1289111.0
467961,2021-08-18,171.6,170.0,174.7,169.4,2471294.0
467961,2021-08-23,157.45,169.0,169.3,156.05,2751628.0
467961,2021-09-13,178.65,182.15,182.15,178.0,1251763.0
467961,2021-09-29,192.45,188.15,194.8,188.15,2169425.0
467961,2021-12-14,194.25,191.5,194.9,189.75,1143579.0
467961,2021-12-21,176.65,176.45,180.15,175.5,1433700.0
467961,2022-01-12,248.5,245.4,250.8,242.55,5102928.0
467961,2022-01-31,222.95,227.0,229.6,221.5,2459835.0
467961,2022-02-17,205.2,208.8,210.25,203.8,1330659.0
467961,2022-03-04,192.65,193.8,198.25,190.1,4368473.0
467961,2022-04-27,209.3,203.85,210.4,201.5,2232453.0
467961,2022-05-06,186.4,194.0,194.25,185.15,2689701.0
467961,2022-06-08,163.75,165.5,166.95,162.15,2030627.0
467961,2022-06-10,161.95,161.55,164.5,160.55,1299365.0
467961,2022-06-27,158.75,160.0,160.4,157.25,839623.0
467961,2022-07-15,172.7,170.6,174.4,170.5,1245711.0
467961,2022-07-18,175.4,174.0,177.1,173.55,1913318.0
467961,2022-08-11,191.85,193.5,195.25,190.9,1156924.0
467961,2022-08-25,208.9,209.35,214.0,207.4,5486707.0
467961,2022-09-14,263.1,236.8,274.25,236.5,21004143.0
467961,2022-09-16,266.1,268.5,283.3,261.55,25196557.0
467961,2022-09-29,245.75,252.8,252.8,240.2,10656143.0
467961,2021-05-26,189.5,187.0,193.4,186.65,4360631.0
467961,2021-06-07,189.85,189.1,193.85,186.9,3226894.0
467961,2021-05-10,166.35,167.5,168.5,166.05,1149586.0
467961,2021-06-09,182.95,186.2,188.7,181.1,1736223.0
467961,2021-05-17,173.5,173.0,177.6,171.6,2672175.0
467961,2021-06-16,191.6,190.0,197.4,190.0,7162953.0
467961,2021-05-18,177.4,175.4,182.7,174.3,4716803.0
467961,2021-10-06,193.4,195.4,200.75,192.1,4853245.0
467961,2021-06-24,193.7,194.65,195.65,192.3,1364650.0
467961,2021-08-09,191.9,194.3,195.5,189.85,1085192.0
467961,2021-11-04,213.15,214.75,215.0,212.5,932759.0
467961,2021-11-09,223.1,216.95,226.6,215.0,5753281.0
467961,2021-10-18,218.45,216.45,226.0,215.4,9405557.0
467961,2021-11-25,194.05,196.5,197.0,192.7,1448441.0
467961,2021-12-03,187.2,186.95,190.35,185.85,2002209.0
467961,2021-11-29,185.05,187.0,188.2,183.0,1719821.0
467961,2021-12-15,193.1,195.1,199.9,192.5,3889887.0
467961,2021-12-23,187.8,188.3,188.65,185.2,2393668.0
467961,2021-12-30,187.85,189.4,190.5,186.65,1368606.0
467961,2022-01-18,235.6,252.0,252.8,233.4,6240350.0
467961,2022-03-15,205.85,204.1,210.7,202.5,5910991.0
467961,2022-01-25,218.6,211.0,220.0,207.1,4718064.0
467961,2022-04-28,208.6,211.3,212.35,205.6,2158731.0
467961,2022-02-10,222.95,223.6,226.9,219.5,2961103.0
467961,2022-06-06,165.45,163.4,167.2,161.15,1800441.0
467961,2022-02-25,197.0,194.0,202.9,193.05,3900367.0
467961,2022-06-17,153.35,152.2,155.65,150.45,2641078.0
467961,2022-03-31,209.5,210.75,212.85,207.45,1914674.0
467961,2022-07-13,174.05,172.95,176.35,172.55,2436271.0
467961,2022-04-13,224.9,226.5,231.3,223.05,3469419.0
467961,2022-07-28,187.65,187.9,188.8,185.25,1512523.0
467961,2022-04-26,206.0,205.0,207.95,203.4,1443218.0
467961,2022-08-05,190.3,190.0,192.35,189.2,1240205.0
467961,2022-05-02,204.0,205.0,205.9,200.5,1143660.0
467961,2022-08-16,191.95,193.6,194.8,188.15,3464511.0
467961,2022-05-19,174.9,178.25,181.3,173.65,1671950.0
467961,2022-08-17,193.8,192.4,196.7,191.6,2785956.0
467961,2022-08-19,204.05,205.45,208.65,201.65,8075207.0
467961,2022-05-20,178.5,178.95,179.85,176.0,1158329.0
467961,2022-05-25,163.05,171.8,172.7,162.4,1550984.0
467961,2022-09-07,236.95,231.8,239.45,231.0,7309410.0
467961,2022-06-03,163.55,170.85,171.55,161.8,4680701.0
467961,2022-09-12,240.7,234.4,241.9,232.5,2717410.0
467961,2022-10-10,275.25,270.0,282.5,269.0,14587029.0
467961,2022-07-01,161.1,156.5,161.8,154.65,2206090.0
467961,2022-08-23,206.8,199.5,211.5,199.05,9687448.0
467961,2022-08-29,217.6,202.5,218.9,202.25,5789631.0
467961,2021-06-22,197.75,195.0,199.5,195.0,3963079.0
467961,2021-07-19,192.45,191.0,194.7,190.35,1312405.0
467961,2021-08-17,169.05,172.6,172.8,166.85,1416426.0
467961,2021-09-08,183.2,183.2,185.0,180.45,1715943.0
467961,2021-09-20,176.8,181.6,182.9,175.0,1329850.0
467961,2021-10-19,204.7,219.75,221.0,202.85,4769286.0
467961,2022-02-04,226.4,230.5,234.55,224.7,4151772.0
467961,2022-03-07,184.5,188.0,189.0,181.35,2514169.0
467961,2022-03-09,196.8,194.7,198.2,191.45,2528187.0
467961,2022-04-11,230.1,225.95,235.35,225.0,8327724.0
467961,2022-05-09,184.25,185.0,187.0,181.7,1151134.0
467961,2022-05-24,170.9,176.75,176.95,170.0,1683356.0
467961,2022-06-01,167.9,170.0,172.45,166.4,2814630.0
467961,2022-07-26,187.95,186.35,190.9,185.8,3349679.0
467961,2022-07-29,196.85,188.7,197.7,186.6,4152834.0
467961,2022-08-02,194.05,193.85,197.4,190.8,2066974.0
467961,2022-09-09,233.95,238.3,242.25,233.5,4268306.0
467961,2022-09-21,274.15,281.5,281.5,266.0,8506838.0
467961,2022-10-20,234.4,226.7,236.0,225.0,5630799.0
467961,2022-10-25,240.85,235.8,245.0,232.75,5835698.0
467961,2021-04-29,166.25,164.7,169.35,164.2,2265467.0
467961,2021-05-19,178.35,178.0,182.85,177.3,3105447.0
467961,2021-07-07,197.3,195.0,198.5,194.1,1749633.0
467961,2021-04-28,163.35,167.0,167.4,162.75,1728145.0
467961,2021-07-12,190.35,194.5,197.7,189.1,2110656.0
467961,2021-05-25,186.45,199.4,199.4,185.5,8037426.0
467961,2021-07-16,192.05,193.9,195.85,191.55,1232996.0
467961,2021-07-22,200.3,198.5,205.5,195.1,6317636.0
467961,2021-08-25,161.2,163.0,163.95,160.0,989448.0
467961,2021-08-05,192.55,194.9,195.6,191.35,1168929.0
467961,2021-08-10,183.05,192.4,192.65,178.4,2141458.0
467961,2021-10-04,203.3,202.7,205.45,201.05,4010563.0
467961,2021-08-27,163.05,159.0,163.75,158.4,1548441.0
467961,2021-12-01,182.4,184.1,187.0,181.45,2030641.0
467961,2021-09-15,185.0,181.9,186.45,181.0,2790513.0
467961,2021-12-06,183.4,187.0,188.0,183.1,1524042.0
467961,2021-12-08,189.95,186.25,191.9,186.25,2083567.0
467961,2021-12-28,190.75,190.0,192.85,188.15,3111087.0
467961,2022-01-11,244.05,250.1,253.65,241.3,8952272.0
467961,2022-02-16,207.5,211.0,212.2,204.95,2247203.0
467961,2022-01-17,251.25,253.6,256.2,246.0,5995540.0
467961,2022-03-23,208.95,212.6,213.4,207.75,1756661.0
467961,2022-02-11,210.0,222.0,222.05,208.85,5999938.0
467961,2022-05-05,196.4,197.9,200.95,195.1,1039209.0
467961,2022-04-01,218.3,209.9,220.0,208.7,5968991.0
467961,2022-05-11,176.4,183.05,183.75,170.5,3115610.0
467961,2022-04-08,225.7,222.4,228.0,220.45,4052809.0
467961,2022-05-13,168.3,172.0,176.45,167.6,2312453.0
467961,2022-04-20,210.8,209.5,215.7,207.3,3067087.0
467961,2022-06-09,163.55,162.95,164.5,161.15,1421656.0
467961,2022-05-10,182.5,183.6,188.5,180.2,1728294.0
467961,2022-07-19,177.05,174.5,177.9,173.3,1602531.0
467961,2022-09-27,231.6,236.5,240.7,226.55,8500050.0
467961,2022-05-27,162.55,171.0,173.35,159.55,6403077.0
467961,2022-06-24,158.1,157.2,159.0,155.2,930332.0
467961,2022-09-28,250.25,228.0,254.75,226.2,24857060.0
467961,2022-06-30,156.5,161.5,163.15,155.15,2030459.0
467961,2022-10-13,236.15,249.5,250.55,235.05,15430935.0
467961,2022-07-14,171.85,175.25,175.25,169.4,1254560.0
467961,2022-08-01,193.8,196.85,197.55,190.55,2389608.0
467961,2022-08-10,193.05,196.0,196.8,191.5,1427926.0
467961,2022-09-05,232.05,229.65,234.25,228.9,2208881.0
467961,2021-05-06,164.45,166.0,167.25,163.55,1028420.0
467961,2021-05-11,168.7,165.5,172.8,164.1,2345624.0
467961,2021-05-12,172.25,169.5,176.9,167.8,4434874.0
467961,2021-07-09,193.0,193.5,194.7,191.6,920062.0
467961,2021-07-30,192.15,192.5,194.8,191.0,1004865.0
467961,2021-11-01,205.75,206.5,209.0,203.6,3007574.0
467961,2021-11-22,195.45,201.9,201.9,192.0,2545077.0
467961,2021-12-22,186.75,182.05,192.4,182.05,15962065.0
467961,2022-01-20,238.8,239.15,241.6,236.0,2443603.0
467961,2022-01-28,223.7,222.9,231.4,221.85,4441387.0
467961,2022-02-02,231.45,233.25,234.4,228.3,4405515.0
467961,2022-02-09,223.6,220.9,224.9,220.5,2485295.0
467961,2022-02-21,208.9,210.0,216.25,207.35,7599807.0
467961,2022-02-24,187.3,198.0,201.6,181.75,5455102.0
467961,2022-04-12,225.2,229.7,229.7,219.75,3092946.0
467961,2022-06-15,159.8,158.1,160.85,157.55,963023.0
467961,2022-06-22,154.05,155.0,155.4,152.15,882697.0
467961,2022-07-05,158.55,161.25,163.45,157.95,1098804.0
467961,2022-08-18,204.0,193.8,205.3,192.65,11209855.0
467961,2022-08-30,228.45,219.75,234.8,219.3,16385815.0
467961,2022-09-19,289.85,268.0,292.7,268.0,20360734.0
467961,2022-10-07,274.8,278.55,279.0,269.1,11184905.0
467961,2022-10-27,242.0,241.1,242.8,236.4,4684567.0
467961,2021-07-02,192.55,193.5,196.6,192.0,1263102.0
467961,2021-08-31,163.6,162.7,166.0,162.05,1552586.0
467961,2021-09-17,184.05,187.55,189.65,179.5,2625216.0
467961,2021-09-23,185.8,181.0,187.7,181.0,2602252.0
467961,2021-10-11,195.2,195.5,197.2,193.75,1483394.0
467961,2021-10-25,193.25,198.0,198.1,189.05,1865214.0
467961,2021-11-23,198.4,193.8,199.5,193.0,2008796.0
467961,2021-11-26,186.8,192.3,194.5,186.0,2756681.0
467961,2021-12-13,192.3,193.9,194.8,191.5,670943.0
467961,2021-12-16,190.5,194.1,194.8,189.75,718830.0
467961,2021-12-31,192.25,187.55,194.4,187.55,2634684.0
467961,2022-01-10,250.1,241.45,253.7,236.15,15813153.0
467961,2022-03-02,203.6,200.5,206.45,197.05,3027255.0
467961,2022-03-17,214.5,216.3,217.3,213.0,4047410.0
467961,2022-04-04,220.9,220.75,222.0,217.0,3686198.0
467961,2022-04-05,220.1,221.9,223.85,219.0,2894449.0
467961,2022-04-06,221.65,219.05,223.4,218.25,1928282.0
467961,2022-04-07,220.7,221.0,225.5,218.4,2475126.0
467961,2022-05-16,178.65,170.0,184.0,169.25,6855515.0
467961,2022-05-17,183.0,179.6,183.5,176.3,2177337.0
467961,2022-06-21,156.0,151.35,156.45,150.85,1223256.0
467961,2022-07-06,162.8,159.8,163.3,157.05,1207378.0
467961,2022-07-20,177.4,180.0,180.5,177.0,1575077.0
467961,2022-07-27,187.05,187.35,188.4,183.15,1423520.0
467961,2022-08-08,195.8,190.0,197.2,188.95,2534684.0
467961,2022-09-22,262.65,271.0,280.65,257.75,11746058.0
467961,2022-09-26,235.45,249.0,251.75,232.7,8264632.0
467961,2021-04-13,172.75,171.8,176.85,168.5,2706153.0
467961,2021-05-20,196.9,179.7,200.0,177.35,21043555.0
467961,2021-04-27,166.05,167.25,168.25,165.55,839023.0
467961,2021-06-02,179.5,183.0,186.5,178.6,3560561.0
467961,2021-06-10,184.0,184.1,186.75,183.0,1345263.0
467961,2021-06-23,195.0,198.7,200.85,193.1,3264474.0
467961,2021-06-28,191.8,191.4,193.35,190.75,859736.0
467961,2021-07-01,193.4,192.75,195.15,190.0,1259299.0
467961,2021-08-20,167.8,170.0,172.6,166.5,1389661.0
467961,2021-08-24,162.2,158.2,163.0,154.75,2983860.0
467961,2021-09-03,179.75,181.25,182.9,177.7,3121994.0
467961,2021-10-08,194.5,195.55,197.5,193.75,1414668.0
467961,2021-10-14,214.4,200.0,227.85,198.65,22877905.0
467961,2021-10-28,201.25,197.35,206.5,194.1,6128780.0
467961,2021-12-27,189.35,184.2,190.0,181.2,3417884.0
467961,2022-01-21,228.15,238.0,239.65,225.2,3715377.0
467961,2022-02-15,209.85,195.8,211.9,195.8,3291184.0
467961,2022-05-31,169.1,170.95,173.7,168.0,2960416.0
467961,2022-06-16,153.4,161.4,162.6,152.1,1996950.0
467961,2022-07-07,165.2,164.4,166.0,161.75,1569199.0
467961,2022-09-01,228.15,226.65,229.9,225.2,2716763.0
467961,2022-09-06,232.7,232.0,235.75,230.25,3370908.0
467961,2022-10-11,244.05,272.9,272.9,242.15,22393041.0
467961,2022-10-17,233.4,227.4,235.75,225.3,10276082.0
467961,2021-05-31,182.25,181.5,185.5,180.2,2852096.0
467961,2021-06-15,188.4,183.1,191.4,182.6,4540036.0
467961,2021-08-06,192.35,193.5,194.1,191.55,830763.0
467961,2021-09-02,180.45,176.25,182.45,174.5,7999417.0
467961,2021-10-01,200.8,198.65,210.65,197.6,20262379.0
467961,2021-12-09,192.75,191.3,193.25,189.35,1589853.0
467961,2021-12-20,174.85,182.8,182.85,170.15,2548384.0
467961,2022-01-05,206.8,200.0,208.0,199.05,5288236.0
467961,2022-01-06,208.05,204.3,209.7,202.85,3409176.0
467961,2022-01-24,212.5,228.15,228.15,208.5,5088856.0
467961,2022-03-03,194.2,204.0,207.0,192.95,4365155.0
467961,2022-03-08,193.0,185.0,194.2,182.6,4425182.0
467961,2022-03-10,199.5,201.0,204.15,197.8,2684882.0
467961,2022-04-21,214.6,212.75,215.5,212.3,1543686.0
467961,2022-08-12,193.05,191.8,199.0,187.8,13665373.0
467961,2022-09-30,269.1,245.5,270.3,244.15,27577019.0
467961,2022-10-12,250.65,245.0,251.8,233.25,18432085.0
467961,2022-10-19,228.15,230.0,233.75,226.7,3343891.0
467961,2021-04-23,166.5,164.25,168.4,162.45,1535600.0
467961,2021-04-12,169.85,184.6,184.6,167.65,4360122.0
467961,2021-05-03,167.2,162.95,168.5,162.2,1454403.0
467961,2021-05-27,186.9,188.65,191.3,185.65,3343286.0
467961,2021-06-04,189.1,190.0,192.7,188.0,3656306.0
467961,2021-06-11,184.7,185.4,185.55,183.0,885893.0
467961,2021-06-17,187.9,189.0,193.8,186.65,3567315.0
467961,2021-06-25,190.55,193.0,194.6,190.0,1183511.0
467961,2021-08-03,195.4,194.7,197.9,194.0,1760863.0
467961,2021-08-26,158.75,162.0,162.0,158.0,1172305.0
467961,2021-09-24,188.6,186.75,192.8,181.4,4301846.0
467961,2021-10-13,198.85,198.5,202.0,197.65,2813804.0
467961,2021-10-22,197.25,207.1,209.4,194.3,3624483.0
467961,2021-11-12,209.35,214.0,214.65,207.55,2769027.0
467961,2021-11-16,202.45,205.95,208.35,200.85,2440120.0
467961,2022-01-27,219.85,216.4,223.15,212.85,3294891.0
467961,2022-02-01,230.9,225.0,237.5,223.65,11292917.0
467961,2022-02-08,220.7,222.1,224.65,216.2,2479458.0
467961,2022-02-18,212.45,204.0,217.5,203.3,8078551.0
467961,2022-05-12,168.3,174.0,175.0,164.35,1982859.0
467961,2022-05-26,169.4,162.2,170.7,150.7,6289781.0
467961,2022-08-03,191.85,194.2,195.0,188.1,1411511.0
467961,2022-09-15,270.3,262.9,273.0,256.35,12024792.0
467961,2022-09-23,253.4,262.0,266.5,252.1,7446587.0
467961,2022-10-03,253.6,269.9,274.4,250.1,15410339.0
467961,2021-04-16,169.3,168.45,173.85,168.35,2384763.0
467961,2021-04-20,164.95,167.0,169.25,162.6,2225585.0
467961,2021-06-03,189.1,180.75,191.0,180.1,5185872.0
467961,2021-07-05,191.65,193.0,194.25,191.1,773484.0
467961,2021-07-06,195.2,192.0,203.7,191.5,10132346.0
467961,2021-07-15,192.35,193.7,194.9,191.6,958870.0
467961,2021-07-23,197.15,201.0,202.65,196.25,2203441.0
467961,2021-09-01,175.9,169.0,178.35,169.0,9341673.0
467961,2021-09-06,182.55,179.95,185.35,177.4,4280909.0
467961,2021-09-16,188.3,185.0,192.4,181.5,4797703.0
467961,2021-09-21,175.45,176.9,178.3,171.9,1678733.0
467961,2021-09-28,190.0,195.0,197.65,187.5,4005451.0
467961,2021-09-30,200.3,193.9,202.5,192.5,8701423.0
467961,2021-10-12,197.65,195.0,202.1,193.55,4283676.0
467961,2021-10-20,203.45,205.0,211.35,200.5,3976833.0
467961,2021-10-26,199.1,198.0,200.7,194.0,3051795.0
467961,2021-11-17,201.15,200.75,203.9,200.6,1427667.0
467961,2022-01-07,239.85,209.45,247.95,208.25,30927228.0
467961,2022-02-28,202.15,196.4,202.9,189.15,3552354.0
467961,2022-03-21,209.85,215.9,215.9,208.1,1800731.0
467961,2022-03-24,210.1,208.45,212.15,206.7,2128081.0
467961,2022-06-02,168.6,168.25,169.5,164.8,2535238.0
467961,2022-06-13,157.95,158.25,160.0,156.8,1331928.0
467961,2022-06-14,158.9,156.0,161.95,155.5,1595366.0
467961,2022-06-29,161.8,154.6,163.7,154.05,4193063.0
467961,2022-07-11,171.25,173.35,173.7,169.0,1749283.0
467961,2022-08-04,189.1,193.0,193.85,185.1,1344941.0
467961,2022-08-26,209.95,210.9,211.2,206.25,2508909.0
467961,2022-10-14,230.15,242.0,243.05,228.25,11742551.0
467961,2021-04-15,168.6,172.0,173.9,165.6,2309793.0
467961,2021-04-19,162.05,165.0,165.5,160.5,2522781.0
467961,2021-06-29,189.75,192.6,192.6,189.1,989279.0
467961,2021-07-26,196.95,198.0,200.9,195.0,2846935.0
467961,2021-09-09,181.95,182.05,185.4,181.0,1817375.0
467961,2021-10-05,195.4,201.95,203.55,194.5,3814390.0
467961,2021-11-03,211.65,208.3,213.45,205.4,3507006.0
467961,2022-01-04,200.4,201.1,202.35,197.75,2489156.0
467961,2022-02-23,208.35,209.25,211.4,206.4,1983949.0
467961,2022-03-28,205.5,208.5,209.55,202.4,2335708.0
467961,2022-03-29,209.4,206.55,215.8,206.55,5837498.0
467961,2022-03-30,210.75,211.85,213.75,209.65,2097515.0
467961,2022-05-18,182.65,183.5,185.45,180.1,1350352.0
467961,2022-07-04,161.3,160.1,161.8,158.15,819580.0
467961,2022-07-22,187.75,181.85,189.5,178.35,6090275.0
467961,2022-07-25,186.15,187.3,189.3,184.0,3300423.0
467961,2022-09-02,230.1,229.5,235.9,227.15,4260168.0
467961,2022-09-20,283.4,297.0,298.95,280.3,14469051.0
467961,2022-10-06,278.25,261.5,281.95,261.0,22550913.0
467961,2022-10-24,236.2,237.85,238.4,234.9,842500.0
467961,2021-04-26,166.4,167.45,168.3,165.1,1358647.0
467961,2021-04-30,163.2,165.05,168.5,162.55,2548479.0
467961,2021-05-05,165.7,167.65,167.7,165.05,693810.0
467961,2021-06-01,183.2,182.8,185.8,181.7,3217591.0
467961,2021-06-08,185.25,190.35,191.6,184.5,2284345.0
467961,2021-07-08,193.5,197.3,198.95,191.2,1697181.0
467961,2021-07-13,191.55,191.9,192.95,190.7,1100836.0
467961,2021-08-11,178.75,183.55,184.8,174.05,4025807.0
467961,2021-08-30,162.6,164.0,164.7,162.1,1246124.0
467961,2021-09-14,181.35,180.2,182.45,179.15,1261406.0
467961,2021-10-21,206.05,205.0,208.0,201.15,2821580.0
467961,2021-11-18,201.1,201.0,203.45,198.0,1958447.0
467961,2021-11-24,196.45,198.4,201.65,194.45,2270655.0
467961,2021-12-02,185.85,183.45,186.55,182.4,1184629.0
467961,2021-12-07,185.95,185.2,187.55,184.3,863977.0
467961,2021-12-10,192.85,193.35,194.95,191.7,1067040.0
467961,2021-12-17,184.45,190.2,190.2,183.75,1021859.0
467961,2021-12-24,184.4,189.0,189.25,181.7,3393814.0
467961,2021-12-29,189.35,190.15,191.55,188.1,1165138.0
467961,2022-01-13,245.15,246.65,249.6,243.25,2829664.0
467961,2022-02-14,197.6,204.5,207.6,195.85,5104782.0
467961,2022-02-22,207.9,203.0,208.85,199.2,3167524.0
467961,2022-03-14,203.55,205.9,206.25,201.0,2046216.0
467961,2022-03-16,212.35,209.0,214.9,206.85,4152862.0
467961,2022-04-19,207.85,218.55,219.65,204.4,2416442.0
467961,2022-04-22,209.35,212.3,214.2,208.6,1267897.0
467961,2022-04-29,206.8,210.0,212.65,205.8,1526731.0
467961,2022-05-04,195.95,204.9,205.95,193.35,1673398.0
467961,2022-07-12,171.85,171.2,175.4,169.5,3004585.0
467961,2022-10-04,260.95,258.7,264.45,254.5,10707284.0
467961,2022-10-21,236.35,234.25,237.45,232.6,4029666.0
467961,2021-06-14,182.05,184.7,184.7,180.45,1210489.0
467961,2021-05-14,172.15,174.5,174.75,165.0,2654504.0
467961,2021-06-30,191.95,190.3,195.9,189.6,2149539.0
467961,2021-07-27,193.3,198.0,199.4,190.55,1882426.0
467961,2021-07-29,193.1,192.65,194.0,191.4,1001677.0
467961,2021-08-02,193.1,193.2,198.25,191.8,1736829.0
467961,2021-08-16,171.75,177.0,178.5,169.6,2065764.0
467961,2021-09-07,184.1,182.05,185.6,178.2,2930788.0
467961,2021-10-27,198.1,199.7,202.0,196.7,1726082.0
467961,2021-11-11,213.0,208.0,214.55,203.0,7931499.0
467961,2021-11-15,205.45,209.3,210.45,205.0,1916966.0
467961,2022-01-03,200.3,192.0,202.25,191.15,3672830.0
467961,2022-01-14,254.75,242.8,259.95,242.0,15432651.0
467961,2022-01-19,237.8,236.95,239.85,230.1,4893899.0
467961,2022-02-03,229.5,232.25,233.7,228.05,2126521.0
467961,2022-02-07,221.55,226.7,228.55,218.2,3524612.0
467961,2022-03-11,204.9,199.65,206.75,198.1,2861231.0
467961,2022-03-25,208.5,211.65,211.65,206.0,1301106.0
467961,2022-04-18,216.85,223.45,225.95,215.4,2855244.0
467961,2022-06-20,150.05,152.25,154.35,145.45,2205532.0
467961,2022-07-08,173.35,167.25,175.0,166.1,11349424.0
467961,2022-08-22,201.45,202.3,206.4,198.65,4567359.0
467961,2022-08-24,207.6,208.05,210.45,205.8,2670873.0
467961,2022-09-08,236.75,238.85,240.05,236.0,2736006.0
467961,2022-09-13,241.3,241.7,243.9,239.0,2305095.0
467961,2022-10-18,230.9,234.0,236.75,229.15,4763300.0
467961,2021-05-21,202.7,203.7,207.85,198.35,18960293.0
467961,2021-05-24,196.75,204.6,211.4,193.85,22380472.0
467961,2021-06-21,193.65,195.0,199.5,192.3,4252327.0
467961,2021-07-20,196.45,194.9,201.7,193.1,12465509.0
467961,2021-07-28,191.55,194.1,194.1,187.3,1600994.0
467961,2021-08-12,177.65,178.6,182.35,176.35,2534389.0
467961,2021-09-22,179.75,175.95,181.35,175.8,1478348.0
467961,2021-09-27,194.65,190.0,196.9,186.45,5705798.0
467961,2021-10-07,196.05,195.25,198.4,194.85,1825803.0
467961,2021-10-29,206.1,201.0,208.4,197.0,5738882.0
467961,2021-11-02,207.6,206.8,210.6,205.8,2453684.0
467961,2021-11-08,217.8,213.8,220.4,211.4,5298982.0
467961,2021-11-10,210.15,221.95,232.0,209.0,21396963.0
467961,2021-11-30,184.05,185.05,190.2,183.0,1706575.0
467961,2022-03-22,211.8,209.4,212.85,206.25,2209950.0
467961,2022-04-25,202.15,206.5,209.0,201.1,1939953.0
467961,2022-05-23,176.1,179.75,181.95,174.0,1473369.0
467961,2022-05-30,171.3,163.45,173.9,163.2,4417884.0
467961,2022-06-07,164.95,164.1,165.45,161.85,1378090.0
467961,2022-06-23,156.35,153.7,157.65,152.85,904002.0
467961,2022-06-28,156.8,157.85,157.9,152.3,1717201.0
467961,2022-07-21,180.85,177.0,181.65,176.3,1604771.0
467961,2022-10-31,241.1,237.05,243.95,235.25,5374248.0
467961,2022-12-06,249.4,247.0,253.05,246.4,3295415.0
467961,2022-11-11,243.3,244.1,247.9,241.5,2615389.0
467961,2023-01-25,194.65,202.75,203.1,193.45,3845201.0
467961,2023-01-13,216.8,215.2,217.75,213.5,1316955.0
467961,2023-02-01,193.85,195.0,202.95,187.4,4400562.0
467961,2023-02-02,192.35,192.1,198.3,187.75,3202033.0
467961,2023-04-19,186.85,188.7,191.2,185.7,1517037.0
467961,2023-05-19,191.9,188.75,193.0,186.3,3077187.0
467961,2023-06-20,222.4,222.95,225.0,220.5,2512130.0
467961,2023-06-22,218.2,234.55,236.8,217.4,10794191.0
467961,2023-02-09,192.35,193.0,193.45,188.4,3540659.0
467961,2022-11-16,243.05,249.35,252.4,239.8,4103200.0
467961,2022-12-26,208.45,199.15,211.95,197.2,5418450.0
467961,2022-11-17,235.6,243.0,244.8,232.1,3028147.0
467961,2023-03-13,187.15,196.0,197.05,186.4,2045900.0
467961,2022-11-28,240.95,241.8,245.55,239.35,2908624.0
467961,2023-03-31,185.05,178.0,186.35,177.2,3632043.0
467961,2022-12-20,232.25,233.0,233.85,227.25,2135324.0
467961,2023-04-05,187.45,187.2,188.2,185.25,961949.0
467961,2023-04-11,188.95,187.9,190.9,187.35,1348089.0
467961,2022-12-23,198.1,214.2,215.75,197.05,6082011.0
467961,2023-04-21,177.5,183.3,184.45,176.75,2675325.0
467961,2023-04-28,185.55,182.0,186.4,181.85,3053377.0
467961,2022-12-30,218.45,220.65,222.0,217.2,2473315.0
467961,2023-05-29,193.2,188.5,193.5,188.0,3115900.0
467961,2023-01-18,217.35,215.8,217.8,213.1,1018881.0
467961,2023-02-22,190.3,197.65,198.2,189.55,3246397.0
467961,2023-06-15,222.55,227.25,228.35,221.35,2212035.0
467961,2023-03-01,193.55,186.65,194.2,186.15,2894145.0
467961,2023-06-23,209.7,218.35,218.65,209.0,4549273.0
467961,2023-03-27,172.0,174.85,175.75,171.1,1816758.0
467961,2023-06-27,213.85,213.3,219.4,212.5,2464009.0
467961,2023-06-16,223.85,224.65,226.6,223.05,1287632.0
467961,2023-07-28,214.7,212.8,215.75,212.5,2526552.0
467961,2023-04-10,186.95,188.8,189.9,185.9,1331545.0
467961,2023-02-03,192.25,193.3,194.1,184.65,6150185.0
467961,2023-04-24,180.55,177.6,181.0,176.25,1889449.0
467961,2023-03-06,199.15,200.2,203.0,198.5,4026524.0
467961,2023-06-12,230.1,230.35,232.0,225.3,4374544.0
467961,2023-04-03,187.15,185.2,188.45,184.25,1723077.0
467961,2023-07-06,210.7,212.0,213.2,207.1,3815746.0
467961,2023-04-25,180.05,180.6,183.0,179.1,1634077.0
467961,2023-07-21,207.4,210.8,210.8,206.0,2174651.0
467961,2023-04-26,179.85,180.8,181.25,178.85,1140305.0
467961,2023-08-03,217.0,214.65,221.0,211.15,3595593.0
467961,2023-05-17,194.3,194.45,197.9,192.55,3405605.0
467961,2023-05-23,195.65,194.55,198.8,194.25,3620277.0
467961,2023-06-21,231.5,222.85,233.4,222.5,4978577.0
467961,2023-07-03,210.85,214.0,215.6,210.2,1976068.0
467961,2023-07-07,211.05,211.1,216.15,209.5,3865531.0
467961,2023-07-24,207.85,207.5,213.4,207.1,2494613.0
467961,2023-02-10,197.9,192.5,201.0,190.5,3293303.0
467961,2023-02-13,195.65,199.9,204.9,195.0,8745806.0
467961,2023-02-16,198.3,196.25,199.5,195.55,3855180.0
467961,2023-03-17,188.25,193.7,194.8,187.7,3166766.0
467961,2023-05-18,188.85,195.1,196.15,188.0,1774086.0
467961,2023-05-22,194.3,191.0,195.7,190.35,1813117.0
467961,2023-05-30,199.75,193.9,202.35,193.2,9554944.0
467961,2022-11-24,234.65,234.5,238.4,232.05,2204768.0
467961,2023-01-19,215.85,217.0,218.1,214.3,1120021.0
467961,2023-01-20,215.25,215.9,217.7,214.0,1328088.0
467961,2023-01-24,203.3,208.1,209.9,202.5,2012971.0
467961,2023-02-08,193.3,189.6,194.75,189.6,6669546.0
467961,2023-03-09,200.65,203.0,204.5,199.65,1243660.0
467961,2023-06-07,223.05,221.4,223.75,218.0,3107561.0
467961,2023-07-31,219.45,215.2,222.0,215.2,5352021.0
467961,2022-11-04,245.9,244.05,250.1,240.65,3647595.0
467961,2022-11-15,249.35,248.8,254.4,246.45,5300976.0
467961,2022-11-10,241.0,244.05,247.35,237.75,2591746.0
467961,2022-11-25,240.95,236.1,241.9,235.25,2881602.0
467961,2022-11-01,243.3,242.5,244.3,240.05,2791349.0
467961,2022-11-07,248.7,247.2,255.45,239.0,14181821.0
467961,2022-11-14,248.7,244.0,251.8,241.2,4174287.0
467961,2022-12-21,225.5,233.9,238.5,223.5,4261815.0
467961,2023-01-02,222.15,219.6,224.2,218.6,2017765.0
467961,2023-01-03,222.35,223.25,223.25,219.0,1735986.0
467961,2023-01-30,188.15,188.1,196.3,184.05,3560906.0
467961,2023-03-08,202.65,198.0,203.0,196.35,2004004.0
467961,2023-03-21,180.25,179.25,181.55,177.25,3505772.0
467961,2023-04-17,192.0,186.0,192.45,184.55,2522589.0
467961,2023-04-20,183.25,187.0,187.8,182.2,1881800.0
467961,2023-05-12,194.05,196.75,196.75,193.4,1199308.0
467961,2023-06-05,217.9,214.2,223.25,214.2,9139156.0
467961,2023-06-13,228.15,230.95,230.95,227.55,1513328.0
467961,2023-07-12,208.1,208.75,209.6,207.2,949146.0
467961,2023-07-25,212.25,208.9,215.5,208.6,4224337.0
467961,2023-08-02,215.15,218.8,224.5,211.95,6484717.0
467961,2022-12-14,246.7,244.9,248.5,244.55,1564935.0
467961,2022-12-16,230.15,237.55,242.25,228.0,3505534.0
467961,2023-01-05,220.7,220.65,221.7,217.95,1898964.0
467961,2023-01-31,193.3,189.0,194.8,188.3,3412844.0
467961,2023-02-15,195.8,194.5,197.6,193.4,2633642.0
467961,2023-03-14,188.2,188.0,189.2,183.2,2275354.0
467961,2023-04-27,181.55,179.95,182.3,178.9,1432544.0
467961,2023-05-03,187.4,186.2,188.9,185.0,1681224.0
467961,2023-05-10,194.25,191.95,200.85,190.55,6334835.0
467961,2023-05-15,193.75,194.75,195.3,190.8,1559471.0
467961,2023-06-19,223.15,223.9,224.6,218.0,2181770.0
467961,2023-06-26,213.3,209.25,214.25,208.2,1926307.0
467961,2023-06-28,214.35,214.85,216.7,210.2,2596553.0
467961,2022-11-18,230.8,234.8,234.85,226.15,4822376.0
467961,2022-11-22,238.3,233.5,240.15,233.35,3751249.0
467961,2022-12-09,241.55,248.5,250.8,237.95,2571075.0
467961,2022-12-05,248.1,249.7,251.05,246.2,1665776.0
467961,2022-12-07,244.8,250.0,251.4,241.8,3094920.0
467961,2022-12-13,243.85,246.8,247.55,242.5,2030766.0
467961,2023-01-27,189.75,193.5,196.9,183.4,4392712.0
467961,2023-02-14,194.8,196.4,199.2,191.5,3309538.0
467961,2023-02-17,198.2,197.95,203.95,196.2,8341248.0
467961,2023-02-24,188.9,189.45,191.0,187.6,1359960.0
467961,2023-03-16,192.25,191.0,193.7,188.05,1623354.0
467961,2023-03-02,196.45,193.5,197.0,192.55,2187993.0
467961,2023-03-22,181.65,181.2,182.9,180.25,1801631.0
467961,2023-03-24,175.4,179.45,180.7,174.65,1398343.0
467961,2023-03-28,168.4,172.9,172.9,167.2,2182981.0
467961,2023-05-05,191.2,189.5,193.5,186.65,3848184.0
467961,2023-03-29,177.2,168.1,178.15,167.6,3158218.0
467961,2023-06-08,215.35,223.0,223.0,214.35,3415672.0
467961,2023-05-24,190.2,195.65,195.95,188.65,5091726.0
467961,2023-06-09,230.35,216.0,234.5,216.0,21562473.0
467961,2023-06-14,227.25,228.0,231.5,226.05,1929981.0
467961,2023-06-30,212.1,215.6,216.8,211.75,1927762.0
467961,2023-07-04,212.05,212.95,216.9,209.8,3765652.0
467961,2023-08-04,224.75,217.0,225.35,215.65,6054897.0
467961,2022-11-29,242.55,240.2,245.1,240.2,2465384.0
467961,2022-11-30,240.0,243.0,243.9,236.7,2169445.0
467961,2022-12-28,215.95,215.45,217.15,212.75,2178707.0
467961,2022-12-29,219.55,215.95,221.5,210.5,4602096.0
467961,2023-01-10,216.0,219.75,219.95,212.7,1437809.0
467961,2023-01-11,215.55,216.0,216.9,214.1,1207982.0
467961,2023-02-06,188.4,190.0,192.85,186.05,3828366.0
467961,2023-02-23,188.3,190.7,191.3,187.25,2089907.0
467961,2023-03-03,199.2,198.5,200.3,196.55,2154255.0
467961,2023-04-06,187.7,186.2,189.7,185.6,2460146.0
467961,2023-08-01,218.8,222.45,222.5,217.0,2618492.0
467961,2022-11-23,234.3,239.75,239.9,232.5,2710218.0
467961,2022-12-12,245.6,241.9,246.35,236.0,2515450.0
467961,2022-12-15,239.95,245.05,247.95,238.0,1872892.0
467961,2023-01-04,219.55,222.8,224.7,218.5,2709407.0
467961,2023-05-08,195.55,192.2,197.0,191.7,5183584.0
467961,2023-05-25,185.0,188.35,189.45,183.55,3829223.0
467961,2023-05-26,187.85,185.1,188.35,184.75,1746835.0
467961,2023-05-31,202.35,198.05,202.95,198.05,3618973.0
467961,2023-06-01,210.9,202.35,213.25,201.6,8470578.0
467961,2023-06-02,212.95,211.95,214.35,210.05,3550709.0
467961,2023-07-05,212.25,212.55,214.35,210.7,2235483.0
467961,2023-07-10,206.05,212.1,212.5,204.75,3467707.0
467961,2023-07-13,205.8,208.4,211.0,204.1,1798482.0
467961,2023-07-19,212.45,211.0,212.8,209.75,1025235.0
467961,2023-07-20,211.4,212.4,214.4,210.7,1430888.0
467961,2022-10-28,235.0,241.4,243.25,234.0,2970798.0
467961,2022-11-21,233.35,230.8,234.9,228.95,2486392.0
467961,2022-11-02,244.25,243.6,255.25,242.0,9148064.0
467961,2022-12-01,247.2,241.75,248.7,239.2,5446557.0
467961,2022-11-09,245.25,248.0,250.8,243.25,3899799.0
467961,2022-12-19,233.45,230.0,234.75,227.85,2077906.0
467961,2022-12-02,248.85,248.7,251.8,247.55,5574678.0
467961,2023-02-07,188.0,189.35,190.95,184.75,2586135.0
467961,2022-12-22,218.75,227.0,227.55,215.7,4898248.0
467961,2023-02-20,199.15,198.75,201.95,194.4,3484925.0
467961,2022-12-27,215.95,210.05,217.3,208.25,4204877.0
467961,2023-02-21,197.9,199.5,201.1,197.2,2158664.0
467961,2023-01-06,217.7,221.25,221.65,213.9,2190462.0
467961,2023-02-27,184.85,188.8,188.8,182.7,1659670.0
467961,2023-01-12,214.5,216.0,218.5,213.0,2479580.0
467961,2023-04-18,188.65,193.5,194.2,186.85,3197759.0
467961,2023-05-04,189.65,187.6,190.75,187.4,1699174.0
467961,2023-01-16,215.85,217.65,218.0,214.6,1098340.0
467961,2023-05-11,196.75,195.0,198.0,193.85,2322996.0
467961,2023-07-17,214.45,214.9,218.5,213.4,3965169.0
467961,2023-01-23,207.85,215.0,216.0,206.55,3073678.0
467961,2023-07-27,211.8,212.2,213.5,210.1,2482585.0
467961,2023-03-15,190.65,189.6,193.8,188.75,2102940.0
467961,2023-06-06,220.9,217.75,221.5,216.35,3741969.0
467961,2023-07-11,208.75,206.05,209.4,205.0,1616699.0
467961,2023-07-14,214.25,206.9,215.0,206.3,4029402.0
467961,2023-07-18,210.1,214.5,215.6,209.15,2433224.0
467961,2022-11-03,244.25,243.35,247.4,242.7,2880699.0
467961,2022-12-08,247.2,244.8,248.55,243.25,1774075.0
467961,2023-01-09,219.75,218.8,221.9,217.2,1088664.0
467961,2023-01-17,214.85,216.0,216.3,212.3,1072883.0
467961,2023-02-28,187.1,184.85,188.8,184.0,2971800.0
467961,2023-03-10,195.55,199.4,199.4,195.0,1252606.0
467961,2023-03-20,178.05,189.2,189.2,175.05,6404452.0
467961,2023-03-23,179.8,181.25,182.1,179.35,915817.0
467961,2023-04-12,189.5,189.0,191.85,188.35,1296466.0
467961,2023-04-13,186.2,189.7,189.7,185.4,1363960.0
467961,2023-05-02,186.5,186.4,188.2,184.3,1748717.0
467961,2023-05-09,191.55,196.0,197.2,190.7,1540830.0
467961,2023-05-16,193.75,194.0,196.55,192.5,1721556.0
467961,2023-07-26,211.6,213.35,213.9,210.95,1330571.0
467961,2023-08-21,245.0,237.25,247.2,237.25,5767899.0
467961,2023-08-23,239.7,239.0,241.85,238.95,611327.0
467961,2023-08-10,240.9,229.5,247.0,229.5,21843035.0
467961,2023-08-11,252.7,242.0,259.4,240.65,18102988.0
467961,2023-08-16,246.8,250.6,251.6,244.1,4345975.0
467961,2023-08-18,236.95,238.25,240.45,233.15,4246372.0
467961,2023-08-17,241.05,245.9,246.8,235.1,5451157.0
467961,2023-08-22,239.95,246.7,248.0,237.1,2724252.0
467961,2023-08-08,215.1,215.0,216.0,211.8,3499452.0
467961,2023-08-09,229.15,214.2,230.4,214.2,15787781.0
467961,2023-08-07,215.75,225.95,225.95,214.5,8291481.0
467961,2023-08-14,251.9,248.0,256.85,239.65,12225252.0
