stockid,date,close,open,high,low,volume
1003366,2021-01-04,303.8,306.9,309.3,299.05,431630.0
1003366,2021-01-05,301.45,296.0,303.9,291.1,404992.0
1003366,2021-01-06,294.95,301.45,302.8,291.35,360732.0
1003366,2021-01-07,293.3,295.0,302.0,291.55,170698.0
1003366,2021-01-01,305.45,300.9,308.9,298.8,305103.0
1003366,2021-01-20,314.7,297.9,321.5,297.9,1147363.0
1003366,2021-01-08,298.05,292.15,299.5,292.15,367751.0
1003366,2021-01-11,293.0,304.0,304.0,281.1,169970.0
1003366,2021-01-18,287.2,286.0,290.9,282.3,133968.0
1003366,2021-01-25,299.45,306.4,306.4,291.65,157600.0
1003366,2021-03-03,436.15,443.8,448.8,426.6,348034.0
1003366,2021-04-20,507.7,500.45,524.8,500.45,429553.0
1003366,2021-06-29,703.1,698.0,719.0,698.0,542384.0
1003366,2021-07-07,717.15,717.0,728.9,709.2,266001.0
1003366,2021-07-09,729.7,730.05,739.9,723.3,280759.0
1003366,2021-10-11,751.45,775.0,784.0,744.0,976444.0
1003366,2021-11-03,754.15,775.0,777.95,740.05,649526.0
1003366,2021-12-08,730.35,745.7,745.7,723.0,219305.0
1003366,2021-12-10,725.75,720.0,734.8,720.0,125635.0
1003366,2021-01-13,292.0,295.15,297.95,290.0,209506.0
1003366,2021-01-22,302.2,303.8,305.3,285.0,258681.0
1003366,2021-02-12,409.6,419.8,420.9,401.1,142137.0
1003366,2021-02-22,400.9,422.0,422.0,396.8,222057.0
1003366,2021-04-15,492.65,494.0,506.85,481.35,254663.0
1003366,2021-06-10,719.65,703.8,734.95,703.0,363699.0
1003366,2021-06-16,706.2,706.0,715.45,703.0,150228.0
1003366,2021-06-25,695.05,693.8,707.5,693.4,377417.0
1003366,2021-07-27,664.7,678.0,682.9,660.05,406916.0
1003366,2021-08-17,650.35,653.8,655.0,645.7,144789.0
1003366,2021-09-06,669.9,669.95,676.9,665.0,273378.0
1003366,2021-09-20,685.85,707.95,707.95,680.5,270860.0
1003366,2021-09-22,700.1,683.0,710.0,678.0,309924.0
1003366,2021-09-27,697.65,695.0,706.8,690.05,311697.0
1003366,2021-09-28,696.75,702.65,711.0,693.0,341358.0
1003366,2021-10-04,720.45,698.0,725.4,695.4,627741.0
1003366,2021-11-17,852.75,842.0,860.0,833.0,409358.0
1003366,2021-12-03,739.45,749.9,749.9,735.9,157589.0
1003366,2021-12-06,725.0,739.0,744.6,718.2,127483.0
1003366,2021-01-12,295.15,298.0,298.3,292.4,124355.0
1003366,2021-02-09,397.05,399.45,405.0,391.75,196992.0
1003366,2021-02-23,400.5,400.0,412.85,397.0,177106.0
1003366,2021-03-01,401.05,405.65,407.0,398.55,93097.0
1003366,2021-03-15,436.2,448.0,448.0,423.0,356889.0
1003366,2021-03-16,432.05,441.7,445.0,427.6,216966.0
1003366,2021-03-26,410.7,419.0,421.9,405.0,104802.0
1003366,2021-04-28,494.0,494.2,505.1,491.0,249150.0
1003366,2021-05-07,579.35,591.0,598.05,575.1,438728.0
1003366,2021-05-25,730.1,746.8,759.95,708.0,1016069.0
1003366,2021-05-26,731.8,733.8,745.6,722.0,437581.0
1003366,2021-06-01,711.3,726.9,730.85,700.0,313658.0
1003366,2021-06-03,705.4,720.85,724.25,700.5,356960.0
1003366,2021-06-23,683.4,688.8,689.8,675.25,297794.0
1003366,2021-06-24,690.0,687.3,698.8,681.7,409885.0
1003366,2021-07-05,727.6,748.0,758.0,718.0,558906.0
1003366,2021-08-06,665.2,612.0,686.6,612.0,1460952.0
1003366,2021-08-27,663.55,604.1,678.8,602.45,1891273.0
1003366,2021-11-11,835.85,838.0,859.6,830.6,811400.0
1003366,2021-11-22,788.95,852.0,859.0,737.55,644481.0
1003366,2021-11-26,771.4,810.0,810.0,765.6,195173.0
1003366,2022-01-04,701.2,705.0,706.0,697.1,195396.0
1003366,2022-01-05,698.85,707.95,707.95,698.25,296655.0
1003366,2022-01-12,696.05,695.0,700.0,692.0,233289.0
1003366,2021-02-04,398.3,353.0,401.7,353.0,2483769.0
1003366,2021-02-10,417.1,398.0,423.9,392.0,307890.0
1003366,2021-03-23,406.65,425.7,425.7,405.0,1381851.0
1003366,2021-05-05,572.7,552.4,597.05,545.0,1441214.0
1003366,2021-02-11,417.85,419.95,434.75,415.0,268275.0
1003366,2021-05-11,585.65,570.0,589.7,567.65,292473.0
1003366,2021-02-24,406.65,406.0,417.0,401.1,108052.0
1003366,2021-05-21,719.85,695.0,742.7,677.55,1327465.0
1003366,2021-03-02,435.7,403.75,474.4,403.0,1540141.0
1003366,2021-05-27,725.25,736.9,737.65,720.05,291248.0
1003366,2021-03-04,439.6,436.8,455.0,436.55,316583.0
1003366,2021-06-09,703.35,711.8,718.45,700.6,248821.0
1003366,2021-05-04,543.75,548.7,557.8,540.15,255445.0
1003366,2021-06-18,695.45,694.45,705.9,646.4,705433.0
1003366,2021-05-18,633.3,625.6,655.0,621.0,1030058.0
1003366,2021-06-28,697.75,697.0,706.85,695.05,318931.0
1003366,2021-05-31,725.05,734.8,737.35,720.5,270681.0
1003366,2021-08-31,661.8,669.9,672.8,655.05,407188.0
1003366,2021-06-04,708.35,709.8,721.0,705.9,269263.0
1003366,2021-06-17,691.8,703.8,709.0,686.25,370866.0
1003366,2021-09-08,696.1,672.95,701.8,664.25,733696.0
1003366,2021-07-16,711.35,716.05,723.55,708.65,364609.0
1003366,2021-09-09,718.7,700.9,730.0,699.0,1189466.0
1003366,2021-10-13,736.65,751.25,759.0,735.0,321944.0
1003366,2021-10-19,730.2,768.3,774.0,720.55,564475.0
1003366,2021-10-21,718.0,719.0,740.0,713.2,422593.0
1003366,2021-09-17,707.95,710.0,711.95,686.55,406150.0
1003366,2021-10-27,721.15,720.5,743.2,713.9,257986.0
1003366,2021-11-10,838.5,838.0,855.95,795.0,1031381.0
1003366,2021-09-21,672.5,685.05,692.9,665.0,282807.0
1003366,2021-10-08,749.4,726.9,767.85,722.15,1534646.0
1003366,2021-11-25,800.45,803.4,812.8,784.65,185655.0
1003366,2021-11-24,797.55,824.0,825.0,791.0,209020.0
1003366,2021-12-20,687.8,698.0,701.8,672.05,222407.0
1003366,2021-12-07,732.85,732.0,739.0,725.0,89638.0
1003366,2021-12-24,695.7,708.45,708.45,692.0,67798.0
1003366,2021-12-27,698.5,695.7,703.3,688.65,92228.0
1003366,2022-01-19,723.0,714.0,731.0,710.65,229238.0
1003366,2021-12-28,700.2,709.0,709.0,698.0,119600.0
1003366,2021-02-05,401.4,404.4,425.0,388.9,1230648.0
1003366,2021-02-19,420.2,416.35,434.0,412.5,262362.0
1003366,2021-06-22,684.55,690.85,703.3,680.0,287608.0
1003366,2021-08-11,636.75,642.55,655.0,622.0,384027.0
1003366,2021-08-18,646.15,653.0,655.0,638.5,163710.0
1003366,2021-08-24,613.0,621.55,622.0,610.3,259044.0
1003366,2021-09-03,665.15,662.0,670.9,658.05,246870.0
1003366,2021-11-29,721.55,750.0,756.0,709.95,436248.0
1003366,2021-12-02,742.85,750.0,750.0,731.0,170657.0
1003366,2022-01-03,699.75,707.0,707.0,698.3,310286.0
1003366,2022-01-10,691.65,695.05,700.05,690.1,292179.0
1003366,2021-01-27,295.2,300.0,300.0,289.0,157045.0
1003366,2021-03-08,445.5,430.0,480.0,430.0,982678.0
1003366,2021-02-03,334.75,326.0,346.8,322.55,679325.0
1003366,2021-03-10,450.65,446.0,459.0,441.0,496560.0
1003366,2021-03-24,407.65,408.0,413.2,399.0,225399.0
1003366,2021-05-03,541.5,534.4,569.0,531.05,597574.0
1003366,2021-05-06,583.7,578.0,591.0,568.0,411451.0
1003366,2021-06-11,711.9,725.05,728.75,708.75,226795.0
1003366,2021-07-12,731.15,731.0,740.0,726.1,236467.0
1003366,2021-07-20,697.35,703.8,714.6,695.0,436028.0
1003366,2021-07-28,673.25,650.0,679.85,642.6,815508.0
1003366,2021-08-26,603.5,604.0,612.5,595.25,321375.0
1003366,2021-10-01,691.35,691.9,701.95,687.0,211656.0
1003366,2021-10-20,715.65,728.9,734.0,693.1,406411.0
1003366,2021-10-28,708.0,722.0,724.25,701.05,187177.0
1003366,2021-12-14,719.0,718.0,730.6,715.0,138905.0
1003366,2022-01-14,731.85,710.0,743.8,710.0,1070128.0
1003366,2021-01-29,294.95,297.9,304.7,293.5,121896.0
1003366,2021-02-15,416.15,413.35,424.9,412.85,131031.0
1003366,2021-04-05,416.65,427.5,435.0,415.55,182938.0
1003366,2021-04-26,489.85,496.0,504.85,484.35,205017.0
1003366,2021-07-02,740.1,745.7,749.75,731.05,342600.0
1003366,2021-07-08,730.05,720.1,733.9,715.05,368803.0
1003366,2021-07-14,705.75,725.0,725.95,704.15,742404.0
1003366,2021-09-23,701.25,708.2,715.0,699.0,175184.0
1003366,2021-10-18,761.65,752.0,770.0,750.0,618877.0
1003366,2021-11-08,843.95,768.0,850.0,763.35,3175988.0
1003366,2021-11-18,838.25,856.0,866.2,805.4,295408.0
1003366,2021-04-07,449.55,422.0,454.6,414.5,647217.0
1003366,2021-04-09,518.6,478.8,548.0,476.5,1409318.0
1003366,2021-04-13,501.8,478.0,518.0,470.0,487713.0
1003366,2021-04-29,493.35,498.0,503.9,490.2,195344.0
1003366,2021-05-12,572.85,592.7,604.3,555.5,722209.0
1003366,2021-05-20,688.4,702.05,702.95,670.0,1193957.0
1003366,2021-06-07,701.15,710.0,715.8,700.0,334568.0
1003366,2021-07-15,715.0,714.9,728.0,711.0,351668.0
1003366,2021-07-29,684.2,678.0,696.2,678.0,406799.0
1003366,2021-08-10,642.55,660.0,664.4,632.0,365805.0
1003366,2021-08-23,621.25,643.05,648.55,615.05,273088.0
1003366,2021-08-25,604.25,614.0,615.95,603.0,260737.0
1003366,2021-09-02,658.2,655.95,664.85,654.05,173543.0
1003366,2021-09-30,692.0,699.0,703.0,690.0,176332.0
1003366,2021-10-06,704.1,720.85,722.9,702.8,235158.0
1003366,2021-11-01,734.6,729.9,752.1,723.0,335323.0
1003366,2021-12-31,700.1,703.05,707.95,699.0,157025.0
1003366,2021-02-17,409.35,414.95,416.95,402.75,176630.0
1003366,2021-02-08,397.25,402.75,409.9,382.0,332564.0
1003366,2021-03-17,419.85,434.0,439.5,417.3,208342.0
1003366,2021-03-19,421.8,398.0,429.75,385.0,395996.0
1003366,2021-04-22,502.15,504.0,518.0,499.15,255529.0
1003366,2021-04-27,489.4,494.0,503.9,487.3,217330.0
1003366,2021-06-14,711.35,711.9,719.0,701.0,279026.0
1003366,2021-06-15,706.15,717.0,725.5,701.6,259790.0
1003366,2021-08-12,659.45,642.9,669.8,640.0,256143.0
1003366,2021-08-16,650.65,654.0,654.8,645.4,141015.0
1003366,2021-08-30,661.95,667.0,675.0,643.05,824378.0
1003366,2021-09-13,727.3,728.0,739.85,720.9,748374.0
1003366,2021-09-14,715.05,734.0,734.0,711.1,444939.0
1003366,2021-10-14,747.35,743.1,759.2,741.0,493930.0
1003366,2021-11-09,859.2,850.0,897.0,849.5,2681960.0
1003366,2021-12-01,744.85,737.9,754.9,737.0,203219.0
1003366,2021-12-22,699.95,695.75,707.0,694.95,71093.0
1003366,2021-12-30,702.4,698.0,724.8,695.2,156447.0
1003366,2022-01-06,698.95,700.0,701.7,696.1,172327.0
1003366,2021-03-18,405.4,435.0,435.0,396.1,337792.0
1003366,2021-04-19,495.8,498.25,507.0,475.15,350353.0
1003366,2021-05-17,617.05,645.0,650.0,612.65,988237.0
1003366,2021-07-13,719.7,737.0,738.65,718.15,334151.0
1003366,2021-07-30,684.75,690.0,693.25,675.35,219891.0
1003366,2021-08-05,701.4,700.6,707.9,690.1,330434.0
1003366,2021-08-09,652.4,680.5,681.85,647.0,505605.0
1003366,2021-10-29,729.2,702.0,736.55,697.0,361973.0
1003366,2021-11-15,836.25,858.9,866.45,826.25,299722.0
1003366,2021-12-21,695.75,690.0,705.3,690.0,105150.0
1003366,2021-12-29,697.75,701.0,702.65,695.15,95408.0
1003366,2021-02-01,305.3,304.4,308.0,293.85,204907.0
1003366,2021-03-09,442.9,451.1,462.35,433.3,395771.0
1003366,2021-01-14,289.85,292.55,296.45,288.9,143576.0
1003366,2021-01-19,294.6,290.0,300.0,290.0,173500.0
1003366,2021-02-16,408.75,418.5,422.95,404.5,130102.0
1003366,2021-02-25,405.6,410.9,412.4,404.25,88073.0
1003366,2021-03-05,424.3,443.0,445.6,420.7,265753.0
1003366,2021-03-12,443.65,450.1,479.0,438.5,504726.0
1003366,2021-04-01,427.5,424.9,434.85,420.45,332351.0
1003366,2021-04-12,474.5,505.0,509.65,462.25,517226.0
1003366,2021-04-23,490.05,503.0,511.9,487.0,300405.0
1003366,2021-05-14,633.35,615.0,659.7,594.2,3305509.0
1003366,2021-06-30,718.4,709.9,732.0,706.65,596631.0
1003366,2021-08-20,638.8,646.0,650.0,631.95,217539.0
1003366,2021-09-29,691.1,696.0,704.15,688.25,156286.0
1003366,2021-10-07,719.55,712.0,727.9,711.15,703293.0
1003366,2021-11-23,820.1,788.0,826.1,757.0,340808.0
1003366,2021-11-30,728.5,725.0,775.0,718.35,820536.0
1003366,2021-12-09,726.7,744.7,744.7,723.0,155103.0
1003366,2021-03-25,414.8,410.0,421.85,400.0,212372.0
1003366,2021-03-30,417.65,411.65,424.9,409.0,357717.0
1003366,2021-04-06,416.3,416.0,425.0,415.0,106424.0
1003366,2021-04-16,508.4,491.8,520.0,491.8,506061.0
1003366,2021-05-24,739.15,723.8,794.4,712.85,1629154.0
1003366,2021-06-02,716.15,711.3,735.0,700.0,424983.0
1003366,2021-07-01,734.75,722.8,750.0,722.8,899657.0
1003366,2021-07-23,695.2,700.0,700.95,685.05,342418.0
1003366,2021-08-04,693.25,717.8,724.0,685.65,498066.0
1003366,2021-09-01,651.85,666.75,667.85,642.15,273266.0
1003366,2021-09-07,669.5,676.9,678.0,661.15,168415.0
1003366,2021-09-24,698.6,707.0,709.45,691.0,283175.0
1003366,2021-12-15,717.5,716.0,722.0,712.9,117849.0
1003366,2021-12-16,721.7,724.0,733.0,715.3,113295.0
1003366,2021-12-17,709.55,719.8,723.1,701.85,141071.0
1003366,2022-01-07,690.0,704.95,704.95,688.0,356563.0
1003366,2021-02-02,324.1,307.75,325.0,306.05,482686.0
1003366,2021-01-28,293.7,290.5,296.95,290.5,67596.0
1003366,2021-03-31,417.45,424.0,424.0,416.0,112400.0
1003366,2021-02-18,414.4,412.3,420.0,409.6,155594.0
1003366,2021-02-26,401.75,400.0,405.55,396.0,95287.0
1003366,2021-04-08,476.4,454.0,484.8,449.8,876156.0
1003366,2021-05-10,573.05,583.4,590.2,570.0,334724.0
1003366,2021-04-30,528.45,492.05,542.0,492.05,1089885.0
1003366,2021-06-08,713.3,701.0,718.0,690.1,402900.0
1003366,2021-09-16,706.3,708.95,715.65,703.0,430026.0
1003366,2021-05-19,696.25,635.0,702.0,633.8,2736787.0
1003366,2021-06-21,684.45,685.0,701.85,671.2,316256.0
1003366,2021-10-05,715.75,723.6,734.5,712.0,313769.0
1003366,2021-07-19,704.35,706.2,711.0,700.0,358002.0
1003366,2021-10-25,704.05,716.0,719.4,690.0,446933.0
1003366,2021-07-22,694.85,701.0,710.0,694.0,329921.0
1003366,2021-11-02,758.05,740.85,767.75,735.55,572616.0
1003366,2021-08-02,689.7,684.9,695.95,683.55,269462.0
1003366,2021-12-13,720.6,734.0,735.0,719.0,238056.0
1003366,2021-08-03,710.0,695.8,722.5,694.25,754651.0
1003366,2021-12-23,700.8,704.95,710.7,699.0,64505.0
1003366,2021-09-15,708.5,720.0,722.0,706.0,295739.0
1003366,2022-01-11,690.95,694.8,697.0,690.05,251407.0
1003366,2021-10-12,745.3,758.4,758.4,735.5,420047.0
1003366,2022-01-13,700.4,698.0,713.2,678.7,2016314.0
1003366,2022-01-18,721.0,740.0,743.55,715.35,397204.0
1003366,2021-01-15,289.6,288.2,292.95,283.35,217554.0
1003366,2021-01-21,301.4,318.0,320.8,299.0,327002.0
1003366,2021-03-22,420.2,426.7,437.0,415.8,249238.0
1003366,2021-05-28,729.9,723.05,756.0,723.05,587368.0
1003366,2021-07-06,714.95,727.6,731.95,711.25,272082.0
1003366,2021-07-26,675.5,690.0,694.0,672.55,647289.0
1003366,2021-08-13,652.75,666.3,666.3,651.0,161746.0
1003366,2021-10-22,715.1,722.0,731.65,708.6,555477.0
1003366,2021-10-26,713.85,704.05,725.75,701.7,494458.0
1003366,2021-11-04,760.4,761.0,768.9,758.0,117940.0
1003366,2021-11-12,851.4,845.6,859.0,829.9,337730.0
1003366,2021-11-16,837.9,840.5,843.55,825.6,195908.0
1003366,2022-01-17,736.15,737.0,739.4,715.55,459573.0
1003366,2022-02-11,682.3,680.0,692.0,680.0,123186.0
1003366,2022-02-17,662.55,678.0,682.95,660.0,115483.0
1003366,2022-01-24,683.2,702.0,702.0,667.05,614721.0
1003366,2022-02-23,664.3,660.8,673.0,660.8,101026.0
1003366,2022-03-16,652.6,661.1,674.75,650.0,173274.0
1003366,2022-03-25,647.1,652.0,660.0,643.65,126749.0
1003366,2022-03-30,631.7,635.0,636.05,624.0,215054.0
1003366,2022-05-09,647.35,647.95,660.0,630.0,131350.0
1003366,2022-04-13,698.55,708.0,717.7,696.0,144699.0
1003366,2022-07-05,592.45,602.0,602.8,590.0,54283.0
1003366,2022-05-18,650.85,665.0,672.0,647.65,147350.0
1003366,2022-06-09,603.8,602.25,612.0,597.25,154748.0
1003366,2022-01-27,673.0,684.9,684.9,658.95,269330.0
1003366,2022-01-31,678.55,707.0,707.0,673.7,177208.0
1003366,2022-05-06,649.45,658.75,666.15,646.0,230965.0
1003366,2022-05-17,652.55,659.0,659.0,647.65,86833.0
1003366,2022-05-23,634.75,647.7,650.0,628.5,156705.0
1003366,2022-06-30,598.15,603.8,609.15,592.8,46383.0
1003366,2022-02-09,689.55,700.8,706.9,685.0,104791.0
1003366,2022-03-14,658.15,668.0,668.0,646.55,101430.0
1003366,2022-03-17,654.55,665.95,669.0,651.5,257232.0
1003366,2022-03-24,651.1,663.0,663.9,650.0,136965.0
1003366,2022-03-28,626.55,647.2,649.7,623.1,196268.0
1003366,2022-05-31,629.55,645.0,649.0,624.5,260821.0
1003366,2022-06-15,600.0,601.05,607.3,598.6,367521.0
1003366,2022-03-10,655.15,643.7,661.45,638.2,235120.0
1003366,2022-02-02,716.45,679.0,719.8,679.0,360035.0
1003366,2022-03-03,627.4,649.0,653.75,626.0,118981.0
1003366,2022-02-03,715.05,723.0,742.7,705.0,408184.0
1003366,2022-04-08,711.3,706.8,720.0,702.6,189954.0
1003366,2022-03-07,607.45,611.8,615.0,602.0,192472.0
1003366,2022-04-11,711.05,716.7,730.0,706.55,226626.0
1003366,2022-03-15,656.1,664.8,675.0,653.9,89412.0
1003366,2022-05-13,630.15,640.0,654.0,625.2,177897.0
1003366,2022-04-12,705.7,712.7,718.15,696.6,180237.0
1003366,2022-04-19,674.3,693.8,697.65,660.65,224364.0
1003366,2022-05-24,624.65,637.8,642.4,621.9,131294.0
1003366,2022-04-22,688.0,696.35,704.85,682.45,174488.0
1003366,2022-05-26,625.05,633.95,640.0,619.0,198705.0
1003366,2022-04-27,657.15,666.0,667.9,651.7,117016.0
1003366,2022-07-11,588.45,594.4,594.65,581.65,326672.0
1003366,2022-05-16,645.4,643.0,648.0,626.0,133147.0
1003366,2022-07-13,592.85,594.8,598.0,587.5,262332.0
1003366,2022-03-29,623.65,628.7,635.95,621.0,146784.0
1003366,2022-04-05,692.95,689.8,709.0,687.25,425551.0
1003366,2022-05-25,622.1,625.0,633.8,620.0,103224.0
1003366,2022-06-02,635.6,637.05,643.55,631.0,76518.0
1003366,2022-06-07,614.75,609.9,618.0,603.0,223443.0
1003366,2022-07-01,592.95,593.15,603.0,590.15,51385.0
1003366,2022-07-21,612.55,601.05,615.0,601.05,62913.0
1003366,2022-02-08,695.3,710.0,713.85,692.0,180895.0
1003366,2022-02-14,660.3,670.0,675.0,656.0,183702.0
1003366,2022-03-22,659.1,683.8,698.4,655.0,439276.0
1003366,2022-03-31,634.25,636.0,646.85,631.2,236959.0
1003366,2022-04-07,700.05,723.4,725.0,695.0,297905.0
1003366,2022-04-29,664.45,674.7,674.7,660.0,89785.0
1003366,2022-06-08,602.25,616.95,616.95,597.55,343467.0
1003366,2022-07-07,599.05,599.6,606.5,597.0,51526.0
1003366,2022-07-15,597.2,595.0,599.7,591.9,158793.0
1003366,2022-02-16,674.1,667.45,679.85,665.45,150903.0
1003366,2022-02-25,644.25,626.2,650.0,624.05,202410.0
1003366,2022-02-15,661.6,665.05,676.55,645.0,231295.0
1003366,2022-02-28,643.6,638.0,659.15,617.55,245468.0
1003366,2022-02-18,669.15,656.0,674.25,655.7,93293.0
1003366,2022-04-04,683.45,654.85,700.0,652.1,570040.0
1003366,2022-02-21,666.6,655.65,672.0,655.1,141272.0
1003366,2022-05-20,634.9,639.0,649.1,625.0,265469.0
1003366,2022-04-21,699.35,687.0,706.3,683.5,367722.0
1003366,2022-06-14,598.45,596.8,614.5,594.65,130946.0
1003366,2022-04-25,673.65,680.0,687.95,670.0,109486.0
1003366,2022-06-20,552.75,589.75,589.75,549.3,240029.0
1003366,2022-07-18,605.2,605.0,620.0,603.0,148180.0
1003366,2022-05-10,645.7,647.0,664.95,641.05,126110.0
1003366,2022-05-19,639.55,643.45,650.0,620.0,112988.0
1003366,2022-07-22,595.0,616.0,616.0,594.0,210142.0
1003366,2022-05-27,633.8,629.0,638.5,629.0,51933.0
1003366,2022-06-13,596.8,597.8,602.55,593.0,172600.0
1003366,2022-06-17,585.5,602.0,602.0,582.6,134892.0
1003366,2022-06-21,563.45,559.0,572.95,559.0,95569.0
1003366,2022-06-29,602.95,614.3,614.95,601.3,81450.0
1003366,2022-07-04,597.35,593.0,604.0,593.0,32036.0
1003366,2022-07-25,593.8,593.05,594.8,589.0,308522.0
1003366,2022-02-24,617.85,654.0,659.0,610.0,339759.0
1003366,2022-03-02,637.35,640.0,653.0,633.65,108773.0
1003366,2022-03-21,678.7,674.0,691.0,656.45,345829.0
1003366,2022-05-05,671.8,684.0,697.8,665.2,189154.0
1003366,2022-07-12,590.8,589.5,597.5,586.55,104181.0
1003366,2022-01-21,702.2,719.0,720.65,694.0,200907.0
1003366,2022-02-07,702.1,713.0,720.75,694.1,163020.0
1003366,2022-04-18,687.05,697.0,710.0,680.95,116140.0
1003366,2022-03-23,660.05,670.0,673.95,658.6,238248.0
1003366,2022-04-06,720.1,691.0,724.9,682.15,534295.0
1003366,2022-04-20,681.3,678.0,692.95,676.8,126341.0
1003366,2022-04-28,668.75,660.0,673.45,653.5,119372.0
1003366,2022-06-10,606.85,599.0,608.7,598.0,98294.0
1003366,2022-07-06,597.6,594.6,599.8,591.25,32915.0
1003366,2022-07-19,609.05,603.0,612.7,600.0,70155.0
1003366,2022-02-10,689.8,694.0,696.35,678.1,83134.0
1003366,2022-03-09,631.8,630.0,639.7,622.0,160721.0
1003366,2022-05-11,625.6,654.0,656.4,615.25,203447.0
1003366,2022-06-22,567.7,565.0,573.0,558.25,73846.0
1003366,2022-06-27,581.9,582.1,585.3,578.6,40361.0
1003366,2022-01-28,685.4,677.0,694.9,676.55,226852.0
1003366,2022-06-28,614.3,583.0,620.0,580.0,243796.0
1003366,2022-07-14,593.15,596.8,597.55,588.9,42516.0
1003366,2022-07-20,605.85,612.8,618.55,604.9,130132.0
1003366,2022-02-01,676.0,681.0,687.7,672.6,315218.0
1003366,2022-03-08,625.35,610.0,637.7,609.45,175853.0
1003366,2022-03-11,662.85,659.95,669.8,649.0,124219.0
1003366,2022-04-01,648.2,635.0,664.0,635.0,335242.0
1003366,2022-04-26,668.2,679.0,684.4,666.05,148200.0
1003366,2022-05-12,627.8,612.0,632.0,611.95,113855.0
1003366,2022-06-01,639.0,633.0,641.0,629.1,115190.0
1003366,2022-06-06,609.9,631.0,635.95,608.4,339693.0
1003366,2022-06-24,575.4,579.0,580.7,571.6,52337.0
1003366,2022-07-08,594.9,604.7,604.7,593.5,66996.0
1003366,2022-07-26,589.7,590.1,594.0,586.85,58246.0
1003366,2022-01-20,719.45,729.8,729.8,715.0,185679.0
1003366,2022-01-25,685.6,671.75,705.0,660.1,340796.0
1003366,2022-02-04,711.35,675.05,721.15,675.0,602725.0
1003366,2022-02-22,660.2,644.0,675.85,644.0,171402.0
1003366,2022-03-04,622.0,624.0,632.4,615.25,235578.0
1003366,2022-05-02,691.4,659.0,696.9,652.35,497961.0
1003366,2022-05-04,673.6,700.0,708.7,665.65,228659.0
1003366,2022-05-30,648.75,643.25,651.6,638.5,98210.0
1003366,2022-06-03,636.05,644.0,644.0,633.1,68523.0
1003366,2022-06-16,600.05,611.0,613.0,597.0,125035.0
1003366,2022-06-23,568.5,577.75,583.75,561.1,97788.0
1003366,2022-09-01,588.95,584.95,593.5,584.0,72230.0
1003366,2022-09-23,586.1,592.8,594.75,583.85,86501.0
1003366,2022-10-07,581.35,584.75,587.95,579.5,102494.0
1003366,2022-10-10,579.75,576.1,582.0,575.0,52606.0
1003366,2022-11-29,556.7,556.25,565.0,555.85,47832.0
1003366,2022-12-09,615.95,620.0,624.85,613.0,151859.0
1003366,2022-12-22,571.2,582.0,603.0,553.25,173765.0
1003366,2023-02-27,550.35,558.55,559.85,548.0,61768.0
1003366,2023-03-16,574.8,565.0,581.45,564.0,90936.0
1003366,2023-03-22,578.3,580.8,584.0,577.3,24201.0
1003366,2023-05-09,607.35,603.9,617.0,603.9,69795.0
1003366,2023-05-11,605.1,608.0,611.55,604.5,45660.0
1003366,2023-07-12,633.9,641.8,643.55,631.5,90866.0
1003366,2023-08-08,684.2,681.0,686.25,675.8,185972.0
1003366,2022-08-19,590.2,600.9,601.95,590.0,356402.0
1003366,2022-08-02,611.55,614.9,618.9,607.0,248278.0
1003366,2022-07-29,604.6,603.75,608.0,596.0,134596.0
1003366,2022-10-21,565.5,568.5,571.65,561.1,58824.0
1003366,2022-08-04,605.1,611.95,616.75,598.6,109770.0
1003366,2022-11-16,565.55,552.45,569.9,551.3,165022.0
1003366,2022-12-16,628.25,618.0,634.9,607.05,331133.0
1003366,2023-01-13,591.35,576.55,597.2,576.55,77855.0
1003366,2023-02-03,616.4,614.0,621.7,606.25,91044.0
1003366,2023-02-09,595.25,610.0,615.8,585.15,115202.0
1003366,2023-04-06,566.3,570.95,573.95,565.1,53708.0
1003366,2023-04-10,562.3,566.25,568.85,557.0,60143.0
1003366,2022-08-22,586.1,588.0,592.9,584.0,137298.0
1003366,2022-08-16,597.3,602.45,602.45,595.1,166336.0
1003366,2022-09-14,599.6,597.0,605.9,596.05,108207.0
1003366,2022-08-30,587.25,588.0,594.9,584.6,176512.0
1003366,2022-11-07,564.25,558.3,568.0,555.45,121656.0
1003366,2022-09-15,602.05,600.1,606.75,600.1,91614.0
1003366,2022-11-28,557.8,550.85,562.0,547.1,87258.0
1003366,2022-10-12,578.1,578.0,579.8,573.0,63269.0
1003366,2022-12-28,581.6,574.95,584.5,567.1,129861.0
1003366,2022-10-24,564.65,565.1,569.8,563.0,53165.0
1003366,2023-02-08,613.1,602.0,622.25,600.05,203350.0
1003366,2022-10-25,552.1,565.5,565.95,551.25,173890.0
1003366,2022-09-30,578.2,575.0,583.5,575.0,51853.0
1003366,2023-03-01,565.9,552.45,568.25,552.45,66895.0
1003366,2022-10-14,577.75,584.45,585.9,576.1,99346.0
1003366,2023-01-31,622.7,607.75,627.0,599.8,165820.0
1003366,2023-03-10,586.05,588.0,597.2,580.0,58440.0
1003366,2022-11-15,550.95,564.95,567.9,548.6,236333.0
1003366,2023-05-03,606.3,604.85,610.9,602.0,101728.0
1003366,2023-02-06,610.9,610.85,618.95,606.05,106093.0
1003366,2022-12-14,620.65,620.2,624.2,615.0,134901.0
1003366,2023-01-25,598.2,601.95,601.95,594.1,66015.0
1003366,2023-02-20,575.7,575.0,582.45,572.45,94076.0
1003366,2023-05-31,630.55,635.0,642.6,617.55,285519.0
1003366,2023-02-07,611.9,610.0,617.0,609.1,47521.0
1003366,2023-02-24,558.55,564.0,573.55,556.55,56996.0
1003366,2023-02-22,572.15,570.0,574.85,567.25,146979.0
1003366,2023-03-02,587.0,566.6,598.2,566.0,306072.0
1003366,2023-06-06,637.25,636.35,640.1,628.8,137281.0
1003366,2023-04-19,590.6,592.25,598.0,587.0,60814.0
1003366,2023-03-08,595.25,575.0,598.35,573.2,194960.0
1003366,2023-05-24,580.65,585.65,587.55,578.65,63056.0
1003366,2023-04-12,588.4,594.7,625.0,584.35,1678865.0
1003366,2023-04-21,590.6,585.3,594.8,582.65,45888.0
1003366,2023-06-07,650.85,637.4,656.0,632.8,353847.0
1003366,2023-05-05,604.85,606.55,610.7,600.15,63567.0
1003366,2023-06-30,671.25,664.9,678.3,662.15,595811.0
1003366,2023-05-18,580.6,597.0,598.9,579.0,120984.0
1003366,2023-07-17,628.2,632.95,641.0,625.05,131114.0
1003366,2023-06-05,636.35,642.7,655.0,633.0,152701.0
1003366,2023-07-20,633.95,637.0,644.8,630.95,218360.0
1003366,2023-06-12,654.5,650.05,675.3,650.05,771982.0
1003366,2023-06-14,660.1,650.6,667.0,649.1,226518.0
1003366,2023-06-26,642.7,640.3,652.1,640.0,115753.0
1003366,2023-07-11,638.45,647.45,647.45,631.0,110558.0
1003366,2022-08-17,598.15,599.9,601.95,596.1,120118.0
1003366,2022-09-06,596.7,599.8,599.8,594.0,63884.0
1003366,2022-09-08,600.3,599.95,608.0,599.0,120871.0
1003366,2022-09-20,587.35,587.2,595.75,585.15,83488.0
1003366,2022-10-06,584.75,589.0,591.0,583.2,61623.0
1003366,2022-11-22,548.8,553.45,557.95,543.35,58556.0
1003366,2022-11-23,549.75,549.15,553.3,545.0,92759.0
1003366,2022-12-02,597.9,565.7,601.95,563.5,851629.0
1003366,2023-01-18,591.6,585.6,593.5,580.5,52872.0
1003366,2023-02-21,574.15,576.0,580.2,572.35,40363.0
1003366,2023-03-20,582.4,565.0,592.35,565.0,125342.0
1003366,2023-03-27,550.2,565.2,566.9,549.0,74842.0
1003366,2023-05-15,599.95,593.3,607.0,593.3,44033.0
1003366,2023-05-30,632.95,641.0,652.0,630.0,575938.0
1003366,2023-07-04,657.15,666.9,670.65,654.95,573431.0
1003366,2023-07-05,649.65,660.45,662.0,645.25,107916.0
1003366,2023-07-14,628.55,635.0,638.3,627.0,81321.0
1003366,2022-08-03,608.8,611.0,613.15,605.0,61520.0
1003366,2022-07-28,597.3,600.0,600.0,592.95,65570.0
1003366,2022-08-29,584.1,563.0,587.0,560.0,100233.0
1003366,2022-09-28,582.35,578.6,591.95,574.65,94845.0
1003366,2022-09-29,578.2,585.8,588.95,576.0,47310.0
1003366,2022-10-27,527.6,552.1,556.9,523.7,323411.0
1003366,2022-11-10,573.1,526.0,585.0,510.0,613898.0
1003366,2022-11-18,568.7,577.0,580.6,560.0,98944.0
1003366,2022-11-25,548.8,553.0,553.0,544.35,38484.0
1003366,2022-12-01,562.7,558.4,569.5,556.9,92600.0
1003366,2022-12-19,614.4,628.1,630.0,610.25,292664.0
1003366,2022-12-29,595.35,576.3,600.0,574.6,120561.0
1003366,2023-02-10,574.2,596.0,599.95,570.0,188287.0
1003366,2023-05-23,584.55,597.3,597.95,583.0,93412.0
1003366,2023-07-03,663.65,674.95,676.95,661.35,131241.0
1003366,2023-08-02,659.15,651.0,661.95,648.0,186231.0
1003366,2022-08-08,635.2,638.7,649.6,627.05,416884.0
1003366,2022-10-19,571.5,568.0,578.1,559.05,193137.0
1003366,2022-11-01,548.8,528.7,554.3,528.7,396122.0
1003366,2022-11-11,572.1,580.0,582.75,564.0,189025.0
1003366,2022-12-15,619.15,623.85,627.85,612.95,107388.0
1003366,2023-01-04,586.3,598.35,599.95,585.0,61195.0
1003366,2023-01-05,590.05,585.95,599.0,582.2,92362.0
1003366,2023-01-16,588.2,592.75,593.4,585.0,41013.0
1003366,2023-01-19,590.3,591.05,598.0,586.25,44887.0
1003366,2023-01-24,599.95,603.0,607.8,597.65,53709.0
1003366,2023-03-17,574.7,576.0,579.0,570.0,39973.0
1003366,2023-04-26,601.35,590.5,607.2,584.2,119028.0
1003366,2023-04-28,591.55,603.55,603.55,584.75,96126.0
1003366,2023-05-02,604.7,594.7,606.0,590.85,127923.0
1003366,2023-05-08,609.45,604.95,613.25,602.05,111440.0
1003366,2023-05-17,588.2,599.5,608.6,583.0,198444.0
1003366,2023-06-02,638.5,645.0,657.8,634.1,554631.0
1003366,2023-06-09,648.2,646.0,653.7,644.0,188831.0
1003366,2023-06-22,657.6,668.0,674.05,655.65,148383.0
1003366,2023-07-06,647.95,652.9,658.0,645.6,94301.0
1003366,2022-09-12,603.4,602.0,612.0,602.0,222778.0
1003366,2022-08-12,599.85,605.0,605.7,597.8,141714.0
1003366,2022-10-03,581.2,577.5,585.4,574.05,99178.0
1003366,2022-10-13,577.9,576.0,581.85,575.0,44245.0
1003366,2022-11-09,567.6,565.0,569.0,560.95,123225.0
1003366,2022-10-04,586.0,587.2,593.65,580.9,92250.0
1003366,2022-11-21,552.3,563.05,565.65,550.5,67468.0
1003366,2022-12-06,632.1,624.45,640.0,608.55,608132.0
1003366,2023-01-09,596.55,605.15,605.15,591.25,67476.0
1003366,2022-12-07,619.1,627.95,631.05,615.0,291145.0
1003366,2023-01-10,591.2,596.55,600.35,588.15,63938.0
1003366,2022-12-23,552.2,567.1,567.1,545.0,157170.0
1003366,2023-01-12,576.55,584.0,585.8,572.6,43939.0
1003366,2023-01-03,598.0,588.05,601.15,587.4,84091.0
1003366,2023-01-17,582.5,588.0,589.1,580.0,33746.0
1003366,2023-02-17,573.8,580.0,605.0,568.0,1221644.0
1003366,2023-03-09,591.15,592.45,598.9,588.0,69915.0
1003366,2023-04-03,554.9,549.5,558.0,546.7,42672.0
1003366,2023-03-21,580.85,585.5,589.5,577.25,43300.0
1003366,2023-04-18,592.25,589.35,598.45,589.35,61055.0
1003366,2023-03-31,542.5,541.95,551.0,541.0,59245.0
1003366,2023-04-20,590.45,591.0,596.4,587.1,85850.0
1003366,2023-05-12,599.95,607.95,607.95,596.9,101074.0
1003366,2023-04-24,594.45,595.3,598.0,583.75,97203.0
1003366,2023-05-26,610.3,611.15,624.9,605.0,1505510.0
1003366,2023-05-10,606.5,607.35,609.95,603.2,50941.0
1003366,2023-07-27,643.35,643.1,645.5,638.65,412997.0
1003366,2023-08-04,661.45,662.0,667.95,658.65,93925.0
1003366,2023-06-01,638.95,632.1,642.35,632.0,191899.0
1003366,2023-06-15,654.35,660.0,660.25,652.0,124495.0
1003366,2023-06-16,660.75,655.95,669.85,655.0,559997.0
1003366,2023-07-07,642.85,649.6,652.1,633.0,213746.0
1003366,2023-07-18,623.95,629.5,638.0,621.1,135597.0
1003366,2023-08-03,661.5,659.15,670.0,655.0,125123.0
1003366,2022-08-11,600.85,624.0,624.55,596.0,364805.0
1003366,2022-09-07,596.55,595.0,598.0,592.2,67043.0
1003366,2022-09-02,593.05,586.0,602.0,586.0,177056.0
1003366,2022-10-20,568.35,569.0,571.7,565.0,78701.0
1003366,2022-10-31,528.2,519.0,531.5,517.85,262015.0
1003366,2022-11-02,554.4,549.95,557.4,546.2,155306.0
1003366,2022-12-13,620.2,618.5,629.0,615.0,157456.0
1003366,2022-12-26,568.95,552.15,577.45,545.0,122288.0
1003366,2023-03-06,575.8,576.95,583.75,575.0,58259.0
1003366,2023-05-04,606.55,606.3,612.0,603.0,72302.0
1003366,2023-05-16,597.25,600.95,615.9,593.35,191498.0
1003366,2023-07-24,630.0,631.1,641.05,627.7,159204.0
1003366,2022-10-11,576.05,581.8,582.8,574.7,86362.0
1003366,2022-11-17,576.5,564.0,577.9,559.05,145439.0
1003366,2022-12-12,615.1,611.0,618.35,603.0,149568.0
1003366,2022-12-20,602.85,612.4,616.0,601.5,134766.0
1003366,2022-12-30,596.25,596.2,604.0,584.2,119485.0
1003366,2023-01-23,601.75,589.15,609.5,589.15,253378.0
1003366,2023-01-27,603.7,596.35,606.1,590.1,133796.0
1003366,2023-03-14,575.7,579.6,587.0,572.5,59185.0
1003366,2023-03-24,563.9,572.0,576.65,561.0,37497.0
1003366,2023-04-13,591.5,593.0,595.65,585.0,113127.0
1003366,2023-05-29,637.3,612.5,663.4,612.5,3253882.0
1003366,2023-06-21,663.95,665.0,669.75,661.25,364808.0
1003366,2023-06-28,661.4,669.0,671.0,659.55,355721.0
1003366,2023-07-28,660.15,644.95,661.95,643.05,240896.0
1003366,2023-08-01,650.25,658.55,663.7,648.0,691929.0
1003366,2022-08-24,580.6,588.0,592.0,579.7,378907.0
1003366,2022-07-27,590.25,589.7,594.0,585.5,144080.0
1003366,2022-11-14,564.9,569.0,569.0,561.75,86668.0
1003366,2022-12-27,569.25,579.0,586.7,564.0,254644.0
1003366,2023-02-13,579.15,584.8,584.8,560.65,125464.0
1003366,2023-02-14,576.7,582.2,582.2,572.0,42767.0
1003366,2023-02-23,564.25,571.45,574.4,562.5,159429.0
1003366,2023-03-23,573.8,577.75,581.1,570.0,50808.0
1003366,2023-04-17,593.2,587.0,599.6,581.0,107806.0
1003366,2023-04-27,597.6,601.1,602.95,595.25,41653.0
1003366,2023-07-26,639.25,648.4,648.4,638.0,85009.0
1003366,2022-08-10,608.4,603.0,611.8,592.0,835068.0
1003366,2022-08-25,581.3,582.0,586.1,580.0,76993.0
1003366,2022-09-13,606.45,605.95,614.5,602.1,228816.0
1003366,2022-09-19,584.7,595.0,599.7,584.0,139693.0
1003366,2022-09-22,590.2,592.8,599.0,588.5,102650.0
1003366,2022-09-26,577.6,581.6,585.0,571.5,116938.0
1003366,2022-10-18,567.1,572.0,573.85,560.0,124293.0
1003366,2022-12-05,623.3,601.1,629.9,601.1,1180731.0
1003366,2023-01-02,592.35,592.1,601.55,588.45,92128.0
1003366,2023-01-06,593.2,590.8,598.1,590.45,110297.0
1003366,2023-01-11,582.6,588.0,593.35,580.0,28393.0
1003366,2023-02-01,611.05,624.9,632.65,601.8,149349.0
1003366,2023-02-28,552.45,553.2,571.3,545.0,116106.0
1003366,2023-03-03,576.4,587.9,589.7,573.25,100068.0
1003366,2023-04-11,587.0,567.9,589.8,563.25,202012.0
1003366,2023-05-19,572.25,583.7,589.4,564.6,183886.0
1003366,2023-05-25,585.55,583.95,592.0,578.1,99414.0
1003366,2023-06-08,645.75,653.0,658.35,637.4,210847.0
1003366,2023-06-20,664.5,665.0,669.9,661.0,141619.0
1003366,2023-06-27,665.0,644.0,668.65,643.95,304619.0
1003366,2023-07-10,644.1,643.0,650.8,636.1,131259.0
1003366,2023-07-13,633.5,637.15,641.85,631.0,81655.0
1003366,2023-07-21,631.65,637.0,637.0,625.0,524104.0
1003366,2022-08-05,633.45,607.9,643.5,607.4,717769.0
1003366,2022-08-01,612.1,610.0,615.0,602.0,141278.0
1003366,2022-08-18,598.25,597.0,602.4,595.6,155398.0
1003366,2022-08-26,580.6,584.7,587.85,578.35,90564.0
1003366,2022-09-09,601.35,603.55,606.45,598.2,80502.0
1003366,2022-09-21,593.95,590.9,597.0,587.35,108610.0
1003366,2022-09-27,579.95,580.0,585.0,575.0,85778.0
1003366,2022-10-28,517.0,527.6,527.6,513.15,198867.0
1003366,2022-11-03,553.45,552.9,558.4,551.3,91021.0
1003366,2022-11-24,550.2,551.55,552.85,547.05,85989.0
1003366,2022-11-30,555.45,558.7,562.65,551.7,44390.0
1003366,2022-12-08,618.7,614.0,630.0,603.0,303685.0
1003366,2022-12-21,580.35,602.8,607.0,575.0,226305.0
1003366,2023-01-30,604.8,605.0,615.0,600.05,87228.0
1003366,2023-02-02,614.25,606.0,627.0,605.5,87810.0
1003366,2023-03-13,579.65,581.05,584.6,575.0,45604.0
1003366,2023-03-28,537.05,550.2,551.95,535.3,59140.0
1003366,2023-03-29,540.35,537.05,542.4,533.05,76687.0
1003366,2023-04-05,570.95,563.2,579.0,559.0,146105.0
1003366,2023-04-25,587.4,598.0,599.0,585.1,44501.0
1003366,2023-06-13,647.15,657.5,662.9,643.0,176885.0
1003366,2023-06-19,671.8,664.0,695.7,663.05,781331.0
1003366,2023-07-25,645.3,631.05,648.3,629.55,200654.0
1003366,2023-07-31,655.2,667.75,669.75,651.2,170939.0
1003366,2023-08-07,677.5,662.0,683.0,662.0,312837.0
1003366,2022-08-23,585.5,580.8,592.3,578.15,127642.0
1003366,2022-09-05,596.2,599.0,601.4,594.15,101061.0
1003366,2022-09-16,595.55,603.0,608.0,591.05,186785.0
1003366,2022-10-17,570.2,577.0,579.85,567.1,72472.0
1003366,2022-11-04,555.5,552.0,560.0,551.95,67964.0
1003366,2023-01-20,590.5,590.25,598.0,586.95,48601.0
1003366,2023-02-15,575.3,578.95,581.9,573.0,59935.0
1003366,2023-02-16,580.55,576.5,583.5,576.15,49461.0
1003366,2023-03-15,567.5,578.7,584.35,564.5,42082.0
1003366,2023-05-22,594.2,572.0,604.85,571.05,321894.0
1003366,2023-06-23,640.3,660.55,663.0,637.1,125321.0
1003366,2023-07-19,630.4,625.1,632.0,625.1,77689.0
1003366,2023-08-11,689.9,691.95,708.8,652.0,1089288.0
1003366,2023-08-23,690.95,695.8,697.85,690.0,16382.0
1003366,2023-08-14,677.0,680.0,685.0,661.0,286930.0
1003366,2023-08-21,689.5,678.0,694.95,678.0,122511.0
1003366,2023-08-10,706.65,680.3,723.65,678.5,1414968.0
1003366,2023-08-22,692.2,693.45,700.5,688.55,180059.0
1003366,2023-08-09,681.05,686.7,686.7,673.05,126435.0
1003366,2023-08-17,680.05,687.0,690.0,675.1,154856.0
1003366,2023-08-16,682.7,679.95,689.45,670.95,112758.0
1003366,2023-08-18,682.6,680.0,686.9,664.15,133605.0
