stockid,date,close,open,high,low,volume
431628,2021-01-21,106.875,109.65,111.3,106.275,4901511.0
431628,2021-02-01,103.4625,100.575,104.175,98.625,8301047.0
431628,2021-01-12,108.3,105.9,108.6,105.7875,5831742.0
431628,2021-02-10,110.1,109.65,111.4875,109.05,3996999.0
431628,2021-02-25,107.6625,105.375,108.375,102.9,14806990.0
431628,2021-02-26,101.625,106.7625,106.7625,100.8,10133891.0
431628,2021-04-20,94.2,95.25,96.0,93.7125,3303665.0
431628,2021-03-04,109.3125,108.5625,113.0625,108.075,15038828.0
431628,2021-05-27,107.1375,106.5,107.625,105.0,5234609.0
431628,2021-04-01,99.5625,99.15,99.825,98.325,3582988.0
431628,2021-04-06,98.925,98.3625,100.2,97.425,4047771.0
431628,2021-05-04,96.9,96.0,99.3375,96.0,4366671.0
431628,2021-01-22,105.075,107.1,108.0,104.1,4113131.0
431628,2021-02-03,111.3,108.3375,112.2,106.6875,7049551.0
431628,2021-02-05,110.7,115.875,116.25,109.9125,7112649.0
431628,2021-04-07,100.425,99.0375,100.6875,98.4,3577854.0
431628,2021-04-08,99.1875,101.1375,101.625,98.7,3452550.0
431628,2021-04-27,96.075,96.0,96.5625,94.875,2531062.0
431628,2021-04-28,96.4125,96.675,97.275,96.0375,2237389.0
431628,2021-05-03,95.5125,95.625,96.8625,94.575,2661790.0
431628,2021-05-20,105.6375,106.8375,106.8375,104.625,2600658.0
431628,2021-05-24,108.45,108.3,109.6125,107.1375,3348843.0
431628,2021-01-04,103.05,102.3375,103.275,100.65,3890544.0
431628,2021-01-11,106.5375,108.6,109.2375,105.6,5001175.0
431628,2021-01-15,109.05,107.625,110.925,107.5125,9143479.0
431628,2021-03-08,109.8375,108.3375,110.6625,107.775,3511755.0
431628,2021-03-18,105.9375,110.6625,111.3375,104.85,8645715.0
431628,2021-03-19,107.3625,105.075,108.3375,103.1625,13599507.0
431628,2021-03-31,98.3625,96.75,99.1875,96.525,4535373.0
431628,2021-01-19,110.625,105.675,111.0,105.525,6869319.0
431628,2021-01-05,104.325,102.225,104.7375,101.775,5860359.0
431628,2021-05-12,104.7,106.6125,108.675,103.95,5397872.0
431628,2021-01-07,107.2875,106.875,108.4875,106.425,5184074.0
431628,2021-05-31,109.425,111.0,111.0,108.225,7184396.0
431628,2021-06-01,109.0875,109.425,110.625,107.775,2620511.0
431628,2021-01-08,108.5625,108.6,109.65,107.55,6342470.0
431628,2021-02-22,104.625,109.0125,109.2,103.5375,9830165.0
431628,2021-04-13,98.25,94.2375,98.8125,94.0875,7063299.0
431628,2021-04-19,94.1625,93.75,94.5,93.075,5191475.0
431628,2021-05-05,97.5375,97.5,98.175,96.6,1854983.0
431628,2021-01-06,105.7875,104.6625,106.8,103.95,7154837.0
431628,2021-01-18,105.675,108.75,109.125,104.5125,6558045.0
431628,2021-01-28,103.65,99.1125,104.2125,99.1125,7415427.0
431628,2021-02-12,110.475,110.175,111.45,108.9,4556879.0
431628,2021-03-02,105.0,104.7,106.725,103.8,7893367.0
431628,2021-03-23,104.6625,104.475,105.825,103.8375,6407438.0
431628,2021-03-25,98.0625,101.4375,101.625,96.7875,5656450.0
431628,2021-04-15,96.075,98.0625,99.075,94.875,6320687.0
431628,2021-05-06,97.95,97.6125,98.4,97.2375,2448896.0
431628,2021-05-28,109.6125,106.725,110.5125,106.65,5728651.0
431628,2021-06-03,111.1125,111.4125,112.125,110.475,2234377.0
431628,2021-01-01,101.025,100.5,101.625,100.5,2172586.0
431628,2021-02-02,107.775,104.325,108.3375,104.325,5735905.0
431628,2021-02-24,103.6875,104.7375,106.2375,98.475,4422985.0
431628,2021-05-10,101.625,99.0,102.225,98.775,4718149.0
431628,2021-05-14,104.25,105.15,106.35,103.3875,4277642.0
431628,2021-01-14,107.6625,107.775,109.2,106.5,3551475.0
431628,2021-01-20,109.5,110.5125,110.55,108.0,4189222.0
431628,2021-01-27,102.4125,103.05,104.4375,100.5375,6306932.0
431628,2021-02-11,109.5375,110.025,110.9625,109.125,1628327.0
431628,2021-03-09,110.7,110.4,112.725,109.125,9193007.0
431628,2021-03-10,113.4,111.375,113.85,111.375,11196096.0
431628,2021-03-16,115.875,115.3125,116.5875,114.75,6612160.0
431628,2021-03-22,104.4,105.75,107.0625,104.0625,4962230.0
431628,2021-03-24,101.4,103.875,105.0375,101.2125,4313772.0
431628,2021-04-26,96.225,94.5375,96.525,94.5375,2550286.0
431628,2021-05-18,106.6875,107.175,108.2625,105.8625,3225308.0
431628,2021-05-26,106.05,107.625,107.85,105.9,2177829.0
431628,2021-06-02,111.225,109.35,111.4875,109.05,3419557.0
431628,2021-01-13,107.5125,109.2375,109.5,105.225,5516287.0
431628,2021-02-17,113.775,115.0875,116.4375,113.3625,4985891.0
431628,2021-03-15,114.525,113.8125,115.0125,112.05,7670275.0
431628,2021-05-11,106.05,101.2125,106.875,100.65,10039209.0
431628,2021-05-19,106.35,106.575,108.4875,105.75,3147333.0
431628,2021-02-08,111.825,110.925,112.125,110.025,3368352.0
431628,2021-02-15,114.5625,111.15,115.425,111.0,7669917.0
431628,2021-02-19,109.275,115.4625,115.6125,107.625,7603110.0
431628,2021-03-01,104.2125,102.4125,104.925,102.225,4942999.0
431628,2021-03-03,109.6875,107.1,110.1375,105.15,13740122.0
431628,2021-03-05,107.2875,109.4625,110.25,106.425,8731097.0
431628,2021-03-12,113.2875,113.5125,115.8375,112.0875,9563229.0
431628,2021-03-30,96.4125,99.0,99.825,95.85,5197773.0
431628,2021-05-21,108.15,106.3875,109.2375,105.6375,4920322.0
431628,2021-02-04,114.15,111.3375,114.675,109.95,9356222.0
431628,2021-02-09,109.9125,110.7375,112.725,109.2,6252080.0
431628,2021-04-09,99.075,99.0,100.2,98.25,2135313.0
431628,2021-04-22,94.0125,93.6375,94.35,93.0375,3107658.0
431628,2021-04-23,94.7625,93.75,95.4,93.75,2510618.0
431628,2021-01-25,103.35,106.575,107.1375,102.75,3391888.0
431628,2021-02-16,115.275,115.4625,117.225,114.375,5294198.0
431628,2021-02-18,115.6125,114.0,117.75,113.85,6647711.0
431628,2021-04-05,97.65,99.6375,99.6375,96.15,4680625.0
431628,2021-04-16,95.325,96.0,96.75,95.025,2505833.0
431628,2021-05-17,106.1625,104.9625,106.5,104.1,3357816.0
431628,2021-01-29,99.375,103.6125,104.025,98.4375,6065658.0
431628,2021-05-25,107.325,108.75,109.2375,107.0625,3055334.0
431628,2021-04-29,95.8875,97.2,99.7125,95.55,5748163.0
431628,2021-04-30,96.075,94.6875,98.25,94.575,4022431.0
431628,2021-05-07,98.4,98.85,99.3,97.65,2418160.0
431628,2021-02-23,104.7375,105.0,106.8,103.95,6858197.0
431628,2021-03-17,113.3625,115.575,115.875,112.875,5568882.0
431628,2021-03-26,98.475,98.9625,100.2,97.9875,3135272.0
431628,2021-04-12,93.7875,97.8375,97.8375,91.6125,9144656.0
431628,2021-06-09,122.9625,115.9875,125.85,114.5625,24224713.0
431628,2021-06-08,115.9875,116.1,117.525,114.9375,7444855.0
431628,2021-07-16,113.7375,0.0,114.525,112.7625,2332969.0
431628,2021-07-08,107.5875,108.15,110.5875,107.25,4384649.0
431628,2021-07-15,113.0625,111.0,114.75,111.0,6234301.0
431628,2021-08-04,115.8,0.0,117.75,115.0125,1942933.0
431628,2021-08-09,115.0125,0.0,117.975,114.225,3077953.0
431628,2021-08-26,108.075,0.0,109.5375,107.625,2308357.0
431628,2021-09-01,114.45,0.0,115.5,113.2875,2980739.0
431628,2021-09-14,118.0875,119.4375,119.625,117.5625,2991055.0
431628,2021-09-22,114.45,114.0375,115.8,113.775,1362072.0
431628,2021-10-06,117.975,122.4375,122.4375,117.0,5051832.0
431628,2021-10-28,112.5375,117.0,117.4875,111.6375,4785850.0
431628,2021-11-01,112.65,113.1,113.9625,110.325,6806097.0
431628,2021-11-02,113.4,113.2875,114.8625,113.025,3923448.0
431628,2022-01-14,104.4,105.0375,105.375,104.1375,2121624.0
431628,2022-05-24,88.57499999999999,89.69999999999999,89.85,88.0875,2167994.0
431628,2022-05-26,89.025,88.35,89.5875,86.0625,3939667.0
431628,2022-06-09,88.5,88.725,88.98750000000001,88.1625,1504976.0
431628,2022-06-29,90.0,89.5875,90.2625,88.9125,2219321.0
431628,2022-07-04,96.7875,94.8375,97.2,94.2375,6702390.0
431628,2022-07-05,96.1875,97.35,97.875,95.25,26753478.0
431628,2022-08-26,108.6,108.9,109.7,108.3,6251906.0
431628,2022-09-08,106.45,108.45,108.45,105.95,4552160.0
431628,2022-09-15,106.4,105.5,106.9,104.95,4457007.0
431628,2022-10-04,93.65,92.9,94.0,92.5,6252237.0
431628,2022-11-28,110.25,109.75,113.8,109.45,29859790.0
431628,2022-11-30,110.35,109.85,111.0,109.45,11415274.0
431628,2022-12-27,113.45,114.5,115.45,112.3,7594964.0
431628,2023-03-01,115.05,114.75,115.55,113.85,7363118.0
431628,2023-03-08,124.65,120.8,125.2,120.15,12807032.0
431628,2023-03-09,126.05,124.95,128.45,124.7,13020658.0
431628,2023-03-17,118.35,118.0,118.95,115.65,17093755.0
431628,2023-04-06,118.75,117.2,119.65,116.7,5950739.0
431628,2023-04-10,124.05,119.1,124.45,118.55,13996876.0
431628,2023-05-04,136.9,136.7,140.8,136.25,12035888.0
431628,2023-05-29,135.85,134.5,137.8,134.0,11395309.0
431628,2023-06-01,140.6,142.15,142.45,140.4,6036123.0
431628,2023-06-02,144.25,141.75,145.2,141.45,11032233.0
431628,2023-07-03,166.25,166.2,168.0,163.65,9381695.0
431628,2023-07-07,165.9,166.4,166.8,164.3,6167119.0
431628,2023-08-03,199.55,195.0,200.9,193.65,17437906.0
431628,2023-08-22,238.35,239.85,243.2,237.15,17249691.0
431628,2021-08-23,105.4125,0.0,109.05,105.075,3115684.0
431628,2021-09-28,119.475,114.3375,121.5,113.775,10607974.0
431628,2021-11-04,114.975,115.425,115.4625,114.6375,446439.0
431628,2021-11-11,112.35,113.475,113.775,110.325,4257381.0
431628,2022-01-10,105.075,102.4875,105.375,102.4875,5014297.0
431628,2022-03-07,90.525,91.5,91.8,89.36250000000001,3937409.0
431628,2022-03-16,92.55,92.2125,92.8125,91.9125,3988662.0
431628,2022-04-27,95.2875,95.9625,96.15,94.95,1857284.0
431628,2022-07-15,91.2,91.05,91.3875,90.075,1822836.0
431628,2022-08-02,100.7625,99.75,101.1375,99.15,3193934.0
431628,2022-08-10,100.2,100.125,100.5,99.225,2784496.0
431628,2022-09-20,103.55,104.2,104.2,103.15,2623827.0
431628,2022-10-31,102.55,101.25,103.1,99.7,18175401.0
431628,2022-12-23,108.75,112.0,112.45,108.25,12678874.0
431628,2023-01-23,124.35,124.95,124.95,123.8,3611592.0
431628,2023-02-08,120.85,121.25,121.5,119.75,7409779.0
431628,2023-02-10,117.0,117.0,118.2,116.5,3526586.0
431628,2023-02-15,115.85,113.3,116.25,113.1,5573008.0
431628,2023-05-19,129.8,130.25,130.55,127.4,7924933.0
431628,2023-06-14,153.7,155.4,155.95,152.95,7737722.0
431628,2023-08-09,217.85,218.35,219.45,213.1,21739954.0
431628,2021-06-07,115.2,113.7375,115.65,113.1,3639363.0
431628,2021-06-30,111.4125,107.4375,113.2125,106.5375,20432025.0
431628,2021-09-16,117.225,119.4,119.6625,116.7375,2961601.0
431628,2021-11-15,106.575,109.425,109.425,106.35,4585154.0
431628,2021-11-16,105.0,106.875,107.025,104.55,5801254.0
431628,2021-11-18,102.1875,104.1,104.55,102.075,3520481.0
431628,2021-12-03,99.4125,100.425,101.4375,99.075,12538572.0
431628,2021-12-10,102.1875,101.3625,102.7125,100.65,9120258.0
431628,2021-12-17,98.475,100.9125,100.95,97.275,11375334.0
431628,2022-01-28,101.4,101.775,103.4625,101.1,3619736.0
431628,2022-02-11,104.2125,105.1875,105.75,103.9875,4483378.0
431628,2022-03-24,93.825,94.35,95.175,93.6,2771423.0
431628,2022-03-29,92.0625,92.5875,93.3375,91.6125,2292730.0
431628,2022-04-12,98.1,100.3125,100.3125,97.425,3342317.0
431628,2022-05-11,88.94999999999999,90.75,91.1625,87.30000000000001,4742771.0
431628,2022-05-23,89.25,89.2125,90.15,88.42500000000001,2796600.0
431628,2022-05-25,87.3375,88.80000000000001,89.17500000000001,87.07499999999999,1780565.0
431628,2022-07-22,94.6125,94.6875,94.9125,94.3125,2168564.0
431628,2022-07-26,94.9125,96.5625,96.675,94.8,2223735.0
431628,2022-08-03,100.3125,100.8,101.1375,99.0,2311178.0
431628,2022-08-22,103.35,104.8,104.8,103.2,3119733.0
431628,2022-09-16,104.05,106.9,107.65,102.7,14638356.0
431628,2022-09-29,94.25,96.1,96.6,93.3,8961792.0
431628,2022-10-07,95.15,95.5,95.5,94.4,3603038.0
431628,2022-11-23,99.6,100.1,100.35,99.45,7302106.0
431628,2022-11-24,103.3,99.95,103.75,99.7,18875982.0
431628,2022-12-07,113.05,110.8,113.5,110.65,16848824.0
431628,2022-12-08,114.3,113.65,115.0,113.2,13925336.0
431628,2022-12-14,113.3,112.3,114.05,112.05,7451278.0
431628,2023-01-02,120.4,117.8,120.75,117.0,19310744.0
431628,2023-02-03,118.75,118.25,119.0,115.5,6938807.0
431628,2023-03-24,115.15,117.4,117.5,114.8,4063763.0
431628,2023-04-03,117.1,116.15,117.3,115.65,3774391.0
431628,2023-05-26,133.45,133.0,133.85,132.05,6649980.0
431628,2023-06-06,146.15,145.5,146.4,142.9,5730697.0
431628,2023-06-07,146.55,146.6,147.35,146.15,3927043.0
431628,2023-06-12,154.6,149.6,155.1,148.8,14649620.0
431628,2023-06-13,154.9,155.15,156.2,151.8,12418368.0
431628,2023-06-26,156.25,157.0,159.4,155.2,10223521.0
431628,2023-06-27,161.0,157.0,161.6,156.6,13863522.0
431628,2023-08-01,200.0,203.0,204.55,198.0,16275497.0
431628,2021-07-14,110.9625,111.675,111.7125,110.175,2628532.0
431628,2021-08-18,111.0375,0.0,112.425,110.5125,3540283.0
431628,2021-09-09,117.975,117.15,119.8125,117.15,4514012.0
431628,2021-09-20,113.475,116.25,117.2625,113.25,1978975.0
431628,2021-12-31,100.35,98.325,100.875,98.325,2388878.0
431628,2022-01-21,99.675,103.275,103.5,99.1125,2883504.0
431628,2022-01-27,100.8,98.625,101.1,97.95,4532825.0
431628,2022-02-22,92.8125,93.0375,93.525,91.2,4187301.0
431628,2022-03-28,92.2875,93.1875,93.525,91.425,3180102.0
431628,2022-03-31,92.2875,92.9625,92.9625,91.95,5004579.0
431628,2022-04-05,99.3,99.1875,99.7125,97.8,3690481.0
431628,2022-04-11,100.425,100.425,100.95,99.7125,1993310.0
431628,2022-05-31,89.36250000000001,90.0,90.3375,88.875,9252148.0
431628,2022-06-07,87.1875,86.25,87.6,85.98750000000001,2612111.0
431628,2022-06-13,85.76249999999999,87.26249999999999,87.5625,85.61250000000001,3663186.0
431628,2022-07-25,96.075,94.8,96.525,94.725,3142436.0
431628,2022-07-27,96.975,94.9875,97.0875,94.9875,3520780.0
431628,2022-08-23,105.4,102.65,105.65,102.5,3954118.0
431628,2022-10-24,94.65,94.95,94.95,94.2,1462832.0
431628,2022-10-27,96.5,95.2,97.0,94.3,17893756.0
431628,2022-11-11,99.9,100.4,101.15,99.15,10433369.0
431628,2022-12-15,114.2,113.5,115.6,112.85,14198423.0
431628,2023-01-30,115.95,115.3,118.55,114.75,7768757.0
431628,2023-02-27,111.9,112.9,113.0,110.75,4467937.0
431628,2023-02-28,114.3,112.2,115.0,111.95,9034566.0
431628,2023-03-03,118.15,116.5,118.9,116.5,7553470.0
431628,2023-03-06,121.45,118.75,122.25,118.25,9315446.0
431628,2023-03-10,122.4,126.05,126.05,121.25,10105366.0
431628,2023-03-29,115.75,114.05,116.0,113.8,3240893.0
431628,2023-04-27,125.1,125.2,125.8,124.45,3724514.0
431628,2023-05-25,133.0,130.8,133.35,130.5,7354404.0
431628,2023-06-09,149.05,145.9,149.45,145.2,8270232.0
431628,2023-06-22,159.05,163.9,163.9,156.5,14009571.0
431628,2023-07-24,172.95,163.1,175.65,162.35,37880425.0
431628,2023-07-31,202.95,194.7,203.85,193.05,28733969.0
431628,2023-08-23,238.6,239.25,240.5,238.0,3468120.0
431628,2021-06-16,117.0375,117.7125,119.9625,116.55,6333625.0
431628,2021-07-02,108.3375,109.1625,109.875,108.225,2892820.0
431628,2021-07-05,109.3875,108.675,109.725,108.45,1860675.0
431628,2021-08-10,111.3,0.0,115.5,110.625,2785805.0
431628,2021-08-17,110.7,0.0,114.1875,110.0625,2847053.0
431628,2021-08-25,108.9375,0.0,109.425,107.55,2586396.0
431628,2021-09-30,118.3875,121.7625,122.9625,117.75,8668508.0
431628,2021-10-04,119.1375,117.45,119.775,117.375,2445332.0
431628,2021-10-27,117.1125,113.9625,118.875,113.8875,6546448.0
431628,2021-12-08,102.1125,101.2875,102.375,100.9125,7894259.0
431628,2021-12-16,100.35,101.2875,101.9625,99.6375,6994335.0
431628,2021-12-23,99.4125,97.575,99.9375,97.0875,4161985.0
431628,2022-01-19,103.3875,102.6375,103.875,101.55,2371896.0
431628,2022-02-14,100.3125,103.0875,103.275,99.825,6669220.0
431628,2022-03-02,91.65,91.5,93.0,90.75,3339576.0
431628,2022-03-22,94.2,93.6375,94.425,92.7,2007025.0
431628,2022-05-17,89.1,87.375,89.32499999999999,86.55000000000001,3111007.0
431628,2022-05-19,87.15,87.44999999999999,87.67500000000001,86.4,2711772.0
431628,2022-06-24,88.4625,88.35,89.025,87.9,2966533.0
431628,2022-07-01,94.275,92.1,94.5,90.075,19076925.0
431628,2022-07-12,93.1125,94.0875,94.3875,92.925,4120742.0
431628,2022-08-19,104.9,105.7,105.7,104.4,3209778.0
431628,2022-08-30,108.75,108.0,109.45,107.0,7042420.0
431628,2022-09-28,95.65,96.1,96.8,95.5,6793224.0
431628,2022-10-03,91.8,94.15,94.15,91.4,9460434.0
431628,2022-10-06,95.5,94.8,95.75,94.1,6223294.0
431628,2022-10-11,92.05,93.25,93.4,91.9,4162842.0
431628,2022-10-19,93.7,94.6,94.7,93.4,7192398.0
431628,2022-10-20,93.65,93.5,93.9,92.6,4971659.0
431628,2022-11-07,101.55,100.2,101.85,99.4,13065969.0
431628,2022-12-16,110.9,113.95,114.35,110.65,9252067.0
431628,2023-01-09,125.55,124.95,126.25,124.3,8916789.0
431628,2023-01-25,120.5,122.9,123.2,119.6,10632753.0
431628,2023-01-27,115.15,120.5,120.95,112.05,17188911.0
431628,2023-02-13,114.05,116.8,117.25,113.35,5926426.0
431628,2023-03-22,118.5,118.9,120.1,118.2,4909359.0
431628,2023-04-26,125.3,125.0,126.0,124.35,4179866.0
431628,2023-05-10,131.45,132.1,132.45,130.7,5728123.0
431628,2023-05-11,131.6,132.35,133.6,131.35,7647215.0
431628,2023-05-22,129.0,129.8,130.4,128.8,7575592.0
431628,2023-07-20,161.75,162.85,163.15,161.55,2955365.0
431628,2021-06-29,107.25,107.0625,108.375,106.6875,3458225.0
431628,2021-07-01,109.1625,112.5,112.5,108.1875,9366751.0
431628,2021-09-06,114.5625,0.0,116.4,114.3375,2044169.0
431628,2021-09-24,114.45,116.7,117.9375,113.775,3309615.0
431628,2021-10-12,119.7375,119.3625,120.2625,117.75,3847067.0
431628,2021-10-18,123.825,125.9625,126.15,122.85,7834883.0
431628,2021-10-25,111.4125,113.7375,114.0375,110.325,5174649.0
431628,2021-11-25,100.275,100.95,101.1,98.7375,4775218.0
431628,2021-11-26,97.5375,99.375,99.675,97.05,7838879.0
431628,2021-12-09,102.5625,102.375,103.2,101.2875,7817226.0
431628,2022-01-25,98.6625,97.125,99.0,95.8875,5049115.0
431628,2022-02-10,105.6375,104.0625,105.9,103.7625,4715871.0
431628,2022-03-08,92.325,90.525,92.9625,90.1125,4202941.0
431628,2022-04-08,100.35,99.75,100.6875,99.45,2567840.0
431628,2022-04-29,95.25,96.7125,97.275,94.95,2775606.0
431628,2022-05-06,91.9125,92.025,92.2875,90.2625,2790026.0
431628,2022-07-29,98.25,97.6125,98.6625,97.3125,3035433.0
431628,2022-08-01,99.6375,99.0,99.75,98.625,2947646.0
431628,2022-08-05,100.125,99.75,100.6875,99.6,2647284.0
431628,2022-08-12,102.825,102.0,103.3875,101.5875,5109192.0
431628,2022-09-07,107.85,107.65,108.85,107.5,4119501.0
431628,2022-09-09,105.35,107.0,107.0,104.95,3424316.0
431628,2022-09-30,94.0,94.25,94.7,92.85,13253472.0
431628,2022-11-29,109.45,110.8,111.3,109.1,8830643.0
431628,2022-12-12,112.55,111.35,112.7,110.55,7912674.0
431628,2023-01-12,120.65,122.0,122.15,119.35,6547602.0
431628,2023-01-13,122.8,121.0,123.45,120.3,5902262.0
431628,2023-01-18,123.7,123.5,124.35,122.95,7636685.0
431628,2023-02-16,116.45,116.5,117.1,115.6,4019208.0
431628,2023-02-20,113.55,115.95,116.0,113.25,7418836.0
431628,2023-03-16,117.2,116.8,117.85,114.9,8218711.0
431628,2023-03-20,116.15,118.9,118.9,115.05,4336995.0
431628,2023-03-21,118.65,116.95,118.85,116.2,6321736.0
431628,2023-03-31,115.45,116.0,117.15,115.05,7157701.0
431628,2023-04-19,122.85,123.25,124.35,122.55,2394983.0
431628,2023-05-09,131.95,133.7,135.45,131.5,6029220.0
431628,2023-05-17,133.1,133.4,134.25,131.35,9026909.0
431628,2023-05-31,141.55,140.45,142.65,139.75,13591196.0
431628,2023-06-23,156.0,160.0,160.9,155.45,8520782.0
431628,2023-06-28,166.75,162.6,168.0,161.2,22329032.0
431628,2023-07-18,160.1,161.25,162.4,159.15,8351483.0
431628,2021-06-04,112.9875,110.7,114.4875,110.7,4789846.0
431628,2021-06-25,107.5125,107.0625,108.45,106.425,3745408.0
431628,2021-07-13,111.4875,110.6625,111.75,110.3625,2471205.0
431628,2021-07-27,108.8625,113.175,113.3625,108.75,2360395.0
431628,2021-08-06,117.3375,0.0,120.375,115.95,7391744.0
431628,2021-09-03,115.6875,0.0,116.85,114.5625,2575992.0
431628,2021-10-01,117.075,118.425,118.6125,115.125,5726392.0
431628,2021-11-23,101.2875,99.675,102.4875,99.1125,6607166.0
431628,2021-12-15,101.2875,102.9,103.125,100.875,4276031.0
431628,2021-12-20,94.8375,97.1625,97.425,93.8625,7381497.0
431628,2022-02-18,94.6875,94.3875,95.5875,93.7875,4597806.0
431628,2022-02-28,91.9125,88.5,92.475,88.42500000000001,5392427.0
431628,2022-04-06,100.125,98.9625,101.1,98.7,5324643.0
431628,2022-04-19,97.0875,98.7,99.6,96.0,2707059.0
431628,2022-05-27,89.9625,89.475,90.4875,88.875,3032835.0
431628,2022-06-02,90.6375,89.2125,91.0875,89.0625,3884831.0
431628,2022-06-20,83.4,85.5,85.5,82.23750000000001,4792031.0
431628,2022-07-19,94.5,92.625,94.725,92.2125,2148638.0
431628,2022-08-24,105.6,105.35,105.85,104.3,2277452.0
431628,2022-09-13,106.05,106.7,106.9,106.0,3262485.0
431628,2022-10-21,93.65,94.0,94.35,93.35,4485275.0
431628,2022-11-02,103.4,104.0,104.25,102.75,8339979.0
431628,2022-11-22,99.7,100.15,100.2,99.45,7762721.0
431628,2022-12-06,110.9,111.8,112.15,110.5,6283354.0
431628,2023-01-10,123.15,125.65,125.8,122.1,8123881.0
431628,2023-01-11,121.75,123.6,123.7,121.0,7187284.0
431628,2023-02-01,117.45,122.9,123.0,115.95,14504365.0
431628,2023-02-06,121.1,119.35,121.5,119.0,8742504.0
431628,2023-04-24,123.95,122.05,124.15,121.05,4726202.0
431628,2023-04-25,125.05,124.4,127.45,124.0,9397015.0
431628,2023-06-19,153.85,153.0,154.6,152.05,7123074.0
431628,2023-07-13,165.3,169.6,169.6,163.75,10748152.0
431628,2023-08-11,224.3,227.0,230.65,222.0,58045332.0
431628,2023-08-17,235.1,223.5,236.15,222.3,32482447.0
431628,2021-07-09,109.0125,107.7,109.2375,107.25,2576365.0
431628,2021-07-20,113.55,0.0,115.05,111.7875,2798945.0
431628,2021-08-20,107.9625,0.0,111.75,107.25,7624179.0
431628,2021-08-31,113.775,0.0,114.075,111.9375,4378579.0
431628,2021-10-07,118.6125,118.725,120.075,118.1625,2561768.0
431628,2021-10-11,119.4,120.225,121.9125,119.025,3754214.0
431628,2021-10-20,115.2,116.7,118.875,114.15,4680365.0
431628,2022-01-07,102.3,102.75,103.65,101.475,3339654.0
431628,2022-01-13,105.0375,104.25,106.125,104.025,3310068.0
431628,2022-02-21,94.125,94.5,95.5875,93.2625,2667097.0
431628,2022-02-23,93.7125,93.375,94.875,93.15,2690690.0
431628,2022-02-24,87.75,92.0625,92.1375,87.44999999999999,6702613.0
431628,2022-03-10,92.925,93.9375,94.575,92.2875,4088261.0
431628,2022-03-25,93.1875,94.5,94.5,93.0,2229995.0
431628,2022-03-30,92.5875,92.925,92.925,92.0625,4276972.0
431628,2022-04-22,96.375,96.9,97.575,96.15,1504923.0
431628,2022-05-09,91.4625,91.875,92.475,89.625,3749587.0
431628,2022-06-08,89.0625,87.7125,89.5875,87.15,3332865.0
431628,2022-09-12,106.0,105.5,106.6,105.35,3073061.0
431628,2022-09-26,97.85,100.0,100.9,97.6,6219141.0
431628,2022-11-16,99.7,100.25,100.85,99.25,4992320.0
431628,2022-11-21,99.65,100.1,100.3,99.05,5618444.0
431628,2022-12-22,112.5,111.6,113.45,110.15,17816529.0
431628,2023-01-20,124.1,123.95,125.5,123.35,9653692.0
431628,2023-03-27,115.05,115.15,115.9,113.8,4746510.0
431628,2023-04-13,121.35,123.4,123.4,120.0,5447261.0
431628,2023-06-16,152.6,151.75,153.65,150.55,7403920.0
431628,2023-07-11,169.4,167.95,171.15,166.5,17100113.0
431628,2023-07-17,161.2,160.7,161.9,159.85,5152924.0
431628,2023-07-25,172.15,174.25,174.25,171.0,12870386.0
431628,2023-07-27,188.2,173.75,188.95,173.3,59887084.0
431628,2021-06-17,112.725,115.875,116.5125,111.9375,4510432.0
431628,2021-06-11,121.05,123.15,123.45,120.6375,5066106.0
431628,2021-08-02,117.4875,0.0,117.9,113.5125,6096050.0
431628,2021-06-10,122.475,123.7125,123.7125,120.3,8784968.0
431628,2021-06-23,108.7125,109.4625,109.8,108.1125,3058094.0
431628,2021-06-15,117.3,119.025,119.325,117.0,5842644.0
431628,2021-06-28,106.9125,107.8875,108.825,106.725,2902305.0
431628,2021-06-22,108.75,111.3,111.75,108.6,2813271.0
431628,2021-07-07,108.0,108.3375,108.75,107.0625,2597884.0
431628,2021-07-26,113.0625,114.5625,115.2375,112.725,2317099.0
431628,2021-09-29,121.7625,119.7,124.5,117.6,9432123.0
431628,2021-07-30,113.325,0.0,114.8625,112.125,3701700.0
431628,2021-10-08,118.3125,119.175,119.4375,117.225,2464750.0
431628,2021-09-15,120.975,117.375,123.2625,117.225,9309667.0
431628,2021-10-13,120.0,120.5625,122.0625,119.6625,5166055.0
431628,2021-11-10,115.4625,114.075,116.0625,113.625,3453070.0
431628,2021-10-19,118.05,124.5,124.7625,117.3,6839669.0
431628,2021-11-17,103.8,105.0,106.6875,103.575,4337772.0
431628,2022-01-05,102.3375,102.6,102.9,101.9625,1868863.0
431628,2021-12-07,100.9125,99.9375,101.5875,99.375,9130350.0
431628,2022-01-20,103.5375,103.425,104.625,102.7875,2194763.0
431628,2021-12-29,98.9625,99.6,100.125,98.6625,2437303.0
431628,2022-02-04,105.45,106.125,106.5375,103.05,21717440.0
431628,2022-01-04,102.15,101.85,103.0125,101.5125,3663874.0
431628,2022-02-07,102.9,105.75,105.975,102.3375,8013447.0
431628,2022-01-18,102.3,105.0,105.9,102.0,2748282.0
431628,2022-02-08,101.475,102.9,103.2,100.05,6373393.0
431628,2022-03-14,92.8125,94.5,94.65,91.725,3276212.0
431628,2022-02-09,103.7625,102.0,103.9875,101.4,3996445.0
431628,2022-04-26,96.15,95.325,96.75,94.9125,2555174.0
431628,2022-03-17,94.3125,93.0375,95.2125,93.0,5133027.0
431628,2022-05-12,86.92500000000001,88.5375,88.94999999999999,85.9125,4916828.0
431628,2022-05-18,88.5375,89.6625,90.0375,88.125,3221809.0
431628,2022-05-16,86.6625,86.4375,87.3375,84.9375,3701858.0
431628,2022-06-03,89.36250000000001,91.35,91.35,89.25,3191458.0
431628,2022-06-10,88.35,88.125,88.875,87.48750000000001,1871770.0
431628,2022-05-20,88.3125,87.975,88.6875,87.6,1899153.0
431628,2022-06-06,86.6625,88.76249999999999,89.1,85.98750000000001,6632934.0
431628,2022-06-21,86.88749999999999,83.92500000000001,87.225,83.88749999999999,3750677.0
431628,2022-07-07,97.4625,97.875,98.0625,96.7875,2511924.0
431628,2022-06-23,87.67500000000001,86.6625,87.9,86.1,2838039.0
431628,2022-07-11,97.875,97.95,98.625,97.3125,5212475.0
431628,2022-06-28,90.15,89.475,90.6,89.2875,3723707.0
431628,2022-11-09,100.85,101.55,101.9,100.2,6004697.0
431628,2022-09-05,106.25,107.65,108.05,106.0,3723607.0
431628,2022-11-10,99.65,100.4,100.4,99.0,10072926.0
431628,2022-09-14,105.15,105.0,106.1,104.75,3184879.0
431628,2022-11-17,100.3,99.65,101.75,99.15,10292615.0
431628,2022-10-12,92.4,92.15,92.85,91.6,4886498.0
431628,2023-01-04,122.2,122.85,123.85,119.95,14375149.0
431628,2022-10-13,91.95,92.7,92.7,91.4,6193522.0
431628,2023-01-19,123.55,123.5,123.8,122.5,3815492.0
431628,2022-10-17,91.65,91.9,92.1,91.05,5555192.0
431628,2023-02-07,120.6,121.45,123.35,120.2,9355097.0
431628,2022-10-18,93.9,92.15,94.3,91.85,8152180.0
431628,2023-03-15,116.75,117.6,119.6,116.4,6316701.0
431628,2022-10-28,99.85,97.4,100.3,96.75,23243795.0
431628,2023-04-20,122.7,122.85,123.55,122.25,2099290.0
431628,2022-11-03,104.15,103.0,104.3,102.75,13117383.0
431628,2023-05-02,136.45,133.9,138.4,133.05,20740058.0
431628,2022-12-19,113.3,111.0,113.8,111.0,7003000.0
431628,2023-06-08,145.8,146.6,147.5,145.0,6645263.0
431628,2023-07-06,165.65,166.4,168.0,165.3,7090232.0
431628,2023-01-17,123.1,123.7,124.25,121.25,6968664.0
431628,2023-01-24,122.9,124.75,124.85,122.35,3929827.0
431628,2023-07-10,166.9,166.0,168.7,165.25,10949947.0
431628,2023-01-31,121.75,116.15,122.1,114.0,13672983.0
431628,2023-07-14,160.3,161.8,162.3,159.5,10445961.0
431628,2023-02-02,117.75,117.4,120.25,116.25,7459937.0
431628,2023-03-23,117.4,118.0,118.9,117.05,4117362.0
431628,2023-07-19,162.35,160.1,163.3,160.0,5377036.0
431628,2023-07-21,161.85,161.15,162.8,160.4,6078651.0
431628,2023-08-04,199.4,200.3,202.45,197.4,8719652.0
431628,2023-08-07,212.05,199.4,213.0,198.35,43892393.0
431628,2023-08-14,222.15,221.85,223.6,217.35,19733602.0
431628,2021-08-03,116.625,0.0,118.35,115.9125,2600675.0
431628,2021-08-12,113.25,0.0,113.7,111.15,4379982.0
431628,2021-09-02,114.7125,0.0,115.4625,113.775,1710511.0
431628,2021-09-17,117.7875,117.4125,118.35,114.3,7064461.0
431628,2021-09-21,113.925,113.55,114.9375,112.2,1388218.0
431628,2021-09-23,116.55,115.0875,117.225,114.4875,2649273.0
431628,2021-11-29,96.675,97.2,98.25,94.6125,5135381.0
431628,2021-12-14,102.6375,101.7375,103.35,101.325,6548363.0
431628,2021-12-28,99.15,99.0,99.4875,98.475,2433876.0
431628,2021-12-30,98.2875,99.1125,99.45,97.65,2648402.0
431628,2022-01-11,103.5,105.5625,105.6,103.0875,3052148.0
431628,2022-01-12,104.3625,104.0625,104.7375,103.2,2159279.0
431628,2022-01-31,103.9875,102.825,104.5125,100.875,7882023.0
431628,2022-02-16,97.5,97.5,99.375,97.2,4081836.0
431628,2022-03-11,94.275,92.25,94.5,92.25,3214125.0
431628,2022-03-21,93.45,94.5,94.8375,93.3,2382020.0
431628,2022-04-07,99.7875,100.125,101.85,99.075,4403482.0
431628,2022-04-13,97.875,98.25,98.8875,97.575,2341716.0
431628,2022-04-20,96.4125,97.35,97.6875,95.8875,2331438.0
431628,2022-05-05,92.475,93.0375,94.8,92.2875,2147341.0
431628,2022-06-01,89.25,89.55000000000001,90.3375,88.9125,2859119.0
431628,2022-07-18,92.7375,91.875,93.0375,91.2375,2576823.0
431628,2022-08-18,105.45,105.8,106.45,104.8,5286338.0
431628,2022-08-29,107.25,106.25,107.7,106.0,7070586.0
431628,2022-09-19,103.1,104.4,104.75,102.8,2917515.0
431628,2022-10-25,94.4,94.95,95.1,93.15,9001250.0
431628,2022-11-25,109.05,103.5,109.95,103.1,29877176.0
431628,2022-12-26,114.0,108.8,114.6,108.0,11744504.0
431628,2022-12-28,113.35,113.45,114.8,112.8,5763285.0
431628,2023-02-22,112.05,113.0,113.45,111.5,5557791.0
431628,2023-02-23,112.8,112.0,113.15,111.25,3623161.0
431628,2023-03-14,117.05,119.55,119.65,116.75,7954918.0
431628,2023-03-28,114.1,115.45,115.5,113.2,3499631.0
431628,2023-05-03,136.15,136.2,138.6,135.75,10032855.0
431628,2023-06-05,145.25,145.0,147.2,144.65,10772251.0
431628,2021-06-24,106.0125,108.8625,109.125,105.375,7028997.0
431628,2021-07-12,110.3625,109.7625,111.15,109.1625,4389641.0
431628,2021-07-28,108.9375,0.0,110.775,107.4375,6448224.0
431628,2021-07-29,113.55,0.0,114.0,108.4125,6112724.0
431628,2021-08-11,111.4875,0.0,112.3125,109.3125,4369880.0
431628,2021-10-22,113.2125,116.625,117.0,112.0125,5954398.0
431628,2021-11-12,109.2375,113.175,113.175,108.6,6632523.0
431628,2021-11-24,100.9875,102.075,102.6,100.5,5809762.0
431628,2021-12-01,100.8375,101.85,102.4125,99.975,4327671.0
431628,2021-12-24,98.55,100.05,100.05,98.325,3007541.0
431628,2022-03-23,94.725,94.4625,95.175,94.0125,2346198.0
431628,2022-04-04,98.475,95.325,98.7,95.325,6507475.0
431628,2022-05-02,94.875,94.4625,95.2125,93.8625,1589097.0
431628,2022-05-10,90.2625,91.5,93.075,90.1125,2270185.0
431628,2022-05-13,85.5,87.7875,88.725,85.125,6032969.0
431628,2022-06-27,89.51249999999999,89.69999999999999,90.0,89.025,2267735.0
431628,2022-07-06,97.2375,95.925,97.35,95.55,2658995.0
431628,2022-07-28,97.125,97.5375,97.8,96.6375,2709452.0
431628,2022-09-23,101.3,102.95,103.5,101.0,4448206.0
431628,2022-09-27,96.85,97.95,99.2,96.5,9330496.0
431628,2023-01-03,123.0,121.25,123.9,119.75,27524213.0
431628,2023-01-05,123.85,122.9,124.25,121.05,9774790.0
431628,2023-03-13,119.65,123.2,123.45,119.0,7017652.0
431628,2023-04-12,123.3,124.05,124.65,123.0,3505826.0
431628,2023-05-05,132.3,137.05,137.7,132.1,12581014.0
431628,2023-05-23,130.5,129.5,131.5,128.35,9958429.0
431628,2023-07-05,166.5,165.1,167.0,164.4,5621375.0
431628,2023-07-26,173.55,172.95,175.55,171.3,11027961.0
431628,2023-08-08,217.0,213.15,220.7,208.0,52495107.0
431628,2023-08-16,223.15,219.95,225.65,218.6,15393266.0
431628,2023-08-21,238.9,235.75,240.55,231.45,18895677.0
431628,2021-06-14,118.8,120.7875,120.9,115.8,5943334.0
431628,2021-06-18,110.2875,113.25,114.075,108.75,5672030.0
431628,2021-07-19,113.55,0.0,115.875,112.8,3795975.0
431628,2021-08-24,108.3,0.0,108.6,104.4375,4130355.0
431628,2021-09-07,113.1375,114.0,114.5625,112.2,2265571.0
431628,2021-12-21,95.4,95.5125,97.0875,94.9125,3588936.0
431628,2022-01-03,101.475,100.8,101.8875,99.975,4120567.0
431628,2022-02-03,105.45,107.175,107.475,104.9625,4107555.0
431628,2022-03-04,92.6625,91.425,93.75,91.275,2594290.0
431628,2022-03-15,91.5375,92.775,93.525,91.05,3998528.0
431628,2022-04-21,97.5,96.975,97.7625,96.7125,2245528.0
431628,2022-04-28,95.625,95.925,96.15,94.7625,1860154.0
431628,2022-06-16,84.0375,85.8375,86.1,83.6625,3125953.0
431628,2022-07-08,98.1,97.9875,98.4375,97.35,3010507.0
431628,2022-07-21,94.425,93.9,94.575,93.375,3585928.0
431628,2022-11-15,100.25,100.55,100.8,99.8,4061038.0
431628,2022-11-18,100.05,100.5,101.25,99.5,7268505.0
431628,2022-12-02,111.0,111.5,111.5,110.2,6129727.0
431628,2023-02-14,113.55,114.3,114.3,110.45,11217322.0
431628,2023-02-21,113.95,113.55,115.4,112.6,4220675.0
431628,2023-02-24,113.0,113.4,113.8,112.4,3476646.0
431628,2023-04-05,117.7,117.15,118.1,116.0,4746533.0
431628,2023-04-17,122.9,121.25,123.6,120.5,6166859.0
431628,2023-04-28,132.15,125.45,132.4,125.15,24029372.0
431628,2023-05-12,132.85,131.4,133.35,130.35,6697676.0
431628,2021-08-27,109.725,0.0,110.325,108.1875,2799015.0
431628,2021-06-21,110.775,108.75,111.6375,108.6375,1956394.0
431628,2021-07-22,114.4875,0.0,115.875,114.0,2994738.0
431628,2021-08-13,110.1375,0.0,113.25,109.8,3359125.0
431628,2021-08-16,113.8875,0.0,114.1875,109.5375,4593173.0
431628,2021-09-27,113.7,115.2,116.4375,113.175,3215079.0
431628,2021-10-14,123.5625,120.75,126.6375,119.775,21493592.0
431628,2021-10-21,115.95,116.325,117.375,114.9,6067144.0
431628,2021-10-29,111.4875,112.725,114.0375,109.9875,7016976.0
431628,2021-12-02,100.875,100.95,102.3375,100.1625,6145092.0
431628,2022-01-06,102.6375,102.675,102.825,101.0625,2505618.0
431628,2022-01-24,96.9375,100.275,100.275,96.15,4195506.0
431628,2022-02-01,104.6625,104.5875,105.1125,102.9,7327511.0
431628,2022-02-17,95.1375,98.1375,98.1375,94.875,4356129.0
431628,2022-03-03,92.0625,92.0625,93.525,91.65,2317180.0
431628,2022-03-09,93.0375,92.85,93.675,92.1375,3558114.0
431628,2022-04-01,95.1375,92.325,95.4,92.175,6994525.0
431628,2022-05-04,92.5875,95.55,95.7375,92.25,2921131.0
431628,2022-05-30,90.0375,90.75,90.75,89.4,3534718.0
431628,2022-06-17,84.6,84.0,85.57499999999999,82.5,5139749.0
431628,2022-06-30,92.8125,90.9,93.0,90.45,7714607.0
431628,2022-07-14,90.975,91.5,92.175,90.45,3212957.0
431628,2022-07-20,93.825,95.25,95.25,93.45,3026812.0
431628,2022-08-17,105.5,103.55,106.0,102.8,11144403.0
431628,2022-08-25,107.8,106.0,108.7,105.85,4611081.0
431628,2022-11-01,103.15,103.0,103.7,102.5,9274933.0
431628,2022-12-01,110.95,112.0,112.0,109.65,9937044.0
431628,2022-12-05,111.85,111.4,113.05,110.5,11813355.0
431628,2022-12-09,111.65,114.95,115.7,109.65,10866022.0
431628,2022-12-21,110.05,112.8,112.95,109.8,9464490.0
431628,2022-12-29,113.85,113.0,114.05,111.5,6321264.0
431628,2022-12-30,116.5,114.1,118.5,113.6,16350601.0
431628,2023-01-16,123.45,123.0,124.4,122.25,6285534.0
431628,2023-04-11,124.35,124.3,125.6,122.6,6856892.0
431628,2023-05-18,129.5,133.1,134.35,129.05,11351018.0
431628,2023-05-24,130.9,130.5,131.45,129.8,4991702.0
431628,2023-05-30,140.35,136.0,141.0,135.2,15899557.0
431628,2023-07-12,169.0,170.45,170.45,168.0,6928972.0
431628,2023-08-02,196.3,199.0,202.6,191.45,20258835.0
431628,2023-08-18,234.65,235.7,238.8,232.25,23001607.0
431628,2021-10-05,121.2375,119.5125,122.625,119.1375,6209257.0
431628,2021-12-06,99.6,99.45,101.0625,98.8125,6992011.0
431628,2021-12-13,102.675,102.1875,104.025,101.775,7612446.0
431628,2021-12-27,98.7,98.0625,99.3375,97.05,2274168.0
431628,2022-01-17,104.85,104.4,105.3375,104.175,1658917.0
431628,2022-02-02,106.5375,105.0,106.9125,104.7375,3928860.0
431628,2022-02-15,97.05,97.35,97.35,94.35,7395643.0
431628,2022-04-18,98.1,98.1375,98.5125,96.5625,2259434.0
431628,2022-04-25,94.5,96.0,96.2625,94.125,2909607.0
431628,2022-06-14,85.125,85.5,86.8125,84.7125,2829003.0
431628,2022-06-15,85.275,85.3125,85.65,84.525,2136664.0
431628,2022-08-04,99.525,100.8375,100.8375,98.5875,2303396.0
431628,2022-09-06,107.95,106.9,109.25,105.6,5284384.0
431628,2022-09-22,103.65,102.8,104.0,102.2,4735736.0
431628,2022-12-13,111.95,112.7,113.0,111.15,9509178.0
431628,2022-12-20,112.25,113.3,113.3,111.0,5323451.0
431628,2023-01-06,123.7,124.35,126.1,122.6,15575269.0
431628,2023-02-09,117.3,117.55,118.55,115.95,6545269.0
431628,2023-02-17,115.6,115.85,116.55,114.85,3000421.0
431628,2023-03-02,115.75,115.25,116.1,114.85,3413410.0
431628,2023-05-15,136.35,133.45,136.8,131.7,8845743.0
431628,2023-05-16,132.65,136.95,137.55,132.25,18848790.0
431628,2023-06-20,159.8,153.95,161.0,153.3,15061901.0
431628,2023-06-21,163.85,161.1,168.85,160.6,24747224.0
431628,2023-06-30,164.65,169.0,169.5,164.0,15082058.0
431628,2023-07-04,164.65,167.9,167.9,164.0,10877690.0
431628,2023-07-28,194.25,189.8,196.95,188.0,35054688.0
431628,2021-07-06,108.4125,109.1625,110.175,108.15,1995253.0
431628,2021-07-23,114.675,0.0,116.1,114.4125,2719610.0
431628,2021-08-05,116.325,0.0,118.125,114.3375,6768369.0
431628,2021-08-30,112.3875,0.0,112.9875,110.5125,3550817.0
431628,2021-09-08,118.1625,113.025,118.6875,112.8,6665496.0
431628,2021-09-13,118.5375,117.9375,118.9875,115.575,4433719.0
431628,2021-10-26,113.775,111.9,115.0875,111.0,7053308.0
431628,2021-11-03,114.6,114.375,116.7,113.25,4178452.0
431628,2021-11-08,116.025,115.2,116.7375,115.05,3203976.0
431628,2021-11-09,114.5625,116.0625,116.475,114.075,3063573.0
431628,2021-11-22,100.05,102.5625,102.7125,99.3375,7976133.0
431628,2021-11-30,100.9125,97.5,106.05,95.8875,111575050.0
431628,2021-12-22,96.9,95.625,97.2,94.95,4859215.0
431628,2022-02-25,90.4125,89.5875,92.2125,89.4,4421394.0
431628,2022-06-22,86.475,86.92500000000001,87.44999999999999,85.875,2935579.0
431628,2022-07-13,91.6125,93.225,93.3,91.2,3084886.0
431628,2022-08-08,100.0875,100.8,100.8,99.4125,2909057.0
431628,2022-08-11,101.5875,100.5,101.8125,99.8625,3431889.0
431628,2022-08-16,103.05,103.9125,103.9125,102.1125,4885721.0
431628,2022-09-01,107.4,108.0,108.4,106.9,6817616.0
431628,2022-09-02,107.15,108.15,108.3,106.85,3236786.0
431628,2022-09-21,102.85,103.55,104.1,102.45,3635123.0
431628,2022-10-10,93.0,94.0,94.45,92.8,7257911.0
431628,2022-10-14,91.9,93.1,93.2,91.65,5376042.0
431628,2022-11-04,104.0,104.2,104.65,103.6,12081873.0
431628,2022-11-14,100.1,100.25,100.6,99.3,3900469.0
431628,2023-04-18,123.25,123.4,124.4,121.8,8159668.0
431628,2023-04-21,121.9,122.7,123.25,121.55,3961253.0
431628,2023-05-08,133.6,132.9,135.25,132.5,8158248.0
431628,2023-06-15,151.55,154.65,155.15,151.0,7666988.0
431628,2023-08-10,216.6,217.45,218.2,212.7,16597765.0
