stockid,date,close,open,high,low,volume
1002714,2021-01-04,48.6,46.45,49.7,46.0,1267832.0
1002714,2021-01-07,50.65,51.8,52.45,50.25,843051.0
1002714,2021-01-12,51.55,52.3,53.35,51.1,1127863.0
1002714,2021-03-05,69.9,73.65,75.0,69.0,1468360.0
1002714,2021-03-31,70.0,67.0,72.35,66.5,846988.0
1002714,2021-04-19,71.45,75.0,75.0,70.45,401506.0
1002714,2021-04-30,74.85,73.95,75.8,73.05,354099.0
1002714,2021-05-04,79.9,76.5,82.5,76.45,3231238.0
1002714,2021-05-20,83.3,83.95,85.0,82.6,692921.0
1002714,2021-06-11,93.7,90.8,94.55,89.45,1979132.0
1002714,2021-07-15,103.45,103.0,105.35,101.65,2106734.0
1002714,2021-07-19,99.3,100.3,102.2,99.0,869590.0
1002714,2021-09-07,82.2,84.1,84.4,81.6,361590.0
1002714,2021-10-06,100.45,106.3,106.55,98.5,2443795.0
1002714,2021-10-19,100.7,108.0,108.2,97.8,1086592.0
1002714,2021-11-24,118.05,114.25,126.75,113.5,3972147.0
1002714,2021-12-07,118.25,115.0,119.3,115.0,689515.0
1002714,2022-01-14,128.3,127.8,133.0,127.0,2541928.0
1002714,2022-02-03,131.0,128.9,135.8,127.65,2500701.0
1002714,2022-03-11,117.3,112.6,118.5,110.75,1184282.0
1002714,2022-03-24,124.7,122.8,125.75,121.25,911313.0
1002714,2022-04-25,135.0,140.0,141.4,134.15,824328.0
1002714,2022-05-09,118.8,123.85,123.85,116.85,550624.0
1002714,2022-05-26,106.05,110.0,112.55,104.0,1186559.0
1002714,2022-07-20,142.2,142.9,147.5,141.3,1176435.0
1002714,2022-09-26,168.3,173.5,173.5,165.35,690553.0
1002714,2022-09-30,190.2,192.05,192.75,186.0,3312407.0
1002714,2022-10-10,201.0,189.45,208.0,187.55,3433420.0
1002714,2022-10-17,194.8,192.1,196.95,189.45,588953.0
1002714,2023-01-24,205.15,204.9,211.9,203.3,560565.0
1002714,2023-02-08,202.95,204.15,205.0,200.0,583076.0
1002714,2023-02-16,208.3,207.0,212.5,204.1,2038818.0
1002714,2023-03-17,181.2,181.5,182.25,180.2,118971.0
1002714,2023-03-21,187.5,177.5,189.35,175.25,646433.0
1002714,2023-04-10,229.55,224.0,230.95,223.0,1808524.0
1002714,2023-05-11,234.85,240.55,240.55,233.1,990604.0
1002714,2023-05-19,236.6,236.8,237.85,232.7,172218.0
1002714,2023-05-25,226.6,232.05,233.55,225.5,368001.0
1002714,2023-08-01,278.9,274.5,280.95,272.05,293508.0
1002714,2021-01-01,46.5,47.25,47.55,45.9,780727.0
1002714,2021-01-11,52.4,50.85,53.0,48.7,2242078.0
1002714,2021-01-21,49.9,49.2,53.5,48.2,1230337.0
1002714,2021-02-16,55.8,56.7,57.45,53.8,768175.0
1002714,2021-03-02,70.85,72.1,72.5,68.7,1673362.0
1002714,2021-03-04,73.25,67.95,75.8,67.3,2688676.0
1002714,2021-05-07,81.6,83.05,84.0,80.8,730922.0
1002714,2021-06-02,82.9,80.45,83.7,79.5,1349515.0
1002714,2021-06-04,87.5,84.0,89.8,82.2,3207568.0
1002714,2021-07-22,96.95,96.95,98.25,96.25,581540.0
1002714,2021-08-17,83.85,83.9,85.95,82.7,492425.0
1002714,2021-09-14,93.9,94.5,96.0,93.45,1001401.0
1002714,2021-09-16,94.55,97.8,98.4,94.0,838641.0
1002714,2021-09-30,99.35,100.25,101.7,97.55,936775.0
1002714,2021-11-10,118.35,110.95,119.35,109.45,3545899.0
1002714,2021-11-25,122.05,117.8,122.9,115.7,1631504.0
1002714,2021-12-03,116.65,119.6,120.0,115.4,623304.0
1002714,2021-12-08,119.05,119.3,121.65,118.3,901293.0
1002714,2022-02-02,127.9,126.0,131.0,125.7,696133.0
1002714,2022-02-17,126.85,125.0,128.55,122.95,1257380.0
1002714,2022-03-16,122.55,120.0,124.2,119.9,1638132.0
1002714,2022-03-31,130.15,126.5,131.1,125.45,708917.0
1002714,2022-04-06,136.35,135.55,138.8,135.0,998086.0
1002714,2022-05-11,108.4,117.4,119.3,104.25,1338635.0
1002714,2022-05-18,109.4,108.95,112.0,106.65,1002787.0
1002714,2022-06-02,119.7,116.0,121.65,115.2,721209.0
1002714,2022-06-07,123.15,121.35,124.0,120.1,1904180.0
1002714,2022-06-20,112.75,118.65,118.65,101.4,1041591.0
1002714,2022-06-21,117.25,112.8,117.95,112.8,547256.0
1002714,2022-07-15,141.95,140.9,143.15,140.0,650183.0
1002714,2022-07-29,151.05,147.95,151.9,147.55,1008370.0
1002714,2022-08-19,160.8,164.6,165.1,159.15,532882.0
1002714,2022-08-30,173.45,176.0,178.5,171.95,646339.0
1002714,2022-09-06,167.2,169.95,170.95,165.5,385181.0
1002714,2022-09-09,169.65,171.65,172.95,166.55,364379.0
1002714,2022-09-15,162.55,168.0,169.25,161.85,429283.0
1002714,2022-10-13,192.55,193.9,196.0,190.25,700033.0
1002714,2022-12-01,189.25,191.9,192.45,187.5,357255.0
1002714,2022-12-13,194.35,199.2,199.65,193.2,394241.0
1002714,2023-01-17,204.25,204.65,209.7,202.35,641014.0
1002714,2023-03-20,176.5,179.05,179.85,175.0,184470.0
1002714,2023-03-31,207.25,199.0,208.25,199.0,1164337.0
1002714,2023-05-18,236.8,235.1,241.95,235.0,378537.0
1002714,2023-06-06,240.05,238.9,241.75,236.35,463584.0
1002714,2023-06-16,236.7,237.85,239.95,235.7,445281.0
1002714,2023-07-06,226.65,223.3,228.25,223.3,264329.0
1002714,2023-08-03,290.35,286.7,292.0,281.35,1035802.0
1002714,2021-02-23,64.85,61.9,66.4,61.9,2586303.0
1002714,2021-01-25,48.0,50.4,50.4,47.8,247638.0
1002714,2021-01-05,52.1,49.4,52.4,48.85,5764073.0
1002714,2021-01-14,50.5,50.85,52.0,50.05,462545.0
1002714,2021-01-29,48.25,49.0,49.55,47.7,197781.0
1002714,2021-02-22,61.3,61.95,63.5,60.25,1971686.0
1002714,2021-03-12,70.65,74.25,75.2,70.25,893208.0
1002714,2021-04-01,71.5,70.75,73.1,69.75,939684.0
1002714,2021-05-24,89.8,85.8,91.0,85.6,3931435.0
1002714,2021-06-07,89.6,87.5,92.2,87.0,2814903.0
1002714,2021-06-22,95.25,93.5,100.2,93.5,3863843.0
1002714,2021-07-06,98.7,100.6,103.5,97.4,2986598.0
1002714,2022-01-19,127.55,127.8,131.5,123.75,11019430.0
1002714,2022-02-07,134.0,130.75,136.0,128.15,1791370.0
1002714,2022-02-18,125.4,126.95,129.95,124.5,938862.0
1002714,2022-02-21,122.35,124.5,124.9,121.0,756695.0
1002714,2022-02-25,109.0,106.0,110.0,104.55,2095194.0
1002714,2022-05-02,131.8,135.3,135.85,129.6,943068.0
1002714,2022-05-19,107.0,106.05,108.4,104.95,332262.0
1002714,2022-06-06,120.35,116.5,123.8,112.6,686313.0
1002714,2022-06-15,122.95,123.8,127.0,120.45,701419.0
1002714,2022-08-04,157.8,158.0,161.45,152.35,1357890.0
1002714,2022-08-25,167.9,173.9,175.0,166.2,811343.0
1002714,2022-09-02,169.3,173.35,174.25,168.05,421369.0
1002714,2022-09-14,166.8,168.0,169.95,166.2,261929.0
1002714,2022-11-02,188.05,188.85,191.45,187.1,197395.0
1002714,2022-12-26,185.9,181.0,188.3,174.8,795296.0
1002714,2023-01-13,202.05,196.0,203.95,194.9,1116643.0
1002714,2023-01-19,205.05,204.6,208.95,203.35,367686.0
1002714,2023-01-20,203.95,205.85,207.85,202.1,264810.0
1002714,2023-02-07,201.15,198.0,205.7,197.65,760250.0
1002714,2023-02-28,188.0,188.8,189.0,182.25,743575.0
1002714,2023-03-29,199.75,195.55,200.8,193.3,405862.0
1002714,2023-04-06,222.95,225.1,230.7,218.4,1663781.0
1002714,2023-05-12,234.6,234.0,238.0,233.6,394172.0
1002714,2023-06-02,237.4,231.9,239.0,231.55,598293.0
1002714,2023-07-04,219.5,229.7,229.7,218.25,625962.0
1002714,2023-07-17,241.65,231.0,243.05,230.8,2975703.0
1002714,2023-07-18,250.55,243.4,252.0,239.2,1813637.0
1002714,2023-08-16,296.0,283.0,297.65,283.0,374316.0
1002714,2021-01-06,50.2,52.7,52.8,49.75,1090860.0
1002714,2021-01-19,49.4,48.9,50.5,48.15,210987.0
1002714,2021-01-18,47.85,49.15,49.9,47.5,278955.0
1002714,2021-05-05,83.7,81.1,85.35,79.85,2221420.0
1002714,2021-03-01,71.55,69.8,73.25,69.0,1753806.0
1002714,2021-05-18,84.6,81.85,85.6,80.2,2402510.0
1002714,2021-03-03,68.4,71.7,72.7,67.75,1644059.0
1002714,2021-05-21,84.75,83.75,85.85,83.55,879071.0
1002714,2021-06-08,93.1,90.4,93.9,86.65,3458132.0
1002714,2021-07-28,94.85,96.45,96.45,93.8,545509.0
1002714,2021-06-18,92.75,95.2,95.8,89.0,983058.0
1002714,2021-08-11,83.85,86.2,87.7,81.4,1391429.0
1002714,2021-07-09,97.1,96.6,98.9,95.6,1013906.0
1002714,2021-08-27,83.6,84.0,85.0,82.9,605975.0
1002714,2021-07-23,95.95,97.9,98.0,95.1,633588.0
1002714,2021-09-27,95.2,92.55,97.8,92.55,1961748.0
1002714,2021-07-27,95.85,99.0,99.35,95.55,586014.0
1002714,2021-10-05,105.7,107.5,108.5,105.1,1319106.0
1002714,2021-08-12,87.7,83.85,89.2,83.5,869674.0
1002714,2021-12-22,116.05,112.0,116.75,111.8,857535.0
1002714,2022-01-05,122.6,120.35,123.1,120.35,887000.0
1002714,2021-09-21,89.7,87.0,90.9,84.9,995234.0
1002714,2021-10-20,96.0,101.4,103.5,94.55,1269008.0
1002714,2022-01-06,124.85,122.0,127.4,119.5,1986270.0
1002714,2021-11-02,113.15,109.0,115.0,108.15,3703813.0
1002714,2022-03-22,119.85,120.35,122.45,118.45,666392.0
1002714,2022-05-05,126.0,125.85,129.35,125.1,769266.0
1002714,2021-11-09,112.25,107.8,113.4,106.0,1456028.0
1002714,2021-11-17,121.3,113.5,124.2,112.95,2796721.0
1002714,2022-05-10,116.45,118.5,123.0,115.35,462189.0
1002714,2021-11-26,115.45,119.65,122.0,114.0,1179152.0
1002714,2022-05-30,116.8,115.9,118.0,113.8,1025302.0
1002714,2022-02-01,125.1,126.65,127.95,123.0,635854.0
1002714,2022-06-17,117.7,116.7,120.5,113.2,526703.0
1002714,2022-03-03,110.65,114.85,114.85,109.85,862580.0
1002714,2022-07-05,138.4,139.8,140.0,136.0,943528.0
1002714,2022-03-14,115.7,118.0,119.3,114.2,913029.0
1002714,2022-07-08,139.0,143.8,143.8,137.5,2082584.0
1002714,2022-03-29,128.2,121.85,131.3,121.85,2439836.0
1002714,2022-05-12,99.95,106.55,106.55,88.9,1596851.0
1002714,2022-07-19,141.55,141.7,143.5,141.0,327373.0
1002714,2022-08-11,155.65,157.05,158.9,155.0,725090.0
1002714,2022-05-20,112.9,109.95,113.8,109.0,626409.0
1002714,2022-08-29,174.45,168.0,176.0,166.0,661743.0
1002714,2022-06-23,119.05,112.85,120.0,112.55,427850.0
1002714,2022-09-21,173.35,162.25,175.8,161.75,2372102.0
1002714,2022-07-22,148.95,152.0,154.4,148.1,1532403.0
1002714,2022-09-27,165.85,168.6,172.0,165.2,579183.0
1002714,2022-08-05,157.0,161.9,164.35,156.0,1207985.0
1002714,2022-08-17,163.15,161.8,166.0,161.75,967557.0
1002714,2022-10-18,192.1,196.75,196.9,190.05,381987.0
1002714,2022-11-09,186.65,185.45,189.4,185.0,1014049.0
1002714,2022-09-22,179.7,176.0,180.65,176.0,2261999.0
1002714,2022-11-21,176.05,173.8,178.35,172.0,769626.0
1002714,2022-09-28,163.0,164.9,167.15,161.35,817949.0
1002714,2022-11-29,186.9,189.95,189.95,185.6,235398.0
1002714,2022-10-20,186.5,187.55,192.5,185.15,342559.0
1002714,2022-12-15,195.3,194.0,207.9,193.8,1769129.0
1002714,2022-11-07,185.9,185.2,188.0,183.1,265920.0
1002714,2023-01-05,191.15,191.25,192.3,188.8,242970.0
1002714,2022-12-16,197.0,196.0,200.0,189.5,936122.0
1002714,2023-01-30,192.35,187.6,196.35,187.6,244886.0
1002714,2023-01-06,188.35,192.2,192.75,187.15,281608.0
1002714,2023-02-13,200.85,197.45,208.6,197.45,1426731.0
1002714,2023-01-09,189.1,194.75,194.75,187.0,195918.0
1002714,2023-03-02,191.15,192.0,193.45,190.4,188376.0
1002714,2023-02-09,197.1,200.0,200.9,189.0,830332.0
1002714,2023-03-13,186.1,191.1,191.1,184.0,399840.0
1002714,2023-03-09,190.1,192.5,193.9,189.1,208677.0
1002714,2023-03-15,179.2,181.45,183.5,178.0,197824.0
1002714,2023-03-23,195.35,183.15,199.0,180.65,2038768.0
1002714,2023-04-21,230.35,231.35,234.3,229.2,314405.0
1002714,2023-04-11,234.95,229.7,236.0,227.0,1517851.0
1002714,2023-05-04,228.9,235.0,236.5,227.2,854279.0
1002714,2023-04-13,229.1,232.95,236.45,227.2,736490.0
1002714,2023-05-30,227.9,229.8,230.0,226.65,111345.0
1002714,2023-06-14,237.9,235.45,243.55,234.05,1355878.0
1002714,2023-05-23,234.3,232.5,236.85,232.5,329325.0
1002714,2023-05-26,226.9,227.15,231.25,225.9,192300.0
1002714,2023-06-26,232.55,231.95,235.5,230.45,595727.0
1002714,2023-05-31,232.5,227.25,233.2,226.0,851908.0
1002714,2023-07-05,222.95,220.9,226.8,220.0,454572.0
1002714,2023-06-27,231.4,233.75,234.25,231.0,184966.0
1002714,2023-08-02,279.4,277.45,283.95,276.0,562850.0
1002714,2021-02-02,48.9,50.0,51.0,48.55,560312.0
1002714,2021-02-05,56.7,52.0,58.4,52.0,8374624.0
1002714,2021-03-15,69.4,71.5,71.7,68.2,1470562.0
1002714,2021-03-16,68.35,69.5,71.15,67.6,1648120.0
1002714,2021-03-18,62.9,65.6,67.35,61.7,1308226.0
1002714,2021-03-19,63.65,61.65,64.85,60.0,1128794.0
1002714,2021-04-27,78.2,80.0,81.7,77.55,2327332.0
1002714,2021-04-28,76.15,79.25,79.6,75.5,474839.0
1002714,2021-04-29,74.4,77.0,78.25,73.85,547997.0
1002714,2021-05-19,83.8,86.35,88.2,83.4,1719092.0
1002714,2021-06-14,95.15,94.95,95.85,90.25,3289562.0
1002714,2021-06-28,94.75,96.8,96.95,93.55,845495.0
1002714,2021-08-23,75.9,77.45,79.0,74.25,741350.0
1002714,2021-08-30,86.75,84.75,89.4,84.45,1022031.0
1002714,2021-09-03,85.65,84.7,87.9,82.8,952968.0
1002714,2021-10-28,96.7,99.3,100.2,95.6,439635.0
1002714,2021-11-16,113.5,113.25,115.8,113.0,550939.0
1002714,2021-11-30,112.05,110.0,115.8,110.0,1103057.0
1002714,2022-01-10,121.4,123.15,123.85,121.0,496379.0
1002714,2022-02-08,130.45,134.25,136.0,127.0,1328817.0
1002714,2022-04-21,140.35,146.0,147.25,139.5,1074626.0
1002714,2022-04-22,141.4,139.85,142.5,139.05,945577.0
1002714,2022-04-28,138.8,139.55,141.6,137.55,416962.0
1002714,2022-05-04,124.15,131.8,133.0,123.2,841065.0
1002714,2022-06-09,131.25,123.6,133.4,122.1,1435075.0
1002714,2022-06-14,122.65,116.95,123.0,116.0,575542.0
1002714,2022-08-01,160.05,152.0,161.0,151.95,2058656.0
1002714,2022-08-22,165.35,160.8,166.5,158.7,836286.0
1002714,2022-08-24,172.55,167.2,173.3,166.95,837430.0
1002714,2022-09-07,169.05,166.45,170.7,166.1,361537.0
1002714,2022-10-06,181.9,181.0,183.55,178.5,669068.0
1002714,2022-10-14,191.0,195.15,197.7,189.2,654341.0
1002714,2022-10-21,182.35,187.6,190.0,180.55,339058.0
1002714,2022-10-25,187.2,192.25,192.4,185.1,211723.0
1002714,2022-11-18,174.4,175.95,178.7,173.1,785208.0
1002714,2022-11-25,190.4,188.7,191.0,187.1,378102.0
1002714,2022-12-12,198.1,196.5,199.0,190.6,630926.0
1002714,2023-02-03,197.1,192.45,201.0,185.65,454490.0
1002714,2023-02-14,200.45,201.75,202.85,198.0,621406.0
1002714,2023-02-15,205.6,200.75,206.9,199.1,1138691.0
1002714,2023-02-23,193.55,197.0,197.55,192.9,556928.0
1002714,2023-03-28,195.65,196.3,201.15,194.0,1156694.0
1002714,2023-04-26,235.1,231.55,239.9,231.55,596635.0
1002714,2023-05-24,231.9,234.95,238.0,231.1,220817.0
1002714,2023-06-19,236.05,237.85,239.25,235.0,281174.0
1002714,2023-06-23,231.85,231.9,236.0,227.45,199377.0
1002714,2023-07-14,226.05,218.55,227.65,217.0,1202102.0
1002714,2023-08-17,315.0,298.95,321.0,296.55,1825865.0
1002714,2021-02-26,68.95,65.9,71.45,65.1,2823054.0
1002714,2021-03-24,66.1,66.75,67.9,64.5,768228.0
1002714,2021-04-08,74.45,76.35,76.75,74.2,575448.0
1002714,2021-05-12,80.2,83.2,83.55,79.15,559492.0
1002714,2021-05-17,79.85,78.9,81.25,77.95,355588.0
1002714,2021-05-25,85.95,91.1,92.25,85.35,4150960.0
1002714,2021-07-13,102.7,102.9,106.7,101.75,6572794.0
1002714,2021-08-13,88.9,87.05,93.95,86.5,2726559.0
1002714,2021-08-31,87.4,86.75,90.55,85.5,553333.0
1002714,2021-09-01,84.9,88.0,88.5,84.5,558367.0
1002714,2021-09-06,83.65,86.1,86.2,83.25,619788.0
1002714,2021-09-20,87.2,90.9,91.85,86.7,466672.0
1002714,2021-10-11,104.75,106.6,109.0,101.85,1575225.0
1002714,2021-10-22,98.5,100.0,101.65,96.85,554106.0
1002714,2021-12-06,114.4,118.1,121.65,111.95,845113.0
1002714,2021-12-16,124.0,124.6,126.0,121.0,862760.0
1002714,2022-01-21,133.45,134.95,139.5,131.4,5679066.0
1002714,2022-02-10,129.2,128.6,132.7,127.3,832810.0
1002714,2022-03-07,103.75,106.5,108.5,102.3,898933.0
1002714,2022-03-28,120.9,123.65,123.65,119.7,327294.0
1002714,2022-05-25,109.65,112.1,114.3,107.9,460235.0
1002714,2022-06-30,129.1,126.35,130.25,125.75,654228.0
1002714,2022-07-04,139.0,133.0,139.9,132.1,1574908.0
1002714,2022-07-18,142.6,142.5,144.95,141.3,789801.0
1002714,2022-07-27,148.15,142.2,148.9,141.95,602881.0
1002714,2022-11-01,188.95,193.45,193.45,187.5,551440.0
1002714,2022-12-05,185.2,189.7,189.7,182.85,601215.0
1002714,2023-03-27,198.4,189.95,200.65,185.6,1515796.0
1002714,2023-04-03,216.8,207.95,218.3,207.25,1703525.0
1002714,2023-04-24,231.25,230.4,235.0,230.0,286642.0
1002714,2023-04-28,250.4,241.7,251.4,241.0,1323084.0
1002714,2023-05-29,229.3,228.8,233.0,228.4,199241.0
1002714,2023-06-09,247.4,238.5,250.25,236.2,1385461.0
1002714,2023-06-30,229.3,229.8,230.95,227.55,244826.0
1002714,2023-07-11,219.55,221.0,222.7,219.0,445013.0
1002714,2023-07-24,280.65,271.95,282.8,271.25,650426.0
1002714,2023-07-25,265.75,282.5,284.4,263.85,961403.0
1002714,2023-07-26,269.5,265.9,273.5,265.75,368878.0
1002714,2023-08-18,313.75,315.0,317.8,304.05,684270.0
1002714,2023-08-21,311.35,315.0,315.4,307.1,331277.0
1002714,2021-01-22,49.6,50.4,51.45,49.2,1221182.0
1002714,2021-02-08,58.45,57.2,60.45,55.5,3369270.0
1002714,2021-02-10,58.55,58.2,60.0,57.6,1055995.0
1002714,2021-02-24,64.1,65.05,66.4,62.5,1582441.0
1002714,2021-03-25,63.55,65.45,65.6,62.55,507948.0
1002714,2021-04-16,75.5,73.95,76.45,72.2,979708.0
1002714,2021-04-23,72.75,72.8,74.15,71.25,500925.0
1002714,2021-05-28,80.3,82.45,85.45,79.3,2464068.0
1002714,2021-07-29,94.9,96.2,97.0,94.0,674427.0
1002714,2021-08-06,93.95,94.0,95.35,93.1,705924.0
1002714,2021-10-04,107.2,103.65,108.25,103.65,3032795.0
1002714,2021-10-12,105.55,104.5,107.3,102.35,995028.0
1002714,2021-10-14,109.2,109.0,111.75,107.9,2932004.0
1002714,2021-12-29,113.45,114.8,115.7,112.55,338059.0
1002714,2022-01-13,129.0,121.0,135.5,121.0,7640967.0
1002714,2022-01-27,126.4,127.95,127.95,124.5,784634.0
1002714,2022-01-31,125.8,128.0,128.1,125.25,527911.0
1002714,2022-02-04,130.1,131.5,132.5,129.1,754529.0
1002714,2022-02-15,120.2,118.85,121.0,112.35,1266208.0
1002714,2022-03-08,109.1,103.75,109.95,103.75,784255.0
1002714,2022-03-15,119.15,116.6,121.0,114.4,1230466.0
1002714,2022-03-21,119.7,123.5,124.0,118.0,609035.0
1002714,2022-04-04,136.85,133.95,138.0,132.95,1697026.0
1002714,2022-04-29,136.75,139.75,139.8,136.05,411323.0
1002714,2022-06-13,117.25,122.25,122.35,115.2,647909.0
1002714,2022-06-27,128.1,125.5,129.7,122.85,1326553.0
1002714,2022-07-12,140.05,141.0,142.6,138.45,762250.0
1002714,2022-08-03,157.05,158.95,158.95,155.0,662456.0
1002714,2022-09-08,170.8,170.0,174.65,168.5,395950.0
1002714,2022-10-07,191.85,182.15,194.4,181.9,2025229.0
1002714,2022-10-27,185.9,188.55,188.55,185.0,153409.0
1002714,2022-11-16,174.7,179.7,182.35,173.1,502563.0
1002714,2022-12-06,193.25,185.0,194.0,185.0,1272032.0
1002714,2022-12-14,194.7,194.45,197.05,192.0,276527.0
1002714,2022-12-23,179.9,204.0,204.6,177.2,1573780.0
1002714,2022-12-30,190.85,190.75,194.7,188.4,618120.0
1002714,2023-03-03,191.3,192.5,192.8,189.5,286293.0
1002714,2023-04-19,230.5,221.35,235.7,221.3,925816.0
1002714,2023-06-15,236.6,237.9,244.95,235.35,1062409.0
1002714,2023-07-20,272.55,262.8,275.0,251.25,1806918.0
1002714,2023-08-04,282.65,294.2,295.5,280.9,592100.0
1002714,2021-02-01,49.95,48.4,50.5,47.9,389070.0
1002714,2021-04-22,72.35,71.15,74.75,68.95,796699.0
1002714,2021-03-30,66.5,68.35,69.25,65.65,631532.0
1002714,2021-04-26,79.2,73.95,87.3,72.55,5208519.0
1002714,2021-05-14,77.8,82.45,82.45,76.2,639161.0
1002714,2021-06-23,94.9,95.95,96.4,93.85,958898.0
1002714,2021-06-09,88.55,93.7,94.55,87.95,2338873.0
1002714,2021-06-25,95.9,95.4,97.25,93.2,1147923.0
1002714,2021-07-05,99.95,101.9,102.1,98.45,2434309.0
1002714,2021-07-14,101.65,102.7,104.35,100.7,1297863.0
1002714,2021-08-24,80.4,76.0,81.05,74.6,645738.0
1002714,2021-07-20,95.25,100.0,100.25,94.35,1434956.0
1002714,2021-09-22,89.3,90.4,91.9,88.85,431171.0
1002714,2021-07-30,96.25,95.8,97.45,95.0,737005.0
1002714,2021-09-24,91.95,92.0,92.9,87.85,957209.0
1002714,2021-08-02,98.5,97.1,99.5,96.1,1180699.0
1002714,2021-10-07,101.7,101.1,103.1,101.0,720658.0
1002714,2021-09-29,98.85,99.6,101.0,98.05,1345789.0
1002714,2021-10-13,112.35,106.35,114.7,104.9,6289958.0
1002714,2021-10-18,107.3,110.25,111.5,105.3,1849219.0
1002714,2021-11-11,117.4,118.8,120.8,116.0,1648534.0
1002714,2021-10-26,100.9,98.6,102.25,97.15,633818.0
1002714,2021-11-15,113.25,120.4,120.8,111.6,945857.0
1002714,2021-12-14,125.6,123.5,127.8,120.1,952827.0
1002714,2021-12-01,113.9,112.0,115.0,112.0,493453.0
1002714,2021-12-23,114.95,116.85,116.9,114.1,601416.0
1002714,2022-01-07,122.2,124.75,127.35,120.8,1019363.0
1002714,2022-02-09,130.8,131.4,132.35,127.4,1024756.0
1002714,2022-01-11,119.4,121.4,122.7,118.95,541441.0
1002714,2022-05-16,98.6,100.55,102.5,97.0,1131629.0
1002714,2022-01-17,134.0,130.0,138.4,129.0,4128719.0
1002714,2022-05-31,116.35,116.8,117.75,114.6,308635.0
1002714,2022-01-24,126.9,134.0,135.7,124.2,3555271.0
1002714,2022-02-16,124.45,120.8,127.4,119.1,1341774.0
1002714,2022-06-01,115.35,117.05,119.0,114.05,382324.0
1002714,2022-06-24,122.05,118.9,123.0,117.9,520676.0
1002714,2022-02-23,118.25,122.0,122.5,117.15,674622.0
1002714,2022-06-29,125.75,126.05,129.55,124.25,869455.0
1002714,2022-02-24,102.65,110.0,113.65,100.5,2091038.0
1002714,2022-03-09,110.25,112.85,112.85,108.35,572372.0
1002714,2022-07-01,133.0,130.0,134.3,127.45,870223.0
1002714,2022-09-13,170.2,170.05,171.85,166.1,610756.0
1002714,2022-10-31,194.4,188.0,197.0,186.3,1629647.0
1002714,2022-04-08,134.1,134.1,135.4,133.3,431892.0
1002714,2022-12-28,184.75,186.2,188.65,182.2,729888.0
1002714,2023-01-02,193.05,192.3,194.65,189.85,354810.0
1002714,2022-04-18,147.3,141.0,148.9,138.15,1720664.0
1002714,2022-07-11,141.4,137.15,142.5,136.4,1246268.0
1002714,2022-10-11,193.9,199.0,204.4,188.3,1043290.0
1002714,2023-01-04,190.15,194.35,194.35,187.85,330093.0
1002714,2022-10-12,194.25,195.0,198.75,191.05,714143.0
1002714,2023-01-18,205.05,204.95,207.0,203.35,264062.0
1002714,2022-11-03,185.6,186.85,188.95,182.1,236801.0
1002714,2023-02-02,191.45,193.8,196.5,190.15,164813.0
1002714,2022-11-22,182.85,177.95,183.5,175.6,455073.0
1002714,2023-04-05,226.3,217.5,228.2,216.85,2576949.0
1002714,2023-04-27,240.5,236.75,241.9,234.95,682088.0
1002714,2022-11-23,182.65,183.8,186.95,182.2,441422.0
1002714,2022-12-22,206.25,202.0,210.85,188.05,1580406.0
1002714,2023-05-08,234.6,236.35,240.9,233.1,781873.0
1002714,2022-12-29,189.0,184.95,189.75,183.0,540485.0
1002714,2023-05-16,235.95,235.1,239.45,234.3,449152.0
1002714,2023-01-23,203.3,204.4,206.5,202.0,165955.0
1002714,2023-07-03,228.85,230.85,231.65,228.05,306895.0
1002714,2023-02-10,197.05,196.0,203.25,191.7,778381.0
1002714,2023-07-10,224.15,229.05,229.05,223.45,239729.0
1002714,2023-03-16,178.6,178.4,180.0,174.75,224520.0
1002714,2023-07-13,221.75,214.1,227.1,211.0,2003891.0
1002714,2023-08-10,283.85,277.0,285.0,277.0,331558.0
1002714,2021-01-13,50.8,51.95,52.4,50.0,496160.0
1002714,2021-01-15,49.4,50.5,51.1,49.1,335283.0
1002714,2021-03-23,65.9,64.35,67.7,64.1,1216464.0
1002714,2021-02-09,57.8,58.7,60.95,56.7,2199942.0
1002714,2021-03-26,67.5,63.6,68.0,63.6,1323508.0
1002714,2021-03-08,70.95,70.85,72.5,69.8,2372506.0
1002714,2021-05-11,81.8,80.5,85.3,80.15,1191888.0
1002714,2021-03-09,74.3,71.85,77.1,71.05,3352372.0
1002714,2021-03-17,64.65,68.15,69.0,63.0,991858.0
1002714,2021-06-10,90.05,90.2,91.7,88.95,1164947.0
1002714,2021-06-30,97.15,99.95,100.6,90.0,1436113.0
1002714,2021-03-22,63.6,64.0,64.4,62.35,939468.0
1002714,2021-07-01,93.9,98.3,101.0,92.05,4284839.0
1002714,2021-05-10,81.5,82.0,82.85,81.0,345904.0
1002714,2021-08-09,89.5,94.2,94.7,88.5,1012971.0
1002714,2021-06-17,94.2,93.05,96.35,92.6,1179756.0
1002714,2021-08-26,84.1,84.4,84.8,82.9,622205.0
1002714,2021-08-04,95.85,97.95,98.95,95.25,442643.0
1002714,2021-09-02,83.5,85.5,85.6,82.9,414269.0
1002714,2021-08-10,83.7,89.0,91.0,81.0,1405881.0
1002714,2021-08-18,80.25,84.6,85.1,79.95,840872.0
1002714,2021-09-13,94.1,92.2,95.8,89.85,2705209.0
1002714,2021-10-21,100.25,97.9,100.95,96.25,774684.0
1002714,2021-09-09,92.3,81.5,94.65,81.2,4642195.0
1002714,2021-11-12,120.3,118.3,122.7,116.8,1653129.0
1002714,2021-09-28,100.2,96.0,102.2,96.0,3311385.0
1002714,2021-12-27,114.0,112.85,114.6,111.1,543106.0
1002714,2021-10-25,97.85,99.2,99.2,95.3,414920.0
1002714,2022-01-12,119.8,120.3,122.15,118.3,665747.0
1002714,2021-10-27,99.3,101.0,102.15,98.45,498688.0
1002714,2022-03-04,107.5,111.4,111.45,106.1,668974.0
1002714,2021-11-01,107.85,97.15,108.7,96.85,2937285.0
1002714,2021-11-03,113.95,113.5,115.4,110.7,2036917.0
1002714,2022-03-10,112.3,111.9,115.5,111.0,1212004.0
1002714,2022-04-05,135.45,139.0,141.55,133.3,2431365.0
1002714,2021-11-04,113.65,114.6,115.0,113.0,382534.0
1002714,2022-05-27,114.85,107.45,116.5,106.65,1241018.0
1002714,2021-11-23,114.25,110.0,117.0,108.85,1481368.0
1002714,2022-06-08,124.25,124.2,125.95,122.0,769367.0
1002714,2021-12-09,120.05,119.85,123.65,119.05,647042.0
1002714,2022-08-02,157.9,159.95,162.8,156.5,1274203.0
1002714,2021-12-17,118.45,122.35,123.8,117.0,780990.0
1002714,2021-12-20,111.0,118.4,118.4,107.3,1217979.0
1002714,2022-08-26,171.55,169.2,172.45,168.2,532864.0
1002714,2022-09-20,161.25,165.0,167.6,160.1,827731.0
1002714,2022-02-28,109.2,108.9,110.8,106.15,1487364.0
1002714,2022-10-04,181.0,183.0,184.0,177.2,909787.0
1002714,2022-04-01,132.9,128.5,135.0,128.5,2106101.0
1002714,2022-11-10,180.8,193.9,196.0,179.05,1714924.0
1002714,2022-04-07,134.4,137.0,137.8,131.75,1418286.0
1002714,2023-01-11,193.0,194.4,196.0,189.05,885148.0
1002714,2022-04-19,146.6,148.7,149.5,144.7,1761037.0
1002714,2023-02-22,197.05,204.0,204.1,195.0,948160.0
1002714,2022-05-06,123.8,121.8,125.5,121.75,500871.0
1002714,2022-05-17,106.85,101.95,108.8,101.15,714336.0
1002714,2023-04-17,225.3,227.05,231.25,222.0,736598.0
1002714,2023-05-02,244.55,252.0,259.1,243.25,847997.0
1002714,2022-05-24,112.05,116.25,117.75,110.35,710891.0
1002714,2023-05-03,232.65,244.9,246.05,231.0,827652.0
1002714,2022-07-25,146.65,149.0,150.7,144.6,672455.0
1002714,2023-05-17,233.95,237.1,238.8,232.0,238484.0
1002714,2022-07-28,147.1,149.0,149.55,144.2,557236.0
1002714,2023-06-08,237.2,238.0,240.95,235.1,336883.0
1002714,2022-08-16,161.25,156.9,162.7,156.8,1379867.0
1002714,2022-09-05,169.25,170.0,175.0,168.35,513720.0
1002714,2023-06-22,231.1,230.8,234.55,229.2,308305.0
1002714,2023-07-07,228.1,227.45,229.7,225.0,259430.0
1002714,2022-09-16,157.1,163.35,165.25,155.65,978454.0
1002714,2023-08-22,310.5,311.45,317.5,308.1,366605.0
1002714,2022-11-15,179.75,183.2,185.65,179.0,345601.0
1002714,2022-12-08,200.95,186.5,202.8,186.5,3164548.0
1002714,2023-01-03,192.95,193.95,199.0,192.25,594367.0
1002714,2023-02-20,205.6,201.25,206.5,197.45,3192061.0
1002714,2023-02-27,183.4,195.45,195.45,181.15,1037632.0
1002714,2023-03-10,190.15,188.55,191.95,187.8,222604.0
1002714,2023-04-12,232.6,234.85,236.8,231.1,484827.0
1002714,2023-06-01,230.65,233.45,235.9,228.7,1065895.0
1002714,2023-08-07,275.45,282.65,284.5,273.1,400592.0
1002714,2023-08-23,308.9,310.95,312.8,307.7,75254.0
1002714,2021-02-15,56.25,57.35,58.3,56.15,555914.0
1002714,2021-02-17,58.3,54.8,58.8,54.75,1160040.0
1002714,2021-02-25,67.25,65.3,70.8,63.6,2563211.0
1002714,2021-03-10,73.85,74.95,75.45,72.8,1190889.0
1002714,2021-04-09,77.45,74.4,78.2,74.4,1201567.0
1002714,2021-04-12,72.95,75.5,75.5,70.0,792295.0
1002714,2021-05-03,75.3,74.75,77.05,74.1,495111.0
1002714,2021-05-27,81.8,81.0,84.6,80.75,1763549.0
1002714,2021-06-03,83.7,83.7,84.35,82.05,829943.0
1002714,2021-06-24,94.5,94.5,95.6,89.8,1013741.0
1002714,2021-07-26,98.3,96.75,100.0,95.9,869174.0
1002714,2021-08-05,94.0,96.0,96.4,93.35,518885.0
1002714,2021-09-08,81.7,82.9,82.9,81.55,230539.0
1002714,2021-09-17,91.75,95.1,95.45,91.3,495348.0
1002714,2021-10-01,102.8,98.0,104.0,97.35,2059904.0
1002714,2021-12-15,123.35,126.5,127.1,122.5,729484.0
1002714,2022-01-04,120.3,116.75,121.5,116.5,1630695.0
1002714,2022-03-17,124.2,125.0,125.0,122.5,859097.0
1002714,2022-03-23,122.2,120.5,123.75,120.0,678882.0
1002714,2022-04-12,142.0,140.0,143.5,136.75,1439087.0
1002714,2022-06-10,125.5,128.65,133.6,124.75,1222163.0
1002714,2022-06-22,112.85,116.8,117.2,110.6,267636.0
1002714,2022-06-28,128.35,129.0,130.25,127.35,960336.0
1002714,2022-08-08,158.0,157.0,158.9,155.65,439823.0
1002714,2022-08-10,156.3,158.0,158.0,154.7,559787.0
1002714,2022-08-12,154.5,155.05,156.4,154.0,302320.0
1002714,2022-09-01,172.2,171.4,174.5,171.0,391691.0
1002714,2022-10-28,186.9,186.75,191.0,183.4,283787.0
1002714,2022-11-28,188.0,191.5,194.9,187.35,471972.0
1002714,2022-12-09,196.5,202.2,204.65,194.05,1057466.0
1002714,2023-01-27,189.35,199.0,201.6,185.9,488419.0
1002714,2023-02-06,197.2,197.75,199.95,193.45,351096.0
1002714,2023-05-09,229.7,235.6,237.0,227.75,326429.0
1002714,2023-06-12,238.75,248.55,248.9,238.0,1243871.0
1002714,2023-06-21,229.85,234.9,236.4,229.05,426239.0
1002714,2023-07-21,271.95,270.9,279.0,270.0,1144817.0
1002714,2023-08-08,277.7,276.9,282.0,273.1,343713.0
1002714,2023-08-14,288.3,281.2,292.5,279.2,506358.0
1002714,2021-01-27,48.45,49.4,49.45,48.05,292037.0
1002714,2021-02-04,51.25,52.0,53.0,51.05,456323.0
1002714,2021-02-19,61.55,61.9,63.9,60.0,2653145.0
1002714,2021-04-05,72.35,74.75,74.75,71.05,771208.0
1002714,2021-05-06,82.7,84.3,85.7,82.1,1504278.0
1002714,2021-06-01,79.55,82.5,83.0,78.0,1058158.0
1002714,2021-06-16,96.55,95.95,98.8,91.5,2630216.0
1002714,2021-06-29,98.7,95.0,100.85,94.35,3130699.0
1002714,2021-09-15,96.8,94.3,99.85,93.75,2282533.0
1002714,2021-10-29,97.15,96.35,100.6,95.1,787037.0
1002714,2021-11-22,110.5,123.35,124.0,108.0,1685444.0
1002714,2021-12-31,111.1,109.75,111.9,109.55,487807.0
1002714,2022-01-18,127.8,135.15,136.4,127.0,2022882.0
1002714,2022-02-14,116.75,125.9,125.9,114.35,1432610.0
1002714,2022-02-22,117.8,116.0,118.85,115.0,863142.0
1002714,2022-03-30,126.1,131.25,131.9,125.0,833642.0
1002714,2022-04-26,140.9,136.25,141.8,136.0,1641632.0
1002714,2022-07-07,136.4,140.25,141.2,135.0,1011614.0
1002714,2022-07-13,138.75,140.1,141.55,137.2,473805.0
1002714,2022-07-14,139.6,138.2,141.5,137.5,505786.0
1002714,2022-09-19,164.25,156.1,166.0,156.1,1066356.0
1002714,2022-09-23,175.45,180.95,181.15,173.05,1000698.0
1002714,2022-10-19,188.35,192.95,193.75,188.0,225140.0
1002714,2022-12-20,210.0,216.0,216.2,209.15,1121640.0
1002714,2023-02-01,193.65,197.6,200.9,188.5,281718.0
1002714,2023-02-17,199.25,215.1,219.25,194.4,19069520.0
1002714,2023-03-24,189.1,197.0,197.3,187.9,491136.0
1002714,2023-04-18,220.8,224.85,226.5,218.75,536473.0
1002714,2023-04-25,235.2,231.0,236.7,230.95,464133.0
1002714,2023-05-05,234.35,229.2,237.0,225.5,1290624.0
1002714,2023-05-15,235.4,236.3,238.0,233.55,415596.0
1002714,2023-05-22,232.25,238.35,238.35,230.0,315220.0
1002714,2023-06-20,233.75,236.45,238.35,233.5,519207.0
1002714,2023-07-19,263.4,251.6,265.6,249.05,1989197.0
1002714,2023-07-27,270.95,270.9,274.6,268.0,391603.0
1002714,2021-01-08,50.05,51.1,51.75,49.9,399045.0
1002714,2021-02-11,57.1,58.55,60.35,56.7,1572387.0
1002714,2021-02-12,57.1,57.8,58.15,55.15,941278.0
1002714,2021-02-18,61.3,58.95,62.8,57.3,2127052.0
1002714,2021-04-07,75.65,74.5,79.2,73.8,2077192.0
1002714,2021-04-20,71.15,71.7,73.95,70.2,305727.0
1002714,2021-05-26,84.95,86.75,88.55,84.5,1111872.0
1002714,2021-07-07,98.05,98.0,99.35,96.7,981781.0
1002714,2021-08-03,97.3,98.6,100.0,96.7,1213650.0
1002714,2021-08-20,76.3,79.5,81.8,75.65,705943.0
1002714,2021-08-25,82.3,80.8,84.35,80.2,849869.0
1002714,2021-09-23,91.3,90.9,93.15,89.85,654859.0
1002714,2021-11-08,109.05,113.0,113.0,107.7,719608.0
1002714,2021-12-10,126.2,120.1,128.0,120.1,2368789.0
1002714,2021-12-21,110.3,111.05,114.8,108.6,607025.0
1002714,2022-01-20,134.2,130.0,135.6,128.25,5864314.0
1002714,2022-01-25,127.6,124.1,129.7,120.95,2023326.0
1002714,2022-01-28,125.8,127.7,130.7,125.0,922020.0
1002714,2022-02-11,127.5,128.0,130.1,126.25,802299.0
1002714,2022-03-02,112.15,109.9,114.9,108.25,1361240.0
1002714,2022-03-25,122.7,124.6,124.95,120.95,433224.0
1002714,2022-04-11,140.85,135.9,144.7,134.75,2718937.0
1002714,2022-04-13,143.5,143.0,145.0,141.5,1689229.0
1002714,2022-04-27,138.55,140.9,140.9,137.3,357854.0
1002714,2022-05-23,115.75,112.95,118.9,112.95,921016.0
1002714,2022-06-03,116.05,120.45,120.55,115.55,276890.0
1002714,2022-07-06,140.15,138.4,141.85,134.8,1140226.0
1002714,2022-07-21,151.35,142.85,152.85,141.2,2660761.0
1002714,2022-07-26,142.85,146.5,146.5,141.3,481810.0
1002714,2022-08-18,163.75,163.85,166.35,160.6,863045.0
1002714,2022-08-23,166.45,165.0,170.5,164.6,1268823.0
1002714,2022-09-29,193.0,165.5,195.6,165.35,4954780.0
1002714,2022-10-03,178.8,190.2,194.0,177.05,1315857.0
1002714,2022-10-24,192.25,185.0,194.4,185.0,373398.0
1002714,2022-11-11,180.75,184.6,185.5,179.2,465916.0
1002714,2022-11-30,191.0,185.6,193.0,185.6,510497.0
1002714,2022-12-07,186.5,193.25,194.7,185.6,476345.0
1002714,2022-12-21,200.35,211.9,216.9,196.2,1247122.0
1002714,2022-12-27,185.35,189.9,191.0,184.1,492064.0
1002714,2023-01-10,191.7,189.85,192.45,187.5,296686.0
1002714,2023-01-12,195.35,193.7,196.5,190.75,836401.0
1002714,2023-01-16,204.65,203.5,206.75,201.3,767089.0
1002714,2023-01-31,196.0,193.9,196.4,191.8,176945.0
1002714,2023-02-21,204.25,207.0,208.75,202.1,2783554.0
1002714,2023-03-01,192.25,189.35,194.75,189.35,526808.0
1002714,2023-03-06,190.6,192.8,194.75,190.0,280291.0
1002714,2023-03-08,191.45,190.0,193.1,189.0,308016.0
1002714,2023-03-22,184.25,186.4,187.65,183.7,193854.0
1002714,2023-07-12,215.65,219.5,219.85,214.0,780992.0
1002714,2023-07-28,275.5,269.0,278.45,266.3,398906.0
1002714,2023-07-31,276.7,276.7,281.65,274.55,342827.0
1002714,2023-08-09,277.2,278.0,278.5,273.6,193064.0
1002714,2023-08-11,282.5,284.3,285.8,277.5,363618.0
1002714,2021-01-20,48.65,50.0,50.15,48.5,153654.0
1002714,2021-01-28,49.0,47.95,49.7,47.75,375880.0
1002714,2021-02-03,51.95,49.1,52.5,49.1,1969376.0
1002714,2021-04-06,74.2,72.9,75.95,72.1,1132812.0
1002714,2021-04-13,74.75,72.0,75.3,71.85,772625.0
1002714,2021-04-15,73.05,74.75,74.8,71.55,517317.0
1002714,2021-05-31,80.85,81.5,81.7,77.25,1935651.0
1002714,2021-06-15,95.55,95.7,97.45,94.1,1364185.0
1002714,2021-06-21,92.0,90.4,92.65,89.55,620583.0
1002714,2021-07-02,101.15,93.6,105.85,93.25,8829588.0
1002714,2021-07-08,96.25,98.45,100.0,95.3,1332456.0
1002714,2021-07-12,98.95,97.5,99.75,97.15,1722043.0
1002714,2021-07-16,101.2,103.95,104.15,100.3,846814.0
1002714,2021-08-16,84.5,88.9,89.55,82.9,606310.0
1002714,2021-10-08,105.4,102.5,107.0,99.5,1371996.0
1002714,2021-11-18,122.85,124.6,124.6,117.0,2220360.0
1002714,2021-11-29,110.55,115.0,115.45,106.75,1231945.0
1002714,2021-12-02,119.15,114.9,119.85,113.95,1765341.0
1002714,2021-12-13,122.5,129.75,131.25,119.65,1659759.0
1002714,2021-12-24,112.85,115.1,115.85,111.8,452237.0
1002714,2021-12-28,114.0,114.85,115.7,113.2,270191.0
1002714,2021-12-30,109.05,113.45,115.7,108.15,740920.0
1002714,2022-01-03,115.95,111.1,116.65,110.6,684745.0
1002714,2022-04-20,145.35,146.95,149.5,143.5,1383471.0
1002714,2022-05-13,99.1,101.2,106.8,96.1,1719025.0
1002714,2022-06-16,116.85,123.1,124.55,115.0,453041.0
1002714,2022-09-12,169.8,170.0,174.25,169.0,308894.0
1002714,2022-11-04,185.2,185.6,188.0,183.35,353061.0
1002714,2022-11-14,182.95,184.0,184.7,177.55,555357.0
1002714,2022-11-17,175.65,174.1,177.75,171.8,833344.0
1002714,2022-11-24,187.25,184.0,191.0,183.7,606584.0
1002714,2022-12-02,185.55,187.3,189.7,184.7,273805.0
1002714,2022-12-19,215.0,197.55,216.6,197.55,4320907.0
1002714,2023-01-25,199.1,205.45,206.8,198.15,279320.0
1002714,2023-02-24,195.45,195.15,197.3,193.0,526198.0
1002714,2023-03-14,178.75,185.25,187.15,177.4,292816.0
1002714,2023-04-20,230.2,230.2,232.4,229.0,449255.0
1002714,2023-05-10,235.05,230.5,237.75,228.4,612921.0
1002714,2023-06-05,237.7,250.0,253.0,236.0,2995286.0
1002714,2023-06-07,237.15,240.95,242.8,236.05,373289.0
1002714,2023-06-13,233.85,239.75,240.85,233.2,722158.0
1002714,2023-06-28,227.45,232.45,232.45,225.8,277001.0
