stockid,date,close,open,high,low,volume
963427,2021-01-08,290.1,284.45,292.5,284.45,93510.0
963427,2021-01-28,263.55,263.05,264.75,260.4,24324.0
963427,2021-02-11,290.85,282.9,292.0,281.0,85312.0
963427,2021-02-16,283.15,289.65,293.0,281.65,36410.0
963427,2021-01-11,289.9,293.0,293.4,284.6,58888.0
963427,2021-01-18,263.3,269.65,271.0,262.0,40507.0
963427,2021-01-15,268.3,279.45,279.65,267.55,71403.0
963427,2021-01-05,290.0,280.2,291.4,280.2,133317.0
963427,2021-01-25,258.85,263.0,264.2,256.55,29201.0
963427,2021-01-07,286.05,287.0,288.9,282.75,45675.0
963427,2021-01-20,269.75,269.85,271.95,268.0,21136.0
963427,2021-01-21,266.15,271.05,277.0,265.25,79621.0
963427,2021-01-04,284.55,276.3,286.95,276.3,138033.0
963427,2021-02-12,291.35,292.0,293.5,289.8,66783.0
963427,2021-01-29,264.4,266.95,268.9,263.0,54440.0
963427,2021-02-03,293.5,295.0,302.0,291.0,280980.0
963427,2021-02-08,292.05,290.55,295.55,288.0,54276.0
963427,2021-01-06,285.0,290.0,294.0,281.0,81422.0
963427,2021-01-19,269.85,265.0,272.0,265.0,32331.0
963427,2021-01-12,284.45,288.7,290.25,281.8,57442.0
963427,2021-01-22,262.45,269.25,274.3,260.0,44906.0
963427,2021-02-02,288.65,282.0,292.65,275.0,106388.0
963427,2021-02-04,294.65,296.0,297.45,288.55,78075.0
963427,2021-02-01,280.15,265.5,282.15,263.05,100208.0
963427,2021-02-05,290.55,295.95,299.0,288.3,66871.0
963427,2021-01-01,277.9,276.15,279.45,273.9,42785.0
963427,2021-01-27,264.85,258.85,267.55,256.05,57418.0
963427,2021-02-09,285.75,296.0,296.0,285.2,42941.0
963427,2021-02-15,289.65,291.35,297.15,286.0,70533.0
963427,2021-01-14,278.4,277.95,284.5,277.35,44612.0
963427,2021-01-13,276.5,288.0,288.0,275.0,43532.0
963427,2021-02-10,283.25,287.0,297.9,280.15,349346.0
963427,2021-03-05,318.65,319.7,325.0,310.05,80850.0
963427,2021-02-18,288.65,283.35,290.0,282.65,89664.0
963427,2021-04-20,300.35,310.0,310.0,298.0,29832.0
963427,2021-02-23,294.85,303.5,304.0,293.05,49347.0
963427,2021-03-17,313.0,318.4,319.5,312.0,25486.0
963427,2021-03-09,318.75,314.0,324.0,314.0,46258.0
963427,2021-04-05,306.35,305.0,312.9,304.25,58122.0
963427,2021-04-26,298.1,295.0,324.8,290.0,71108.0
963427,2021-04-27,298.85,301.5,303.75,297.0,36244.0
963427,2021-05-03,301.35,294.0,304.95,290.35,53502.0
963427,2021-05-17,304.95,306.0,311.1,302.2,54150.0
963427,2021-07-09,361.05,359.1,363.45,357.35,44409.0
963427,2021-09-28,368.2,357.0,384.95,357.0,410640.0
963427,2021-10-11,362.15,364.4,370.5,361.1,190705.0
963427,2021-10-27,388.45,355.0,394.9,352.2,1968037.0
963427,2021-11-18,490.9,509.95,514.75,479.25,228256.0
963427,2021-11-30,481.75,452.8,522.0,447.3,2141803.0
963427,2021-12-29,476.1,466.0,485.0,463.0,156139.0
963427,2022-02-15,524.2,488.6,527.95,476.45,338087.0
963427,2022-02-28,469.95,468.0,474.45,451.1,182368.0
963427,2021-02-24,297.3,297.75,300.45,292.0,42248.0
963427,2021-02-25,296.0,297.3,300.0,294.1,31029.0
963427,2021-03-02,294.35,292.0,295.0,291.0,24116.0
963427,2021-03-22,302.6,302.65,309.0,300.0,17464.0
963427,2021-04-08,323.85,310.5,326.0,309.65,177844.0
963427,2021-05-27,319.85,314.95,324.0,311.2,66879.0
963427,2021-08-04,364.1,374.9,376.15,360.55,103064.0
963427,2021-08-20,334.85,339.0,345.25,334.0,86445.0
963427,2021-08-25,348.3,334.1,350.5,330.05,128653.0
963427,2021-08-26,352.3,348.3,354.95,346.55,77603.0
963427,2021-10-05,370.85,361.4,372.0,360.0,115505.0
963427,2021-10-22,357.0,358.1,365.2,355.0,29129.0
963427,2021-12-16,502.15,494.0,508.9,483.0,373516.0
963427,2022-01-03,491.95,486.5,503.0,480.6,276983.0
963427,2022-01-17,561.9,590.0,592.65,557.0,257250.0
963427,2022-01-27,562.1,573.15,581.65,553.0,185064.0
963427,2022-02-08,560.45,564.0,569.8,556.6,187347.0
963427,2022-02-23,480.75,472.9,488.5,472.9,154491.0
963427,2022-02-24,454.1,459.2,469.55,441.9,233324.0
963427,2021-04-22,299.85,299.0,303.9,297.5,14003.0
963427,2021-05-26,314.45,314.65,319.1,311.85,52027.0
963427,2021-06-11,334.75,332.3,340.0,332.3,44344.0
963427,2021-09-07,366.05,376.55,376.55,365.0,64332.0
963427,2021-09-16,366.6,375.9,378.0,364.0,67253.0
963427,2021-11-10,415.0,430.65,436.5,412.3,290119.0
963427,2021-12-08,461.3,468.8,472.0,459.0,74978.0
963427,2022-01-13,556.25,563.6,573.95,548.9,207679.0
963427,2022-01-25,581.65,553.4,589.95,532.1,231537.0
963427,2022-02-03,596.5,563.65,612.9,559.9,1440314.0
963427,2022-02-16,520.7,529.9,534.0,511.35,93385.0
963427,2021-03-01,291.25,295.0,297.65,288.95,26607.0
963427,2021-05-07,299.4,301.95,304.0,298.0,32373.0
963427,2021-05-18,301.7,308.35,308.65,300.0,57120.0
963427,2021-06-14,338.45,339.0,349.9,334.75,291657.0
963427,2021-08-02,377.3,386.95,393.0,375.3,232667.0
963427,2021-08-10,349.45,359.8,362.45,342.7,135551.0
963427,2021-09-09,379.55,373.7,389.15,370.5,108344.0
963427,2021-11-16,495.4,517.1,525.0,485.25,1087838.0
963427,2021-11-22,504.95,497.2,523.5,491.05,594401.0
963427,2021-12-14,475.45,471.7,479.95,468.45,94159.0
963427,2021-12-31,482.25,479.15,486.0,472.3,108509.0
963427,2022-01-14,576.3,556.0,579.8,550.1,268628.0
963427,2022-01-31,556.45,580.0,580.0,554.0,107343.0
963427,2021-03-08,316.95,323.0,331.0,315.1,57211.0
963427,2021-04-09,329.4,329.95,331.9,324.3,112954.0
963427,2021-03-19,302.65,312.0,312.0,299.0,26872.0
963427,2021-04-12,313.65,324.85,324.85,306.05,57106.0
963427,2021-05-04,308.95,308.35,314.85,302.15,207451.0
963427,2021-08-13,359.25,363.95,364.0,356.0,34788.0
963427,2021-05-06,301.75,303.9,305.6,298.8,33436.0
963427,2021-08-31,357.95,371.2,371.2,356.5,106420.0
963427,2021-06-03,342.6,329.0,358.5,322.75,1545338.0
963427,2021-09-03,366.3,354.0,372.95,353.0,161640.0
963427,2021-06-18,322.0,326.1,335.5,318.25,146568.0
963427,2021-07-02,342.3,340.0,348.1,337.25,188131.0
963427,2021-09-15,376.3,375.25,381.05,372.3,140845.0
963427,2021-08-18,342.75,338.75,347.0,338.3,93305.0
963427,2021-12-01,471.5,473.85,497.05,461.25,323176.0
963427,2021-08-27,363.05,352.8,365.95,352.15,71861.0
963427,2021-12-22,484.1,482.6,497.95,480.65,105544.0
963427,2021-09-20,358.7,367.45,367.45,355.0,46408.0
963427,2022-01-24,553.4,579.0,579.0,536.0,206382.0
963427,2021-10-01,357.45,362.7,364.0,355.0,31594.0
963427,2021-10-04,359.2,358.05,362.85,357.15,39985.0
963427,2021-10-26,352.7,354.0,359.0,350.25,38532.0
963427,2021-11-17,511.95,494.0,517.0,481.0,397962.0
963427,2021-12-02,470.45,476.9,489.55,465.15,130129.0
963427,2021-12-03,464.35,475.0,480.0,462.0,642177.0
963427,2021-12-07,460.7,466.0,475.75,459.0,99205.0
963427,2022-01-21,575.65,557.0,589.0,556.0,286170.0
963427,2022-02-02,563.65,556.6,569.5,556.5,93862.0
963427,2022-02-17,508.8,520.95,525.0,505.0,133481.0
963427,2021-02-26,295.0,297.5,299.35,292.5,27651.0
963427,2021-03-24,289.8,295.5,300.0,288.0,52169.0
963427,2021-05-14,305.2,308.95,314.0,302.05,68719.0
963427,2021-06-24,319.45,322.5,325.85,319.0,43319.0
963427,2021-07-06,360.3,359.3,374.9,354.0,535000.0
963427,2021-07-08,362.45,361.0,366.1,358.5,98754.0
963427,2021-07-12,368.95,363.9,373.95,360.05,101434.0
963427,2021-07-29,360.5,364.0,367.05,357.05,100044.0
963427,2021-08-17,338.3,350.0,354.8,334.8,86430.0
963427,2021-11-04,444.6,439.0,449.1,430.0,124322.0
963427,2021-11-26,479.2,508.0,509.7,471.0,119200.0
963427,2021-12-09,460.05,468.5,470.2,459.0,50325.0
963427,2022-01-19,583.75,559.0,585.0,556.9,365201.0
963427,2021-02-19,293.55,290.2,297.0,287.05,106503.0
963427,2021-03-12,321.55,333.9,336.4,318.45,51551.0
963427,2021-03-31,309.75,305.0,339.0,300.2,1320199.0
963427,2021-02-17,283.05,280.0,288.75,278.65,103391.0
963427,2021-03-16,318.55,326.0,326.0,315.9,16941.0
963427,2021-03-03,314.75,294.35,321.1,293.95,181103.0
963427,2021-05-05,301.1,306.8,307.5,299.0,69130.0
963427,2021-03-25,290.4,290.0,300.0,289.5,54793.0
963427,2021-05-11,311.65,306.9,313.7,302.55,90173.0
963427,2021-04-29,300.8,304.75,305.3,297.0,38669.0
963427,2021-06-04,331.65,344.0,345.45,327.1,247127.0
963427,2021-06-17,324.2,333.0,336.25,322.0,196627.0
963427,2021-06-07,326.1,334.0,336.75,324.0,79610.0
963427,2021-06-25,318.85,323.65,324.0,318.0,42642.0
963427,2021-06-10,332.3,328.0,338.0,325.1,52309.0
963427,2021-06-30,336.35,337.05,350.0,334.15,492825.0
963427,2021-07-05,357.45,346.9,364.0,345.55,489383.0
963427,2021-08-11,356.4,349.45,358.5,345.1,121999.0
963427,2021-07-30,383.0,360.5,408.3,360.0,3348040.0
963427,2021-10-13,372.0,366.75,375.0,362.9,109489.0
963427,2021-08-16,349.55,362.45,362.45,349.05,70510.0
963427,2021-10-18,379.05,374.0,397.8,374.0,268804.0
963427,2021-10-14,370.75,374.95,381.1,370.0,172181.0
963427,2021-12-06,460.75,464.35,474.75,455.7,71800.0
963427,2021-12-13,472.05,483.95,484.65,470.0,109354.0
963427,2022-01-10,552.3,550.0,567.9,543.6,1540365.0
963427,2021-12-24,470.15,494.0,494.0,467.0,141975.0
963427,2022-02-10,547.8,565.1,567.0,544.05,89564.0
963427,2021-04-01,307.05,305.35,311.15,302.3,78211.0
963427,2021-04-07,308.9,303.0,312.0,302.05,64587.0
963427,2021-04-15,321.55,321.25,324.0,314.1,38553.0
963427,2021-06-21,319.3,322.0,322.8,316.2,66798.0
963427,2021-06-22,326.0,323.0,333.9,320.65,115195.0
963427,2021-08-12,359.25,359.0,362.4,356.4,36716.0
963427,2021-10-08,364.4,369.05,370.0,362.4,207388.0
963427,2021-10-12,362.75,362.15,370.0,361.5,94082.0
963427,2021-12-21,486.7,484.95,495.9,473.2,209973.0
963427,2021-12-23,487.9,486.95,495.0,481.45,92162.0
963427,2022-02-21,489.45,500.0,506.05,481.05,175489.0
963427,2021-03-30,296.65,287.95,314.0,284.0,75163.0
963427,2021-03-23,298.05,302.0,306.95,294.0,30233.0
963427,2021-02-22,297.7,294.0,304.75,291.85,108160.0
963427,2021-04-13,321.25,313.65,324.0,310.05,46532.0
963427,2021-05-10,302.45,300.25,304.1,293.0,65658.0
963427,2021-06-09,330.3,334.0,339.0,328.5,95824.0
963427,2021-06-15,340.3,339.5,346.45,339.0,55408.0
963427,2021-07-16,382.1,380.2,389.0,379.35,70119.0
963427,2021-07-23,363.35,368.95,368.95,361.15,52700.0
963427,2021-08-05,353.2,362.5,363.85,350.6,300065.0
963427,2021-08-09,360.15,362.4,374.0,356.1,146481.0
963427,2021-09-13,377.85,379.55,382.75,372.25,103771.0
963427,2021-09-17,368.3,367.0,374.45,360.9,102970.0
963427,2021-09-23,359.2,359.95,365.8,357.95,28827.0
963427,2021-09-27,357.8,358.0,366.45,354.0,44997.0
963427,2021-09-29,358.95,368.2,370.25,356.05,117085.0
963427,2021-10-07,369.6,369.0,373.5,368.65,33570.0
963427,2021-11-02,429.55,423.95,435.0,419.0,222652.0
963427,2021-12-15,494.55,477.0,516.9,477.0,1082504.0
963427,2021-12-27,462.7,473.5,473.95,461.0,86869.0
963427,2022-02-09,563.9,562.05,570.0,556.45,120761.0
963427,2022-02-14,492.7,532.6,535.0,490.05,292417.0
963427,2021-04-06,302.65,308.0,310.2,300.0,45745.0
963427,2021-04-23,295.75,301.4,301.4,294.4,27272.0
963427,2021-06-23,320.8,329.0,330.4,318.0,90006.0
963427,2021-06-29,333.6,322.95,338.0,321.8,322098.0
963427,2021-07-19,375.7,379.0,380.95,374.0,45341.0
963427,2021-08-03,372.55,381.45,389.9,370.0,224560.0
963427,2021-08-23,328.1,334.5,340.0,324.95,95493.0
963427,2021-08-24,334.1,325.05,334.95,324.65,53084.0
963427,2021-08-30,371.25,366.85,375.25,365.1,90426.0
963427,2021-09-01,347.9,360.0,362.1,342.1,150020.0
963427,2021-09-08,374.35,364.5,377.5,363.95,150233.0
963427,2021-09-21,357.3,360.0,362.3,355.3,29924.0
963427,2021-10-19,371.05,381.0,385.5,369.0,91252.0
963427,2021-11-11,417.05,418.2,428.25,415.0,76220.0
963427,2021-11-12,481.65,424.0,498.0,415.55,2364450.0
963427,2021-11-29,442.85,476.0,488.8,439.05,172201.0
963427,2021-12-17,468.15,499.45,503.9,463.05,271120.0
963427,2022-01-04,490.2,493.8,509.0,486.2,233518.0
963427,2022-01-18,563.4,565.0,574.0,556.2,225693.0
963427,2022-02-04,573.35,603.4,606.8,570.0,452971.0
963427,2022-02-22,468.2,488.0,489.45,465.55,203053.0
963427,2021-04-30,293.8,298.1,298.5,292.0,45499.0
963427,2021-05-12,302.25,311.0,311.55,300.7,56537.0
963427,2021-06-01,312.05,314.6,323.0,310.55,44996.0
963427,2021-07-14,378.15,379.05,382.15,375.35,88642.0
963427,2021-07-27,362.1,363.5,366.0,359.0,80696.0
963427,2021-07-28,363.5,363.0,367.45,359.0,77119.0
963427,2021-09-22,358.2,362.9,365.75,356.95,50378.0
963427,2021-09-30,362.7,357.0,364.7,355.85,145673.0
963427,2021-10-20,362.95,373.0,373.05,360.55,52114.0
963427,2021-10-28,417.7,387.5,429.0,381.5,3930056.0
963427,2021-12-10,474.3,464.3,488.0,462.0,204767.0
963427,2022-02-07,563.1,571.2,574.7,548.0,368579.0
963427,2022-02-11,535.4,540.0,559.15,530.05,157437.0
963427,2021-03-04,320.0,317.0,328.0,314.95,145136.0
963427,2021-04-19,304.35,308.4,314.8,302.6,64592.0
963427,2021-05-20,298.15,301.0,301.0,296.1,27119.0
963427,2021-05-21,298.8,300.8,300.8,297.0,33626.0
963427,2021-05-31,314.6,320.2,322.5,311.3,42589.0
963427,2021-06-08,330.2,327.9,333.55,320.7,65358.0
963427,2021-07-07,360.75,363.85,368.0,355.2,129299.0
963427,2021-07-20,362.65,377.0,378.15,357.25,72977.0
963427,2021-07-22,364.75,368.8,369.0,358.5,67875.0
963427,2021-07-26,361.65,366.0,366.2,361.0,58987.0
963427,2021-09-06,376.55,368.8,387.8,368.1,442325.0
963427,2021-09-24,358.55,359.2,365.3,358.0,33791.0
963427,2021-10-21,359.95,365.0,369.45,356.0,83600.0
963427,2021-10-25,352.5,357.55,359.0,345.25,45923.0
963427,2021-11-23,510.05,510.2,522.0,505.5,240321.0
963427,2021-11-24,493.1,514.95,524.0,488.05,224813.0
963427,2021-12-20,473.05,463.0,480.0,441.0,183178.0
963427,2022-01-06,485.35,481.0,488.0,477.8,139044.0
963427,2022-01-11,572.1,550.0,586.0,532.1,1312415.0
963427,2022-01-12,565.05,576.0,576.0,558.0,297174.0
963427,2022-02-25,470.8,461.35,481.8,458.4,141023.0
963427,2021-03-10,333.25,323.95,347.3,322.8,376562.0
963427,2021-04-16,321.15,319.5,329.0,318.05,33762.0
963427,2021-05-24,310.5,300.35,315.1,297.3,189636.0
963427,2021-05-28,317.9,324.0,327.0,312.0,92108.0
963427,2021-06-02,324.7,313.5,327.5,312.55,112675.0
963427,2021-06-28,320.45,323.65,324.0,311.0,74816.0
963427,2021-07-01,337.25,339.0,350.0,333.75,198729.0
963427,2021-07-13,378.95,374.0,391.0,371.0,526931.0
963427,2021-07-15,380.2,378.15,381.0,374.0,61888.0
963427,2021-09-02,351.05,350.0,354.95,349.0,29770.0
963427,2021-09-14,377.0,377.85,384.0,375.05,52344.0
963427,2021-11-01,422.4,439.9,448.0,418.8,894550.0
963427,2021-11-03,427.7,428.2,440.0,421.1,189646.0
963427,2021-11-08,450.0,449.0,454.65,442.55,255430.0
963427,2021-11-15,527.45,481.9,533.0,481.9,1557907.0
963427,2022-01-07,532.05,482.3,547.0,482.2,1091423.0
963427,2022-01-20,564.05,578.2,609.9,559.05,521862.0
963427,2022-01-28,569.75,570.7,589.0,564.95,679200.0
963427,2021-03-15,323.25,321.85,328.8,315.0,31275.0
963427,2021-03-18,307.65,319.0,319.0,304.1,38843.0
963427,2021-03-26,287.95,292.35,295.65,285.5,22911.0
963427,2021-04-28,303.8,300.4,307.05,299.0,54663.0
963427,2021-05-19,297.0,302.0,304.0,296.2,49826.0
963427,2021-05-25,311.1,319.2,329.8,309.1,283081.0
963427,2021-06-16,330.35,343.7,354.0,328.0,735478.0
963427,2021-08-06,362.3,353.2,367.3,352.0,170527.0
963427,2021-10-06,366.1,373.9,374.0,364.0,68823.0
963427,2021-10-29,429.2,406.35,439.95,400.0,859272.0
963427,2021-11-09,430.65,454.65,454.65,428.0,120487.0
963427,2021-11-25,511.95,499.0,515.0,492.15,233897.0
963427,2021-12-28,464.3,464.0,474.35,462.0,79752.0
963427,2021-12-30,476.3,476.25,504.9,471.6,505296.0
963427,2022-01-05,485.85,489.8,489.8,484.05,81236.0
963427,2022-02-01,556.6,561.0,563.35,547.4,91455.0
963427,2022-02-18,508.6,510.0,518.0,495.2,91856.0
963427,2022-03-03,445.15,469.6,470.4,441.75,142052.0
963427,2022-05-05,453.95,460.1,470.0,453.05,80946.0
963427,2022-03-11,422.85,412.0,428.0,406.35,164823.0
963427,2022-06-21,516.1,450.0,523.35,447.3,1737942.0
963427,2022-07-06,568.25,574.7,582.7,557.15,525669.0
963427,2022-07-08,571.95,574.8,582.6,568.0,235062.0
963427,2022-08-03,587.7,586.9,595.4,578.1,377133.0
963427,2022-08-18,575.55,569.7,579.0,569.2,121646.0
963427,2022-08-22,579.4,560.95,588.1,556.4,429285.0
963427,2022-10-14,609.2,625.35,645.0,606.6,347261.0
963427,2022-10-19,604.45,610.95,615.0,602.0,80227.0
963427,2022-10-31,615.85,615.15,620.1,606.0,215100.0
963427,2022-12-05,614.05,616.2,619.1,612.05,40434.0
963427,2022-12-09,583.95,604.45,610.0,581.0,136529.0
963427,2023-02-21,497.9,513.45,514.0,496.0,39741.0
963427,2023-03-27,444.1,453.75,454.0,439.0,68538.0
963427,2023-04-06,457.35,460.7,461.6,455.0,26065.0
963427,2023-04-25,448.75,454.0,457.0,446.85,84240.0
963427,2023-05-11,500.1,509.7,511.5,496.3,133694.0
963427,2023-05-29,457.05,463.65,463.65,455.7,34761.0
963427,2023-06-19,488.55,494.0,499.9,485.1,168875.0
963427,2023-08-22,506.85,494.0,508.7,493.0,96299.0
963427,2022-03-14,418.25,424.9,425.95,412.25,176838.0
963427,2022-03-21,429.65,435.0,435.85,426.0,165080.0
963427,2022-04-05,445.15,447.0,457.0,442.15,205253.0
963427,2022-04-25,448.3,451.5,454.0,445.6,41909.0
963427,2022-04-29,460.85,446.35,466.0,446.1,181894.0
963427,2022-05-18,424.8,429.0,433.85,418.3,163309.0
963427,2022-05-19,425.15,416.0,436.75,399.3,186474.0
963427,2022-07-05,577.15,543.8,583.0,541.75,1924908.0
963427,2022-08-01,576.35,599.9,609.95,570.05,579212.0
963427,2022-08-16,565.2,551.95,572.0,545.4,238163.0
963427,2022-09-08,668.4,673.75,688.8,658.25,644830.0
963427,2022-10-24,612.3,605.0,615.45,602.6,23492.0
963427,2022-11-23,632.55,613.0,635.0,613.0,149849.0
963427,2023-01-11,506.15,515.6,518.5,503.5,60683.0
963427,2023-02-28,481.85,470.15,489.0,468.1,102076.0
963427,2023-03-13,469.75,480.95,482.0,467.25,42272.0
963427,2023-04-28,478.2,478.0,483.6,465.2,148778.0
963427,2023-05-04,497.95,502.6,504.0,493.0,62034.0
963427,2023-05-05,484.85,498.7,503.3,483.2,62614.0
963427,2023-06-08,471.7,475.0,475.4,468.7,98766.0
963427,2023-06-12,469.7,470.25,474.0,466.6,47509.0
963427,2023-06-15,476.55,485.0,485.75,475.2,88189.0
963427,2023-06-30,487.4,485.9,491.2,480.5,67842.0
963427,2023-07-03,509.35,492.4,525.0,489.0,815502.0
963427,2022-03-17,431.9,443.0,455.8,430.2,662994.0
963427,2022-03-28,398.15,406.0,414.3,394.0,383317.0
963427,2022-04-08,473.95,468.0,477.4,459.55,227102.0
963427,2022-04-13,469.1,478.0,485.0,466.65,90259.0
963427,2022-04-21,465.95,444.65,470.0,444.65,224666.0
963427,2022-07-27,573.25,574.1,585.95,562.6,195461.0
963427,2022-08-19,564.6,575.0,579.25,560.05,98361.0
963427,2022-08-25,632.8,634.0,648.5,626.0,1975918.0
963427,2022-09-07,668.5,660.0,670.0,655.4,606449.0
963427,2022-10-25,607.1,612.3,612.35,605.15,32213.0
963427,2022-12-06,606.8,611.0,614.9,606.0,55714.0
963427,2022-12-07,591.1,606.0,609.85,586.0,134397.0
963427,2023-02-10,512.25,500.8,515.1,500.8,134449.0
963427,2023-02-13,505.9,512.25,512.25,503.05,30169.0
963427,2023-03-01,487.7,481.0,490.0,478.6,24851.0
963427,2023-03-23,468.2,472.85,473.35,463.35,75115.0
963427,2023-03-29,455.3,440.0,460.4,439.0,106235.0
963427,2023-04-10,459.95,459.8,464.5,459.0,27257.0
963427,2023-04-26,475.75,449.4,480.0,449.4,319700.0
963427,2023-04-27,473.75,480.0,488.7,471.1,143542.0
963427,2023-05-08,495.85,489.7,497.2,486.9,42099.0
963427,2023-06-01,455.7,452.45,458.8,448.85,65783.0
963427,2023-06-06,470.1,463.7,485.0,461.0,440833.0
963427,2023-07-04,511.55,509.35,522.2,509.0,304967.0
963427,2023-08-08,524.9,533.0,533.0,522.4,131937.0
963427,2022-03-25,408.55,423.85,423.85,405.8,142937.0
963427,2022-05-06,436.8,444.9,444.9,430.8,127226.0
963427,2022-05-17,428.6,413.0,434.0,410.05,124765.0
963427,2022-05-20,427.8,431.6,434.35,423.5,62189.0
963427,2022-06-10,454.45,447.0,459.9,447.0,60477.0
963427,2022-06-28,545.95,542.0,555.65,536.05,663725.0
963427,2022-07-15,568.7,554.5,574.0,552.5,235200.0
963427,2022-08-11,564.45,532.0,568.7,531.4,759069.0
963427,2022-09-19,606.3,610.0,620.0,601.1,282156.0
963427,2022-10-28,613.35,616.7,622.1,606.65,59184.0
963427,2022-11-04,617.5,618.0,618.85,611.0,50577.0
963427,2022-11-15,629.4,648.0,650.0,622.0,195047.0
963427,2022-11-17,633.35,608.0,643.75,608.0,273205.0
963427,2022-12-12,574.75,581.0,585.0,570.3,112506.0
963427,2023-01-03,517.15,522.65,524.65,515.15,59947.0
963427,2023-01-23,509.55,510.3,513.75,503.25,55162.0
963427,2023-03-02,482.9,487.7,487.7,478.25,43670.0
963427,2023-03-16,467.5,476.9,484.0,463.55,116785.0
963427,2023-03-31,452.15,457.6,469.0,448.0,96626.0
963427,2023-05-12,498.05,502.5,511.0,496.2,115740.0
963427,2023-05-15,486.15,499.95,508.0,476.1,327172.0
963427,2023-05-18,461.1,469.75,473.0,459.3,93642.0
963427,2023-05-26,456.8,464.0,464.25,454.8,47011.0
963427,2023-06-13,467.45,471.0,473.35,464.8,37075.0
963427,2023-07-06,529.65,537.95,538.95,527.1,158326.0
963427,2023-07-20,558.65,533.0,562.0,530.0,518293.0
963427,2023-07-28,556.75,555.0,561.15,550.1,73346.0
963427,2022-03-15,415.4,422.65,427.95,411.75,169340.0
963427,2022-04-04,440.45,439.9,443.7,428.55,315835.0
963427,2022-05-23,445.15,428.6,454.7,427.8,150624.0
963427,2022-06-15,444.4,432.1,447.0,430.9,122732.0
963427,2022-06-23,487.4,493.7,508.9,476.0,526757.0
963427,2022-06-29,532.15,536.0,544.6,526.95,235711.0
963427,2022-07-12,563.5,564.85,575.55,559.2,122273.0
963427,2022-08-17,569.05,563.95,574.8,556.95,137510.0
963427,2022-09-14,644.85,650.15,664.95,640.0,597977.0
963427,2022-09-15,634.75,651.0,651.0,633.55,342229.0
963427,2022-11-02,619.75,622.5,626.8,612.5,96994.0
963427,2023-01-20,510.3,505.05,519.0,501.55,103089.0
963427,2023-01-31,508.0,470.95,515.0,470.95,275864.0
963427,2023-03-03,484.35,482.9,488.0,480.25,34208.0
963427,2023-05-23,452.6,452.25,454.7,447.95,72414.0
963427,2023-05-31,451.6,450.3,454.8,446.15,170085.0
963427,2023-08-04,533.8,530.85,539.65,530.8,75521.0
963427,2022-03-31,431.0,440.0,443.7,425.9,144481.0
963427,2022-04-18,460.05,461.0,468.7,455.95,97416.0
963427,2022-04-28,446.35,446.85,456.0,441.95,76767.0
963427,2022-07-01,545.25,536.8,549.0,530.25,261012.0
963427,2022-07-20,579.15,579.55,594.8,576.3,366364.0
963427,2022-07-21,592.7,581.0,595.0,577.3,306742.0
963427,2022-08-08,545.65,571.85,572.0,543.05,236648.0
963427,2022-08-29,634.95,621.0,643.0,611.1,762179.0
963427,2022-09-16,605.65,637.95,637.95,583.55,4731202.0
963427,2022-09-23,610.1,639.45,639.45,606.45,241909.0
963427,2022-09-27,595.05,575.0,598.7,575.0,318839.0
963427,2022-11-09,611.55,605.65,615.85,605.0,67575.0
963427,2022-11-16,614.9,625.9,630.25,608.0,124037.0
963427,2022-11-22,618.0,623.5,624.0,613.0,102037.0
963427,2022-12-08,601.4,593.9,612.0,591.0,76802.0
963427,2022-12-19,557.15,557.0,564.0,541.9,159190.0
963427,2022-12-28,525.35,515.0,527.95,510.0,48975.0
963427,2023-01-04,517.3,518.0,522.85,515.0,55374.0
963427,2023-01-24,497.05,506.0,511.0,493.35,55341.0
963427,2023-01-30,470.15,490.0,494.6,467.0,58927.0
963427,2023-02-22,491.85,494.2,499.7,488.1,30964.0
963427,2023-02-23,499.8,487.0,512.35,486.35,143373.0
963427,2023-02-27,467.85,487.0,488.65,465.05,140721.0
963427,2023-05-09,487.75,498.5,500.35,485.0,53353.0
963427,2023-06-05,460.8,456.0,464.4,453.1,106214.0
963427,2023-06-26,482.7,491.2,498.0,480.15,107467.0
963427,2023-06-27,482.4,489.5,489.5,478.95,109392.0
963427,2022-03-08,401.7,401.0,405.0,386.95,197548.0
963427,2022-03-22,435.1,431.95,438.75,424.5,157192.0
963427,2022-03-24,419.2,420.0,427.5,417.0,161402.0
963427,2022-04-01,427.4,427.0,433.6,422.0,223514.0
963427,2022-04-19,441.25,461.25,475.1,431.05,194265.0
963427,2022-05-16,411.25,404.45,414.45,398.1,76572.0
963427,2022-06-01,445.25,446.5,452.3,439.05,102392.0
963427,2022-10-13,622.3,620.0,634.0,619.95,55338.0
963427,2022-10-27,618.75,609.0,630.6,584.3,170230.0
963427,2022-12-13,573.15,577.65,582.7,570.5,53099.0
963427,2022-12-15,571.2,571.55,579.55,567.0,44982.0
963427,2023-01-10,514.15,510.0,519.0,506.75,23665.0
963427,2023-02-07,515.05,506.0,518.0,499.3,65964.0
963427,2023-02-15,511.35,505.0,515.55,505.0,55489.0
963427,2023-03-09,488.85,488.1,493.45,485.45,17502.0
963427,2023-04-03,457.15,459.45,460.65,455.0,41384.0
963427,2023-05-02,500.45,480.0,505.0,480.0,153488.0
963427,2023-06-16,489.15,477.5,491.0,476.0,209882.0
963427,2023-06-22,483.75,487.95,494.0,473.45,83975.0
963427,2023-07-31,573.75,559.45,580.0,555.15,330777.0
963427,2023-08-21,493.6,496.95,501.55,491.6,86650.0
963427,2022-03-04,419.1,438.05,438.45,412.95,569663.0
963427,2022-05-04,457.6,480.0,481.4,450.0,121927.0
963427,2022-03-10,410.0,420.0,424.4,406.9,200646.0
963427,2022-03-23,422.85,435.5,438.0,420.0,161577.0
963427,2022-03-30,437.45,423.0,439.45,418.9,269185.0
963427,2022-04-07,462.5,471.9,476.0,457.0,264998.0
963427,2022-04-12,476.35,475.0,480.0,465.0,152537.0
963427,2022-05-09,431.3,429.3,435.0,421.65,78158.0
963427,2022-05-12,387.75,402.95,408.0,381.0,141313.0
963427,2022-05-26,441.45,470.0,478.15,436.0,1033815.0
963427,2022-06-14,430.9,430.15,443.0,429.0,120981.0
963427,2022-07-04,540.1,545.0,553.6,536.55,180091.0
963427,2022-08-23,584.25,579.4,592.9,578.8,462294.0
963427,2022-09-13,656.25,634.0,660.0,630.2,820446.0
963427,2022-09-29,632.25,629.95,638.8,613.05,394787.0
963427,2022-10-11,636.7,642.0,645.1,630.0,98993.0
963427,2022-12-02,613.1,610.0,619.8,607.5,74711.0
963427,2023-01-09,508.75,508.25,513.35,507.1,28671.0
963427,2023-02-16,513.05,512.65,514.45,509.45,23072.0
963427,2023-03-06,493.95,484.35,498.25,484.05,69278.0
963427,2023-03-08,492.5,489.5,495.75,485.2,24951.0
963427,2023-05-22,451.4,457.95,458.9,445.45,110901.0
963427,2023-07-11,528.15,539.0,543.85,525.05,198314.0
963427,2023-07-17,533.3,540.5,549.2,526.8,200268.0
963427,2023-08-02,536.55,557.0,557.05,529.9,382607.0
963427,2023-08-09,532.6,529.9,534.05,523.1,59238.0
963427,2022-04-22,456.45,464.0,467.0,454.0,78036.0
963427,2022-04-20,443.45,442.45,449.85,433.0,126852.0
963427,2022-06-06,459.5,453.45,462.0,447.05,90360.0
963427,2022-06-07,460.1,459.05,464.0,452.5,72190.0
963427,2022-06-09,453.15,451.15,455.9,448.95,46556.0
963427,2022-06-22,498.5,500.05,521.9,480.65,1331821.0
963427,2022-07-11,566.25,573.8,578.85,561.15,258334.0
963427,2022-07-14,550.75,567.75,576.4,546.5,194434.0
963427,2022-07-18,577.15,575.95,581.45,572.0,194376.0
963427,2022-07-25,593.4,589.0,602.0,585.55,453116.0
963427,2022-07-28,572.25,576.0,583.7,567.6,134083.0
963427,2022-09-02,644.25,639.45,673.15,631.75,1146080.0
963427,2022-09-09,686.5,670.0,694.0,670.0,650475.0
963427,2022-09-20,612.35,607.55,628.15,595.05,421345.0
963427,2022-11-14,644.15,630.0,651.9,629.0,515586.0
963427,2022-12-21,541.45,556.8,559.7,531.0,80292.0
963427,2023-01-02,521.2,523.1,531.75,516.05,72931.0
963427,2023-01-06,504.7,508.0,511.65,503.0,36096.0
963427,2023-01-12,509.4,506.0,515.4,504.85,124828.0
963427,2023-02-03,509.9,507.0,513.0,499.55,38053.0
963427,2023-02-17,514.25,515.65,519.7,512.2,29863.0
963427,2023-04-19,472.7,460.95,474.95,460.95,86565.0
963427,2023-05-17,467.45,474.7,477.7,462.6,93780.0
963427,2023-06-21,488.9,495.8,499.8,486.0,103285.0
963427,2023-08-01,556.85,575.75,580.0,547.1,295297.0
963427,2023-08-17,503.25,502.95,506.95,501.0,49423.0
963427,2023-08-18,497.25,502.25,511.6,494.1,97773.0
963427,2022-03-16,435.45,422.0,444.8,422.0,502556.0
963427,2022-06-20,444.15,463.8,464.35,438.0,224978.0
963427,2022-08-10,524.7,535.0,541.5,522.15,339118.0
963427,2022-08-24,623.2,584.25,630.0,581.15,1975451.0
963427,2022-08-30,639.8,642.7,654.0,633.1,656174.0
963427,2022-11-07,605.65,617.5,620.0,602.7,124874.0
963427,2022-11-10,610.6,607.2,615.5,602.0,58555.0
963427,2022-12-20,556.8,553.6,560.35,547.2,46818.0
963427,2022-12-29,516.85,520.0,522.7,515.05,29301.0
963427,2023-03-10,481.7,486.0,488.3,478.9,29812.0
963427,2023-03-24,454.3,468.0,468.0,450.65,47853.0
963427,2023-06-07,474.1,473.7,476.7,472.2,161486.0
963427,2023-07-21,559.55,562.0,562.9,549.0,199538.0
963427,2022-05-27,449.65,444.1,450.4,437.15,162433.0
963427,2022-05-30,451.0,453.95,464.15,446.2,130424.0
963427,2022-06-03,453.45,476.8,479.9,450.75,256822.0
963427,2022-06-17,464.2,427.8,474.0,421.3,343013.0
963427,2022-07-19,573.9,576.5,597.8,569.45,501210.0
963427,2022-07-22,585.4,594.8,599.9,583.0,231562.0
963427,2022-10-04,648.75,650.0,650.0,641.25,227114.0
963427,2022-10-21,605.5,617.15,619.45,603.0,49546.0
963427,2022-11-03,618.85,611.0,620.0,611.0,78710.0
963427,2022-11-18,628.45,635.0,635.0,618.15,64360.0
963427,2022-11-29,613.2,615.45,620.0,611.0,56262.0
963427,2022-12-16,559.05,567.0,573.85,555.8,83414.0
963427,2022-12-22,522.8,540.0,545.9,518.1,90603.0
963427,2023-01-05,509.45,516.1,522.0,507.3,76448.0
963427,2023-01-17,511.8,512.45,520.45,509.75,61892.0
963427,2023-02-06,506.15,509.9,518.45,502.85,43340.0
963427,2023-02-09,500.8,508.05,514.85,500.0,48631.0
963427,2023-03-14,479.25,470.95,483.95,470.1,42756.0
963427,2023-03-22,473.35,466.75,475.25,463.55,53950.0
963427,2023-05-19,455.95,463.4,463.4,454.7,68550.0
963427,2023-06-20,495.3,490.95,497.0,488.6,147466.0
963427,2023-06-28,482.3,483.0,490.35,479.0,125733.0
963427,2023-07-05,534.2,516.65,543.0,508.0,943496.0
963427,2023-07-12,534.6,533.95,536.1,525.05,182979.0
963427,2023-07-14,540.3,527.75,542.75,520.85,232503.0
963427,2023-07-18,527.45,533.1,536.0,525.15,77210.0
963427,2023-07-19,536.35,529.8,539.8,524.7,107916.0
963427,2023-08-10,532.0,532.55,535.7,526.5,41567.0
963427,2023-08-14,509.8,531.3,534.25,508.0,132224.0
963427,2022-05-11,403.4,414.55,422.0,399.05,108138.0
963427,2022-05-31,446.5,451.0,463.55,440.0,119605.0
963427,2022-06-30,539.6,543.0,562.0,535.15,1123224.0
963427,2022-07-07,573.3,573.25,588.0,566.0,483888.0
963427,2022-07-26,577.85,596.25,596.25,572.3,183925.0
963427,2022-08-02,583.6,579.0,585.0,574.2,215005.0
963427,2022-08-04,577.05,593.7,595.0,562.1,155720.0
963427,2022-08-12,551.95,564.0,564.0,547.55,139858.0
963427,2022-09-12,642.85,690.0,690.0,637.0,1009512.0
963427,2022-10-10,644.4,642.0,654.0,638.0,127720.0
963427,2022-10-18,609.85,614.85,623.25,608.0,102684.0
963427,2022-11-21,622.8,628.45,633.95,615.95,123016.0
963427,2022-11-30,616.55,613.2,619.9,604.8,154785.0
963427,2022-12-26,518.5,486.0,525.0,484.55,186457.0
963427,2023-02-08,514.85,515.05,517.0,511.95,50681.0
963427,2023-02-20,514.25,514.25,518.0,510.25,26576.0
963427,2023-02-24,488.85,499.8,502.25,486.65,31604.0
963427,2023-03-17,459.85,469.85,473.05,456.05,64321.0
963427,2023-03-20,466.05,455.0,473.3,455.0,58510.0
963427,2023-04-17,471.35,476.85,481.0,470.0,87683.0
963427,2023-04-24,454.45,462.95,463.95,453.8,73839.0
963427,2023-06-09,470.3,472.7,474.95,465.4,61915.0
963427,2023-07-07,529.4,533.95,539.5,524.05,240773.0
963427,2023-07-24,564.9,561.95,566.95,555.05,196508.0
963427,2023-08-03,527.95,539.0,544.75,525.55,247960.0
963427,2023-08-11,531.3,536.0,536.0,530.0,25255.0
963427,2023-08-16,502.95,508.95,510.0,501.2,66653.0
963427,2022-03-09,405.1,405.45,410.9,394.0,248696.0
963427,2022-03-29,416.45,400.0,418.9,399.25,318427.0
963427,2022-05-10,414.55,431.0,439.9,410.05,81320.0
963427,2022-07-13,566.35,566.0,581.95,561.9,192078.0
963427,2022-09-05,663.85,648.4,671.0,645.3,545294.0
963427,2022-09-26,573.75,596.9,599.0,565.05,460383.0
963427,2022-09-28,626.7,593.8,631.0,591.6,577498.0
963427,2022-10-17,611.1,605.0,629.6,604.25,208585.0
963427,2022-11-11,629.2,614.0,634.7,614.0,279938.0
963427,2022-12-14,573.9,578.1,579.55,572.0,54374.0
963427,2023-01-13,516.25,508.6,519.25,506.25,80748.0
963427,2023-01-16,517.65,518.8,519.5,514.7,35150.0
963427,2023-01-25,493.9,495.0,509.0,488.0,222776.0
963427,2023-02-14,508.2,505.8,521.0,500.8,112075.0
963427,2023-03-15,480.55,479.25,483.55,475.7,30662.0
963427,2023-03-28,440.0,444.1,445.6,419.65,236517.0
963427,2023-05-16,472.45,485.0,490.0,470.05,157475.0
963427,2023-05-24,457.25,454.75,462.75,453.8,90669.0
963427,2023-05-30,453.4,456.65,458.1,451.05,62674.0
963427,2023-06-14,482.75,470.0,485.05,467.95,233054.0
963427,2023-07-13,525.75,538.0,539.7,523.2,106165.0
963427,2023-07-26,564.15,555.0,568.9,555.0,107881.0
963427,2022-05-13,405.0,390.65,410.5,390.65,226623.0
963427,2022-05-24,456.7,445.15,459.0,438.0,184854.0
963427,2022-06-02,465.0,445.25,469.4,443.5,135777.0
963427,2022-08-26,630.9,637.0,658.4,624.0,1374714.0
963427,2022-09-22,639.85,614.0,649.95,609.65,943473.0
963427,2022-10-06,635.75,653.0,655.95,629.7,416403.0
963427,2022-11-25,616.25,628.2,631.2,615.0,76307.0
963427,2022-12-27,518.05,518.5,529.4,514.7,70410.0
963427,2023-01-27,490.45,490.25,495.15,472.3,136896.0
963427,2023-03-21,462.15,468.4,469.45,459.05,61373.0
963427,2023-04-05,458.3,463.0,464.65,453.5,53732.0
963427,2023-04-21,460.9,463.0,465.55,458.4,45153.0
963427,2023-05-10,503.3,491.6,505.0,485.0,102845.0
963427,2022-03-07,395.95,410.1,410.1,382.05,367603.0
963427,2022-03-02,461.95,460.0,467.2,456.0,128434.0
963427,2022-04-26,451.45,453.55,459.0,444.7,121406.0
963427,2022-04-27,445.5,447.0,449.75,440.25,32847.0
963427,2022-05-25,436.2,456.7,459.45,429.3,142621.0
963427,2022-06-13,430.15,445.0,448.3,427.15,84402.0
963427,2022-06-27,544.5,544.0,558.0,533.3,1347101.0
963427,2022-07-29,593.8,577.0,599.0,575.3,553396.0
963427,2022-09-30,635.15,628.6,649.0,621.2,493038.0
963427,2022-10-03,641.6,633.95,646.0,624.8,160025.0
963427,2022-10-12,625.0,635.0,636.0,616.05,117235.0
963427,2022-11-24,625.05,632.5,634.4,621.0,120264.0
963427,2022-11-28,616.05,617.2,622.55,608.2,89816.0
963427,2022-12-01,609.85,619.65,620.0,608.2,69301.0
963427,2023-02-02,507.8,500.0,512.0,495.55,36568.0
963427,2023-04-13,474.6,467.6,477.65,467.6,81607.0
963427,2023-04-20,463.2,473.0,477.7,462.5,94289.0
963427,2023-05-03,498.75,501.65,506.7,493.15,69440.0
963427,2023-07-27,554.5,563.0,564.85,551.0,81149.0
963427,2023-08-07,530.95,534.95,540.7,526.25,94591.0
963427,2023-08-23,504.25,509.9,510.0,502.7,15662.0
963427,2022-04-06,468.15,442.0,478.75,440.15,606590.0
963427,2022-04-11,477.75,476.45,483.0,473.0,175628.0
963427,2022-05-02,470.15,459.45,478.25,458.7,268904.0
963427,2022-06-08,454.45,461.0,468.45,451.35,78186.0
963427,2022-06-16,427.8,447.2,462.65,422.65,186305.0
963427,2022-06-24,537.8,496.9,546.0,495.0,2324799.0
963427,2022-08-05,571.5,578.0,584.5,568.1,115295.0
963427,2022-09-01,639.45,637.4,645.95,631.5,463235.0
963427,2022-09-06,661.8,671.0,671.95,653.75,452581.0
963427,2022-09-21,614.3,612.5,623.05,606.35,165246.0
963427,2022-10-07,648.65,630.55,655.8,628.05,133925.0
963427,2022-10-20,617.15,603.0,620.05,597.0,273503.0
963427,2022-11-01,629.5,618.95,635.05,617.0,268272.0
963427,2022-12-23,486.8,519.0,522.55,481.05,135445.0
963427,2022-12-30,523.0,518.0,538.0,518.0,147265.0
963427,2023-01-18,508.35,512.5,514.75,504.0,80820.0
963427,2023-01-19,506.25,508.2,512.0,501.55,43388.0
963427,2023-02-01,503.3,505.0,529.8,499.0,171052.0
963427,2023-04-11,449.85,461.0,466.35,447.6,230862.0
963427,2023-04-12,467.6,452.05,475.0,452.0,367934.0
963427,2023-04-18,456.4,473.8,474.15,452.65,135584.0
963427,2023-05-25,459.7,460.0,465.1,457.1,54490.0
963427,2023-06-02,452.8,456.0,459.0,450.85,89050.0
963427,2023-06-23,491.2,489.0,503.7,475.85,464706.0
963427,2023-07-10,534.75,529.5,539.5,527.95,123529.0
963427,2023-07-25,554.8,567.0,573.0,550.85,204986.0
