stockid,date,close,open,high,low,volume
1003585,2022-01-28,741.35,726.0,776.95,724.0,771322.0
1003585,2022-02-02,720.85,737.9,753.85,713.35,429933.0
1003585,2022-03-22,665.15,682.7,682.7,661.15,130825.0
1003585,2022-03-25,672.8,681.5,692.9,670.0,133463.0
1003585,2022-06-02,782.45,770.0,791.7,765.15,166617.0
1003585,2022-06-03,757.95,791.45,792.0,750.35,140717.0
1003585,2022-06-24,647.9,649.9,674.9,642.4,185715.0
1003585,2022-07-06,694.2,656.0,699.5,655.85,187237.0
1003585,2022-07-20,748.9,752.0,763.7,745.05,125247.0
1003585,2022-09-02,1059.05,1095.0,1095.0,1050.05,160519.0
1003585,2022-09-20,1199.65,1249.0,1270.4,1190.4,253033.0
1003585,2022-11-15,1371.85,1374.9,1415.95,1365.05,161494.0
1003585,2022-12-08,1291.75,1293.0,1317.95,1282.5,110392.0
1003585,2022-12-20,1231.4,1241.95,1261.95,1215.0,97469.0
1003585,2022-02-23,615.0,604.0,624.8,604.0,117971.0
1003585,2022-12-29,1100.75,1059.45,1152.4,1038.1,287657.0
1003585,2022-03-09,713.1,643.0,720.0,643.0,463408.0
1003585,2023-01-19,1240.95,1233.0,1265.35,1232.45,61875.0
1003585,2022-04-01,746.5,705.0,750.0,705.0,319823.0
1003585,2023-02-21,1266.4,1340.95,1351.8,1260.0,492096.0
1003585,2022-04-07,811.65,779.0,819.9,774.8,801244.0
1003585,2023-02-24,1224.9,1253.0,1264.95,1204.2,297883.0
1003585,2022-06-21,667.85,644.75,674.8,644.75,120679.0
1003585,2022-06-29,654.15,658.9,667.0,651.65,50351.0
1003585,2023-03-08,1293.75,1294.05,1314.4,1272.0,108777.0
1003585,2023-03-21,1399.05,1413.55,1425.65,1383.0,159040.0
1003585,2022-07-05,656.65,644.7,664.7,642.55,124226.0
1003585,2023-03-29,1352.75,1294.35,1373.9,1294.35,133130.0
1003585,2022-07-12,717.6,730.0,734.7,709.4,76447.0
1003585,2023-05-10,1635.3,1694.2,1703.25,1631.4,166070.0
1003585,2022-08-04,799.65,780.0,802.5,776.15,207047.0
1003585,2023-06-01,1672.05,1689.1,1689.95,1661.0,121592.0
1003585,2022-09-15,1181.55,1149.0,1234.0,1143.65,552250.0
1003585,2022-09-16,1183.3,1185.05,1222.85,1129.5,510245.0
1003585,2022-09-21,1200.9,1197.5,1223.35,1180.4,300192.0
1003585,2022-10-04,1122.6,1106.0,1136.95,1097.0,110106.0
1003585,2022-01-05,772.35,760.0,789.0,740.5,953044.0
1003585,2022-01-17,814.4,750.0,834.0,742.45,2841269.0
1003585,2022-02-10,718.8,725.0,731.4,714.0,128661.0
1003585,2022-02-15,679.3,652.1,685.0,630.25,470238.0
1003585,2022-03-28,674.95,675.0,679.65,665.5,137356.0
1003585,2022-05-18,733.45,725.0,742.15,710.1,135196.0
1003585,2022-06-13,701.75,715.0,717.3,699.0,112963.0
1003585,2022-09-08,1177.25,1142.9,1202.0,1126.0,352177.0
1003585,2022-09-29,1121.5,1129.8,1137.25,1094.6,217663.0
1003585,2022-10-12,1159.15,1159.8,1170.0,1131.15,149644.0
1003585,2022-11-07,1402.35,1442.5,1459.9,1390.45,166889.0
1003585,2022-11-09,1336.55,1409.6,1410.8,1324.55,194127.0
1003585,2022-11-10,1329.9,1336.55,1361.15,1322.6,134087.0
1003585,2022-11-22,1407.35,1383.2,1426.95,1380.0,234636.0
1003585,2022-11-30,1345.15,1309.1,1379.0,1295.15,491162.0
1003585,2022-12-27,1105.8,1049.0,1118.0,1038.05,193481.0
1003585,2023-01-10,1152.9,1172.0,1172.0,1145.25,68292.0
1003585,2023-02-01,1361.7,1413.9,1478.0,1315.55,1051983.0
1003585,2023-02-02,1402.9,1353.05,1441.0,1326.95,357842.0
1003585,2021-12-27,705.75,738.5,741.7,702.35,2137929.0
1003585,2022-01-21,758.75,784.0,804.0,748.6,529262.0
1003585,2022-02-22,597.6,608.9,608.9,584.25,291970.0
1003585,2022-04-18,915.0,871.5,927.5,855.55,774908.0
1003585,2022-05-30,753.7,742.0,771.4,741.25,288630.0
1003585,2022-06-15,702.05,706.2,712.0,695.05,28679.0
1003585,2022-07-14,729.85,728.25,736.4,722.0,98004.0
1003585,2022-08-30,1067.2,1057.0,1097.55,1053.75,697266.0
1003585,2022-09-12,1133.8,1161.0,1181.25,1116.15,159480.0
1003585,2022-09-22,1227.05,1198.0,1248.0,1188.0,268791.0
1003585,2022-10-07,1199.1,1203.0,1215.0,1180.2,110355.0
1003585,2022-10-11,1153.8,1190.1,1244.0,1138.45,183029.0
1003585,2022-12-07,1291.1,1318.65,1325.6,1284.5,82439.0
1003585,2023-02-06,1481.15,1485.45,1540.0,1435.0,829319.0
1003585,2021-12-30,778.3,792.45,814.0,772.05,1904086.0
1003585,2022-02-01,732.6,727.6,748.0,726.0,201773.0
1003585,2022-02-08,704.0,719.0,726.45,694.85,161360.0
1003585,2022-02-09,718.3,717.8,729.95,700.2,365106.0
1003585,2022-03-03,640.75,674.3,679.7,635.25,184980.0
1003585,2022-05-10,691.4,715.0,731.9,681.25,149494.0
1003585,2022-06-09,725.4,725.0,734.0,719.55,62136.0
1003585,2022-08-23,843.05,830.0,855.2,829.85,56757.0
1003585,2022-09-05,1077.4,1064.95,1096.7,1053.6,142703.0
1003585,2022-09-13,1079.6,1141.85,1146.5,1065.35,273094.0
1003585,2022-10-20,1361.25,1354.0,1383.15,1335.75,326542.0
1003585,2023-01-18,1242.5,1261.0,1261.0,1234.55,61271.0
1003585,2023-01-25,1200.15,1223.0,1223.95,1181.8,52005.0
1003585,2023-03-31,1375.7,1362.0,1401.0,1362.0,125138.0
1003585,2021-12-29,787.25,748.0,824.0,740.2,5408945.0
1003585,2021-12-31,759.9,783.75,793.05,756.1,980471.0
1003585,2022-01-14,738.6,748.0,764.4,735.05,322468.0
1003585,2022-01-07,740.65,766.7,769.0,739.25,425068.0
1003585,2022-01-19,795.1,780.0,812.3,756.4,812554.0
1003585,2022-01-25,735.9,718.0,757.5,705.6,298283.0
1003585,2022-01-24,720.45,755.0,765.0,706.0,471275.0
1003585,2022-02-16,677.55,696.0,696.0,671.25,117711.0
1003585,2022-01-27,717.65,722.0,738.9,715.0,185855.0
1003585,2022-02-21,620.55,640.0,646.85,611.0,180059.0
1003585,2022-03-10,670.55,720.0,735.2,665.2,448415.0
1003585,2022-03-24,681.5,664.85,686.3,660.05,253588.0
1003585,2022-03-04,622.9,638.0,646.0,615.0,162100.0
1003585,2022-03-15,663.35,660.0,680.65,656.0,229276.0
1003585,2022-04-13,878.8,886.5,911.0,873.15,368147.0
1003585,2022-03-23,664.3,674.0,678.0,657.1,195562.0
1003585,2022-05-19,704.05,719.9,721.8,701.0,73200.0
1003585,2022-04-26,817.8,859.5,867.55,812.45,224421.0
1003585,2022-05-20,735.15,712.6,744.0,712.6,135980.0
1003585,2022-04-27,817.8,812.95,836.95,807.5,242963.0
1003585,2022-06-17,671.05,679.7,687.8,661.05,71211.0
1003585,2022-07-07,695.2,700.0,714.8,693.2,125002.0
1003585,2022-05-06,717.5,745.1,755.0,712.75,213138.0
1003585,2022-05-09,715.75,707.4,733.45,705.0,169746.0
1003585,2022-07-27,767.35,730.3,770.0,722.05,140719.0
1003585,2022-06-01,772.55,765.0,788.1,762.55,165611.0
1003585,2022-07-28,757.1,769.0,789.0,753.8,164762.0
1003585,2022-06-28,660.6,657.0,664.9,652.55,64810.0
1003585,2022-07-29,776.15,755.0,784.0,755.0,114549.0
1003585,2022-06-30,640.5,655.0,662.05,633.0,105662.0
1003585,2022-10-21,1332.8,1368.1,1397.0,1325.25,225419.0
1003585,2022-11-18,1368.3,1397.35,1424.35,1354.0,179978.0
1003585,2022-07-08,708.75,700.3,718.2,696.1,100083.0
1003585,2022-07-15,716.35,726.0,735.0,712.7,49749.0
1003585,2022-12-14,1261.75,1277.7,1286.0,1257.6,65704.0
1003585,2022-08-16,859.8,840.0,862.0,828.9,159346.0
1003585,2023-01-05,1171.85,1145.0,1176.8,1140.05,90031.0
1003585,2021-12-28,734.6,705.75,748.0,702.0,1586404.0
1003585,2022-01-10,759.6,746.9,774.9,741.95,561329.0
1003585,2022-02-11,713.25,711.0,726.0,710.1,215967.0
1003585,2022-03-11,663.3,670.0,688.0,656.85,286572.0
1003585,2022-04-04,757.25,754.9,771.85,747.0,353926.0
1003585,2022-05-02,778.0,780.0,788.95,766.8,144202.0
1003585,2022-06-08,723.35,746.9,749.95,720.0,97286.0
1003585,2022-06-14,703.5,701.0,714.0,692.85,59186.0
1003585,2022-06-16,676.55,715.0,715.0,672.9,83959.0
1003585,2022-07-11,731.85,704.0,739.9,700.8,109002.0
1003585,2022-07-18,715.6,722.1,744.0,706.0,137529.0
1003585,2022-08-10,833.4,834.8,844.0,816.1,181400.0
1003585,2022-08-26,957.75,900.0,974.0,894.1,661363.0
1003585,2022-09-30,1129.6,1128.0,1167.95,1108.65,271338.0
1003585,2022-10-03,1085.05,1128.0,1145.0,1077.0,156051.0
1003585,2022-10-06,1205.35,1129.85,1219.0,1129.8,356270.0
1003585,2022-11-25,1356.45,1394.0,1406.6,1349.45,137970.0
1003585,2022-12-01,1347.7,1351.9,1374.35,1335.0,101570.0
1003585,2023-02-20,1348.1,1436.0,1438.0,1335.0,373553.0
1003585,2023-03-14,1309.05,1312.05,1320.0,1260.0,116071.0
1003585,2023-03-17,1349.0,1334.75,1397.85,1330.1,255870.0
1003585,2023-05-03,1650.95,1682.0,1685.4,1640.0,92409.0
1003585,2023-05-04,1713.45,1651.35,1735.0,1641.0,336939.0
1003585,2022-01-12,753.95,770.0,776.6,750.0,232552.0
1003585,2022-04-05,767.9,763.7,787.95,744.15,385137.0
1003585,2022-05-04,743.35,774.0,792.1,735.25,129796.0
1003585,2022-05-17,721.15,714.0,725.85,698.2,128485.0
1003585,2022-05-23,758.25,748.0,767.95,725.25,240616.0
1003585,2022-07-01,636.2,639.7,643.45,630.15,62571.0
1003585,2022-07-04,641.3,631.7,647.95,631.65,104053.0
1003585,2022-08-12,838.55,832.1,843.7,821.05,104061.0
1003585,2022-08-17,864.1,864.8,874.8,855.0,146589.0
1003585,2022-08-22,839.75,861.0,861.0,836.0,59129.0
1003585,2022-08-24,881.05,843.0,886.35,842.25,183859.0
1003585,2022-11-16,1364.95,1369.95,1387.7,1340.45,138773.0
1003585,2023-01-11,1170.7,1160.4,1197.0,1160.4,83340.0
1003585,2023-01-23,1210.6,1257.7,1263.25,1197.5,50652.0
1003585,2023-02-07,1503.5,1496.7,1510.0,1470.25,346729.0
1003585,2023-03-20,1406.55,1332.95,1421.7,1304.0,247706.0
1003585,2023-03-24,1371.2,1403.8,1419.1,1360.0,126881.0
1003585,2023-04-17,1666.9,1667.2,1695.0,1634.05,226605.0
1003585,2023-02-15,1395.5,1427.0,1429.9,1391.05,97299.0
1003585,2023-04-18,1591.25,1666.0,1666.9,1575.0,233001.0
1003585,2023-05-31,1689.1,1662.95,1705.0,1655.0,202146.0
1003585,2023-03-03,1333.0,1324.0,1359.65,1324.0,118170.0
1003585,2023-03-06,1292.3,1335.0,1344.25,1284.0,108346.0
1003585,2023-03-10,1318.95,1315.9,1338.7,1293.05,96234.0
1003585,2023-03-13,1321.8,1320.0,1343.9,1299.3,88218.0
1003585,2023-03-15,1318.25,1319.35,1352.0,1300.0,150487.0
1003585,2023-03-23,1396.85,1377.0,1410.0,1366.85,77509.0
1003585,2023-05-12,1589.55,1618.05,1631.95,1580.0,165136.0
1003585,2023-04-06,1437.15,1436.0,1469.8,1421.55,147666.0
1003585,2023-05-25,1606.35,1595.0,1618.95,1565.1,113868.0
1003585,2022-10-27,1335.2,1363.45,1363.6,1325.0,147682.0
1003585,2022-11-01,1343.15,1359.0,1364.0,1317.5,295875.0
1003585,2022-11-04,1436.75,1413.2,1455.0,1408.3,468303.0
1003585,2022-12-02,1353.1,1354.45,1370.05,1341.1,62087.0
1003585,2022-12-05,1335.65,1359.9,1359.9,1323.0,80985.0
1003585,2022-12-09,1274.15,1298.25,1315.4,1251.95,99015.0
1003585,2022-12-22,1121.3,1170.65,1201.45,1098.8,194664.0
1003585,2022-12-28,1062.9,1111.35,1119.0,1058.3,151978.0
1003585,2023-01-03,1138.95,1128.0,1149.75,1118.15,103784.0
1003585,2023-02-27,1202.95,1210.0,1243.0,1179.0,225901.0
1003585,2023-03-28,1301.85,1339.8,1348.5,1295.0,64367.0
1003585,2023-04-19,1589.05,1595.95,1606.95,1558.0,166605.0
1003585,2023-04-25,1669.4,1699.0,1720.0,1660.0,156515.0
1003585,2023-05-08,1699.75,1711.5,1725.0,1685.05,118491.0
1003585,2022-08-19,863.55,865.95,885.0,855.25,141986.0
1003585,2023-05-16,1598.65,1539.9,1620.0,1531.0,347223.0
1003585,2022-10-14,1200.2,1178.7,1230.0,1178.7,364745.0
1003585,2023-05-19,1602.75,1604.95,1628.0,1585.05,95529.0
1003585,2022-12-15,1231.5,1259.9,1272.0,1226.0,70870.0
1003585,2022-12-26,1042.05,1009.95,1065.0,996.35,293518.0
1003585,2023-01-06,1164.15,1177.8,1188.0,1140.0,83505.0
1003585,2023-01-09,1166.45,1170.0,1185.0,1162.0,46575.0
1003585,2023-01-30,1292.1,1260.0,1379.0,1251.2,1487832.0
1003585,2023-01-31,1392.5,1314.0,1427.0,1301.25,859992.0
1003585,2023-05-02,1682.25,1674.0,1702.95,1670.0,110772.0
1003585,2023-05-18,1604.8,1646.85,1663.0,1598.0,126477.0
1003585,2022-01-13,746.0,760.0,760.0,743.45,189888.0
1003585,2022-03-08,642.8,628.05,650.45,620.1,230165.0
1003585,2022-03-21,677.1,675.0,694.7,671.1,154264.0
1003585,2022-03-30,723.5,722.0,740.35,713.3,276393.0
1003585,2022-06-07,746.9,753.95,766.45,740.0,68979.0
1003585,2022-06-10,721.8,721.3,743.95,711.0,103744.0
1003585,2022-06-20,638.95,669.0,675.2,607.75,210354.0
1003585,2022-06-22,640.05,675.0,675.0,635.0,106297.0
1003585,2022-07-26,730.3,742.45,743.1,725.4,67316.0
1003585,2022-08-25,894.6,885.25,919.9,885.25,255536.0
1003585,2022-09-01,1097.8,1058.95,1116.45,1052.45,523229.0
1003585,2022-09-19,1238.2,1186.15,1267.05,1184.5,630308.0
1003585,2022-11-14,1378.1,1394.7,1398.8,1355.0,105739.0
1003585,2022-11-21,1377.85,1364.95,1399.0,1359.35,126272.0
1003585,2022-11-28,1313.75,1355.0,1356.0,1301.15,236481.0
1003585,2022-12-06,1318.65,1334.4,1340.0,1315.2,49465.0
1003585,2022-01-04,758.35,778.5,783.85,753.25,448706.0
1003585,2022-01-18,780.05,821.65,824.5,772.55,823370.0
1003585,2022-01-31,721.8,748.9,755.0,711.05,275063.0
1003585,2022-02-17,664.6,680.0,684.85,660.0,113764.0
1003585,2022-02-28,613.55,598.0,623.95,591.25,195975.0
1003585,2022-03-29,712.9,676.05,721.0,675.35,488207.0
1003585,2022-04-11,871.85,822.0,898.0,815.2,1497070.0
1003585,2022-04-12,877.85,875.95,922.7,862.55,1242955.0
1003585,2022-04-22,856.4,874.0,899.0,851.65,239321.0
1003585,2022-04-29,797.9,844.0,844.0,782.7,141658.0
1003585,2022-06-06,752.65,755.1,770.5,742.1,85330.0
1003585,2022-06-23,642.25,642.0,650.85,635.55,134868.0
1003585,2022-07-19,745.05,715.6,751.7,714.95,228420.0
1003585,2022-08-29,1032.5,948.95,1094.0,941.0,1775361.0
1003585,2022-09-14,1131.5,1063.0,1170.0,1056.2,470244.0
1003585,2022-09-23,1182.1,1232.0,1247.95,1168.05,136668.0
1003585,2023-01-04,1149.1,1137.95,1157.75,1107.6,120272.0
1003585,2023-01-13,1225.75,1168.0,1242.0,1162.45,196912.0
1003585,2023-01-17,1253.45,1252.9,1261.0,1223.5,84898.0
1003585,2023-03-02,1318.05,1334.05,1354.9,1305.8,132627.0
1003585,2023-03-22,1379.05,1399.05,1412.0,1375.2,79132.0
1003585,2023-04-11,1575.3,1481.7,1588.9,1480.0,822671.0
1003585,2023-04-28,1662.95,1638.9,1715.0,1638.85,335600.0
1003585,2022-01-06,761.35,759.95,774.0,758.2,276248.0
1003585,2022-01-11,763.3,759.0,782.5,748.75,564979.0
1003585,2022-02-14,650.05,690.5,712.0,639.05,368995.0
1003585,2022-03-16,674.0,674.9,692.95,666.35,149355.0
1003585,2022-04-06,778.6,763.2,787.45,757.75,316334.0
1003585,2022-04-21,877.15,873.7,891.95,868.0,153985.0
1003585,2022-04-25,847.5,853.9,872.0,835.0,258567.0
1003585,2022-05-26,726.8,721.0,740.85,690.0,263805.0
1003585,2022-05-31,764.65,760.0,771.0,745.25,174206.0
1003585,2022-09-06,1065.7,1089.0,1089.0,1050.0,98937.0
1003585,2022-10-17,1286.15,1202.0,1307.0,1186.95,863574.0
1003585,2022-11-03,1406.85,1349.8,1431.1,1348.05,580391.0
1003585,2022-11-23,1390.8,1412.45,1453.65,1375.7,322316.0
1003585,2022-11-24,1391.4,1399.0,1413.7,1380.1,80903.0
1003585,2022-12-12,1277.4,1267.0,1287.0,1253.4,62703.0
1003585,2023-02-03,1452.4,1410.0,1469.95,1350.0,453864.0
1003585,2023-02-16,1405.9,1400.0,1424.8,1387.45,112236.0
1003585,2023-02-17,1435.8,1400.0,1449.8,1395.0,139415.0
1003585,2022-02-24,585.35,578.3,594.2,575.0,214539.0
1003585,2022-03-02,662.45,610.0,668.8,603.95,431871.0
1003585,2022-03-07,620.1,614.0,633.45,604.6,165831.0
1003585,2022-03-14,655.3,668.0,675.8,648.95,181529.0
1003585,2022-05-11,675.3,696.9,709.0,650.0,185445.0
1003585,2022-05-13,689.25,680.0,703.05,662.2,202085.0
1003585,2022-05-24,714.05,750.0,767.0,710.15,168643.0
1003585,2022-05-25,718.65,717.0,728.8,699.05,139463.0
1003585,2022-05-27,738.85,730.1,755.0,723.55,281005.0
1003585,2022-08-02,750.95,797.0,820.0,742.1,564279.0
1003585,2022-08-08,833.4,820.9,837.0,803.45,227195.0
1003585,2022-08-11,832.2,833.4,852.8,824.95,114922.0
1003585,2022-08-18,866.45,862.85,879.0,856.0,90660.0
1003585,2022-09-27,1131.85,1213.95,1242.75,1123.0,292089.0
1003585,2022-11-29,1302.55,1319.05,1335.8,1267.95,316433.0
1003585,2022-01-03,773.55,764.0,782.9,757.65,773259.0
1003585,2022-02-03,737.1,724.0,743.9,722.85,251681.0
1003585,2022-03-31,702.9,727.5,733.05,698.4,186195.0
1003585,2022-08-01,797.4,776.95,801.25,776.95,140790.0
1003585,2022-09-09,1160.75,1183.45,1185.0,1154.45,113032.0
1003585,2022-09-26,1205.1,1165.0,1219.0,1111.25,351911.0
1003585,2022-09-28,1110.15,1127.5,1149.5,1101.65,179585.0
1003585,2022-10-18,1411.45,1314.9,1451.45,1302.65,1657598.0
1003585,2022-10-19,1360.05,1443.7,1465.0,1341.3,1112138.0
1003585,2022-10-25,1356.65,1342.0,1381.3,1322.85,233338.0
1003585,2023-01-24,1219.25,1210.0,1231.05,1198.0,47953.0
1003585,2023-02-22,1286.75,1260.0,1309.95,1240.4,374275.0
1003585,2023-04-24,1697.45,1680.0,1721.95,1675.9,272345.0
1003585,2021-12-24,755.0,856.05,864.0,743.85,13492548.0
1003585,2022-02-04,731.05,739.95,744.1,728.45,125290.0
1003585,2022-02-07,714.35,725.1,737.2,709.55,193955.0
1003585,2022-02-18,649.1,660.0,672.8,645.05,111159.0
1003585,2022-04-08,821.2,820.0,852.0,802.15,606100.0
1003585,2022-04-19,881.35,925.0,934.8,863.8,436696.0
1003585,2022-04-28,838.1,825.0,847.85,815.6,214696.0
1003585,2022-05-05,759.05,750.1,771.25,743.45,118639.0
1003585,2022-07-13,717.75,724.4,732.0,653.0,100126.0
1003585,2022-07-25,743.45,750.75,756.0,735.0,55443.0
1003585,2022-10-13,1164.5,1158.0,1175.5,1151.0,98442.0
1003585,2022-11-11,1390.65,1341.95,1400.95,1340.5,293449.0
1003585,2022-12-16,1205.15,1226.95,1232.15,1190.0,119108.0
1003585,2022-12-23,1014.85,1098.9,1109.0,1005.8,593798.0
1003585,2023-01-20,1249.4,1242.0,1263.9,1241.15,48788.0
1003585,2023-02-09,1454.5,1492.0,1496.5,1445.2,181005.0
1003585,2023-02-13,1402.45,1422.95,1451.9,1387.35,137567.0
1003585,2023-03-01,1336.95,1309.95,1349.7,1299.2,242098.0
1003585,2023-03-09,1325.45,1290.0,1344.05,1285.15,224345.0
1003585,2023-04-12,1628.85,1575.3,1674.85,1570.0,931291.0
1003585,2023-05-26,1603.95,1597.0,1628.75,1591.25,75972.0
1003585,2022-01-20,783.35,792.0,806.0,775.5,381920.0
1003585,2022-02-25,607.9,599.95,619.5,597.65,164327.0
1003585,2022-03-17,671.05,682.95,684.9,660.1,184809.0
1003585,2022-04-20,865.55,882.0,908.0,858.0,230060.0
1003585,2022-05-12,661.85,664.9,687.75,650.0,169525.0
1003585,2022-05-16,707.6,693.05,714.35,684.1,108019.0
1003585,2022-06-27,659.85,659.9,668.0,656.25,78986.0
1003585,2022-07-21,757.45,750.0,767.5,745.35,126302.0
1003585,2022-07-22,750.75,757.0,763.7,746.0,65512.0
1003585,2022-08-03,775.75,755.0,787.7,751.25,243922.0
1003585,2022-08-05,820.2,802.0,834.5,802.0,358524.0
1003585,2022-09-07,1133.3,1055.05,1156.75,1055.05,284596.0
1003585,2022-10-10,1190.0,1185.1,1209.9,1171.1,97192.0
1003585,2022-10-24,1337.2,1342.6,1348.75,1325.55,47174.0
1003585,2022-10-28,1337.05,1335.05,1372.95,1320.5,171296.0
1003585,2022-10-31,1334.95,1340.0,1365.0,1271.0,402764.0
1003585,2022-11-02,1352.25,1340.05,1387.7,1330.05,317548.0
1003585,2022-11-17,1389.95,1365.0,1428.0,1365.0,268574.0
1003585,2022-12-30,1095.55,1109.0,1124.0,1087.0,123865.0
1003585,2023-01-12,1161.4,1171.45,1176.5,1155.0,48439.0
1003585,2023-01-27,1163.4,1193.85,1197.9,1135.8,105026.0
1003585,2023-02-08,1491.0,1510.0,1516.9,1471.2,233703.0
1003585,2023-02-28,1305.9,1204.0,1335.0,1203.95,392798.0
1003585,2023-03-27,1343.9,1367.15,1376.4,1338.6,46036.0
1003585,2023-04-05,1448.9,1420.0,1459.7,1414.0,187875.0
1003585,2023-04-10,1480.65,1443.9,1497.0,1428.0,228213.0
1003585,2023-04-13,1667.2,1627.55,1698.0,1620.0,578937.0
1003585,2023-04-26,1645.8,1669.4,1688.8,1635.45,131160.0
1003585,2023-04-27,1628.55,1648.0,1658.95,1617.4,99188.0
1003585,2023-05-22,1606.45,1602.0,1625.0,1583.0,95391.0
1003585,2023-05-29,1661.2,1623.15,1698.85,1615.6,390463.0
1003585,2022-12-13,1270.25,1283.8,1293.85,1265.0,60930.0
1003585,2022-12-19,1238.6,1203.4,1268.95,1199.75,160843.0
1003585,2022-12-21,1164.5,1205.05,1252.45,1155.55,138518.0
1003585,2023-01-02,1121.75,1100.0,1129.95,1096.0,119006.0
1003585,2023-04-20,1692.85,1592.0,1748.4,1555.8,1121422.0
1003585,2023-05-24,1598.9,1592.0,1606.95,1564.95,84576.0
1003585,2023-05-30,1665.25,1661.25,1747.0,1653.3,427739.0
1003585,2023-05-09,1697.75,1704.7,1730.6,1691.0,98339.0
1003585,2023-05-23,1592.15,1606.0,1615.95,1584.3,71447.0
1003585,2023-02-23,1243.75,1294.8,1294.8,1235.0,172326.0
1003585,2023-03-16,1337.25,1312.0,1344.5,1280.25,128739.0
1003585,2023-04-21,1684.6,1701.0,1738.45,1664.0,437353.0
1003585,2023-05-11,1624.85,1646.4,1654.0,1611.0,120451.0
1003585,2023-05-17,1640.05,1607.65,1649.95,1607.5,209627.0
1003585,2023-01-16,1246.65,1240.95,1251.95,1222.5,114684.0
1003585,2023-02-10,1422.95,1447.65,1453.0,1411.85,163339.0
1003585,2023-02-14,1422.45,1409.5,1432.4,1400.0,107414.0
1003585,2023-04-03,1424.4,1382.85,1455.0,1381.05,300188.0
1003585,2023-05-05,1711.5,1715.0,1769.9,1695.85,202252.0
1003585,2023-05-15,1536.25,1575.0,1575.0,1512.0,287827.0
1003585,2023-07-26,2005.45,1999.9,2045.9,1995.5,87123.0
1003585,2023-07-12,2019.75,1939.0,2060.0,1911.05,424435.0
1003585,2023-07-19,2052.3,2080.05,2082.85,2040.8,95802.0
1003585,2023-06-02,1702.05,1674.0,1723.0,1674.0,174789.0
1003585,2023-06-07,1783.7,1810.0,1839.95,1770.0,172811.0
1003585,2023-06-09,1767.8,1805.7,1820.0,1758.0,138227.0
1003585,2023-08-22,2401.95,2373.05,2426.0,2322.3,466812.0
1003585,2023-08-09,2112.3,2057.9,2130.0,2057.85,763272.0
1003585,2023-07-05,1892.55,1883.0,1909.0,1864.0,149195.0
1003585,2023-07-21,2057.55,2070.0,2079.75,2036.2,84268.0
1003585,2023-07-07,1897.7,1913.5,1923.9,1889.0,81754.0
1003585,2023-06-14,1734.8,1696.0,1756.75,1696.0,228857.0
1003585,2023-06-16,1870.6,1802.55,1899.75,1800.0,646008.0
1003585,2023-08-03,1977.15,1994.2,2019.95,1964.0,73042.0
1003585,2023-08-10,2122.75,2126.9,2130.0,2060.8,179981.0
1003585,2023-08-23,2395.0,2400.0,2424.4,2363.2,105199.0
1003585,2023-06-27,1878.05,1814.65,1891.95,1810.1,166518.0
1003585,2023-06-15,1794.35,1742.6,1809.0,1735.0,279423.0
1003585,2023-07-25,1997.2,2013.0,2025.0,1975.0,101917.0
1003585,2023-06-19,1921.25,1889.55,1955.0,1885.0,501070.0
1003585,2023-08-01,2010.65,2044.45,2054.65,1999.6,72695.0
1003585,2023-06-23,1802.2,1830.95,1848.65,1781.55,159452.0
1003585,2023-07-17,2093.95,2049.8,2100.0,2034.55,315246.0
1003585,2023-07-10,1921.5,1900.0,1947.0,1865.65,123354.0
1003585,2023-07-18,2071.35,2099.6,2105.0,2015.9,163957.0
1003585,2023-07-28,2009.25,1984.0,2021.55,1944.95,113014.0
1003585,2023-07-24,2012.25,2069.95,2069.95,2001.0,135298.0
1003585,2023-06-08,1796.5,1784.95,1829.9,1728.55,317750.0
1003585,2023-06-20,1889.85,1928.45,1948.8,1873.05,178052.0
1003585,2023-06-21,1909.8,1889.85,1925.0,1871.5,200222.0
1003585,2023-06-06,1795.3,1789.95,1818.9,1766.05,370090.0
1003585,2023-08-08,2031.35,2019.8,2040.0,2007.7,79352.0
1003585,2023-08-11,2090.0,2130.0,2130.0,2075.0,109472.0
1003585,2023-08-17,2228.3,2179.95,2267.95,2173.5,320921.0
1003585,2023-06-05,1762.55,1704.0,1786.0,1703.05,390628.0
1003585,2023-06-13,1691.05,1742.0,1750.9,1682.0,185361.0
1003585,2023-07-06,1916.95,1897.6,1932.45,1878.0,121744.0
1003585,2023-06-28,1867.9,1884.85,1917.95,1858.85,137175.0
1003585,2023-06-30,1868.2,1880.9,1909.85,1862.8,113440.0
1003585,2023-07-20,2079.8,2062.0,2099.0,2042.65,106388.0
1003585,2023-08-04,1978.75,1982.0,1995.6,1965.0,54340.0
1003585,2023-07-03,1890.6,1882.0,1900.0,1869.5,82788.0
1003585,2023-08-02,1994.2,2011.0,2030.0,1955.55,84200.0
1003585,2023-08-16,2164.85,2104.65,2175.0,2100.0,294814.0
1003585,2023-06-12,1739.2,1777.0,1795.1,1730.55,133821.0
1003585,2023-06-22,1826.1,1908.35,1916.05,1815.0,187915.0
1003585,2023-06-26,1806.65,1792.1,1837.0,1782.2,115511.0
1003585,2023-07-04,1875.55,1899.95,1899.95,1852.5,84975.0
1003585,2023-07-11,1956.95,1914.0,1988.8,1908.0,296612.0
1003585,2023-08-18,2158.55,2239.9,2248.65,2140.3,178334.0
1003585,2023-07-13,2095.45,2049.95,2250.0,2040.05,2145382.0
1003585,2023-07-14,2026.5,2131.9,2174.0,1980.1,651721.0
1003585,2023-07-27,1982.7,2005.45,2010.0,1979.0,76933.0
1003585,2023-08-14,2099.65,2090.0,2118.0,2025.55,122876.0
1003585,2023-07-31,2037.7,2009.95,2045.0,2005.0,88180.0
1003585,2023-08-07,2010.75,1990.0,2021.5,1960.55,92876.0
1003585,2023-08-21,2364.6,2178.8,2415.0,2172.65,1465162.0
