stockid,date,close,open,high,low,volume
817865,2021-02-02,118.95,117.55,121.0,117.1,5872278.0
817865,2021-02-04,126.85,125.5,127.4,124.95,7014155.0
817865,2021-02-26,124.0,127.75,127.75,123.45,8603748.0
817865,2021-03-17,135.7,139.5,139.9,135.0,8175296.0
817865,2021-04-01,114.4,114.6,114.8,113.45,4394808.0
817865,2021-04-06,114.35,111.85,115.75,111.05,10028307.0
817865,2021-06-01,119.15,120.4,121.25,118.2,3091376.0
817865,2021-07-19,127.1,127.0,130.2,125.5,8553431.0
817865,2021-01-13,121.1,122.8,123.15,118.5,5563836.0
817865,2021-03-10,134.4,133.6,135.45,133.0,5184523.0
817865,2021-03-22,121.45,123.5,124.45,121.05,5071374.0
817865,2021-05-06,108.85,109.8,110.45,108.6,5237830.0
817865,2021-07-20,127.55,126.65,128.5,125.1,7147940.0
817865,2021-01-08,120.95,120.7,121.85,119.75,6738729.0
817865,2021-02-16,133.7,132.45,135.9,131.9,8526216.0
817865,2021-03-03,133.55,130.0,134.35,129.55,7643071.0
817865,2021-03-18,132.0,136.95,138.8,130.35,14668468.0
817865,2021-05-24,119.35,119.45,120.5,119.0,4127310.0
817865,2021-05-31,120.3,121.1,121.75,120.0,4718491.0
817865,2021-07-05,123.15,121.9,123.45,121.25,6017396.0
817865,2021-07-14,123.9,124.4,125.45,123.4,2423761.0
817865,2021-07-26,127.8,128.4,129.0,127.1,2173511.0
817865,2021-01-27,111.55,114.0,114.25,111.0,5101492.0
817865,2021-01-29,109.8,111.1,112.9,109.3,5874191.0
817865,2021-02-12,126.45,128.0,128.15,125.3,4868928.0
817865,2021-03-23,120.6,121.5,122.7,118.0,11934744.0
817865,2021-06-11,130.5,132.3,132.75,129.65,5599022.0
817865,2021-07-09,121.65,121.6,121.9,120.5,4585735.0
817865,2021-01-05,118.6,118.0,119.45,116.5,6273763.0
817865,2021-01-15,121.4,121.5,124.4,120.0,11088193.0
817865,2021-01-22,115.65,118.55,119.05,115.05,5931555.0
817865,2021-01-28,110.1,110.0,111.95,108.9,7276232.0
817865,2021-03-16,138.9,138.0,139.65,137.2,8352065.0
817865,2021-05-10,114.35,111.85,114.8,111.1,6876726.0
817865,2021-06-10,130.75,130.2,131.85,128.1,10710244.0
817865,2021-07-07,121.75,122.25,122.25,120.6,2418174.0
817865,2021-01-11,119.75,121.75,121.9,118.4,4198241.0
817865,2021-01-19,122.3,117.9,122.8,117.9,7769571.0
817865,2021-02-01,116.4,111.2,117.1,108.45,7132451.0
817865,2021-02-09,125.95,128.0,128.5,125.2,5335432.0
817865,2021-03-31,113.75,111.5,114.85,111.2,6736768.0
817865,2021-04-08,115.15,116.8,118.95,114.75,8471455.0
817865,2021-04-28,107.95,109.45,109.45,107.65,4146451.0
817865,2021-05-25,118.95,120.0,120.35,118.65,2953618.0
817865,2021-02-11,127.5,127.1,128.4,126.1,6265809.0
817865,2021-04-07,116.55,114.3,117.15,114.0,6608224.0
817865,2021-04-29,107.15,109.3,110.55,106.9,5466744.0
817865,2021-05-03,106.95,108.0,108.25,106.1,4550685.0
817865,2021-05-27,117.1,118.45,118.45,116.25,10693299.0
817865,2021-06-16,129.25,129.0,132.9,128.6,18689058.0
817865,2021-06-17,127.0,128.7,128.7,126.4,8153963.0
817865,2021-07-06,121.5,123.15,124.1,121.3,3335347.0
817865,2021-07-12,123.5,122.7,124.8,122.35,5046637.0
817865,2021-01-14,120.9,121.95,122.7,120.65,2859467.0
817865,2021-02-10,127.15,125.95,128.25,125.25,7931113.0
817865,2021-02-15,131.1,127.15,132.0,126.65,11622876.0
817865,2021-04-22,106.4,104.6,106.9,104.6,2726234.0
817865,2021-04-23,106.8,105.95,108.6,105.7,3315877.0
817865,2021-06-07,125.75,122.95,126.0,121.5,8393705.0
817865,2021-06-09,129.4,125.15,133.0,124.5,24567695.0
817865,2021-06-18,124.35,127.2,127.85,123.05,12978891.0
817865,2021-07-16,127.55,126.25,128.05,124.75,5742893.0
817865,2021-01-04,118.55,116.0,119.15,115.5,5623411.0
817865,2021-01-18,117.4,122.1,122.1,116.3,7611740.0
817865,2021-01-20,121.45,122.0,122.85,120.4,4272263.0
817865,2021-02-18,131.0,130.75,132.95,129.9,8284927.0
817865,2021-02-24,124.4,122.8,125.7,122.4,3099798.0
817865,2021-04-13,109.95,106.4,110.3,105.05,6332151.0
817865,2021-04-19,105.1,105.9,106.4,104.4,3154591.0
817865,2021-04-30,108.4,106.05,110.65,105.65,6948975.0
817865,2021-05-26,118.0,119.45,119.5,117.9,2607444.0
817865,2021-06-22,123.7,125.5,126.2,123.5,5022909.0
817865,2021-02-03,124.95,120.25,125.95,118.8,10862840.0
817865,2021-02-17,130.0,132.95,133.75,129.55,7009615.0
817865,2021-02-25,129.75,125.5,130.95,124.75,10842652.0
817865,2021-03-04,133.7,132.4,138.7,132.0,17466298.0
817865,2021-03-12,137.7,136.25,140.5,134.5,25608930.0
817865,2021-05-07,110.9,109.8,111.8,109.1,5270886.0
817865,2021-05-18,116.4,116.55,118.25,116.0,4424148.0
817865,2021-05-20,117.0,117.45,117.85,115.0,5371363.0
817865,2021-06-02,121.6,119.45,121.85,119.45,3923882.0
817865,2021-06-08,124.75,126.15,126.95,124.25,7912205.0
817865,2021-07-22,128.85,127.95,129.85,127.9,5739430.0
817865,2021-01-06,118.75,119.7,120.3,117.2,5847952.0
817865,2021-01-07,119.3,120.0,121.1,118.7,5381657.0
817865,2021-03-19,123.5,123.0,124.65,119.45,26315676.0
817865,2021-03-26,114.55,114.0,116.65,113.75,9417088.0
817865,2021-05-14,113.45,116.25,117.1,113.2,4645651.0
817865,2021-06-14,129.55,130.9,130.9,126.0,4730773.0
817865,2021-06-25,123.5,124.0,124.25,122.25,2688528.0
817865,2021-07-08,121.4,121.75,123.95,120.8,3565754.0
817865,2021-07-23,128.45,129.3,129.75,128.15,3603743.0
817865,2021-01-21,118.7,121.95,122.4,118.0,4176545.0
817865,2021-02-08,128.1,126.5,128.45,126.3,6044291.0
817865,2021-02-22,121.65,124.55,126.65,120.6,5680695.0
817865,2021-03-02,129.6,127.95,131.65,127.55,7525391.0
817865,2021-03-08,133.75,129.45,135.0,129.15,9572482.0
817865,2021-03-09,132.45,135.3,135.8,131.0,7227225.0
817865,2021-04-26,106.95,107.2,108.0,106.6,3002608.0
817865,2021-05-21,118.85,118.0,120.25,117.8,10974303.0
817865,2021-05-28,120.5,118.4,121.85,117.55,10895627.0
817865,2021-06-24,122.5,123.5,123.85,121.55,5233446.0
817865,2021-06-28,124.15,124.2,125.85,123.4,5822409.0
817865,2021-04-05,111.45,114.0,114.35,109.7,10498788.0
817865,2021-04-09,113.9,115.2,116.8,113.2,5422387.0
817865,2021-04-15,109.45,108.0,111.6,108.0,6390488.0
817865,2021-06-21,124.4,123.05,124.75,122.4,6002982.0
817865,2021-06-29,124.05,124.4,125.35,123.5,3821959.0
817865,2021-07-15,125.7,123.9,127.4,123.7,7960713.0
817865,2021-01-12,121.45,119.65,122.2,119.0,5873583.0
817865,2021-01-25,114.25,116.15,116.9,112.55,5322968.0
817865,2021-02-05,126.15,127.75,132.2,125.4,12652086.0
817865,2021-02-19,124.3,131.5,131.7,123.0,9242042.0
817865,2021-03-25,113.6,116.45,117.1,112.7,8488100.0
817865,2021-03-30,111.1,116.4,116.4,110.2,12662131.0
817865,2021-04-20,105.55,106.5,108.3,104.75,2592866.0
817865,2021-05-04,107.8,107.25,111.75,106.95,12461870.0
817865,2021-05-11,117.0,112.9,117.45,112.3,11176061.0
817865,2021-05-17,115.6,114.9,115.95,113.5,5209731.0
817865,2021-06-04,122.2,121.0,123.85,120.8,6991327.0
817865,2021-02-23,121.8,121.9,124.4,119.75,6195403.0
817865,2021-03-01,126.85,125.4,127.5,123.2,7275527.0
817865,2021-03-15,136.85,139.7,140.1,134.5,16044441.0
817865,2021-03-24,116.85,119.45,120.9,116.5,8767220.0
817865,2021-04-12,104.75,112.0,112.0,104.1,12912590.0
817865,2021-01-01,115.05,114.8,116.0,114.1,3818700.0
817865,2021-04-27,108.5,107.45,108.85,105.9,6809612.0
817865,2021-03-05,128.55,132.95,132.95,127.45,9324501.0
817865,2021-05-05,109.15,108.65,110.0,108.25,4899083.0
817865,2021-05-19,116.45,116.3,118.2,115.7,3214701.0
817865,2021-04-16,109.1,109.35,110.0,108.5,3028316.0
817865,2021-05-12,115.25,118.15,119.25,114.5,7682321.0
817865,2021-06-03,120.75,121.75,122.3,120.2,2754727.0
817865,2021-06-23,123.15,124.55,126.25,122.95,6092579.0
817865,2021-06-15,127.85,130.0,132.9,127.5,16081389.0
817865,2021-06-30,128.8,124.4,130.3,122.6,27357259.0
817865,2021-07-02,121.05,122.45,123.0,120.6,5550796.0
817865,2021-07-01,121.95,129.5,129.55,121.5,23050917.0
817865,2021-07-13,124.25,123.9,124.6,123.5,2854050.0
817865,2021-08-02,133.6,131.0,134.0,130.1,9750167.0
817865,2021-07-30,129.95,127.35,131.9,127.35,7590366.0
817865,2021-09-01,129.3,129.1,130.2,127.8,4150692.0
817865,2021-08-23,123.15,125.0,126.7,122.3,5093362.0
817865,2021-08-25,125.85,125.0,127.15,124.75,2777090.0
817865,2021-09-21,133.4,133.45,134.5,130.85,3808229.0
817865,2021-09-24,135.15,138.7,139.9,134.5,3610642.0
817865,2021-11-04,137.05,137.0,137.5,136.1,462636.0
817865,2021-11-25,123.75,124.5,124.9,122.3,5662771.0
817865,2021-12-03,121.2,122.25,122.95,121.0,2825330.0
817865,2021-12-28,120.15,119.9,120.65,119.4,1602221.0
817865,2021-12-31,119.75,117.9,120.55,117.9,1635831.0
817865,2022-01-07,123.8,124.45,126.2,123.25,4744765.0
817865,2022-01-12,125.8,126.2,126.6,124.6,2494745.0
817865,2022-01-19,124.5,123.7,125.8,123.05,1822098.0
817865,2022-01-20,125.0,124.65,125.65,123.9,1249518.0
817865,2022-02-10,123.15,120.9,123.8,120.4,7913066.0
817865,2022-03-02,109.55,108.75,111.45,108.3,3763643.0
817865,2022-03-04,109.05,109.25,110.35,107.8,4606383.0
817865,2022-03-14,111.95,112.7,113.15,110.4,4310492.0
817865,2022-03-23,116.0,117.0,117.1,115.75,2903814.0
817865,2022-04-06,121.9,119.65,123.45,119.3,8169380.0
817865,2022-04-20,117.9,118.8,119.3,116.85,3223238.0
817865,2022-05-16,105.7,106.65,107.0,104.25,4182025.0
817865,2022-05-30,110.9,110.35,111.15,109.5,2484247.0
817865,2022-05-31,111.35,110.5,111.95,110.4,2178121.0
817865,2022-07-21,111.7,111.35,112.05,111.0,2803196.0
817865,2022-07-29,115.95,114.8,116.4,114.65,2863948.0
817865,2022-08-18,118.6,119.35,120.1,117.35,3864394.0
817865,2022-09-09,116.15,118.1,118.2,114.6,7303226.0
817865,2022-09-20,113.35,113.6,114.8,112.95,6711119.0
817865,2022-09-23,110.2,112.35,112.65,109.6,5478864.0
817865,2022-11-21,125.05,125.4,126.35,123.6,7470157.0
817865,2022-11-30,135.9,135.0,136.4,134.1,6100266.0
817865,2022-12-08,144.55,142.8,144.9,141.85,9060124.0
817865,2022-12-21,137.6,142.25,142.95,136.55,5286761.0
817865,2022-12-27,136.5,137.1,137.8,135.05,2872557.0
817865,2023-02-06,143.4,141.65,143.8,141.4,2878065.0
817865,2021-09-29,144.25,143.45,148.15,140.35,14522007.0
817865,2021-08-16,132.2,128.0,132.45,128.0,7059173.0
817865,2021-09-03,128.55,128.5,130.75,127.9,2971252.0
817865,2021-09-17,138.3,136.9,139.5,135.15,12305024.0
817865,2021-09-20,133.45,136.5,138.2,132.5,4894867.0
817865,2021-09-30,142.1,145.45,146.4,141.0,7490532.0
817865,2021-12-15,122.35,123.75,124.9,122.15,2330939.0
817865,2021-12-30,118.0,119.3,119.35,117.55,1311335.0
817865,2022-01-05,123.8,123.75,124.35,123.1,1907740.0
817865,2022-02-02,123.05,122.7,124.35,122.35,7250803.0
817865,2022-02-28,109.85,108.0,110.15,106.9,5205679.0
817865,2022-03-28,113.8,114.95,115.1,113.0,2483435.0
817865,2022-04-01,116.2,112.5,116.5,112.5,3922352.0
817865,2022-04-27,118.7,117.75,119.35,117.75,8885459.0
817865,2022-05-02,116.85,116.75,117.4,115.9,2334609.0
817865,2022-05-06,112.75,112.3,113.25,110.65,3035634.0
817865,2022-05-18,109.1,109.7,110.65,108.9,2392771.0
817865,2022-06-23,102.1,101.3,102.85,100.65,1977318.0
817865,2022-07-04,107.55,106.2,107.75,105.7,1671651.0
817865,2022-07-13,108.9,110.2,110.55,108.45,1727090.0
817865,2022-07-14,107.95,109.0,109.15,107.3,1257510.0
817865,2022-08-17,118.9,120.1,121.3,117.9,5556981.0
817865,2022-09-30,104.6,104.25,105.2,103.65,6910471.0
817865,2022-11-03,116.8,115.7,117.05,115.2,3036255.0
817865,2022-11-25,136.5,129.9,136.95,128.05,24479971.0
817865,2022-12-30,141.15,139.35,143.2,138.25,5277547.0
817865,2023-01-30,135.75,136.45,139.8,134.1,7320674.0
817865,2021-09-16,136.35,137.6,138.4,135.2,4454838.0
817865,2021-09-27,135.75,136.3,136.9,134.55,2675749.0
817865,2021-10-18,150.8,151.2,153.75,149.6,13822669.0
817865,2021-10-21,142.0,141.25,142.7,139.05,5865843.0
817865,2021-11-15,135.05,138.45,138.7,134.8,3148972.0
817865,2021-12-22,117.05,116.5,117.3,115.45,3355413.0
817865,2022-02-03,121.9,123.45,123.7,121.6,4793109.0
817865,2022-03-24,116.25,115.5,116.8,115.3,2044853.0
817865,2022-04-28,118.8,119.2,120.2,117.75,5892788.0
817865,2022-06-16,99.75,103.0,104.0,99.45,4220890.0
817865,2022-06-27,104.35,103.5,104.5,103.05,2442000.0
817865,2022-08-05,118.75,118.7,119.65,118.6,2424531.0
817865,2022-09-05,114.45,116.0,116.7,114.25,5260654.0
817865,2022-11-29,134.5,135.0,135.7,132.1,6895284.0
817865,2022-12-16,141.6,143.4,143.5,139.05,6743762.0
817865,2023-01-13,152.75,149.25,153.75,147.5,10335562.0
817865,2023-01-16,150.5,153.25,154.95,149.85,7390220.0
817865,2023-01-24,149.35,151.4,151.8,148.85,2669892.0
817865,2021-10-08,139.8,141.5,141.65,138.75,2749949.0
817865,2021-10-22,137.1,142.75,142.75,135.75,6992311.0
817865,2021-10-26,137.2,136.45,140.0,135.75,6902462.0
817865,2021-11-18,129.45,131.75,132.9,129.15,3110565.0
817865,2021-11-26,119.05,123.0,123.55,118.7,5564597.0
817865,2021-12-07,122.65,121.6,123.6,120.8,2677431.0
817865,2021-12-10,123.15,123.5,124.15,122.35,4366995.0
817865,2021-12-13,123.25,124.4,125.8,122.85,4354668.0
817865,2021-12-27,119.2,117.85,119.4,116.55,2177603.0
817865,2022-01-21,120.85,124.7,124.8,120.0,2831467.0
817865,2022-02-07,120.0,120.4,120.75,118.6,3977530.0
817865,2022-03-31,112.6,113.45,113.75,112.3,3603166.0
817865,2022-05-11,108.05,110.6,111.15,107.0,4347363.0
817865,2022-05-12,106.4,107.0,107.85,105.0,3785754.0
817865,2022-05-24,107.7,109.7,109.7,107.3,2162978.0
817865,2022-06-10,107.7,107.75,108.1,106.95,2018618.0
817865,2022-08-03,119.45,119.15,119.9,117.55,4674333.0
817865,2022-08-08,117.7,119.15,119.35,116.8,4393175.0
817865,2022-08-11,119.35,119.2,119.9,118.3,2750121.0
817865,2022-09-01,117.45,117.9,118.95,116.8,5303710.0
817865,2022-11-01,115.9,115.0,117.3,114.85,8082440.0
817865,2022-12-28,137.7,136.5,139.0,136.3,2877548.0
817865,2023-01-06,157.15,157.65,160.8,154.2,21314945.0
817865,2023-01-18,151.7,150.3,152.0,149.8,5661773.0
817865,2021-08-13,128.35,130.85,130.85,127.2,6815260.0
817865,2021-08-04,130.8,132.85,133.2,130.0,3742573.0
817865,2021-08-27,126.3,124.75,126.8,124.75,2281604.0
817865,2021-10-13,142.7,144.0,145.7,142.25,9985176.0
817865,2021-11-10,140.25,139.0,140.9,138.15,5184711.0
817865,2021-12-16,120.95,123.0,123.4,119.9,2894119.0
817865,2021-12-17,119.15,120.85,120.85,117.9,4805792.0
817865,2021-12-20,115.0,118.4,118.4,113.05,3973060.0
817865,2022-01-06,124.15,122.85,124.45,122.6,2064720.0
817865,2022-02-09,120.3,118.6,120.75,117.9,9470932.0
817865,2022-02-16,120.6,120.45,122.9,120.1,6839685.0
817865,2022-02-23,118.45,117.7,119.65,117.6,4141972.0
817865,2022-04-04,119.0,116.55,119.7,116.35,6720698.0
817865,2022-04-08,121.85,122.95,123.1,121.7,2662175.0
817865,2022-04-25,115.9,118.1,118.2,115.3,3137678.0
817865,2022-06-24,102.55,102.8,103.25,102.15,3234342.0
817865,2022-07-15,107.4,108.15,108.55,106.35,1351964.0
817865,2022-08-04,118.7,119.7,120.25,117.65,1930889.0
817865,2022-08-19,118.95,119.4,120.15,118.2,2996378.0
817865,2022-09-26,106.5,109.1,109.95,106.05,6371416.0
817865,2022-10-13,101.95,102.6,103.25,101.5,4925016.0
817865,2022-11-02,116.1,115.85,116.6,114.5,3797247.0
817865,2022-11-04,116.95,117.1,117.5,116.15,3380760.0
817865,2022-12-01,138.5,136.65,139.1,134.65,6874203.0
817865,2022-12-06,137.95,137.8,139.0,136.55,3394897.0
817865,2022-12-07,142.0,137.4,143.2,137.4,14351900.0
817865,2022-12-13,145.0,145.95,146.0,143.05,5552701.0
817865,2022-12-19,144.3,141.85,144.9,140.95,4257703.0
817865,2023-01-17,149.95,151.0,152.4,148.5,7673614.0
817865,2023-01-19,152.05,151.5,152.75,150.35,4888841.0
817865,2021-08-03,132.0,133.95,134.9,131.4,5828205.0
817865,2021-08-12,129.65,129.3,132.4,128.65,9907419.0
817865,2021-09-02,128.3,129.0,129.9,127.55,2331332.0
817865,2021-09-06,128.35,129.05,129.8,127.65,3936119.0
817865,2021-10-14,148.95,143.55,153.0,142.65,32341697.0
817865,2021-10-29,133.1,134.5,135.85,131.0,7012332.0
817865,2021-11-22,126.05,128.6,129.9,125.75,5476536.0
817865,2021-11-23,126.5,126.3,127.95,125.1,6532390.0
817865,2021-12-06,120.55,121.25,122.45,120.1,3072305.0
817865,2022-02-11,121.3,121.95,124.15,120.15,16233602.0
817865,2022-02-21,118.5,117.15,119.5,116.8,5557215.0
817865,2022-03-03,110.0,110.2,111.9,109.7,4092107.0
817865,2022-03-11,112.45,111.0,113.25,110.65,5074291.0
817865,2022-03-15,110.85,112.2,113.2,110.1,5523170.0
817865,2022-04-18,119.0,117.85,119.6,116.15,2878258.0
817865,2022-06-01,111.0,111.8,111.8,110.3,5302910.0
817865,2022-06-06,110.2,111.5,111.6,108.25,2878791.0
817865,2022-06-15,102.05,103.45,103.7,101.8,3041916.0
817865,2022-06-17,98.9,99.7,100.25,98.25,4489251.0
817865,2022-06-28,103.95,103.75,104.35,103.15,2010603.0
817865,2022-08-23,118.05,117.1,118.7,117.05,3793521.0
817865,2022-09-13,115.5,116.05,116.4,114.95,8999335.0
817865,2022-09-15,118.55,115.95,118.95,114.9,10590909.0
817865,2022-09-27,106.5,106.85,107.25,105.55,4424543.0
817865,2022-10-11,102.65,104.4,104.6,102.4,4066390.0
817865,2022-11-07,119.0,117.55,119.2,117.1,6529972.0
817865,2023-01-05,156.9,154.5,158.0,152.6,11390782.0
817865,2023-02-01,136.35,142.0,144.25,134.7,7854818.0
817865,2023-02-08,143.6,143.6,144.0,141.75,2315839.0
817865,2021-08-11,128.9,128.6,129.45,125.05,4078203.0
817865,2021-08-20,124.4,127.0,128.45,124.05,4037976.0
817865,2021-11-02,135.7,135.8,137.65,135.1,5035723.0
817865,2021-12-02,121.55,119.5,121.9,118.6,3360962.0
817865,2022-01-03,122.8,120.0,123.25,119.75,3492097.0
817865,2022-03-25,114.95,116.8,116.8,114.75,2226676.0
817865,2022-04-05,120.3,119.75,121.1,118.75,3653887.0
817865,2022-04-07,122.3,121.25,124.8,121.25,8002968.0
817865,2022-04-12,118.15,120.2,120.8,117.5,3931251.0
817865,2022-04-21,119.0,118.9,119.6,118.35,4149400.0
817865,2022-08-24,118.2,118.9,119.35,117.95,5852114.0
817865,2022-08-25,120.2,118.5,121.45,118.45,6637297.0
817865,2022-08-29,118.6,119.0,119.5,117.75,7728221.0
817865,2022-09-14,115.0,114.5,115.85,114.35,6678376.0
817865,2022-10-17,101.8,102.05,102.05,100.85,4140869.0
817865,2022-10-27,109.9,106.5,110.95,105.9,13738386.0
817865,2022-10-28,113.8,110.4,114.1,109.25,10199041.0
817865,2022-11-15,120.75,121.05,122.0,119.5,5229801.0
817865,2023-01-10,155.1,160.0,160.0,153.65,10481587.0
817865,2023-01-20,150.4,152.5,152.7,150.0,4604156.0
817865,2023-02-03,141.5,139.0,141.85,135.65,5885945.0
817865,2021-08-09,131.4,133.55,134.6,130.7,2902311.0
817865,2021-07-29,127.6,126.15,128.35,125.65,3321168.0
817865,2021-09-23,138.25,135.4,139.55,135.4,5909114.0
817865,2021-10-01,139.9,141.9,142.1,138.2,6161694.0
817865,2021-10-06,139.75,143.2,143.8,139.1,3950299.0
817865,2021-10-20,140.45,144.25,144.3,138.75,8055405.0
817865,2021-10-27,139.95,138.8,141.7,138.05,6344489.0
817865,2022-01-24,117.45,120.3,120.9,116.35,4756401.0
817865,2022-02-14,117.2,120.65,121.4,116.7,9013271.0
817865,2022-02-18,118.35,118.65,120.4,118.0,5244710.0
817865,2022-04-13,118.2,118.55,119.35,117.5,1915184.0
817865,2022-04-19,118.7,119.4,121.3,117.1,5283892.0
817865,2022-04-26,118.95,117.2,119.45,116.35,4842276.0
817865,2022-05-05,113.2,114.6,115.8,113.0,2472687.0
817865,2022-06-13,104.8,106.4,106.75,104.25,3200220.0
817865,2022-06-14,102.6,104.0,105.95,102.35,3746977.0
817865,2022-06-20,98.3,99.8,99.9,97.1,5497269.0
817865,2022-07-07,107.7,108.0,108.1,106.8,2860688.0
817865,2022-07-11,110.4,108.6,110.6,108.55,1994881.0
817865,2022-07-19,112.35,109.7,112.6,109.7,4441005.0
817865,2022-07-27,113.9,111.9,114.25,111.85,2787808.0
817865,2022-08-01,117.1,116.55,117.5,115.9,3245678.0
817865,2022-09-29,104.75,106.35,106.35,103.8,4485890.0
817865,2022-10-10,104.25,104.25,104.75,103.3,3625277.0
817865,2022-10-14,102.05,103.5,103.5,101.9,2615849.0
817865,2022-11-10,116.8,118.0,118.25,116.4,8080813.0
817865,2023-01-02,149.7,142.45,150.55,141.15,13657303.0
817865,2023-01-31,141.45,136.85,142.0,134.55,9501416.0
817865,2023-02-02,138.45,135.9,140.05,134.2,4900051.0
817865,2021-10-07,141.05,140.65,142.8,140.2,3563922.0
817865,2021-11-17,131.85,132.75,134.0,131.55,3476936.0
817865,2022-02-01,122.0,122.2,123.2,119.75,4101985.0
817865,2022-03-10,111.45,112.3,113.4,110.5,5653693.0
817865,2022-03-22,116.45,115.35,116.6,113.9,4339965.0
817865,2022-05-13,105.3,107.45,108.3,105.0,3894396.0
817865,2022-06-29,103.85,103.5,104.15,102.5,1715783.0
817865,2022-09-19,112.8,114.1,114.65,112.5,5706399.0
817865,2022-10-03,103.85,104.85,105.75,103.1,3825262.0
817865,2022-10-18,104.15,102.35,104.4,101.5,7956793.0
817865,2022-11-24,129.1,122.45,130.0,122.15,15240082.0
817865,2022-12-12,145.25,142.15,145.6,140.6,5716191.0
817865,2022-12-15,143.5,146.6,147.2,142.9,5389306.0
817865,2022-12-23,131.8,136.3,136.7,131.05,8018288.0
817865,2023-01-25,143.45,149.35,149.4,142.4,16020537.0
817865,2023-01-27,136.1,143.65,144.0,133.05,17440386.0
817865,2023-02-07,143.3,143.25,145.85,142.15,5464542.0
817865,2021-09-09,135.2,132.8,136.9,132.2,12500381.0
817865,2021-11-03,135.8,136.5,138.5,135.0,4768828.0
817865,2021-11-12,138.1,140.5,142.3,136.5,4692840.0
817865,2021-11-16,133.05,135.1,135.9,132.6,2348516.0
817865,2021-12-01,119.5,117.35,119.8,117.3,3949104.0
817865,2021-12-08,123.3,124.0,124.0,122.8,2610358.0
817865,2022-01-31,121.7,120.2,122.45,118.55,11221369.0
817865,2022-02-04,119.9,122.05,122.4,119.25,5249504.0
817865,2022-02-24,111.55,116.0,116.95,111.1,11457862.0
817865,2022-02-25,108.45,110.85,111.75,108.0,12886946.0
817865,2022-03-29,112.25,114.5,114.6,111.6,3327284.0
817865,2022-03-30,112.85,113.5,113.5,111.75,5736772.0
817865,2022-05-09,112.0,111.9,113.25,110.35,3460644.0
817865,2022-06-08,110.75,110.0,111.65,109.4,2256154.0
817865,2022-06-30,104.45,103.8,105.25,103.45,2979150.0
817865,2022-07-12,110.15,110.5,110.7,109.1,1572753.0
817865,2022-07-25,113.15,111.0,113.35,111.0,3032360.0
817865,2022-08-26,120.5,121.1,121.85,120.3,5155790.0
817865,2022-09-06,116.5,114.55,116.95,113.6,21995115.0
817865,2022-09-08,116.65,118.2,118.6,116.2,6039031.0
817865,2022-09-12,115.6,116.5,117.55,114.85,4960858.0
817865,2022-09-22,112.2,112.1,113.35,111.25,6617933.0
817865,2022-09-28,105.2,106.1,106.6,104.9,5324088.0
817865,2022-11-11,120.3,118.5,121.7,117.85,14059041.0
817865,2022-11-14,120.75,121.0,121.6,120.05,3635017.0
817865,2022-11-18,124.85,123.5,125.4,122.45,12096125.0
817865,2022-11-22,125.5,125.65,125.9,124.4,8716305.0
817865,2022-12-14,146.25,145.3,147.8,145.3,6539562.0
817865,2023-01-04,154.5,157.0,157.1,151.7,14214008.0
817865,2021-08-17,128.55,132.15,132.15,127.6,4741798.0
817865,2021-10-28,134.2,140.5,140.5,133.55,11612368.0
817865,2021-08-18,128.2,129.0,130.6,128.0,3168403.0
817865,2021-08-30,129.8,127.4,130.8,127.0,4893573.0
817865,2021-09-07,127.55,128.35,128.75,125.8,2803582.0
817865,2021-10-05,142.45,142.25,144.85,141.55,5720158.0
817865,2021-12-23,120.4,117.5,120.6,117.5,3150315.0
817865,2022-03-07,106.0,107.75,107.85,104.4,5622313.0
817865,2022-03-17,116.35,113.15,116.95,112.7,13175289.0
817865,2022-04-29,117.75,119.2,120.5,117.35,2881218.0
817865,2022-06-09,108.55,109.6,109.8,108.3,2374671.0
817865,2022-07-08,108.95,108.1,109.15,107.55,2164854.0
817865,2022-08-02,119.7,117.45,120.0,117.1,4545933.0
817865,2022-08-22,117.8,118.5,118.5,117.05,2609575.0
817865,2022-10-07,104.95,105.8,106.15,104.5,3172126.0
817865,2022-10-21,105.45,105.8,106.2,104.8,5504412.0
817865,2022-10-25,106.2,106.3,106.55,105.0,7082766.0
817865,2022-11-09,118.25,119.7,120.0,117.6,3262890.0
817865,2022-11-23,125.05,125.4,126.2,124.75,5903766.0
817865,2022-11-28,134.6,136.25,139.15,133.8,9439253.0
817865,2022-12-05,138.15,139.5,140.9,137.85,6833200.0
817865,2022-12-20,141.7,144.3,144.65,140.6,5688745.0
817865,2022-12-22,137.25,139.2,139.55,135.75,6461434.0
817865,2021-11-09,139.05,141.35,141.75,138.4,3714156.0
817865,2022-01-17,126.95,127.4,127.95,126.3,1508435.0
817865,2022-04-11,120.75,121.7,122.45,120.2,4864317.0
817865,2022-05-04,113.85,117.05,117.75,113.55,4568645.0
817865,2022-07-18,109.7,108.15,109.9,107.55,2629290.0
817865,2022-08-16,120.1,121.3,121.75,119.85,4179239.0
817865,2022-10-19,104.25,104.85,105.6,104.0,4534719.0
817865,2022-10-20,105.55,103.8,105.75,103.45,3593695.0
817865,2023-01-03,156.0,150.9,157.8,149.65,30696297.0
817865,2021-08-26,124.65,125.85,126.8,124.1,2657392.0
817865,2021-09-14,138.25,139.0,140.6,137.7,8280445.0
817865,2021-10-04,141.85,141.4,142.35,140.15,4516157.0
817865,2021-11-08,140.35,137.0,140.7,136.9,3172209.0
817865,2021-11-30,116.3,116.7,119.85,115.8,5231194.0
817865,2021-12-09,124.5,123.9,124.85,123.05,3286202.0
817865,2021-12-24,118.05,121.0,121.4,117.8,1700026.0
817865,2022-01-04,123.35,122.6,124.35,122.15,3804610.0
817865,2022-01-11,125.7,126.0,126.8,124.75,2555764.0
817865,2022-01-14,127.25,127.5,128.2,126.6,2836575.0
817865,2022-01-27,118.95,117.9,119.7,116.9,6994642.0
817865,2022-03-08,108.5,106.0,108.95,105.7,5302221.0
817865,2022-05-19,107.95,107.65,108.55,107.0,2145172.0
817865,2022-05-20,108.85,108.6,109.6,108.05,2146331.0
817865,2022-06-03,111.6,113.6,113.8,111.3,3323245.0
817865,2022-07-05,107.05,107.7,108.5,106.85,2254935.0
817865,2022-07-22,111.3,112.2,112.45,111.1,1700122.0
817865,2022-07-26,112.45,113.7,114.4,112.05,3645232.0
817865,2022-07-28,114.65,114.35,115.0,113.8,2830884.0
817865,2022-09-21,112.85,113.1,113.75,111.8,4366379.0
817865,2022-10-24,106.25,106.5,106.8,105.95,714694.0
817865,2022-12-26,136.3,131.75,137.15,130.5,5422454.0
817865,2023-01-09,159.3,159.1,161.8,157.85,15993509.0
817865,2021-08-10,128.3,132.0,133.1,127.5,5054616.0
817865,2021-08-24,125.25,123.15,125.7,122.85,2416643.0
817865,2021-08-31,129.05,127.3,129.75,127.3,4697193.0
817865,2021-09-08,132.2,127.7,132.95,126.85,7015784.0
817865,2021-09-28,143.1,136.45,144.65,136.2,24428879.0
817865,2021-10-19,144.15,151.85,151.85,143.25,6537785.0
817865,2021-10-25,136.45,137.3,138.0,135.1,4906111.0
817865,2021-11-01,135.15,134.25,135.55,133.2,3628815.0
817865,2021-11-24,124.1,125.0,126.4,123.7,6664120.0
817865,2021-12-21,116.05,116.0,117.3,115.15,2269398.0
817865,2021-12-29,119.35,120.0,120.85,118.95,1040873.0
817865,2022-01-10,125.85,124.35,126.2,124.0,2778901.0
817865,2022-01-25,118.25,117.45,119.5,116.25,7800819.0
817865,2022-01-28,119.15,119.7,122.65,118.75,7474359.0
817865,2022-02-08,118.1,120.2,120.7,116.8,10081872.0
817865,2022-02-22,117.2,117.0,117.6,115.3,6234959.0
817865,2022-05-23,108.7,109.65,109.95,107.55,2321810.0
817865,2022-05-25,107.0,107.75,108.65,106.7,3406185.0
817865,2022-05-26,108.25,107.8,110.0,104.55,5150922.0
817865,2022-06-07,109.65,109.5,110.4,109.1,1592080.0
817865,2022-06-22,100.85,102.7,103.0,100.55,2804614.0
817865,2022-07-06,106.6,107.05,107.35,105.7,3831121.0
817865,2022-10-04,105.0,104.9,105.35,104.5,4723852.0
817865,2022-10-12,102.6,102.85,103.0,102.05,5344957.0
817865,2022-10-31,115.25,114.15,115.5,113.0,8248485.0
817865,2022-11-16,120.5,120.8,121.65,119.8,5172178.0
817865,2023-01-12,149.25,152.35,152.95,147.35,9893243.0
817865,2021-07-27,123.85,127.9,128.25,123.5,3804996.0
817865,2021-09-22,135.0,133.4,136.45,133.4,2867668.0
817865,2021-07-28,125.55,123.95,126.85,122.65,5880351.0
817865,2021-08-05,131.75,130.55,132.95,128.45,6361298.0
817865,2021-08-06,133.55,131.0,135.7,131.0,11662628.0
817865,2021-09-13,138.7,135.0,139.65,133.6,11796301.0
817865,2021-09-15,137.45,138.6,140.8,137.25,7348375.0
817865,2021-10-11,142.05,140.65,144.0,140.2,5918474.0
817865,2021-10-12,141.95,142.35,142.85,140.5,3620099.0
817865,2021-11-11,139.5,140.55,140.6,136.0,5877540.0
817865,2021-12-14,123.85,122.95,124.0,122.0,3253445.0
817865,2022-01-13,127.35,126.0,128.2,125.6,4711914.0
817865,2022-01-18,124.05,127.5,128.15,123.5,2338768.0
817865,2022-02-15,119.75,118.0,119.9,115.1,6838665.0
817865,2022-05-10,110.4,112.0,113.4,110.05,2739804.0
817865,2022-07-20,111.35,113.55,113.55,110.95,2293565.0
817865,2022-08-10,118.35,117.7,118.8,117.45,3175114.0
817865,2022-09-16,113.9,118.5,118.85,112.2,16752177.0
817865,2022-10-06,105.65,106.95,106.95,105.05,7270940.0
817865,2022-12-02,139.3,139.5,139.7,137.0,5261924.0
817865,2022-12-09,141.9,145.55,146.9,140.85,7218043.0
817865,2023-01-23,151.0,150.85,152.0,150.5,2526337.0
817865,2021-11-29,116.45,119.5,119.7,115.3,4166434.0
817865,2022-02-17,119.0,121.0,121.6,118.6,5214824.0
817865,2022-03-09,110.95,108.75,111.45,108.7,5559007.0
817865,2022-03-16,112.45,112.0,113.1,111.65,5301088.0
817865,2022-03-21,115.35,116.8,116.8,115.0,2387087.0
817865,2022-04-22,118.85,118.4,119.4,118.3,2353294.0
817865,2022-05-17,109.45,106.5,109.65,106.05,2076269.0
817865,2022-05-27,109.05,109.2,109.75,107.9,2441012.0
817865,2022-06-02,112.9,110.9,113.35,110.25,3690716.0
817865,2022-06-21,102.55,98.6,102.9,98.6,3319789.0
817865,2022-07-01,105.9,104.3,106.1,103.2,2843672.0
817865,2022-08-12,120.75,119.5,122.45,119.1,6341947.0
817865,2022-08-30,119.6,119.3,120.15,118.75,8103902.0
817865,2022-09-02,115.9,118.0,118.7,115.7,3456067.0
817865,2022-09-07,117.65,116.35,118.65,116.35,7502302.0
817865,2022-11-17,123.05,120.35,124.8,120.15,13662868.0
817865,2022-12-29,138.4,137.0,138.95,136.2,3594193.0
817865,2023-01-11,151.8,154.6,155.25,150.2,11156443.0
817865,2023-02-16,150.25,148.5,151.25,147.75,6202606.0
817865,2023-03-21,154.15,152.0,154.7,149.8,7056148.0
817865,2023-02-09,145.35,143.6,145.85,141.0,4575492.0
817865,2023-03-06,161.75,156.25,162.0,155.15,11987085.0
817865,2023-04-24,160.8,157.0,161.4,155.8,6578957.0
817865,2023-06-05,193.65,191.55,197.5,190.45,15595565.0
817865,2023-06-16,197.1,196.85,198.4,194.25,9861048.0
817865,2023-07-03,219.75,216.95,223.35,215.5,10227371.0
817865,2023-07-20,226.2,227.0,228.5,225.05,5594049.0
817865,2023-07-25,238.25,241.95,243.45,235.4,11801735.0
817865,2023-02-20,147.25,149.3,149.4,146.8,3601393.0
817865,2023-03-28,146.7,149.0,150.0,145.4,3812086.0
817865,2023-04-26,165.35,162.2,165.75,161.5,9213633.0
817865,2023-06-07,196.45,195.45,197.25,195.0,6298160.0
817865,2023-07-14,224.6,226.0,226.4,222.9,6206024.0
817865,2023-02-27,143.4,144.0,145.0,139.9,3682043.0
817865,2023-03-03,155.15,151.15,155.5,150.7,8101353.0
817865,2023-04-27,164.85,165.9,166.45,163.3,8798861.0
817865,2023-07-28,255.85,254.3,260.15,252.1,13107446.0
817865,2023-05-16,167.3,172.2,174.35,166.65,18604245.0
817865,2023-05-24,166.5,165.75,166.9,164.7,4279187.0
817865,2023-06-27,207.85,201.2,208.95,200.9,15237777.0
817865,2023-07-05,223.3,222.0,225.35,221.1,7708297.0
817865,2023-07-13,224.65,228.2,228.65,222.0,8495280.0
817865,2023-07-18,221.7,223.4,226.25,220.05,11430982.0
817865,2023-02-22,146.35,149.15,149.15,144.8,5416298.0
817865,2023-02-14,143.6,142.9,144.35,136.7,10422666.0
817865,2023-02-10,145.8,145.05,146.55,144.75,2253572.0
817865,2023-03-16,158.15,160.1,160.4,155.1,8678550.0
817865,2023-02-24,144.7,145.0,146.0,142.85,4283544.0
817865,2023-03-17,155.9,159.1,160.0,153.05,14793445.0
817865,2023-04-11,169.2,167.0,169.5,165.35,8313168.0
817865,2023-04-12,165.9,168.55,170.1,165.4,6863425.0
817865,2023-04-17,165.4,160.7,165.9,159.85,8993538.0
817865,2023-04-28,169.9,164.95,170.3,164.85,14809357.0
817865,2023-05-09,166.5,171.4,172.45,166.2,9199634.0
817865,2023-06-28,217.8,208.75,219.3,208.0,25675597.0
817865,2023-06-30,215.9,220.0,220.25,214.3,13561395.0
817865,2023-07-12,227.25,227.7,230.05,225.6,9500728.0
817865,2023-07-17,223.4,225.0,226.9,222.5,6350877.0
817865,2023-07-24,239.75,230.0,244.0,229.15,22346371.0
817865,2023-07-31,261.4,256.0,262.0,254.0,11389062.0
817865,2023-08-09,270.05,269.95,271.15,265.35,10187822.0
817865,2023-08-17,270.85,264.15,271.85,263.65,18261763.0
817865,2023-03-13,163.45,167.9,168.25,162.6,7303742.0
817865,2023-05-18,164.85,165.65,168.6,164.15,9509302.0
817865,2023-05-23,165.75,166.7,167.7,165.3,6000329.0
817865,2023-06-12,202.15,199.45,203.0,198.8,6765017.0
817865,2023-07-19,226.4,222.0,227.0,220.65,7651184.0
817865,2023-08-01,258.85,262.15,263.15,256.55,8969904.0
817865,2023-08-11,264.05,271.5,272.55,261.6,19807328.0
817865,2023-03-08,168.4,161.25,169.6,160.95,19715015.0
817865,2023-03-20,150.85,154.1,155.1,149.6,8877659.0
817865,2023-03-27,148.9,146.5,150.3,146.2,7189295.0
817865,2023-05-25,170.6,166.45,171.0,166.05,9463504.0
817865,2023-05-26,170.45,171.8,173.0,168.75,3855560.0
817865,2023-05-30,181.15,174.95,181.65,173.75,15495553.0
817865,2023-06-13,203.05,202.55,204.15,198.0,11349466.0
817865,2023-06-20,203.95,197.75,204.5,196.5,7781286.0
817865,2023-07-06,223.65,223.25,226.65,222.15,7187154.0
817865,2023-06-06,194.5,194.4,197.2,191.65,10567472.0
817865,2023-08-02,256.3,258.0,264.35,249.55,12897629.0
817865,2023-08-08,269.0,270.0,276.8,260.05,30634867.0
817865,2023-02-15,148.35,143.55,149.25,142.95,6427779.0
817865,2023-02-13,141.35,145.5,146.45,139.55,7730299.0
817865,2023-03-23,152.35,155.0,155.2,151.55,5895246.0
817865,2023-04-20,160.0,161.55,163.0,159.7,3885667.0
817865,2023-04-21,156.7,160.2,160.25,156.35,5541581.0
817865,2023-06-19,197.25,197.1,199.55,195.75,7397549.0
817865,2023-03-31,151.75,151.55,153.55,150.65,6181930.0
817865,2023-02-17,148.5,149.6,150.6,147.65,2901156.0
817865,2023-03-01,149.45,145.65,150.05,144.4,4562532.0
817865,2023-03-09,168.15,169.45,170.6,166.55,13023751.0
817865,2023-03-10,167.05,167.0,168.5,164.55,7983167.0
817865,2023-04-06,157.35,156.0,158.1,153.9,7883419.0
817865,2023-04-18,161.75,166.4,168.2,160.55,18948778.0
817865,2023-06-21,208.8,204.75,211.9,204.2,16604952.0
817865,2023-07-04,221.25,219.85,223.8,216.55,11898079.0
817865,2023-08-03,260.15,255.0,261.95,253.25,11082737.0
817865,2023-08-16,264.2,263.0,266.95,260.6,8611451.0
817865,2023-05-10,165.3,167.75,167.95,164.25,9484903.0
817865,2023-04-13,161.6,165.0,165.3,159.4,9703929.0
817865,2023-05-03,170.45,173.95,175.25,170.05,10413965.0
817865,2023-05-04,174.4,171.0,177.45,170.95,10382525.0
817865,2023-05-17,164.35,168.0,168.8,163.0,11594204.0
817865,2023-06-09,198.7,198.0,199.5,195.65,6323263.0
817865,2023-07-11,227.1,224.55,230.4,224.5,22017028.0
817865,2023-02-28,145.4,143.0,146.0,142.15,5613323.0
817865,2023-05-11,164.6,166.0,168.6,163.65,9679853.0
817865,2023-05-19,165.65,165.0,166.55,163.3,6348109.0
817865,2023-06-15,200.9,200.5,203.3,199.3,8432262.0
817865,2023-06-26,199.85,200.25,203.65,198.1,7424746.0
817865,2023-03-14,161.05,163.05,164.5,160.6,8334483.0
817865,2023-03-15,160.85,162.55,164.5,160.3,6066749.0
817865,2023-03-24,148.15,151.0,152.1,147.3,4656997.0
817865,2023-04-03,155.05,152.45,156.0,151.65,6140663.0
817865,2023-05-05,168.85,174.4,176.3,168.35,10043579.0
817865,2023-05-15,171.15,165.25,172.0,164.3,12142121.0
817865,2023-05-29,174.3,173.8,177.2,172.15,12923369.0
817865,2023-06-02,190.45,184.0,191.0,183.35,19369171.0
817865,2023-06-23,200.15,202.95,204.0,198.85,7258270.0
817865,2023-07-21,227.0,225.9,228.35,224.85,5645236.0
817865,2023-07-27,253.35,244.95,255.15,243.1,21043456.0
817865,2023-08-04,258.6,260.15,262.9,257.15,8195058.0
817865,2023-04-05,156.7,156.0,157.45,152.8,5064582.0
817865,2023-02-23,147.55,146.35,148.6,145.05,4677848.0
817865,2023-02-21,149.6,147.5,151.9,147.0,5681867.0
817865,2023-04-10,166.4,158.0,166.85,156.75,13377897.0
817865,2023-04-19,161.55,161.95,164.65,161.0,6616433.0
817865,2023-04-25,162.2,161.5,164.4,161.05,7118333.0
817865,2023-05-12,164.65,162.15,165.2,158.65,22450063.0
817865,2023-05-31,182.4,180.9,183.45,179.55,11030532.0
817865,2023-06-14,201.05,204.4,204.4,199.75,10438154.0
817865,2023-06-22,203.25,208.95,209.4,201.0,9326013.0
817865,2023-07-07,221.3,223.5,224.25,218.85,7226033.0
817865,2023-07-26,242.7,238.5,244.5,236.9,9630578.0
817865,2023-08-07,266.85,258.55,267.95,257.7,15673718.0
817865,2023-08-10,267.05,270.05,270.9,263.55,10308401.0
817865,2023-03-02,150.35,149.85,151.6,148.5,4288494.0
817865,2023-03-29,151.15,146.5,151.55,145.7,4503118.0
817865,2023-06-01,183.2,182.0,183.9,181.8,6403213.0
817865,2023-03-22,154.1,154.5,156.35,153.5,4406016.0
817865,2023-06-08,196.85,196.2,199.15,194.85,8465643.0
817865,2023-05-02,173.6,171.1,175.35,169.95,21543413.0
817865,2023-08-14,264.05,262.9,268.5,257.95,13095211.0
817865,2023-05-08,170.75,168.8,172.95,168.4,5785580.0
817865,2023-05-22,166.3,165.65,166.95,164.1,6642266.0
817865,2023-07-10,224.5,221.3,225.45,217.6,9469488.0
817865,2023-08-23,273.9,274.0,275.25,272.8,2263138.0
817865,2023-08-18,268.5,270.75,274.4,265.2,12782606.0
817865,2023-08-21,270.05,269.7,271.95,266.6,11693150.0
817865,2023-08-22,273.1,271.4,277.2,270.1,12666246.0
