stockid,date,close,open,high,low,volume
1003373,2021-01-14,321.05,313.0,323.9,308.55,448352.0
1003373,2021-02-17,297.8,303.6,309.8,293.35,563630.0
1003373,2021-02-26,294.35,295.55,299.8,293.55,230412.0
1003373,2021-03-15,272.5,283.8,285.35,269.8,740218.0
1003373,2021-06-02,363.35,322.4,372.9,321.95,12993361.0
1003373,2021-06-25,379.3,387.6,394.5,377.45,429275.0
1003373,2021-07-05,395.1,390.0,402.0,389.1,853325.0
1003373,2021-07-19,436.2,437.45,451.95,431.3,689291.0
1003373,2021-07-30,423.55,425.95,429.75,422.2,262840.0
1003373,2021-09-29,405.85,404.7,409.7,403.6,218932.0
1003373,2021-12-23,364.8,364.0,367.8,360.2,191241.0
1003373,2021-12-30,381.5,392.8,396.9,379.6,373541.0
1003373,2022-01-24,373.2,377.8,380.3,366.05,294238.0
1003373,2022-02-15,389.45,382.6,390.5,376.6,143965.0
1003373,2022-04-11,426.9,429.0,434.9,426.0,222449.0
1003373,2022-05-05,438.65,457.0,464.95,435.0,1183662.0
1003373,2022-06-23,414.35,414.1,417.45,408.0,151421.0
1003373,2022-08-23,467.7,467.1,478.5,466.0,247549.0
1003373,2022-09-12,503.35,505.0,510.65,499.65,464981.0
1003373,2022-09-30,502.95,497.95,512.0,493.65,316295.0
1003373,2022-11-09,466.85,477.0,479.8,459.25,777383.0
1003373,2023-01-02,492.5,490.0,499.0,483.8,334171.0
1003373,2023-01-03,488.95,494.0,496.95,487.0,137065.0
1003373,2023-01-18,480.45,484.0,485.75,479.0,124908.0
1003373,2023-02-06,434.2,445.0,447.55,432.05,305241.0
1003373,2023-02-10,448.95,446.1,457.25,445.05,139938.0
1003373,2023-02-14,443.5,449.55,451.15,440.2,195767.0
1003373,2023-02-28,447.3,436.0,460.0,434.3,430221.0
1003373,2023-03-14,435.35,442.95,444.9,432.6,142150.0
1003373,2023-03-21,429.95,436.95,436.95,427.0,190622.0
1003373,2023-04-25,412.25,416.85,421.0,411.0,294365.0
1003373,2023-05-03,417.8,410.1,421.0,410.1,512153.0
1003373,2023-05-08,407.9,412.65,413.0,406.75,281063.0
1003373,2023-05-10,395.2,399.85,404.2,391.9,648676.0
1003373,2023-05-19,386.45,391.0,396.0,382.0,571388.0
1003373,2023-07-18,405.15,426.1,426.1,402.9,791117.0
1003373,2023-07-19,410.85,407.0,413.4,406.0,263448.0
1003373,2021-02-24,297.3,298.1,301.0,295.3,115909.0
1003373,2021-03-23,279.15,282.0,283.0,278.4,313802.0
1003373,2023-08-21,405.15,409.05,409.45,404.05,199392.0
1003373,2021-06-01,319.45,324.0,327.85,316.4,457970.0
1003373,2021-07-02,385.1,380.8,395.5,380.1,888875.0
1003373,2021-07-08,425.05,433.0,434.4,421.1,679007.0
1003373,2021-07-20,434.05,439.8,441.85,425.1,678208.0
1003373,2021-07-26,432.85,429.4,438.7,424.0,402399.0
1003373,2021-08-17,407.6,411.8,411.8,402.8,437224.0
1003373,2021-09-21,399.05,400.05,403.95,392.5,308720.0
1003373,2021-11-04,389.75,393.4,394.85,385.95,147385.0
1003373,2021-11-16,384.4,367.0,386.45,367.0,514745.0
1003373,2022-01-14,398.4,390.9,400.9,388.0,614563.0
1003373,2022-02-09,412.4,411.3,419.7,410.1,331565.0
1003373,2022-03-11,402.65,395.0,404.0,391.25,320389.0
1003373,2022-03-14,394.65,405.0,405.0,393.3,140376.0
1003373,2022-03-22,410.7,405.1,413.7,404.25,257799.0
1003373,2022-04-18,425.05,429.15,432.5,421.0,407139.0
1003373,2022-05-16,423.05,418.0,426.75,410.45,222507.0
1003373,2022-05-25,422.85,437.5,440.95,418.0,243164.0
1003373,2022-05-26,433.25,419.6,436.55,415.75,304971.0
1003373,2022-07-06,464.4,464.9,470.0,453.45,387382.0
1003373,2022-07-07,471.05,465.5,478.7,463.8,343527.0
1003373,2022-08-02,452.6,444.9,454.6,442.5,303644.0
1003373,2022-09-20,520.35,523.9,529.5,515.5,420337.0
1003373,2022-11-15,451.1,457.25,461.35,450.0,769439.0
1003373,2022-12-07,480.0,477.2,485.9,475.0,297959.0
1003373,2023-01-13,493.6,490.3,494.9,486.55,172432.0
1003373,2023-04-06,441.7,430.0,448.0,426.6,771605.0
1003373,2023-04-24,416.55,421.2,425.95,414.4,181735.0
1003373,2023-05-23,394.5,399.8,399.8,394.0,423879.0
1003373,2023-07-17,423.9,416.8,426.0,415.6,245860.0
1003373,2023-07-20,409.15,412.0,413.7,408.0,187195.0
1003373,2021-01-01,307.7,293.75,311.9,292.9,2142910.0
1003373,2021-02-10,305.5,309.0,309.35,304.0,227577.0
1003373,2021-01-25,307.5,317.4,318.95,306.0,402219.0
1003373,2021-02-19,299.5,298.0,304.75,296.7,341340.0
1003373,2021-03-08,290.8,295.95,296.0,289.2,377412.0
1003373,2021-02-22,299.1,304.0,304.85,297.65,310758.0
1003373,2021-03-31,290.7,286.6,292.85,278.1,736934.0
1003373,2021-05-03,299.3,299.5,304.45,297.2,230591.0
1003373,2021-04-07,293.75,286.9,297.8,286.0,1449352.0
1003373,2021-05-12,305.65,314.7,318.4,304.0,1102101.0
1003373,2021-04-12,279.6,288.0,289.45,278.1,463440.0
1003373,2021-05-14,302.0,307.0,310.85,300.4,390706.0
1003373,2021-04-22,299.25,285.1,302.7,285.1,1312047.0
1003373,2021-06-10,368.3,366.0,373.75,366.0,451054.0
1003373,2021-06-14,393.45,366.5,398.0,356.65,2195796.0
1003373,2021-04-26,296.1,302.0,302.0,295.0,283494.0
1003373,2021-05-10,294.95,297.9,304.4,294.05,557049.0
1003373,2021-08-31,425.55,423.0,435.75,421.0,1221602.0
1003373,2021-09-22,398.9,399.2,406.0,397.55,359804.0
1003373,2021-06-18,379.35,381.6,384.7,361.0,620630.0
1003373,2021-08-06,431.15,432.5,439.5,429.0,550478.0
1003373,2021-11-17,388.4,384.3,396.6,381.85,688143.0
1003373,2021-08-09,422.6,435.0,436.2,418.1,663814.0
1003373,2021-11-26,366.3,366.0,378.95,362.8,351271.0
1003373,2021-08-10,404.75,425.8,430.8,398.45,1042907.0
1003373,2021-12-29,390.95,388.6,394.5,388.0,521435.0
1003373,2021-10-12,417.75,415.9,423.95,412.35,654638.0
1003373,2022-02-03,394.55,394.5,398.35,391.75,167879.0
1003373,2021-11-02,377.4,373.0,379.95,371.05,260381.0
1003373,2022-02-28,376.65,365.0,379.4,360.0,126261.0
1003373,2022-01-18,390.15,395.8,399.9,388.0,254908.0
1003373,2022-03-04,367.95,369.0,377.5,365.55,266583.0
1003373,2022-03-10,394.5,397.0,397.5,389.0,275440.0
1003373,2022-02-11,403.0,408.4,409.85,399.3,240691.0
1003373,2022-03-02,370.3,373.2,379.35,368.0,180675.0
1003373,2022-04-05,424.45,431.1,437.3,421.1,382337.0
1003373,2022-03-03,371.15,371.8,374.0,368.15,323347.0
1003373,2022-04-27,425.7,429.75,429.75,421.4,127556.0
1003373,2022-03-25,407.05,409.7,412.4,404.4,235817.0
1003373,2022-05-12,412.4,409.2,419.75,402.3,282906.0
1003373,2022-05-13,414.85,420.2,425.95,412.05,222834.0
1003373,2022-04-28,428.05,426.15,434.4,422.85,243459.0
1003373,2022-05-30,440.0,446.3,448.5,435.6,276213.0
1003373,2022-05-20,442.5,441.05,448.8,438.0,222258.0
1003373,2022-06-24,419.9,417.8,423.0,416.55,289759.0
1003373,2022-05-23,437.4,444.8,451.0,435.0,295047.0
1003373,2022-07-11,495.2,472.0,504.55,471.4,1657504.0
1003373,2022-06-07,474.4,485.0,485.0,470.5,451095.0
1003373,2022-08-16,480.25,474.0,482.0,472.6,214515.0
1003373,2022-06-13,435.95,451.0,451.0,434.3,443180.0
1003373,2022-10-12,500.9,502.9,506.6,495.7,159669.0
1003373,2022-07-13,494.05,490.85,497.7,485.15,471655.0
1003373,2022-10-13,508.05,500.4,509.0,500.1,306375.0
1003373,2022-07-19,479.95,482.85,491.4,477.95,260325.0
1003373,2022-10-24,525.9,528.0,529.0,523.5,96278.0
1003373,2022-08-08,480.7,474.35,484.8,472.7,459083.0
1003373,2022-12-30,488.2,473.1,494.9,472.0,487324.0
1003373,2022-08-25,482.9,478.4,492.0,475.05,481438.0
1003373,2023-01-05,490.45,485.7,495.6,484.0,441783.0
1003373,2022-08-29,484.6,476.0,495.0,468.0,1042561.0
1003373,2023-01-11,488.35,477.55,491.2,477.55,135695.0
1003373,2022-09-08,504.7,505.0,517.8,499.0,1245833.0
1003373,2023-02-27,438.7,444.0,447.45,436.6,157736.0
1003373,2022-10-21,521.8,523.2,527.9,519.3,400894.0
1003373,2023-03-15,435.4,436.95,446.05,433.4,100626.0
1003373,2022-11-10,462.0,460.5,464.5,455.05,358682.0
1003373,2023-03-27,403.3,419.0,423.5,397.6,238647.0
1003373,2022-11-21,445.85,450.0,453.65,443.85,436618.0
1003373,2023-04-10,426.25,445.0,445.0,420.1,200288.0
1003373,2022-11-23,452.6,454.0,465.15,450.6,383322.0
1003373,2023-06-06,414.15,417.0,421.6,413.0,565204.0
1003373,2022-11-25,470.5,473.0,475.85,466.0,1434655.0
1003373,2023-06-23,423.45,428.65,430.0,419.55,198811.0
1003373,2022-12-19,482.3,485.95,485.95,476.05,135977.0
1003373,2023-07-26,409.45,410.5,414.0,406.5,125500.0
1003373,2022-12-26,467.95,457.1,473.5,454.0,100555.0
1003373,2023-08-18,409.7,410.65,416.0,405.6,157195.0
1003373,2022-12-27,469.45,470.3,476.0,467.0,124077.0
1003373,2023-02-02,459.7,456.0,465.0,455.25,212888.0
1003373,2023-03-03,449.85,448.1,452.95,445.75,114993.0
1003373,2023-03-08,455.35,454.65,457.0,451.0,109313.0
1003373,2023-05-04,415.45,421.0,425.0,414.0,729075.0
1003373,2023-06-09,405.6,412.8,413.95,403.8,211419.0
1003373,2023-06-14,413.15,414.7,416.7,411.6,292280.0
1003373,2023-06-16,415.8,415.2,420.8,409.25,612527.0
1003373,2023-07-07,432.95,441.15,442.05,431.05,249469.0
1003373,2023-08-09,415.5,412.75,418.25,410.0,244456.0
1003373,2021-01-11,324.2,326.5,332.9,322.0,630320.0
1003373,2021-02-16,301.5,306.0,307.3,298.2,421885.0
1003373,2021-02-18,298.2,297.8,304.5,296.5,348499.0
1003373,2021-03-05,292.5,296.45,297.0,290.95,362670.0
1003373,2021-03-22,282.0,280.65,285.25,277.6,357155.0
1003373,2021-03-26,273.5,275.0,277.0,270.0,361489.0
1003373,2021-05-11,309.6,295.95,313.5,295.5,845548.0
1003373,2021-05-17,315.3,305.6,318.6,303.4,887086.0
1003373,2021-05-18,314.85,320.0,320.85,313.0,519642.0
1003373,2021-07-15,446.05,446.4,458.0,442.7,979950.0
1003373,2021-08-04,431.05,450.0,453.8,425.1,762605.0
1003373,2021-08-13,420.25,416.4,423.85,415.1,345703.0
1003373,2021-08-26,398.95,401.75,401.75,396.1,180162.0
1003373,2021-10-05,418.9,403.9,420.0,403.85,1783988.0
1003373,2021-10-18,411.75,422.5,425.7,410.7,477443.0
1003373,2021-11-03,385.95,380.4,393.5,376.1,451739.0
1003373,2021-11-29,350.95,360.0,365.0,344.25,473058.0
1003373,2022-03-16,397.8,398.9,402.9,394.8,180855.0
1003373,2022-03-21,405.25,412.0,415.45,402.0,266293.0
1003373,2022-04-06,428.95,424.0,435.3,422.05,310352.0
1003373,2022-04-25,424.7,426.0,431.75,420.0,289786.0
1003373,2022-05-11,412.1,416.7,423.0,394.55,544395.0
1003373,2022-05-18,443.1,455.0,459.0,439.05,437726.0
1003373,2022-07-01,423.0,424.15,425.95,420.95,84550.0
1003373,2022-07-08,471.4,473.0,479.5,466.35,203545.0
1003373,2022-07-12,486.45,491.9,511.9,483.85,1370867.0
1003373,2022-07-20,473.0,484.95,488.85,470.35,291692.0
1003373,2022-07-26,443.4,460.1,460.1,441.45,312178.0
1003373,2022-07-29,451.65,458.95,464.4,450.15,293848.0
1003373,2022-08-05,471.85,469.9,477.9,465.0,413817.0
1003373,2022-08-19,484.1,492.35,493.25,481.0,231805.0
1003373,2022-11-11,469.8,462.4,475.0,460.0,355370.0
1003373,2022-11-17,460.55,470.8,471.0,458.1,209082.0
1003373,2022-11-24,473.25,457.05,474.95,456.35,1475614.0
1003373,2022-12-06,474.8,492.0,492.0,473.25,592234.0
1003373,2023-01-04,483.3,489.0,489.95,481.0,96598.0
1003373,2023-05-18,390.0,395.95,398.85,388.65,241564.0
1003373,2023-05-25,393.05,389.4,394.0,384.5,804612.0
1003373,2023-05-26,398.35,393.05,399.0,392.0,563514.0
1003373,2023-06-02,402.3,401.0,405.0,400.1,240368.0
1003373,2023-06-20,434.7,431.7,437.0,429.5,769967.0
1003373,2023-07-06,441.1,446.85,448.7,439.1,216767.0
1003373,2023-08-10,415.25,415.0,416.8,412.65,145279.0
1003373,2021-02-04,322.25,318.8,324.8,316.55,407219.0
1003373,2021-02-05,318.8,323.85,334.0,308.55,1740315.0
1003373,2021-03-10,289.3,293.0,294.75,288.3,279906.0
1003373,2021-03-16,274.5,274.2,282.4,273.1,528428.0
1003373,2021-03-25,270.25,276.0,276.8,268.2,380444.0
1003373,2021-05-25,308.1,315.25,317.35,307.15,329919.0
1003373,2021-06-04,357.8,362.3,364.8,355.85,845562.0
1003373,2021-06-24,386.65,392.45,396.8,385.0,289423.0
1003373,2021-06-30,386.25,375.4,389.5,375.0,456247.0
1003373,2021-07-06,423.3,396.0,442.5,396.0,9016395.0
1003373,2021-07-23,428.1,435.85,439.1,426.2,331620.0
1003373,2021-10-01,397.6,400.0,403.9,395.5,374176.0
1003373,2021-10-04,402.6,403.0,406.0,399.0,378349.0
1003373,2021-10-21,399.6,400.95,403.85,397.3,204978.0
1003373,2021-11-12,380.85,384.8,385.0,379.4,197538.0
1003373,2021-12-02,370.75,369.95,374.45,360.05,254793.0
1003373,2021-12-14,373.65,377.0,379.6,372.05,119449.0
1003373,2021-12-15,372.7,374.2,376.3,371.3,96405.0
1003373,2021-12-16,370.35,375.0,375.1,366.0,108302.0
1003373,2021-12-20,350.45,360.0,360.95,345.55,241331.0
1003373,2021-12-28,385.85,375.05,388.5,374.8,363111.0
1003373,2022-02-07,417.4,422.8,424.55,408.1,836544.0
1003373,2022-02-17,382.6,389.5,392.0,382.0,109435.0
1003373,2022-03-08,372.35,365.0,374.5,363.05,129167.0
1003373,2022-03-17,406.7,399.5,409.0,398.3,340023.0
1003373,2022-03-30,427.85,429.4,437.5,421.35,616254.0
1003373,2022-04-21,419.9,423.5,426.0,417.25,178536.0
1003373,2022-06-17,435.35,425.2,440.8,425.2,224484.0
1003373,2022-06-22,409.6,432.85,432.85,407.7,257075.0
1003373,2022-07-05,465.85,445.5,468.4,443.2,743065.0
1003373,2022-08-04,467.55,475.0,477.0,450.9,552922.0
1003373,2022-08-11,472.7,479.0,481.25,471.05,162546.0
1003373,2022-08-17,478.15,481.7,489.8,475.75,235685.0
1003373,2022-08-26,482.7,486.2,490.9,478.25,275402.0
1003373,2022-09-02,479.55,493.5,493.7,476.25,394760.0
1003373,2022-10-03,509.15,504.2,514.85,496.35,319700.0
1003373,2022-10-20,520.55,512.0,527.9,512.0,505764.0
1003373,2022-11-14,455.95,469.8,473.45,455.1,327143.0
1003373,2022-11-28,472.05,470.0,482.0,467.55,725048.0
1003373,2022-11-29,467.25,472.8,475.4,465.0,173161.0
1003373,2022-12-01,467.85,477.4,479.1,467.0,337088.0
1003373,2022-12-23,461.25,465.0,468.05,456.8,322376.0
1003373,2023-01-06,492.85,490.5,494.0,485.75,164699.0
1003373,2023-02-15,440.6,441.0,445.6,438.75,214600.0
1003373,2023-02-24,446.5,453.1,463.85,442.05,393888.0
1003373,2023-05-12,394.75,393.65,402.3,392.9,312804.0
1003373,2023-05-17,394.55,389.9,396.0,388.5,311949.0
1003373,2023-06-01,400.0,400.9,406.8,396.35,505922.0
1003373,2023-06-27,438.15,435.0,441.0,424.8,576556.0
1003373,2023-07-03,436.15,438.65,443.0,433.55,187589.0
1003373,2023-07-05,448.65,446.65,449.8,442.05,271546.0
1003373,2023-07-27,408.6,409.95,411.5,407.05,108833.0
1003373,2023-07-31,412.8,408.05,414.95,406.1,196840.0
1003373,2023-08-22,404.7,405.4,407.7,403.95,263762.0
1003373,2021-01-05,322.95,327.3,332.9,320.55,1026191.0
1003373,2021-01-19,320.85,316.3,323.9,316.3,242211.0
1003373,2021-01-27,308.0,308.0,310.0,305.0,276143.0
1003373,2021-01-28,314.7,304.7,317.9,303.7,569030.0
1003373,2021-02-15,304.9,310.0,312.0,304.35,361558.0
1003373,2021-04-05,282.05,288.3,288.3,280.3,252144.0
1003373,2021-04-06,285.25,281.65,290.05,281.1,400705.0
1003373,2021-04-20,289.95,286.0,291.9,282.4,442468.0
1003373,2021-05-04,299.5,304.0,308.5,298.35,299504.0
1003373,2021-09-16,412.0,414.8,420.55,410.0,364961.0
1003373,2021-10-20,400.0,404.0,408.7,397.15,335830.0
1003373,2021-11-09,390.4,388.0,394.7,387.4,300341.0
1003373,2021-11-25,368.0,371.8,371.8,365.5,148109.0
1003373,2021-12-01,366.4,372.0,374.0,364.0,182464.0
1003373,2021-12-10,373.8,374.0,378.0,371.6,136278.0
1003373,2022-02-01,387.8,395.0,395.0,386.1,245457.0
1003373,2022-02-16,386.9,391.0,397.0,385.1,169694.0
1003373,2022-02-23,368.0,362.75,373.85,362.75,140103.0
1003373,2022-03-15,394.95,397.5,409.0,393.25,354720.0
1003373,2022-03-23,404.8,412.5,413.2,402.05,152634.0
1003373,2022-05-09,427.4,440.0,445.5,425.0,352885.0
1003373,2022-05-19,436.85,435.1,440.0,433.7,156688.0
1003373,2022-06-06,484.1,463.65,492.0,457.3,1359299.0
1003373,2022-07-28,455.15,449.9,457.15,445.85,282453.0
1003373,2022-09-09,501.75,508.0,513.9,498.7,595605.0
1003373,2022-09-23,510.9,520.0,525.0,510.0,261686.0
1003373,2022-10-28,480.2,501.0,506.65,477.0,1827287.0
1003373,2022-10-31,492.6,484.9,498.0,475.1,840112.0
1003373,2022-11-30,473.1,469.5,478.9,465.5,1376616.0
1003373,2022-12-29,470.75,471.5,474.3,468.05,73758.0
1003373,2023-02-09,445.65,450.7,452.95,443.85,139019.0
1003373,2023-02-13,449.55,457.0,457.0,442.4,192857.0
1003373,2023-02-17,427.95,435.5,439.45,424.4,208745.0
1003373,2023-03-10,445.8,442.0,454.9,442.0,152612.0
1003373,2023-04-21,421.0,429.0,429.0,420.0,160757.0
1003373,2023-05-24,388.0,394.35,394.45,387.5,390316.0
1003373,2023-06-07,415.45,414.95,418.0,414.0,319940.0
1003373,2023-06-22,426.5,433.5,434.9,425.0,239610.0
1003373,2023-07-10,430.15,436.0,437.0,427.05,145883.0
1003373,2023-08-23,405.3,408.65,408.65,404.7,17574.0
1003373,2021-01-08,322.35,327.9,328.6,321.05,1208466.0
1003373,2021-02-03,316.25,315.8,324.0,314.1,441057.0
1003373,2021-02-23,297.85,305.0,305.1,296.4,276407.0
1003373,2021-02-25,297.9,300.4,302.0,297.4,454388.0
1003373,2021-03-02,299.3,300.35,301.95,296.1,556285.0
1003373,2021-04-16,294.0,282.4,295.9,281.95,553874.0
1003373,2021-04-27,306.05,295.7,308.5,295.7,1185139.0
1003373,2021-04-29,307.85,310.7,310.7,299.4,466927.0
1003373,2021-05-05,299.4,303.0,304.0,297.05,167123.0
1003373,2021-05-21,313.3,317.5,318.0,312.2,398957.0
1003373,2021-07-13,436.0,423.85,442.0,416.05,1259622.0
1003373,2021-08-16,411.6,421.3,421.85,408.65,325902.0
1003373,2021-09-02,421.55,428.0,434.0,420.35,488269.0
1003373,2021-09-15,414.15,416.6,420.3,412.95,302355.0
1003373,2021-09-27,408.5,398.55,417.45,398.55,1250165.0
1003373,2021-10-22,389.2,400.9,406.05,387.5,486803.0
1003373,2021-10-25,374.65,391.8,393.25,372.0,551688.0
1003373,2021-11-01,369.15,378.0,382.8,364.4,469603.0
1003373,2021-11-15,369.4,383.0,383.8,367.95,426754.0
1003373,2021-12-03,373.05,371.0,374.9,367.6,158516.0
1003373,2021-12-07,367.95,369.05,372.5,366.2,135802.0
1003373,2021-12-22,360.6,354.15,365.0,352.3,283159.0
1003373,2022-01-19,383.3,389.8,389.85,379.3,258063.0
1003373,2022-01-28,380.0,381.0,384.95,377.6,161833.0
1003373,2022-02-04,418.45,412.9,420.0,402.45,3015972.0
1003373,2022-06-01,471.65,472.0,489.0,467.45,1522607.0
1003373,2022-06-02,470.8,473.0,478.0,465.1,521087.0
1003373,2022-06-09,472.3,476.5,477.95,466.25,224215.0
1003373,2022-06-15,430.75,438.85,438.85,428.1,185763.0
1003373,2022-07-18,482.7,489.2,499.6,480.9,384786.0
1003373,2022-08-30,489.95,486.7,502.5,485.5,819269.0
1003373,2022-09-01,489.25,491.0,499.8,487.3,418919.0
1003373,2022-09-05,478.0,480.0,484.9,476.5,213493.0
1003373,2022-09-26,498.65,506.95,507.85,487.5,329502.0
1003373,2022-10-07,513.85,513.8,519.0,505.55,288784.0
1003373,2022-11-02,492.85,498.9,501.75,491.15,200533.0
1003373,2022-11-04,486.75,492.4,495.5,484.0,222534.0
1003373,2022-11-16,468.65,450.95,470.0,448.85,449889.0
1003373,2022-12-05,492.15,472.8,494.25,472.75,798461.0
1003373,2022-12-09,483.05,488.0,488.0,481.0,176165.0
1003373,2023-01-19,481.35,480.0,486.0,480.0,60189.0
1003373,2023-01-30,451.55,458.05,464.45,448.5,149793.0
1003373,2023-03-20,435.25,436.85,439.2,433.2,237081.0
1003373,2023-03-23,430.3,430.05,433.95,428.0,112764.0
1003373,2023-03-24,422.1,432.6,433.5,420.0,165153.0
1003373,2023-06-05,415.55,403.0,418.0,402.5,644136.0
1003373,2023-07-04,445.5,437.9,446.9,437.55,365057.0
1003373,2021-02-12,308.0,307.3,310.05,306.0,189728.0
1003373,2021-03-18,280.1,287.0,287.0,277.7,714117.0
1003373,2021-03-30,285.0,276.0,285.85,272.7,580785.0
1003373,2021-04-19,284.8,290.2,290.95,283.0,253174.0
1003373,2021-04-30,299.2,304.8,309.65,298.5,367744.0
1003373,2021-05-19,315.3,316.8,318.0,313.7,293647.0
1003373,2021-05-31,323.55,310.1,330.95,310.0,2092959.0
1003373,2021-06-17,378.55,385.0,393.9,376.1,519214.0
1003373,2021-07-27,425.55,435.8,438.0,423.2,267277.0
1003373,2021-02-08,305.25,314.7,314.7,303.2,907714.0
1003373,2021-03-03,299.3,301.4,305.4,298.5,664979.0
1003373,2021-07-28,428.75,428.1,435.9,422.05,447367.0
1003373,2021-03-24,274.9,279.35,281.35,273.5,384162.0
1003373,2021-08-05,429.9,452.0,459.9,426.85,2109599.0
1003373,2021-08-11,403.95,404.75,410.25,386.45,783151.0
1003373,2021-06-03,365.2,368.5,374.0,360.1,2283750.0
1003373,2021-08-30,420.75,403.0,426.85,402.2,1568238.0
1003373,2021-09-01,428.45,424.2,434.7,414.2,770358.0
1003373,2021-06-23,392.45,397.75,403.4,391.0,652814.0
1003373,2021-08-12,415.8,408.95,419.7,408.95,566298.0
1003373,2021-09-08,407.45,413.55,417.8,406.25,354284.0
1003373,2021-08-20,403.75,406.0,415.0,401.5,398764.0
1003373,2021-08-24,399.2,401.8,401.8,393.1,292641.0
1003373,2021-09-17,404.6,415.0,419.05,403.3,550524.0
1003373,2021-09-28,406.85,410.8,416.0,403.6,476732.0
1003373,2021-08-25,398.9,400.8,409.2,396.3,270639.0
1003373,2021-10-27,397.95,390.0,399.9,388.1,252567.0
1003373,2021-11-11,382.65,389.0,389.0,381.0,147235.0
1003373,2021-12-21,354.2,352.3,358.6,349.0,146701.0
1003373,2021-12-27,375.05,361.45,380.0,356.55,470082.0
1003373,2022-01-04,384.7,390.8,395.25,383.2,682991.0
1003373,2022-01-20,387.6,383.3,389.05,381.1,175564.0
1003373,2022-01-11,390.65,396.8,402.15,388.0,451959.0
1003373,2022-01-25,376.5,372.0,381.0,368.2,312206.0
1003373,2022-02-25,369.1,381.0,381.0,362.1,278905.0
1003373,2022-01-27,380.0,373.0,381.8,372.35,193766.0
1003373,2022-04-20,420.1,415.6,425.0,412.55,213610.0
1003373,2022-04-26,430.8,428.6,435.75,426.15,358570.0
1003373,2022-05-06,439.65,435.0,446.8,425.2,525901.0
1003373,2022-07-21,467.4,476.95,477.4,466.0,231565.0
1003373,2022-07-22,456.2,470.0,471.4,454.8,376704.0
1003373,2022-06-03,461.6,475.0,475.0,452.3,350418.0
1003373,2022-09-19,521.5,530.1,539.0,519.05,1016722.0
1003373,2022-10-17,505.95,508.9,518.0,502.2,469793.0
1003373,2022-06-10,461.05,467.8,473.85,458.3,354616.0
1003373,2022-06-14,434.75,435.0,444.75,432.0,221454.0
1003373,2022-10-19,515.15,517.8,523.9,514.0,301152.0
1003373,2022-12-12,486.8,482.95,488.75,479.3,138003.0
1003373,2022-06-20,417.4,430.5,439.0,412.8,314371.0
1003373,2022-12-13,487.4,488.85,492.5,484.0,156947.0
1003373,2022-12-14,483.15,489.7,491.05,481.3,105287.0
1003373,2022-06-21,431.7,421.65,434.0,421.65,250029.0
1003373,2022-12-16,483.75,480.0,486.0,479.2,191899.0
1003373,2022-12-20,483.8,483.0,484.85,478.3,120823.0
1003373,2022-07-27,447.4,449.9,454.65,442.8,217600.0
1003373,2022-12-21,476.35,485.35,487.25,475.0,373242.0
1003373,2022-12-22,469.85,476.0,479.2,461.1,243035.0
1003373,2022-09-28,491.25,492.0,505.0,487.3,230171.0
1003373,2023-01-24,459.25,470.0,473.75,455.45,249429.0
1003373,2023-02-03,448.25,461.8,462.35,445.0,254921.0
1003373,2022-10-10,504.95,509.8,512.7,503.25,412720.0
1003373,2023-02-07,435.7,436.0,438.9,420.35,364079.0
1003373,2023-02-16,437.15,441.0,444.3,433.1,332637.0
1003373,2022-10-27,507.0,531.2,540.8,473.2,1534089.0
1003373,2023-02-23,452.45,464.4,475.85,450.55,411001.0
1003373,2023-03-16,450.55,435.1,453.3,426.8,304327.0
1003373,2022-11-18,454.3,462.25,463.95,451.55,328398.0
1003373,2023-01-23,469.9,472.0,479.5,469.5,150127.0
1003373,2023-04-11,424.65,430.5,432.8,420.3,206544.0
1003373,2023-04-18,426.4,425.0,429.0,423.5,96482.0
1003373,2023-03-29,419.35,412.2,421.85,402.45,756558.0
1003373,2023-05-02,408.75,404.9,413.0,402.95,292892.0
1003373,2023-06-12,401.25,407.5,407.65,400.4,260848.0
1003373,2023-04-12,425.75,426.9,430.3,424.0,320813.0
1003373,2023-06-13,411.05,403.4,417.75,403.0,562963.0
1003373,2023-06-15,413.75,414.0,418.95,412.3,180931.0
1003373,2023-04-26,405.7,413.7,413.7,404.75,255505.0
1003373,2023-07-12,415.45,418.0,418.0,408.4,409113.0
1003373,2023-07-14,416.45,419.7,424.2,412.5,145318.0
1003373,2023-05-11,392.65,397.0,398.85,392.0,461022.0
1003373,2023-05-30,395.55,401.9,403.8,394.3,290148.0
1003373,2023-07-24,411.15,415.0,416.15,409.05,144051.0
1003373,2023-08-08,412.1,417.2,422.6,407.15,470280.0
1003373,2023-06-30,436.3,441.0,441.0,431.8,276365.0
1003373,2023-08-01,408.4,397.0,411.85,396.05,940357.0
1003373,2023-08-07,415.1,420.0,421.7,408.0,250553.0
1003373,2023-08-14,412.0,407.0,415.1,406.2,292345.0
1003373,2021-01-07,324.85,323.2,328.9,321.0,511192.0
1003373,2021-01-12,319.0,325.1,325.1,318.1,360651.0
1003373,2021-04-08,290.9,295.0,297.8,290.0,441078.0
1003373,2021-05-20,314.35,318.0,321.3,312.0,566993.0
1003373,2021-05-24,315.3,315.45,318.5,314.4,487927.0
1003373,2021-05-26,319.9,310.4,322.5,309.0,1309891.0
1003373,2021-06-15,388.25,398.6,401.55,386.35,1560076.0
1003373,2021-06-29,373.25,387.0,392.0,371.65,649628.0
1003373,2021-07-09,423.3,424.8,426.95,419.25,428874.0
1003373,2021-08-27,400.6,398.95,410.0,397.0,434002.0
1003373,2021-09-06,420.85,423.45,425.0,419.05,220997.0
1003373,2021-09-09,408.9,407.2,414.8,407.2,289103.0
1003373,2021-09-13,413.7,411.25,417.8,408.9,351357.0
1003373,2021-09-24,398.4,401.0,404.7,396.55,300383.0
1003373,2021-10-07,411.6,419.95,420.0,411.0,350068.0
1003373,2021-11-22,369.15,379.8,379.8,365.55,416559.0
1003373,2021-12-06,368.3,374.8,376.6,366.6,135635.0
1003373,2021-12-24,361.3,364.8,365.25,360.1,87955.0
1003373,2022-01-06,384.85,379.45,407.5,377.65,2798700.0
1003373,2022-01-10,394.35,385.6,396.6,383.05,456448.0
1003373,2022-02-02,394.35,388.8,397.75,388.75,278401.0
1003373,2022-03-09,388.4,375.45,392.15,373.25,245003.0
1003373,2022-04-08,426.3,427.0,436.75,424.6,291380.0
1003373,2022-05-02,437.45,425.0,440.0,422.75,362564.0
1003373,2022-06-16,430.75,437.0,441.0,423.5,449255.0
1003373,2022-06-27,422.25,423.85,429.85,419.15,236345.0
1003373,2022-06-29,423.7,418.0,427.7,416.0,184028.0
1003373,2022-08-18,488.2,489.7,496.9,482.1,896958.0
1003373,2022-08-24,470.1,467.8,475.45,467.35,170136.0
1003373,2022-09-06,487.65,481.9,489.0,475.1,440232.0
1003373,2022-09-13,503.6,507.0,514.7,500.5,591842.0
1003373,2022-09-21,512.9,521.0,526.9,508.0,302108.0
1003373,2022-09-22,517.0,510.0,530.0,510.0,533665.0
1003373,2022-12-15,479.95,483.15,487.95,475.65,120449.0
1003373,2023-01-16,489.8,493.55,494.9,487.1,137411.0
1003373,2023-02-08,454.85,435.0,456.9,435.0,235512.0
1003373,2023-03-17,437.05,450.0,459.35,432.5,478828.0
1003373,2023-04-17,423.4,426.2,433.5,420.5,200052.0
1003373,2023-05-09,397.8,408.85,410.9,391.0,1045428.0
1003373,2023-06-28,440.05,440.0,442.0,434.7,330307.0
1003373,2023-08-04,419.15,411.6,422.95,409.1,481531.0
1003373,2021-01-04,327.3,312.8,338.5,311.1,5265104.0
1003373,2021-01-21,319.55,329.0,331.0,317.7,396156.0
1003373,2021-02-02,314.75,323.8,324.95,313.45,390413.0
1003373,2021-02-11,306.9,306.7,308.5,305.25,177807.0
1003373,2021-03-01,299.1,298.0,308.5,293.55,760969.0
1003373,2021-04-01,288.45,291.8,293.8,287.0,219064.0
1003373,2021-04-23,295.75,300.0,303.8,293.0,507629.0
1003373,2021-05-06,298.35,301.0,302.0,297.05,128458.0
1003373,2021-05-07,295.8,300.0,301.75,295.05,179502.0
1003373,2021-05-27,321.8,322.0,329.85,308.9,2451088.0
1003373,2021-06-16,385.8,388.0,394.5,381.4,620214.0
1003373,2021-06-28,385.65,382.0,390.0,380.05,303965.0
1003373,2021-08-18,410.5,408.5,415.0,404.0,247475.0
1003373,2021-10-14,418.7,425.9,426.0,417.0,369786.0
1003373,2021-10-19,403.85,412.0,415.9,401.1,367199.0
1003373,2021-10-29,376.2,387.9,397.0,375.0,464610.0
1003373,2021-11-10,386.95,389.35,394.7,385.3,183626.0
1003373,2021-12-09,372.85,373.5,377.9,372.0,192937.0
1003373,2021-12-31,386.05,383.4,392.5,383.25,322606.0
1003373,2022-01-21,379.95,387.0,387.0,372.5,289887.0
1003373,2022-02-10,410.7,412.8,413.0,405.4,191185.0
1003373,2022-04-04,429.65,437.8,441.9,426.05,429326.0
1003373,2022-04-07,426.2,430.0,433.0,424.1,202228.0
1003373,2022-04-13,429.15,426.0,434.95,426.0,227021.0
1003373,2022-05-31,463.5,443.85,475.0,440.05,1527804.0
1003373,2022-06-28,419.6,420.1,424.0,416.4,130821.0
1003373,2022-07-14,489.25,496.9,498.0,484.6,225766.0
1003373,2022-07-25,457.75,456.0,461.6,452.5,292799.0
1003373,2022-09-27,494.2,500.0,505.75,489.8,232836.0
1003373,2023-01-17,481.65,489.0,490.05,480.15,90802.0
1003373,2023-03-09,447.2,455.9,459.4,445.0,91512.0
1003373,2023-04-13,425.15,427.8,431.0,424.4,91112.0
1003373,2023-06-21,435.35,436.5,439.15,431.0,316387.0
1003373,2023-07-25,409.6,412.0,412.9,408.05,142035.0
1003373,2023-08-16,413.2,411.0,415.0,409.0,111766.0
1003373,2021-01-20,326.3,323.25,331.95,318.1,975686.0
1003373,2021-01-29,313.1,319.9,320.8,310.2,233865.0
1003373,2021-02-01,319.9,313.8,321.5,312.05,382135.0
1003373,2021-02-09,308.4,306.25,311.7,305.8,359580.0
1003373,2021-03-19,280.55,280.4,282.0,274.1,360431.0
1003373,2021-04-28,307.35,309.0,314.4,306.0,998483.0
1003373,2021-06-07,367.55,361.7,373.95,358.5,1294386.0
1003373,2021-06-11,364.05,368.3,373.7,362.05,302935.0
1003373,2021-06-21,380.7,371.5,391.45,371.5,693804.0
1003373,2021-07-01,377.6,386.0,388.7,373.1,447462.0
1003373,2021-07-07,434.65,426.45,438.7,420.65,1659778.0
1003373,2021-07-29,425.25,432.55,434.65,423.0,206003.0
1003373,2021-08-02,428.7,425.5,433.85,425.5,345202.0
1003373,2021-09-07,411.2,422.4,422.8,410.0,363053.0
1003373,2021-09-14,414.65,415.3,420.45,413.6,506260.0
1003373,2021-09-20,400.05,401.0,409.7,399.0,345789.0
1003373,2021-11-08,387.55,393.8,393.8,385.0,368522.0
1003373,2021-11-24,369.35,371.0,376.6,367.15,217483.0
1003373,2021-11-30,371.65,351.0,374.5,351.0,512127.0
1003373,2022-02-08,407.7,419.2,423.0,405.0,392780.0
1003373,2022-02-14,382.6,393.0,400.5,380.5,292118.0
1003373,2022-02-22,362.2,355.0,365.95,355.0,261953.0
1003373,2022-03-28,417.4,404.0,423.0,395.3,505454.0
1003373,2022-03-29,424.35,424.0,439.6,412.3,1812960.0
1003373,2022-04-19,414.9,428.4,432.0,404.65,253135.0
1003373,2022-04-22,427.0,426.0,438.4,422.7,502342.0
1003373,2022-05-04,450.6,442.0,477.0,441.55,6541754.0
1003373,2022-07-04,441.9,425.8,445.45,422.1,339070.0
1003373,2022-08-01,442.95,453.4,454.25,441.6,517047.0
1003373,2022-09-14,496.55,503.0,506.9,493.05,424295.0
1003373,2022-09-16,524.05,495.1,534.75,484.3,2067432.0
1003373,2022-10-25,529.95,527.4,533.2,523.85,303429.0
1003373,2022-11-01,497.35,494.8,504.2,490.55,478728.0
1003373,2022-11-03,489.95,490.8,497.75,488.1,345867.0
1003373,2023-03-01,446.3,448.2,456.5,444.2,183291.0
1003373,2023-03-22,430.8,431.95,436.7,429.15,126267.0
1003373,2023-03-28,410.1,405.4,413.15,401.55,248332.0
1003373,2023-04-28,402.8,407.2,407.9,399.0,812752.0
1003373,2023-05-16,388.75,392.0,393.8,387.6,542827.0
1003373,2023-06-19,428.45,417.75,429.95,412.0,1013663.0
1003373,2023-06-26,434.25,424.95,435.0,422.5,246551.0
1003373,2023-07-28,407.2,409.9,411.9,406.55,140232.0
1003373,2023-08-11,415.1,415.25,417.55,414.15,125701.0
1003373,2023-08-17,410.7,413.6,414.05,409.05,103115.0
1003373,2021-01-06,319.05,325.0,334.95,313.35,999356.0
1003373,2021-01-13,312.35,319.8,322.8,310.65,522618.0
1003373,2021-01-18,315.05,320.6,321.1,310.25,276538.0
1003373,2021-03-04,295.55,298.85,302.0,293.85,474495.0
1003373,2021-03-09,292.7,292.4,298.45,291.25,221544.0
1003373,2021-03-17,277.2,277.8,288.2,275.45,1238165.0
1003373,2021-04-13,283.35,282.6,285.35,279.65,166213.0
1003373,2021-07-12,420.45,426.4,429.4,418.45,380764.0
1003373,2021-07-16,437.45,449.4,449.9,435.05,395946.0
1003373,2021-09-03,419.65,423.0,428.95,418.0,419853.0
1003373,2021-09-23,399.15,403.15,405.0,396.3,351394.0
1003373,2021-10-08,411.3,413.8,413.8,409.05,348377.0
1003373,2021-10-11,414.25,414.9,417.55,413.0,347265.0
1003373,2021-12-13,380.1,375.0,382.8,374.05,227248.0
1003373,2022-01-07,383.1,387.95,388.65,381.25,647882.0
1003373,2022-01-12,390.1,394.75,394.75,386.0,286064.0
1003373,2022-01-13,390.65,392.0,393.2,387.25,173214.0
1003373,2022-03-07,365.15,362.0,368.25,357.3,168999.0
1003373,2022-08-03,472.15,454.9,474.0,454.15,665658.0
1003373,2022-08-12,471.75,469.05,483.95,468.05,261250.0
1003373,2022-09-15,492.6,499.0,504.8,490.25,309254.0
1003373,2022-10-06,510.55,513.0,524.0,508.0,324740.0
1003373,2022-11-07,481.95,485.0,489.9,480.0,213020.0
1003373,2022-12-02,470.6,470.45,472.9,466.05,228282.0
1003373,2022-12-08,485.55,481.8,489.0,478.9,198600.0
1003373,2023-01-12,487.95,483.05,495.0,483.05,120341.0
1003373,2023-04-03,425.3,428.55,435.0,420.0,272723.0
1003373,2023-04-19,425.85,428.0,433.35,425.0,167737.0
1003373,2023-04-27,404.05,406.0,410.9,402.0,316719.0
1003373,2023-05-05,410.25,416.0,417.95,408.3,409969.0
1003373,2023-05-15,390.6,396.9,398.05,388.9,495275.0
1003373,2023-05-22,397.85,388.5,399.0,387.55,496072.0
1003373,2023-06-08,410.95,417.5,417.5,409.0,226028.0
1003373,2023-07-11,416.85,429.8,430.8,415.0,472063.0
1003373,2023-07-13,417.6,417.9,425.5,414.05,270910.0
1003373,2023-07-21,414.1,408.95,415.8,406.0,234989.0
1003373,2021-01-22,313.6,319.8,321.5,310.55,417460.0
1003373,2021-05-28,313.85,316.9,323.1,312.2,637670.0
1003373,2021-06-08,377.55,370.45,391.75,370.4,2963247.0
1003373,2021-07-14,443.7,436.0,455.75,436.0,2242021.0
1003373,2021-07-22,433.85,440.4,442.0,430.25,447664.0
1003373,2021-08-23,397.95,407.8,409.65,395.1,404581.0
1003373,2021-09-30,402.15,408.2,408.95,401.5,248104.0
1003373,2021-10-13,421.35,420.5,427.7,420.05,777485.0
1003373,2021-10-28,390.1,400.0,400.0,387.0,173701.0
1003373,2021-11-18,378.05,388.8,388.8,376.0,264039.0
1003373,2021-12-08,372.0,369.7,375.6,369.0,146328.0
1003373,2021-12-17,362.3,371.8,371.8,361.6,105691.0
1003373,2022-01-05,380.4,386.0,389.15,380.0,175026.0
1003373,2022-01-17,394.95,400.0,400.45,393.0,226507.0
1003373,2022-03-24,407.55,405.0,414.0,404.05,214352.0
1003373,2022-04-29,429.45,431.35,437.0,425.0,427679.0
1003373,2022-05-10,418.05,427.45,437.85,409.2,442473.0
1003373,2022-05-17,449.45,420.0,452.6,420.0,451397.0
1003373,2022-05-27,437.55,437.4,449.95,432.2,252263.0
1003373,2022-06-30,424.15,424.0,430.7,422.0,122986.0
1003373,2022-08-10,476.5,490.0,494.95,474.0,645374.0
1003373,2022-08-22,470.3,480.0,487.0,468.5,459349.0
1003373,2022-09-07,497.55,487.4,505.0,485.0,1205672.0
1003373,2022-09-29,497.85,494.45,513.4,492.2,219623.0
1003373,2022-10-18,514.9,508.6,521.9,507.95,625205.0
1003373,2022-11-22,450.7,448.1,458.65,447.1,876500.0
1003373,2022-12-28,471.1,472.2,478.1,470.0,136462.0
1003373,2023-01-10,482.7,483.8,488.4,475.0,78163.0
1003373,2023-01-20,470.95,482.0,483.65,468.25,122737.0
1003373,2023-01-31,454.55,453.9,464.5,450.95,340088.0
1003373,2023-02-01,459.45,459.6,477.0,455.1,396828.0
1003373,2023-02-20,475.7,430.2,482.0,430.15,5322779.0
1003373,2023-02-21,459.35,465.25,471.7,456.0,1106074.0
1003373,2023-02-22,462.0,456.3,466.5,454.95,643156.0
1003373,2023-03-13,442.95,442.0,447.8,436.0,244494.0
1003373,2023-04-05,426.6,429.35,432.5,424.25,298345.0
1003373,2021-01-15,320.45,323.8,326.0,316.05,432236.0
1003373,2021-03-12,282.25,290.9,292.7,281.0,494667.0
1003373,2021-04-09,293.25,290.5,297.9,290.5,471467.0
1003373,2021-04-15,282.2,284.0,284.7,279.0,131186.0
1003373,2021-06-09,364.2,381.0,385.0,355.55,923478.0
1003373,2021-06-22,394.1,381.05,400.0,381.05,1099574.0
1003373,2021-08-03,447.35,431.0,455.7,431.0,1772633.0
1003373,2021-10-06,415.95,424.0,429.0,410.5,1066226.0
1003373,2021-10-26,386.0,375.7,390.0,375.65,384141.0
1003373,2021-11-23,369.2,366.0,372.85,365.2,210974.0
1003373,2022-01-03,389.05,388.65,394.7,384.3,582559.0
1003373,2022-01-31,390.2,381.0,394.45,381.0,380041.0
1003373,2022-02-18,377.65,380.0,385.1,376.1,111184.0
1003373,2022-02-21,369.85,375.0,377.85,366.05,164708.0
1003373,2022-02-24,358.6,364.7,368.9,351.5,382450.0
1003373,2022-03-31,448.5,426.25,453.0,423.45,1511807.0
1003373,2022-04-01,434.15,451.5,455.95,431.35,984312.0
1003373,2022-04-12,425.5,429.0,429.95,416.05,227952.0
1003373,2022-05-24,435.45,441.0,445.05,434.0,165141.0
1003373,2022-06-08,476.5,477.0,484.9,471.35,299113.0
1003373,2022-07-15,487.85,490.75,493.85,481.0,183102.0
1003373,2022-10-04,510.4,514.0,516.8,509.0,164137.0
1003373,2022-10-11,500.25,503.3,515.55,498.0,338512.0
1003373,2022-10-14,509.1,512.0,517.8,507.5,408687.0
1003373,2023-01-09,481.4,495.3,496.95,478.0,390765.0
1003373,2023-01-25,459.8,456.55,461.4,455.0,113093.0
1003373,2023-01-27,458.5,460.0,465.05,454.85,214784.0
1003373,2023-03-02,447.9,448.35,451.8,442.4,111785.0
1003373,2023-03-06,456.9,442.0,462.2,440.2,302942.0
1003373,2023-03-31,426.1,424.3,430.45,416.6,432509.0
1003373,2023-04-20,427.05,427.9,429.55,421.85,194658.0
1003373,2023-05-29,401.3,399.6,407.8,397.75,870634.0
1003373,2023-05-31,398.35,392.1,401.1,392.1,307745.0
1003373,2023-08-02,406.8,408.0,412.3,404.25,414299.0
1003373,2023-08-03,411.55,405.8,412.5,402.85,227343.0
