stockid,date,close,open,high,low,volume
1002948,2021-01-08,345.5,351.95,352.7,344.75,336704.0
1002948,2021-01-27,336.6,334.75,340.0,332.8,227614.0
1002948,2021-01-29,331.0,330.3,335.45,330.0,99849.0
1002948,2021-02-02,333.3,335.0,337.9,330.5,177184.0
1002948,2021-03-08,365.0,364.7,369.55,361.55,173932.0
1002948,2021-04-23,324.5,324.85,330.15,322.2,150398.0
1002948,2021-05-20,350.15,347.85,351.9,344.95,108229.0
1002948,2021-06-07,369.15,374.2,374.7,366.8,325674.0
1002948,2021-06-17,363.0,359.9,370.5,359.75,501593.0
1002948,2021-06-21,351.95,356.7,361.95,345.25,953196.0
1002948,2021-06-29,359.65,363.3,363.5,358.0,185946.0
1002948,2021-07-16,374.25,380.0,380.7,373.25,97572.0
1002948,2021-07-19,379.8,373.0,383.1,372.2,217377.0
1002948,2021-07-29,404.8,398.0,407.0,398.0,363328.0
1002948,2021-08-10,383.1,393.9,397.65,374.7,189938.0
1002948,2021-08-13,384.95,388.55,397.8,371.2,783286.0
1002948,2021-08-30,391.05,384.9,394.0,383.95,377669.0
1002948,2021-09-22,382.5,382.9,387.45,378.8,159667.0
1002948,2021-09-24,384.7,389.65,393.35,382.0,228186.0
1002948,2021-10-04,377.9,378.0,387.9,376.65,178101.0
1002948,2021-11-15,420.5,425.0,427.0,410.0,182208.0
1002948,2021-12-07,403.9,409.3,414.85,401.15,89956.0
1002948,2021-12-09,402.1,401.3,410.45,400.35,132903.0
1002948,2021-12-17,395.1,402.2,403.9,392.7,281866.0
1002948,2021-02-03,334.05,335.15,336.9,331.55,194286.0
1002948,2021-02-17,345.0,342.0,346.55,341.3,253903.0
1002948,2021-02-24,349.4,346.9,352.0,344.0,93773.0
1002948,2021-03-03,379.35,385.0,391.05,375.1,631681.0
1002948,2021-05-24,359.35,362.2,362.65,356.1,169153.0
1002948,2021-05-31,361.7,355.5,364.0,355.0,108566.0
1002948,2021-06-02,368.15,370.0,370.5,365.5,83584.0
1002948,2021-08-31,393.1,392.5,396.35,390.1,211260.0
1002948,2021-09-14,394.0,390.0,396.7,390.0,447682.0
1002948,2021-09-16,403.4,404.65,412.9,399.95,540100.0
1002948,2021-12-08,403.6,408.45,411.45,402.1,80482.0
1002948,2021-12-13,401.8,403.25,408.75,400.5,76568.0
1002948,2021-12-20,384.65,392.1,393.65,378.35,197502.0
1002948,2022-01-03,391.45,388.0,395.45,387.95,116181.0
1002948,2021-01-15,345.3,364.0,365.9,337.25,1911126.0
1002948,2021-02-08,341.4,339.4,344.5,338.95,455424.0
1002948,2021-02-22,350.1,339.95,359.0,337.0,1242770.0
1002948,2021-02-23,345.3,351.9,355.0,342.7,340918.0
1002948,2021-03-31,332.55,335.5,337.35,332.0,100517.0
1002948,2021-06-23,356.15,350.2,362.8,345.35,658948.0
1002948,2021-07-02,370.25,362.1,374.0,362.1,666519.0
1002948,2021-07-05,369.05,373.25,374.0,368.05,288854.0
1002948,2021-08-16,378.45,379.95,383.0,374.25,142303.0
1002948,2021-09-06,397.2,396.5,403.0,395.3,135812.0
1002948,2021-09-08,395.75,397.8,400.0,394.0,87098.0
1002948,2021-09-17,401.5,407.0,410.95,398.5,248124.0
1002948,2021-10-18,413.15,395.0,414.45,393.15,1000001.0
1002948,2021-11-11,438.25,421.9,451.0,420.35,1282056.0
1002948,2021-11-12,425.05,440.0,445.3,421.65,313670.0
1002948,2021-11-16,416.85,420.5,424.0,415.05,112987.0
1002948,2021-12-24,381.55,387.5,388.8,380.8,64020.0
1002948,2022-01-12,416.4,412.0,417.8,409.05,164907.0
1002948,2021-02-19,339.5,349.2,349.2,337.25,165652.0
1002948,2021-02-25,356.4,350.55,360.0,349.5,492662.0
1002948,2021-03-26,341.6,334.9,349.0,334.25,212606.0
1002948,2021-04-12,333.85,338.0,340.0,325.5,258328.0
1002948,2021-04-28,343.85,331.0,347.0,330.05,649463.0
1002948,2021-06-18,356.7,366.0,368.9,350.1,182699.0
1002948,2021-08-02,416.05,420.8,429.2,408.0,618158.0
1002948,2021-08-04,414.05,415.5,421.8,411.4,331159.0
1002948,2021-08-05,398.75,416.0,416.0,395.05,188099.0
1002948,2021-10-19,428.75,416.9,455.0,416.9,3407373.0
1002948,2021-10-22,430.55,448.0,448.95,425.75,523823.0
1002948,2021-12-02,422.95,413.0,430.0,408.0,311737.0
1002948,2021-12-29,398.95,385.5,402.5,384.15,248748.0
1002948,2021-01-14,348.15,347.1,355.0,345.25,1555183.0
1002948,2021-01-20,337.95,340.0,342.4,336.0,138370.0
1002948,2021-04-30,336.85,336.45,339.5,335.65,64074.0
1002948,2021-07-08,372.35,372.6,376.6,366.5,205575.0
1002948,2021-07-12,383.5,387.25,387.25,380.35,399338.0
1002948,2021-08-24,377.6,375.1,379.2,373.25,79723.0
1002948,2021-10-01,377.7,382.0,386.0,376.0,133223.0
1002948,2021-10-21,444.1,420.0,449.95,418.0,707074.0
1002948,2021-11-10,421.5,428.5,430.0,419.25,87912.0
1002948,2021-12-10,403.0,402.8,408.3,400.7,99047.0
1002948,2021-12-14,399.75,400.7,404.55,396.6,55781.0
1002948,2021-12-23,386.05,386.0,393.0,384.05,127140.0
1002948,2021-12-28,384.15,384.0,389.9,382.15,67528.0
1002948,2022-01-11,409.55,402.8,423.45,400.45,602344.0
1002948,2022-01-27,488.55,458.8,499.0,455.15,1741926.0
1002948,2021-01-21,338.05,340.6,341.95,336.55,271883.0
1002948,2021-02-18,347.1,347.25,349.9,342.6,189832.0
1002948,2021-03-05,361.65,378.0,378.85,360.25,320965.0
1002948,2021-05-04,332.9,329.3,336.0,329.3,135972.0
1002948,2021-06-01,369.1,372.0,377.6,365.0,636290.0
1002948,2021-06-04,365.2,368.85,373.0,363.7,153119.0
1002948,2021-06-11,360.85,365.0,369.4,360.3,165202.0
1002948,2021-06-15,360.15,361.9,364.1,359.05,96453.0
1002948,2021-06-16,359.45,360.15,363.95,358.55,128966.0
1002948,2021-09-13,386.45,395.0,395.0,385.3,182448.0
1002948,2021-09-29,378.8,377.9,382.3,376.2,134088.0
1002948,2021-11-03,423.75,415.6,440.0,414.25,441538.0
1002948,2021-11-04,428.15,430.0,435.95,425.0,83314.0
1002948,2021-11-22,389.3,413.9,416.85,383.0,228644.0
1002948,2021-11-25,405.2,406.9,408.3,403.85,59792.0
1002948,2022-01-19,435.5,423.1,442.25,420.15,230734.0
1002948,2021-01-28,328.85,332.0,334.7,323.95,142941.0
1002948,2021-02-10,340.25,344.7,346.4,337.9,248562.0
1002948,2021-04-05,339.1,337.5,344.9,332.1,128191.0
1002948,2021-04-19,326.05,325.1,329.9,321.1,92986.0
1002948,2021-04-29,341.45,346.6,351.9,340.0,195182.0
1002948,2021-06-03,368.2,369.6,370.0,366.0,108839.0
1002948,2021-06-08,365.05,371.4,371.4,364.15,265845.0
1002948,2021-08-25,384.35,379.5,397.9,379.5,627531.0
1002948,2021-10-06,376.2,378.7,382.9,375.05,141447.0
1002948,2021-10-14,390.95,390.0,393.0,386.0,469496.0
1002948,2021-10-26,420.7,425.5,435.0,418.2,171582.0
1002948,2021-11-17,426.85,419.5,441.0,415.05,479269.0
1002948,2021-11-23,394.6,389.0,399.8,387.55,166722.0
1002948,2021-11-30,414.45,408.0,420.55,406.6,303119.0
1002948,2021-12-16,402.15,395.0,403.5,394.1,183895.0
1002948,2021-12-21,383.55,386.6,396.85,381.0,83810.0
1002948,2021-12-30,393.05,401.7,404.45,391.25,142391.0
1002948,2021-03-16,360.1,359.95,363.85,357.1,259399.0
1002948,2021-03-24,344.45,350.0,354.35,342.4,138853.0
1002948,2021-05-14,344.05,349.65,351.75,340.7,127463.0
1002948,2021-05-21,359.55,350.0,365.0,349.05,633854.0
1002948,2021-06-14,359.65,363.0,365.0,357.0,141830.0
1002948,2021-07-01,361.45,362.95,369.5,359.25,670409.0
1002948,2021-07-06,373.6,368.9,385.6,366.35,1566840.0
1002948,2021-08-12,384.3,376.05,386.65,375.1,103728.0
1002948,2021-08-17,370.95,377.35,378.9,367.6,84110.0
1002948,2021-08-27,382.05,392.0,396.0,380.25,769133.0
1002948,2021-09-27,380.8,387.35,390.0,380.3,155410.0
1002948,2021-10-28,416.75,418.0,423.85,413.0,136072.0
1002948,2021-11-02,414.25,414.95,424.65,409.5,112672.0
1002948,2021-11-29,412.5,385.65,434.95,370.0,1509401.0
1002948,2022-01-07,397.25,393.9,405.4,393.9,167405.0
1002948,2022-01-10,399.6,401.75,407.7,398.2,176018.0
1002948,2021-01-05,345.05,340.0,355.6,337.15,625932.0
1002948,2021-01-11,346.05,347.2,350.0,343.2,191231.0
1002948,2021-01-18,332.15,345.3,346.45,331.0,459168.0
1002948,2021-01-19,341.2,333.85,342.65,333.85,301786.0
1002948,2021-04-08,342.05,343.9,346.95,340.15,78570.0
1002948,2021-05-07,335.1,336.0,339.9,333.0,88999.0
1002948,2021-07-30,420.05,409.95,426.6,408.05,1038946.0
1002948,2021-09-02,395.8,389.9,401.45,387.65,255457.0
1002948,2021-09-03,395.3,397.15,399.9,392.65,120629.0
1002948,2021-09-20,386.85,398.0,401.0,385.3,117039.0
1002948,2021-09-21,379.8,387.0,390.15,378.0,138767.0
1002948,2021-11-18,412.0,429.95,429.95,410.8,160452.0
1002948,2021-12-01,412.1,414.2,418.5,410.0,92015.0
1002948,2022-01-04,394.0,392.4,400.9,391.8,104349.0
1002948,2022-01-06,392.25,387.0,395.65,385.65,78677.0
1002948,2022-01-21,459.1,459.0,466.25,449.8,477241.0
1002948,2021-01-12,342.9,347.0,350.05,342.5,273100.0
1002948,2021-01-22,335.2,335.15,339.4,333.0,171438.0
1002948,2021-02-01,332.25,332.8,339.85,330.5,280644.0
1002948,2021-02-15,344.95,356.1,362.5,341.35,533723.0
1002948,2021-02-16,342.2,346.0,349.0,340.0,281761.0
1002948,2021-03-19,345.65,340.0,348.9,330.1,613158.0
1002948,2021-03-30,336.45,344.5,345.0,334.55,197890.0
1002948,2021-04-20,330.15,328.0,331.9,327.8,73755.0
1002948,2021-05-17,345.4,344.8,349.4,343.0,94844.0
1002948,2021-07-09,381.7,385.0,399.0,378.1,3595964.0
1002948,2021-07-20,384.3,379.5,389.0,368.3,523239.0
1002948,2021-07-27,403.55,403.4,407.25,397.05,392426.0
1002948,2021-09-07,395.8,398.0,398.2,389.8,117492.0
1002948,2021-09-23,389.65,384.8,393.85,384.8,203026.0
1002948,2021-10-08,371.75,372.8,374.5,371.0,226479.0
1002948,2021-11-09,430.1,430.0,436.2,427.0,204886.0
1002948,2021-12-06,407.25,415.85,418.35,403.55,129224.0
1002948,2022-01-13,411.95,417.0,417.0,409.0,68778.0
1002948,2022-01-14,437.75,411.95,444.85,410.7,568771.0
1002948,2021-01-04,350.0,352.9,352.9,348.05,507790.0
1002948,2021-02-12,353.5,342.95,380.0,341.25,5636434.0
1002948,2021-03-18,342.0,350.5,353.0,337.65,259873.0
1002948,2021-03-25,333.25,344.5,344.9,331.0,147752.0
1002948,2021-05-12,348.55,361.4,363.7,346.5,301668.0
1002948,2021-05-25,360.15,358.1,363.6,358.1,226447.0
1002948,2021-07-26,402.45,390.5,408.95,390.0,590051.0
1002948,2021-09-09,395.35,395.25,400.0,391.6,134946.0
1002948,2021-10-07,369.1,378.5,379.8,368.15,489732.0
1002948,2021-10-13,378.8,383.0,387.2,378.0,195585.0
1002948,2021-12-22,384.5,384.8,389.7,382.4,67448.0
1002948,2021-12-27,382.45,381.55,384.9,377.2,40065.0
1002948,2022-01-05,389.2,394.0,398.0,387.05,104987.0
1002948,2022-01-17,442.1,444.0,457.0,438.0,862231.0
1002948,2022-01-24,446.75,455.0,472.0,441.0,857732.0
1002948,2021-01-06,355.25,354.15,360.6,350.05,1290056.0
1002948,2021-02-04,336.95,335.0,339.0,332.55,207973.0
1002948,2021-03-15,359.7,364.3,368.1,357.0,198614.0
1002948,2021-03-23,354.35,356.65,357.0,351.35,190007.0
1002948,2021-04-09,344.15,341.9,345.2,339.8,104769.0
1002948,2021-04-13,336.7,330.25,340.0,328.0,123750.0
1002948,2021-04-22,326.3,331.0,331.85,325.3,66543.0
1002948,2021-05-19,347.85,344.85,354.2,344.2,131049.0
1002948,2021-06-30,357.95,360.0,361.5,356.85,95177.0
1002948,2021-07-07,375.05,373.0,376.8,369.9,213387.0
1002948,2021-07-13,376.15,387.0,387.0,373.35,220880.0
1002948,2021-07-15,379.2,379.1,383.5,376.6,204657.0
1002948,2021-10-05,376.8,377.7,385.35,376.0,447969.0
1002948,2021-11-24,405.1,402.95,408.25,398.65,105566.0
1002948,2021-11-26,387.45,404.75,406.0,385.1,106882.0
1002948,2021-01-01,348.1,344.5,348.95,341.55,767241.0
1002948,2021-01-13,337.3,343.05,346.7,335.0,307234.0
1002948,2021-02-05,337.6,337.0,339.85,335.0,194631.0
1002948,2021-03-01,367.2,354.8,370.0,353.55,1299286.0
1002948,2021-03-02,383.8,372.0,385.0,370.1,1865974.0
1002948,2021-05-03,328.15,336.75,336.75,326.0,154759.0
1002948,2021-05-05,334.95,333.0,339.3,332.5,70140.0
1002948,2021-05-11,358.6,335.65,362.4,334.6,1108755.0
1002948,2021-05-27,369.0,374.05,375.0,367.25,189816.0
1002948,2021-06-09,365.8,366.9,372.9,363.8,345378.0
1002948,2021-06-25,354.3,357.0,357.35,353.0,143264.0
1002948,2021-08-03,411.9,416.05,419.35,410.0,215372.0
1002948,2021-08-11,375.05,383.0,385.2,367.0,142018.0
1002948,2021-08-18,388.35,386.0,391.9,375.0,726160.0
1002948,2021-09-30,382.95,385.8,392.45,381.7,341399.0
1002948,2021-10-11,376.35,371.8,379.9,371.8,395834.0
1002948,2021-12-03,414.85,427.0,439.0,410.5,490223.0
1002948,2021-01-25,333.15,341.0,342.3,326.75,167157.0
1002948,2021-02-09,343.45,342.0,350.9,340.0,810093.0
1002948,2021-02-11,341.25,339.0,342.35,338.05,134331.0
1002948,2021-03-04,376.55,374.8,379.7,371.75,358805.0
1002948,2021-03-09,366.25,368.5,370.95,364.85,194753.0
1002948,2021-03-10,360.15,367.8,369.6,356.05,358895.0
1002948,2021-03-17,351.1,363.0,367.0,350.0,416256.0
1002948,2021-04-01,337.95,333.0,339.35,333.0,87702.0
1002948,2021-04-07,342.35,335.1,346.0,335.1,104562.0
1002948,2021-04-06,336.65,339.8,341.65,333.8,91814.0
1002948,2021-05-10,338.15,338.0,343.5,335.0,158729.0
1002948,2021-04-15,331.95,333.0,335.85,328.25,84639.0
1002948,2021-04-26,325.4,327.75,327.75,324.55,59811.0
1002948,2021-06-24,356.1,358.75,358.75,353.05,284153.0
1002948,2021-04-27,329.05,326.0,330.1,325.75,55690.0
1002948,2021-06-28,361.2,357.1,362.0,354.25,138379.0
1002948,2021-05-06,335.05,336.4,338.0,332.25,56020.0
1002948,2021-09-15,401.25,398.0,407.45,397.0,509922.0
1002948,2021-05-18,343.9,349.5,349.5,341.4,79799.0
1002948,2021-09-28,379.75,383.0,385.8,378.0,144095.0
1002948,2021-10-12,381.25,374.3,383.75,372.0,408554.0
1002948,2021-05-26,373.55,361.0,376.0,360.0,1016383.0
1002948,2021-05-28,357.4,370.55,373.65,356.05,169862.0
1002948,2021-10-27,424.15,421.95,431.95,418.0,243226.0
1002948,2021-06-10,364.35,366.15,370.5,362.7,133054.0
1002948,2021-12-15,393.25,400.3,403.65,390.55,117246.0
1002948,2021-12-31,389.55,393.95,399.0,387.0,73954.0
1002948,2021-06-22,349.45,350.0,354.15,347.15,182967.0
1002948,2021-07-14,379.15,378.3,384.55,375.5,283838.0
1002948,2022-01-25,465.35,440.0,478.55,437.0,1021929.0
1002948,2021-07-23,394.75,407.0,408.65,392.0,348013.0
1002948,2021-08-06,398.3,398.95,408.95,396.0,231022.0
1002948,2021-08-09,391.65,400.4,403.2,390.05,107068.0
1002948,2021-08-20,375.25,380.1,392.35,374.1,220723.0
1002948,2021-08-23,371.8,376.0,379.9,368.0,72248.0
1002948,2021-09-01,386.1,393.05,393.65,385.0,80129.0
1002948,2021-10-20,422.45,430.0,434.55,414.05,695497.0
1002948,2021-11-01,414.8,405.45,418.05,401.8,162703.0
1002948,2021-11-08,429.35,430.0,430.6,423.0,121808.0
1002948,2022-01-18,426.35,444.35,445.05,420.55,196471.0
1002948,2022-01-20,461.15,436.0,473.4,435.65,2140680.0
1002948,2021-01-07,349.85,358.5,360.0,348.8,331128.0
1002948,2021-02-26,350.3,354.9,355.95,348.75,302134.0
1002948,2021-03-12,362.5,362.1,367.45,360.75,344685.0
1002948,2021-03-22,358.35,363.0,367.0,350.25,1695839.0
1002948,2021-04-16,335.95,332.0,338.25,332.0,79345.0
1002948,2021-07-22,406.4,388.0,408.2,384.05,2043304.0
1002948,2021-07-28,398.3,400.1,404.9,394.0,276362.0
1002948,2021-08-26,392.2,389.45,404.3,386.1,1226257.0
1002948,2021-10-25,429.05,430.7,435.0,413.0,354695.0
1002948,2021-10-29,405.45,413.7,415.0,400.15,212770.0
1002948,2022-02-23,436.9,443.5,446.85,435.0,229435.0
1002948,2022-02-01,491.65,503.9,511.7,488.85,822598.0
1002948,2022-02-16,461.3,470.3,478.05,457.0,368935.0
1002948,2022-01-31,497.9,496.25,511.75,493.2,806485.0
1002948,2022-02-18,472.7,475.3,484.0,470.5,355953.0
1002948,2022-02-11,452.15,460.0,462.7,450.1,157862.0
1002948,2022-02-15,466.4,467.8,475.9,456.1,728138.0
1002948,2022-04-04,580.7,575.2,597.6,575.0,1022653.0
1002948,2022-03-15,522.5,505.9,533.9,496.5,1222640.0
1002948,2022-04-13,736.7,765.5,774.0,732.45,1181890.0
1002948,2022-05-26,741.3,714.45,749.8,684.7,1254257.0
1002948,2022-06-20,717.3,813.9,826.85,647.6,5124438.0
1002948,2022-05-31,783.65,747.9,793.9,731.85,4049960.0
1002948,2022-06-30,681.25,699.0,711.7,677.6,559452.0
1002948,2022-08-10,847.55,866.05,873.8,837.8,1619293.0
1002948,2022-06-02,825.2,813.9,832.5,812.0,1599935.0
1002948,2022-09-12,838.65,815.1,842.95,812.6,2337491.0
1002948,2022-09-15,869.35,870.0,893.0,860.1,1600444.0
1002948,2022-06-10,823.25,807.05,832.0,799.9,1409374.0
1002948,2022-09-23,911.25,932.0,935.0,904.0,808152.0
1002948,2022-10-28,973.75,996.0,1008.25,965.5,914184.0
1002948,2022-08-11,884.2,850.0,897.9,847.5,2961092.0
1002948,2022-11-04,980.05,980.0,987.0,969.3,866720.0
1002948,2022-09-07,819.8,819.8,837.0,816.25,581441.0
1002948,2022-04-27,760.15,775.0,780.75,746.15,1057342.0
1002948,2022-06-17,809.5,814.0,818.0,786.0,2212072.0
1002948,2022-07-13,689.15,699.6,703.5,686.0,256738.0
1002948,2022-08-04,840.55,855.8,855.8,812.6,1005624.0
1002948,2022-08-30,817.8,818.0,828.9,814.5,684737.0
1002948,2022-09-06,820.8,834.25,841.5,818.55,505377.0
1002948,2022-09-09,811.1,818.65,826.8,808.0,602901.0
1002948,2022-10-12,882.2,886.0,902.6,871.95,578519.0
1002948,2022-10-18,892.15,890.2,905.0,880.15,1126438.0
1002948,2022-11-03,975.85,945.1,989.0,945.1,1852765.0
1002948,2022-03-21,572.15,600.95,606.6,566.05,1433075.0
1002948,2022-02-17,475.3,465.4,480.1,460.1,592563.0
1002948,2022-03-23,569.6,581.6,598.0,568.0,809154.0
1002948,2022-04-08,716.15,628.0,739.45,627.0,13304665.0
1002948,2022-03-28,546.85,560.0,562.9,544.5,263951.0
1002948,2022-04-20,780.4,840.0,867.6,765.25,3395329.0
1002948,2022-04-22,799.2,770.0,844.8,763.6,5652102.0
1002948,2022-05-05,721.5,690.0,729.75,680.55,2334586.0
1002948,2022-06-22,729.05,735.0,757.8,722.0,1421641.0
1002948,2022-05-12,639.65,640.0,665.0,624.75,1337675.0
1002948,2022-06-29,700.25,710.0,710.15,693.0,699396.0
1002948,2022-05-13,665.15,650.9,703.3,650.9,2329671.0
1002948,2022-07-11,705.25,709.9,720.7,702.45,591322.0
1002948,2022-06-06,787.85,794.9,794.9,756.65,1005738.0
1002948,2022-08-18,844.5,852.5,862.9,840.55,717825.0
1002948,2022-07-28,782.15,735.0,788.7,730.0,2936042.0
1002948,2022-07-29,811.75,786.0,819.4,780.0,2151154.0
1002948,2022-08-26,826.4,806.9,836.0,806.9,1359032.0
1002948,2022-09-16,920.95,870.6,976.0,869.1,13521928.0
1002948,2022-09-21,921.05,945.0,951.8,908.0,1337989.0
1002948,2022-10-19,916.05,896.65,948.25,894.95,3224312.0
1002948,2022-10-21,956.0,926.2,961.0,926.0,2551984.0
1002948,2022-11-01,968.35,959.5,979.45,952.0,813130.0
1002948,2022-03-17,599.5,562.2,612.0,560.05,3114013.0
1002948,2022-04-19,827.9,867.95,904.9,810.1,5602920.0
1002948,2022-05-17,712.35,695.7,728.85,693.15,1917006.0
1002948,2022-05-19,720.95,694.0,730.45,680.75,963783.0
1002948,2022-05-30,746.5,748.9,757.45,740.45,723178.0
1002948,2022-06-07,817.25,802.0,825.0,801.05,2110737.0
1002948,2022-06-08,805.45,825.35,827.75,795.0,1089737.0
1002948,2022-06-24,728.05,739.0,743.6,716.0,591323.0
1002948,2022-06-28,718.8,726.8,728.8,716.0,425833.0
1002948,2022-07-14,693.8,690.0,696.95,682.05,613004.0
1002948,2022-07-19,718.95,711.4,731.6,707.0,724041.0
1002948,2022-07-21,733.75,723.0,738.8,700.0,825768.0
1002948,2022-08-24,805.45,814.0,820.1,803.1,467775.0
1002948,2022-02-28,448.15,421.0,453.7,410.2,678357.0
1002948,2022-03-02,463.7,458.95,479.0,454.6,1207322.0
1002948,2022-02-04,494.05,505.1,505.3,489.35,682438.0
1002948,2022-02-14,463.8,442.0,479.0,436.0,2293476.0
1002948,2022-04-29,748.2,749.0,787.0,742.05,1859019.0
1002948,2022-06-14,782.65,787.0,811.7,776.85,1131457.0
1002948,2022-07-05,670.9,681.4,687.95,666.25,386802.0
1002948,2022-07-25,719.55,719.0,727.0,711.5,449305.0
1002948,2022-08-12,821.65,886.0,893.0,810.0,3209107.0
1002948,2022-09-08,814.4,824.0,832.0,811.7,586839.0
1002948,2022-09-26,850.4,911.25,911.25,842.5,1297712.0
1002948,2022-10-14,857.85,880.0,892.45,855.0,448856.0
1002948,2022-10-17,879.85,857.0,892.0,835.95,664741.0
1002948,2022-03-03,462.15,468.6,475.0,461.0,247639.0
1002948,2022-03-07,444.3,449.8,456.05,438.65,736732.0
1002948,2022-05-02,714.8,742.0,742.3,708.05,1134964.0
1002948,2022-03-09,461.0,458.8,472.5,455.3,779963.0
1002948,2022-05-16,689.0,677.5,698.2,656.6,1280581.0
1002948,2022-04-18,855.3,730.0,884.0,720.0,9601131.0
1002948,2022-06-16,786.6,824.0,853.35,780.1,4335674.0
1002948,2022-07-01,667.2,677.0,679.95,660.05,693286.0
1002948,2022-06-21,743.3,724.7,748.0,717.3,1847164.0
1002948,2022-08-16,852.2,829.0,855.0,822.1,1335835.0
1002948,2022-07-04,676.55,661.0,684.5,660.6,569803.0
1002948,2022-09-13,853.2,846.0,869.85,842.1,2413015.0
1002948,2022-07-22,721.45,734.0,737.75,718.6,462700.0
1002948,2022-09-14,865.0,845.0,877.6,840.1,2011015.0
1002948,2022-08-22,798.3,830.0,830.0,794.0,689821.0
1002948,2022-10-07,917.6,926.9,934.95,910.0,588985.0
1002948,2022-10-03,875.9,868.0,887.15,862.05,822477.0
1002948,2022-10-24,963.15,964.7,971.3,954.05,438839.0
1002948,2022-03-29,562.4,550.0,574.95,546.0,700060.0
1002948,2022-03-31,549.3,550.8,558.2,538.0,810813.0
1002948,2022-04-06,570.75,567.8,588.45,561.7,688244.0
1002948,2022-05-06,691.65,698.0,714.7,688.5,1041284.0
1002948,2022-06-13,795.9,795.0,814.0,780.0,1064688.0
1002948,2022-06-27,727.0,737.0,741.5,722.3,637800.0
1002948,2022-07-26,701.0,718.0,720.0,698.0,271583.0
1002948,2022-07-27,730.9,710.0,736.0,710.0,1306150.0
1002948,2022-08-02,843.2,816.0,862.4,813.85,2284218.0
1002948,2022-08-03,851.5,848.5,862.0,835.4,1334424.0
1002948,2022-08-23,811.2,793.0,826.0,785.75,976572.0
1002948,2022-09-01,830.9,818.9,842.05,817.0,1615495.0
1002948,2022-09-05,830.35,838.4,844.0,823.5,547595.0
1002948,2022-09-22,927.9,920.0,950.9,915.5,1379466.0
1002948,2022-09-30,874.75,867.0,878.8,850.6,978492.0
1002948,2022-10-10,918.65,908.0,927.0,898.0,1002330.0
1002948,2022-02-02,487.4,494.9,499.95,485.05,281304.0
1002948,2022-01-28,486.65,495.0,498.0,476.25,720079.0
1002948,2022-02-07,490.25,496.0,501.95,477.5,407628.0
1002948,2022-02-25,431.85,420.4,436.8,420.05,357740.0
1002948,2022-03-14,501.9,499.9,515.0,499.15,948089.0
1002948,2022-04-07,620.85,575.8,628.7,575.0,4904990.0
1002948,2022-04-21,767.0,789.7,801.55,760.2,2276885.0
1002948,2022-05-04,684.65,720.9,734.95,678.15,1158864.0
1002948,2022-05-20,761.1,746.0,777.0,731.05,3079361.0
1002948,2022-05-24,731.9,776.0,782.6,726.05,1085770.0
1002948,2022-05-25,707.5,736.0,755.5,701.25,1154064.0
1002948,2022-06-09,817.85,799.9,825.0,788.05,804788.0
1002948,2022-06-15,807.65,791.7,814.0,783.2,870581.0
1002948,2022-07-15,692.4,696.0,696.8,678.85,283835.0
1002948,2022-07-20,720.6,723.8,733.95,711.4,477572.0
1002948,2022-08-01,821.2,813.0,834.2,804.15,1119666.0
1002948,2022-08-08,863.75,820.2,877.9,820.2,3091001.0
1002948,2022-08-19,834.2,848.0,855.25,828.7,676634.0
1002948,2022-09-27,844.8,855.0,869.75,832.5,831352.0
1002948,2022-02-09,473.8,474.4,481.95,471.5,289658.0
1002948,2022-03-11,492.55,478.0,495.0,473.45,701920.0
1002948,2022-04-25,766.5,790.0,798.8,760.55,1196850.0
1002948,2022-07-06,697.5,670.0,705.6,665.05,645503.0
1002948,2022-08-29,811.0,790.0,839.95,790.0,1431170.0
1002948,2022-09-19,931.95,941.05,979.1,923.5,6120213.0
1002948,2022-09-20,940.05,940.35,964.3,932.15,1996244.0
1002948,2022-09-28,824.8,830.0,840.25,818.6,729745.0
1002948,2022-10-04,905.2,884.2,921.9,882.0,1682981.0
1002948,2022-10-27,991.55,996.0,1026.95,979.0,2080643.0
1002948,2022-02-03,503.3,516.9,536.3,498.0,3463965.0
1002948,2022-02-10,464.05,476.2,476.2,461.0,239475.0
1002948,2022-02-24,410.95,422.2,431.05,406.5,393634.0
1002948,2022-02-08,472.6,492.7,495.0,466.15,225522.0
1002948,2022-03-04,456.7,459.95,470.0,455.0,261062.0
1002948,2022-05-27,742.1,758.65,767.0,733.85,1441941.0
1002948,2022-06-01,813.3,808.0,844.7,805.0,5947692.0
1002948,2022-07-18,711.45,702.45,723.8,695.4,992373.0
1002948,2022-08-05,825.3,841.8,842.7,819.1,559267.0
1002948,2022-09-29,869.25,835.4,877.0,835.4,1374704.0
1002948,2022-02-22,444.4,435.0,457.7,435.0,326244.0
1002948,2022-03-22,575.35,574.6,587.5,570.1,691087.0
1002948,2022-03-24,562.85,570.0,574.6,558.0,531977.0
1002948,2022-04-05,568.1,586.0,587.7,566.0,574281.0
1002948,2022-04-11,761.85,719.0,776.85,711.0,7334217.0
1002948,2022-04-28,740.9,767.0,775.0,730.1,1000499.0
1002948,2022-05-09,658.25,688.0,688.0,654.45,756383.0
1002948,2022-05-11,647.1,643.2,653.9,608.45,1561067.0
1002948,2022-05-18,714.6,718.4,732.6,695.1,1175437.0
1002948,2022-05-23,772.85,766.9,812.8,752.55,3136418.0
1002948,2022-06-23,732.0,733.0,742.95,721.25,763528.0
1002948,2022-10-11,893.65,921.0,926.0,886.15,627680.0
1002948,2022-10-13,864.5,882.7,885.0,861.55,411073.0
1002948,2022-10-20,921.55,910.0,948.85,906.2,2177036.0
1002948,2022-10-31,958.2,978.65,983.65,952.0,786398.0
1002948,2022-11-07,995.6,985.0,1001.0,978.0,1200497.0
1002948,2022-03-10,475.4,475.0,480.95,464.35,418131.0
1002948,2022-03-16,555.1,526.0,572.75,518.0,4001659.0
1002948,2022-03-25,558.05,567.0,568.2,555.05,290138.0
1002948,2022-04-01,568.6,548.4,578.0,545.0,961883.0
1002948,2022-07-07,693.15,703.2,709.0,688.0,490595.0
1002948,2022-07-08,714.9,696.85,724.65,694.85,2218583.0
1002948,2022-08-25,804.0,810.0,821.0,801.7,512156.0
1002948,2022-10-06,923.65,913.35,938.3,911.05,1095627.0
1002948,2022-11-02,951.3,970.0,979.6,945.2,619456.0
1002948,2022-02-21,459.7,468.0,472.0,455.1,330813.0
1002948,2022-03-08,450.3,448.5,466.95,448.0,530895.0
1002948,2022-03-30,549.0,567.4,569.9,546.0,280357.0
1002948,2022-04-12,761.4,765.0,783.65,741.35,2894012.0
1002948,2022-04-26,777.1,784.0,803.7,767.25,1488662.0
1002948,2022-05-10,638.1,659.0,682.3,632.6,765249.0
1002948,2022-06-03,795.7,834.0,838.0,790.5,1391815.0
1002948,2022-07-12,696.1,704.0,709.0,693.65,414574.0
1002948,2022-08-17,852.6,856.5,867.0,844.25,882605.0
1002948,2022-09-02,834.95,837.0,854.0,825.5,1776407.0
1002948,2022-10-25,995.2,965.0,1008.7,946.0,2753823.0
1002948,2022-12-15,939.95,950.0,956.0,935.25,351680.0
1002948,2022-11-28,956.0,953.0,970.0,951.55,422952.0
1002948,2023-02-01,909.5,959.0,968.95,863.45,1302489.0
1002948,2022-12-05,962.0,970.0,972.1,960.3,322616.0
1002948,2022-11-22,966.3,936.9,970.0,928.2,1503301.0
1002948,2022-12-23,820.05,841.15,860.0,800.2,1077879.0
1002948,2023-05-10,1007.15,1007.0,1010.0,999.05,145648.0
1002948,2023-05-11,1017.75,1011.0,1030.3,1007.15,392159.0
1002948,2023-06-14,1105.3,1123.55,1128.85,1096.65,375547.0
1002948,2023-07-31,1227.55,1205.0,1231.75,1202.05,505934.0
1002948,2023-01-17,937.2,928.1,939.0,923.15,276996.0
1002948,2023-02-02,927.6,903.95,936.0,895.0,390945.0
1002948,2023-02-13,831.6,828.0,840.0,802.65,744227.0
1002948,2023-02-21,932.5,915.9,935.9,904.0,1838215.0
1002948,2023-02-28,934.5,946.0,957.6,924.05,786666.0
1002948,2023-03-01,966.35,941.0,984.9,932.0,2289663.0
1002948,2023-03-17,912.95,925.0,925.9,901.0,1928123.0
1002948,2023-03-20,911.6,909.0,918.0,900.45,403243.0
1002948,2023-03-29,954.9,898.25,961.15,898.25,777479.0
1002948,2023-05-03,1034.9,991.8,1048.45,989.0,1878103.0
1002948,2023-05-30,1050.75,1045.0,1064.5,1037.0,355062.0
1002948,2023-06-05,1147.8,1128.0,1164.5,1123.75,1019748.0
1002948,2023-07-06,1115.8,1127.2,1135.85,1107.0,393140.0
1002948,2023-08-02,1188.95,1211.0,1216.6,1175.0,393122.0
1002948,2023-08-11,1127.5,1127.0,1144.9,1123.05,144496.0
1002948,2023-05-16,1054.65,1020.0,1064.95,1020.0,1062035.0
1002948,2023-05-19,1056.4,1073.5,1081.85,1040.1,315129.0
1002948,2023-05-22,1071.95,1056.4,1080.0,1044.25,377099.0
1002948,2023-05-29,1050.65,1054.5,1054.5,1029.55,412979.0
1002948,2023-07-11,1231.6,1083.95,1278.0,1083.95,9998142.0
1002948,2023-07-14,1181.2,1217.95,1224.85,1175.1,631732.0
1002948,2023-07-21,1178.95,1168.0,1195.0,1164.2,393062.0
1002948,2022-11-24,965.65,965.0,976.9,958.75,797898.0
1002948,2023-01-02,944.9,942.0,953.0,932.75,431159.0
1002948,2023-02-07,888.9,909.95,914.9,861.0,978167.0
1002948,2023-02-08,850.45,855.05,870.0,835.0,1255152.0
1002948,2023-04-06,969.55,965.0,981.5,962.55,486448.0
1002948,2023-06-16,1179.05,1137.1,1199.15,1130.75,1857664.0
1002948,2023-06-30,1120.25,1099.0,1126.0,1081.35,455745.0
1002948,2023-07-03,1117.85,1126.4,1133.0,1105.55,481430.0
1002948,2023-08-16,1141.95,1126.1,1179.85,1124.95,1067013.0
1002948,2022-12-02,966.3,965.0,989.35,958.65,1195931.0
1002948,2022-12-08,983.6,964.0,988.2,960.0,838006.0
1002948,2022-12-22,836.95,882.15,886.3,827.0,819384.0
1002948,2022-12-26,908.0,815.0,917.0,797.4,1835968.0
1002948,2022-12-27,903.2,912.0,919.4,890.0,592866.0
1002948,2022-12-28,921.05,905.0,934.4,891.0,807777.0
1002948,2022-12-29,940.35,915.0,943.9,904.0,1004279.0
1002948,2023-01-05,939.2,942.0,963.85,930.0,470648.0
1002948,2023-02-14,807.45,825.0,831.6,803.0,658813.0
1002948,2023-03-09,938.95,946.0,952.65,935.0,487016.0
1002948,2023-03-10,919.95,929.7,937.0,915.55,602157.0
1002948,2023-03-14,909.15,891.35,924.65,886.55,1435175.0
1002948,2023-04-05,964.15,979.0,981.65,951.75,554339.0
1002948,2023-04-17,991.3,984.75,1007.95,980.35,425179.0
1002948,2023-05-04,1040.35,1043.4,1067.35,1031.25,852819.0
1002948,2023-07-05,1127.2,1107.3,1131.0,1102.05,597402.0
1002948,2023-07-20,1172.8,1172.0,1188.8,1160.9,363688.0
1002948,2023-07-28,1201.1,1202.0,1214.0,1195.15,251239.0
1002948,2023-08-01,1224.45,1232.9,1237.35,1210.0,285271.0
1002948,2022-12-12,933.45,948.0,949.9,930.1,484552.0
1002948,2023-01-04,940.5,945.0,948.65,925.85,350981.0
1002948,2023-01-24,928.55,926.05,934.5,924.6,116242.0
1002948,2023-01-25,922.6,928.0,929.55,913.65,155646.0
1002948,2023-02-16,901.8,805.0,925.1,805.0,5590684.0
1002948,2023-02-17,872.7,899.0,949.0,865.15,7182362.0
1002948,2023-03-27,900.1,899.3,907.35,890.1,435783.0
1002948,2023-04-18,984.6,994.0,997.85,979.0,285380.0
1002948,2023-05-17,1075.35,1057.0,1104.95,1054.0,1735060.0
1002948,2023-05-24,1064.6,1073.2,1077.55,1060.25,198024.0
1002948,2023-06-13,1117.8,1143.5,1148.65,1114.0,423719.0
1002948,2023-06-28,1098.35,1090.45,1100.85,1087.05,488042.0
1002948,2023-01-11,927.1,927.0,948.8,922.5,964005.0
1002948,2023-01-12,939.65,931.0,945.7,925.05,369188.0
1002948,2023-02-27,941.25,955.0,977.5,922.15,1624378.0
1002948,2023-03-16,899.2,899.95,912.0,888.8,573996.0
1002948,2023-04-10,977.05,970.0,994.0,965.15,552285.0
1002948,2023-04-28,1005.3,1009.0,1018.9,997.0,442983.0
1002948,2023-07-10,1080.45,1102.0,1103.45,1077.5,411720.0
1002948,2023-07-19,1168.55,1156.95,1182.9,1145.1,462396.0
1002948,2023-08-08,1115.05,1148.4,1160.0,1093.1,538841.0
1002948,2022-11-25,957.95,965.65,972.6,953.25,475859.0
1002948,2022-11-11,973.95,990.1,998.7,968.1,800341.0
1002948,2022-12-13,937.2,938.0,941.95,931.25,383769.0
1002948,2022-12-20,924.05,924.0,927.7,907.25,338262.0
1002948,2023-01-13,924.8,944.35,954.4,920.1,533945.0
1002948,2023-01-16,925.75,928.95,936.6,923.0,267649.0
1002948,2023-01-30,910.85,925.55,947.8,903.5,536287.0
1002948,2023-03-06,941.4,950.0,955.0,935.55,553660.0
1002948,2023-05-08,1013.15,1024.0,1024.9,1006.55,203362.0
1002948,2023-05-09,1007.0,1014.0,1027.7,1004.25,233506.0
1002948,2023-05-15,1018.2,1010.4,1026.6,1006.0,354411.0
1002948,2023-05-18,1073.5,1080.0,1086.85,1060.65,369893.0
1002948,2023-06-12,1139.95,1156.05,1162.1,1137.75,297681.0
1002948,2023-06-19,1196.15,1187.8,1239.0,1185.45,1414322.0
1002948,2023-07-12,1229.5,1233.0,1268.0,1201.05,2703798.0
1002948,2023-07-24,1178.5,1184.4,1195.85,1160.0,300482.0
1002948,2023-08-21,1110.15,1114.85,1131.0,1105.25,221199.0
1002948,2022-11-30,969.0,952.2,975.3,941.05,656457.0
1002948,2022-12-07,963.45,960.0,977.4,953.05,554755.0
1002948,2022-12-14,949.85,940.0,952.0,934.45,494469.0
1002948,2022-12-21,877.75,928.0,931.45,869.05,526679.0
1002948,2023-01-09,937.65,941.0,957.0,930.0,424778.0
1002948,2023-01-20,935.4,925.0,946.45,920.05,413110.0
1002948,2023-04-24,990.45,990.9,994.95,979.85,280854.0
1002948,2023-05-26,1051.75,999.0,1059.1,978.0,1433871.0
1002948,2023-06-02,1121.85,1108.0,1127.5,1103.0,433981.0
1002948,2023-07-13,1214.0,1229.5,1245.0,1197.0,786491.0
1002948,2023-07-27,1202.1,1199.85,1207.0,1191.65,212838.0
1002948,2023-08-04,1164.3,1196.1,1196.1,1112.0,1303468.0
1002948,2023-08-09,1142.8,1122.0,1157.0,1121.1,303312.0
1002948,2023-08-18,1108.45,1134.0,1138.75,1104.05,305749.0
1002948,2022-12-16,918.2,934.0,934.4,915.1,372960.0
1002948,2022-12-19,927.3,918.2,934.0,914.75,367946.0
1002948,2022-12-30,944.1,942.4,959.8,938.1,730108.0
1002948,2023-01-18,931.55,939.0,939.0,927.4,172593.0
1002948,2023-01-23,930.2,939.7,940.1,926.8,141176.0
1002948,2023-01-27,925.55,925.0,949.65,862.65,593947.0
1002948,2023-02-22,922.3,922.25,931.0,913.3,1023109.0
1002948,2023-03-08,943.75,942.0,963.95,932.9,1238213.0
1002948,2023-03-13,886.9,920.0,920.0,881.25,878087.0
1002948,2023-04-03,986.25,990.0,994.05,967.25,486765.0
1002948,2023-04-19,971.45,985.9,988.4,968.0,506253.0
1002948,2023-04-27,1002.2,990.0,1008.0,987.25,430719.0
1002948,2023-05-12,1007.75,1021.85,1021.85,1004.0,174481.0
1002948,2023-06-01,1111.2,1100.0,1124.1,1086.35,569517.0
1002948,2023-06-06,1191.25,1148.0,1199.95,1135.0,1883662.0
1002948,2023-06-23,1103.95,1171.15,1183.75,1095.55,1036214.0
1002948,2023-07-25,1193.45,1190.6,1214.0,1180.9,543132.0
1002948,2022-11-15,918.25,950.1,954.8,912.7,1035234.0
1002948,2022-11-17,941.3,961.0,964.75,933.45,1269731.0
1002948,2022-12-01,964.5,973.5,978.85,961.35,576039.0
1002948,2023-01-19,925.9,930.0,930.0,916.55,209012.0
1002948,2023-02-06,908.2,904.6,914.8,902.0,176768.0
1002948,2023-02-15,800.1,801.0,804.0,787.0,603867.0
1002948,2023-03-24,895.15,905.35,913.0,883.65,358819.0
1002948,2023-03-28,911.75,896.4,915.95,878.5,447803.0
1002948,2023-04-20,984.2,974.85,988.8,965.55,487221.0
1002948,2023-04-26,992.35,997.25,1005.0,990.0,366797.0
1002948,2023-06-09,1151.35,1160.0,1181.9,1133.55,838258.0
1002948,2023-06-15,1130.4,1107.8,1151.0,1107.8,851554.0
1002948,2023-06-27,1085.0,1097.0,1114.0,1076.0,672288.0
1002948,2023-07-17,1165.8,1184.0,1205.15,1161.3,634413.0
1002948,2022-11-23,964.55,970.0,986.85,960.05,1649131.0
1002948,2023-01-06,937.1,939.95,954.55,930.05,437274.0
1002948,2022-11-10,985.65,980.0,997.0,972.05,621379.0
1002948,2022-11-09,979.75,1000.0,1005.0,972.0,628453.0
1002948,2022-11-14,947.35,980.1,998.0,927.5,1010056.0
1002948,2022-11-21,934.0,928.0,944.1,913.0,711844.0
1002948,2023-02-23,970.0,926.95,984.0,922.1,4011415.0
1002948,2023-03-03,947.65,954.5,976.25,943.05,805591.0
1002948,2023-03-21,907.4,919.9,920.1,904.0,207436.0
1002948,2023-04-13,988.35,998.8,1005.3,982.5,352108.0
1002948,2023-04-21,986.15,986.0,1008.0,973.1,598332.0
1002948,2023-05-31,1101.75,1050.0,1114.9,1044.0,878903.0
1002948,2023-06-21,1189.8,1215.9,1247.0,1169.55,1426565.0
1002948,2023-07-07,1103.0,1117.0,1124.7,1088.8,459230.0
1002948,2022-11-29,948.75,958.0,963.55,942.2,457663.0
1002948,2023-01-03,944.15,945.0,953.0,941.0,246894.0
1002948,2023-02-10,832.6,844.2,844.2,830.0,272626.0
1002948,2023-03-22,912.6,911.0,921.0,908.6,249847.0
1002948,2023-04-12,998.6,991.0,1030.0,989.0,1642189.0
1002948,2023-04-25,995.65,991.75,1029.75,986.0,1038273.0
1002948,2023-05-05,1018.0,1042.8,1042.8,1011.95,288800.0
1002948,2023-06-08,1154.0,1161.1,1173.8,1142.45,478071.0
1002948,2023-07-04,1105.15,1118.0,1125.0,1102.9,193103.0
1002948,2023-07-18,1155.95,1171.8,1188.65,1148.05,350862.0
1002948,2023-08-07,1142.4,1154.95,1158.8,1126.8,336407.0
1002948,2023-08-22,1146.55,1115.7,1150.0,1114.15,304165.0
1002948,2022-11-16,957.05,927.0,969.8,924.0,2628405.0
1002948,2023-01-10,916.4,939.95,943.3,913.0,284863.0
1002948,2023-02-03,900.05,931.95,932.2,895.1,328323.0
1002948,2023-02-20,918.3,872.4,924.9,861.15,5058063.0
1002948,2023-03-15,903.3,914.9,926.9,896.25,484626.0
1002948,2023-05-02,991.45,1012.9,1016.0,986.1,415035.0
1002948,2023-05-23,1076.45,1072.0,1089.0,1060.8,309931.0
1002948,2023-06-20,1212.85,1202.0,1230.8,1180.25,853751.0
1002948,2023-06-26,1093.4,1100.0,1107.0,1062.95,919071.0
1002948,2023-07-26,1198.55,1203.0,1206.65,1187.4,206806.0
1002948,2023-08-14,1123.55,1129.5,1130.7,1102.35,334588.0
1002948,2022-11-18,927.55,942.0,945.75,924.1,579342.0
1002948,2023-02-09,844.2,842.45,851.0,827.4,784748.0
1002948,2023-02-24,958.25,968.9,984.0,951.1,1784825.0
1002948,2023-04-11,991.65,975.7,1009.4,972.1,806666.0
1002948,2023-05-25,1007.2,1063.0,1089.95,975.3,1038062.0
1002948,2023-06-22,1171.15,1194.0,1207.6,1164.6,386168.0
1002948,2023-08-03,1190.1,1189.95,1206.0,1180.1,190069.0
1002948,2023-08-23,1167.25,1152.3,1172.6,1148.25,165271.0
1002948,2022-12-06,959.5,959.7,969.5,956.1,365839.0
1002948,2022-12-09,944.05,983.0,992.0,925.0,1210866.0
1002948,2023-01-31,945.35,917.0,954.9,916.0,406671.0
1002948,2023-03-02,949.75,964.7,972.0,946.15,808902.0
1002948,2023-03-23,905.35,905.0,913.3,902.3,171985.0
1002948,2023-03-31,988.7,985.0,1013.0,978.0,2745956.0
1002948,2023-06-07,1158.6,1198.0,1216.5,1152.0,915267.0
1002948,2023-08-10,1121.45,1141.0,1148.6,1117.1,244415.0
1002948,2023-08-17,1133.55,1143.0,1153.0,1124.1,247673.0
