stockid,date,close,open,high,low,volume
114940,2021-01-15,325.25,328.9,333.95,320.1,1130571.0
114940,2021-02-10,442.3,401.0,447.0,401.0,5545770.0
114940,2021-02-25,488.95,479.7,494.95,478.0,1235669.0
114940,2021-04-06,588.05,543.8,594.0,541.0,8398006.0
114940,2021-04-16,640.95,653.7,666.9,636.15,2107604.0
114940,2021-04-29,735.0,711.9,748.1,711.1,5641340.0
114940,2021-05-04,736.85,751.0,769.9,726.65,2986263.0
114940,2021-05-27,766.35,761.0,779.85,748.95,1613524.0
114940,2021-07-01,665.4,638.1,673.9,638.0,2002515.0
114940,2021-07-30,707.7,692.5,716.25,682.45,1690560.0
114940,2021-02-01,329.8,314.65,333.0,308.1,2171195.0
114940,2021-04-13,619.0,589.8,655.75,589.75,6211402.0
114940,2021-01-01,306.8,303.95,315.45,303.9,1328102.0
114940,2021-01-18,309.25,325.1,325.1,305.3,1119454.0
114940,2021-04-26,675.3,660.0,688.7,658.0,3350415.0
114940,2021-01-20,327.95,324.85,331.85,317.55,1004800.0
114940,2021-05-06,738.15,745.2,752.0,733.6,1259643.0
114940,2021-01-21,316.6,329.5,332.7,313.1,1020277.0
114940,2021-05-31,745.7,752.4,752.4,737.0,819562.0
114940,2021-01-25,301.05,313.6,315.65,299.0,731835.0
114940,2021-06-14,725.85,735.0,745.0,708.0,471732.0
114940,2021-03-15,516.95,520.1,523.0,501.7,1627581.0
114940,2021-07-06,628.9,653.3,653.3,626.0,774672.0
114940,2021-07-09,636.9,630.0,641.9,630.0,371226.0
114940,2021-03-22,499.15,508.5,512.5,496.0,909236.0
114940,2021-05-17,740.85,720.0,745.95,707.6,1893319.0
114940,2021-07-23,660.9,655.0,680.85,655.0,1343908.0
114940,2021-06-09,754.85,773.95,774.0,745.2,654365.0
114940,2021-08-05,719.8,740.8,743.0,704.6,694932.0
114940,2021-07-14,639.8,632.5,642.4,631.1,460308.0
114940,2021-07-15,671.15,643.0,674.0,642.45,2624456.0
114940,2021-07-22,651.05,640.0,663.95,638.0,711533.0
114940,2021-08-16,669.2,681.0,681.0,656.6,266010.0
114940,2021-02-09,413.3,428.0,442.5,409.9,4484169.0
114940,2021-03-10,511.45,475.0,518.65,470.3,6017320.0
114940,2021-03-18,518.9,504.95,524.0,490.6,2473575.0
114940,2021-05-03,745.05,727.0,753.65,721.05,2398304.0
114940,2021-07-08,636.2,631.0,649.0,631.0,843057.0
114940,2021-07-27,695.0,661.0,698.85,656.05,2401184.0
114940,2021-08-02,721.9,718.4,733.0,707.0,1468022.0
114940,2021-02-23,474.55,479.15,488.0,461.0,1142713.0
114940,2021-03-12,519.65,519.45,537.0,506.5,4541536.0
114940,2021-03-26,476.95,477.65,484.0,474.1,834521.0
114940,2021-05-11,773.65,775.0,781.4,767.8,1288324.0
114940,2021-06-03,761.85,756.9,780.9,752.05,2039833.0
114940,2021-06-21,603.6,590.0,622.0,576.2,1423331.0
114940,2021-06-29,631.5,626.0,648.0,619.0,1287880.0
114940,2021-07-29,691.25,687.3,705.95,673.0,1135772.0
114940,2021-01-06,307.6,313.95,315.0,303.0,1040019.0
114940,2021-02-08,416.45,362.0,424.05,358.95,10800421.0
114940,2021-02-24,475.4,476.4,483.0,450.1,556912.0
114940,2021-03-30,484.65,481.7,499.4,480.6,921670.0
114940,2021-04-15,646.55,622.0,652.95,619.35,4117479.0
114940,2021-06-10,749.35,760.0,767.7,746.2,519551.0
114940,2021-06-28,613.45,631.0,634.9,611.0,611088.0
114940,2021-06-30,637.35,640.0,650.8,635.0,1166419.0
114940,2021-07-12,635.7,642.65,642.65,631.0,490959.0
114940,2021-07-20,631.7,650.0,652.0,627.0,608724.0
114940,2021-08-04,739.3,717.0,742.4,717.0,1685575.0
114940,2021-08-12,677.15,667.1,683.95,667.05,467428.0
114940,2021-02-02,331.65,331.0,334.0,321.45,1402715.0
114940,2021-02-26,481.2,481.0,496.35,476.65,1362378.0
114940,2021-03-03,491.25,468.25,507.75,467.5,4724149.0
114940,2021-04-19,628.6,610.3,631.8,590.15,2817725.0
114940,2021-04-28,705.1,719.75,728.85,696.15,2517898.0
114940,2021-02-04,331.85,333.65,336.9,329.0,772301.0
114940,2021-02-05,353.4,337.0,360.0,333.1,4558438.0
114940,2021-02-18,472.4,488.7,494.7,466.2,1535730.0
114940,2021-03-17,499.4,513.0,514.35,493.0,1070317.0
114940,2021-03-19,507.1,514.45,519.2,493.6,1758983.0
114940,2021-05-12,742.3,774.9,780.45,731.25,1525799.0
114940,2021-05-18,747.65,750.0,762.4,742.9,938377.0
114940,2021-05-19,740.15,741.0,753.6,733.5,747795.0
114940,2021-06-07,780.2,764.3,787.0,754.0,2535711.0
114940,2021-06-08,770.4,783.4,786.9,761.0,794097.0
114940,2021-07-02,665.6,671.4,677.3,656.0,969954.0
114940,2021-08-11,665.3,665.6,673.0,632.15,660202.0
114940,2021-01-13,326.0,337.4,339.4,322.55,1794707.0
114940,2021-03-05,476.05,494.0,496.0,467.0,1367789.0
114940,2021-03-25,474.05,491.35,492.9,447.0,2113795.0
114940,2021-05-24,792.45,746.9,803.0,742.75,5508831.0
114940,2021-05-26,758.65,790.0,794.3,754.65,1657086.0
114940,2021-08-18,650.95,658.0,664.4,642.2,241222.0
114940,2021-05-10,783.0,771.3,795.9,769.5,3049332.0
114940,2021-06-01,747.4,750.0,768.0,742.55,1400678.0
114940,2021-07-19,652.9,655.0,666.9,649.85,424042.0
114940,2021-01-05,312.7,316.0,316.8,309.0,1371460.0
114940,2021-03-04,492.5,484.0,502.55,480.0,1797467.0
114940,2021-03-24,490.9,502.7,507.3,489.1,637754.0
114940,2021-05-14,712.8,751.0,761.75,698.1,2014635.0
114940,2021-05-20,748.1,721.65,763.9,715.3,1839606.0
114940,2021-05-28,745.0,747.8,763.0,738.25,1639454.0
114940,2021-06-16,721.7,736.4,736.65,720.0,319307.0
114940,2021-06-25,626.25,631.9,642.65,621.0,1056988.0
114940,2021-07-13,631.75,640.45,642.8,630.0,395362.0
114940,2021-08-10,663.05,705.0,709.8,659.0,778302.0
114940,2021-01-07,318.6,311.45,324.8,309.3,3155419.0
114940,2021-01-08,324.55,321.5,332.0,316.8,2852311.0
114940,2021-01-19,323.3,312.1,325.7,312.1,1132042.0
114940,2021-01-27,318.1,301.8,320.9,298.8,1669637.0
114940,2021-02-17,487.2,480.0,509.0,473.0,4758730.0
114940,2021-02-19,484.9,472.9,506.0,462.15,2242302.0
114940,2021-03-08,479.85,479.9,491.9,477.25,959400.0
114940,2021-03-23,506.05,501.55,518.2,501.0,1730535.0
114940,2021-03-31,512.0,486.4,521.0,482.0,1665505.0
114940,2021-04-08,693.05,650.0,740.0,645.35,13302164.0
114940,2021-05-07,762.75,745.1,773.35,745.05,2640645.0
114940,2021-06-17,668.45,717.4,718.0,651.45,1326052.0
114940,2021-08-13,678.45,679.0,694.0,668.5,682186.0
114940,2021-01-29,314.65,315.2,322.75,312.25,834258.0
114940,2021-04-12,583.95,646.0,648.4,570.0,4077496.0
114940,2021-05-25,788.15,801.7,815.9,780.0,3633524.0
114940,2021-06-04,757.7,768.0,771.9,752.7,879460.0
114940,2021-06-15,732.8,731.5,748.3,727.2,582075.0
114940,2021-06-24,628.95,632.0,649.8,620.25,1086436.0
114940,2021-07-05,650.05,669.6,672.0,647.4,585731.0
114940,2021-07-16,667.05,676.15,678.9,663.1,621245.0
114940,2021-08-03,713.0,724.8,726.8,710.0,631122.0
114940,2021-01-12,336.0,335.9,342.85,332.2,2402874.0
114940,2021-01-28,312.7,311.2,320.7,310.35,749456.0
114940,2021-02-03,333.7,332.0,340.2,326.2,1303164.0
114940,2021-02-22,476.5,487.9,492.9,470.0,1222038.0
114940,2021-03-09,471.65,483.5,484.85,462.0,775238.0
114940,2021-04-05,539.1,554.0,556.9,535.0,2000801.0
114940,2021-04-22,635.65,634.8,649.7,630.1,1754552.0
114940,2021-05-05,738.55,744.5,755.95,732.7,1619721.0
114940,2021-06-18,603.35,654.0,678.0,563.9,4072721.0
114940,2021-01-11,334.55,326.5,339.95,314.5,3236229.0
114940,2021-02-11,422.9,439.0,448.8,415.1,3510093.0
114940,2021-02-12,417.0,423.0,428.0,410.45,853965.0
114940,2021-03-01,478.75,486.2,489.8,476.65,883874.0
114940,2021-04-07,653.75,585.0,689.9,575.2,18362012.0
114940,2021-04-20,639.85,640.0,656.85,629.0,2419882.0
114940,2021-04-23,651.75,634.9,664.0,634.15,2400859.0
114940,2021-04-30,732.4,724.95,749.65,721.05,3078635.0
114940,2021-05-21,742.2,757.7,760.75,740.0,727512.0
114940,2021-06-02,750.05,747.4,756.5,742.9,1013660.0
114940,2021-07-07,629.75,629.0,645.0,626.05,1549845.0
114940,2021-07-28,683.9,702.0,704.55,665.2,1029348.0
114940,2021-01-14,328.6,327.45,332.0,324.3,1124011.0
114940,2021-01-22,310.7,317.5,319.8,307.0,899983.0
114940,2021-02-15,436.6,417.0,440.0,416.5,1692495.0
114940,2021-03-02,464.9,480.0,484.8,462.05,874239.0
114940,2021-03-16,511.7,519.6,521.2,506.0,801944.0
114940,2021-04-27,711.85,680.0,715.85,676.2,4638193.0
114940,2021-06-11,739.3,755.0,755.4,732.75,666774.0
114940,2021-07-26,657.65,664.05,667.75,652.2,467904.0
114940,2021-08-06,729.05,721.1,754.0,710.1,1886669.0
114940,2021-08-17,656.4,670.0,672.2,651.0,301391.0
114940,2021-01-04,316.4,308.85,318.8,306.5,1731944.0
114940,2021-02-16,486.85,436.6,495.8,436.6,5672081.0
114940,2021-04-01,557.4,520.0,580.95,518.25,5600312.0
114940,2021-04-09,672.45,698.9,717.8,646.15,5831251.0
114940,2021-06-22,652.85,610.0,676.15,610.0,3792998.0
114940,2021-06-23,629.55,658.0,664.0,625.8,1141369.0
114940,2021-08-09,705.0,729.95,732.5,701.0,569554.0
114940,2021-09-23,610.9,600.0,619.9,600.0,550854.0
114940,2021-10-18,619.75,606.95,629.0,600.0,1993854.0
114940,2021-12-01,406.7,412.9,420.9,403.2,816120.0
114940,2021-12-31,508.95,528.0,544.0,503.85,8454871.0
114940,2022-01-19,539.05,539.0,549.7,527.85,1336225.0
114940,2022-02-08,530.65,525.65,538.15,507.0,1354117.0
114940,2022-02-25,449.35,435.0,461.0,435.0,1027033.0
114940,2022-03-09,491.6,501.15,504.75,486.45,789855.0
114940,2022-03-11,504.2,493.75,514.0,491.95,995249.0
114940,2022-04-28,531.2,528.9,533.95,520.45,561117.0
114940,2022-06-03,452.85,448.05,467.0,448.05,1149691.0
114940,2022-07-04,385.2,387.0,393.85,383.8,200095.0
114940,2022-07-14,404.65,408.9,413.0,402.0,192721.0
114940,2022-07-26,402.6,409.15,411.2,401.0,183584.0
114940,2022-08-11,399.55,405.25,410.0,398.0,734566.0
114940,2022-09-07,401.85,401.25,407.95,401.05,286192.0
114940,2022-09-26,351.65,365.9,366.75,349.0,478690.0
114940,2022-10-19,355.55,362.0,365.5,354.0,320225.0
114940,2023-02-01,342.4,354.2,356.9,340.0,344319.0
114940,2023-02-10,330.65,330.15,335.45,330.0,246493.0
114940,2023-02-21,312.1,313.95,315.95,311.0,165624.0
114940,2023-03-22,277.8,278.9,283.0,276.95,244324.0
114940,2023-04-13,278.4,267.5,290.45,267.45,9793318.0
114940,2023-05-02,305.05,299.1,308.6,296.45,2552910.0
114940,2023-05-05,324.05,330.4,334.0,320.0,2304819.0
114940,2023-05-08,325.7,325.2,331.1,320.65,1373450.0
114940,2023-05-23,329.95,336.0,336.0,328.0,1047285.0
114940,2021-09-02,643.85,644.8,648.0,640.5,169259.0
114940,2021-11-03,517.7,521.0,526.0,511.0,422457.0
114940,2021-09-17,622.35,638.5,638.5,619.5,391946.0
114940,2021-12-07,415.25,415.6,418.5,411.95,482992.0
114940,2021-12-17,421.45,416.9,424.2,403.6,937250.0
114940,2021-10-06,605.8,616.9,623.0,602.0,588005.0
114940,2022-02-17,498.3,512.0,514.4,495.1,702482.0
114940,2021-11-23,450.25,450.0,459.5,438.05,673462.0
114940,2022-03-15,489.1,496.3,511.45,486.5,814069.0
114940,2021-11-26,431.9,447.0,449.8,428.55,537552.0
114940,2022-03-30,507.2,515.0,520.0,503.0,686658.0
114940,2021-12-08,431.55,418.15,434.7,417.1,1028301.0
114940,2022-05-11,455.25,450.1,463.0,425.0,677891.0
114940,2021-12-09,427.35,431.95,432.9,423.5,510146.0
114940,2022-05-13,448.8,454.0,468.4,444.0,466894.0
114940,2021-12-15,423.25,434.0,436.85,420.6,362866.0
114940,2022-01-20,533.45,542.0,548.95,529.0,964552.0
114940,2022-05-26,440.65,438.0,445.4,420.35,522514.0
114940,2022-06-02,444.6,443.8,450.0,442.0,237921.0
114940,2022-02-10,529.5,528.7,543.0,523.3,1306449.0
114940,2022-06-20,354.1,383.0,383.0,350.0,376931.0
114940,2022-02-14,480.6,505.0,510.65,475.4,942467.0
114940,2022-02-22,457.15,450.0,472.35,450.0,691689.0
114940,2022-06-30,393.05,389.3,396.0,387.15,248357.0
114940,2022-07-05,388.3,387.0,398.5,387.0,322258.0
114940,2022-04-08,569.3,564.0,572.35,558.8,1304801.0
114940,2022-07-21,415.85,414.35,421.6,409.35,629816.0
114940,2022-04-25,526.75,545.0,547.5,525.1,502850.0
114940,2022-08-18,402.4,409.5,412.0,399.0,755243.0
114940,2022-04-27,524.55,522.0,531.9,517.0,495075.0
114940,2022-09-22,379.5,380.7,385.3,376.0,430498.0
114940,2022-05-06,479.85,493.0,493.0,475.7,492967.0
114940,2022-06-16,388.15,410.0,415.6,382.0,399762.0
114940,2022-09-27,351.4,354.85,359.2,349.05,336710.0
114940,2022-09-30,356.1,357.05,363.5,354.05,560414.0
114940,2022-06-23,379.5,381.0,386.95,376.05,227821.0
114940,2022-11-04,360.25,354.8,364.5,351.95,558921.0
114940,2022-07-20,412.9,401.45,419.7,401.0,1381428.0
114940,2022-11-22,376.6,381.0,383.95,372.25,523394.0
114940,2022-07-25,409.35,404.75,412.75,402.7,287234.0
114940,2023-01-12,372.65,376.5,379.6,371.1,163115.0
114940,2022-09-15,393.15,397.4,402.2,392.15,461432.0
114940,2023-01-19,367.95,368.6,372.65,366.1,269101.0
114940,2022-11-24,373.35,373.35,376.9,371.8,270017.0
114940,2022-12-02,391.3,386.3,393.95,386.3,383534.0
114940,2023-02-13,328.95,331.7,332.1,325.8,230720.0
114940,2023-03-01,295.65,289.4,299.5,287.3,455727.0
114940,2022-12-28,371.55,375.1,377.05,369.3,289876.0
114940,2023-03-06,298.2,295.7,302.9,295.0,394060.0
114940,2023-03-28,259.95,260.0,261.65,258.7,352224.0
114940,2023-03-20,277.25,279.0,279.0,275.25,242674.0
114940,2023-03-29,260.2,260.0,263.55,251.7,676436.0
114940,2023-03-31,262.55,261.0,269.9,260.8,568324.0
114940,2023-04-03,275.8,264.3,283.65,264.3,2290397.0
114940,2023-05-10,331.35,332.75,333.3,324.3,858497.0
114940,2023-05-12,332.55,333.2,334.05,329.4,410438.0
114940,2023-06-09,377.4,382.45,387.9,373.15,1572156.0
114940,2021-08-24,602.9,600.0,612.0,590.6,441529.0
114940,2021-08-26,614.8,633.15,646.0,605.2,533427.0
114940,2021-09-13,636.85,630.0,645.0,626.5,339060.0
114940,2021-09-24,601.05,614.0,614.0,597.0,266065.0
114940,2021-10-08,602.65,610.0,612.6,601.7,431100.0
114940,2021-11-15,515.8,532.0,532.0,512.35,382998.0
114940,2021-12-14,432.2,427.0,439.9,425.05,504001.0
114940,2022-01-06,496.85,500.0,505.0,495.3,956978.0
114940,2022-02-23,472.05,465.0,478.75,465.0,617717.0
114940,2022-03-17,491.95,498.25,501.9,490.0,636470.0
114940,2022-04-22,551.35,556.0,559.65,545.75,583328.0
114940,2022-05-05,498.5,515.9,519.7,495.0,432792.0
114940,2022-06-24,382.3,384.4,389.5,376.6,300352.0
114940,2022-07-07,412.9,394.65,418.0,394.55,977937.0
114940,2022-08-10,400.6,413.5,415.4,390.0,834442.0
114940,2022-08-25,402.4,405.45,407.45,401.05,292381.0
114940,2022-08-26,405.95,406.5,416.7,405.0,815082.0
114940,2022-09-09,402.35,406.3,408.35,401.4,367030.0
114940,2022-12-21,380.15,393.95,397.25,376.0,381641.0
114940,2023-01-25,356.0,361.5,363.8,353.6,241978.0
114940,2023-02-02,339.4,342.4,348.35,336.0,280906.0
114940,2023-02-06,340.2,338.0,342.0,337.1,248481.0
114940,2023-02-14,323.6,329.05,330.2,322.95,186168.0
114940,2023-03-10,295.55,298.0,299.0,293.3,307686.0
114940,2023-05-11,333.65,332.0,336.5,328.05,919360.0
114940,2023-05-19,341.45,350.0,351.5,340.0,860865.0
114940,2023-05-25,326.65,322.0,329.5,321.9,381272.0
114940,2023-05-29,325.75,330.1,330.1,325.15,218003.0
114940,2023-05-30,321.1,326.5,327.5,320.0,336607.0
114940,2021-08-20,621.05,644.0,646.15,614.0,410541.0
114940,2021-08-23,589.45,624.0,639.85,585.5,423517.0
114940,2021-09-07,636.7,644.0,648.4,631.0,239806.0
114940,2021-11-22,453.85,482.85,485.05,450.15,604956.0
114940,2022-01-27,487.65,493.0,501.0,482.5,707706.0
114940,2022-02-18,489.4,493.3,503.0,487.1,499215.0
114940,2022-03-24,514.1,509.15,520.25,509.15,849122.0
114940,2022-04-12,560.7,580.0,580.85,553.5,1083903.0
114940,2022-04-19,558.55,536.0,581.0,532.25,3469302.0
114940,2022-04-26,531.15,530.0,542.45,526.6,441690.0
114940,2022-06-10,428.25,431.0,433.85,426.5,155996.0
114940,2022-08-12,396.5,400.0,404.6,395.1,742743.0
114940,2022-08-24,402.95,402.9,407.15,401.5,250499.0
114940,2022-09-16,385.95,392.95,401.8,384.0,673418.0
114940,2022-09-29,357.05,356.35,361.85,355.0,284524.0
114940,2022-10-28,354.95,359.9,361.2,353.5,147520.0
114940,2022-11-18,390.25,364.6,393.9,361.35,4421671.0
114940,2022-11-23,371.7,378.5,382.0,369.9,382362.0
114940,2022-11-25,380.45,373.35,384.85,373.05,497045.0
114940,2022-12-01,386.2,395.9,399.75,383.3,614950.0
114940,2022-12-09,391.0,397.8,400.0,385.0,368080.0
114940,2022-12-29,371.25,370.7,373.9,366.0,275142.0
114940,2023-01-30,343.45,348.2,351.95,340.0,267851.0
114940,2023-02-08,333.7,338.9,342.7,326.3,713234.0
114940,2023-03-14,280.95,286.45,288.5,280.0,274356.0
114940,2023-04-21,288.6,286.5,290.9,279.25,1765532.0
114940,2023-05-16,337.15,344.95,350.5,336.0,1086053.0
114940,2023-05-22,341.2,342.5,344.4,335.7,716640.0
114940,2023-05-26,327.3,326.65,331.15,325.0,398491.0
114940,2023-05-31,325.25,310.0,327.15,310.0,1047159.0
114940,2021-09-14,633.85,640.0,645.0,632.1,232448.0
114940,2021-10-04,618.6,600.0,625.5,593.0,3144501.0
114940,2021-11-16,512.15,518.9,520.6,510.3,450441.0
114940,2021-11-25,450.85,461.45,463.15,448.1,419034.0
114940,2021-12-10,436.15,425.1,447.35,425.1,1350602.0
114940,2021-12-24,407.45,412.25,413.0,405.3,343712.0
114940,2022-01-05,507.9,509.8,518.8,506.0,959043.0
114940,2022-01-13,555.35,549.85,569.0,548.0,4218108.0
114940,2022-01-14,553.2,555.35,560.0,543.3,1182999.0
114940,2022-01-25,496.7,473.1,502.9,462.1,1118453.0
114940,2022-02-28,466.95,435.0,473.8,435.0,1492125.0
114940,2022-03-07,496.5,455.75,503.0,455.0,3057833.0
114940,2022-03-25,523.35,515.1,542.5,513.05,4466458.0
114940,2022-05-30,448.25,441.1,460.0,441.1,537386.0
114940,2022-06-06,444.45,453.0,456.25,442.35,219470.0
114940,2022-07-15,390.7,405.2,408.05,388.2,565864.0
114940,2022-10-07,373.65,379.0,380.7,370.6,437231.0
114940,2022-10-17,355.55,358.85,360.1,355.0,180047.0
114940,2022-12-15,400.55,402.9,413.4,399.0,802479.0
114940,2022-12-16,392.65,400.55,405.95,391.1,365613.0
114940,2023-01-18,368.6,373.55,376.0,367.2,710126.0
114940,2023-01-31,351.1,347.9,353.7,343.25,397869.0
114940,2023-02-20,313.95,319.7,319.7,313.0,219554.0
114940,2023-02-23,298.9,307.1,308.2,298.2,456852.0
114940,2023-03-02,292.25,296.8,299.95,291.45,438291.0
114940,2023-03-21,278.25,278.7,279.65,275.05,243607.0
114940,2023-03-27,259.7,270.0,270.0,256.75,558268.0
114940,2021-08-25,627.25,607.0,630.0,605.05,304647.0
114940,2021-09-03,640.75,646.0,649.9,637.6,220883.0
114940,2021-10-14,602.0,609.4,611.95,600.5,338403.0
114940,2021-10-22,550.7,574.9,584.4,545.0,639139.0
114940,2022-02-03,535.75,545.0,545.0,532.2,798778.0
114940,2022-02-04,539.1,538.4,554.0,531.05,1253197.0
114940,2022-02-07,523.1,539.1,542.55,518.15,670872.0
114940,2022-02-15,492.35,494.7,508.0,484.6,1650682.0
114940,2022-05-19,453.55,450.0,457.15,450.0,262309.0
114940,2022-08-03,435.05,443.0,446.5,428.05,481353.0
114940,2022-08-23,402.85,398.0,406.0,397.45,252001.0
114940,2022-08-29,405.1,397.0,407.25,396.65,396500.0
114940,2022-09-06,403.95,410.4,416.7,403.0,414714.0
114940,2022-10-06,382.1,365.0,388.8,364.8,2287807.0
114940,2022-10-11,359.9,366.25,368.75,358.0,292273.0
114940,2022-11-15,363.5,368.5,370.2,362.0,360378.0
114940,2022-11-21,379.5,388.8,390.25,376.15,1345588.0
114940,2022-11-30,393.6,392.9,399.5,391.3,763330.0
114940,2022-12-06,400.0,403.9,404.9,396.6,383241.0
114940,2022-12-08,396.65,397.2,402.5,395.6,432995.0
114940,2023-01-03,384.3,387.95,391.2,383.0,458135.0
114940,2023-01-06,377.55,377.8,385.85,375.2,348802.0
114940,2023-01-13,377.0,370.2,381.7,370.2,516495.0
114940,2023-02-28,288.2,293.1,294.25,287.05,251501.0
114940,2023-03-03,294.1,294.55,296.95,292.1,267566.0
114940,2023-03-15,281.1,283.0,286.0,280.0,234953.0
114940,2023-04-17,267.9,275.0,277.75,267.2,2083735.0
114940,2023-05-03,310.35,303.8,312.4,301.55,1526089.0
114940,2023-05-18,348.05,343.0,359.9,342.55,2294823.0
114940,2021-11-17,501.45,512.0,514.9,500.0,491875.0
114940,2021-11-18,479.9,501.6,507.05,476.05,599514.0
114940,2021-12-20,415.4,415.0,418.5,404.1,927833.0
114940,2021-12-27,398.1,407.0,407.0,396.0,588341.0
114940,2022-01-17,554.55,554.0,563.0,544.7,1199546.0
114940,2022-03-04,472.45,482.0,496.6,449.15,1392927.0
114940,2022-03-10,494.25,505.0,507.5,490.05,787102.0
114940,2022-04-29,529.0,534.2,546.4,523.05,782890.0
114940,2022-05-09,462.25,473.0,473.95,460.0,435733.0
114940,2022-06-01,444.7,445.9,453.0,442.05,186527.0
114940,2022-06-28,393.3,388.45,398.9,383.8,369007.0
114940,2022-07-13,407.65,412.55,416.8,404.8,242882.0
114940,2022-07-19,397.5,390.5,401.75,388.85,505481.0
114940,2022-07-22,414.35,418.0,419.4,411.7,396935.0
114940,2022-07-27,401.15,398.25,405.75,398.1,248228.0
114940,2022-07-28,407.95,404.0,412.85,402.5,402635.0
114940,2022-08-04,442.7,435.0,447.95,431.5,829876.0
114940,2022-08-16,410.25,401.45,412.4,397.6,650581.0
114940,2022-08-22,400.9,405.0,406.5,399.0,337535.0
114940,2022-10-12,356.55,361.8,361.8,353.55,179610.0
114940,2022-11-28,377.0,379.0,387.7,375.1,492804.0
114940,2022-12-14,404.25,399.9,408.95,397.15,743467.0
114940,2023-01-09,378.0,379.9,383.25,376.1,167894.0
114940,2023-01-27,348.7,357.45,359.15,345.05,325607.0
114940,2023-02-03,338.3,341.1,342.7,336.3,242827.0
114940,2023-02-27,291.65,298.2,298.3,290.25,249046.0
114940,2023-03-08,296.15,298.2,298.95,294.3,183854.0
114940,2023-06-01,335.55,327.9,337.3,327.6,954408.0
114940,2023-06-08,380.25,373.0,389.0,373.0,3955812.0
114940,2021-09-09,630.55,634.4,635.0,626.4,206552.0
114940,2021-09-15,638.35,637.0,640.85,632.0,192844.0
114940,2021-09-20,606.9,620.5,645.0,602.9,475008.0
114940,2021-09-28,598.5,599.0,609.0,594.7,364345.0
114940,2021-09-29,624.3,596.0,629.8,593.0,1020112.0
114940,2021-10-12,601.65,599.4,612.0,599.3,412218.0
114940,2021-10-21,573.25,580.25,589.55,570.5,449078.0
114940,2021-11-02,516.25,530.9,534.9,514.0,560499.0
114940,2021-11-08,510.0,527.15,528.0,508.5,850210.0
114940,2021-11-29,417.0,430.0,431.0,405.9,550112.0
114940,2021-12-28,411.1,399.9,419.5,399.9,1062446.0
114940,2022-01-07,508.05,501.0,521.0,500.65,900025.0
114940,2022-01-28,487.6,493.5,506.45,484.0,698944.0
114940,2022-02-02,545.15,532.0,549.45,531.0,2079740.0
114940,2022-02-24,425.75,458.4,461.9,419.0,1001573.0
114940,2022-03-02,469.5,464.8,478.35,450.0,689559.0
114940,2022-03-03,487.65,481.1,493.0,470.0,939918.0
114940,2022-03-28,509.5,524.2,526.65,505.0,1374953.0
114940,2022-04-06,567.45,548.0,577.2,544.6,3988793.0
114940,2022-04-11,579.5,572.0,587.0,571.0,2127517.0
114940,2022-05-23,461.95,471.65,479.0,458.5,496574.0
114940,2022-06-09,434.8,432.05,436.6,430.45,158218.0
114940,2022-06-15,405.35,406.4,412.05,402.9,227266.0
114940,2022-09-01,409.85,409.7,418.05,407.75,403506.0
114940,2022-10-03,359.25,355.9,363.0,354.25,321045.0
114940,2022-11-16,362.25,363.5,370.0,360.95,839099.0
114940,2022-11-17,364.3,362.5,368.4,361.05,297619.0
114940,2022-12-22,368.8,382.0,382.8,366.2,367687.0
114940,2023-02-07,338.6,343.45,344.7,337.5,238909.0
114940,2023-04-18,286.15,269.95,288.7,269.9,5916901.0
114940,2023-04-19,283.4,288.5,292.5,281.1,3166751.0
114940,2023-04-24,288.5,288.0,291.9,284.25,1134122.0
114940,2023-06-02,375.45,337.8,381.0,337.45,15400958.0
114940,2021-09-06,643.35,638.2,661.0,638.2,423062.0
114940,2021-09-16,632.35,640.5,645.55,631.0,201783.0
114940,2021-09-30,604.55,625.9,629.0,602.8,586808.0
114940,2021-10-25,514.05,555.1,559.5,512.0,810061.0
114940,2021-11-12,527.75,526.9,532.85,520.0,478104.0
114940,2021-12-22,411.2,412.85,424.0,409.75,920309.0
114940,2022-01-31,486.9,494.2,496.85,484.0,569987.0
114940,2022-03-21,492.6,497.9,501.7,490.5,494539.0
114940,2022-05-18,468.7,481.8,483.05,466.0,358096.0
114940,2022-05-25,432.3,448.0,457.85,429.0,398854.0
114940,2022-05-27,439.65,440.65,451.25,437.0,324820.0
114940,2022-05-31,444.05,448.0,456.0,440.0,341036.0
114940,2022-07-06,391.45,390.9,393.8,384.25,149642.0
114940,2022-07-18,389.3,393.9,394.8,387.0,426377.0
114940,2022-08-17,410.55,412.7,414.45,408.0,417930.0
114940,2022-09-20,384.65,384.9,393.5,383.55,443854.0
114940,2022-10-14,359.9,371.1,371.1,358.2,197013.0
114940,2022-10-21,357.05,365.9,366.0,355.4,220402.0
114940,2022-11-02,352.7,354.0,357.9,352.0,206227.0
114940,2022-12-05,403.6,392.9,408.0,392.9,1646640.0
114940,2022-12-13,398.15,400.8,410.45,396.2,815935.0
114940,2023-04-05,271.3,277.3,281.45,270.6,701754.0
114940,2023-04-12,266.25,265.4,271.4,263.5,2797644.0
114940,2023-04-20,286.05,284.0,293.8,281.75,2751194.0
114940,2023-05-04,330.25,312.0,333.0,309.15,4975581.0
114940,2021-08-31,639.6,646.8,652.2,633.0,266428.0
114940,2021-08-30,641.8,649.4,655.0,639.0,249998.0
114940,2021-09-01,641.5,639.0,650.0,636.0,245555.0
114940,2021-10-01,599.1,599.9,604.35,596.0,336594.0
114940,2021-10-27,578.5,561.8,585.0,555.0,804548.0
114940,2022-04-01,516.45,502.15,522.55,502.15,949152.0
114940,2022-04-04,541.85,519.0,548.0,515.9,2639586.0
114940,2022-05-12,448.45,444.5,456.05,433.0,485411.0
114940,2022-06-07,434.8,442.7,448.95,433.1,272757.0
114940,2022-06-13,409.85,419.0,422.05,408.05,228391.0
114940,2022-09-12,399.75,405.1,406.25,398.55,527090.0
114940,2022-09-13,400.25,403.7,409.05,399.7,639312.0
114940,2022-09-21,380.9,384.2,388.0,380.0,283416.0
114940,2022-10-20,364.05,355.0,367.9,353.2,397864.0
114940,2022-10-27,358.85,359.65,362.15,357.85,164350.0
114940,2022-11-07,362.5,362.1,370.75,361.7,513416.0
114940,2022-11-10,355.0,361.35,362.0,353.6,225731.0
114940,2022-12-30,373.35,373.75,378.55,372.25,201495.0
114940,2023-01-05,377.25,381.9,383.95,374.0,233490.0
114940,2023-01-16,379.0,378.9,391.9,376.1,1002699.0
114940,2023-01-23,365.4,368.05,370.5,364.4,205259.0
114940,2023-02-16,320.3,318.4,324.7,318.05,243483.0
114940,2023-02-24,298.9,300.8,306.3,298.0,283885.0
114940,2023-03-13,286.65,296.2,297.0,285.0,479007.0
114940,2023-04-06,267.25,272.5,276.8,266.55,928282.0
114940,2023-04-10,273.75,268.4,275.8,268.35,807637.0
114940,2023-04-11,264.1,275.0,276.65,263.25,1248837.0
114940,2023-05-09,331.8,326.7,337.4,323.0,1797919.0
114940,2023-06-05,374.9,379.0,388.4,372.1,4283956.0
114940,2021-10-29,536.4,545.15,550.6,531.0,370028.0
114940,2021-11-10,548.4,526.2,568.0,526.2,2416434.0
114940,2021-12-03,417.7,417.9,423.25,415.0,504976.0
114940,2021-12-06,415.25,419.3,426.0,409.1,636339.0
114940,2022-01-03,507.9,515.0,519.0,505.0,1638675.0
114940,2022-01-10,512.95,511.25,523.0,511.1,615139.0
114940,2022-01-12,544.5,510.0,549.9,510.0,5361285.0
114940,2022-02-11,515.45,529.5,529.5,511.1,717993.0
114940,2022-02-16,505.75,499.95,518.85,497.0,1537584.0
114940,2022-05-02,509.1,523.7,524.9,506.25,556580.0
114940,2022-05-10,449.65,460.25,469.45,440.65,345597.0
114940,2022-05-16,449.4,448.9,455.95,440.45,254425.0
114940,2022-05-20,471.65,462.0,474.8,460.45,309548.0
114940,2022-06-21,382.3,360.0,387.0,356.7,678250.0
114940,2022-07-11,416.15,409.0,424.4,404.65,520295.0
114940,2022-07-12,409.8,413.8,420.0,406.15,433125.0
114940,2022-08-02,443.45,445.4,448.95,436.9,743901.0
114940,2022-08-30,412.9,406.4,416.2,405.0,548214.0
114940,2022-10-10,365.05,370.0,371.5,364.25,319707.0
114940,2022-10-31,352.4,356.8,358.8,351.7,167626.0
114940,2022-11-03,353.0,352.4,359.75,351.8,290931.0
114940,2022-11-09,362.1,366.7,367.95,358.45,253296.0
114940,2022-11-11,364.1,359.05,366.75,357.05,728894.0
114940,2022-12-20,392.2,391.0,395.45,388.15,256793.0
114940,2022-12-23,351.65,366.0,367.6,350.05,404098.0
114940,2023-01-02,387.6,374.95,392.75,372.6,1159312.0
114940,2023-01-10,375.85,378.85,381.7,374.2,258298.0
114940,2023-01-11,375.8,376.8,379.85,374.75,196085.0
114940,2023-01-20,367.5,368.0,373.0,366.25,398721.0
114940,2023-03-17,279.85,278.75,283.6,278.05,299156.0
114940,2023-04-25,292.85,288.4,296.85,286.1,2020477.0
114940,2023-04-28,296.75,292.65,298.25,288.65,1450408.0
114940,2023-05-24,324.25,329.95,330.25,323.0,458572.0
114940,2023-06-07,372.9,375.0,383.5,371.1,2119645.0
114940,2021-09-27,594.7,600.5,604.75,585.3,325472.0
114940,2021-10-20,579.7,605.0,607.5,575.2,888317.0
114940,2021-10-11,599.45,607.0,607.8,597.15,499639.0
114940,2021-11-09,520.1,513.2,524.85,511.85,643178.0
114940,2021-10-19,604.45,628.0,634.35,600.05,1275940.0
114940,2021-12-30,523.55,441.7,527.55,436.0,14073176.0
114940,2021-10-28,552.0,579.4,579.6,550.0,401149.0
114940,2022-01-18,538.9,555.0,573.0,534.05,2478777.0
114940,2021-11-01,526.5,539.8,559.6,523.95,1050559.0
114940,2022-03-16,491.0,496.8,499.6,487.35,527643.0
114940,2021-11-11,523.25,551.9,551.9,521.1,802919.0
114940,2022-04-07,561.35,569.9,579.75,556.15,1894501.0
114940,2021-12-13,429.5,437.9,439.0,427.0,715254.0
114940,2022-04-18,530.7,549.0,549.0,527.05,766840.0
114940,2021-12-23,409.25,415.0,417.0,408.15,416223.0
114940,2022-06-08,433.0,437.0,448.5,430.2,504011.0
114940,2022-01-04,508.5,511.45,543.0,505.85,3735024.0
114940,2022-06-14,403.0,409.85,414.8,400.1,261281.0
114940,2022-01-21,515.45,530.0,531.85,510.5,771159.0
114940,2022-02-21,475.75,489.05,492.55,473.8,506667.0
114940,2022-06-29,388.8,389.0,394.55,386.95,184364.0
114940,2022-08-19,406.15,404.5,413.5,404.0,913688.0
114940,2022-03-14,495.75,504.5,509.4,493.1,448974.0
114940,2022-09-14,395.85,396.0,402.7,395.05,548811.0
114940,2022-04-05,548.05,548.2,559.95,546.1,2409549.0
114940,2022-10-18,362.45,357.6,369.95,357.55,560302.0
114940,2022-10-25,356.25,360.1,361.75,355.5,182786.0
114940,2022-11-14,367.5,365.95,378.0,365.65,1247572.0
114940,2022-06-27,389.75,385.95,398.15,385.95,459086.0
114940,2022-11-29,390.7,375.75,402.5,375.75,3090487.0
114940,2022-09-23,368.05,380.5,381.2,366.5,475944.0
114940,2022-12-19,390.3,392.95,396.2,389.0,279986.0
114940,2022-09-28,351.45,350.4,359.3,348.25,284521.0
114940,2023-01-24,362.9,366.0,367.8,361.5,167240.0
114940,2023-03-16,277.35,280.05,280.6,274.0,292375.0
114940,2023-02-22,307.9,312.0,312.0,306.0,212128.0
114940,2023-03-24,270.15,276.0,277.5,269.0,287414.0
114940,2023-05-15,342.45,334.05,344.0,333.2,1419907.0
114940,2021-08-27,644.95,619.7,648.0,609.0,553613.0
114940,2021-10-13,607.85,606.0,612.0,600.0,576328.0
114940,2021-11-30,408.8,420.0,434.0,405.0,568127.0
114940,2021-12-16,414.45,425.15,429.6,411.05,501342.0
114940,2022-01-11,505.3,516.0,516.8,503.0,843968.0
114940,2022-02-01,529.2,490.25,534.9,484.0,2199257.0
114940,2022-02-09,525.5,533.35,535.45,520.1,668030.0
114940,2022-03-23,516.85,520.0,527.8,513.3,1030808.0
114940,2022-03-29,512.8,511.0,521.7,507.2,1336666.0
114940,2022-03-31,502.85,507.0,520.9,500.0,1149871.0
114940,2022-04-13,554.65,563.55,570.0,552.6,662720.0
114940,2022-04-20,550.7,562.8,574.25,547.45,1026958.0
114940,2022-04-21,557.05,555.0,564.7,555.0,615264.0
114940,2022-05-17,479.95,452.0,482.85,451.4,682109.0
114940,2022-05-24,444.95,450.0,457.7,442.2,498649.0
114940,2022-06-17,378.9,385.1,390.0,375.25,319619.0
114940,2022-06-22,377.5,381.85,389.8,373.8,570171.0
114940,2022-07-08,414.55,417.0,418.65,408.6,354504.0
114940,2022-08-01,445.9,427.95,460.0,421.0,3284176.0
114940,2022-08-08,412.3,416.9,418.9,410.0,372346.0
114940,2022-09-05,408.45,406.4,411.7,406.25,231458.0
114940,2022-09-08,404.75,405.0,414.4,403.3,707617.0
114940,2022-10-04,362.9,365.0,367.7,361.05,179950.0
114940,2022-12-12,398.55,391.8,401.0,387.2,506653.0
114940,2022-12-26,357.35,352.05,361.2,351.3,274642.0
114940,2023-01-04,381.5,384.3,387.2,377.75,273588.0
114940,2023-02-15,317.15,320.15,322.8,315.5,412352.0
114940,2023-03-09,300.1,297.0,306.9,296.9,1007778.0
114940,2023-03-23,276.15,278.5,279.55,275.7,246094.0
114940,2023-05-17,342.5,337.8,344.6,335.85,866263.0
114940,2023-06-06,372.35,371.2,377.6,370.25,903519.0
114940,2021-09-08,633.05,636.7,641.15,631.0,161029.0
114940,2021-09-21,600.1,608.0,617.0,592.25,379960.0
114940,2021-09-22,599.7,607.95,607.95,595.35,360390.0
114940,2021-10-05,613.05,618.0,628.0,610.0,1519700.0
114940,2021-10-07,607.3,611.5,617.0,605.6,511028.0
114940,2021-10-26,556.75,520.9,567.2,516.15,816529.0
114940,2021-11-04,524.3,520.9,526.0,520.25,72208.0
114940,2021-11-24,458.9,450.25,476.4,450.25,1062432.0
114940,2021-12-02,417.1,409.0,419.8,403.55,612382.0
114940,2021-12-21,410.2,410.65,418.4,408.2,579977.0
114940,2021-12-29,439.65,410.3,448.5,409.15,3171821.0
114940,2022-01-24,485.7,515.0,516.1,480.5,1053620.0
114940,2022-03-08,499.65,495.0,510.45,485.2,1885984.0
114940,2022-03-22,515.15,494.5,526.7,491.1,3850989.0
114940,2022-05-04,510.0,511.65,516.3,500.45,735606.0
114940,2022-07-01,388.85,391.0,393.1,383.2,176151.0
114940,2022-07-29,426.2,408.3,429.0,408.3,2425410.0
114940,2022-08-05,418.05,444.45,446.3,410.9,2111273.0
114940,2022-09-02,406.3,410.4,413.75,405.5,208687.0
114940,2022-09-19,381.8,386.0,394.0,381.0,280058.0
114940,2022-10-13,361.1,356.55,372.1,355.55,713099.0
114940,2022-10-24,360.0,360.9,362.3,358.9,49468.0
114940,2022-11-01,352.3,354.2,356.2,351.25,175795.0
114940,2022-12-07,395.6,401.4,403.45,395.0,321592.0
114940,2022-12-27,375.1,362.45,384.6,362.1,1428913.0
114940,2023-01-17,372.4,378.8,379.4,361.75,344392.0
114940,2023-02-09,330.65,333.25,335.1,328.55,381841.0
114940,2023-02-17,318.35,320.0,321.55,310.3,239674.0
114940,2023-04-26,288.25,291.5,294.4,286.2,1161186.0
114940,2023-04-27,291.15,289.2,292.6,287.0,841864.0
114940,2023-07-24,410.05,409.1,414.0,404.95,756312.0
114940,2023-08-18,431.65,431.15,436.0,428.05,440554.0
114940,2023-06-27,402.7,406.0,411.05,400.25,1089947.0
114940,2023-07-04,394.45,401.2,402.8,393.0,459395.0
114940,2023-07-06,410.3,393.0,413.65,392.9,1785219.0
114940,2023-07-25,420.1,410.1,427.2,408.45,3060717.0
114940,2023-07-26,417.25,421.75,426.45,416.1,832780.0
114940,2023-08-08,434.75,470.65,471.6,431.0,3284998.0
114940,2023-08-01,432.05,434.8,438.45,426.15,1267311.0
114940,2023-07-10,402.6,406.0,412.7,400.85,513145.0
114940,2023-07-20,410.7,408.45,414.5,408.0,540471.0
114940,2023-06-20,421.65,413.55,431.7,407.1,4308188.0
114940,2023-06-12,382.7,379.25,390.0,372.5,1725620.0
114940,2023-08-07,463.6,449.0,467.5,449.0,2810329.0
114940,2023-06-13,387.35,385.6,394.9,382.95,1750902.0
114940,2023-06-30,400.25,398.0,407.1,397.6,936637.0
114940,2023-07-27,411.85,419.25,419.25,410.2,535379.0
114940,2023-07-07,405.4,410.0,412.95,402.55,690131.0
114940,2023-06-28,396.3,405.5,408.3,395.0,707781.0
114940,2023-07-13,408.25,415.1,418.0,405.9,774026.0
114940,2023-07-21,409.15,409.55,413.5,407.0,462252.0
114940,2023-08-10,430.65,427.0,436.95,412.25,2192665.0
114940,2023-06-23,393.25,407.8,408.95,391.6,990317.0
114940,2023-07-12,413.05,416.0,419.7,411.0,952107.0
114940,2023-07-31,432.75,425.0,437.5,424.4,3442839.0
114940,2023-08-17,431.15,431.35,442.3,423.3,535061.0
114940,2023-08-21,445.95,440.45,450.85,439.3,1782418.0
114940,2023-08-23,460.0,450.0,461.9,447.45,700805.0
114940,2023-06-15,415.15,390.0,419.0,388.4,8968670.0
114940,2023-08-11,430.9,424.0,433.25,421.9,1295129.0
114940,2023-06-22,408.45,420.4,420.4,406.0,1237659.0
114940,2023-08-02,423.55,432.0,432.0,415.1,880749.0
114940,2023-08-14,439.7,428.0,444.6,420.1,1248359.0
114940,2023-06-14,389.95,388.05,393.5,387.2,1260219.0
114940,2023-06-21,417.95,423.5,428.35,415.05,1759754.0
114940,2023-07-14,415.8,410.0,423.85,410.0,2036497.0
114940,2023-07-28,422.2,411.0,425.0,410.4,1781533.0
114940,2023-07-03,400.05,401.0,405.4,398.25,499805.0
114940,2023-08-03,420.1,421.3,425.3,416.15,493504.0
114940,2023-08-16,432.65,439.0,444.0,430.9,596896.0
114940,2023-08-22,447.05,446.0,455.4,442.3,1026448.0
114940,2023-07-11,412.2,404.5,416.0,400.55,1150118.0
114940,2023-07-18,411.4,412.75,416.05,407.05,430284.0
114940,2023-06-16,406.9,416.45,417.65,405.15,2487663.0
114940,2023-06-19,415.25,408.95,418.35,408.05,2124256.0
114940,2023-06-26,405.95,395.2,409.5,390.4,1820152.0
114940,2023-07-05,396.85,394.95,403.35,393.35,623336.0
114940,2023-07-17,410.95,418.4,419.6,408.15,640479.0
114940,2023-07-19,416.25,411.85,422.8,410.5,1919618.0
114940,2023-08-04,443.45,421.0,447.0,419.2,2540356.0
114940,2023-08-09,426.0,436.65,439.6,424.15,1430046.0
