stockid,date,close,open,high,low,volume
640830,2021-01-14,105.05,107.0,107.45,104.2,24455634.0
640830,2021-01-20,98.85,99.0,99.8,97.85,18486566.0
640830,2021-02-09,101.0,99.8,103.35,99.8,39638657.0
640830,2021-03-02,113.5,115.9,116.65,112.75,36303917.0
640830,2021-03-30,103.5,104.05,106.3,102.6,31843605.0
640830,2021-04-27,103.2,102.8,104.0,102.8,8886250.0
640830,2021-05-21,112.75,111.05,114.05,111.05,20562816.0
640830,2021-06-10,123.95,123.75,124.8,122.45,12245640.0
640830,2021-06-17,125.1,125.6,127.0,123.5,18124616.0
640830,2021-07-02,118.45,120.0,120.85,118.0,20014124.0
640830,2021-07-07,119.9,119.9,120.4,117.8,18479814.0
640830,2021-07-12,118.55,119.0,119.35,118.0,8420962.0
640830,2021-08-06,116.65,116.15,118.2,116.15,6606584.0
640830,2021-09-01,119.7,121.8,122.25,119.4,10964080.0
640830,2021-10-26,163.1,163.55,163.95,160.3,33022684.0
640830,2021-11-22,146.55,151.25,153.7,146.0,21558590.0
640830,2021-11-26,147.1,152.25,152.25,146.25,23135841.0
640830,2021-11-29,144.1,145.0,146.05,141.9,18736522.0
640830,2021-12-06,143.35,145.8,145.85,142.75,7749262.0
640830,2021-12-15,143.95,146.3,147.7,143.6,10361033.0
640830,2021-02-23,112.2,109.75,114.4,109.45,90860972.0
640830,2021-03-05,114.95,116.25,118.25,113.5,57756103.0
640830,2021-03-10,114.4,116.9,117.0,113.6,23841269.0
640830,2021-03-22,109.6,110.5,111.25,108.55,15825065.0
640830,2021-03-25,102.0,106.0,107.7,101.3,37295495.0
640830,2021-04-15,105.1,104.25,106.75,103.8,28659714.0
640830,2021-04-28,103.9,103.75,104.4,103.3,6887787.0
640830,2021-04-30,108.15,104.15,112.7,103.3,81358264.0
640830,2021-05-24,113.05,113.25,113.95,110.85,24785960.0
640830,2021-06-25,120.9,122.95,124.95,120.35,34557609.0
640830,2021-09-03,123.1,119.95,123.5,118.8,21326802.0
640830,2021-10-04,147.6,147.8,148.5,147.0,16099471.0
640830,2021-11-16,157.15,159.4,159.7,156.8,12956283.0
640830,2021-12-28,139.5,139.15,140.5,138.5,8738089.0
640830,2021-01-01,93.2,93.75,94.45,93.0,15130377.0
640830,2021-01-15,101.4,105.25,106.1,100.65,28185982.0
640830,2021-01-21,94.7,99.05,100.2,93.9,26939349.0
640830,2021-02-15,98.45,97.0,99.25,95.6,26118576.0
640830,2021-03-04,112.7,113.95,117.0,112.3,38272786.0
640830,2021-04-20,102.85,103.3,105.0,102.2,23082015.0
640830,2021-06-01,117.6,114.35,118.45,114.2,51620011.0
640830,2021-06-07,125.15,126.95,127.5,124.9,28709907.0
640830,2021-08-31,120.55,120.0,121.0,119.05,13376290.0
640830,2021-09-08,118.95,119.0,119.5,117.5,7801721.0
640830,2021-09-14,123.95,123.3,125.4,122.8,16593684.0
640830,2021-10-13,160.0,163.65,163.8,159.7,16690451.0
640830,2021-10-19,158.6,163.5,163.5,158.0,10331930.0
640830,2021-11-11,153.5,156.6,156.85,153.05,14158749.0
640830,2021-12-01,142.25,142.4,143.65,139.65,14278744.0
640830,2021-12-14,146.9,144.25,147.45,143.95,12331999.0
640830,2021-01-27,89.7,91.4,91.75,88.9,34022621.0
640830,2021-02-01,90.85,89.0,91.2,88.45,24228098.0
640830,2021-02-03,93.35,94.6,95.3,93.0,25912911.0
640830,2021-02-11,99.45,100.0,100.35,98.9,11287104.0
640830,2021-02-18,110.7,103.7,115.5,103.35,110000964.0
640830,2021-02-19,105.1,110.7,112.2,103.85,48225988.0
640830,2021-02-24,113.6,114.0,115.35,111.0,26071364.0
640830,2021-02-26,111.0,115.5,118.4,110.05,55154985.0
640830,2021-03-03,114.0,114.05,115.8,113.2,19434630.0
640830,2021-05-10,113.9,113.85,114.95,112.5,33477142.0
640830,2021-05-18,116.1,115.0,117.5,114.3,29395737.0
640830,2021-05-27,111.85,113.0,113.65,111.3,22821449.0
640830,2021-05-31,113.65,112.5,114.35,111.4,16430926.0
640830,2021-06-11,123.55,123.95,126.6,122.5,18360366.0
640830,2021-06-22,122.05,122.7,124.2,121.5,23629008.0
640830,2021-07-05,120.95,119.15,121.45,118.9,12050022.0
640830,2021-07-08,117.05,119.4,119.4,116.85,17151883.0
640830,2021-08-04,117.35,117.7,118.5,116.6,14304543.0
640830,2021-08-13,116.1,116.8,116.95,115.35,10342014.0
640830,2021-08-25,115.65,113.5,117.2,113.3,18637317.0
640830,2021-11-23,146.7,145.8,147.7,143.4,21216047.0
640830,2021-12-03,145.9,144.0,146.85,143.15,10690334.0
640830,2021-12-16,145.35,145.3,146.25,144.55,12156709.0
640830,2021-12-30,140.5,138.75,141.2,138.5,11556524.0
640830,2021-12-31,142.4,140.45,142.95,139.45,6393760.0
640830,2022-01-03,143.05,142.35,143.45,141.2,3765911.0
640830,2021-01-11,102.55,101.5,102.9,98.05,36301647.0
640830,2021-01-25,91.35,93.05,93.75,90.0,28522112.0
640830,2021-03-09,116.75,119.4,119.55,114.2,26817643.0
640830,2021-03-16,115.1,113.8,116.3,113.45,20680669.0
640830,2021-03-24,104.8,105.0,106.0,102.85,31083656.0
640830,2021-04-19,103.05,103.95,105.95,101.9,19166492.0
640830,2021-05-17,114.25,113.95,115.4,112.25,19960145.0
640830,2021-05-20,111.8,113.45,114.7,111.2,21131045.0
640830,2021-07-27,114.65,115.35,115.9,114.0,9704729.0
640830,2021-11-25,155.1,154.0,156.0,152.55,11554142.0
640830,2021-12-10,147.55,146.25,148.0,145.55,10324085.0
640830,2021-12-20,134.0,137.5,137.65,131.65,17238729.0
640830,2022-01-11,160.95,158.8,161.65,157.6,14457548.0
640830,2021-01-18,96.65,101.4,101.85,96.05,33623461.0
640830,2021-03-01,117.05,114.3,117.65,113.5,41672980.0
640830,2021-03-12,115.05,116.75,117.4,114.0,20691698.0
640830,2021-03-17,109.35,114.8,114.85,108.75,31017863.0
640830,2021-04-08,103.6,103.8,105.7,103.3,26105970.0
640830,2021-04-29,104.05,104.9,105.9,103.55,14990087.0
640830,2021-06-03,122.5,118.8,123.8,118.45,64241347.0
640830,2021-06-08,124.8,125.75,125.9,122.65,15261479.0
640830,2021-06-18,120.25,124.55,124.55,118.9,87912730.0
640830,2021-09-15,128.45,124.25,130.7,124.25,42437332.0
640830,2021-10-18,162.1,163.75,165.5,161.2,22899876.0
640830,2021-10-22,157.05,157.0,158.35,154.5,27317028.0
640830,2021-11-03,152.0,151.2,154.2,149.8,11591857.0
640830,2021-11-15,157.8,156.45,162.25,156.0,45750584.0
640830,2021-11-18,154.3,157.0,157.0,153.7,18351511.0
640830,2021-12-08,148.4,147.0,150.35,146.8,12266948.0
640830,2021-12-09,147.35,149.5,149.9,146.35,7989291.0
640830,2022-01-06,150.8,150.6,151.4,148.35,9012777.0
640830,2021-01-05,94.95,96.5,96.5,94.35,26998014.0
640830,2021-02-25,119.05,116.0,120.5,115.35,62038881.0
640830,2021-03-23,107.15,109.6,110.3,106.6,15815643.0
640830,2021-04-09,103.8,103.0,104.9,103.0,17645822.0
640830,2021-05-03,107.7,108.15,110.7,106.0,33975507.0
640830,2021-05-12,115.1,118.7,121.15,113.7,49718697.0
640830,2021-06-28,122.35,122.55,124.5,121.8,23728169.0
640830,2021-06-29,119.4,121.8,122.45,119.1,20857415.0
640830,2021-07-13,120.4,119.0,120.8,118.6,8580799.0
640830,2021-07-26,114.55,114.85,115.6,114.1,8149770.0
640830,2021-08-10,114.85,115.1,115.7,113.9,14300982.0
640830,2021-09-02,118.65,118.9,120.15,118.0,13031666.0
640830,2021-09-30,144.5,144.75,146.05,141.35,26714630.0
640830,2021-11-12,154.65,154.0,155.6,153.3,10552485.0
640830,2022-01-04,147.8,143.1,148.6,143.1,16351836.0
640830,2022-01-12,164.95,162.7,165.7,161.4,21220614.0
640830,2021-01-04,96.95,94.05,97.3,93.7,39545073.0
640830,2021-01-08,100.65,98.95,101.3,98.55,36022114.0
640830,2021-03-26,102.4,103.0,104.0,100.25,26637085.0
640830,2021-07-20,112.6,112.05,113.25,111.6,18634406.0
640830,2021-08-24,113.2,113.15,115.2,112.1,17368602.0
640830,2021-09-07,119.95,122.5,122.75,119.55,8530847.0
640830,2021-09-21,135.2,129.6,136.0,129.1,51537119.0
640830,2021-10-01,146.25,145.2,149.65,144.1,42893182.0
640830,2021-10-05,163.65,150.0,164.6,149.0,131238378.0
640830,2021-10-20,154.9,159.25,159.35,153.65,17118996.0
640830,2021-11-02,152.95,153.95,154.8,151.35,20609479.0
640830,2021-11-08,154.9,152.95,155.55,151.7,16568525.0
640830,2021-11-30,142.1,143.35,147.75,141.1,22980651.0
640830,2022-01-13,163.95,164.95,165.5,163.05,7445346.0
640830,2021-01-06,96.95,98.9,99.3,96.25,50306161.0
640830,2021-01-12,103.45,102.0,104.5,100.75,28353142.0
640830,2021-01-29,88.3,90.75,92.95,87.75,33858273.0
640830,2021-02-04,97.65,94.25,98.6,94.0,49670027.0
640830,2021-03-08,118.25,118.95,122.35,117.2,63866178.0
640830,2021-04-23,102.4,102.0,103.65,101.6,12790334.0
640830,2021-05-04,109.65,108.0,110.3,107.7,30811922.0
640830,2021-06-04,125.45,124.6,126.7,123.35,72354379.0
640830,2021-07-06,121.5,123.0,125.0,121.05,30193164.0
640830,2021-07-14,120.8,120.3,121.75,120.1,12709481.0
640830,2021-07-15,116.9,119.2,119.4,116.2,28589465.0
640830,2021-07-29,114.75,114.3,115.8,113.3,14142749.0
640830,2021-08-27,116.65,115.5,117.0,114.95,9706825.0
640830,2021-10-21,155.0,157.6,160.3,154.55,31555789.0
640830,2021-12-07,145.9,145.0,146.25,144.5,10253663.0
640830,2022-01-05,150.35,148.5,151.1,147.4,12977680.0
640830,2021-02-05,97.65,98.95,99.95,96.8,30514219.0
640830,2021-02-12,97.0,98.9,99.4,96.55,18187705.0
640830,2021-04-12,98.05,100.85,102.25,97.45,27005598.0
640830,2021-04-16,107.3,104.6,107.85,104.2,21627285.0
640830,2021-06-21,120.95,119.4,122.0,118.95,15669821.0
640830,2021-07-01,118.85,117.75,119.75,117.3,16012542.0
640830,2021-07-23,115.3,115.5,116.75,114.75,7841690.0
640830,2021-08-12,116.25,116.1,117.9,115.3,13519139.0
640830,2021-09-17,127.75,128.7,129.7,124.75,25968166.0
640830,2021-09-24,136.1,138.9,139.9,134.5,33667173.0
640830,2021-11-09,156.65,156.5,158.15,155.0,13601954.0
640830,2021-02-10,100.0,102.0,102.5,98.6,21467230.0
640830,2021-03-19,110.5,106.25,113.25,104.45,50386785.0
640830,2021-04-26,102.8,105.25,105.7,102.5,11797791.0
640830,2021-05-14,112.95,116.0,116.0,111.55,23626454.0
640830,2021-05-25,114.6,114.4,117.1,113.7,25820379.0
640830,2021-06-30,117.7,120.35,120.95,117.05,19094044.0
640830,2021-07-22,115.5,114.4,115.8,113.95,11710140.0
640830,2021-08-17,113.85,116.0,116.0,112.7,16025745.0
640830,2021-08-18,113.2,113.9,115.25,112.9,10074307.0
640830,2021-09-13,123.05,122.2,123.4,121.1,9921031.0
640830,2021-09-16,128.7,129.65,131.25,127.4,22431820.0
640830,2021-09-23,137.75,134.8,138.35,134.4,18688982.0
640830,2021-09-28,142.2,141.8,143.6,141.0,46109879.0
640830,2021-10-06,168.1,166.0,172.75,165.8,101221817.0
640830,2021-10-11,165.0,163.75,166.2,162.7,18143592.0
640830,2021-10-14,159.05,161.0,161.75,158.65,14821875.0
640830,2021-10-28,150.2,150.0,156.85,148.7,24815027.0
640830,2021-12-02,144.0,140.5,144.65,140.4,8561767.0
640830,2022-01-07,157.05,151.5,157.5,151.35,30889365.0
640830,2022-01-14,161.05,162.95,163.3,160.2,11646259.0
640830,2021-01-13,105.25,104.95,107.9,104.1,42401579.0
640830,2021-05-06,110.25,112.3,112.85,109.45,26083818.0
640830,2021-05-28,112.35,113.2,115.55,111.85,19331994.0
640830,2021-06-23,123.35,123.5,124.4,121.75,21978870.0
640830,2021-07-19,114.6,114.8,116.55,114.2,14395883.0
640830,2021-08-23,111.75,110.35,112.0,108.5,16886027.0
640830,2021-10-08,160.95,163.9,166.6,160.5,30561341.0
640830,2021-11-17,157.4,157.0,159.25,156.6,11420415.0
640830,2021-12-21,136.05,135.05,136.85,133.8,8615570.0
640830,2021-12-22,136.8,137.4,137.95,135.3,4968143.0
640830,2021-12-24,138.5,141.55,141.6,137.2,5657495.0
640830,2021-01-07,97.9,98.0,99.05,97.1,25285200.0
640830,2021-04-06,103.95,102.65,104.4,101.3,15156974.0
640830,2021-05-19,114.9,114.5,115.8,113.4,25295575.0
640830,2021-06-16,126.7,127.0,128.25,126.1,31654780.0
640830,2021-07-16,116.8,117.2,117.4,115.75,19691248.0
640830,2021-08-20,110.2,110.65,111.75,108.5,23878081.0
640830,2021-08-26,115.55,115.6,116.25,114.4,8779246.0
640830,2021-09-09,122.15,119.1,123.8,118.2,27242637.0
640830,2021-09-29,144.75,140.85,148.8,139.35,68003697.0
640830,2022-01-10,158.35,158.25,159.4,156.4,16418985.0
640830,2021-02-02,92.85,92.5,93.95,91.2,22141489.0
640830,2021-02-08,99.65,99.5,100.8,99.1,29096831.0
640830,2021-02-16,103.75,99.25,104.85,99.25,76236798.0
640830,2021-04-01,104.35,103.0,105.25,101.15,22299747.0
640830,2021-04-07,104.65,103.9,105.35,103.45,10330347.0
640830,2021-05-11,118.1,112.55,118.7,110.75,48355326.0
640830,2021-05-26,113.35,115.4,115.4,113.0,12045621.0
640830,2021-06-02,117.75,118.0,119.4,116.0,27162991.0
640830,2021-06-09,124.05,127.0,128.0,123.05,29718157.0
640830,2021-06-14,124.8,124.4,125.8,121.25,19547491.0
640830,2021-07-09,117.9,117.1,118.65,116.6,11240925.0
640830,2021-07-28,114.35,114.9,115.2,113.45,11020097.0
640830,2021-08-30,120.15,116.75,120.4,116.75,15933414.0
640830,2021-09-06,121.65,123.8,124.35,121.15,12505630.0
640830,2021-09-20,128.5,125.05,129.4,125.05,29857432.0
640830,2021-11-01,153.15,150.0,153.6,148.4,11444653.0
640830,2021-11-24,153.45,149.0,155.85,149.0,36294271.0
640830,2021-12-13,145.95,148.95,150.5,145.35,13595587.0
640830,2021-02-22,106.3,105.9,108.55,105.3,36592043.0
640830,2021-04-13,102.05,98.05,102.5,98.05,25505623.0
640830,2021-06-15,125.35,125.6,128.5,124.85,32779493.0
640830,2021-07-30,115.3,114.3,116.75,113.8,12236156.0
640830,2021-08-09,115.0,116.0,117.0,114.3,8294214.0
640830,2021-09-27,140.0,138.05,140.75,137.5,34196564.0
640830,2021-10-27,157.9,163.1,163.6,157.0,21652522.0
640830,2021-10-29,149.05,149.9,151.85,146.0,18736450.0
640830,2021-11-04,152.05,152.0,152.85,151.25,1114216.0
640830,2021-12-17,139.4,144.2,145.1,138.5,17667617.0
640830,2021-01-19,98.1,97.75,99.0,97.5,26085121.0
640830,2021-01-22,92.75,94.6,95.45,92.5,27311961.0
640830,2021-01-28,90.65,89.0,91.4,88.8,26810222.0
640830,2021-02-17,102.25,102.0,103.5,100.8,21014091.0
640830,2021-03-15,114.35,116.0,116.85,112.8,19679958.0
640830,2021-03-18,110.2,110.0,112.2,107.5,26710696.0
640830,2021-03-31,102.15,102.8,104.2,101.9,19587582.0
640830,2021-04-05,103.45,102.15,104.5,99.4,24878516.0
640830,2021-04-22,103.1,102.4,104.45,101.65,14844968.0
640830,2021-05-05,111.1,112.4,114.0,110.5,47588366.0
640830,2021-05-07,111.45,110.85,112.35,109.65,28016564.0
640830,2021-06-24,122.0,124.45,124.45,121.35,24358397.0
640830,2021-08-02,117.1,114.95,117.5,114.8,10895726.0
640830,2021-08-03,117.9,116.15,118.2,115.15,15163353.0
640830,2021-08-05,116.85,116.2,117.25,114.7,11033147.0
640830,2021-08-11,117.0,115.5,117.3,114.85,11308648.0
640830,2021-08-16,115.5,116.9,118.35,114.7,14771886.0
640830,2021-09-22,133.65,134.5,135.25,132.45,16424387.0
640830,2021-10-07,160.4,170.15,170.15,159.5,59769140.0
640830,2021-10-12,163.55,165.1,165.85,162.75,11619888.0
640830,2021-10-25,161.4,159.0,162.95,158.9,34568006.0
640830,2021-11-10,157.7,156.7,158.7,156.45,13900618.0
640830,2021-12-23,140.5,138.5,141.0,137.15,6324169.0
640830,2021-12-27,137.35,136.55,138.05,136.0,4404298.0
640830,2021-12-29,138.9,140.2,140.85,137.45,6571286.0
640830,2022-04-07,168.85,170.6,173.8,168.2,24550313.0
640830,2022-03-21,172.55,171.7,175.0,170.3,20614652.0
640830,2022-02-15,164.15,170.0,170.0,156.4,31146458.0
640830,2022-01-31,172.6,171.6,174.85,169.55,24031034.0
640830,2022-01-20,166.85,170.9,170.9,166.5,14474454.0
640830,2022-01-19,170.25,165.3,171.0,164.9,36648534.0
640830,2022-04-04,168.05,166.95,169.05,165.35,17745513.0
640830,2022-04-18,175.8,176.0,179.0,175.1,23916912.0
640830,2022-04-21,174.15,175.7,176.7,173.9,12246720.0
640830,2022-05-09,164.75,165.25,167.3,162.75,9952775.0
640830,2022-05-19,160.0,158.55,162.05,157.8,8932407.0
640830,2022-06-13,159.55,162.0,163.95,158.45,12237777.0
640830,2022-06-17,141.45,142.45,145.15,140.65,22922034.0
640830,2022-06-21,139.1,136.1,140.2,135.0,20581784.0
640830,2022-07-12,124.1,124.9,126.75,123.5,25216226.0
640830,2022-08-23,133.75,131.9,134.2,130.1,24268146.0
640830,2022-09-19,130.55,132.1,134.35,129.7,19411428.0
640830,2022-10-14,127.6,132.0,132.8,127.05,13205955.0
640830,2022-11-14,139.25,140.6,141.0,138.6,12743505.0
640830,2022-12-09,140.7,142.5,142.95,140.3,9438307.0
640830,2022-12-19,145.8,147.05,147.55,145.0,10635055.0
640830,2023-01-09,148.15,149.3,150.2,147.8,18660445.0
640830,2023-01-25,152.45,151.25,153.4,151.15,9827342.0
640830,2023-02-17,156.6,155.5,158.8,154.4,19874561.0
640830,2023-03-16,152.2,151.2,153.4,148.0,18551936.0
640830,2023-03-17,153.15,153.5,154.9,151.95,16593429.0
640830,2023-03-22,151.55,152.4,152.8,150.85,4329409.0
640830,2023-03-24,149.4,152.7,153.2,148.8,8301726.0
640830,2023-03-27,150.25,149.55,152.45,149.25,7437261.0
640830,2023-05-31,154.9,159.0,159.4,150.05,83741017.0
640830,2023-06-07,153.85,153.6,154.5,152.55,12180164.0
640830,2023-06-16,157.0,158.25,158.65,156.35,11466647.0
640830,2023-07-28,171.8,170.7,174.95,168.9,9004252.0
640830,2022-04-13,174.25,171.4,174.85,170.7,23458303.0
640830,2022-04-29,160.45,166.5,167.45,159.5,15964743.0
640830,2022-05-25,152.6,152.9,153.25,147.6,19366472.0
640830,2022-05-26,151.9,152.8,153.3,148.1,12824105.0
640830,2022-07-19,127.9,130.5,133.2,124.45,33778758.0
640830,2022-08-17,139.65,139.95,140.8,138.7,15694770.0
640830,2022-09-26,123.45,127.3,128.8,122.65,12848954.0
640830,2022-10-11,131.1,133.25,133.5,130.25,13176461.0
640830,2022-10-28,133.7,132.1,135.6,131.8,22918037.0
640830,2023-01-20,151.6,152.0,152.5,150.55,17512691.0
640830,2023-04-24,160.25,159.6,160.75,159.3,7028440.0
640830,2023-04-26,161.15,160.0,161.6,159.75,9177783.0
640830,2023-05-03,161.15,162.9,163.35,160.85,8029435.0
640830,2023-05-10,166.95,165.25,167.65,165.0,10901429.0
640830,2023-05-12,165.5,168.15,169.0,165.0,16373574.0
640830,2023-05-15,165.6,165.5,166.6,164.4,8559162.0
640830,2023-06-05,155.4,155.5,156.0,154.45,11850547.0
640830,2023-07-07,163.5,165.5,166.0,162.8,7597171.0
640830,2023-08-01,176.7,175.3,177.0,174.3,5584773.0
640830,2022-03-11,175.7,172.5,176.4,171.7,26187452.0
640830,2022-03-10,174.35,168.25,176.9,165.0,62112814.0
640830,2022-03-23,175.6,176.5,177.7,174.85,10994784.0
640830,2022-04-12,168.9,171.0,172.2,168.2,13184429.0
640830,2022-04-26,166.95,171.1,171.7,165.7,20086229.0
640830,2022-05-04,162.25,159.0,162.8,157.95,23661920.0
640830,2022-06-03,151.6,153.95,154.2,151.15,16747177.0
640830,2022-06-07,161.85,154.8,162.95,154.2,61411715.0
640830,2022-07-14,127.15,124.4,132.6,123.8,38464081.0
640830,2022-07-15,126.55,127.6,128.4,124.6,18088858.0
640830,2022-07-20,132.55,135.0,136.6,132.2,60317150.0
640830,2022-07-21,133.1,133.0,133.5,131.8,20853780.0
640830,2022-08-02,136.7,136.7,137.05,134.6,15037928.0
640830,2022-08-05,136.5,135.1,138.5,133.6,66480753.0
640830,2022-09-06,132.1,134.1,134.15,131.7,10870488.0
640830,2022-09-27,124.45,124.35,127.9,123.85,14465123.0
640830,2022-10-07,134.05,132.05,134.25,131.2,13532236.0
640830,2022-10-13,129.85,131.2,131.85,127.65,13320136.0
640830,2022-12-13,144.35,143.05,144.65,142.55,12593054.0
640830,2023-01-02,150.45,147.3,150.8,147.25,9631496.0
640830,2023-01-06,147.35,146.7,148.1,146.3,16804116.0
640830,2023-03-13,155.8,156.2,158.0,155.2,8785721.0
640830,2023-04-20,159.15,159.6,160.1,158.5,5733670.0
640830,2023-05-24,166.25,165.0,166.45,164.65,6107980.0
640830,2023-06-02,154.7,155.0,155.0,153.4,9851058.0
640830,2023-07-11,164.6,163.25,165.1,162.9,6343183.0
640830,2022-01-24,165.7,165.2,168.3,163.75,28783449.0
640830,2022-01-27,165.7,165.1,168.75,164.5,25936832.0
640830,2022-02-04,169.6,170.0,172.7,169.05,17434362.0
640830,2022-02-07,172.1,170.7,173.3,169.2,11723574.0
640830,2022-02-10,169.1,165.85,170.4,165.15,26763203.0
640830,2022-02-21,163.4,167.4,167.55,163.05,14222260.0
640830,2022-03-08,179.1,190.0,194.95,177.8,73127816.0
640830,2022-07-18,129.9,127.05,130.7,126.95,21010247.0
640830,2022-09-22,128.65,130.4,130.85,128.1,11366882.0
640830,2022-09-30,126.8,125.5,132.4,125.5,33530494.0
640830,2022-10-03,132.4,131.7,135.0,130.6,50966493.0
640830,2022-11-04,137.85,136.4,138.4,136.05,7498344.0
640830,2023-02-21,154.1,154.9,155.9,153.45,7599927.0
640830,2023-05-05,160.3,161.05,161.95,159.7,5488707.0
640830,2023-06-20,157.25,157.55,157.8,156.55,6059738.0
640830,2023-07-18,166.9,166.4,168.15,166.05,4322257.0
640830,2023-07-20,167.2,167.0,168.1,166.0,5217131.0
640830,2023-07-26,172.95,173.85,174.3,172.0,9103949.0
640830,2023-08-21,176.05,175.3,176.3,174.3,3599820.0
640830,2022-02-09,163.95,167.9,169.6,163.1,17938632.0
640830,2022-03-17,170.3,166.6,171.5,164.6,66314748.0
640830,2022-03-28,176.35,175.5,177.9,174.65,15253027.0
640830,2022-04-19,177.15,177.3,179.8,176.0,17880666.0
640830,2022-04-28,164.8,166.0,166.0,162.45,13030499.0
640830,2022-05-11,158.6,154.0,160.0,153.75,15084514.0
640830,2022-05-17,163.15,156.0,163.7,155.55,17843200.0
640830,2022-05-27,143.8,155.0,155.5,141.1,52469252.0
640830,2022-06-06,153.95,153.1,156.0,152.8,30327268.0
640830,2022-06-24,137.35,137.0,141.0,135.2,25461812.0
640830,2022-08-04,136.25,134.35,137.15,134.0,14311959.0
640830,2022-08-24,136.0,134.7,137.4,134.5,22730039.0
640830,2022-08-25,136.55,137.0,138.15,136.15,14620592.0
640830,2022-09-05,133.4,132.9,133.9,132.65,14865879.0
640830,2022-09-20,133.2,131.4,133.6,131.3,13080582.0
640830,2022-11-09,138.65,138.95,139.0,137.0,12033732.0
640830,2022-12-30,146.75,145.45,148.75,144.55,9644998.0
640830,2023-04-10,157.15,150.7,157.5,150.0,17431401.0
640830,2023-04-11,159.05,157.1,159.3,156.4,13305621.0
640830,2023-05-16,168.0,168.3,168.5,166.75,12249266.0
640830,2023-05-19,164.9,166.2,166.75,164.0,5969632.0
640830,2023-05-23,165.0,165.6,167.05,164.45,10119254.0
640830,2023-05-29,159.0,160.0,160.25,156.5,43253971.0
640830,2023-06-28,158.55,157.85,160.15,156.55,40243993.0
640830,2023-07-03,162.9,160.3,163.25,160.0,9548822.0
640830,2023-07-27,171.0,173.45,173.65,170.7,7731146.0
640830,2022-02-02,171.3,170.55,174.05,170.5,12478192.0
640830,2022-02-17,171.75,168.55,172.4,168.5,24640791.0
640830,2022-02-25,159.5,159.4,160.4,156.8,20225258.0
640830,2022-03-07,186.95,167.1,189.8,167.1,132538155.0
640830,2022-03-30,162.0,163.0,164.85,161.15,95239532.0
640830,2022-04-27,164.85,167.95,168.9,163.35,13981957.0
640830,2022-05-13,153.55,160.0,160.3,152.95,12934346.0
640830,2022-05-31,151.25,145.4,153.0,145.4,57675204.0
640830,2022-08-08,136.5,136.3,137.5,135.05,12451233.0
640830,2022-08-11,132.8,134.5,136.0,132.05,19479706.0
640830,2022-09-09,134.0,132.5,134.2,131.95,12327341.0
640830,2022-09-28,122.55,123.95,123.95,121.5,15267018.0
640830,2022-10-12,131.35,131.1,132.0,129.1,9401804.0
640830,2022-10-27,131.8,130.75,132.2,130.3,13865026.0
640830,2022-12-07,140.65,140.8,141.75,140.1,9731670.0
640830,2022-12-16,147.2,148.35,150.5,147.0,20540447.0
640830,2022-12-22,142.25,145.0,145.15,141.55,9123323.0
640830,2022-12-27,144.8,142.1,145.4,142.1,8765357.0
640830,2023-02-06,143.5,141.7,144.2,141.6,6436143.0
640830,2023-02-23,154.65,153.7,156.2,153.25,18675946.0
640830,2023-03-14,153.3,155.8,156.85,153.05,7177342.0
640830,2023-03-15,152.55,154.0,154.45,151.8,9832270.0
640830,2023-03-29,149.35,147.25,150.85,146.5,24012834.0
640830,2023-04-05,152.9,156.75,157.35,152.55,15880397.0
640830,2023-05-25,166.0,166.25,167.4,165.25,8077606.0
640830,2023-07-05,162.8,162.0,164.4,161.35,8795342.0
640830,2023-08-08,173.35,172.9,173.8,172.6,3631238.0
640830,2022-02-16,168.55,164.5,168.9,164.5,15960268.0
640830,2022-05-02,156.35,158.15,159.25,155.9,23405519.0
640830,2022-05-12,156.5,159.0,161.0,154.0,21459069.0
640830,2022-05-16,153.5,154.2,156.25,151.8,13205775.0
640830,2022-07-13,124.45,122.45,124.9,121.4,27166975.0
640830,2022-08-12,139.2,133.9,139.7,133.5,40876891.0
640830,2022-08-29,135.9,134.2,136.6,133.75,9198908.0
640830,2022-09-01,134.7,135.0,136.25,134.15,20349294.0
640830,2022-09-12,134.0,135.0,135.4,133.6,13500202.0
640830,2022-09-16,131.25,131.1,132.0,130.0,20909579.0
640830,2022-09-29,126.65,123.5,128.2,123.5,20597761.0
640830,2022-10-17,127.8,127.0,128.2,126.0,9320940.0
640830,2022-12-14,147.6,144.35,148.6,144.1,17692988.0
640830,2023-01-30,144.9,147.5,148.85,143.25,12688399.0
640830,2023-02-03,144.3,143.5,145.35,140.1,9250428.0
640830,2023-02-16,155.9,150.0,156.45,148.4,30949761.0
640830,2023-04-13,158.75,158.15,160.5,158.0,11610851.0
640830,2023-04-27,160.05,160.2,160.9,159.6,6456825.0
640830,2023-05-02,164.25,159.5,164.8,159.35,16612560.0
640830,2023-05-11,167.05,166.1,168.65,166.1,7877677.0
640830,2023-07-04,161.2,162.5,162.9,160.0,5394282.0
640830,2023-07-06,165.4,162.8,165.8,162.55,9845699.0
640830,2023-07-14,169.25,169.0,169.75,168.2,9448062.0
640830,2023-07-31,177.05,172.8,177.5,171.4,9277749.0
640830,2023-08-04,173.35,173.35,174.45,172.1,4605271.0
640830,2023-08-07,172.95,174.3,174.5,172.1,2240015.0
640830,2023-08-14,178.0,180.0,180.45,177.35,12876956.0
640830,2023-08-18,175.3,177.65,177.65,174.15,6734650.0
640830,2022-05-18,163.2,162.0,164.5,160.2,12616832.0
640830,2022-09-02,132.75,134.7,135.75,132.3,17495310.0
640830,2022-09-21,130.9,132.2,133.2,130.05,11156865.0
640830,2022-10-21,131.55,129.35,133.4,128.75,11945173.0
640830,2022-11-15,142.35,140.0,143.35,140.0,24636519.0
640830,2022-11-17,143.2,141.95,143.8,141.7,13368536.0
640830,2022-11-23,136.5,135.55,136.65,134.55,9010911.0
640830,2022-11-29,140.25,140.05,141.1,139.5,13558920.0
640830,2022-12-15,147.45,147.65,148.85,146.65,11426194.0
640830,2023-02-02,143.45,143.0,145.0,140.65,11886667.0
640830,2023-02-09,146.2,144.65,146.4,143.2,8078404.0
640830,2023-03-20,152.3,153.0,154.15,151.6,8749355.0
640830,2023-04-28,158.95,159.8,159.8,154.85,12656744.0
640830,2023-05-17,167.25,168.0,168.0,166.1,7360259.0
640830,2023-08-03,172.1,175.25,175.8,171.5,6152393.0
640830,2023-08-23,175.4,177.0,177.2,175.0,1522624.0
640830,2022-01-17,165.85,162.5,168.2,162.3,32577835.0
640830,2022-02-11,168.15,167.95,170.5,167.1,12884995.0
640830,2022-03-04,165.25,170.1,171.0,163.85,32658756.0
640830,2022-03-24,177.45,178.9,180.4,176.5,20332589.0
640830,2022-04-01,167.95,163.9,168.25,163.55,28335224.0
640830,2022-04-05,171.85,170.25,172.75,169.3,20054934.0
640830,2022-04-06,172.8,170.6,173.5,170.3,12969222.0
640830,2022-04-11,171.2,171.0,172.75,169.55,9724979.0
640830,2022-04-20,175.5,176.9,177.35,174.8,10076403.0
640830,2022-05-10,154.45,160.45,161.65,152.9,22602956.0
640830,2022-06-02,152.45,147.8,152.9,146.0,25429955.0
640830,2022-08-16,139.95,139.5,141.9,136.1,31230003.0
640830,2022-08-22,131.9,134.5,134.5,129.8,31231393.0
640830,2022-11-28,139.6,139.5,141.2,139.05,8925344.0
640830,2023-01-31,144.9,145.15,147.9,144.25,19050398.0
640830,2023-02-20,154.85,157.2,157.8,154.4,8348393.0
640830,2023-03-01,154.8,152.0,155.1,151.85,7707977.0
640830,2023-03-21,151.55,153.15,153.75,150.95,6148489.0
640830,2023-03-28,147.2,150.25,150.25,146.65,8964539.0
640830,2023-04-12,157.65,159.0,159.05,156.6,7333339.0
640830,2023-06-06,153.65,155.5,155.9,153.2,8118800.0
640830,2023-06-09,154.25,156.7,156.9,153.8,11764248.0
640830,2023-07-24,171.0,171.65,172.25,170.25,8451631.0
640830,2022-03-14,171.8,174.0,175.5,170.6,20214021.0
640830,2022-03-25,175.8,178.5,179.25,175.1,13608989.0
640830,2022-04-08,170.9,169.0,171.3,168.7,9529874.0
640830,2022-06-01,149.75,151.2,152.9,148.75,22780094.0
640830,2022-06-14,155.95,159.55,160.55,155.3,12844437.0
640830,2022-06-16,143.55,149.15,151.55,142.6,25130676.0
640830,2022-06-23,134.8,134.0,136.4,132.2,26829020.0
640830,2022-07-25,129.8,132.0,132.45,128.4,21705935.0
640830,2022-07-26,128.2,130.85,131.6,127.75,22172845.0
640830,2022-10-04,133.9,134.9,135.0,131.8,14137567.0
640830,2022-10-20,129.6,127.0,131.0,125.8,18748363.0
640830,2022-10-24,132.8,133.0,134.0,132.4,2154912.0
640830,2022-10-25,130.75,132.45,132.9,129.85,10232002.0
640830,2022-11-21,135.45,136.0,136.35,134.4,16348881.0
640830,2022-12-02,140.9,141.85,144.8,140.55,24518337.0
640830,2022-12-12,142.35,140.0,142.5,139.2,8946335.0
640830,2022-12-23,139.8,140.6,143.5,139.3,8007752.0
640830,2023-01-04,146.25,148.8,148.85,145.0,13535874.0
640830,2023-01-16,147.6,147.7,147.8,146.0,9696320.0
640830,2023-02-14,148.45,148.65,149.2,147.0,6991500.0
640830,2023-02-15,147.5,149.0,149.4,145.5,12631259.0
640830,2023-03-03,154.25,154.0,155.7,153.45,8260104.0
640830,2023-03-08,158.25,156.55,158.85,156.4,7339476.0
640830,2023-03-09,156.3,159.05,159.15,156.05,5314022.0
640830,2023-03-31,151.05,150.1,153.0,150.05,7998472.0
640830,2023-04-06,150.6,153.2,153.45,150.4,10670936.0
640830,2023-04-19,160.1,158.3,160.45,158.05,11374283.0
640830,2023-05-26,163.75,166.05,167.4,162.3,14873707.0
640830,2023-06-08,156.1,154.5,156.65,154.2,13850599.0
640830,2022-02-18,167.9,171.2,171.75,166.7,11829998.0
640830,2022-02-24,156.65,160.75,162.4,156.0,28766189.0
640830,2022-03-29,171.0,174.95,175.2,170.55,14210783.0
640830,2022-04-25,169.65,171.0,173.0,168.3,12583497.0
640830,2022-05-20,161.9,161.65,163.8,160.1,7235654.0
640830,2022-05-23,155.1,161.75,164.2,154.65,18029557.0
640830,2022-05-24,150.65,157.4,157.75,150.15,19141394.0
640830,2022-06-09,165.55,166.0,167.35,164.5,31122996.0
640830,2022-06-29,154.15,149.35,157.4,146.2,165860322.0
640830,2022-06-30,151.55,153.0,154.45,149.25,38725546.0
640830,2022-08-01,138.4,134.1,139.0,133.2,20592826.0
640830,2022-08-19,134.6,137.5,138.5,134.05,35382493.0
640830,2022-10-18,128.7,128.45,129.1,127.6,6490293.0
640830,2022-11-02,136.45,135.85,139.2,135.35,21117499.0
640830,2022-11-10,139.85,137.5,140.85,137.4,15908521.0
640830,2022-11-18,141.75,143.15,143.25,140.2,19958908.0
640830,2022-12-01,140.05,141.45,142.0,139.8,27727625.0
640830,2022-12-06,142.45,142.85,143.15,141.15,10977472.0
640830,2023-01-05,146.5,145.85,147.0,144.15,16320559.0
640830,2023-01-10,149.35,148.6,150.3,148.6,18490715.0
640830,2023-01-11,146.8,149.5,150.0,146.25,12538238.0
640830,2023-01-12,146.15,147.7,148.25,145.75,13270422.0
640830,2023-02-07,144.65,143.9,144.95,142.2,8681511.0
640830,2023-02-10,146.7,146.15,147.0,144.8,6396208.0
640830,2023-03-02,154.05,154.5,155.05,152.65,8219892.0
640830,2023-03-06,158.2,154.7,159.7,153.55,14491522.0
640830,2023-03-10,155.8,155.6,156.7,154.2,4689681.0
640830,2023-04-17,160.15,159.1,160.45,158.0,9358885.0
640830,2023-04-25,160.65,160.2,161.8,160.0,10169778.0
640830,2023-06-19,157.8,157.9,158.45,156.5,4718221.0
640830,2023-06-27,157.85,158.85,158.85,157.35,9730174.0
640830,2023-08-09,176.9,173.35,177.25,173.3,4852294.0
640830,2023-08-11,177.2,178.9,179.7,176.7,4112277.0
640830,2022-03-03,170.3,168.3,171.8,162.9,42345653.0
640830,2022-07-07,123.5,121.25,124.15,121.25,36229792.0
640830,2022-09-14,133.2,132.45,134.1,132.0,8597956.0
640830,2022-10-19,127.8,128.7,128.7,127.4,7381712.0
640830,2022-10-31,134.05,134.4,135.2,132.8,8753855.0
640830,2022-11-30,141.1,139.6,141.8,139.6,17720938.0
640830,2022-12-20,145.85,145.5,146.2,143.1,6714207.0
640830,2023-01-13,146.95,146.4,147.5,145.9,8854484.0
640830,2023-02-27,155.25,154.0,156.05,153.0,11904749.0
640830,2023-06-13,155.65,155.2,156.2,154.25,10073644.0
640830,2023-06-15,157.65,157.5,157.9,156.2,7426254.0
640830,2023-07-19,166.75,167.2,167.95,166.1,5968174.0
640830,2022-02-14,166.2,168.9,176.35,165.2,44604164.0
640830,2022-02-28,160.65,160.5,161.85,155.8,20210070.0
640830,2022-03-02,162.95,165.65,168.35,161.9,41103406.0
640830,2022-04-22,174.0,174.15,176.3,173.7,10267952.0
640830,2022-05-05,164.85,164.2,168.4,163.4,26878516.0
640830,2022-06-08,163.4,163.5,166.4,162.1,45994327.0
640830,2022-07-11,125.5,121.5,125.9,121.05,31522017.0
640830,2022-07-22,132.45,133.8,133.8,131.55,11630255.0
640830,2022-08-18,135.55,138.25,138.3,134.7,42597708.0
640830,2022-08-30,138.6,137.9,139.85,137.55,21720398.0
640830,2022-10-06,132.65,136.5,136.55,132.4,14570735.0
640830,2022-11-03,136.4,136.4,136.7,135.25,7561534.0
640830,2022-11-25,140.55,139.0,141.3,137.75,9789098.0
640830,2022-12-28,143.9,143.45,144.65,142.7,9534858.0
640830,2023-01-23,152.35,152.55,153.1,151.35,16742252.0
640830,2023-04-18,160.1,160.15,160.55,159.4,8008560.0
640830,2023-04-21,159.6,158.9,159.85,158.7,3512214.0
640830,2023-05-04,161.0,160.8,161.2,159.2,9929482.0
640830,2023-06-01,153.65,154.7,156.0,153.2,13982606.0
640830,2023-06-14,157.85,156.1,158.4,155.85,9695952.0
640830,2023-07-10,162.75,163.9,165.4,162.5,5437687.0
640830,2023-08-02,175.95,177.0,178.65,174.0,8975495.0
640830,2023-08-16,179.05,176.3,179.45,175.8,8371665.0
640830,2022-01-21,163.65,165.3,166.4,162.3,8625926.0
640830,2022-01-25,165.15,163.0,166.7,163.0,14249846.0
640830,2022-01-28,168.8,167.55,174.7,166.25,32790065.0
640830,2022-02-08,166.95,172.0,173.0,166.5,13231599.0
640830,2022-02-23,160.75,166.25,166.4,159.65,21301826.0
640830,2022-03-15,163.75,168.3,169.5,161.65,42333127.0
640830,2022-03-22,175.45,176.2,181.25,173.8,39742745.0
640830,2022-05-06,166.95,163.9,167.4,161.1,16768573.0
640830,2022-06-15,151.4,156.95,157.25,150.8,16223385.0
640830,2022-07-01,131.05,148.95,151.15,130.0,125788305.0
640830,2022-07-05,127.4,127.0,128.6,126.0,44595740.0
640830,2022-07-08,121.5,126.35,126.35,121.0,42778692.0
640830,2022-07-28,130.25,130.4,130.5,128.25,25736737.0
640830,2022-07-29,134.15,130.45,134.5,129.9,19738642.0
640830,2022-09-08,131.85,131.65,134.15,131.5,14629497.0
640830,2022-11-11,140.45,140.6,141.3,139.2,18492513.0
640830,2022-11-16,142.9,142.8,143.3,141.2,11460200.0
640830,2022-12-08,142.65,141.25,143.0,140.35,10150945.0
640830,2022-12-29,144.65,142.75,146.0,142.5,36752195.0
640830,2023-01-03,149.55,149.7,150.6,148.0,14991139.0
640830,2023-01-17,147.85,148.3,149.0,146.65,18484595.0
640830,2023-01-19,151.75,148.05,152.1,148.05,18437610.0
640830,2023-02-08,143.9,145.4,145.9,143.15,10325869.0
640830,2023-02-22,153.6,154.25,154.5,151.7,9599697.0
640830,2023-02-24,155.0,151.75,155.35,149.75,14648507.0
640830,2023-05-08,165.0,160.3,165.35,160.0,9699470.0
640830,2023-06-22,158.95,160.2,160.95,157.5,10629027.0
640830,2023-06-23,156.9,159.0,159.0,155.4,8722650.0
640830,2023-06-30,160.3,161.0,161.0,158.95,7840112.0
640830,2023-07-13,167.8,168.65,169.3,167.2,11350009.0
640830,2023-08-10,178.65,178.1,179.75,176.9,10430692.0
640830,2023-08-22,176.15,176.05,177.9,175.6,5348036.0
640830,2022-02-01,170.95,174.0,174.9,168.5,14220953.0
640830,2022-01-18,163.85,168.3,168.4,163.4,11175409.0
640830,2022-02-22,164.95,166.5,166.5,163.25,29399172.0
640830,2022-06-10,164.65,164.0,166.65,163.35,17812698.0
640830,2022-07-04,126.0,129.95,129.95,124.1,85993413.0
640830,2022-07-27,128.6,129.1,130.2,127.8,20187969.0
640830,2022-08-03,135.65,136.0,138.45,133.8,15853543.0
640830,2022-08-26,136.65,136.5,138.25,136.1,12105053.0
640830,2022-09-07,132.5,131.0,132.95,130.05,12042788.0
640830,2022-09-13,133.9,134.2,135.15,133.5,10846178.0
640830,2022-09-15,132.6,133.6,134.4,132.0,10810473.0
640830,2022-09-23,128.6,128.25,129.1,127.5,10407849.0
640830,2022-10-10,133.25,133.0,134.0,132.2,10183057.0
640830,2022-11-01,135.15,134.1,135.7,134.1,11630848.0
640830,2022-11-07,138.55,138.55,139.0,136.75,9987481.0
640830,2022-11-24,139.45,136.5,140.0,135.5,11803087.0
640830,2022-12-21,143.5,146.5,146.8,142.7,10011408.0
640830,2023-01-18,149.25,148.25,149.75,148.2,12139643.0
640830,2023-04-03,153.65,154.5,157.85,153.1,20016785.0
640830,2023-06-12,155.05,154.85,155.25,152.6,11017643.0
640830,2023-07-17,166.4,167.8,168.4,166.15,4968847.0
640830,2023-07-21,170.55,167.35,171.0,166.5,7842863.0
640830,2023-08-17,177.75,178.7,179.1,177.1,5199363.0
640830,2022-02-03,167.5,170.0,171.25,166.0,12529302.0
640830,2022-03-09,175.4,183.0,183.8,173.85,51977091.0
640830,2022-03-16,167.3,166.0,167.85,161.85,25545119.0
640830,2022-03-31,163.9,161.85,165.25,161.15,33523683.0
640830,2022-05-30,144.05,145.65,147.3,141.15,40261336.0
640830,2022-06-20,134.4,138.6,138.9,130.0,28656582.0
640830,2022-06-22,134.85,136.95,136.95,131.0,31824106.0
640830,2022-06-27,141.5,140.0,142.6,137.25,24188349.0
640830,2022-06-28,149.35,142.8,151.75,142.15,54387675.0
640830,2022-07-06,120.95,123.0,123.5,119.85,59092334.0
640830,2022-08-10,133.8,136.4,136.75,133.45,15829467.0
640830,2022-11-22,135.2,134.95,135.9,132.9,11198874.0
640830,2022-12-05,143.75,141.5,143.95,140.6,18440387.0
640830,2022-12-26,141.3,140.5,142.85,139.5,7150680.0
640830,2023-01-24,152.15,152.35,153.2,151.6,8276792.0
640830,2023-01-27,147.65,152.45,154.15,146.6,13052535.0
640830,2023-02-01,144.25,145.8,146.0,142.35,11526089.0
640830,2023-02-13,148.15,147.45,148.8,146.6,6563018.0
640830,2023-02-28,152.05,154.15,155.45,151.2,17607584.0
640830,2023-03-23,152.8,151.1,153.15,150.3,4484564.0
640830,2023-05-09,165.25,165.0,166.5,164.4,7600834.0
640830,2023-05-18,166.35,167.5,168.45,166.0,7433090.0
640830,2023-05-22,165.6,164.1,166.4,164.1,7331865.0
640830,2023-05-30,158.85,159.7,161.7,157.25,16117505.0
640830,2023-06-21,160.2,157.0,160.55,156.6,8284206.0
640830,2023-06-26,156.9,157.0,158.25,155.85,4273205.0
640830,2023-07-12,167.65,165.95,169.0,165.25,15614026.0
640830,2023-07-25,173.0,172.0,173.35,171.3,10480578.0
