stockid,date,close,open,high,low,volume
142544,2021-01-04,80.9,81.05,81.8,79.0,5625709.0
142544,2021-01-06,78.4,79.0,80.85,77.2,5918487.0
142544,2021-01-15,80.55,83.9,84.9,80.2,6593867.0
142544,2021-01-19,87.15,81.0,87.9,81.0,24075941.0
142544,2021-02-08,86.2,83.3,87.7,82.0,9397644.0
142544,2021-02-26,89.25,90.5,92.8,87.3,12158174.0
142544,2021-03-04,115.85,103.0,119.5,102.0,31634884.0
142544,2021-03-16,99.55,101.0,106.1,98.55,16124659.0
142544,2021-01-12,85.15,83.7,88.75,83.4,9914747.0
142544,2021-01-13,83.75,85.45,86.65,81.55,8786802.0
142544,2021-02-03,81.85,79.8,82.6,78.2,5253710.0
142544,2021-03-15,100.3,105.0,108.45,96.7,19057693.0
142544,2021-03-19,92.75,89.95,93.9,85.3,10901099.0
142544,2021-01-14,83.8,83.75,85.85,83.1,5297595.0
142544,2021-01-27,78.75,77.4,80.5,76.1,5672011.0
142544,2021-01-01,80.65,81.35,83.25,80.0,6193754.0
142544,2021-01-29,74.45,77.0,78.2,73.8,4530531.0
142544,2021-03-09,114.0,115.9,117.8,109.0,15758790.0
142544,2021-01-18,78.1,80.85,81.7,77.6,5122556.0
142544,2021-01-11,84.4,86.6,87.35,83.45,7676370.0
142544,2021-02-12,81.9,84.2,84.85,81.45,3321776.0
142544,2021-03-10,114.95,115.0,118.0,111.5,12477143.0
142544,2021-01-05,78.9,80.15,80.9,77.5,6031441.0
142544,2021-01-07,89.55,82.0,91.75,81.2,52130617.0
142544,2021-02-16,85.1,81.55,87.2,81.3,5455611.0
142544,2021-03-02,99.8,95.0,102.5,94.55,16205769.0
142544,2021-01-20,84.75,86.8,88.8,84.1,8632923.0
142544,2021-02-09,86.3,86.5,88.6,84.35,9670533.0
142544,2021-03-17,91.6,99.9,101.95,90.7,13128416.0
142544,2021-03-22,89.5,93.2,95.9,88.4,12214149.0
142544,2021-01-28,76.2,77.85,78.7,75.5,3574088.0
142544,2021-02-01,80.35,74.95,80.85,73.6,8206537.0
142544,2021-02-19,81.65,83.6,85.75,80.4,6717766.0
142544,2021-02-25,92.8,86.0,95.35,86.0,30306966.0
142544,2021-03-18,91.2,93.3,96.4,90.0,11382345.0
142544,2021-02-05,82.55,84.7,85.4,80.6,4281453.0
142544,2021-03-12,104.15,115.0,115.8,103.0,14490006.0
142544,2021-02-10,84.8,86.3,87.45,83.6,4036738.0
142544,2021-02-23,82.75,81.7,83.75,81.3,3966380.0
142544,2021-03-05,120.1,116.45,124.85,112.1,19518704.0
142544,2021-01-21,81.65,85.1,85.85,81.05,4824808.0
142544,2021-01-22,78.45,81.25,82.5,76.65,6832613.0
142544,2021-02-02,79.05,81.0,84.35,78.5,7009838.0
142544,2021-02-04,84.0,82.0,85.9,80.5,8368351.0
142544,2021-02-11,83.85,84.7,86.3,83.5,3100687.0
142544,2021-02-17,82.35,84.1,84.9,81.9,3820782.0
142544,2021-03-03,105.25,100.95,107.75,97.2,19366197.0
142544,2021-03-08,115.1,121.35,125.5,114.15,12397915.0
142544,2021-01-25,77.35,79.2,80.55,76.1,4628174.0
142544,2021-02-22,80.85,81.85,83.1,79.55,3409209.0
142544,2021-01-08,86.45,90.45,91.5,85.55,20735803.0
142544,2021-02-15,81.25,82.45,83.2,81.0,2634697.0
142544,2021-02-18,83.75,82.95,85.35,82.15,4507246.0
142544,2021-03-01,94.2,90.75,97.85,88.7,16467898.0
142544,2021-02-24,83.15,83.25,84.6,82.45,2752656.0
142544,2021-05-03,79.2,76.5,81.2,76.3,6054822.0
142544,2021-04-28,80.1,82.15,83.9,79.8,7968171.0
142544,2021-04-08,84.65,85.5,86.7,83.5,6750052.0
142544,2021-03-23,90.15,90.0,93.5,89.45,13149456.0
142544,2021-07-02,112.3,115.65,116.2,111.75,8904876.0
142544,2021-04-07,84.6,82.05,87.0,82.0,12356943.0
142544,2021-03-31,81.1,80.5,83.35,78.6,15266591.0
142544,2021-05-21,92.15,92.8,96.4,90.1,15391404.0
142544,2021-06-21,112.9,105.0,114.7,104.5,12310862.0
142544,2021-06-24,121.6,117.65,125.2,117.1,34792651.0
142544,2021-06-29,115.1,113.45,117.7,112.65,13220546.0
142544,2021-07-01,115.05,118.7,119.4,114.25,9150246.0
142544,2021-07-05,118.8,113.45,119.7,112.2,21340795.0
142544,2021-07-07,119.7,117.65,120.9,116.45,13866419.0
142544,2021-08-09,142.65,145.25,149.4,141.05,7439882.0
142544,2021-08-16,153.75,150.45,159.0,148.05,14055915.0
142544,2021-09-14,139.8,142.25,144.0,137.55,8930014.0
142544,2021-09-15,137.65,140.15,142.0,136.6,5176433.0
142544,2021-09-22,145.2,134.2,148.35,133.05,23878994.0
142544,2021-09-28,144.6,151.75,152.65,140.8,11306345.0
142544,2021-11-12,189.6,182.5,191.7,176.1,15345250.0
142544,2021-11-22,162.1,174.7,177.65,159.35,16600806.0
142544,2021-11-29,165.85,167.7,174.5,162.0,15910905.0
142544,2021-11-30,167.6,167.5,176.5,166.4,14800346.0
142544,2021-12-01,172.05,170.55,175.2,165.15,15807657.0
142544,2021-12-07,171.7,169.2,173.7,168.8,10179240.0
142544,2021-12-24,161.25,160.8,163.25,156.4,9385046.0
142544,2022-01-27,141.9,139.4,146.5,137.45,17017499.0
142544,2022-01-28,143.25,143.4,147.65,142.55,7225838.0
142544,2022-01-31,143.85,144.8,146.5,143.15,5241841.0
142544,2022-02-15,127.5,126.5,128.85,120.6,11481123.0
142544,2022-02-17,124.15,128.65,129.35,123.5,6602491.0
142544,2022-03-30,102.9,103.3,106.0,102.45,9739247.0
142544,2022-07-04,61.0,61.7,62.7,60.25,4999082.0
142544,2022-07-22,71.9,71.5,72.6,71.05,6762054.0
142544,2022-11-09,78.45,77.4,79.55,77.15,5644228.0
142544,2022-11-10,78.1,77.55,78.85,77.25,4274054.0
142544,2022-11-15,82.75,83.2,84.9,82.15,9557952.0
142544,2022-12-15,84.1,84.55,85.75,83.75,6053095.0
142544,2022-12-26,78.0,74.7,79.2,74.2,5569011.0
142544,2023-02-13,60.35,63.85,63.85,60.0,7426463.0
142544,2023-02-22,52.95,54.0,54.95,52.55,5432053.0
142544,2023-02-23,52.95,53.25,54.35,51.3,7246787.0
142544,2023-02-27,60.9,60.0,62.85,59.85,19705212.0
142544,2023-03-21,55.95,56.3,56.9,55.6,3752508.0
142544,2023-04-03,50.5,49.3,50.85,48.95,8701024.0
142544,2023-04-06,54.75,54.2,55.9,53.55,11325123.0
142544,2023-04-24,63.5,57.5,65.0,56.9,54103208.0
142544,2023-05-17,55.85,56.9,57.8,55.45,3695072.0
142544,2023-06-01,67.15,66.8,69.2,66.1,8487100.0
142544,2023-06-16,61.9,62.3,63.0,61.1,8342076.0
142544,2023-06-22,60.05,60.95,61.75,59.55,6008437.0
142544,2023-07-31,69.2,69.1,71.05,68.7,10519586.0
142544,2023-08-17,63.9,64.0,65.8,63.65,6326505.0
142544,2021-04-19,73.95,75.5,76.3,72.5,5947172.0
142544,2021-04-22,79.8,75.25,81.65,74.7,11957533.0
142544,2021-04-27,81.5,81.9,82.9,81.05,4182029.0
142544,2021-06-09,105.2,107.5,112.7,102.65,21314552.0
142544,2021-06-14,109.6,109.2,111.5,105.0,11660614.0
142544,2021-07-30,151.3,152.55,154.8,149.5,5976626.0
142544,2021-09-24,150.65,154.7,161.0,149.35,19096501.0
142544,2021-10-05,154.85,156.4,158.2,153.05,9320644.0
142544,2021-10-06,147.6,155.5,156.7,146.7,10186745.0
142544,2021-11-09,191.05,190.45,195.9,187.7,20040324.0
142544,2021-11-18,173.4,180.15,181.55,172.1,11704089.0
142544,2022-01-12,173.7,173.2,177.5,172.3,12887975.0
142544,2022-01-13,169.1,173.95,173.95,168.55,7135089.0
142544,2022-03-16,108.65,107.95,111.0,105.6,12267646.0
142544,2022-05-05,81.95,82.5,83.3,81.1,7585192.0
142544,2022-05-23,74.95,74.0,80.9,73.9,18424135.0
142544,2022-07-12,63.7,64.05,64.5,63.2,4961590.0
142544,2023-01-20,75.5,76.95,77.05,75.1,3146375.0
142544,2023-02-01,69.65,72.6,74.45,68.9,6621853.0
142544,2023-03-02,59.4,59.6,60.75,58.7,7812597.0
142544,2023-03-15,56.45,58.05,58.9,55.8,6649876.0
142544,2023-03-28,46.95,49.5,49.75,46.2,9855999.0
142544,2023-05-18,54.65,56.2,56.6,53.65,4163504.0
142544,2023-05-31,67.25,62.5,67.95,62.5,14552497.0
142544,2023-07-19,65.7,66.8,67.25,65.45,7481238.0
142544,2023-08-02,67.5,68.3,71.8,65.8,21298565.0
142544,2023-08-16,63.9,64.55,64.55,63.3,4751625.0
142544,2021-05-31,101.8,97.9,103.9,96.25,13798075.0
142544,2021-06-16,108.7,110.5,111.4,107.0,8514574.0
142544,2021-07-12,138.2,121.0,140.2,120.7,108175367.0
142544,2021-08-06,143.45,144.1,148.6,142.0,5916487.0
142544,2021-08-18,144.5,150.5,151.4,142.6,7603361.0
142544,2021-09-30,149.95,146.4,153.35,145.7,10268442.0
142544,2021-10-14,164.1,152.45,166.6,151.75,32913771.0
142544,2021-10-29,151.8,151.65,155.2,148.35,6965023.0
142544,2021-12-03,170.8,173.2,178.4,170.0,13921583.0
142544,2021-12-08,170.1,173.4,175.0,169.4,6796218.0
142544,2021-12-21,157.8,151.2,159.5,151.2,13149711.0
142544,2022-01-25,150.45,146.5,153.05,143.65,9501288.0
142544,2022-02-03,145.45,146.45,150.5,144.6,8530183.0
142544,2022-04-07,113.1,116.0,119.85,111.8,15759726.0
142544,2022-04-13,108.6,110.0,111.7,107.95,13110256.0
142544,2022-04-19,97.1,103.25,103.9,94.8,16843330.0
142544,2022-05-06,78.95,80.0,80.0,77.0,9086342.0
142544,2022-05-16,73.05,71.5,73.8,69.3,10184447.0
142544,2022-05-17,75.7,73.9,76.25,72.7,7024243.0
142544,2022-06-08,71.95,72.4,73.65,70.75,10510474.0
142544,2022-06-30,60.95,63.9,64.2,60.5,6621951.0
142544,2022-07-05,61.35,61.6,63.25,60.8,5812921.0
142544,2022-09-05,90.35,87.6,92.1,87.2,12548066.0
142544,2022-09-23,76.5,78.55,79.25,75.75,5378206.0
142544,2022-11-03,79.75,79.25,81.25,78.8,6233463.0
142544,2022-11-04,78.2,80.75,80.95,77.55,8902439.0
142544,2023-01-31,72.25,69.5,73.95,69.15,4596587.0
142544,2023-02-07,64.0,66.3,66.3,63.65,5872814.0
142544,2023-03-09,63.9,64.2,64.7,63.1,5329573.0
142544,2023-04-26,70.75,67.0,71.45,66.5,24497880.0
142544,2023-05-02,73.25,73.2,75.8,72.8,8187870.0
142544,2023-05-24,62.85,57.55,65.4,57.3,27222977.0
142544,2023-06-07,67.1,67.4,67.85,66.55,4786056.0
142544,2023-07-14,61.55,61.9,62.25,61.0,3670510.0
142544,2023-08-08,68.25,69.95,70.3,68.0,5585819.0
142544,2021-07-16,143.05,142.0,144.6,136.7,36658509.0
142544,2021-07-23,170.15,164.0,171.7,158.2,23903101.0
142544,2021-08-02,157.6,152.7,162.9,151.2,15402234.0
142544,2021-08-23,135.4,140.3,142.65,131.6,7009846.0
142544,2021-08-24,141.6,136.0,142.5,134.0,7041250.0
142544,2021-09-07,143.5,147.3,147.4,142.25,5023840.0
142544,2021-10-07,150.1,149.55,154.4,149.5,10390429.0
142544,2021-10-12,152.35,149.5,154.0,148.1,8438585.0
142544,2021-10-18,174.45,182.0,186.0,172.5,29862107.0
142544,2021-10-22,162.8,163.0,168.0,158.0,13362186.0
142544,2021-12-20,147.8,155.5,155.5,143.6,15295099.0
142544,2021-12-29,160.8,158.45,162.7,156.8,8453946.0
142544,2022-02-04,146.05,146.1,148.2,144.5,5511855.0
142544,2022-02-11,139.0,141.0,141.85,138.3,4042760.0
142544,2022-02-22,113.65,105.0,118.7,105.0,73709081.0
142544,2022-02-23,114.8,116.2,118.75,113.2,18932673.0
142544,2022-03-10,106.75,110.2,112.1,105.6,12662662.0
142544,2022-04-12,109.1,114.0,114.5,108.2,10658786.0
142544,2022-04-21,98.55,100.95,101.25,98.0,7169889.0
142544,2022-05-09,78.6,78.5,82.0,76.6,11926200.0
142544,2022-06-03,75.4,74.85,80.0,74.4,34944866.0
142544,2022-06-22,62.95,63.0,66.15,62.6,9728181.0
142544,2022-07-13,64.35,64.15,65.25,63.1,5836067.0
142544,2022-07-28,73.2,72.4,75.0,71.85,10960069.0
142544,2022-08-03,71.15,73.4,73.6,70.0,6184810.0
142544,2022-08-10,69.4,71.5,72.25,68.7,5603034.0
142544,2022-09-21,76.7,75.3,77.7,74.8,8804191.0
142544,2022-09-22,78.7,76.4,79.3,76.2,8706098.0
142544,2022-10-07,77.85,79.2,80.75,76.7,8997910.0
142544,2022-11-17,81.3,82.0,82.6,80.3,4240210.0
142544,2022-12-13,82.9,83.7,84.2,82.4,5279137.0
142544,2022-12-22,78.55,82.0,82.55,77.55,7228013.0
142544,2023-01-23,73.9,75.9,76.0,73.6,3536575.0
142544,2023-03-13,59.5,63.35,63.55,58.7,7554516.0
142544,2023-04-17,57.1,57.25,58.25,56.55,6482574.0
142544,2023-05-04,71.75,71.6,72.8,71.25,3029053.0
142544,2023-05-23,57.85,57.05,59.15,56.95,7621960.0
142544,2023-06-19,61.65,62.5,62.75,61.15,4187469.0
142544,2023-07-21,66.55,66.5,68.0,66.05,7493390.0
142544,2021-04-15,78.1,79.0,79.7,76.5,4211760.0
142544,2021-04-29,77.9,80.9,81.7,77.4,5568774.0
142544,2021-05-19,84.5,83.4,86.5,82.9,5818374.0
142544,2021-06-17,108.15,107.0,114.2,106.05,18380147.0
142544,2021-07-09,120.2,117.35,121.0,116.2,14563869.0
142544,2021-07-27,156.25,161.5,164.5,148.5,15378961.0
142544,2021-08-10,135.65,142.65,146.0,129.15,9856418.0
142544,2021-08-17,149.85,156.65,162.3,148.65,16602721.0
142544,2021-08-30,139.4,136.7,141.5,136.2,6700346.0
142544,2021-09-02,145.05,143.95,149.0,141.9,10261770.0
142544,2021-09-20,127.3,131.1,134.25,125.5,8660819.0
142544,2021-11-15,186.95,190.95,191.6,184.65,8230509.0
142544,2021-11-23,174.05,161.0,176.4,160.8,17366983.0
142544,2021-12-09,169.2,171.05,171.7,168.3,6860971.0
142544,2022-01-03,162.5,159.05,163.8,159.0,9275063.0
142544,2022-01-04,158.85,163.0,163.45,157.55,5828847.0
142544,2022-04-18,102.4,104.3,105.0,102.0,13952240.0
142544,2022-05-13,70.7,76.3,76.7,70.1,10121943.0
142544,2022-06-02,73.95,71.5,74.4,71.45,9640071.0
142544,2022-09-02,87.15,88.75,89.35,86.4,6845752.0
142544,2022-09-26,72.6,75.35,75.55,70.9,8029456.0
142544,2022-10-13,74.45,77.0,77.45,72.1,6425293.0
142544,2022-10-20,75.7,74.3,76.3,73.9,4264635.0
142544,2022-12-19,86.05,84.35,86.9,83.8,7877769.0
142544,2022-12-29,80.55,79.9,81.3,79.25,4805902.0
142544,2023-01-02,83.25,81.35,83.9,81.1,5703734.0
142544,2023-01-24,72.55,74.4,74.65,72.05,3022041.0
142544,2023-02-15,57.85,55.65,59.3,55.6,14092504.0
142544,2023-03-10,63.0,63.0,63.85,62.2,5959009.0
142544,2023-03-14,57.45,59.2,59.5,56.55,7922623.0
142544,2023-03-24,51.6,54.55,54.6,51.15,7032836.0
142544,2023-03-29,47.85,47.05,48.85,45.9,16017113.0
142544,2023-04-18,58.2,57.4,58.9,56.9,9126466.0
142544,2023-06-05,69.65,70.95,71.3,69.4,7656625.0
142544,2023-06-20,60.4,61.65,62.2,60.25,6070475.0
142544,2023-07-20,67.1,65.9,68.9,65.5,12798077.0
142544,2023-08-10,66.15,67.4,68.3,65.65,6773189.0
142544,2021-04-12,77.1,82.75,82.75,74.7,10877902.0
142544,2021-05-10,85.45,79.45,88.55,78.65,17175534.0
142544,2021-07-14,132.2,135.45,137.0,131.25,16465143.0
142544,2021-07-19,159.3,142.4,162.9,141.0,80473782.0
142544,2021-09-06,146.6,146.7,149.25,143.5,8641044.0
142544,2021-09-23,154.15,146.8,157.0,146.35,29188716.0
142544,2021-11-25,177.3,177.4,179.5,174.05,8589400.0
142544,2021-12-02,172.5,172.5,174.45,168.2,9944063.0
142544,2022-01-10,170.9,167.1,171.8,166.35,13257426.0
142544,2022-01-14,169.65,168.0,174.25,167.65,10204896.0
142544,2022-01-24,146.35,158.5,160.5,143.7,13564396.0
142544,2022-02-14,124.45,135.1,135.9,123.0,11687500.0
142544,2022-02-21,103.1,120.0,120.0,99.5,39095152.0
142544,2022-03-08,101.75,100.15,102.85,96.75,12518418.0
142544,2022-03-14,103.7,106.3,106.95,103.0,8553383.0
142544,2022-03-21,107.95,112.0,112.0,107.25,8383042.0
142544,2022-03-29,101.95,102.0,104.45,100.8,16265262.0
142544,2022-05-24,72.05,75.7,75.9,71.65,6267482.0
142544,2021-09-09,144.05,148.15,148.9,143.1,6699815.0
142544,2022-05-25,69.65,72.5,73.45,69.0,6121120.0
142544,2021-10-13,151.05,152.9,157.0,149.35,11163130.0
142544,2022-06-14,67.75,65.6,68.4,64.85,11529059.0
142544,2022-06-15,65.1,68.4,68.7,64.8,8908364.0
142544,2021-12-15,172.8,175.35,178.45,172.0,10363479.0
142544,2022-06-16,62.65,66.45,66.7,61.8,8391837.0
142544,2021-12-22,160.95,160.0,164.2,159.1,7633978.0
142544,2022-06-24,65.4,64.9,66.4,64.5,8286393.0
142544,2022-07-21,71.4,71.6,73.3,70.55,12780775.0
142544,2021-12-28,158.45,158.0,161.9,157.0,6675447.0
142544,2022-09-09,86.55,90.8,90.85,86.0,16016369.0
142544,2021-12-31,157.7,157.5,160.6,156.75,5699165.0
142544,2022-03-23,104.2,107.0,107.65,103.9,8449964.0
142544,2022-09-14,83.3,83.6,85.15,83.05,7552523.0
142544,2022-04-04,117.75,112.6,120.9,111.0,27175317.0
142544,2022-10-06,79.4,79.5,82.35,78.7,11515753.0
142544,2022-05-20,73.75,75.3,75.75,73.1,7199836.0
142544,2022-10-10,76.15,76.8,77.25,75.25,5820139.0
142544,2022-06-21,63.75,60.75,64.65,60.75,6326215.0
142544,2022-10-11,74.0,76.55,77.2,73.5,5162250.0
142544,2022-12-08,90.25,91.7,94.0,89.25,15489138.0
142544,2022-07-29,72.6,73.6,74.0,72.05,6282197.0
142544,2022-08-17,76.5,78.0,79.35,76.1,14969136.0
142544,2022-12-30,81.1,81.2,83.45,80.55,6743385.0
142544,2023-02-16,58.05,58.0,58.65,57.3,5696610.0
142544,2022-08-22,78.3,80.3,81.05,77.65,9658549.0
142544,2023-03-17,57.3,57.55,58.65,56.6,5404880.0
142544,2023-05-05,68.3,71.5,71.85,68.0,4723708.0
142544,2022-09-16,76.75,81.75,82.65,76.5,12399968.0
142544,2023-05-08,69.25,68.65,70.4,68.45,2888610.0
142544,2023-06-02,70.5,67.6,70.9,67.1,14344388.0
142544,2022-10-28,78.5,78.05,80.6,77.45,8703631.0
142544,2023-06-21,60.55,61.0,63.95,60.3,11191443.0
142544,2022-11-23,81.25,81.0,82.2,80.4,6010914.0
142544,2022-11-28,84.0,82.0,84.9,81.75,9568131.0
142544,2023-08-01,68.5,69.5,69.6,67.65,7699128.0
142544,2023-08-09,67.15,68.7,68.75,66.5,8438906.0
142544,2022-12-28,80.4,80.25,81.9,79.55,4700132.0
142544,2023-08-18,63.4,64.15,64.55,63.2,4219167.0
142544,2023-03-08,64.1,61.3,64.4,60.65,10051093.0
142544,2023-03-31,48.9,48.4,52.0,48.4,17032260.0
142544,2023-04-19,57.7,58.2,58.45,57.25,4957176.0
142544,2023-05-19,54.9,55.3,55.45,54.0,2480273.0
142544,2023-06-14,63.45,65.35,65.75,63.3,8636464.0
142544,2023-06-15,61.9,63.8,64.25,61.65,6346843.0
142544,2023-07-03,60.75,60.4,61.4,60.3,4781708.0
142544,2023-08-11,64.15,65.2,66.0,63.75,8011670.0
142544,2023-08-23,63.9,63.85,64.25,63.75,898126.0
142544,2021-03-24,84.45,89.9,91.85,84.0,13441813.0
142544,2021-04-16,79.35,78.15,82.4,78.15,7982525.0
142544,2021-05-05,77.45,78.3,79.65,76.0,7275823.0
142544,2021-05-28,97.9,100.65,102.5,97.15,10686555.0
142544,2021-06-25,116.25,122.0,124.85,114.75,16575656.0
142544,2021-10-26,158.45,154.1,161.0,153.45,8428605.0
142544,2021-12-17,157.15,169.0,169.45,155.25,16738339.0
142544,2021-12-30,156.8,161.3,161.65,156.2,4896941.0
142544,2022-01-17,167.25,170.0,171.25,165.8,9136056.0
142544,2022-01-18,163.35,168.0,170.8,162.25,10427642.0
142544,2022-04-05,116.3,118.3,118.4,114.1,16426324.0
142544,2022-04-08,111.9,113.75,113.95,108.35,21816256.0
142544,2022-04-29,89.3,91.3,92.8,88.5,7953424.0
142544,2022-05-11,71.65,77.0,77.45,68.4,19655111.0
142544,2022-05-27,73.5,72.75,74.4,69.25,12991930.0
142544,2022-06-06,75.05,75.5,76.05,72.9,7347664.0
142544,2022-06-23,63.95,63.1,64.4,62.5,5681278.0
142544,2022-07-08,62.3,64.0,64.4,61.65,5855947.0
142544,2022-07-26,70.1,69.9,72.2,68.55,8393745.0
142544,2022-09-19,76.2,77.15,80.4,75.7,11999887.0
142544,2022-09-29,72.35,73.05,74.7,71.8,5602679.0
142544,2022-10-04,78.9,75.25,79.4,75.25,10510170.0
142544,2022-11-18,86.8,81.5,87.75,78.75,19456697.0
142544,2022-12-16,84.1,83.9,84.9,82.8,5606515.0
142544,2023-01-10,76.35,77.4,77.75,75.45,4012461.0
142544,2023-01-13,77.15,77.1,77.6,76.6,5690599.0
142544,2023-02-21,54.25,54.2,54.95,52.75,6068709.0
142544,2023-02-24,59.5,53.4,60.65,53.3,37155572.0
142544,2023-03-01,59.9,57.7,60.95,57.7,9756055.0
142544,2023-03-23,54.65,55.6,56.0,54.5,4528634.0
142544,2023-03-27,49.35,52.0,52.4,48.75,10523513.0
142544,2023-04-05,54.0,50.9,54.45,50.2,17486844.0
142544,2023-05-09,55.4,68.95,68.95,55.4,39339411.0
142544,2023-05-22,57.05,54.75,58.35,54.55,6854161.0
142544,2023-05-25,64.85,63.0,65.5,62.2,14490898.0
142544,2023-05-30,66.45,66.9,68.35,65.8,6139901.0
142544,2023-06-06,67.0,69.7,70.1,66.6,6201693.0
142544,2023-06-12,64.4,65.75,66.45,63.95,3610774.0
142544,2023-06-23,59.25,60.4,60.6,58.65,4682460.0
142544,2023-07-18,66.55,68.7,69.4,66.15,14332682.0
142544,2023-08-14,64.9,64.0,65.75,62.3,7751233.0
142544,2021-03-25,82.65,84.95,85.2,81.4,12478099.0
142544,2021-05-27,100.45,102.5,102.8,98.65,12418120.0
142544,2021-04-05,84.15,88.15,88.15,82.7,8277681.0
142544,2021-04-06,81.4,85.0,86.3,80.6,12470429.0
142544,2021-04-09,85.4,84.65,87.75,84.5,6429222.0
142544,2021-05-14,81.35,85.5,86.7,79.7,6926342.0
142544,2021-09-13,141.3,143.25,144.7,139.3,7497561.0
142544,2021-10-01,152.35,147.75,153.45,147.75,12508856.0
142544,2021-10-11,150.0,149.3,153.7,148.6,7500457.0
142544,2021-11-10,184.6,188.65,192.7,184.0,9541362.0
142544,2022-01-05,162.1,158.7,163.0,157.3,8888820.0
142544,2022-02-02,146.45,147.45,149.5,145.3,7023290.0
142544,2022-02-07,144.3,146.25,147.4,143.65,5321260.0
142544,2022-03-02,105.4,105.7,107.7,104.15,10100299.0
142544,2022-09-13,85.1,86.25,87.0,84.55,6424392.0
142544,2022-10-14,73.25,76.0,76.8,72.85,5284892.0
142544,2022-10-19,75.1,73.5,76.6,73.2,8636982.0
142544,2022-10-21,74.85,76.05,76.2,74.2,3500507.0
142544,2022-10-27,78.2,77.65,79.4,77.4,5370044.0
142544,2022-10-31,77.8,78.9,79.3,76.8,5396977.0
142544,2022-11-24,79.6,81.5,82.75,79.25,6353633.0
142544,2022-12-09,83.75,87.9,88.7,83.1,18291890.0
142544,2022-12-20,86.25,85.5,86.85,85.05,5443126.0
142544,2023-01-03,83.4,83.45,84.9,82.8,5373835.0
142544,2023-04-13,57.3,55.4,58.0,54.8,8520897.0
142544,2023-04-20,59.45,57.6,60.6,57.5,13031693.0
142544,2023-06-08,66.1,67.3,69.0,65.85,5042944.0
142544,2023-06-13,64.85,64.75,67.7,64.4,13446192.0
142544,2023-07-07,62.75,62.45,63.75,61.5,9748435.0
142544,2021-03-30,79.95,84.55,85.0,78.65,8189408.0
142544,2021-03-26,83.2,83.5,87.15,82.4,13629972.0
142544,2021-04-13,79.7,78.2,80.9,76.8,6150099.0
142544,2021-05-11,86.8,84.7,89.2,83.1,11999905.0
142544,2021-06-01,99.1,102.5,102.75,97.85,7428800.0
142544,2021-06-11,109.7,114.0,114.75,108.6,13542987.0
142544,2021-06-18,108.1,109.0,111.55,100.55,15162872.0
142544,2021-08-20,138.1,142.0,147.45,136.4,8705988.0
142544,2021-09-21,133.5,128.0,134.3,125.8,9192166.0
142544,2021-10-19,162.15,175.6,176.0,160.0,12936333.0
142544,2021-11-02,176.5,163.2,180.5,161.05,35322329.0
142544,2021-11-24,176.7,175.1,182.4,174.75,13510309.0
142544,2022-03-09,107.35,102.7,109.7,101.75,15504428.0
142544,2022-03-15,105.95,104.65,113.7,104.6,21874650.0
142544,2022-03-24,105.25,104.5,107.6,104.0,9055477.0
142544,2022-03-25,104.95,106.0,107.25,104.4,7399158.0
142544,2022-05-12,74.2,71.0,75.0,70.25,15113550.0
142544,2022-05-26,71.45,70.5,71.85,66.6,9993153.0
142544,2022-05-31,75.15,71.9,76.1,71.3,16169108.0
142544,2022-06-09,71.4,71.85,72.25,70.85,5575847.0
142544,2022-06-20,60.75,63.2,63.85,60.25,7079084.0
142544,2022-06-27,65.95,66.45,66.75,65.5,4298856.0
142544,2022-07-07,63.75,60.9,64.7,60.6,15595985.0
142544,2022-07-11,65.0,61.5,65.35,61.5,6430591.0
142544,2022-07-27,71.6,70.25,72.55,69.6,5476992.0
142544,2022-08-05,71.85,71.35,73.5,71.1,7041975.0
142544,2022-08-26,84.95,86.35,87.25,83.65,9002476.0
142544,2022-10-17,73.45,73.5,74.3,72.55,4811865.0
142544,2022-11-07,76.95,78.5,78.95,76.4,6304434.0
142544,2023-01-06,77.2,77.5,79.65,76.65,6423338.0
142544,2023-05-16,56.9,56.5,57.75,56.5,3542440.0
142544,2023-07-05,60.05,60.1,60.85,59.75,5154943.0
142544,2023-07-13,61.65,63.0,63.5,61.25,4954364.0
142544,2021-04-26,82.05,82.0,84.4,81.15,12385844.0
142544,2021-05-25,94.85,92.5,98.15,90.7,18889412.0
142544,2021-06-02,100.5,99.0,102.15,98.65,7113855.0
142544,2021-06-22,114.6,114.25,117.1,112.55,14670826.0
142544,2021-06-23,116.7,115.0,121.15,111.8,25748354.0
142544,2021-07-08,117.25,120.0,122.9,116.1,13443251.0
142544,2021-08-13,149.8,153.0,154.35,146.55,7312043.0
142544,2021-09-08,148.5,143.7,150.5,141.75,11361503.0
142544,2021-11-01,161.45,153.15,163.4,153.15,12367233.0
142544,2021-11-08,189.8,183.6,191.8,182.2,18962205.0
142544,2021-12-06,167.45,171.65,173.65,166.45,8710632.0
142544,2022-01-06,159.3,159.5,161.8,158.35,7497332.0
142544,2022-01-20,161.2,160.0,165.35,159.75,9591670.0
142544,2022-02-09,141.4,138.5,142.4,135.1,8346541.0
142544,2022-02-10,142.3,142.0,145.5,139.5,6369964.0
142544,2022-03-31,101.4,103.6,103.85,101.0,7184894.0
142544,2022-05-04,81.8,86.95,87.4,81.3,10934306.0
142544,2022-05-18,77.15,76.1,79.25,75.45,9751815.0
142544,2022-06-10,70.45,70.4,71.2,70.15,4714697.0
142544,2022-07-14,62.55,64.65,64.7,61.8,4582588.0
142544,2022-07-15,64.05,62.75,64.6,61.8,4509224.0
142544,2022-07-18,66.05,64.6,66.8,64.0,6913264.0
142544,2022-08-08,71.55,71.6,73.0,71.3,3512117.0
142544,2022-08-12,67.65,69.8,70.5,67.25,6196811.0
142544,2022-09-27,72.2,73.0,73.55,71.0,4603046.0
142544,2022-11-14,82.8,81.0,83.75,79.3,17109596.0
142544,2022-11-21,84.25,87.0,89.4,83.65,18618349.0
142544,2022-12-12,83.25,83.05,85.0,82.8,6822930.0
142544,2022-12-14,84.25,83.35,86.0,82.35,10001432.0
142544,2023-01-11,76.85,76.7,77.6,76.15,3879381.0
142544,2023-02-03,67.7,70.25,70.55,65.5,6095556.0
142544,2023-02-09,62.9,64.35,64.5,62.55,3810470.0
142544,2023-02-17,56.1,57.9,57.95,55.55,7685644.0
142544,2023-03-20,55.85,57.15,57.55,55.3,5335981.0
142544,2023-03-22,55.8,56.25,57.0,55.4,5846017.0
142544,2023-05-26,67.55,64.95,68.2,64.8,16457741.0
142544,2023-05-29,66.95,68.15,68.8,66.05,8325261.0
142544,2023-07-25,65.85,67.3,67.6,65.4,4852771.0
142544,2021-05-04,77.45,80.0,80.8,77.0,4553537.0
142544,2021-05-18,83.45,83.6,86.4,82.85,5474537.0
142544,2021-05-20,91.85,85.0,92.85,83.65,28314144.0
142544,2021-05-26,103.15,96.0,104.5,96.0,35832605.0
142544,2021-06-07,112.35,114.0,117.9,111.55,19709085.0
142544,2021-07-06,117.05,118.65,124.0,116.1,23138486.0
142544,2021-07-20,154.2,159.5,162.25,151.5,46381185.0
142544,2021-07-22,163.35,155.95,169.2,155.3,26758040.0
142544,2021-08-05,143.25,150.9,151.45,142.5,8450881.0
142544,2021-09-16,139.85,138.55,144.25,137.2,8243618.0
142544,2021-10-28,152.1,159.9,160.5,150.95,8487232.0
142544,2021-11-04,181.25,179.6,184.7,179.6,10353712.0
142544,2021-11-11,181.25,185.7,188.7,178.5,10697867.0
142544,2021-12-10,179.1,170.0,181.7,168.7,22477130.0
142544,2021-12-14,175.05,175.35,179.3,173.9,10310727.0
142544,2022-02-01,146.1,145.5,148.1,141.75,8813147.0
142544,2022-02-16,127.25,129.35,132.35,126.75,9248289.0
142544,2022-03-11,106.05,105.65,107.9,105.0,7090559.0
142544,2022-03-17,111.0,110.5,112.2,109.1,11112252.0
142544,2022-03-28,101.1,105.1,105.15,100.5,12984098.0
142544,2022-04-25,91.2,94.5,94.5,90.7,8826919.0
142544,2022-04-26,95.05,92.5,96.2,91.35,13811742.0
142544,2022-05-02,86.25,88.85,88.85,85.7,7594944.0
142544,2022-05-19,73.9,74.2,75.6,73.15,6831604.0
142544,2022-08-02,73.15,72.7,74.15,72.2,7451869.0
142544,2022-08-18,81.8,77.0,83.8,76.4,37980919.0
142544,2022-08-19,80.3,82.5,83.2,79.55,13889329.0
142544,2022-08-29,83.95,82.1,84.95,81.35,7870507.0
142544,2022-09-12,86.25,87.0,88.15,85.6,8414134.0
142544,2022-10-03,74.0,78.05,80.35,73.35,10884968.0
142544,2022-10-24,74.9,75.6,76.0,74.6,933614.0
142544,2022-12-07,91.2,89.3,93.0,87.65,17694063.0
142544,2023-01-12,76.85,77.2,78.15,76.3,4324795.0
142544,2023-01-16,76.55,77.65,77.7,76.25,3127799.0
142544,2023-04-12,55.6,57.1,57.45,55.15,8160358.0
142544,2023-04-21,56.95,59.35,59.35,56.3,7132196.0
142544,2023-04-28,72.8,71.5,73.6,71.25,8134188.0
142544,2023-05-15,56.3,56.95,57.95,55.0,6130752.0
142544,2023-06-28,59.4,58.6,60.7,58.6,8008149.0
142544,2023-06-30,60.3,59.7,61.65,59.25,13350288.0
142544,2023-08-21,63.8,63.7,65.1,63.6,4066291.0
142544,2021-04-30,77.3,76.8,79.0,76.5,4902922.0
142544,2021-06-03,106.25,101.4,108.5,101.1,26792581.0
142544,2021-06-04,112.75,106.9,114.0,104.05,27880963.0
142544,2021-06-10,113.15,106.2,114.5,106.0,24204184.0
142544,2021-06-28,112.85,115.2,118.55,111.75,12578337.0
142544,2021-08-31,136.4,139.6,140.6,135.5,5211033.0
142544,2021-10-08,148.95,150.95,153.9,148.0,6433726.0
142544,2021-10-27,159.1,160.6,164.25,157.6,7999670.0
142544,2021-11-17,180.55,183.3,188.2,179.55,10363545.0
142544,2022-01-11,171.65,171.95,177.0,168.6,18346447.0
142544,2022-01-19,159.8,163.4,163.4,158.75,10376235.0
142544,2022-02-08,137.65,145.0,145.45,136.3,9350707.0
142544,2022-02-18,121.2,123.6,124.9,120.6,5562347.0
142544,2022-03-03,109.0,107.8,111.0,107.0,11906315.0
142544,2022-04-27,92.45,94.4,94.4,91.75,6895516.0
142544,2022-05-10,76.0,78.5,80.6,75.4,6791415.0
142544,2022-05-30,71.7,72.75,74.5,71.05,11936252.0
142544,2022-06-13,66.25,69.0,69.4,65.5,6971925.0
142544,2022-07-01,61.85,61.2,62.3,60.15,4909229.0
142544,2022-07-06,59.95,61.35,61.4,58.0,10317770.0
142544,2022-07-19,67.85,65.55,68.55,65.2,8192297.0
142544,2022-07-25,69.9,71.6,71.6,69.1,5379617.0
142544,2022-08-11,69.85,70.05,71.3,69.2,4251039.0
142544,2022-08-23,78.3,79.0,79.25,76.4,8655845.0
142544,2022-08-25,85.65,83.35,87.9,82.8,20305477.0
142544,2022-09-08,91.85,94.2,94.4,91.0,8341533.0
142544,2022-09-28,72.5,71.85,74.3,71.1,5486869.0
142544,2022-09-30,77.75,72.2,79.3,71.55,16209022.0
142544,2022-10-18,73.2,74.0,74.6,72.6,4902008.0
142544,2022-11-29,84.8,84.4,85.9,83.7,7209641.0
142544,2022-11-30,83.3,85.0,85.9,82.85,6893086.0
142544,2022-12-01,84.05,83.9,85.3,83.05,5549964.0
142544,2023-01-04,80.55,83.7,83.8,79.8,5019152.0
142544,2023-01-05,77.8,80.95,81.0,77.3,8232276.0
142544,2023-01-25,71.25,72.1,72.5,70.45,3590601.0
142544,2023-01-30,69.2,68.25,70.45,67.75,4133268.0
142544,2023-03-16,57.2,56.2,57.7,54.3,7615674.0
142544,2023-04-10,55.8,55.0,56.6,54.8,8276649.0
142544,2023-06-26,58.95,59.65,60.05,58.35,6213615.0
142544,2023-06-27,58.25,59.55,59.6,58.05,7874393.0
142544,2023-07-04,59.95,60.9,61.3,59.7,4919562.0
142544,2023-07-11,62.95,63.25,64.65,62.6,9406423.0
142544,2023-07-26,66.6,65.8,66.95,65.45,6822153.0
142544,2021-05-06,76.8,78.2,78.5,75.85,3072589.0
142544,2021-05-07,78.7,77.7,80.4,77.0,7735607.0
142544,2021-06-08,106.55,112.0,113.0,105.9,15448961.0
142544,2021-06-30,117.8,116.0,119.3,115.9,17576904.0
142544,2021-08-25,137.4,142.0,143.3,136.1,5204351.0
142544,2021-08-27,135.45,134.4,139.7,134.0,6510561.0
142544,2021-09-29,145.6,142.5,148.7,142.1,7721276.0
142544,2021-11-16,183.55,187.35,190.45,182.55,8502222.0
142544,2021-11-26,166.65,173.0,175.9,165.5,17965587.0
142544,2021-12-23,159.95,162.8,164.8,159.1,6195971.0
142544,2021-12-27,156.4,160.9,161.0,155.55,7571384.0
142544,2022-01-07,166.15,160.6,167.9,160.05,18100587.0
142544,2022-04-11,114.3,112.4,114.9,111.2,9085351.0
142544,2022-04-20,99.6,98.0,101.65,95.9,19011532.0
142544,2022-06-01,71.55,75.4,76.2,69.5,22789667.0
142544,2022-06-17,63.75,62.6,65.2,60.25,18021986.0
142544,2022-07-20,71.85,68.7,72.5,67.85,17247577.0
142544,2022-09-20,74.9,77.1,78.2,74.6,7471748.0
142544,2022-10-25,77.25,75.2,78.1,74.35,7078963.0
142544,2022-12-05,87.6,86.5,89.2,86.25,13396585.0
142544,2023-01-09,77.2,77.9,79.1,76.7,5064050.0
142544,2023-01-19,76.55,76.25,78.25,75.8,5946136.0
142544,2023-02-06,65.95,67.15,67.75,65.05,4502192.0
142544,2023-02-20,54.3,56.4,56.4,53.65,4945247.0
142544,2023-03-03,61.05,59.9,61.9,59.05,9538394.0
142544,2023-03-06,62.45,61.5,63.6,61.15,7762186.0
142544,2023-04-25,67.8,64.0,68.3,63.8,36817670.0
142544,2023-07-06,62.35,60.2,63.0,60.15,14184227.0
142544,2023-07-10,62.9,63.2,63.35,62.0,6357206.0
142544,2023-07-17,68.3,61.8,68.8,61.7,34136532.0
142544,2023-07-27,67.5,66.85,68.6,66.65,7296904.0
142544,2023-08-03,69.35,67.65,70.1,66.35,16384653.0
142544,2023-08-07,69.45,69.6,70.9,68.1,8427516.0
142544,2023-08-22,63.6,64.1,64.7,63.5,3936214.0
142544,2021-04-01,88.3,82.3,91.0,81.55,23275713.0
142544,2021-04-23,79.55,79.5,81.3,77.6,4874360.0
142544,2021-05-24,91.55,92.7,94.05,90.6,6987009.0
142544,2021-08-11,147.4,136.25,151.0,127.65,23336844.0
142544,2021-08-12,152.95,150.25,155.5,148.65,12146492.0
142544,2021-08-26,134.6,137.55,138.3,133.6,3986680.0
142544,2021-10-04,158.05,153.25,160.45,153.25,16823560.0
142544,2021-10-25,153.7,163.4,164.35,153.0,8628871.0
142544,2021-11-03,176.6,178.0,183.4,173.2,18213898.0
142544,2021-12-13,177.0,181.5,183.5,176.3,18474728.0
142544,2022-01-21,158.5,160.1,163.45,156.05,10903357.0
142544,2022-02-24,101.75,105.55,110.0,100.05,25121613.0
142544,2022-02-25,107.35,108.0,111.3,103.2,21651640.0
142544,2022-03-04,106.65,108.5,108.5,104.3,9034894.0
142544,2022-06-28,65.55,66.1,66.3,64.5,5819168.0
142544,2022-08-04,71.3,71.5,73.7,70.2,7225692.0
142544,2022-08-16,78.4,67.5,79.7,67.35,44865881.0
142544,2022-09-01,88.3,85.75,89.4,85.5,10950857.0
142544,2022-09-07,93.25,92.0,94.05,92.0,8801344.0
142544,2022-10-12,77.1,74.4,77.5,72.2,8751668.0
142544,2022-11-01,77.45,78.2,78.8,76.1,4722754.0
142544,2022-11-16,82.2,83.2,83.2,80.8,5588150.0
142544,2022-11-22,80.8,83.2,83.7,80.25,10039549.0
142544,2022-11-25,81.7,80.0,83.7,79.55,13724490.0
142544,2022-12-02,85.85,84.1,86.8,83.9,10451315.0
142544,2022-12-23,74.2,77.85,79.5,73.2,7374625.0
142544,2022-12-27,80.25,78.55,81.9,78.55,6827973.0
142544,2023-01-17,77.45,76.95,78.1,76.1,4867207.0
142544,2023-01-18,76.5,77.55,77.55,76.2,4793511.0
142544,2023-01-27,67.9,71.85,71.85,66.8,5161735.0
142544,2023-02-08,63.95,64.0,64.55,63.5,5162155.0
142544,2023-04-27,71.5,70.6,72.75,70.0,16150884.0
142544,2023-05-03,71.9,73.25,73.55,71.1,4443316.0
142544,2023-05-10,55.5,52.6,58.7,52.6,27915442.0
142544,2023-07-28,68.6,67.5,70.7,67.35,24139160.0
142544,2023-08-04,69.25,70.1,71.45,68.85,14244313.0
142544,2021-04-20,76.05,75.5,77.5,74.8,5173126.0
142544,2021-05-12,84.95,87.6,88.3,83.35,8658457.0
142544,2021-05-17,82.75,81.75,83.85,81.75,3062002.0
142544,2021-06-15,110.65,110.0,112.55,109.45,7943422.0
142544,2021-07-13,135.55,140.0,143.3,132.7,44622411.0
142544,2021-07-15,141.0,133.0,142.4,132.05,30725892.0
142544,2021-07-26,160.35,168.9,174.75,159.0,19291096.0
142544,2021-07-28,150.2,156.0,157.0,146.55,13138135.0
142544,2021-07-29,153.4,151.4,157.9,151.0,9502770.0
142544,2021-08-03,155.2,157.0,158.7,153.6,7716695.0
142544,2021-08-04,150.65,156.2,156.7,147.2,8528397.0
142544,2021-09-01,144.25,136.9,146.25,132.2,18598969.0
142544,2021-09-03,145.95,145.5,151.5,144.2,9860764.0
142544,2021-09-17,134.7,141.15,141.3,133.05,8003229.0
142544,2021-09-27,150.9,151.9,155.1,150.0,9004084.0
142544,2021-10-20,155.6,162.45,164.4,153.0,12441581.0
142544,2021-10-21,159.6,157.1,165.75,154.25,13334446.0
142544,2021-12-16,169.05,176.85,176.9,167.6,9842580.0
142544,2022-02-28,107.9,105.0,109.0,103.4,11557692.0
142544,2022-03-07,99.2,103.0,103.5,98.4,12154667.0
142544,2022-03-22,105.4,108.5,108.5,103.35,10105504.0
142544,2022-04-01,112.0,102.0,113.0,101.7,23634014.0
142544,2022-04-06,115.85,115.0,118.0,114.15,15036435.0
142544,2022-04-22,95.25,98.1,99.3,94.7,9385044.0
142544,2022-04-28,90.8,93.4,93.45,89.0,10374945.0
142544,2022-06-07,71.95,74.55,75.4,71.55,8184706.0
142544,2022-06-29,63.55,64.5,65.25,63.05,4176190.0
142544,2022-08-01,73.75,72.6,75.3,71.5,9733487.0
142544,2022-08-24,82.9,78.85,84.7,78.3,24685686.0
142544,2022-08-30,86.95,84.85,88.75,84.85,12818500.0
142544,2022-09-06,92.85,90.8,94.5,88.3,16410650.0
142544,2022-09-15,81.9,84.0,84.85,81.55,6991748.0
142544,2022-11-02,80.7,77.45,82.8,77.45,21126357.0
142544,2022-11-11,78.1,79.1,79.45,77.55,4210598.0
142544,2022-12-06,88.9,87.4,90.4,87.1,12944981.0
142544,2022-12-21,81.6,86.5,87.4,81.2,8997588.0
142544,2023-02-02,69.9,69.25,71.4,67.8,4132448.0
142544,2023-02-10,64.7,63.4,66.0,62.3,10838056.0
142544,2023-02-14,55.85,60.65,60.65,50.7,37368698.0
142544,2023-02-28,57.6,62.0,62.25,56.7,16725435.0
142544,2023-04-11,56.75,56.2,58.5,56.05,11426117.0
142544,2023-05-11,57.75,56.2,58.3,55.6,10603062.0
142544,2023-05-12,56.55,58.0,58.5,56.35,4078899.0
142544,2023-06-09,65.4,66.4,66.9,65.1,3692656.0
142544,2023-07-12,62.8,63.05,63.45,61.8,5034016.0
142544,2023-07-24,67.05,66.7,69.2,66.35,7827681.0
