stockid,date,close,open,high,low,volume
229887,2021-01-15,1740.1,1780.0,1785.9,1718.25,1238841.0
229887,2021-02-02,1762.85,1700.0,1784.0,1691.05,1697944.0
229887,2021-01-11,1787.05,1743.95,1799.0,1743.5,1677994.0
229887,2021-01-29,1603.85,1645.0,1655.0,1593.4,859756.0
229887,2021-02-10,1761.75,1769.0,1802.45,1747.0,1419214.0
229887,2021-02-15,1788.05,1785.0,1798.0,1766.65,911884.0
229887,2021-03-09,1827.85,1830.0,1856.6,1795.1,825196.0
229887,2021-03-25,1850.0,1909.0,1912.0,1841.7,981995.0
229887,2021-04-07,1918.45,1919.5,1954.5,1901.9,1643523.0
229887,2021-05-17,1903.6,1877.35,1907.75,1867.4,534633.0
229887,2021-06-07,2045.95,2015.5,2058.9,2011.0,494925.0
229887,2021-06-11,2024.5,2030.3,2043.7,2013.15,173453.0
229887,2021-10-05,2263.7,2253.15,2284.0,2253.15,251071.0
229887,2021-10-12,2245.65,2245.0,2259.0,2226.95,183872.0
229887,2021-02-12,1765.75,1751.0,1813.6,1716.1,3673122.0
229887,2021-04-19,1876.75,1859.55,1881.9,1826.5,1288212.0
229887,2021-06-30,2014.8,2052.2,2052.45,2008.05,450373.0
229887,2021-07-06,2022.85,1987.85,2058.55,1983.05,1171831.0
229887,2021-07-15,2112.45,2080.0,2125.1,2068.7,710905.0
229887,2021-08-05,2392.2,2400.05,2413.7,2375.2,399193.0
229887,2021-08-18,2356.3,2315.15,2363.85,2311.2,965286.0
229887,2021-09-02,2474.2,2428.9,2498.0,2413.15,589580.0
229887,2021-11-18,2440.5,2474.8,2502.3,2415.1,237386.0
229887,2021-12-31,2215.75,2163.0,2238.5,2162.45,467894.0
229887,2022-01-04,2224.3,2258.0,2264.8,2216.5,363436.0
229887,2022-02-03,2293.6,2308.9,2328.0,2286.25,253714.0
229887,2022-02-04,2274.75,2298.2,2322.45,2270.0,184813.0
229887,2022-03-04,2010.55,1940.0,2020.0,1926.2,801645.0
229887,2022-04-12,2181.4,2232.9,2233.0,2169.9,625499.0
229887,2022-04-29,2328.9,2376.75,2397.0,2321.45,784968.0
229887,2022-06-03,2133.1,2205.5,2216.85,2122.2,715122.0
229887,2021-02-19,1747.35,1800.0,1801.75,1735.5,767848.0
229887,2021-03-02,1771.8,1779.0,1812.95,1760.05,824150.0
229887,2021-03-24,1892.25,1909.0,1923.3,1888.0,1293661.0
229887,2021-04-15,1836.65,1890.0,1896.2,1812.0,706453.0
229887,2021-04-20,1825.8,1980.0,1980.0,1810.0,5873433.0
229887,2021-04-29,1877.05,1881.0,1886.8,1855.0,597466.0
229887,2021-05-03,1898.0,1860.0,1904.9,1853.2,501054.0
229887,2021-06-17,2042.2,2005.0,2062.95,2005.0,412228.0
229887,2021-06-18,2027.9,2043.25,2063.0,1996.2,502755.0
229887,2021-06-21,2028.1,2009.5,2041.9,1988.9,478588.0
229887,2021-06-23,2030.55,2049.7,2059.9,2025.0,268921.0
229887,2021-01-13,1792.4,1795.15,1811.7,1771.1,922665.0
229887,2021-01-18,1701.5,1738.0,1746.35,1670.25,965219.0
229887,2021-05-18,1939.95,1916.0,1951.85,1906.05,874925.0
229887,2021-05-21,1965.25,1970.05,1987.95,1959.3,674816.0
229887,2021-05-27,2000.15,1979.3,2040.0,1966.65,1967922.0
229887,2021-07-08,2029.5,2041.0,2057.35,2022.0,342553.0
229887,2021-08-11,2276.05,2297.0,2327.95,2248.55,401413.0
229887,2021-08-23,2261.45,2300.0,2320.0,2230.55,477873.0
229887,2021-01-06,1674.45,1658.0,1679.0,1641.0,1755315.0
229887,2021-01-27,1637.85,1657.7,1675.95,1624.2,891651.0
229887,2021-02-03,1727.65,1770.0,1783.95,1719.8,893327.0
229887,2021-03-08,1822.8,1836.45,1853.4,1813.5,757659.0
229887,2021-03-19,1755.0,1721.8,1770.0,1692.0,1091315.0
229887,2021-04-05,1894.4,1908.0,1937.0,1872.1,1272161.0
229887,2021-04-06,1908.45,1904.9,1922.7,1890.05,965415.0
229887,2021-05-06,1896.25,1895.0,1908.5,1877.2,292905.0
229887,2021-05-12,1882.7,1903.9,1909.95,1877.0,464947.0
229887,2021-06-15,2042.95,2042.0,2066.0,2031.05,303143.0
229887,2021-06-16,2020.5,2042.0,2053.0,2013.4,152299.0
229887,2021-07-09,2037.25,2029.5,2040.0,2017.1,174442.0
229887,2021-07-22,2290.25,2340.0,2340.0,2271.1,1010305.0
229887,2021-08-20,2290.55,2330.15,2373.8,2281.0,596640.0
229887,2021-02-04,1748.95,1734.5,1761.4,1716.35,952288.0
229887,2021-03-31,1903.25,1876.55,1920.6,1867.5,672297.0
229887,2021-04-01,1913.35,1920.0,1920.0,1886.95,765296.0
229887,2021-06-22,2049.35,2032.95,2078.0,2028.65,712732.0
229887,2021-07-07,2036.55,2031.7,2044.45,2012.9,339727.0
229887,2021-07-16,2129.35,2122.45,2135.0,2112.0,425910.0
229887,2021-07-20,2308.85,2226.0,2344.05,2192.2,8593295.0
229887,2021-09-13,2471.4,2460.0,2479.9,2420.35,265232.0
229887,2021-09-21,2332.3,2325.95,2339.9,2284.0,567297.0
229887,2021-10-28,2287.85,2252.0,2324.9,2245.0,889979.0
229887,2021-11-25,2385.45,2404.9,2413.55,2380.0,201394.0
229887,2022-01-28,2215.95,2179.9,2238.55,2173.85,272371.0
229887,2022-02-08,2304.75,2286.0,2310.0,2262.2,608392.0
229887,2022-02-14,2153.9,2217.8,2220.15,2145.0,279841.0
229887,2022-03-02,2067.75,2073.8,2099.95,2043.0,494931.0
229887,2022-05-04,2300.1,2350.0,2363.35,2273.5,451428.0
229887,2022-06-01,2195.85,2205.9,2214.8,2182.5,394675.0
229887,2022-06-02,2198.75,2190.0,2211.65,2186.05,195697.0
229887,2022-06-15,2122.65,2120.0,2131.0,2112.1,205602.0
229887,2022-06-16,2084.25,2135.4,2139.9,2079.65,253721.0
229887,2021-01-19,1712.4,1703.6,1720.9,1690.0,1062139.0
229887,2021-02-01,1685.45,1625.0,1696.95,1584.2,952374.0
229887,2021-02-26,1733.2,1780.0,1847.0,1712.0,2973895.0
229887,2021-03-17,1727.65,1766.1,1776.95,1721.55,871784.0
229887,2021-09-03,2469.0,2483.3,2485.0,2436.3,444256.0
229887,2021-09-08,2448.95,2478.1,2486.9,2431.25,312258.0
229887,2021-10-08,2240.9,2273.0,2284.9,2235.45,249365.0
229887,2021-10-22,2212.05,2241.2,2259.35,2165.0,528370.0
229887,2021-11-10,2554.15,2530.7,2568.35,2513.1,414868.0
229887,2021-11-23,2403.9,2350.0,2420.1,2349.9,209320.0
229887,2022-01-12,2314.8,2310.0,2328.8,2273.0,380195.0
229887,2022-02-09,2310.3,2317.3,2338.8,2290.2,367725.0
229887,2022-02-22,2165.4,2154.9,2180.8,2100.1,323721.0
229887,2022-03-11,2041.9,2044.5,2061.85,2016.0,372130.0
229887,2022-03-30,2150.9,2140.0,2172.7,2136.0,702919.0
229887,2022-04-19,2056.5,2158.1,2174.6,2023.55,824740.0
229887,2022-05-02,2347.2,2314.0,2358.3,2309.7,490846.0
229887,2022-05-06,2245.45,2249.0,2274.9,2232.35,571407.0
229887,2022-05-18,2236.65,2249.0,2252.0,2218.2,851138.0
229887,2022-05-20,2239.4,2250.9,2274.4,2234.55,514340.0
229887,2022-06-09,2138.1,2130.5,2150.0,2122.7,335166.0
229887,2022-06-10,2135.4,2134.55,2153.95,2112.0,283855.0
229887,2021-11-02,2392.0,2385.0,2416.0,2374.9,461093.0
229887,2021-02-09,1761.65,1771.85,1779.0,1753.25,791259.0
229887,2021-11-08,2518.35,2453.85,2530.0,2440.05,878142.0
229887,2021-02-23,1697.05,1714.9,1724.95,1686.05,735863.0
229887,2021-12-01,2253.45,2296.0,2332.45,2248.0,423543.0
229887,2021-03-01,1774.4,1754.4,1779.85,1725.7,890744.0
229887,2021-12-06,2217.3,2265.0,2272.95,2205.0,234956.0
229887,2021-03-23,1913.75,1859.95,1925.0,1839.6,1921529.0
229887,2021-12-21,2138.55,2136.0,2179.0,2123.85,294036.0
229887,2021-04-16,1881.75,1842.1,1902.35,1840.2,1061445.0
229887,2022-02-11,2249.35,2290.0,2297.0,2240.0,359096.0
229887,2022-04-08,2170.55,2148.0,2181.0,2128.55,861328.0
229887,2021-04-22,1831.65,1824.95,1850.0,1782.25,1662315.0
229887,2021-04-28,1872.15,1871.0,1884.95,1850.0,879407.0
229887,2021-07-26,2369.2,2337.3,2374.8,2308.1,695393.0
229887,2021-08-13,2308.6,2295.45,2322.7,2273.75,275083.0
229887,2021-09-24,2298.75,2368.0,2372.95,2281.0,434577.0
229887,2021-10-20,2263.6,2289.0,2359.0,2221.0,3817624.0
229887,2021-10-21,2236.35,2285.95,2286.75,2202.85,803674.0
229887,2021-12-09,2320.0,2294.1,2324.0,2287.95,286871.0
229887,2022-01-05,2241.3,2225.0,2246.0,2220.1,372959.0
229887,2022-01-07,2284.6,2234.0,2303.8,2232.05,573885.0
229887,2022-01-21,2215.75,2240.0,2255.9,2196.0,238038.0
229887,2022-01-27,2167.7,2156.0,2179.0,2127.65,298193.0
229887,2022-04-25,2262.05,2252.0,2319.5,2240.0,1075394.0
229887,2022-05-12,2177.4,2159.95,2209.8,2101.25,348099.0
229887,2022-05-25,2186.1,2217.0,2224.65,2182.5,236264.0
229887,2022-06-08,2135.5,2145.0,2148.25,2113.6,490375.0
229887,2021-08-25,2267.35,2285.15,2305.0,2255.2,339700.0
229887,2021-09-01,2424.05,2420.0,2437.4,2393.05,418473.0
229887,2021-09-20,2325.95,2378.0,2390.0,2320.0,299170.0
229887,2021-11-30,2286.4,2283.15,2322.95,2269.85,415128.0
229887,2021-12-20,2115.9,2194.9,2199.65,2087.8,307702.0
229887,2021-12-27,2136.7,2124.0,2139.9,2101.0,112982.0
229887,2021-12-29,2162.65,2154.0,2166.85,2137.05,203826.0
229887,2022-03-08,1962.1,1940.0,1968.95,1902.0,330394.0
229887,2022-03-23,2069.75,2064.1,2086.0,2050.0,232620.0
229887,2022-05-26,2208.0,2194.9,2214.0,2165.0,309697.0
229887,2022-05-31,2198.4,2214.9,2230.0,2190.35,590767.0
229887,2022-06-21,2086.25,2067.0,2090.05,2058.05,290807.0
229887,2021-07-12,2072.3,2042.5,2087.0,2042.5,770557.0
229887,2021-08-12,2292.0,2278.35,2329.95,2255.0,593594.0
229887,2021-10-01,2237.5,2237.0,2258.0,2211.35,319800.0
229887,2021-10-07,2265.85,2215.3,2276.0,2215.3,318393.0
229887,2021-10-11,2249.85,2250.0,2274.8,2242.15,211576.0
229887,2021-11-22,2373.55,2440.5,2445.0,2355.0,244687.0
229887,2021-12-08,2292.25,2255.15,2299.9,2249.2,315816.0
229887,2021-01-08,1761.25,1720.0,1769.55,1713.05,2133816.0
229887,2021-12-22,2149.9,2148.0,2168.95,2138.3,376346.0
229887,2021-12-28,2151.25,2142.0,2162.1,2139.2,704309.0
229887,2022-01-10,2320.15,2297.15,2325.0,2278.55,358989.0
229887,2021-01-25,1663.15,1724.55,1725.65,1658.0,905403.0
229887,2021-02-08,1763.9,1736.0,1776.0,1727.0,1247842.0
229887,2022-01-11,2297.6,2327.0,2344.55,2286.3,289218.0
229887,2022-01-20,2254.0,2230.0,2285.25,2230.0,322553.0
229887,2021-02-22,1700.35,1749.8,1754.9,1689.65,533284.0
229887,2022-02-15,2234.3,2156.5,2240.0,2156.5,259988.0
229887,2022-03-14,2058.05,2054.0,2065.0,2025.0,184932.0
229887,2021-03-05,1824.45,1859.0,1894.0,1812.5,2338230.0
229887,2022-06-20,2060.4,2055.0,2085.55,2047.15,446187.0
229887,2021-03-15,1767.1,1792.0,1798.75,1741.1,715929.0
229887,2021-04-09,1960.75,1999.0,2022.85,1948.45,1376841.0
229887,2021-04-12,1885.7,1934.95,1934.95,1860.35,810830.0
229887,2021-04-26,1844.75,1818.0,1851.95,1817.25,833521.0
229887,2021-05-07,1904.75,1903.0,1928.9,1896.05,641334.0
229887,2021-05-20,1958.15,1940.0,1963.5,1921.0,696109.0
229887,2021-05-31,1986.05,1979.1,2001.4,1968.5,443113.0
229887,2021-06-01,1973.45,1990.0,2001.0,1959.75,297295.0
229887,2021-07-01,1996.0,2021.8,2021.8,1991.7,335738.0
229887,2021-07-23,2337.55,2296.15,2375.0,2292.5,1664900.0
229887,2021-07-29,2364.0,2400.0,2413.0,2349.8,677603.0
229887,2021-08-03,2433.1,2420.0,2440.8,2392.0,538219.0
229887,2021-08-06,2341.35,2382.1,2398.8,2335.4,516746.0
229887,2021-08-10,2296.95,2324.0,2330.0,2266.95,321608.0
229887,2021-09-15,2467.4,2448.0,2479.6,2442.6,234175.0
229887,2021-09-16,2429.7,2476.6,2479.4,2416.25,264530.0
229887,2021-12-02,2264.65,2248.15,2278.75,2229.6,457153.0
229887,2021-12-03,2262.2,2268.1,2304.55,2250.1,439164.0
229887,2021-12-10,2315.55,2319.0,2330.2,2302.0,202000.0
229887,2021-12-24,2126.05,2158.95,2162.0,2112.5,152954.0
229887,2022-02-25,2059.55,2045.0,2084.45,2030.0,286586.0
229887,2022-03-15,2060.35,2070.0,2109.7,2043.7,358798.0
229887,2022-03-21,2055.75,2101.0,2141.75,2046.65,1043891.0
229887,2022-04-01,2151.0,2148.0,2160.0,2128.35,838234.0
229887,2022-05-05,2277.85,2325.0,2332.2,2269.85,395262.0
229887,2022-06-07,2138.35,2133.0,2148.9,2088.0,1062704.0
229887,2021-01-12,1795.1,1783.0,1814.0,1775.1,1505259.0
229887,2021-01-14,1785.5,1790.0,1805.0,1773.0,627682.0
229887,2021-01-28,1633.1,1617.85,1638.9,1608.1,584432.0
229887,2021-02-11,1775.95,1750.0,1790.0,1742.0,1521543.0
229887,2021-05-05,1888.55,1875.0,1897.95,1870.1,381806.0
229887,2021-06-02,1997.1,1975.25,2007.3,1970.9,447284.0
229887,2021-08-30,2386.5,2352.0,2390.0,2350.0,456720.0
229887,2021-09-30,2254.5,2270.2,2276.9,2251.2,300368.0
229887,2021-10-13,2259.7,2257.5,2269.8,2250.0,280779.0
229887,2021-10-14,2309.85,2270.0,2349.5,2267.0,1290679.0
229887,2021-11-12,2571.95,2568.0,2578.0,2546.0,303364.0
229887,2021-11-16,2492.75,2561.15,2566.45,2483.0,248153.0
229887,2021-12-14,2320.15,2280.0,2326.3,2272.45,408050.0
229887,2021-12-15,2285.5,2317.25,2330.8,2275.0,252969.0
229887,2021-01-05,1645.3,1639.95,1655.25,1629.25,1229551.0
229887,2021-01-07,1704.35,1691.25,1720.0,1683.2,2052711.0
229887,2021-02-18,1787.9,1833.1,1838.1,1775.15,634760.0
229887,2021-02-24,1730.65,1708.0,1745.0,1708.0,481605.0
229887,2021-03-03,1796.4,1784.0,1817.75,1773.2,841356.0
229887,2021-01-01,1626.1,1617.2,1632.0,1615.65,647892.0
229887,2021-01-04,1641.4,1634.0,1649.0,1628.0,1446174.0
229887,2021-01-21,1665.75,1720.4,1726.65,1656.0,1486010.0
229887,2021-05-10,1885.7,1918.5,1921.0,1880.25,575662.0
229887,2021-05-26,1977.45,1962.45,1981.9,1957.2,444885.0
229887,2021-06-04,2009.9,2024.0,2037.1,2005.0,219638.0
229887,2021-06-08,2042.65,2050.0,2062.6,2026.3,314233.0
229887,2021-06-09,2004.4,2045.0,2045.4,1990.7,470131.0
229887,2021-01-22,1694.85,1674.0,1708.95,1653.25,1280708.0
229887,2021-02-25,1801.25,1742.0,1810.0,1730.1,1114144.0
229887,2021-03-12,1787.65,1843.9,1848.0,1782.0,1032982.0
229887,2021-03-22,1860.0,1760.0,1873.9,1751.2,4627665.0
229887,2021-04-27,1859.75,1845.35,1867.45,1836.3,908739.0
229887,2021-05-04,1869.0,1912.0,1915.0,1866.0,478133.0
229887,2021-05-14,1876.8,1893.75,1898.9,1854.0,567649.0
229887,2021-05-24,1984.45,1968.0,1997.9,1953.0,657392.0
229887,2021-05-28,1985.45,1994.9,2009.6,1975.0,415702.0
229887,2021-06-10,2030.3,2015.0,2037.0,2004.4,364626.0
229887,2021-06-25,2041.15,2028.9,2048.0,2028.0,329128.0
229887,2021-08-04,2398.6,2433.0,2454.95,2393.0,380386.0
229887,2021-02-17,1819.75,1820.0,1837.0,1807.0,860949.0
229887,2021-04-23,1812.9,1825.9,1854.9,1802.0,886188.0
229887,2021-06-24,2027.45,2025.0,2040.7,2019.1,253261.0
229887,2021-06-28,2050.95,2046.0,2059.95,2023.1,380090.0
229887,2021-07-30,2394.1,2365.0,2415.0,2360.0,465284.0
229887,2021-08-24,2280.95,2267.05,2293.85,2257.0,423186.0
229887,2021-08-27,2348.1,2279.95,2354.65,2266.3,591864.0
229887,2021-09-07,2483.5,2476.0,2494.0,2444.7,322194.0
229887,2021-09-27,2331.85,2305.55,2346.75,2286.5,363257.0
229887,2021-12-07,2245.05,2239.0,2254.95,2211.0,293341.0
229887,2022-01-25,2179.95,2160.1,2192.6,2120.05,262179.0
229887,2021-03-26,1861.95,1865.0,1888.0,1848.0,572651.0
229887,2021-03-30,1874.05,1864.0,1905.0,1858.15,621135.0
229887,2021-04-30,1882.75,1869.0,1903.45,1855.05,1081167.0
229887,2021-05-19,1927.25,1939.45,1982.0,1917.0,963994.0
229887,2021-06-03,2027.35,1999.15,2030.0,1999.15,571072.0
229887,2021-07-13,2084.8,2082.0,2091.7,2070.5,420437.0
229887,2021-08-02,2424.0,2395.0,2434.4,2381.2,464987.0
229887,2021-08-17,2308.75,2300.0,2315.0,2271.0,309125.0
229887,2021-10-04,2265.65,2245.0,2283.95,2233.0,394631.0
229887,2021-10-25,2208.45,2210.0,2215.95,2142.05,683253.0
229887,2021-10-26,2236.3,2215.0,2244.95,2210.0,484377.0
229887,2021-10-27,2249.4,2238.4,2275.0,2233.5,471518.0
229887,2022-01-14,2358.1,2319.9,2374.0,2304.75,676328.0
229887,2022-02-28,2089.15,2044.0,2095.0,2020.35,349612.0
229887,2022-03-10,2047.6,2050.0,2073.95,2001.0,315957.0
229887,2022-03-16,2129.15,2088.35,2132.35,2066.5,395803.0
229887,2022-05-10,2198.55,2235.1,2249.4,2185.0,365873.0
229887,2022-05-30,2208.35,2208.0,2217.35,2196.15,625645.0
229887,2022-06-13,2121.25,2117.0,2129.0,2098.7,231725.0
229887,2022-06-14,2116.1,2112.15,2130.0,2101.95,302507.0
229887,2021-02-16,1819.3,1791.0,1843.55,1784.95,1937730.0
229887,2021-03-10,1835.05,1838.9,1844.0,1810.75,645527.0
229887,2021-03-16,1766.15,1771.1,1789.75,1760.9,530988.0
229887,2021-04-13,1882.15,1895.0,1904.95,1858.0,531684.0
229887,2021-05-25,1961.2,1995.0,1995.4,1953.4,501731.0
229887,2021-07-05,1982.75,1997.65,2006.6,1975.0,328547.0
229887,2021-07-27,2371.7,2371.0,2395.0,2356.8,1017264.0
229887,2021-07-28,2393.9,2369.0,2397.2,2330.25,437170.0
229887,2021-09-29,2271.1,2290.0,2293.35,2245.1,518866.0
229887,2021-11-01,2374.3,2345.05,2399.8,2328.4,703217.0
229887,2021-11-04,2431.45,2425.9,2437.45,2419.05,68940.0
229887,2021-11-09,2538.3,2523.0,2552.5,2502.05,531520.0
229887,2022-01-17,2378.65,2364.0,2391.0,2301.0,490475.0
229887,2022-01-18,2253.25,2391.0,2392.9,2240.35,691178.0
229887,2022-01-24,2167.45,2210.0,2219.65,2148.35,467114.0
229887,2022-01-31,2285.75,2230.4,2292.7,2227.0,428789.0
229887,2022-03-03,1956.0,2088.0,2092.7,1950.0,728165.0
229887,2022-04-06,2145.5,2149.65,2199.0,2124.6,1082516.0
229887,2022-01-03,2251.35,2220.2,2259.55,2214.15,335699.0
229887,2022-01-06,2227.3,2230.0,2263.8,2202.0,470965.0
229887,2022-02-07,2282.2,2282.7,2292.75,2239.25,201382.0
229887,2022-02-17,2226.85,2240.4,2267.55,2215.75,218668.0
229887,2022-02-18,2181.15,2208.75,2220.0,2172.0,295149.0
229887,2022-02-24,2014.0,2085.1,2120.65,2002.0,474202.0
229887,2022-03-17,2122.65,2166.0,2166.0,2118.0,820627.0
229887,2022-04-07,2136.7,2148.0,2180.0,2129.05,420470.0
229887,2022-04-28,2376.75,2383.0,2387.15,2314.05,995576.0
229887,2022-05-19,2231.0,2198.2,2255.0,2192.75,600776.0
229887,2021-03-04,1853.7,1774.2,1863.9,1765.25,1152626.0
229887,2021-04-08,1981.65,1925.0,2010.0,1924.0,948277.0
229887,2021-05-11,1909.95,1870.0,1920.0,1860.25,692022.0
229887,2021-09-17,2394.85,2440.0,2444.0,2372.3,538103.0
229887,2021-09-22,2365.55,2339.3,2379.0,2331.1,308803.0
229887,2021-10-18,2304.4,2364.0,2364.0,2291.85,627590.0
229887,2021-10-29,2333.4,2285.0,2354.8,2237.55,732835.0
229887,2022-01-13,2314.15,2323.0,2325.45,2298.1,221162.0
229887,2022-01-19,2231.8,2261.0,2262.8,2219.2,372235.0
229887,2022-03-22,2058.3,2054.95,2074.7,2025.0,452916.0
229887,2022-03-29,2128.55,2073.0,2135.3,2070.25,725118.0
229887,2022-04-22,2263.25,2250.1,2283.0,2237.2,558880.0
229887,2022-04-26,2311.35,2291.5,2337.95,2268.0,733155.0
229887,2022-04-27,2349.9,2306.2,2361.75,2263.05,1043493.0
229887,2022-05-23,2213.4,2260.0,2265.75,2208.15,345694.0
229887,2021-01-20,1710.05,1714.0,1718.65,1688.0,841615.0
229887,2021-02-05,1723.0,1755.0,1763.0,1715.0,1089231.0
229887,2021-03-18,1731.75,1744.95,1749.0,1711.05,933344.0
229887,2021-06-14,2040.55,2022.0,2043.5,1990.05,262106.0
229887,2021-06-29,2053.05,2054.3,2064.9,2040.0,279895.0
229887,2021-07-02,1987.25,2003.9,2004.35,1978.0,293738.0
229887,2021-07-19,2151.9,2117.9,2168.0,2105.2,666887.0
229887,2021-09-23,2351.05,2375.0,2380.5,2340.05,380958.0
229887,2021-09-28,2300.25,2334.0,2357.9,2286.05,304307.0
229887,2021-10-06,2203.25,2265.95,2278.0,2194.35,446408.0
229887,2021-11-03,2420.5,2404.15,2428.75,2394.15,364903.0
229887,2021-12-16,2266.45,2297.5,2298.5,2263.0,247839.0
229887,2021-12-17,2215.05,2266.0,2274.0,2207.5,290265.0
229887,2021-12-23,2150.8,2164.95,2176.95,2141.15,323002.0
229887,2022-02-23,2151.3,2169.05,2197.0,2143.7,376034.0
229887,2022-03-09,2000.85,1976.0,2015.9,1956.65,419651.0
229887,2022-03-24,2080.4,2050.15,2092.95,2050.15,294252.0
229887,2022-03-25,2064.2,2085.0,2090.9,2049.05,278510.0
229887,2022-04-21,2270.1,2218.25,2275.0,2205.25,1491272.0
229887,2022-05-13,2113.3,2195.0,2196.7,2099.05,431751.0
229887,2022-06-17,2055.1,2075.6,2108.3,2047.1,492761.0
229887,2021-08-26,2275.55,2270.8,2286.5,2258.25,373379.0
229887,2021-08-31,2413.2,2393.8,2419.7,2365.5,580467.0
229887,2021-09-06,2472.75,2487.9,2509.0,2469.0,426552.0
229887,2021-09-09,2458.75,2440.0,2463.0,2433.5,181417.0
229887,2021-09-14,2442.95,2470.0,2475.05,2437.55,174874.0
229887,2021-10-19,2242.75,2319.0,2328.0,2232.45,679577.0
229887,2021-11-11,2558.2,2545.95,2564.8,2525.0,298854.0
229887,2021-11-17,2471.55,2482.0,2496.35,2463.05,279037.0
229887,2021-11-24,2404.75,2410.0,2428.25,2392.55,237362.0
229887,2021-12-13,2296.05,2329.0,2340.85,2290.0,282819.0
229887,2021-12-30,2163.25,2167.0,2171.95,2153.2,216056.0
229887,2022-02-10,2303.55,2280.0,2324.8,2265.0,876424.0
229887,2022-03-28,2059.65,2081.35,2081.35,2039.05,231188.0
229887,2022-04-04,2119.45,2110.0,2133.0,2102.05,655757.0
229887,2022-04-13,2208.65,2188.0,2244.65,2163.55,753209.0
229887,2022-04-20,2208.25,2075.0,2221.75,2065.65,3687080.0
229887,2022-05-24,2210.95,2213.0,2236.45,2199.05,267961.0
229887,2021-07-14,2081.55,2083.65,2097.95,2070.9,363780.0
229887,2021-08-09,2312.6,2348.0,2366.55,2304.0,449768.0
229887,2021-08-16,2296.25,2309.8,2325.0,2290.0,293777.0
229887,2021-11-15,2563.1,2570.0,2589.0,2530.3,229541.0
229887,2021-11-26,2311.5,2358.8,2388.0,2300.1,208380.0
229887,2021-11-29,2289.6,2280.0,2325.0,2240.0,458730.0
229887,2022-02-01,2332.55,2300.05,2355.0,2272.7,491690.0
229887,2022-02-02,2306.55,2348.75,2350.05,2300.0,274847.0
229887,2022-02-16,2239.4,2250.0,2266.25,2215.4,218682.0
229887,2022-03-07,1950.15,1972.0,1978.0,1900.0,536549.0
229887,2022-04-05,2149.65,2134.8,2158.0,2112.0,615501.0
229887,2022-04-18,2155.2,2200.0,2248.9,2147.65,442194.0
229887,2022-05-16,2196.2,2140.0,2287.7,2140.0,3304245.0
229887,2022-02-21,2184.9,2178.7,2205.25,2151.0,291112.0
229887,2022-03-31,2151.35,2154.8,2170.3,2143.25,464111.0
229887,2022-04-11,2232.9,2175.0,2284.6,2163.65,1935494.0
229887,2022-05-09,2232.9,2221.0,2255.0,2201.5,323573.0
229887,2022-05-11,2167.65,2203.0,2217.45,2135.3,546421.0
229887,2022-05-17,2225.85,2220.0,2255.0,2182.55,1060771.0
229887,2022-05-27,2198.05,2218.95,2218.95,2190.45,215682.0
229887,2022-06-06,2138.25,2144.9,2167.5,2130.55,374121.0
229887,2022-07-15,2140.35,2132.05,2159.0,2111.0,1004798.0
229887,2022-07-05,2148.05,2156.0,2178.8,2144.05,163386.0
229887,2022-07-28,2180.75,2204.9,2204.9,2176.5,249369.0
229887,2022-06-29,2155.25,2118.0,2160.0,2118.0,548808.0
229887,2022-06-30,2121.95,2151.95,2156.0,2118.0,307330.0
229887,2022-06-22,2062.3,2085.0,2085.9,2053.95,403380.0
229887,2022-06-23,2090.4,2062.1,2097.85,2062.1,149241.0
229887,2022-06-28,2128.0,2111.15,2134.2,2102.8,137952.0
229887,2022-08-12,2227.6,2225.0,2245.8,2213.55,187340.0
229887,2022-07-11,2184.3,2164.4,2191.8,2136.9,282881.0
229887,2022-10-20,2287.6,2230.0,2299.0,2227.95,713402.0
229887,2022-07-18,2174.0,2160.95,2179.9,2152.0,296459.0
229887,2022-10-25,2247.5,2260.05,2278.9,2242.8,383657.0
229887,2022-07-20,2158.9,2175.0,2179.6,2149.6,252406.0
229887,2022-11-21,2456.75,2452.7,2463.5,2418.95,433180.0
229887,2022-07-27,2190.25,2180.0,2197.65,2162.0,348755.0
229887,2022-11-25,2507.25,2468.8,2515.0,2455.65,450737.0
229887,2022-08-18,2322.85,2280.0,2334.8,2275.2,512571.0
229887,2022-12-12,2642.4,2614.7,2653.0,2595.0,306720.0
229887,2022-09-16,2611.5,2750.0,2755.0,2558.25,2154427.0
229887,2022-12-13,2659.55,2662.0,2675.0,2643.0,429720.0
229887,2022-09-21,2531.2,2703.9,2714.0,2523.1,2989063.0
229887,2023-04-06,1712.0,1694.95,1717.45,1681.1,425340.0
229887,2022-12-02,2609.3,2589.0,2625.65,2555.0,816152.0
229887,2023-04-11,1737.4,1745.0,1757.9,1732.8,260590.0
229887,2023-03-02,1801.35,1768.95,1806.7,1733.1,1273916.0
229887,2023-05-11,1786.15,1753.45,1809.0,1752.0,1119753.0
229887,2023-03-17,1730.4,1774.7,1774.7,1723.05,566675.0
229887,2023-06-09,1837.3,1841.0,1846.0,1825.0,395254.0
229887,2023-03-29,1625.9,1592.35,1649.0,1592.35,1012619.0
229887,2023-07-14,1777.5,1776.05,1782.25,1770.25,190205.0
229887,2023-04-10,1740.95,1718.0,1751.55,1705.25,407043.0
229887,2023-07-21,1766.7,1803.4,1803.4,1762.65,365608.0
229887,2023-04-17,1784.35,1767.55,1788.15,1753.85,768051.0
229887,2023-08-04,2042.75,2039.05,2052.5,2015.8,525513.0
229887,2023-05-02,1764.15,1764.8,1777.0,1750.55,503277.0
229887,2023-05-19,1729.05,1719.95,1741.35,1705.0,492673.0
229887,2023-05-31,1777.2,1798.4,1809.0,1761.9,1373412.0
229887,2023-06-27,1788.6,1799.7,1802.0,1775.5,698909.0
229887,2023-07-27,1940.5,1927.0,1955.0,1900.0,1426409.0
229887,2022-07-04,2164.6,2170.9,2186.9,2154.1,169527.0
229887,2022-08-23,2296.05,2264.6,2315.9,2264.6,406760.0
229887,2022-08-01,2226.55,2232.0,2234.0,2208.8,286221.0
229887,2022-09-28,2350.3,2354.0,2409.0,2325.6,1257484.0
229887,2022-08-04,2222.3,2250.0,2250.0,2194.85,437800.0
229887,2022-09-30,2415.65,2370.0,2428.0,2360.4,896917.0
229887,2022-09-13,2572.8,2513.4,2592.95,2510.1,2058195.0
229887,2022-10-13,2253.9,2316.0,2318.0,2242.9,528138.0
229887,2022-11-23,2458.9,2469.9,2480.0,2444.05,278487.0
229887,2022-11-11,2390.65,2424.8,2433.75,2383.0,276834.0
229887,2022-12-08,2621.25,2602.0,2634.0,2602.0,337427.0
229887,2022-12-21,2540.95,2605.0,2635.0,2531.3,238252.0
229887,2023-02-03,1926.75,1845.0,1939.25,1695.9,4096049.0
229887,2023-01-24,2335.7,2330.0,2352.6,2319.3,178454.0
229887,2023-01-31,1968.3,1925.0,2014.35,1888.0,1733066.0
229887,2023-02-15,1852.15,1819.0,1864.75,1811.2,723678.0
229887,2023-04-19,1749.3,1765.0,1775.85,1742.85,372749.0
229887,2023-02-24,1730.0,1741.6,1749.8,1706.0,753146.0
229887,2023-06-14,1854.85,1850.5,1859.9,1842.5,250046.0
229887,2023-04-21,1717.95,1741.95,1744.8,1712.75,346777.0
229887,2023-07-04,1820.45,1828.65,1831.95,1814.6,307740.0
229887,2023-05-03,1743.6,1763.05,1774.0,1718.75,478140.0
229887,2023-07-17,1811.5,1788.35,1819.75,1781.0,414958.0
229887,2023-05-05,1764.65,1771.0,1785.0,1750.0,566808.0
229887,2023-07-28,1948.9,1950.0,1974.35,1913.6,2036905.0
229887,2023-06-28,1812.35,1788.0,1826.9,1788.0,552136.0
229887,2023-07-06,1820.35,1821.0,1827.6,1810.0,295412.0
229887,2023-07-19,1800.05,1804.95,1804.95,1791.5,200726.0
229887,2023-08-03,2028.15,1972.2,2050.0,1950.0,1104713.0
229887,2023-08-21,1971.95,1934.2,1979.0,1934.15,561719.0
229887,2023-08-23,1971.95,1979.9,1987.75,1968.0,68073.0
229887,2022-06-24,2098.2,2100.0,2116.2,2090.65,236889.0
229887,2022-07-26,2179.7,2200.0,2209.95,2171.55,232655.0
229887,2022-08-02,2227.65,2235.4,2262.6,2215.0,563363.0
229887,2022-07-13,2173.55,2177.0,2186.9,2164.0,218371.0
229887,2022-08-19,2350.85,2330.1,2367.75,2271.95,822726.0
229887,2022-08-05,2254.8,2230.15,2259.0,2218.6,291021.0
229887,2022-09-02,2290.05,2305.0,2307.35,2276.2,1374277.0
229887,2022-09-12,2500.85,2375.0,2514.65,2340.25,1990854.0
229887,2022-09-26,2378.25,2460.0,2476.0,2350.0,1687672.0
229887,2022-10-12,2316.8,2318.0,2339.4,2282.1,611941.0
229887,2022-09-14,2743.2,2550.05,2785.0,2541.1,4456168.0
229887,2022-10-17,2270.1,2232.0,2285.05,2205.3,1512370.0
229887,2022-09-22,2555.7,2505.0,2578.9,2461.2,2337503.0
229887,2022-11-15,2478.65,2447.65,2514.75,2442.1,1003908.0
229887,2022-09-23,2488.9,2575.0,2585.5,2472.2,1396618.0
229887,2022-12-20,2592.5,2635.0,2635.0,2570.55,271075.0
229887,2022-12-27,2478.0,2430.95,2487.95,2428.1,260633.0
229887,2022-09-27,2373.45,2390.0,2404.7,2313.1,1483769.0
229887,2022-11-22,2460.85,2458.0,2493.95,2440.05,290733.0
229887,2023-01-04,2409.3,2449.7,2483.45,2399.0,590726.0
229887,2022-12-28,2455.35,2475.0,2477.0,2447.55,201331.0
229887,2023-02-27,1694.8,1718.0,1727.0,1659.0,871143.0
229887,2023-03-13,1770.0,1865.95,1866.8,1765.05,759896.0
229887,2023-02-23,1727.55,1752.2,1759.95,1722.3,708163.0
229887,2023-03-09,1860.1,1895.9,1896.0,1848.85,576543.0
229887,2023-03-22,1738.35,1730.0,1746.0,1724.65,258724.0
229887,2023-03-20,1695.6,1730.0,1730.3,1676.05,449040.0
229887,2023-08-08,2000.95,2016.55,2032.8,1967.0,450388.0
229887,2023-06-16,1855.45,1850.0,1867.4,1848.15,317296.0
229887,2023-06-23,1766.9,1830.0,1830.55,1760.7,1080901.0
229887,2023-07-07,1791.5,1817.95,1817.95,1784.95,1083059.0
229887,2023-07-18,1795.1,1815.95,1818.65,1789.25,503572.0
229887,2023-08-11,1953.65,1947.05,1973.3,1927.25,651697.0
229887,2022-08-03,2236.4,2233.95,2241.55,2204.2,288612.0
229887,2022-07-07,2168.35,2188.0,2188.0,2157.3,89864.0
229887,2022-07-12,2167.25,2181.0,2182.6,2156.0,261604.0
229887,2022-08-30,2299.7,2299.7,2304.75,2285.25,915785.0
229887,2022-09-08,2421.15,2420.85,2452.5,2405.0,1047830.0
229887,2022-07-21,2174.55,2159.0,2179.9,2155.5,408365.0
229887,2022-10-11,2311.65,2375.05,2376.75,2305.7,380893.0
229887,2022-08-25,2284.2,2306.5,2309.0,2281.15,306034.0
229887,2022-11-03,2455.35,2410.0,2473.55,2410.0,406672.0
229887,2022-09-05,2288.15,2303.9,2305.0,2285.0,245656.0
229887,2022-11-28,2527.1,2515.0,2543.0,2500.2,876480.0
229887,2022-10-04,2359.65,2355.0,2373.3,2288.05,714858.0
229887,2023-01-27,1879.75,2176.55,2177.0,1732.6,4094621.0
229887,2022-10-10,2369.25,2350.0,2399.9,2350.0,383666.0
229887,2023-02-08,1973.75,2011.5,2042.0,1952.0,1359558.0
229887,2022-10-18,2219.25,2259.0,2293.2,2216.0,1189726.0
229887,2023-02-13,1823.15,1880.45,1903.45,1797.15,1145107.0
229887,2022-10-27,2313.0,2275.0,2318.0,2250.4,561435.0
229887,2023-02-14,1830.3,1825.0,1858.85,1770.55,1159351.0
229887,2022-11-04,2480.7,2462.0,2514.95,2459.3,585433.0
229887,2023-02-20,1850.65,1824.0,1862.9,1812.0,462228.0
229887,2022-11-14,2435.45,2400.0,2456.7,2379.0,557530.0
229887,2023-04-03,1709.0,1675.0,1714.0,1651.6,547370.0
229887,2022-12-01,2577.35,2568.0,2603.95,2550.0,770271.0
229887,2023-04-05,1687.95,1707.0,1716.45,1670.65,696020.0
229887,2023-05-04,1766.3,1742.0,1772.0,1742.0,283120.0
229887,2022-12-29,2447.85,2455.0,2467.7,2411.15,352346.0
229887,2023-05-16,1783.5,1804.0,1812.5,1780.15,219099.0
229887,2023-05-29,1794.4,1795.0,1808.0,1779.25,389902.0
229887,2023-01-20,2355.6,2393.0,2403.0,2350.55,199568.0
229887,2023-02-16,1841.65,1865.0,1890.25,1828.7,931391.0
229887,2023-02-17,1839.4,1840.0,1865.55,1812.55,882626.0
229887,2023-07-05,1820.8,1834.8,1834.8,1810.05,268278.0
229887,2023-03-08,1886.5,1865.1,1893.75,1845.8,690084.0
229887,2023-08-07,2031.05,2042.75,2050.75,2012.1,286662.0
229887,2023-03-16,1750.3,1735.0,1770.0,1720.1,370585.0
229887,2023-03-21,1724.6,1713.95,1739.85,1698.25,306383.0
229887,2023-04-20,1738.1,1750.0,1758.9,1735.0,256370.0
229887,2023-04-26,1738.7,1739.0,1748.95,1730.05,260778.0
229887,2023-05-30,1798.4,1794.4,1815.5,1785.5,345429.0
229887,2023-06-19,1825.4,1865.0,1865.35,1811.05,411272.0
229887,2023-06-20,1838.2,1828.8,1841.0,1810.5,362678.0
229887,2023-07-12,1789.65,1789.0,1794.95,1764.15,641496.0
229887,2023-07-13,1770.5,1790.0,1796.5,1764.3,440574.0
229887,2023-07-20,1800.45,1809.85,1810.0,1788.0,409980.0
229887,2023-07-26,1922.5,1899.95,1926.5,1873.85,1090375.0
229887,2023-07-31,2017.9,1945.0,2031.0,1933.3,1323856.0
229887,2022-07-14,2160.3,2178.0,2191.15,2148.0,245807.0
229887,2022-08-24,2301.65,2296.0,2310.0,2280.55,363437.0
229887,2022-09-07,2405.35,2340.0,2446.95,2329.0,2631230.0
229887,2022-10-28,2324.45,2315.0,2330.0,2284.0,650727.0
229887,2022-10-31,2390.3,2347.4,2397.9,2327.9,584214.0
229887,2022-11-10,2392.25,2428.0,2464.0,2378.75,513144.0
229887,2022-11-24,2461.35,2456.0,2473.0,2447.7,310621.0
229887,2022-11-30,2563.25,2516.95,2570.0,2507.55,565921.0
229887,2023-03-01,1769.45,1739.7,1776.05,1735.65,626061.0
229887,2023-03-27,1684.95,1701.0,1709.35,1680.5,340663.0
229887,2023-04-18,1760.1,1789.0,1789.0,1745.0,592829.0
229887,2023-05-10,1751.15,1765.0,1765.55,1746.55,332924.0
229887,2023-05-17,1758.15,1786.0,1804.0,1743.3,470809.0
229887,2023-06-22,1831.75,1845.85,1850.45,1830.0,444033.0
229887,2022-08-11,2228.9,2240.0,2242.6,2221.45,158170.0
229887,2022-10-03,2301.3,2419.8,2434.9,2288.0,1166442.0
229887,2022-11-01,2428.05,2399.0,2436.4,2386.55,726935.0
229887,2022-11-02,2440.0,2430.0,2453.05,2415.0,460821.0
229887,2023-02-07,1994.05,1970.0,2065.65,1965.3,2473866.0
229887,2023-02-10,1880.4,1900.0,1919.5,1872.0,1157601.0
229887,2023-03-14,1738.4,1777.95,1783.4,1696.0,903268.0
229887,2023-03-24,1700.85,1736.0,1745.95,1694.55,530916.0
229887,2023-04-28,1762.85,1724.85,1773.9,1700.0,866675.0
229887,2023-05-15,1799.9,1804.95,1812.85,1763.3,366238.0
229887,2023-05-18,1712.45,1763.0,1778.95,1704.45,647641.0
229887,2023-06-02,1815.6,1809.95,1819.0,1790.25,819953.0
229887,2023-06-08,1833.55,1864.0,1867.4,1820.05,663101.0
229887,2023-06-26,1792.3,1772.0,1796.8,1754.0,361121.0
229887,2023-08-10,1960.95,1990.0,1994.65,1950.0,294347.0
229887,2023-08-18,1934.1,1895.0,1955.95,1883.0,730944.0
229887,2022-07-19,2168.8,2170.0,2184.9,2100.35,202603.0
229887,2022-07-29,2227.4,2195.0,2238.9,2188.0,418157.0
229887,2022-08-10,2227.0,2224.55,2234.8,2214.5,200902.0
229887,2022-08-16,2271.35,2248.0,2278.0,2239.2,407096.0
229887,2022-09-29,2374.05,2370.0,2385.0,2321.3,1159023.0
229887,2022-10-07,2384.75,2370.15,2400.0,2350.0,567262.0
229887,2022-12-09,2619.5,2638.0,2642.4,2594.9,491049.0
229887,2023-01-05,2440.2,2407.5,2445.4,2375.35,347565.0
229887,2023-01-12,2364.4,2401.0,2411.3,2353.15,283433.0
229887,2023-01-17,2346.0,2362.0,2371.7,2326.4,231181.0
229887,2023-01-18,2365.0,2348.2,2370.0,2330.0,217218.0
229887,2023-03-31,1667.2,1640.0,1672.0,1630.0,638264.0
229887,2023-05-22,1813.4,1733.95,1843.3,1730.95,2232532.0
229887,2023-05-25,1778.15,1780.4,1789.0,1755.1,543016.0
229887,2023-05-26,1785.0,1790.0,1810.0,1773.55,373972.0
229887,2023-06-07,1851.75,1862.0,1870.0,1839.0,494896.0
229887,2023-07-11,1783.25,1804.9,1804.9,1778.35,552422.0
229887,2023-08-02,1971.25,2007.0,2026.7,1961.5,677137.0
229887,2022-06-27,2115.85,2114.95,2128.2,2103.0,235386.0
229887,2022-07-01,2167.1,2122.95,2174.0,2122.95,284645.0
229887,2022-07-22,2191.95,2175.0,2200.4,2160.0,594869.0
229887,2022-08-17,2283.15,2280.0,2307.35,2272.0,465269.0
229887,2022-09-01,2296.35,2294.7,2314.35,2290.0,282890.0
229887,2022-09-06,2329.95,2297.0,2354.9,2280.4,1018694.0
229887,2022-09-20,2725.6,2674.4,2762.0,2656.0,1961065.0
229887,2022-11-16,2465.6,2463.65,2511.25,2442.05,693470.0
229887,2022-12-16,2616.75,2610.1,2655.0,2595.35,433332.0
229887,2023-01-06,2415.95,2435.2,2457.05,2400.0,203880.0
229887,2023-01-13,2367.2,2372.05,2385.0,2362.9,331339.0
229887,2023-01-23,2323.45,2349.05,2364.0,2290.0,305955.0
229887,2023-04-12,1758.0,1745.85,1768.5,1736.6,444622.0
229887,2022-07-25,2204.45,2198.9,2213.0,2176.9,379605.0
229887,2022-09-15,2747.7,2770.05,2775.85,2683.0,2083853.0
229887,2022-08-22,2282.95,2359.95,2359.95,2277.05,517330.0
229887,2022-09-19,2641.1,2624.0,2721.9,2577.0,3716139.0
229887,2022-10-06,2381.75,2371.45,2397.75,2344.0,690259.0
229887,2022-11-07,2484.95,2486.5,2504.3,2452.15,470005.0
229887,2022-10-14,2243.65,2272.0,2285.95,2237.05,446497.0
229887,2022-10-19,2246.45,2219.0,2258.4,2212.55,724058.0
229887,2022-11-18,2460.7,2456.0,2470.0,2414.75,540609.0
229887,2022-10-21,2256.55,2271.0,2300.0,2241.05,389554.0
229887,2022-12-14,2668.6,2663.05,2675.0,2657.0,226019.0
229887,2022-10-24,2257.1,2265.25,2279.85,2252.3,46329.0
229887,2023-01-19,2391.15,2357.5,2418.0,2353.25,422029.0
229887,2022-11-09,2438.35,2484.95,2505.0,2424.95,675313.0
229887,2023-01-25,2165.7,2324.1,2329.95,2157.3,1224929.0
229887,2022-12-05,2621.1,2610.2,2628.8,2594.0,458990.0
229887,2022-12-23,2374.1,2491.0,2500.0,2356.4,262926.0
229887,2023-02-09,1916.0,1969.0,1969.0,1891.05,1491436.0
229887,2023-03-15,1740.0,1758.0,1760.25,1714.1,672348.0
229887,2022-12-26,2423.65,2372.0,2448.5,2360.0,480611.0
229887,2023-05-08,1766.65,1774.8,1778.9,1755.0,582663.0
229887,2023-01-10,2418.95,2469.9,2488.0,2407.5,341404.0
229887,2023-01-11,2394.95,2429.0,2458.95,2388.05,327925.0
229887,2023-06-01,1800.3,1782.0,1823.7,1780.7,542023.0
229887,2023-06-30,1813.7,1819.95,1827.75,1800.6,614896.0
229887,2023-01-16,2361.4,2376.4,2380.5,2354.5,180024.0
229887,2023-07-03,1825.1,1823.95,1835.0,1812.8,445138.0
229887,2023-02-21,1828.4,1858.25,1868.35,1820.0,576509.0
229887,2023-07-10,1794.7,1792.0,1807.0,1775.6,516907.0
229887,2023-03-10,1846.9,1847.0,1858.65,1819.8,402781.0
229887,2023-08-14,1910.35,1949.65,1949.65,1905.0,307784.0
229887,2023-06-05,1810.45,1821.0,1826.5,1806.5,539080.0
229887,2023-06-15,1850.0,1859.0,1869.5,1845.1,557113.0
229887,2023-07-24,1804.6,1777.45,1816.0,1773.6,532719.0
229887,2023-08-16,1892.15,1905.0,1905.0,1880.0,288181.0
229887,2022-07-08,2169.35,2175.0,2201.1,2159.85,240521.0
229887,2022-08-08,2224.6,2260.0,2271.0,2220.3,323076.0
229887,2022-11-17,2448.15,2464.0,2482.45,2440.55,188784.0
229887,2022-11-29,2514.05,2538.0,2562.0,2506.0,474639.0
229887,2022-12-06,2621.15,2610.0,2656.85,2608.05,599147.0
229887,2022-12-07,2605.95,2619.85,2643.8,2598.6,418544.0
229887,2022-12-15,2635.5,2661.75,2672.0,2611.0,439279.0
229887,2022-12-19,2638.5,2612.95,2645.95,2600.2,184905.0
229887,2022-12-22,2513.7,2540.0,2578.0,2496.75,332075.0
229887,2022-12-30,2441.6,2459.0,2474.0,2434.2,145633.0
229887,2023-01-02,2439.75,2440.0,2467.0,2436.65,162920.0
229887,2023-01-03,2442.7,2440.05,2453.0,2428.0,356701.0
229887,2023-02-01,1846.45,1999.5,2008.5,1750.0,4840022.0
229887,2023-02-06,1969.55,1929.0,1988.0,1880.0,1358051.0
229887,2023-02-28,1731.7,1694.8,1773.45,1671.75,2034912.0
229887,2023-03-03,1894.05,1850.0,1916.3,1830.0,2157584.0
229887,2023-03-28,1613.95,1693.0,1696.0,1592.55,1032882.0
229887,2023-04-13,1767.55,1758.8,1771.6,1748.1,647769.0
229887,2023-04-24,1734.65,1719.9,1740.0,1710.3,258999.0
229887,2023-05-09,1759.3,1774.5,1783.95,1752.0,431605.0
229887,2023-05-24,1780.4,1815.0,1829.0,1776.05,736922.0
229887,2023-06-06,1856.3,1815.0,1864.0,1815.0,1431557.0
229887,2023-06-13,1846.95,1845.0,1859.5,1835.8,375850.0
229887,2023-06-21,1845.85,1845.0,1852.0,1830.75,421375.0
229887,2023-08-01,2010.6,2014.7,2029.0,1980.2,522582.0
229887,2023-08-22,1979.1,1975.15,1992.55,1963.95,407798.0
229887,2022-07-06,2174.35,2148.05,2179.9,2148.0,123949.0
229887,2022-08-26,2285.5,2289.0,2306.15,2277.55,582197.0
229887,2022-08-29,2288.6,2274.0,2298.0,2271.1,360252.0
229887,2022-09-09,2365.6,2448.0,2507.95,2352.05,1690337.0
229887,2023-01-09,2464.65,2428.05,2471.35,2425.5,291084.0
229887,2023-01-30,1904.15,1920.0,2067.7,1800.0,3933685.0
229887,2023-02-02,1841.25,2010.0,2010.0,1767.0,3416062.0
229887,2023-02-22,1752.2,1825.0,1827.0,1719.8,1237245.0
229887,2023-03-06,1865.8,1905.0,1932.3,1855.0,1384486.0
229887,2023-03-23,1738.3,1738.0,1752.2,1725.0,448459.0
229887,2023-04-25,1736.15,1735.0,1751.0,1726.75,258998.0
229887,2023-04-27,1750.85,1744.9,1758.0,1732.1,273621.0
229887,2023-05-12,1798.0,1795.75,1835.0,1780.0,1171091.0
229887,2023-05-23,1819.45,1828.85,1867.0,1810.0,1668192.0
229887,2023-06-12,1838.55,1841.25,1847.95,1826.2,213874.0
229887,2023-07-25,1891.75,1810.0,1895.0,1810.0,2498279.0
229887,2023-08-09,1987.15,2000.95,2009.0,1975.9,187614.0
229887,2023-08-17,1900.85,1893.0,1908.9,1881.0,234693.0
