stockid,date,close,open,high,low,volume
1003525,2021-09-03,560.85,564.35,567.25,555.0,481989.0
1003525,2021-10-07,549.4,560.0,561.0,542.35,1571412.0
1003525,2021-11-16,532.0,511.25,537.95,511.25,915204.0
1003525,2022-01-03,492.15,498.1,501.75,491.45,268669.0
1003525,2022-01-18,504.4,514.0,516.4,502.2,270682.0
1003525,2022-01-24,478.35,494.0,495.15,470.0,244746.0
1003525,2022-03-11,395.6,395.0,400.75,392.6,238770.0
1003525,2022-05-18,308.65,305.0,315.0,302.65,703573.0
1003525,2022-06-06,299.0,306.5,306.5,296.0,184064.0
1003525,2022-06-30,296.85,298.9,300.55,291.7,126754.0
1003525,2021-09-14,552.05,542.55,555.5,542.55,482527.0
1003525,2021-11-03,547.25,548.9,554.0,540.6,718887.0
1003525,2021-11-18,514.45,535.0,540.35,508.2,704762.0
1003525,2021-09-06,567.4,562.0,577.9,560.2,1038320.0
1003525,2021-11-30,531.35,506.05,556.05,500.1,2467538.0
1003525,2021-09-17,538.6,558.0,562.05,537.5,817009.0
1003525,2021-12-03,523.0,523.0,528.45,520.25,202757.0
1003525,2021-10-25,497.95,510.0,514.85,495.6,160200.0
1003525,2021-12-10,531.85,535.0,535.0,529.05,68427.0
1003525,2021-11-17,532.0,539.7,539.8,529.35,397332.0
1003525,2021-12-14,533.1,523.1,534.0,523.1,176509.0
1003525,2022-01-14,510.8,500.0,516.0,498.0,123395.0
1003525,2021-12-15,528.45,535.0,537.9,524.0,186784.0
1003525,2022-01-17,512.75,510.0,515.85,503.5,89137.0
1003525,2021-12-29,494.5,488.5,502.1,486.0,208917.0
1003525,2022-01-19,497.95,501.0,506.35,496.05,165450.0
1003525,2022-01-12,500.4,491.0,501.4,489.2,208333.0
1003525,2022-02-16,381.7,391.0,395.45,380.0,305992.0
1003525,2022-01-28,448.6,451.0,452.0,438.65,743847.0
1003525,2022-02-21,353.65,375.0,379.1,350.0,961272.0
1003525,2022-02-02,456.3,462.0,464.85,451.55,207165.0
1003525,2022-03-09,367.4,370.0,373.05,357.55,361262.0
1003525,2022-02-09,428.6,431.5,438.0,410.0,446937.0
1003525,2022-03-16,389.0,390.0,400.0,385.0,410691.0
1003525,2022-04-07,380.85,386.0,386.0,376.45,196489.0
1003525,2022-04-05,387.5,388.25,393.75,384.4,131662.0
1003525,2022-05-05,331.15,343.0,343.1,325.55,95877.0
1003525,2022-04-21,364.15,371.0,374.15,363.65,112356.0
1003525,2022-05-24,296.35,299.35,301.95,295.0,385440.0
1003525,2022-04-29,351.85,359.95,359.95,350.1,50942.0
1003525,2022-06-17,271.3,281.0,284.45,266.45,562484.0
1003525,2022-06-20,264.8,274.0,274.1,260.5,324706.0
1003525,2021-08-24,520.55,532.0,564.95,507.15,5703185.0
1003525,2021-09-09,546.75,553.0,553.1,542.1,494998.0
1003525,2021-10-13,534.5,539.7,539.7,526.95,381592.0
1003525,2021-11-08,552.7,540.0,560.0,538.8,1075930.0
1003525,2021-11-29,508.25,517.0,517.4,500.0,151576.0
1003525,2021-12-01,523.1,539.75,549.8,521.2,167263.0
1003525,2022-02-08,430.7,459.0,459.0,424.95,275012.0
1003525,2022-02-28,346.6,320.9,349.0,320.0,1011789.0
1003525,2022-04-26,357.55,367.0,368.15,356.0,101168.0
1003525,2021-08-23,531.7,485.0,550.0,485.0,22080190.0
1003525,2021-11-15,514.35,516.0,519.1,501.2,1201471.0
1003525,2021-11-26,519.1,531.0,535.0,515.5,151662.0
1003525,2021-12-16,524.8,529.0,538.8,521.0,101712.0
1003525,2022-01-21,496.0,493.1,502.5,490.05,102785.0
1003525,2022-01-31,450.95,459.0,461.6,446.55,220193.0
1003525,2022-02-03,456.45,456.0,459.5,453.0,326409.0
1003525,2022-03-10,389.7,371.9,410.0,370.5,340168.0
1003525,2022-03-14,399.55,400.0,409.0,396.0,270302.0
1003525,2022-03-24,375.25,391.0,392.95,372.2,237909.0
1003525,2022-04-12,377.7,381.0,383.75,374.45,103430.0
1003525,2022-04-19,365.4,372.5,377.95,362.0,162077.0
1003525,2022-05-10,297.6,300.0,308.0,294.1,708767.0
1003525,2022-05-12,304.45,308.0,308.0,296.1,563910.0
1003525,2022-05-20,299.0,299.0,313.95,298.0,458890.0
1003525,2022-06-07,297.1,301.5,304.95,296.45,121063.0
1003525,2022-06-23,290.8,279.0,295.0,275.25,521565.0
1003525,2022-06-28,300.15,303.0,307.0,297.1,546461.0
1003525,2021-09-08,553.4,563.5,563.9,552.0,331856.0
1003525,2021-09-27,552.35,560.0,562.4,550.9,354994.0
1003525,2021-11-22,515.0,521.0,529.9,514.0,435066.0
1003525,2021-11-25,539.05,534.4,547.0,531.3,521806.0
1003525,2021-12-24,497.15,505.8,505.8,496.0,134632.0
1003525,2022-01-10,494.25,489.4,499.95,488.5,338546.0
1003525,2022-02-25,320.9,301.0,328.0,301.0,4011624.0
1003525,2022-03-04,374.15,365.0,375.15,363.5,424235.0
1003525,2022-03-07,367.45,369.9,378.7,361.0,452045.0
1003525,2022-03-31,394.95,393.95,399.0,375.5,515709.0
1003525,2022-04-06,383.7,388.85,396.65,381.0,243444.0
1003525,2022-05-09,299.8,320.0,321.85,296.05,371268.0
1003525,2022-06-09,281.8,282.0,285.8,280.8,104550.0
1003525,2022-06-24,292.95,288.4,293.7,288.4,361387.0
1003525,2022-06-29,298.3,300.0,313.0,296.1,379499.0
1003525,2021-08-27,535.9,525.0,538.0,520.2,980070.0
1003525,2021-08-31,556.15,550.0,559.8,539.6,931453.0
1003525,2021-10-11,544.95,544.1,558.0,541.5,306492.0
1003525,2021-10-19,525.95,530.0,531.7,524.2,257763.0
1003525,2021-10-29,527.85,514.05,534.0,512.0,260162.0
1003525,2021-11-10,535.6,541.0,544.2,530.0,237228.0
1003525,2021-12-20,501.3,515.0,518.85,500.35,192920.0
1003525,2021-12-30,498.65,496.05,501.95,495.0,76322.0
1003525,2022-01-11,488.4,494.25,499.35,487.1,68831.0
1003525,2022-01-25,460.45,477.2,478.75,458.4,361831.0
1003525,2022-02-22,345.2,350.0,351.95,343.85,246693.0
1003525,2022-02-24,296.7,328.0,328.0,295.0,390748.0
1003525,2022-03-23,389.0,382.0,392.0,382.0,159714.0
1003525,2022-03-28,368.4,378.35,378.35,365.0,178274.0
1003525,2022-05-13,297.4,309.8,309.95,296.0,97006.0
1003525,2022-05-31,301.5,316.0,319.8,297.0,293110.0
1003525,2021-08-26,528.55,532.9,538.8,522.4,1535636.0
1003525,2021-09-01,562.2,560.0,571.9,555.95,1565064.0
1003525,2021-09-20,539.7,536.0,543.95,535.25,440764.0
1003525,2021-09-28,547.7,559.75,559.75,540.05,449949.0
1003525,2021-10-04,551.15,548.1,552.5,548.0,153098.0
1003525,2021-10-06,555.75,555.0,559.8,551.0,483458.0
1003525,2021-10-14,528.9,531.1,549.6,527.15,437661.0
1003525,2021-11-24,528.0,519.4,532.5,518.35,621262.0
1003525,2021-12-07,526.4,523.0,531.45,516.0,123615.0
1003525,2022-02-04,453.55,458.25,459.0,448.85,300614.0
1003525,2022-02-10,426.35,419.2,430.9,415.05,428291.0
1003525,2022-04-13,377.05,381.0,381.0,375.5,61022.0
1003525,2022-04-18,370.7,376.0,377.55,368.2,69902.0
1003525,2022-04-20,369.15,365.4,376.4,365.4,78181.0
1003525,2022-06-03,305.15,321.9,321.9,303.05,216621.0
1003525,2021-09-16,557.05,552.0,569.4,548.7,1565279.0
1003525,2021-09-23,552.0,554.75,554.75,549.0,368460.0
1003525,2021-09-29,545.15,545.05,547.9,542.3,337031.0
1003525,2021-10-20,520.35,525.0,526.6,504.2,793648.0
1003525,2021-11-01,528.65,517.4,536.4,517.4,110704.0
1003525,2021-12-09,538.45,528.0,541.0,527.0,353082.0
1003525,2021-12-13,527.1,531.85,533.95,525.0,69866.0
1003525,2021-12-21,503.85,503.0,511.7,501.5,59082.0
1003525,2022-02-01,460.95,459.0,467.7,452.45,231547.0
1003525,2022-02-17,389.7,382.1,392.15,382.1,116351.0
1003525,2022-04-25,364.9,365.0,372.65,364.0,96574.0
1003525,2022-05-30,315.6,304.5,327.15,298.05,746290.0
1003525,2021-08-30,542.8,542.0,565.0,529.2,1890032.0
1003525,2021-09-07,560.4,574.0,577.0,556.3,1016848.0
1003525,2021-12-06,521.1,520.0,522.05,516.65,116667.0
1003525,2021-12-27,491.45,500.0,503.65,490.5,128371.0
1003525,2022-01-06,490.05,491.0,495.0,489.35,93717.0
1003525,2022-02-15,390.45,391.4,394.75,381.3,230700.0
1003525,2022-03-15,387.15,406.4,406.4,380.85,422009.0
1003525,2022-04-22,365.45,364.0,374.0,363.35,102229.0
1003525,2022-06-01,311.25,300.0,315.0,298.55,297796.0
1003525,2022-06-08,286.05,300.05,300.05,283.6,365792.0
1003525,2021-09-21,536.3,540.0,544.85,532.0,419127.0
1003525,2021-12-23,503.2,506.0,509.7,502.5,49860.0
1003525,2021-12-28,485.9,497.0,497.0,485.25,294013.0
1003525,2022-02-14,394.95,380.0,397.0,377.1,316088.0
1003525,2022-02-23,335.3,343.0,344.9,331.25,1075604.0
1003525,2022-03-03,376.6,385.0,392.65,369.0,797242.0
1003525,2022-03-30,396.05,372.1,405.0,371.95,762286.0
1003525,2022-04-04,388.25,395.2,399.65,385.05,138130.0
1003525,2022-05-04,340.15,348.0,348.85,338.5,39302.0
1003525,2022-05-19,294.7,305.0,305.45,292.35,198484.0
1003525,2022-06-14,275.8,274.45,279.0,274.45,120758.0
1003525,2022-06-22,277.75,275.0,300.1,267.9,535142.0
1003525,2021-09-02,564.35,563.5,570.0,555.95,826114.0
1003525,2021-10-18,530.0,534.7,534.7,525.3,372884.0
1003525,2021-11-09,543.05,554.1,556.35,539.0,331157.0
1003525,2022-03-02,382.05,347.0,404.8,347.0,1670427.0
1003525,2022-04-11,383.55,390.0,393.3,382.0,187502.0
1003525,2022-05-16,305.95,306.0,309.75,298.45,91616.0
1003525,2022-05-23,299.35,305.0,308.0,292.65,269015.0
1003525,2021-09-22,545.0,536.3,552.5,536.1,835616.0
1003525,2021-10-05,554.4,550.0,560.0,547.0,233997.0
1003525,2021-10-21,519.7,519.55,525.2,515.05,161518.0
1003525,2021-10-22,508.55,522.45,522.5,506.0,147126.0
1003525,2021-11-23,519.4,522.75,528.0,511.35,258764.0
1003525,2021-12-17,521.8,532.0,532.0,516.0,93988.0
1003525,2022-02-11,401.05,426.0,429.85,398.0,734236.0
1003525,2022-03-29,369.25,369.0,379.0,361.0,382432.0
1003525,2022-04-08,386.85,383.0,388.95,381.75,137118.0
1003525,2022-05-17,303.55,308.95,308.95,300.0,78221.0
1003525,2022-05-26,299.95,302.0,302.0,297.05,169388.0
1003525,2022-06-02,317.8,307.0,324.45,307.0,180465.0
1003525,2021-10-12,536.4,542.1,548.35,535.35,177574.0
1003525,2021-10-27,516.1,524.95,526.0,514.85,187396.0
1003525,2022-01-13,500.7,500.0,504.9,492.5,126379.0
1003525,2022-03-08,364.8,359.1,371.2,358.75,444886.0
1003525,2022-03-21,379.85,383.5,385.9,368.45,212243.0
1003525,2022-04-27,357.25,358.6,359.95,353.05,60347.0
1003525,2022-05-06,324.45,325.0,329.05,318.45,59674.0
1003525,2022-05-25,297.1,299.95,300.0,295.0,181091.0
1003525,2022-05-27,299.6,308.0,310.0,297.7,561169.0
1003525,2022-06-21,271.35,269.5,275.15,268.2,260222.0
1003525,2022-06-27,304.05,298.5,308.0,288.05,421137.0
1003525,2021-08-25,532.65,522.05,535.0,521.1,1295995.0
1003525,2021-09-13,544.8,545.0,551.5,542.0,223610.0
1003525,2021-09-15,554.55,555.0,557.9,550.05,595194.0
1003525,2021-09-30,543.5,543.5,546.0,538.65,193616.0
1003525,2021-10-01,545.75,543.5,548.0,540.5,246944.0
1003525,2021-10-28,515.75,511.25,524.35,511.25,158562.0
1003525,2021-11-02,549.3,533.95,555.4,529.3,521905.0
1003525,2021-12-02,525.15,521.1,528.05,521.1,114032.0
1003525,2021-12-08,525.0,525.55,528.75,518.75,251360.0
1003525,2021-12-22,503.4,506.0,513.85,502.0,54827.0
1003525,2021-12-31,499.35,495.0,511.0,495.0,143452.0
1003525,2022-01-04,494.85,492.5,500.0,492.5,57180.0
1003525,2022-01-07,489.05,488.05,495.6,486.4,313813.0
1003525,2022-02-18,382.9,390.0,393.95,380.0,163876.0
1003525,2022-03-17,377.15,393.05,395.45,371.5,2596794.0
1003525,2022-03-25,378.35,380.9,391.0,374.25,318825.0
1003525,2022-04-01,392.6,394.5,395.85,385.1,196408.0
1003525,2022-04-28,357.45,357.25,359.8,353.1,67192.0
1003525,2022-05-11,308.3,296.0,310.6,296.0,1402937.0
1003525,2022-06-13,276.6,282.5,282.5,275.0,190645.0
1003525,2022-06-15,274.05,275.05,276.6,271.9,824944.0
1003525,2021-09-24,553.45,552.6,562.0,551.95,402319.0
1003525,2021-10-08,547.75,550.0,554.4,545.05,122795.0
1003525,2021-10-26,524.95,496.05,541.3,496.05,476872.0
1003525,2021-11-04,538.8,548.0,550.0,536.3,59981.0
1003525,2021-11-11,521.1,530.25,531.05,518.25,281526.0
1003525,2021-11-12,514.55,525.0,528.2,511.0,621143.0
1003525,2022-01-05,495.7,495.0,498.8,493.45,121022.0
1003525,2022-01-20,495.9,500.6,500.6,492.95,144156.0
1003525,2022-01-27,450.8,458.75,458.75,440.8,315911.0
1003525,2022-02-07,450.2,451.5,458.45,449.55,143896.0
1003525,2022-03-22,383.95,381.0,389.0,375.15,1263781.0
1003525,2022-05-02,346.25,350.0,351.15,340.6,248962.0
1003525,2022-06-10,285.9,281.4,288.0,278.1,165648.0
1003525,2022-06-16,281.35,277.0,291.0,260.25,1199364.0
1003525,2022-08-19,340.85,347.7,348.0,337.25,121142.0
1003525,2022-09-01,366.3,359.7,370.0,352.2,272470.0
1003525,2022-09-05,349.3,354.95,358.45,348.0,80270.0
1003525,2022-09-14,414.5,375.0,420.9,365.75,3288825.0
1003525,2022-09-28,406.8,399.8,412.15,396.15,421865.0
1003525,2022-11-28,370.25,365.0,371.95,365.0,104473.0
1003525,2022-12-15,396.6,395.85,405.0,390.3,55873.0
1003525,2022-12-16,391.0,392.0,394.5,385.65,101085.0
1003525,2022-12-28,357.2,359.8,359.85,355.0,104009.0
1003525,2023-01-11,375.1,374.0,376.3,372.35,34055.0
1003525,2023-01-20,376.3,382.85,382.85,370.2,103313.0
1003525,2023-02-02,349.5,361.2,364.4,348.05,262951.0
1003525,2023-02-10,377.85,366.85,384.0,366.85,84343.0
1003525,2023-02-20,361.4,361.15,370.45,359.6,52729.0
1003525,2022-07-05,296.0,300.8,302.95,289.55,466649.0
1003525,2022-07-12,285.45,291.0,291.75,283.75,114871.0
1003525,2022-07-14,283.95,285.6,291.8,281.1,223610.0
1003525,2022-07-19,289.65,290.0,296.0,287.4,301444.0
1003525,2022-08-01,338.05,331.0,340.3,326.2,236637.0
1003525,2022-10-06,413.1,411.0,419.0,404.55,297104.0
1003525,2022-10-17,387.6,395.0,399.95,386.0,196656.0
1003525,2022-10-18,391.5,389.0,397.35,387.55,93515.0
1003525,2022-11-01,398.35,400.65,402.7,395.7,83448.0
1003525,2022-12-20,382.9,386.15,387.65,378.55,32435.0
1003525,2022-12-29,361.15,354.0,362.55,354.0,67447.0
1003525,2023-01-31,361.35,360.15,369.0,356.1,72930.0
1003525,2023-02-07,360.65,342.0,366.7,342.0,207648.0
1003525,2023-02-28,350.05,355.25,358.9,348.5,36684.0
1003525,2023-03-22,336.05,337.0,346.05,335.25,45163.0
1003525,2022-07-15,287.7,284.0,290.4,284.0,101068.0
1003525,2022-07-29,331.1,333.35,334.25,323.05,598613.0
1003525,2022-08-10,337.95,339.05,339.55,334.05,209279.0
1003525,2022-08-11,332.7,346.95,346.95,330.5,157021.0
1003525,2022-09-29,397.7,416.8,416.8,393.4,384558.0
1003525,2022-10-21,392.15,399.4,405.5,388.25,123674.0
1003525,2022-11-21,366.3,375.0,375.0,365.25,130614.0
1003525,2023-01-25,361.85,364.4,366.85,357.05,77220.0
1003525,2022-08-03,343.3,339.95,352.9,338.05,644583.0
1003525,2022-07-21,291.25,290.6,293.3,289.45,68998.0
1003525,2022-07-28,328.4,341.0,342.4,327.0,325393.0
1003525,2022-08-08,344.2,339.2,349.25,338.05,231175.0
1003525,2022-08-16,352.85,344.9,359.8,340.4,323263.0
1003525,2022-08-25,351.35,347.95,353.8,340.8,602376.0
1003525,2022-09-30,411.1,398.0,417.0,395.0,306349.0
1003525,2022-11-04,401.95,404.5,412.0,398.45,470798.0
1003525,2022-11-23,369.9,372.0,380.2,368.1,322218.0
1003525,2022-12-02,393.95,378.0,397.65,376.8,327296.0
1003525,2023-01-04,368.25,371.0,376.0,367.4,72419.0
1003525,2023-03-20,335.2,368.65,370.35,288.0,124019.0
1003525,2023-03-21,340.1,340.2,341.35,330.0,73821.0
1003525,2023-03-24,334.65,335.9,336.9,325.2,58652.0
1003525,2023-04-11,333.7,338.7,341.55,332.0,146580.0
1003525,2022-07-22,307.6,291.0,312.2,288.65,1130227.0
1003525,2022-07-27,339.9,320.25,341.85,320.25,1526371.0
1003525,2022-08-26,351.7,354.5,358.7,350.0,219707.0
1003525,2022-08-29,344.95,342.05,351.85,342.05,152756.0
1003525,2022-09-07,364.05,350.95,374.5,349.4,738808.0
1003525,2022-09-13,383.65,384.9,385.35,379.3,220116.0
1003525,2022-10-11,397.9,403.85,403.9,394.9,140179.0
1003525,2022-11-11,380.4,383.0,386.85,379.1,74477.0
1003525,2022-11-25,370.0,373.0,375.9,368.8,111114.0
1003525,2022-12-01,377.35,370.0,382.0,370.0,254987.0
1003525,2023-01-16,387.4,381.0,396.0,379.05,99346.0
1003525,2022-07-25,314.25,304.4,317.8,301.2,1486753.0
1003525,2022-08-30,359.85,349.7,364.4,348.0,370845.0
1003525,2022-11-17,372.5,377.9,379.75,372.05,35900.0
1003525,2022-12-09,404.3,404.65,408.5,396.0,170466.0
1003525,2022-12-14,395.85,400.2,404.5,395.1,56838.0
1003525,2022-12-19,385.5,386.15,392.7,385.0,32441.0
1003525,2022-12-30,365.05,365.95,370.0,362.8,196231.0
1003525,2023-01-03,370.1,369.25,375.0,369.25,126049.0
1003525,2023-01-13,380.55,384.95,384.95,379.65,36599.0
1003525,2023-01-17,381.95,386.0,386.1,380.0,24734.0
1003525,2023-02-15,357.05,363.0,363.0,355.0,44606.0
1003525,2023-02-17,361.35,354.95,372.0,353.2,218790.0
1003525,2023-02-23,361.25,360.0,367.8,358.15,24192.0
1003525,2023-03-29,343.65,335.9,348.1,333.0,117052.0
1003525,2023-04-03,349.6,343.2,353.0,343.2,37151.0
1003525,2022-08-17,349.45,358.85,360.15,346.1,322047.0
1003525,2022-08-23,336.75,331.35,341.0,330.95,155087.0
1003525,2022-09-02,354.4,366.25,372.1,352.3,210539.0
1003525,2022-09-09,371.05,384.5,388.0,369.15,205749.0
1003525,2022-10-24,389.65,395.9,396.9,388.1,20325.0
1003525,2022-11-02,405.9,402.0,408.5,398.9,119027.0
1003525,2022-11-14,384.6,380.5,398.75,378.65,317024.0
1003525,2022-11-30,370.15,375.3,376.4,368.8,217754.0
1003525,2022-12-22,373.8,378.5,382.2,365.5,506962.0
1003525,2023-03-03,352.3,355.4,355.4,350.3,41833.0
1003525,2023-03-08,352.9,353.0,354.0,346.65,58700.0
1003525,2022-08-02,341.2,339.0,343.5,334.2,433912.0
1003525,2022-09-06,351.0,353.95,353.95,339.5,228749.0
1003525,2022-09-15,406.65,419.7,428.0,396.7,1229925.0
1003525,2022-09-22,410.65,420.0,428.2,408.6,658908.0
1003525,2022-10-04,407.45,410.5,414.4,405.05,149301.0
1003525,2022-11-09,390.35,398.2,406.0,385.65,228500.0
1003525,2023-01-27,353.5,361.85,368.15,349.2,933259.0
1003525,2023-02-14,358.5,369.0,370.95,353.5,66075.0
1003525,2023-03-02,348.65,353.0,357.6,346.8,74555.0
1003525,2023-03-09,349.15,354.8,355.45,348.2,26812.0
1003525,2023-03-10,346.1,346.05,350.95,345.5,24140.0
1003525,2023-03-15,335.4,335.7,344.4,331.3,45705.0
1003525,2023-03-31,344.9,343.65,346.7,341.1,157117.0
1003525,2023-04-05,344.35,349.95,355.0,341.2,94785.0
1003525,2023-04-10,338.15,345.0,358.0,336.0,177558.0
1003525,2022-07-11,289.7,292.0,294.0,286.05,205433.0
1003525,2022-07-01,304.7,299.0,307.4,292.5,150042.0
1003525,2022-07-20,290.85,293.0,295.5,289.0,98468.0
1003525,2022-08-18,345.4,349.45,351.45,344.0,161969.0
1003525,2022-10-20,396.3,391.0,400.0,388.8,133341.0
1003525,2022-11-18,367.5,372.8,375.9,364.05,145378.0
1003525,2022-12-23,354.85,365.5,370.1,349.05,231912.0
1003525,2022-12-26,362.6,366.95,401.0,356.05,258544.0
1003525,2022-12-27,358.15,367.0,370.65,354.1,117733.0
1003525,2023-01-12,380.25,377.0,382.7,376.35,167402.0
1003525,2023-01-18,380.1,381.2,382.45,379.25,25581.0
1003525,2023-03-16,326.9,332.5,336.05,325.75,233230.0
1003525,2022-07-26,322.3,315.0,336.7,314.3,1568337.0
1003525,2022-07-08,290.5,298.2,299.7,289.65,405412.0
1003525,2022-08-05,339.2,342.25,343.6,336.95,92863.0
1003525,2022-09-20,455.5,464.4,475.0,448.4,2970845.0
1003525,2022-10-12,399.35,398.0,402.35,396.0,135689.0
1003525,2022-10-13,398.35,401.5,412.5,396.0,191056.0
1003525,2022-10-14,400.95,402.9,409.3,400.0,80416.0
1003525,2022-10-19,391.9,393.8,397.45,390.0,75843.0
1003525,2022-10-28,391.2,394.1,399.2,387.35,385253.0
1003525,2022-11-15,384.1,385.15,387.7,382.0,72703.0
1003525,2022-11-16,377.9,384.0,386.5,375.35,53006.0
1003525,2022-12-12,397.85,405.0,406.0,390.55,155261.0
1003525,2023-01-05,368.6,367.0,376.65,363.55,96005.0
1003525,2023-01-06,367.2,371.0,372.2,365.45,68317.0
1003525,2023-01-10,373.55,371.9,374.7,368.25,50234.0
1003525,2023-01-19,380.2,378.05,385.7,378.05,37359.0
1003525,2023-02-24,371.05,360.7,375.45,358.3,195969.0
1003525,2023-03-01,352.0,350.05,354.9,350.05,28641.0
1003525,2022-07-13,287.45,288.4,291.1,285.0,97515.0
1003525,2022-08-04,339.25,343.9,346.95,333.0,190531.0
1003525,2022-08-22,335.0,340.95,342.45,334.05,361995.0
1003525,2022-09-27,404.85,399.75,408.5,392.9,349303.0
1003525,2022-10-31,396.5,391.25,398.9,391.25,88752.0
1003525,2022-11-22,367.0,368.3,370.0,365.0,285234.0
1003525,2022-11-29,375.0,370.45,378.4,369.0,93942.0
1003525,2022-12-05,399.1,394.05,399.55,389.35,177024.0
1003525,2022-12-06,398.85,395.0,404.4,394.5,94108.0
1003525,2023-01-09,369.2,370.0,375.55,368.0,71447.0
1003525,2023-02-16,354.95,357.5,360.95,354.0,31812.0
1003525,2023-02-27,355.45,368.0,370.65,354.5,66168.0
1003525,2023-03-14,333.9,342.5,345.0,331.4,72866.0
1003525,2022-07-07,295.85,299.5,299.75,294.0,135842.0
1003525,2022-09-16,402.05,408.4,419.8,393.55,567484.0
1003525,2022-08-12,339.5,333.0,340.75,331.05,173951.0
1003525,2022-09-12,382.1,380.0,386.0,377.5,737216.0
1003525,2022-09-21,420.25,448.0,450.8,411.0,1597778.0
1003525,2022-09-23,401.95,411.0,416.85,397.65,363161.0
1003525,2022-11-07,400.75,403.0,406.8,399.2,133704.0
1003525,2022-11-24,370.15,370.05,373.75,368.3,293335.0
1003525,2023-01-02,369.25,365.05,374.8,365.05,102047.0
1003525,2023-01-23,365.45,380.05,382.55,362.35,43253.0
1003525,2023-01-24,367.3,362.5,370.75,362.0,45960.0
1003525,2023-02-03,351.65,352.95,354.1,335.05,74072.0
1003525,2023-02-21,366.15,361.0,367.0,358.05,58005.0
1003525,2023-03-17,329.75,331.7,331.7,325.0,51123.0
1003525,2022-10-07,408.15,407.0,413.5,406.5,75717.0
1003525,2022-11-10,383.0,380.0,387.65,377.0,176063.0
1003525,2022-12-07,398.0,395.0,402.05,392.55,127091.0
1003525,2023-01-30,358.55,350.5,367.25,350.4,357544.0
1003525,2023-02-13,367.95,380.0,380.95,367.0,70081.0
1003525,2023-03-23,332.65,337.8,337.8,332.0,26984.0
1003525,2022-09-19,448.3,405.5,460.0,404.35,3209739.0
1003525,2022-10-10,399.9,402.9,405.1,398.5,134405.0
1003525,2022-10-25,395.1,390.0,400.0,387.1,84038.0
1003525,2022-10-27,394.0,395.1,408.85,390.4,310479.0
1003525,2022-12-08,403.2,397.0,407.0,396.0,112160.0
1003525,2022-12-21,381.25,381.0,384.85,379.0,161962.0
1003525,2023-03-13,340.75,346.95,349.45,338.0,89581.0
1003525,2023-03-27,335.05,334.0,336.0,328.05,78316.0
1003525,2022-07-04,298.5,307.3,307.3,292.0,180952.0
1003525,2022-07-06,298.4,300.0,302.2,293.25,261610.0
1003525,2022-08-24,343.5,342.4,347.15,339.5,137478.0
1003525,2022-09-26,393.95,399.0,399.5,375.25,629131.0
1003525,2022-10-03,406.55,409.4,413.5,403.35,218037.0
1003525,2022-11-03,404.5,402.5,407.05,400.35,80144.0
1003525,2022-12-13,398.6,400.0,400.2,395.95,87253.0
1003525,2023-02-01,357.45,370.0,370.0,351.1,94449.0
1003525,2023-02-22,362.85,362.5,366.85,356.1,53743.0
1003525,2023-03-06,351.2,353.8,357.5,350.0,67896.0
1003525,2023-03-28,338.9,335.05,340.6,331.0,155651.0
1003525,2022-07-18,288.75,289.65,294.5,287.45,112807.0
1003525,2022-09-08,379.65,366.6,384.95,366.6,653670.0
1003525,2023-02-06,344.3,352.0,352.0,341.3,42081.0
1003525,2023-02-08,382.45,365.0,387.55,358.1,216134.0
1003525,2023-02-09,372.45,379.9,379.9,370.2,92438.0
1003525,2023-04-06,338.6,343.0,343.0,337.15,294769.0
1003525,2023-04-13,330.55,333.05,336.95,329.5,314737.0
1003525,2023-04-26,328.1,328.5,332.2,325.6,48051.0
1003525,2023-04-12,335.4,335.35,342.15,333.9,69326.0
1003525,2023-05-05,335.7,333.05,341.05,331.45,152941.0
1003525,2023-05-15,327.75,330.1,330.1,326.15,279238.0
1003525,2023-04-21,332.3,333.7,334.55,328.9,176736.0
1003525,2023-04-24,330.25,332.2,332.3,328.3,432656.0
1003525,2023-05-16,330.85,327.6,332.65,324.2,209810.0
1003525,2023-05-18,326.25,329.8,329.8,324.7,594459.0
1003525,2023-05-22,328.0,334.95,334.95,323.75,1044108.0
1003525,2023-06-20,351.0,354.4,355.55,350.25,390004.0
1003525,2023-07-06,355.2,356.9,356.9,352.0,813666.0
1003525,2023-07-21,352.2,353.7,358.0,351.55,70139.0
1003525,2023-05-08,340.05,335.95,343.5,333.05,476600.0
1003525,2023-08-09,358.1,362.85,362.85,354.35,157517.0
1003525,2023-07-03,351.35,357.0,357.45,349.7,182196.0
1003525,2023-08-23,343.7,342.3,345.7,340.3,44377.0
1003525,2023-04-19,333.0,333.0,335.9,332.3,167058.0
1003525,2023-05-03,330.0,330.65,332.5,327.25,623458.0
1003525,2023-05-04,332.5,332.95,335.85,326.3,2450669.0
1003525,2023-05-09,338.4,341.75,343.85,335.6,93960.0
1003525,2023-06-21,349.9,351.05,354.7,348.4,525921.0
1003525,2023-07-20,353.35,355.5,357.2,352.1,57597.0
1003525,2023-08-14,339.0,349.95,351.15,338.0,148124.0
1003525,2023-08-18,330.3,336.55,339.1,329.65,231609.0
1003525,2023-04-28,329.9,331.0,333.1,328.85,268167.0
1003525,2023-05-12,330.15,334.4,336.5,327.45,293074.0
1003525,2023-04-27,332.05,332.6,337.95,329.9,264251.0
1003525,2023-05-02,331.9,331.0,333.5,329.25,399059.0
1003525,2023-06-12,355.0,349.05,357.6,346.0,198869.0
1003525,2023-07-05,352.4,355.0,357.0,350.65,342887.0
1003525,2023-07-07,352.85,355.85,359.35,350.05,324827.0
1003525,2023-07-19,355.15,364.5,364.5,352.0,139948.0
1003525,2023-07-27,355.5,360.0,360.7,352.1,63225.0
1003525,2023-08-21,340.1,334.0,349.9,330.75,1423332.0
1003525,2023-06-05,361.8,359.8,366.0,355.25,287140.0
1003525,2023-06-19,353.7,356.0,359.2,351.4,183586.0
1003525,2023-08-08,361.75,365.9,367.95,358.65,120943.0
1003525,2023-05-11,333.0,338.0,341.0,332.0,102594.0
1003525,2023-05-30,338.4,332.85,341.9,331.4,170689.0
1003525,2023-05-31,338.65,338.0,343.9,337.2,55858.0
1003525,2023-06-09,347.6,350.1,353.95,346.0,153834.0
1003525,2023-07-11,353.5,348.9,354.35,348.05,77444.0
1003525,2023-08-22,340.3,341.8,351.85,338.5,276230.0
1003525,2023-05-23,334.5,326.0,337.0,326.0,282664.0
1003525,2023-05-17,325.7,330.0,331.95,325.0,79368.0
1003525,2023-05-25,334.65,334.85,338.75,332.5,385797.0
1003525,2023-05-26,328.1,333.45,335.95,327.0,57574.0
1003525,2023-06-06,359.55,365.1,365.1,358.3,191153.0
1003525,2023-06-23,349.0,346.3,350.0,340.5,82931.0
1003525,2023-06-30,351.05,343.7,353.35,340.15,1149769.0
1003525,2023-07-10,347.75,351.0,354.95,346.0,62606.0
1003525,2023-08-10,357.3,358.1,362.1,355.35,97097.0
1003525,2023-05-29,332.85,329.8,333.65,325.8,79601.0
1003525,2023-05-24,335.6,334.55,341.75,331.45,627160.0
1003525,2023-07-14,364.15,355.05,368.8,354.1,578550.0
1003525,2023-07-25,354.55,353.6,357.6,351.0,73568.0
1003525,2023-06-01,342.5,338.7,343.95,337.9,292542.0
1003525,2023-08-02,362.1,363.45,372.25,359.05,291232.0
1003525,2023-08-04,360.85,362.0,366.85,358.25,130822.0
1003525,2023-08-16,339.9,338.25,341.75,337.5,115303.0
1003525,2023-04-18,333.35,336.0,339.4,331.25,124902.0
1003525,2023-04-25,331.0,328.3,335.0,328.3,40944.0
1003525,2023-06-08,351.15,358.0,364.05,348.6,174196.0
1003525,2023-06-26,344.0,350.0,354.45,343.0,128844.0
1003525,2023-06-27,344.4,344.55,347.8,343.0,56049.0
1003525,2023-06-28,344.85,346.0,349.5,342.05,550975.0
1003525,2023-07-24,350.2,352.2,354.95,349.05,82647.0
1003525,2023-07-28,367.75,351.65,372.35,351.65,744357.0
1003525,2023-08-03,360.05,362.1,369.45,358.0,179454.0
1003525,2023-06-07,359.3,363.6,363.6,357.0,184318.0
1003525,2023-06-02,359.4,343.05,365.95,343.05,1704003.0
1003525,2023-05-10,334.95,344.0,348.8,333.2,568861.0
1003525,2023-06-13,354.65,357.5,358.7,351.7,117049.0
1003525,2023-07-12,351.55,356.85,356.9,349.0,499880.0
1003525,2023-07-13,355.05,351.55,358.0,350.0,442055.0
1003525,2023-08-07,365.95,365.4,373.45,363.6,220366.0
1003525,2023-08-11,349.95,355.0,356.0,347.5,181515.0
1003525,2023-08-17,336.55,339.9,342.75,335.5,81564.0
1003525,2023-07-17,362.15,364.15,366.95,359.15,195679.0
1003525,2023-06-14,357.35,359.5,364.55,354.9,387324.0
1003525,2023-06-16,355.05,356.0,360.5,353.5,186062.0
1003525,2023-07-04,353.55,354.95,357.0,348.0,449063.0
1003525,2023-07-18,356.45,362.15,366.0,353.3,287320.0
1003525,2023-07-26,358.15,357.0,360.8,354.3,97645.0
1003525,2023-07-31,372.2,367.85,375.95,365.95,681813.0
1003525,2023-08-01,360.85,372.9,375.7,358.95,327034.0
1003525,2023-04-17,336.1,330.55,338.8,328.0,182840.0
1003525,2023-04-20,334.2,333.0,335.65,330.45,24861.0
1003525,2023-05-19,333.0,328.0,334.5,322.1,249205.0
1003525,2023-06-15,355.65,358.0,364.1,354.2,410710.0
1003525,2023-06-22,347.35,349.9,353.95,344.85,132677.0
