stockid,date,close,open,high,low,volume
563526,2021-01-01,160.15,153.75,164.75,153.75,217668.0
563526,2021-01-07,159.25,158.85,160.7,155.1,204962.0
563526,2021-01-11,179.1,193.0,193.0,173.7,1711050.0
563526,2021-02-12,168.0,167.9,170.0,166.3,94907.0
563526,2021-02-16,166.85,165.0,168.5,165.0,72250.0
563526,2021-04-08,204.35,200.0,205.95,198.0,98140.0
563526,2021-02-15,164.75,168.85,170.0,164.4,106210.0
563526,2021-03-04,181.65,179.5,186.0,178.3,118378.0
563526,2021-04-12,191.6,190.0,199.45,190.0,91072.0
563526,2021-01-04,159.9,160.15,160.15,156.95,164131.0
563526,2021-02-08,169.7,166.0,176.9,164.7,453917.0
563526,2021-03-03,179.7,182.5,183.95,178.2,82468.0
563526,2021-01-18,162.8,167.25,168.1,160.75,113203.0
563526,2021-02-10,169.7,176.0,176.0,168.55,272428.0
563526,2021-03-09,204.5,204.45,211.6,201.0,2205294.0
563526,2021-03-16,193.85,197.7,198.95,192.0,89014.0
563526,2021-03-24,186.5,190.0,190.1,184.0,45713.0
563526,2021-01-27,151.55,155.0,155.8,151.0,90717.0
563526,2021-02-02,163.15,165.0,165.4,161.5,71257.0
563526,2021-01-08,179.4,159.35,184.0,159.35,3101365.0
563526,2021-01-14,170.0,176.0,176.0,169.0,225572.0
563526,2021-02-09,176.1,178.95,181.0,170.45,786634.0
563526,2021-02-22,161.8,162.7,164.6,160.8,66950.0
563526,2021-03-22,193.0,192.0,194.0,189.05,39491.0
563526,2021-02-24,167.7,164.75,172.1,161.45,248393.0
563526,2021-04-01,197.2,190.2,198.75,189.35,106111.0
563526,2021-04-05,194.55,198.8,203.0,193.05,93863.0
563526,2021-04-20,219.7,223.8,243.0,216.4,1677946.0
563526,2021-01-19,165.0,164.0,166.15,164.0,221240.0
563526,2021-02-03,164.4,163.9,167.85,161.85,112480.0
563526,2021-03-08,199.45,188.0,202.2,184.65,1308930.0
563526,2021-03-30,183.8,181.4,186.7,181.4,44850.0
563526,2021-04-07,197.95,203.0,203.0,197.2,31815.0
563526,2021-01-29,157.8,159.0,161.0,156.1,74765.0
563526,2021-03-05,186.7,183.5,188.0,182.4,157840.0
563526,2021-03-12,201.95,205.7,208.6,198.1,214184.0
563526,2021-03-26,180.4,182.0,183.65,178.2,46811.0
563526,2021-03-15,196.7,202.9,202.9,194.0,163327.0
563526,2021-02-17,170.85,167.65,175.9,166.5,245894.0
563526,2021-02-25,181.05,169.75,183.0,168.0,653058.0
563526,2021-01-15,165.9,170.45,170.45,165.1,151148.0
563526,2021-01-28,155.7,152.0,163.9,149.8,342495.0
563526,2021-03-10,202.1,205.9,206.7,198.0,270135.0
563526,2021-04-09,201.7,207.45,210.4,197.1,518717.0
563526,2021-04-13,194.25,188.0,197.0,188.0,24652.0
563526,2021-04-22,226.65,224.0,240.0,222.0,790528.0
563526,2021-01-25,156.0,161.0,162.6,155.1,77331.0
563526,2021-02-05,164.7,166.65,166.65,163.0,73235.0
563526,2021-02-18,167.7,171.7,171.95,167.1,211818.0
563526,2021-01-05,158.8,160.0,160.45,157.4,242817.0
563526,2021-02-11,167.0,173.0,173.6,163.55,137682.0
563526,2021-02-19,163.8,167.0,168.5,163.15,60362.0
563526,2021-03-23,189.95,191.2,194.0,188.0,75081.0
563526,2021-01-13,174.8,176.45,179.75,172.0,152800.0
563526,2021-02-04,165.85,165.25,167.0,163.9,102241.0
563526,2021-02-23,162.45,161.35,163.6,159.65,57529.0
563526,2021-03-17,198.7,194.0,203.4,193.05,283552.0
563526,2021-03-18,191.7,198.0,199.35,189.0,109284.0
563526,2021-04-06,199.7,196.0,201.55,194.0,77098.0
563526,2021-04-15,199.7,194.0,207.0,188.0,190216.0
563526,2021-04-16,195.4,201.85,202.0,194.1,33396.0
563526,2021-04-19,224.5,195.0,230.4,188.25,1191982.0
563526,2021-03-25,180.05,186.0,186.45,175.05,84687.0
563526,2021-03-31,190.75,184.0,192.0,183.0,70227.0
563526,2021-01-12,175.1,178.8,181.55,173.5,369774.0
563526,2021-01-21,162.3,163.9,164.95,162.0,109310.0
563526,2021-02-26,182.15,180.95,192.5,177.45,884725.0
563526,2021-03-02,182.35,186.9,186.9,181.0,147403.0
563526,2021-01-06,158.85,159.6,160.0,156.3,74364.0
563526,2021-01-20,161.85,167.5,167.5,161.1,112107.0
563526,2021-01-22,160.3,162.3,166.25,159.1,124753.0
563526,2021-02-01,161.15,157.5,161.9,155.45,69518.0
563526,2021-03-01,185.45,186.45,187.45,183.35,185073.0
563526,2021-03-19,189.2,192.0,192.0,182.1,106116.0
563526,2021-04-23,220.75,230.0,231.2,218.0,197598.0
563526,2021-05-03,215.75,216.0,219.45,213.35,83352.0
563526,2021-08-31,197.5,194.55,202.75,194.55,255316.0
563526,2021-04-27,216.7,221.05,222.85,216.0,123121.0
563526,2021-05-07,216.3,217.0,221.0,214.1,70472.0
563526,2021-05-19,213.8,216.2,217.5,212.0,88260.0
563526,2021-06-11,214.5,217.0,217.4,214.0,68533.0
563526,2021-07-05,215.7,213.85,217.15,213.4,141796.0
563526,2021-08-03,212.5,226.7,228.8,207.05,1602728.0
563526,2021-08-06,205.0,210.0,212.85,202.85,333316.0
563526,2021-08-27,193.4,191.3,195.75,191.3,76405.0
563526,2021-09-23,213.95,210.0,220.0,209.45,1212187.0
563526,2021-10-18,202.05,207.75,207.75,200.1,169212.0
563526,2021-10-21,200.95,202.15,202.5,200.0,137224.0
563526,2021-10-26,196.95,196.6,199.45,196.0,67949.0
563526,2021-11-04,200.7,202.4,202.4,199.25,19100.0
563526,2021-12-03,296.2,273.05,299.0,273.05,1442818.0
563526,2021-12-08,304.85,307.0,310.65,294.1,322237.0
563526,2022-02-22,325.9,330.0,336.4,320.65,666189.0
563526,2022-03-24,285.1,289.0,290.0,282.6,195161.0
563526,2022-04-07,304.15,312.0,314.9,301.0,570780.0
563526,2022-04-21,310.1,312.85,315.0,307.75,136749.0
563526,2022-05-25,324.3,326.0,331.8,314.95,285358.0
563526,2022-05-30,336.6,336.9,348.65,332.3,178564.0
563526,2022-06-10,405.55,406.0,419.9,383.3,701033.0
563526,2022-06-17,388.05,379.0,396.8,373.35,293169.0
563526,2022-06-30,358.5,365.5,371.6,355.1,203093.0
563526,2021-05-18,215.2,214.0,217.75,214.0,61784.0
563526,2021-05-25,216.4,217.6,220.4,216.0,182469.0
563526,2021-07-13,218.6,224.0,224.65,216.35,403833.0
563526,2021-08-11,205.0,201.45,209.5,197.0,568158.0
563526,2021-08-17,205.4,201.5,208.0,200.9,188806.0
563526,2021-08-18,205.1,205.1,205.95,203.6,100992.0
563526,2021-09-07,197.75,199.0,199.55,195.45,92367.0
563526,2021-09-28,202.3,207.6,207.8,197.0,146197.0
563526,2021-10-05,205.0,206.0,208.55,204.0,221693.0
563526,2021-10-11,203.05,201.75,206.0,201.1,133747.0
563526,2021-11-18,212.85,215.0,215.0,208.15,135553.0
563526,2021-12-09,307.65,304.2,310.0,301.2,252725.0
563526,2021-12-14,307.3,309.75,315.75,305.25,270995.0
563526,2021-12-15,320.4,308.0,325.5,308.0,800546.0
563526,2021-12-22,283.2,282.85,288.0,278.0,146798.0
563526,2021-12-27,283.5,285.0,289.6,283.0,105382.0
563526,2022-01-05,316.95,307.9,319.75,305.0,344256.0
563526,2021-09-24,208.5,215.5,218.0,206.55,270591.0
563526,2022-02-23,351.55,326.0,364.7,325.0,3223909.0
563526,2021-10-12,201.95,203.55,204.8,201.5,85447.0
563526,2022-04-06,309.05,317.0,317.95,306.55,516034.0
563526,2022-04-08,303.1,308.0,309.9,301.55,250129.0
563526,2021-12-01,279.0,278.0,283.0,269.0,477629.0
563526,2022-07-06,374.55,377.7,378.95,366.65,551912.0
563526,2022-07-29,371.0,370.25,378.85,368.0,338643.0
563526,2021-12-30,296.2,295.0,304.15,293.0,155618.0
563526,2022-08-01,397.45,375.0,402.45,372.95,1187934.0
563526,2022-02-25,327.75,345.0,354.7,320.55,1028625.0
563526,2022-03-02,351.55,330.7,355.95,324.0,886179.0
563526,2022-03-07,327.35,344.7,344.7,322.0,430775.0
563526,2022-04-04,310.6,295.05,314.1,295.05,918980.0
563526,2022-05-20,337.75,332.0,344.9,327.4,546070.0
563526,2022-07-14,373.8,369.65,377.0,364.55,455733.0
563526,2022-07-21,370.45,375.9,379.95,367.0,444221.0
563526,2021-05-17,211.7,205.1,213.3,204.7,80193.0
563526,2021-06-07,214.7,215.3,216.8,214.05,142441.0
563526,2021-06-24,212.1,215.0,218.25,210.1,67074.0
563526,2021-08-04,201.8,210.0,214.85,197.3,1455854.0
563526,2021-09-09,200.85,201.85,204.65,200.0,105740.0
563526,2021-10-19,203.25,202.9,204.0,198.9,169824.0
563526,2021-11-10,219.9,218.8,223.8,215.1,1205176.0
563526,2021-11-17,211.85,214.9,215.85,208.9,249873.0
563526,2021-12-13,308.95,310.05,315.0,305.0,218478.0
563526,2021-12-28,284.4,284.0,288.45,281.9,99976.0
563526,2021-12-29,297.6,286.0,303.8,278.9,986177.0
563526,2022-01-06,337.35,313.1,340.95,306.2,982046.0
563526,2022-01-14,358.75,357.8,361.0,353.55,216897.0
563526,2022-02-07,418.35,419.0,421.0,407.85,1091075.0
563526,2022-03-15,305.65,301.4,316.45,298.85,569818.0
563526,2022-05-23,329.85,337.55,338.0,327.0,169683.0
563526,2022-06-09,408.5,398.7,416.0,390.1,565462.0
563526,2022-07-15,374.45,376.5,383.7,371.2,456950.0
563526,2022-07-19,369.6,369.95,373.9,365.35,477651.0
563526,2021-05-11,213.1,214.85,222.55,212.0,205302.0
563526,2021-09-13,198.7,200.85,202.15,197.65,74654.0
563526,2021-09-27,206.6,209.0,211.35,206.0,123639.0
563526,2021-10-06,202.95,204.2,206.8,199.25,210934.0
563526,2021-10-13,204.65,202.8,205.8,202.05,147093.0
563526,2021-12-02,274.9,279.0,283.0,271.85,203016.0
563526,2021-12-16,298.85,320.0,347.0,295.0,2334945.0
563526,2022-02-08,406.2,420.0,422.3,390.95,461715.0
563526,2022-02-09,400.05,414.0,414.85,398.25,156875.0
563526,2022-03-16,301.95,309.8,310.55,300.05,253669.0
563526,2022-04-11,306.75,305.0,311.85,304.05,293738.0
563526,2022-04-18,320.5,311.8,324.8,308.0,417031.0
563526,2022-05-27,333.65,340.7,342.75,331.3,137235.0
563526,2022-06-14,405.8,397.0,416.4,397.0,1208413.0
563526,2022-06-24,391.8,391.45,402.3,380.55,621221.0
563526,2022-07-04,344.1,348.7,357.8,334.05,364521.0
563526,2021-05-06,215.3,218.5,221.0,213.25,122998.0
563526,2021-06-17,210.45,209.0,214.35,206.7,62597.0
563526,2021-06-22,213.65,207.35,215.8,207.35,124186.0
563526,2021-07-02,210.9,208.15,213.8,206.5,423660.0
563526,2021-07-23,205.6,209.0,209.65,204.1,103402.0
563526,2021-12-23,297.25,290.0,307.8,287.4,826678.0
563526,2022-02-04,412.8,397.5,419.0,393.85,1137373.0
563526,2022-02-14,384.1,366.35,388.0,366.35,228073.0
563526,2022-03-14,298.8,308.0,310.75,296.25,381487.0
563526,2022-04-12,311.0,306.5,314.9,302.05,350953.0
563526,2022-04-19,305.4,323.35,325.0,301.5,233570.0
563526,2022-05-12,259.55,260.0,269.95,252.65,1002988.0
563526,2022-06-06,374.55,369.95,385.0,367.2,190157.0
563526,2022-06-28,384.6,389.65,389.65,381.2,190638.0
563526,2022-07-28,370.15,367.55,375.0,365.3,124933.0
563526,2021-06-25,212.1,213.65,215.85,210.5,146238.0
563526,2021-05-26,214.55,216.4,218.0,213.8,116948.0
563526,2021-06-28,210.5,217.9,217.9,210.0,223591.0
563526,2021-07-12,220.5,215.95,225.1,214.0,658748.0
563526,2021-07-15,212.15,219.8,220.05,210.45,254420.0
563526,2021-08-25,196.35,195.75,199.95,195.0,73899.0
563526,2021-09-21,203.45,205.0,209.0,200.1,161277.0
563526,2021-10-01,203.15,205.0,205.4,202.0,71440.0
563526,2021-10-08,201.75,204.0,204.0,201.0,99076.0
563526,2021-11-08,203.7,202.0,205.45,199.25,119851.0
563526,2021-11-24,267.2,235.45,273.95,233.75,8954001.0
563526,2022-01-13,359.05,359.65,363.9,355.3,433642.0
563526,2022-01-31,331.4,320.0,339.0,315.25,955637.0
563526,2022-03-04,349.1,340.0,354.35,338.0,640809.0
563526,2022-05-17,323.3,306.0,329.0,294.6,1542513.0
563526,2022-06-29,368.6,379.25,393.0,362.95,518195.0
563526,2022-07-22,368.3,373.0,373.4,365.65,163235.0
563526,2021-05-10,215.05,218.0,218.4,214.2,85262.0
563526,2021-04-26,221.95,228.0,232.6,215.45,337595.0
563526,2021-06-09,214.35,217.0,219.85,210.6,254223.0
563526,2021-07-28,215.55,210.55,221.0,209.0,1901244.0
563526,2021-09-06,198.05,198.5,201.45,197.0,74785.0
563526,2021-09-29,203.5,203.0,208.1,201.9,119401.0
563526,2021-10-22,200.85,201.8,204.35,200.0,113092.0
563526,2021-10-29,199.0,200.8,201.7,197.55,98265.0
563526,2021-12-06,304.3,304.5,321.0,296.2,2050455.0
563526,2022-01-27,319.25,319.0,336.1,315.0,444327.0
563526,2022-02-15,370.95,385.0,390.2,360.0,476123.0
563526,2022-03-21,291.6,300.95,305.55,285.35,463441.0
563526,2022-05-13,257.5,262.55,269.9,248.7,919627.0
563526,2022-05-18,328.9,320.5,336.7,311.55,1331989.0
563526,2022-06-01,377.0,346.4,380.0,344.6,1543168.0
563526,2022-07-13,366.2,375.8,379.95,362.0,407094.0
563526,2021-05-27,209.5,214.6,215.4,195.2,174105.0
563526,2021-06-02,204.6,205.45,207.2,203.0,88271.0
563526,2021-06-23,214.8,215.0,221.5,213.4,307624.0
563526,2021-07-08,212.25,216.0,217.7,211.0,64062.0
563526,2021-08-09,204.95,209.0,210.15,202.5,244321.0
563526,2021-10-25,196.15,200.2,201.9,195.1,58888.0
563526,2022-01-04,309.5,306.7,314.3,300.3,316933.0
563526,2022-03-09,322.2,320.1,329.9,316.45,353486.0
563526,2022-03-29,285.1,273.75,288.0,270.85,548721.0
563526,2022-04-05,319.7,313.7,326.7,313.0,635856.0
563526,2022-04-22,337.5,314.0,344.2,313.3,3584447.0
563526,2022-04-29,346.75,356.8,356.9,344.05,294560.0
563526,2022-06-23,385.15,379.9,386.95,374.0,148917.0
563526,2022-07-12,372.55,374.0,376.0,366.4,323133.0
563526,2022-07-25,368.95,376.5,376.5,366.15,211554.0
563526,2022-07-27,365.25,358.65,369.1,355.15,158047.0
563526,2021-04-28,220.5,218.95,228.0,216.05,199828.0
563526,2021-06-03,211.3,204.6,213.25,204.6,126498.0
563526,2021-06-04,213.0,215.0,215.45,212.0,109112.0
563526,2021-06-08,214.35,216.8,216.8,213.0,307458.0
563526,2021-06-21,209.05,210.7,210.7,206.0,37438.0
563526,2021-07-22,207.2,207.6,210.75,206.0,335794.0
563526,2021-08-12,208.9,204.9,212.45,204.45,1213543.0
563526,2021-08-23,196.25,203.0,204.8,193.1,145710.0
563526,2021-08-30,194.55,194.9,196.75,192.05,157856.0
563526,2021-09-01,198.35,197.05,201.0,195.0,134405.0
563526,2021-09-03,199.35,197.4,201.6,196.4,109493.0
563526,2021-09-15,214.0,200.0,216.0,198.4,1221228.0
563526,2021-10-14,204.6,205.5,207.35,204.0,109292.0
563526,2021-10-27,200.65,196.1,202.0,196.1,70986.0
563526,2021-10-28,199.85,199.0,201.0,198.0,73998.0
563526,2021-11-01,199.8,199.2,201.75,198.75,52266.0
563526,2021-11-15,220.15,219.4,226.5,217.0,754691.0
563526,2021-12-10,308.3,309.0,315.3,305.9,296797.0
563526,2022-01-21,370.1,367.0,374.25,360.55,304186.0
563526,2022-02-18,393.6,377.45,404.0,377.45,1502204.0
563526,2022-04-25,343.95,339.8,355.15,339.5,1778472.0
563526,2022-04-28,353.8,349.8,359.8,346.85,628627.0
563526,2022-05-24,329.65,328.15,332.7,324.4,138305.0
563526,2022-06-15,398.8,413.0,414.95,395.65,250225.0
563526,2022-07-01,346.25,351.5,362.4,344.35,204302.0
563526,2022-07-05,374.45,350.0,386.0,350.0,3726610.0
563526,2021-05-05,217.45,219.0,223.2,216.15,90081.0
563526,2021-05-20,215.8,215.8,217.15,214.5,102848.0
563526,2021-06-16,209.5,216.4,217.45,202.2,139192.0
563526,2021-06-18,209.55,212.0,212.0,205.1,62941.0
563526,2021-06-30,206.9,210.5,212.35,206.0,91563.0
563526,2021-07-01,208.15,207.1,209.0,206.3,40608.0
563526,2021-08-02,225.0,222.5,226.4,219.9,1593668.0
563526,2021-08-20,201.45,201.8,205.1,197.0,171048.0
563526,2021-09-14,198.4,198.65,202.0,198.0,96529.0
563526,2021-10-04,205.55,204.0,206.3,202.0,175180.0
563526,2021-11-12,214.5,214.0,216.2,212.05,100788.0
563526,2021-11-22,212.65,215.0,218.1,210.35,425520.0
563526,2021-11-25,264.85,261.0,280.7,254.05,3524874.0
563526,2021-12-17,289.1,301.8,309.45,284.55,489060.0
563526,2022-01-10,362.2,330.0,373.0,328.75,2448894.0
563526,2022-01-11,354.8,357.0,363.9,348.1,710579.0
563526,2022-01-19,373.85,350.95,382.7,345.65,2180098.0
563526,2022-01-28,312.7,329.35,332.0,310.55,246592.0
563526,2022-02-28,330.65,327.75,336.95,323.0,539161.0
563526,2022-05-02,338.85,345.3,354.95,332.65,304032.0
563526,2022-05-09,307.1,314.8,314.8,305.0,211868.0
563526,2022-05-26,342.15,322.1,351.0,314.3,486934.0
563526,2022-05-31,344.35,336.7,346.5,336.7,237579.0
563526,2022-06-02,374.4,377.0,386.55,372.4,813310.0
563526,2022-06-13,402.4,386.0,405.0,386.0,274492.0
563526,2022-07-07,365.25,377.0,377.95,363.7,327035.0
563526,2021-06-10,214.8,215.0,216.65,213.25,106105.0
563526,2021-04-30,213.3,217.0,218.75,211.2,97157.0
563526,2021-06-15,214.1,212.0,217.5,208.0,248287.0
563526,2021-07-16,210.55,214.0,214.35,209.2,119301.0
563526,2021-07-20,206.95,208.25,210.2,203.15,120506.0
563526,2021-07-30,219.5,218.5,228.0,217.2,4876070.0
563526,2021-08-05,209.5,204.0,216.6,202.35,1535097.0
563526,2021-08-16,201.45,206.4,206.55,200.7,158527.0
563526,2021-08-24,196.35,196.0,200.0,192.2,110394.0
563526,2021-09-17,211.95,212.9,214.95,202.55,170635.0
563526,2021-09-20,202.9,209.7,210.8,201.0,168584.0
563526,2021-10-07,201.75,205.0,205.65,200.95,81421.0
563526,2021-11-23,230.5,210.4,233.9,208.0,2277334.0
563526,2021-11-30,275.25,272.65,292.1,271.0,1233287.0
563526,2022-01-25,319.2,319.25,328.55,310.25,451442.0
563526,2022-03-08,318.7,327.75,334.0,308.65,458967.0
563526,2022-03-11,306.8,310.0,314.05,302.25,481307.0
563526,2022-04-20,309.35,311.9,319.7,307.0,321663.0
563526,2022-06-03,369.95,379.6,379.85,366.5,597903.0
563526,2022-06-07,380.4,373.0,383.0,370.25,130209.0
563526,2022-06-16,380.2,405.0,407.0,365.2,268192.0
563526,2022-06-20,362.9,389.6,395.0,351.0,239305.0
563526,2021-05-12,213.5,212.5,216.75,212.5,64013.0
563526,2021-05-21,215.4,218.0,219.95,212.0,169129.0
563526,2021-06-14,210.3,215.1,216.65,207.65,68524.0
563526,2021-07-07,214.75,213.0,218.0,212.05,119185.0
563526,2021-07-19,209.75,209.0,214.0,208.1,101836.0
563526,2021-08-10,200.4,206.7,207.4,198.2,324932.0
563526,2021-09-02,197.35,200.0,202.95,197.0,212350.0
563526,2021-11-02,200.85,198.35,201.7,198.35,33569.0
563526,2021-11-29,270.65,265.0,279.75,251.4,1099422.0
563526,2021-12-07,309.05,304.7,313.85,303.4,730101.0
563526,2021-12-24,287.6,298.0,299.25,286.2,156641.0
563526,2022-01-07,327.45,339.65,340.0,323.05,741881.0
563526,2022-01-12,359.65,354.8,362.4,354.45,455046.0
563526,2022-01-18,351.05,360.0,360.5,345.95,286305.0
563526,2022-01-24,329.15,365.5,373.35,306.95,667543.0
563526,2022-02-01,340.95,335.0,341.95,332.0,424983.0
563526,2022-02-03,404.2,390.0,419.6,389.2,4682681.0
563526,2022-03-30,278.15,288.9,290.45,277.0,230602.0
563526,2022-04-01,294.0,280.35,298.0,279.55,655145.0
563526,2022-05-06,317.6,330.0,331.25,314.55,411041.0
563526,2022-07-26,358.65,368.95,370.4,354.0,214015.0
563526,2021-05-04,217.55,217.0,226.9,215.3,285285.0
563526,2021-07-06,212.25,216.95,221.05,211.6,653041.0
563526,2021-07-09,213.95,215.0,218.8,213.1,135610.0
563526,2021-07-27,210.55,214.0,214.0,209.95,71398.0
563526,2021-08-13,205.5,208.9,211.3,204.7,210818.0
563526,2021-09-16,212.0,214.35,218.35,209.2,556202.0
563526,2021-09-22,208.0,204.0,211.7,203.95,108368.0
563526,2021-11-03,199.85,201.1,203.4,198.7,77278.0
563526,2021-11-09,219.4,218.0,228.0,212.25,4044998.0
563526,2021-11-11,214.2,220.3,220.7,212.55,192613.0
563526,2021-12-20,271.85,278.05,283.3,263.0,535325.0
563526,2022-01-17,359.4,361.9,361.9,356.25,207250.0
563526,2022-02-21,341.25,398.85,398.85,335.05,1338146.0
563526,2022-02-24,326.3,334.5,368.85,320.0,2285693.0
563526,2022-03-31,279.55,279.0,285.6,275.65,230901.0
563526,2022-05-10,303.55,306.0,316.2,299.0,320361.0
563526,2022-05-19,332.1,313.05,335.5,313.05,856496.0
563526,2022-06-08,399.95,383.0,413.0,381.4,1376051.0
563526,2022-06-21,388.45,369.9,394.25,369.05,290294.0
563526,2022-06-22,377.3,389.0,389.0,375.5,117112.0
563526,2022-06-27,389.65,396.0,399.95,385.55,246126.0
563526,2022-07-08,358.55,367.85,371.8,356.0,298157.0
563526,2021-05-14,204.7,216.9,216.9,201.85,106777.0
563526,2021-05-24,216.95,222.0,225.0,215.4,882490.0
563526,2021-06-01,205.45,210.0,210.0,202.6,76089.0
563526,2021-07-14,218.65,219.2,222.75,218.0,191144.0
563526,2021-09-08,203.0,198.0,209.9,196.1,1271695.0
563526,2021-09-30,205.45,204.2,206.0,204.0,69811.0
563526,2021-10-20,201.15,203.25,203.85,200.6,78657.0
563526,2021-11-16,215.45,223.5,225.0,214.4,393869.0
563526,2021-11-26,259.65,257.0,267.0,255.0,952777.0
563526,2021-12-21,278.45,277.0,289.0,272.0,386023.0
563526,2021-12-31,299.1,296.0,303.0,292.1,149711.0
563526,2022-01-20,371.9,379.9,379.9,369.05,346597.0
563526,2022-02-11,394.1,377.45,405.0,375.0,420204.0
563526,2022-02-16,370.65,373.45,384.35,364.05,369873.0
563526,2022-03-10,313.1,333.25,334.45,310.0,526918.0
563526,2022-03-17,300.1,305.7,306.75,298.5,335167.0
563526,2022-03-22,291.2,293.9,295.55,287.5,282508.0
563526,2022-03-23,289.05,294.1,300.0,287.1,275013.0
563526,2022-03-28,272.15,277.0,279.1,268.85,302091.0
563526,2022-04-27,346.4,334.15,352.5,329.1,832049.0
563526,2022-05-05,338.05,343.7,356.9,334.25,493952.0
563526,2022-05-16,299.0,285.65,309.0,272.4,4111293.0
563526,2021-04-29,216.95,221.5,224.0,216.2,98860.0
563526,2021-05-28,209.2,212.0,216.2,207.7,104593.0
563526,2021-05-31,208.9,212.5,212.5,207.05,58342.0
563526,2021-06-29,210.5,210.55,213.25,210.0,38348.0
563526,2021-07-26,212.15,214.75,214.75,210.6,201538.0
563526,2021-07-29,217.8,218.65,220.7,216.55,1661952.0
563526,2021-08-26,193.35,195.15,200.05,192.0,131340.0
563526,2022-01-03,304.85,301.4,314.85,300.15,531770.0
563526,2022-02-02,381.9,342.0,388.7,341.9,3125738.0
563526,2022-02-10,389.3,396.05,399.45,380.0,582486.0
563526,2022-02-17,375.3,373.0,379.0,369.0,214337.0
563526,2022-03-03,343.0,356.3,364.3,339.0,587623.0
563526,2022-03-25,277.8,286.0,298.0,272.5,280481.0
563526,2022-04-13,313.45,313.5,319.4,311.0,285566.0
563526,2022-04-26,338.3,350.0,350.2,333.1,448630.0
563526,2022-05-04,341.2,338.9,359.7,332.6,1091739.0
563526,2022-05-11,278.4,297.05,308.0,275.0,404661.0
563526,2022-07-11,372.85,358.8,375.65,356.8,621595.0
563526,2022-07-18,371.35,376.9,383.6,367.65,598040.0
563526,2022-07-20,371.15,371.1,376.95,370.2,317720.0
563526,2022-08-02,409.95,402.0,426.0,401.95,1614883.0
563526,2022-09-07,557.4,550.0,566.6,546.5,1149621.0
563526,2022-11-09,498.4,503.0,503.0,490.55,252578.0
563526,2022-08-22,465.8,422.8,469.8,420.4,4056885.0
563526,2022-08-17,429.6,428.0,436.2,418.35,681728.0
563526,2022-08-19,421.45,426.2,434.5,419.8,277324.0
563526,2022-09-01,492.35,502.0,505.9,484.65,801021.0
563526,2022-09-14,551.85,529.9,557.8,525.55,1254067.0
563526,2022-09-09,559.7,560.0,564.9,542.0,1051216.0
563526,2022-09-21,465.3,481.0,486.7,462.0,400000.0
563526,2022-10-12,404.6,413.05,415.5,385.5,667867.0
563526,2022-10-25,524.8,509.0,531.65,499.6,1216692.0
563526,2022-10-14,421.95,409.7,427.5,406.0,1110314.0
563526,2022-12-28,430.2,438.3,439.65,428.0,175393.0
563526,2022-12-20,482.85,480.0,490.0,473.0,196520.0
563526,2023-02-17,446.25,449.0,460.0,439.6,252316.0
563526,2022-12-26,438.15,419.8,442.85,413.15,206285.0
563526,2023-04-25,475.2,483.95,493.45,471.55,232751.0
563526,2023-01-06,410.45,414.6,414.75,406.4,148131.0
563526,2023-04-26,470.55,475.2,484.25,468.0,220596.0
563526,2023-01-19,387.8,396.9,398.0,386.55,213712.0
563526,2023-01-20,381.95,388.7,388.7,378.15,433587.0
563526,2023-02-21,459.45,455.8,465.95,447.3,352865.0
563526,2023-03-23,479.7,471.25,488.95,470.85,131834.0
563526,2023-03-29,428.3,425.0,440.95,421.0,241992.0
563526,2023-04-10,466.4,463.95,477.9,461.0,229322.0
563526,2023-05-15,467.3,431.95,471.8,430.5,1780667.0
563526,2023-05-16,486.9,467.8,492.0,465.0,901373.0
563526,2022-08-18,426.2,430.6,433.5,422.05,388594.0
563526,2022-10-04,426.9,433.35,435.0,425.0,260559.0
563526,2022-10-13,401.1,397.0,413.1,397.0,221580.0
563526,2022-11-21,507.5,487.9,511.0,486.25,573184.0
563526,2022-11-22,495.15,507.8,509.2,491.1,313529.0
563526,2022-11-28,492.65,480.25,495.75,479.0,501670.0
563526,2022-12-19,478.15,488.0,488.5,471.8,227936.0
563526,2023-01-03,410.25,419.55,420.4,408.6,214077.0
563526,2023-01-05,412.15,407.55,415.7,398.85,374587.0
563526,2023-01-24,374.25,375.0,379.95,371.0,152448.0
563526,2023-02-13,441.0,443.45,445.6,433.0,257146.0
563526,2023-03-24,467.5,480.3,481.6,465.45,111763.0
563526,2023-04-28,464.7,471.65,474.2,459.0,267581.0
563526,2022-11-25,484.95,505.0,513.95,481.55,620420.0
563526,2022-11-30,475.0,473.45,484.35,468.35,4511657.0
563526,2022-12-16,490.0,503.6,504.3,477.05,370589.0
563526,2022-12-30,419.5,433.2,438.2,417.7,383205.0
563526,2023-01-16,409.3,406.5,411.95,406.2,97915.0
563526,2023-01-17,399.7,410.95,410.95,398.0,198811.0
563526,2023-02-01,378.4,384.7,390.7,370.65,216873.0
563526,2023-03-27,446.3,467.5,469.85,439.0,145571.0
563526,2023-04-17,472.85,465.4,475.0,462.3,134846.0
563526,2022-09-12,559.45,559.65,561.0,555.8,717417.0
563526,2022-09-13,535.15,560.0,563.95,527.0,1092438.0
563526,2022-10-03,422.8,421.0,425.75,411.3,401953.0
563526,2022-11-03,485.15,486.2,488.6,482.35,177606.0
563526,2022-11-11,505.25,518.0,522.8,503.0,734652.0
563526,2022-11-24,502.15,503.25,506.0,498.6,336617.0
563526,2022-12-14,513.8,525.5,532.0,510.0,202777.0
563526,2022-12-21,468.1,482.0,489.3,463.05,402038.0
563526,2023-01-10,413.8,411.7,416.9,407.05,116266.0
563526,2023-02-24,443.95,449.9,457.35,439.2,146015.0
563526,2023-03-08,466.75,475.5,479.6,461.1,139056.0
563526,2023-03-09,468.7,465.0,472.9,465.0,97076.0
563526,2023-03-20,479.75,490.0,493.0,476.9,90335.0
563526,2023-03-28,425.0,445.8,452.2,421.2,242253.0
563526,2023-04-13,466.2,466.0,479.5,462.35,166363.0
563526,2023-04-19,505.85,475.45,512.2,475.0,1123284.0
563526,2023-05-10,446.25,444.9,448.9,440.5,128431.0
563526,2022-11-04,496.35,487.5,503.0,485.45,413904.0
563526,2022-11-10,509.9,498.4,512.6,496.05,596554.0
563526,2022-11-16,496.3,512.5,512.5,493.0,261355.0
563526,2023-02-28,467.95,431.3,474.6,429.2,1581926.0
563526,2023-03-17,488.25,481.3,494.55,471.05,194639.0
563526,2023-03-22,473.85,470.55,476.0,468.75,52301.0
563526,2022-08-30,499.65,497.9,506.7,495.7,612680.0
563526,2023-04-18,475.6,472.85,483.0,471.25,171734.0
563526,2023-04-24,482.0,491.9,496.5,480.55,197679.0
563526,2023-05-12,429.9,445.95,454.75,428.5,333640.0
563526,2022-08-11,445.3,451.6,454.45,432.0,632735.0
563526,2022-10-06,431.15,428.9,442.6,423.5,419356.0
563526,2022-09-05,538.45,533.0,544.0,527.35,1106559.0
563526,2022-09-22,463.8,465.0,474.0,455.2,357572.0
563526,2022-10-11,408.95,408.5,423.8,405.0,300399.0
563526,2022-10-17,428.9,420.0,451.5,416.0,1548066.0
563526,2022-10-31,484.65,511.15,512.9,481.7,606406.0
563526,2022-11-15,510.05,505.7,514.8,502.0,349684.0
563526,2022-12-01,486.25,482.95,493.0,482.25,324453.0
563526,2023-01-18,398.0,401.4,403.8,395.25,129658.0
563526,2023-01-23,374.55,383.7,384.8,372.4,181146.0
563526,2023-02-06,412.35,392.95,417.85,389.95,1958634.0
563526,2023-02-23,447.85,463.8,465.25,445.0,174900.0
563526,2023-03-01,476.95,462.0,480.25,456.2,647364.0
563526,2023-03-10,469.0,466.0,471.8,460.35,82399.0
563526,2023-04-06,463.95,464.0,472.0,458.85,265476.0
563526,2022-09-08,555.6,561.85,561.85,550.45,832174.0
563526,2022-10-21,491.8,452.0,499.95,451.9,1875838.0
563526,2022-11-23,499.4,495.95,506.5,495.65,396904.0
563526,2022-12-05,491.45,492.0,493.75,486.8,141759.0
563526,2023-01-02,419.55,425.0,427.0,415.8,256871.0
563526,2023-01-30,361.4,365.6,367.6,357.95,160839.0
563526,2023-02-09,439.2,423.7,443.95,421.05,637563.0
563526,2023-02-10,442.7,440.0,448.45,433.0,466015.0
563526,2023-02-14,455.0,437.1,461.15,437.1,564547.0
563526,2023-02-20,453.55,445.05,468.0,438.05,564606.0
563526,2023-04-05,466.4,432.35,471.45,432.0,2182260.0
563526,2023-04-27,468.4,471.55,478.5,466.0,138018.0
563526,2022-08-24,473.25,456.15,481.8,456.15,1485531.0
563526,2022-10-19,450.3,439.4,456.0,436.1,540298.0
563526,2022-12-15,503.6,516.35,517.95,501.0,133288.0
563526,2023-01-04,406.25,411.2,420.2,403.55,268390.0
563526,2023-02-08,425.0,401.0,429.0,398.4,1119728.0
563526,2023-03-13,477.95,472.0,494.0,470.35,1106744.0
563526,2023-03-15,485.05,479.25,493.0,477.5,368241.0
563526,2022-08-03,436.15,412.7,440.0,406.05,1630617.0
563526,2022-08-29,494.7,477.1,504.9,477.1,1113558.0
563526,2022-09-19,470.6,490.0,496.95,468.0,753864.0
563526,2022-10-20,451.4,446.05,454.75,437.05,351948.0
563526,2022-10-28,508.6,532.45,541.0,503.5,703980.0
563526,2022-11-18,487.15,498.05,502.25,480.2,262835.0
563526,2022-12-12,510.0,511.9,513.9,503.45,111873.0
563526,2022-12-13,519.4,511.65,526.9,503.35,229590.0
563526,2023-01-27,365.8,372.2,380.0,364.0,238982.0
563526,2023-03-31,438.15,428.3,446.65,428.3,203448.0
563526,2023-05-09,444.9,453.9,460.0,442.0,198912.0
563526,2022-08-23,461.15,468.75,468.75,456.3,1665187.0
563526,2022-09-20,478.95,475.15,506.9,474.2,1127194.0
563526,2022-09-29,416.4,415.0,427.9,410.0,571561.0
563526,2022-10-10,410.05,415.0,417.4,407.0,298879.0
563526,2022-10-27,530.7,528.85,535.0,521.55,535148.0
563526,2022-11-02,486.2,492.55,494.8,480.0,211914.0
563526,2022-11-17,498.7,498.8,500.9,488.0,270690.0
563526,2022-12-22,447.65,470.25,477.55,445.0,238069.0
563526,2022-12-27,436.1,442.0,450.0,433.0,142820.0
563526,2023-05-04,449.1,454.0,456.9,445.15,200402.0
563526,2023-05-11,445.0,448.6,450.75,444.0,83361.0
563526,2022-08-04,422.0,442.0,445.75,416.05,1189099.0
563526,2022-08-05,426.55,423.5,430.95,416.95,461102.0
563526,2022-08-16,427.55,450.4,463.45,418.05,971793.0
563526,2022-08-26,494.75,472.0,502.4,471.1,1943562.0
563526,2022-11-07,500.2,505.0,514.0,495.5,475086.0
563526,2023-02-03,380.7,381.2,390.7,377.5,701163.0
563526,2023-02-07,400.85,414.4,423.7,398.0,830316.0
563526,2023-02-16,448.4,440.0,454.9,440.0,218372.0
563526,2023-02-22,462.55,456.9,466.75,452.55,251771.0
563526,2023-02-27,429.15,443.95,445.5,425.1,175307.0
563526,2023-03-03,468.1,478.0,485.3,462.8,200803.0
563526,2023-03-06,475.4,472.7,481.2,470.05,163902.0
563526,2022-09-02,532.95,499.0,537.35,495.25,2806654.0
563526,2022-09-30,422.45,416.4,426.9,404.0,454185.0
563526,2022-10-18,436.3,432.3,439.9,429.1,368237.0
563526,2022-10-24,505.4,501.0,509.9,497.55,328342.0
563526,2022-12-09,511.6,527.65,532.65,501.55,394229.0
563526,2022-12-29,431.35,425.0,440.0,420.0,186284.0
563526,2023-01-09,409.75,413.0,416.2,407.0,91636.0
563526,2023-01-25,370.3,372.25,385.3,368.2,285548.0
563526,2023-02-02,379.85,375.0,389.0,374.0,244978.0
563526,2023-02-15,441.8,453.05,456.4,435.05,286883.0
563526,2023-03-02,477.5,473.5,483.0,473.5,212940.0
563526,2023-05-02,458.3,467.05,474.95,455.0,242150.0
563526,2022-09-26,421.45,441.1,444.1,416.2,538820.0
563526,2022-11-14,504.7,507.8,507.8,495.35,255058.0
563526,2022-12-07,520.65,520.0,525.0,515.75,731904.0
563526,2022-12-08,527.65,518.5,531.8,516.35,374367.0
563526,2022-12-23,416.95,443.0,446.2,413.5,270581.0
563526,2023-03-14,474.9,477.95,479.0,463.5,161930.0
563526,2023-03-16,478.9,483.8,483.8,470.7,102745.0
563526,2023-04-03,433.65,438.15,453.75,430.0,189591.0
563526,2023-04-11,467.45,466.4,475.65,465.0,129041.0
563526,2023-04-12,466.9,467.45,471.5,464.05,76012.0
563526,2023-04-20,507.65,510.05,514.9,501.6,417004.0
563526,2023-05-05,446.75,449.95,463.9,445.0,423620.0
563526,2022-08-08,433.2,433.95,437.9,422.1,596463.0
563526,2022-08-12,450.4,444.4,453.4,437.25,530407.0
563526,2022-09-06,551.1,541.95,565.0,539.15,1801746.0
563526,2022-08-10,447.7,432.9,464.2,425.55,1954070.0
563526,2022-09-15,524.85,555.0,555.0,520.1,611504.0
563526,2022-08-25,468.25,473.25,491.0,458.55,1754218.0
563526,2022-09-27,410.15,422.75,435.7,407.65,486124.0
563526,2022-09-16,489.05,527.5,529.55,478.35,10682482.0
563526,2022-09-28,405.8,409.9,410.15,398.05,368586.0
563526,2022-09-23,449.95,463.9,469.8,443.65,383470.0
563526,2022-11-01,490.05,488.3,506.5,485.0,587304.0
563526,2022-10-07,426.3,431.15,431.15,421.3,197181.0
563526,2023-03-21,471.85,482.15,482.3,469.0,293263.0
563526,2023-05-03,451.95,458.75,466.45,450.25,217757.0
563526,2022-11-29,470.4,492.0,492.0,467.0,368596.0
563526,2022-12-02,488.85,483.1,491.0,483.0,99556.0
563526,2022-12-06,516.3,492.8,519.2,486.5,1449991.0
563526,2023-01-11,401.5,415.8,423.55,399.2,592426.0
563526,2023-01-12,412.4,407.0,421.4,402.0,701982.0
563526,2023-01-13,406.15,413.6,414.5,402.8,213205.0
563526,2023-01-31,380.05,362.2,387.8,361.65,987456.0
563526,2023-04-21,492.6,505.3,505.3,488.4,313398.0
563526,2023-05-08,451.75,449.8,456.0,445.4,241111.0
563526,2023-06-01,540.65,538.65,561.95,537.05,635624.0
563526,2023-05-19,472.2,469.2,478.5,463.7,239438.0
563526,2023-05-26,543.6,559.0,563.9,540.0,469995.0
563526,2023-06-12,529.05,535.85,537.2,523.05,218284.0
563526,2023-06-09,534.85,538.5,552.5,531.6,285444.0
563526,2023-08-01,539.7,538.9,543.9,536.75,218964.0
563526,2023-06-08,537.75,546.15,553.3,535.55,211579.0
563526,2023-06-23,541.55,532.0,550.0,527.25,531345.0
563526,2023-08-11,504.25,508.8,511.6,502.5,147008.0
563526,2023-07-13,566.9,588.75,591.7,561.05,735213.0
563526,2023-08-08,508.45,522.0,524.95,502.15,290840.0
563526,2023-06-13,548.45,530.05,550.0,530.05,523867.0
563526,2023-06-14,547.7,550.0,551.65,540.1,229748.0
563526,2023-06-28,529.9,542.0,548.5,525.1,373417.0
563526,2023-07-26,559.75,554.4,563.0,553.05,327286.0
563526,2023-08-07,518.5,515.9,519.9,504.0,265614.0
563526,2023-05-31,534.45,533.9,547.0,515.25,746226.0
563526,2023-06-05,531.1,548.05,554.65,527.35,321563.0
563526,2023-06-19,534.15,536.0,547.85,531.1,281412.0
563526,2023-06-26,549.85,541.55,552.4,534.3,698107.0
563526,2023-06-30,541.6,531.45,545.0,531.05,511759.0
563526,2023-05-30,533.8,549.9,550.95,531.0,340272.0
563526,2023-06-02,544.65,543.35,549.0,537.35,249934.0
563526,2023-06-06,535.15,532.4,540.0,525.1,250848.0
563526,2023-07-10,546.35,539.85,549.95,535.4,329748.0
563526,2023-07-18,562.0,579.05,585.95,558.5,352723.0
563526,2023-08-14,487.55,491.75,497.95,482.5,369229.0
563526,2023-05-17,468.55,483.8,483.8,465.95,329750.0
563526,2023-05-29,547.9,546.95,561.5,541.55,584267.0
563526,2023-06-22,531.35,540.15,554.7,527.05,766602.0
563526,2023-06-07,544.55,535.15,545.75,533.1,245343.0
563526,2023-07-11,545.5,550.0,554.2,542.85,522239.0
563526,2023-07-27,547.6,561.05,562.5,546.55,181728.0
563526,2023-08-04,510.7,521.9,521.9,508.85,169276.0
563526,2023-07-07,538.7,541.0,543.75,535.0,166062.0
563526,2023-08-09,509.55,512.2,513.45,504.3,198882.0
563526,2023-07-12,583.2,559.0,623.0,556.65,8440159.0
563526,2023-07-17,576.2,573.0,578.0,565.05,301825.0
563526,2023-07-04,539.0,541.9,544.7,538.05,122254.0
563526,2023-07-20,565.5,571.7,571.7,559.3,179633.0
563526,2023-08-03,516.3,532.2,533.95,505.6,352835.0
563526,2023-08-21,475.1,490.7,490.7,474.3,230837.0
563526,2023-05-18,469.2,472.4,481.15,464.8,399501.0
563526,2023-06-15,531.6,550.0,553.0,527.25,413723.0
563526,2023-07-19,569.1,564.0,573.6,553.0,392079.0
563526,2023-07-28,541.5,547.8,550.95,538.0,181019.0
563526,2023-08-17,501.05,490.0,503.95,490.0,248257.0
563526,2023-06-20,531.7,535.75,538.1,526.35,145088.0
563526,2023-05-23,539.25,556.5,565.7,532.25,1657214.0
563526,2023-06-16,534.25,535.0,539.9,526.0,227512.0
563526,2023-05-22,557.5,485.0,564.8,484.4,8014464.0
563526,2023-05-24,571.25,533.0,583.8,531.0,4041541.0
563526,2023-07-06,539.55,540.6,543.95,538.4,128308.0
563526,2023-07-14,572.95,570.0,581.35,564.0,467965.0
563526,2023-07-25,552.45,555.25,559.55,550.05,135486.0
563526,2023-08-16,488.5,487.55,493.5,484.0,245375.0
563526,2023-08-18,485.2,502.0,502.8,484.0,304223.0
563526,2023-08-23,465.8,468.95,468.95,463.0,87486.0
563526,2023-06-27,540.5,552.6,566.95,537.0,1031563.0
563526,2023-07-03,539.3,545.9,546.1,538.05,174814.0
563526,2023-07-21,561.35,564.8,565.25,555.15,150571.0
563526,2023-08-10,506.3,511.95,512.45,505.0,138745.0
563526,2023-06-21,540.15,533.7,543.2,532.1,240900.0
563526,2023-07-05,540.6,548.0,548.0,539.05,242769.0
563526,2023-05-25,557.0,565.8,583.8,552.55,1015210.0
563526,2023-07-24,555.25,563.05,563.7,553.55,118192.0
563526,2023-07-31,535.55,544.65,546.25,532.7,275402.0
563526,2023-08-02,532.25,541.35,544.95,527.0,216279.0
563526,2023-08-22,466.4,478.95,479.5,464.5,296140.0
