stockid,date,close,open,high,low,volume
1003582,2022-01-04,436.6,458.7,458.7,434.8,374329.0
1003582,2022-02-15,574.6,565.0,580.0,550.3,100356.0
1003582,2022-02-21,548.75,550.0,560.0,540.0,136516.0
1003582,2022-03-22,570.1,571.0,583.95,565.65,417622.0
1003582,2022-02-16,572.15,580.0,582.25,570.0,91253.0
1003582,2022-03-07,518.25,515.0,531.6,505.1,147347.0
1003582,2022-03-09,522.0,520.05,530.0,519.0,171982.0
1003582,2022-04-06,600.15,594.0,607.7,592.25,113163.0
1003582,2022-04-08,592.45,591.1,595.4,582.45,101489.0
1003582,2022-04-28,566.05,560.0,570.0,550.0,107186.0
1003582,2022-02-01,595.15,610.0,614.75,575.4,326331.0
1003582,2022-02-03,591.05,592.0,603.25,589.0,364061.0
1003582,2022-02-11,578.7,584.0,584.95,573.05,70637.0
1003582,2022-04-20,568.9,582.0,583.0,552.1,155842.0
1003582,2022-01-12,499.0,488.3,502.0,484.25,459370.0
1003582,2022-02-28,544.0,550.0,550.0,533.0,112419.0
1003582,2022-03-03,531.95,544.75,547.0,528.0,79234.0
1003582,2022-03-16,570.1,559.0,574.55,551.05,164931.0
1003582,2021-12-29,453.95,459.0,469.7,450.0,572715.0
1003582,2022-01-03,453.6,454.5,461.8,450.05,327782.0
1003582,2022-01-25,612.9,597.0,625.0,584.0,319471.0
1003582,2022-02-18,554.4,557.0,559.9,551.25,123520.0
1003582,2022-02-23,542.8,545.0,553.0,538.05,226462.0
1003582,2022-03-14,539.75,552.1,552.1,532.05,68068.0
1003582,2022-03-15,551.6,541.0,558.75,539.5,243904.0
1003582,2022-05-10,537.3,528.8,550.0,520.15,91361.0
1003582,2021-12-30,452.15,451.0,462.0,450.0,166176.0
1003582,2021-12-31,458.2,451.0,460.9,451.0,247933.0
1003582,2022-01-14,507.95,500.9,512.0,492.95,508691.0
1003582,2022-01-17,605.0,545.0,609.5,545.0,5552207.0
1003582,2022-01-20,608.55,611.9,627.0,600.0,865251.0
1003582,2022-04-19,574.2,602.0,603.55,565.85,70371.0
1003582,2022-04-22,567.7,568.0,575.0,565.0,21859.0
1003582,2022-01-07,468.25,465.0,471.1,456.55,319032.0
1003582,2022-01-27,625.8,600.0,630.0,595.3,397438.0
1003582,2022-03-30,606.5,596.0,610.0,591.0,210076.0
1003582,2022-04-12,603.6,599.0,614.0,594.0,130259.0
1003582,2022-04-29,570.1,566.15,579.0,553.0,194711.0
1003582,2021-12-28,460.25,446.25,464.5,446.25,419620.0
1003582,2022-01-06,455.2,432.1,457.0,431.65,408705.0
1003582,2022-01-19,608.1,596.0,621.7,586.0,887038.0
1003582,2022-01-28,615.15,629.8,630.6,602.5,328952.0
1003582,2022-01-31,608.9,616.0,625.0,600.5,321552.0
1003582,2022-03-28,594.35,579.0,599.2,576.0,178019.0
1003582,2022-05-13,521.9,517.6,533.0,513.25,74621.0
1003582,2021-12-24,470.45,484.0,489.0,466.05,951656.0
1003582,2022-01-10,478.25,468.0,480.0,458.65,295438.0
1003582,2022-02-04,582.5,592.0,592.7,581.1,92462.0
1003582,2022-02-08,567.2,575.0,589.5,565.0,136380.0
1003582,2022-04-01,606.25,611.0,624.0,601.6,169484.0
1003582,2022-04-25,566.2,555.1,570.0,555.1,66315.0
1003582,2022-04-27,558.85,571.7,574.15,555.4,30140.0
1003582,2022-03-23,569.95,571.05,580.25,567.0,104992.0
1003582,2022-04-04,601.2,619.75,619.75,598.1,82918.0
1003582,2022-04-05,597.7,604.0,610.0,595.05,72435.0
1003582,2022-04-11,603.65,594.0,612.15,594.0,156911.0
1003582,2022-05-12,517.45,518.0,524.75,505.1,69786.0
1003582,2022-01-18,605.2,621.0,673.0,595.25,5058331.0
1003582,2022-01-24,597.45,600.0,609.9,556.5,441786.0
1003582,2022-02-09,594.6,570.9,604.4,559.25,192902.0
1003582,2022-05-06,542.85,535.0,550.1,534.05,71079.0
1003582,2022-03-25,582.9,579.75,597.15,578.2,247121.0
1003582,2022-04-21,570.15,567.0,575.7,565.7,41793.0
1003582,2022-03-08,520.15,527.0,527.0,514.65,101245.0
1003582,2022-03-10,535.35,526.0,548.0,523.75,581113.0
1003582,2022-05-04,552.75,561.0,564.5,535.1,71342.0
1003582,2022-05-05,547.5,558.75,558.75,543.0,32909.0
1003582,2022-05-09,533.25,540.8,540.8,526.55,95648.0
1003582,2022-01-11,494.55,484.75,498.1,478.0,606349.0
1003582,2022-02-14,559.6,565.25,589.75,550.1,250995.0
1003582,2022-02-22,547.5,534.0,552.9,526.0,86409.0
1003582,2022-03-04,519.0,530.0,531.9,515.0,103406.0
1003582,2022-04-07,596.75,595.0,610.0,588.4,82338.0
1003582,2022-04-18,594.65,593.0,600.7,535.25,63276.0
1003582,2022-04-26,572.1,579.0,588.55,567.0,128639.0
1003582,2021-12-22,493.35,437.0,507.9,426.0,19716936.0
1003582,2022-02-10,586.45,595.1,597.0,580.1,63064.0
1003582,2022-02-17,558.2,570.1,570.95,558.0,167101.0
1003582,2022-03-02,536.2,538.0,548.0,530.25,47030.0
1003582,2022-03-21,572.55,573.2,579.85,562.3,145451.0
1003582,2022-05-02,562.65,567.3,573.9,556.2,200218.0
1003582,2021-12-23,480.6,499.9,512.0,478.0,2173869.0
1003582,2022-01-13,500.95,492.2,509.8,488.9,505248.0
1003582,2022-03-17,573.15,575.0,589.45,565.75,283725.0
1003582,2022-02-07,577.9,582.0,595.55,573.2,186031.0
1003582,2022-02-25,545.1,520.25,560.0,520.25,275706.0
1003582,2022-03-11,548.8,544.75,550.0,540.1,202230.0
1003582,2021-12-27,449.95,460.1,464.9,444.2,540067.0
1003582,2022-01-05,439.85,437.25,448.7,428.75,360297.0
1003582,2022-01-21,601.75,606.9,619.7,591.0,384543.0
1003582,2022-02-02,598.7,595.45,608.25,585.15,361387.0
1003582,2022-02-24,522.8,520.0,532.25,510.55,564698.0
1003582,2022-03-24,575.45,574.0,584.5,565.15,93984.0
1003582,2022-03-29,598.8,591.0,607.4,582.8,136544.0
1003582,2022-03-31,612.2,605.6,635.5,581.35,401020.0
1003582,2022-04-13,600.7,602.15,611.0,599.0,53350.0
1003582,2022-05-11,525.9,532.7,537.4,520.0,105327.0
1003582,2022-05-17,527.0,519.0,539.8,508.1,87796.0
1003582,2022-10-06,959.45,956.0,980.85,943.95,554955.0
1003582,2022-05-27,525.15,532.45,537.7,521.3,130504.0
1003582,2022-06-08,560.7,579.0,581.0,551.0,37717.0
1003582,2022-05-16,515.05,518.25,528.75,505.4,66276.0
1003582,2022-06-27,562.6,565.0,576.9,555.55,85341.0
1003582,2022-06-17,540.5,548.0,548.0,535.1,20960.0
1003582,2022-10-14,873.85,909.9,910.0,868.0,265940.0
1003582,2022-07-08,581.0,586.0,598.0,576.95,308045.0
1003582,2022-10-28,826.15,835.0,839.9,819.05,304406.0
1003582,2022-08-01,737.2,682.05,761.75,682.05,6015998.0
1003582,2022-11-15,779.05,798.2,805.0,777.05,107616.0
1003582,2022-08-03,766.8,762.95,773.0,751.35,409788.0
1003582,2022-11-23,807.25,803.9,811.7,796.55,79998.0
1003582,2022-09-23,879.95,900.0,935.0,867.0,1301591.0
1003582,2022-12-15,827.1,842.0,848.15,818.0,56817.0
1003582,2022-10-11,909.95,930.15,943.65,900.0,192391.0
1003582,2022-12-26,835.95,810.0,845.0,800.1,65631.0
1003582,2022-10-12,911.9,910.0,923.95,881.3,412278.0
1003582,2023-01-31,756.6,759.7,764.25,736.05,200598.0
1003582,2022-10-24,887.5,902.0,905.75,881.2,71614.0
1003582,2022-10-31,866.6,825.0,876.0,823.55,363364.0
1003582,2023-02-27,814.0,810.0,849.0,809.15,418112.0
1003582,2022-11-16,811.15,782.95,817.0,772.55,421410.0
1003582,2023-04-13,800.4,813.2,813.2,792.85,50401.0
1003582,2022-12-05,835.05,839.0,842.35,824.75,88864.0
1003582,2023-04-27,866.85,854.45,879.75,854.45,196700.0
1003582,2023-03-13,803.85,822.95,832.0,795.6,131252.0
1003582,2023-03-23,780.6,780.3,785.45,773.15,91166.0
1003582,2023-05-25,969.6,935.0,977.4,921.35,681132.0
1003582,2023-07-11,1014.4,1003.35,1021.05,998.0,42234.0
1003582,2023-04-28,865.5,863.05,873.8,861.0,454834.0
1003582,2023-08-04,1068.9,1081.2,1084.25,1046.45,107880.0
1003582,2023-05-03,900.4,888.65,903.95,880.0,121081.0
1003582,2023-06-06,972.25,956.8,977.0,954.4,109916.0
1003582,2023-06-14,961.5,963.45,979.1,956.3,50429.0
1003582,2023-07-07,1014.15,997.9,1018.1,987.95,192796.0
1003582,2023-07-31,1034.0,1046.5,1058.25,1025.0,95857.0
1003582,2023-08-08,1072.75,1076.55,1083.0,1065.0,72989.0
1003582,2022-06-20,536.8,544.8,544.8,525.5,279706.0
1003582,2022-06-29,578.4,578.0,585.0,570.0,179888.0
1003582,2022-07-20,578.1,588.0,591.7,568.4,55313.0
1003582,2022-09-14,805.35,818.0,825.0,800.0,214202.0
1003582,2022-11-01,855.1,874.0,879.55,851.15,173436.0
1003582,2022-11-03,833.35,835.9,855.85,830.0,187346.0
1003582,2022-11-10,800.2,828.75,842.25,793.3,183553.0
1003582,2022-11-14,794.9,798.0,811.9,782.55,110566.0
1003582,2022-11-18,794.1,808.6,822.0,789.1,207124.0
1003582,2023-01-05,871.95,853.2,882.8,841.5,173244.0
1003582,2023-02-15,837.6,813.95,849.0,801.05,199356.0
1003582,2023-04-05,812.15,794.0,815.0,794.0,78525.0
1003582,2023-04-06,802.15,815.0,817.0,795.75,43647.0
1003582,2023-04-21,846.9,842.0,858.2,833.65,225295.0
1003582,2023-05-02,890.6,865.5,902.5,861.0,310142.0
1003582,2023-06-13,966.25,961.45,974.95,953.6,81789.0
1003582,2023-06-20,990.0,989.0,998.8,982.25,46313.0
1003582,2023-06-28,967.3,977.7,992.8,963.0,86568.0
1003582,2023-07-24,1084.2,1092.75,1093.25,1072.7,175699.0
1003582,2023-08-22,1036.35,1069.55,1080.0,1034.0,129482.0
1003582,2022-05-18,528.2,535.0,536.0,521.1,59893.0
1003582,2022-06-10,574.1,560.1,580.0,553.1,82889.0
1003582,2022-06-21,553.35,535.95,559.5,532.0,82169.0
1003582,2022-07-04,614.1,631.0,633.0,606.55,161877.0
1003582,2022-07-06,589.5,588.0,599.0,572.0,183581.0
1003582,2022-11-28,815.75,807.25,830.0,801.75,207348.0
1003582,2022-12-27,842.3,835.95,857.4,832.5,61656.0
1003582,2023-01-12,837.2,833.0,847.8,829.6,67968.0
1003582,2023-01-16,847.0,850.0,863.95,843.0,54949.0
1003582,2023-01-18,864.5,860.0,886.0,847.0,435543.0
1003582,2023-01-25,799.15,810.2,810.2,792.95,308738.0
1003582,2023-02-08,765.1,759.75,782.35,746.1,92586.0
1003582,2023-03-24,786.05,775.25,789.55,775.25,69533.0
1003582,2023-05-09,905.7,913.95,937.85,895.0,100305.0
1003582,2023-05-17,911.45,919.95,924.85,907.95,47066.0
1003582,2023-05-31,958.1,963.45,984.55,946.15,119949.0
1003582,2023-06-12,958.8,954.05,961.8,939.9,90617.0
1003582,2023-06-19,988.9,985.9,1006.6,980.0,138779.0
1003582,2023-06-27,978.25,967.0,1000.0,958.5,171210.0
1003582,2022-06-01,582.0,597.0,619.0,576.55,376957.0
1003582,2022-05-23,546.65,556.0,582.8,531.25,538524.0
1003582,2022-05-26,530.75,527.0,535.1,520.7,93880.0
1003582,2022-05-31,596.4,572.2,607.0,565.25,762000.0
1003582,2022-07-14,554.05,563.0,565.0,550.4,59443.0
1003582,2022-07-19,579.5,582.4,585.95,578.0,28525.0
1003582,2022-07-22,576.15,571.15,581.75,565.1,97628.0
1003582,2022-07-25,572.65,578.45,579.35,566.45,113030.0
1003582,2022-08-10,787.0,769.0,799.0,758.1,520332.0
1003582,2022-08-17,849.85,850.6,861.9,839.25,172997.0
1003582,2022-10-04,946.3,955.5,969.85,941.0,469011.0
1003582,2022-10-18,933.05,937.0,950.95,916.6,484012.0
1003582,2022-10-19,895.6,935.9,939.8,890.0,464793.0
1003582,2022-10-20,883.25,904.0,928.0,877.25,775771.0
1003582,2022-11-24,813.05,815.0,815.0,792.0,180341.0
1003582,2022-12-13,820.95,824.6,830.0,816.0,42264.0
1003582,2022-12-19,827.0,828.3,835.0,823.95,60818.0
1003582,2023-01-04,856.4,873.1,873.1,850.0,78702.0
1003582,2023-02-16,843.25,841.8,848.1,836.0,116441.0
1003582,2023-03-06,806.7,811.0,812.45,795.1,181994.0
1003582,2023-04-18,800.9,813.0,824.2,796.6,71726.0
1003582,2023-05-23,880.45,908.9,918.9,864.4,182472.0
1003582,2023-06-01,971.1,958.15,979.0,957.7,76330.0
1003582,2023-07-04,957.7,956.6,967.0,950.0,71978.0
1003582,2023-08-03,1073.9,1056.15,1086.95,1047.7,145304.0
1003582,2022-06-16,549.65,567.0,567.0,535.6,165273.0
1003582,2022-09-01,776.95,788.9,814.0,772.0,191199.0
1003582,2022-07-12,575.65,581.15,597.15,573.0,338279.0
1003582,2022-09-06,813.5,844.7,850.0,805.55,273823.0
1003582,2022-07-18,582.4,590.0,594.2,577.1,68455.0
1003582,2022-09-19,814.5,777.4,825.0,774.05,393160.0
1003582,2022-07-21,575.55,578.1,581.4,567.0,108785.0
1003582,2022-11-25,801.0,813.9,827.55,796.05,145991.0
1003582,2022-08-18,823.95,852.0,852.0,818.05,159202.0
1003582,2022-12-09,833.9,847.9,853.45,825.0,128489.0
1003582,2022-08-30,792.95,789.95,797.15,780.5,173885.0
1003582,2022-12-28,860.85,842.0,866.0,834.6,92475.0
1003582,2022-09-02,794.8,782.8,805.0,773.0,150442.0
1003582,2023-01-03,873.1,867.0,877.1,860.5,142216.0
1003582,2023-01-23,832.9,858.6,862.25,829.4,96176.0
1003582,2022-12-01,830.95,832.0,849.0,822.15,137304.0
1003582,2023-01-02,865.9,890.0,893.5,860.55,202381.0
1003582,2023-01-30,759.7,759.05,774.5,754.0,113356.0
1003582,2023-01-13,849.9,839.75,853.0,836.45,45112.0
1003582,2023-02-20,838.0,826.6,844.9,815.0,169404.0
1003582,2023-01-19,874.3,875.0,883.0,867.05,144021.0
1003582,2023-03-09,820.25,807.0,823.95,804.4,392679.0
1003582,2023-02-07,757.4,764.25,770.05,745.45,52983.0
1003582,2023-03-22,784.75,769.45,790.0,766.2,95509.0
1003582,2023-02-21,849.25,842.2,857.7,838.9,98814.0
1003582,2023-03-27,771.5,786.7,786.95,765.0,92476.0
1003582,2023-04-11,806.05,811.85,813.5,802.2,94841.0
1003582,2023-03-28,770.55,771.3,786.95,768.25,74074.0
1003582,2023-05-11,919.05,915.2,926.1,909.55,87346.0
1003582,2023-04-17,812.95,800.4,818.0,796.55,65023.0
1003582,2023-05-15,919.5,906.7,928.5,900.6,57333.0
1003582,2023-04-25,850.7,842.85,854.95,831.0,209350.0
1003582,2023-05-04,916.4,906.35,920.0,891.0,141517.0
1003582,2023-06-16,979.85,966.1,1007.5,964.05,255850.0
1003582,2023-06-26,959.75,960.0,975.0,956.0,94948.0
1003582,2023-05-19,925.85,913.1,945.0,902.6,258131.0
1003582,2023-07-03,955.15,944.9,958.0,940.0,95092.0
1003582,2023-06-15,969.8,967.2,975.0,962.0,80716.0
1003582,2023-07-19,1057.8,1072.0,1089.95,1050.05,182034.0
1003582,2023-07-20,1055.35,1052.5,1071.2,1047.75,72039.0
1003582,2023-07-27,1068.45,1105.0,1107.45,1062.9,52674.0
1003582,2022-06-07,579.05,571.0,585.0,566.7,27010.0
1003582,2022-07-05,588.35,617.45,619.35,580.2,322195.0
1003582,2022-07-07,585.3,593.8,596.5,575.25,427208.0
1003582,2022-08-04,737.6,766.8,778.0,724.4,323494.0
1003582,2022-08-08,758.1,753.0,796.0,749.5,822417.0
1003582,2022-08-16,844.75,870.0,871.6,826.45,571812.0
1003582,2022-10-13,892.1,916.4,924.9,881.1,273081.0
1003582,2022-10-21,889.0,888.0,897.4,832.85,645740.0
1003582,2022-11-04,842.95,833.8,856.0,833.8,158089.0
1003582,2022-11-07,832.9,848.7,853.0,830.0,113589.0
1003582,2022-11-21,786.15,798.8,808.0,779.05,156922.0
1003582,2023-02-14,813.9,808.0,822.4,788.45,178033.0
1003582,2023-02-28,820.95,820.05,828.65,787.85,226282.0
1003582,2023-03-08,808.95,804.0,812.35,796.25,232531.0
1003582,2023-03-31,794.65,787.7,809.95,782.05,203357.0
1003582,2023-04-20,845.5,796.4,855.0,794.0,621463.0
1003582,2023-05-10,915.2,905.95,919.65,899.2,64209.0
1003582,2023-05-30,968.65,957.55,991.1,950.0,336725.0
1003582,2023-06-07,981.7,972.3,990.0,959.0,151532.0
1003582,2023-07-18,1071.8,1088.9,1098.8,1060.55,104979.0
1003582,2022-06-14,566.35,569.75,572.0,557.55,29298.0
1003582,2022-06-15,557.0,566.35,571.95,543.7,113255.0
1003582,2022-06-30,598.75,570.0,602.7,570.0,287208.0
1003582,2022-07-01,621.1,600.0,631.25,600.0,582857.0
1003582,2022-07-27,581.3,576.3,588.0,572.0,48265.0
1003582,2022-08-24,801.85,818.8,829.0,792.5,166014.0
1003582,2022-09-16,780.85,800.0,805.05,772.0,145235.0
1003582,2022-09-26,893.5,878.9,918.0,846.9,835280.0
1003582,2022-09-28,897.65,866.0,918.0,859.25,749644.0
1003582,2022-10-10,930.65,926.9,942.85,923.0,120436.0
1003582,2022-10-27,835.6,860.05,870.0,826.85,462758.0
1003582,2022-12-16,823.95,828.9,833.2,793.7,179349.0
1003582,2022-12-30,883.5,858.15,913.0,858.15,730312.0
1003582,2023-01-06,862.95,867.5,872.95,851.5,120530.0
1003582,2023-02-17,832.25,836.15,859.9,826.05,186922.0
1003582,2023-02-22,849.7,849.2,854.9,830.0,176210.0
1003582,2023-03-21,769.25,780.7,789.45,765.1,225659.0
1003582,2023-04-10,811.85,802.0,814.1,797.55,50984.0
1003582,2023-05-05,921.8,910.95,929.0,887.45,219848.0
1003582,2023-05-24,929.6,840.0,954.9,828.0,1398002.0
1003582,2023-06-02,985.1,977.0,1013.0,970.55,325147.0
1003582,2023-06-05,952.25,995.0,995.0,944.85,118559.0
1003582,2023-08-02,1056.15,1021.0,1108.0,982.55,882394.0
1003582,2023-08-10,1034.15,1070.6,1072.7,1031.1,135364.0
1003582,2023-08-18,1096.55,1094.2,1104.95,1075.05,82450.0
1003582,2023-08-21,1066.55,1100.0,1109.9,1055.55,150820.0
1003582,2022-05-30,574.8,530.0,596.05,525.2,1095155.0
1003582,2022-06-03,578.55,593.0,599.0,576.45,37976.0
1003582,2022-06-02,588.2,580.9,594.5,572.5,107489.0
1003582,2022-08-02,763.15,737.2,775.9,722.0,2110241.0
1003582,2022-08-29,784.8,760.0,797.5,751.95,204372.0
1003582,2022-09-21,865.05,893.85,906.2,855.25,874324.0
1003582,2022-09-27,867.8,918.15,948.5,858.85,1206113.0
1003582,2022-11-17,807.6,816.8,816.8,802.85,146049.0
1003582,2022-12-12,820.65,837.85,838.3,811.0,63175.0
1003582,2022-12-14,842.05,823.0,851.95,822.0,339131.0
1003582,2022-12-21,838.25,847.55,847.55,830.55,139873.0
1003582,2022-12-22,833.4,839.05,840.45,814.15,110026.0
1003582,2023-01-24,810.2,832.9,841.3,806.0,140391.0
1003582,2023-05-26,950.05,963.0,964.1,942.75,310644.0
1003582,2023-07-10,1003.7,1015.5,1019.9,994.65,66289.0
1003582,2023-07-28,1044.5,1072.5,1076.05,1040.0,53816.0
1003582,2023-08-01,1041.25,1037.65,1065.0,1035.85,112947.0
1003582,2022-05-20,536.9,534.0,545.0,526.7,85612.0
1003582,2022-05-25,530.35,538.65,546.6,522.3,200781.0
1003582,2022-06-22,561.95,567.75,567.75,548.4,165020.0
1003582,2022-06-28,580.15,570.0,588.9,562.6,190948.0
1003582,2022-07-13,558.6,581.85,589.0,548.75,195730.0
1003582,2022-07-29,639.75,649.7,649.7,627.1,561936.0
1003582,2022-08-25,787.25,813.8,813.8,784.1,155767.0
1003582,2022-09-05,830.2,797.9,838.0,791.05,370243.0
1003582,2022-09-22,889.6,864.9,903.4,857.2,379950.0
1003582,2022-10-07,941.4,963.8,963.8,930.5,271785.0
1003582,2022-10-17,931.35,866.0,936.95,863.65,595028.0
1003582,2022-11-02,843.95,855.0,859.55,841.0,121462.0
1003582,2022-12-02,834.9,829.95,839.85,824.15,72800.0
1003582,2022-12-29,858.05,860.0,864.0,846.55,98248.0
1003582,2023-01-17,845.35,852.25,869.0,829.1,501977.0
1003582,2023-02-01,767.95,764.9,772.7,755.9,79514.0
1003582,2023-03-03,806.95,810.9,812.85,799.55,103939.0
1003582,2023-03-17,795.0,793.8,804.8,788.6,118636.0
1003582,2023-07-13,1061.65,1026.3,1080.0,1019.45,301148.0
1003582,2023-07-21,1086.45,1064.0,1091.0,1056.95,154037.0
1003582,2023-08-07,1073.85,1075.3,1086.0,1060.1,51873.0
1003582,2022-08-05,735.3,736.9,752.15,724.05,130062.0
1003582,2022-08-19,808.8,824.0,844.5,806.15,154184.0
1003582,2022-09-29,905.75,938.0,938.0,860.55,648825.0
1003582,2022-12-23,825.65,825.8,830.45,805.0,153363.0
1003582,2023-01-09,885.95,864.95,891.95,861.05,179375.0
1003582,2023-02-03,747.85,748.65,758.95,737.4,56260.0
1003582,2023-03-02,806.85,810.0,815.05,791.6,146313.0
1003582,2023-04-24,846.3,847.9,855.2,840.35,164186.0
1003582,2023-05-12,911.5,927.0,927.0,902.0,54850.0
1003582,2023-06-08,966.25,981.95,989.3,960.5,61525.0
1003582,2023-06-21,1018.7,992.85,1032.85,992.85,319147.0
1003582,2023-06-22,1004.3,1018.7,1034.3,972.9,180638.0
1003582,2023-07-14,1076.4,1066.0,1090.0,1061.65,368019.0
1003582,2023-07-17,1087.55,1081.5,1090.3,1071.9,104631.0
1003582,2023-07-25,1074.4,1075.0,1085.4,1066.5,65195.0
1003582,2022-05-19,529.0,515.1,536.0,511.35,51143.0
1003582,2022-06-13,564.05,557.0,574.1,542.15,146885.0
1003582,2022-07-11,583.1,582.9,589.95,577.25,33289.0
1003582,2022-07-26,576.3,572.65,581.55,568.85,47214.0
1003582,2022-07-28,636.9,582.35,654.4,582.35,1710307.0
1003582,2022-08-11,813.35,789.7,939.9,785.0,871104.0
1003582,2022-08-22,802.0,811.0,825.0,791.3,148779.0
1003582,2022-08-23,816.25,806.0,840.0,775.9,375684.0
1003582,2022-09-09,816.75,805.9,823.3,792.0,314475.0
1003582,2022-09-13,817.8,824.9,828.4,807.4,217405.0
1003582,2022-11-11,799.55,808.9,814.4,775.45,282239.0
1003582,2022-11-30,831.65,820.7,837.7,812.3,204096.0
1003582,2022-12-06,831.7,836.0,841.25,826.6,41911.0
1003582,2022-12-07,840.15,836.8,850.0,829.0,128532.0
1003582,2022-12-08,847.9,865.0,870.1,841.0,279142.0
1003582,2022-12-20,848.3,827.0,864.0,821.35,340965.0
1003582,2023-01-10,852.4,882.95,882.95,846.35,137921.0
1003582,2023-01-27,773.8,797.0,798.95,752.0,679119.0
1003582,2023-02-06,760.4,749.0,765.95,740.25,97207.0
1003582,2023-03-10,822.65,814.0,835.55,807.05,162093.0
1003582,2023-03-16,790.45,796.0,798.0,777.4,84348.0
1003582,2023-04-03,794.1,797.9,810.0,788.0,52036.0
1003582,2023-04-19,797.45,802.45,806.0,790.9,143408.0
1003582,2023-07-06,998.05,973.0,1003.0,960.25,172457.0
1003582,2023-08-17,1094.15,1089.95,1099.95,1082.05,102438.0
1003582,2022-06-06,573.8,583.4,587.6,567.15,87520.0
1003582,2022-06-09,565.95,558.9,572.0,551.15,63106.0
1003582,2022-07-15,577.4,551.0,584.5,551.0,91754.0
1003582,2022-08-26,778.1,793.0,805.65,775.0,162444.0
1003582,2022-09-07,795.8,810.9,817.0,793.0,153578.0
1003582,2022-09-15,802.9,810.9,816.0,799.0,107035.0
1003582,2022-11-29,815.4,821.75,824.9,808.3,159481.0
1003582,2023-02-02,749.4,766.8,766.8,737.0,110246.0
1003582,2023-02-10,802.1,788.7,807.0,776.2,116305.0
1003582,2023-02-13,804.25,806.15,834.0,786.2,138644.0
1003582,2023-02-24,807.1,846.0,856.75,805.0,225015.0
1003582,2023-03-01,810.85,808.1,825.1,797.55,186134.0
1003582,2023-03-20,779.8,815.0,815.0,775.0,68795.0
1003582,2023-05-08,923.55,921.8,934.45,909.75,80102.0
1003582,2023-05-16,920.5,906.35,933.0,906.35,45529.0
1003582,2023-06-23,967.3,1001.0,1003.8,951.0,207937.0
1003582,2023-07-05,966.0,964.9,969.0,954.2,59586.0
1003582,2023-07-26,1094.85,1077.1,1110.0,1071.9,107079.0
1003582,2023-08-09,1067.55,1075.0,1075.85,1055.0,44006.0
1003582,2023-08-11,1077.0,1035.1,1083.85,1035.1,137737.0
1003582,2023-08-23,1025.15,1045.0,1045.0,1023.0,29682.0
1003582,2022-05-24,538.65,554.75,554.75,531.0,105455.0
1003582,2022-06-23,559.95,567.75,569.05,551.6,42865.0
1003582,2022-09-12,822.65,818.0,831.05,808.5,174849.0
1003582,2022-09-20,884.1,829.0,914.95,814.5,3119045.0
1003582,2022-10-03,934.75,910.2,968.95,892.3,1174888.0
1003582,2022-10-25,865.85,890.0,890.0,861.0,123281.0
1003582,2023-01-11,833.15,856.65,859.3,832.55,80413.0
1003582,2023-01-20,854.1,879.8,882.55,845.05,240914.0
1003582,2023-02-09,784.75,765.1,790.0,758.75,69817.0
1003582,2023-03-14,795.35,807.9,819.95,782.4,197819.0
1003582,2023-03-15,799.55,802.0,811.0,794.8,61230.0
1003582,2023-03-29,787.7,770.6,805.0,765.0,177422.0
1003582,2023-04-12,811.6,806.6,815.0,801.35,42040.0
1003582,2023-04-26,853.8,850.7,857.35,834.0,193459.0
1003582,2023-05-29,958.2,950.5,961.4,928.75,222887.0
1003582,2023-06-09,954.05,969.6,981.0,943.0,61519.0
1003582,2023-06-30,936.5,970.1,982.0,929.0,194607.0
1003582,2023-08-14,1095.4,1069.0,1102.0,1065.95,122791.0
1003582,2023-08-16,1087.15,1090.0,1127.2,1074.0,95344.0
1003582,2022-06-24,560.6,556.35,568.7,556.35,16640.0
1003582,2022-08-12,855.3,836.0,870.0,815.6,805390.0
1003582,2022-09-08,802.5,803.4,813.95,787.15,229736.0
1003582,2022-09-30,916.05,899.1,922.2,876.55,355620.0
1003582,2022-11-09,837.1,837.0,847.35,828.75,109665.0
1003582,2022-11-22,799.7,790.0,804.45,782.4,98373.0
1003582,2023-02-23,850.1,848.0,854.9,812.9,155909.0
1003582,2023-05-18,909.95,911.0,929.0,903.2,134102.0
1003582,2023-05-22,898.75,915.3,925.0,880.55,137398.0
1003582,2023-07-12,1024.75,1018.6,1032.0,1005.7,97266.0
