stockid,date,close,open,high,low,volume
119922,2021-01-14,177.4,177.0,180.9,175.0,3398086.0
119922,2021-01-22,174.25,175.0,175.7,172.15,1600145.0
119922,2021-02-15,169.0,164.5,170.6,163.55,5375343.0
119922,2021-02-24,164.95,162.0,166.2,160.05,1260888.0
119922,2021-03-18,167.3,170.0,173.2,160.05,4038162.0
119922,2021-04-30,166.75,167.4,169.35,165.5,1447507.0
119922,2021-05-04,166.95,170.0,172.0,165.35,4528692.0
119922,2021-07-02,164.25,165.8,165.8,163.75,1418397.0
119922,2021-09-08,155.35,154.2,156.65,153.6,868818.0
119922,2021-09-13,155.55,155.2,156.5,154.4,418884.0
119922,2021-09-21,149.95,150.0,150.5,147.0,1197247.0
119922,2021-09-23,152.55,151.0,153.0,150.6,1061717.0
119922,2021-09-24,149.95,152.6,153.65,149.3,842401.0
119922,2021-10-11,168.85,167.1,170.6,165.7,5111032.0
119922,2021-10-13,168.9,171.0,172.45,166.45,2046049.0
119922,2021-10-18,171.0,174.35,174.35,169.9,2545315.0
119922,2021-11-10,168.55,170.05,172.3,168.2,905474.0
119922,2021-11-22,152.15,157.4,157.95,150.55,1858975.0
119922,2021-12-01,145.9,144.7,146.9,144.15,810062.0
119922,2022-03-10,123.3,123.2,126.0,122.2,4767210.0
119922,2022-04-20,133.3,133.1,134.6,132.2,789484.0
119922,2022-05-10,121.55,124.1,125.5,120.8,659939.0
119922,2022-05-19,124.9,121.1,125.75,120.35,1125410.0
119922,2022-05-30,138.6,132.5,139.25,125.6,10972377.0
119922,2022-06-02,142.15,142.3,146.5,140.6,5437303.0
119922,2022-07-15,151.55,151.35,152.2,150.45,1219432.0
119922,2022-08-23,178.9,171.2,180.75,168.1,3819325.0
119922,2022-09-28,171.25,171.0,172.45,169.7,3199481.0
119922,2022-11-15,190.05,185.4,191.15,183.8,4659728.0
119922,2022-12-14,203.1,197.3,203.7,196.0,8146578.0
119922,2023-01-30,152.25,150.95,153.35,148.5,1948211.0
119922,2023-02-09,157.25,159.5,160.5,156.4,1779573.0
119922,2023-02-24,134.6,133.1,135.0,131.7,3037415.0
119922,2023-03-02,141.1,140.6,142.5,140.6,969787.0
119922,2023-03-13,134.35,138.4,138.4,133.75,6405118.0
119922,2023-03-27,124.2,125.55,126.5,121.8,2404279.0
119922,2023-08-22,123.9,122.5,125.5,122.15,4792713.0
119922,2021-01-27,167.3,173.75,175.85,166.05,3308748.0
119922,2021-02-10,164.1,169.5,171.5,163.1,3118639.0
119922,2021-02-12,162.95,165.0,166.65,161.5,2365065.0
119922,2021-02-25,167.5,167.9,170.3,166.75,5565970.0
119922,2021-03-04,180.65,179.9,189.7,177.0,13975656.0
119922,2021-03-12,172.2,175.0,176.0,170.5,3870535.0
119922,2021-04-07,165.45,157.5,166.5,156.95,5977836.0
119922,2021-07-07,164.95,165.95,166.75,164.4,1474851.0
119922,2021-07-14,162.45,163.4,163.5,161.9,1487976.0
119922,2021-07-30,150.25,150.3,152.3,149.85,1272801.0
119922,2021-08-04,154.6,151.7,157.3,151.5,3054842.0
119922,2021-08-13,150.3,151.9,152.5,149.9,620681.0
119922,2021-09-06,156.1,154.25,156.4,152.95,1114123.0
119922,2021-10-20,167.9,165.7,169.75,163.25,2145567.0
119922,2021-11-08,172.05,175.0,175.1,170.2,1226213.0
119922,2021-11-09,170.5,172.95,173.6,168.65,1030383.0
119922,2021-11-29,144.8,147.5,148.1,142.8,1131666.0
119922,2021-12-10,149.95,146.75,150.5,146.35,2496171.0
119922,2021-12-28,135.1,133.0,136.0,131.6,3504063.0
119922,2021-12-30,135.95,137.7,138.1,135.25,2642747.0
119922,2022-01-25,142.9,137.0,144.2,136.95,1285754.0
119922,2022-02-15,133.95,132.0,134.85,129.6,2296672.0
119922,2022-02-21,127.8,127.6,129.7,126.2,1262568.0
119922,2022-02-22,128.3,125.7,128.9,124.85,1627570.0
119922,2022-03-07,110.35,116.8,116.8,109.0,2887417.0
119922,2022-06-16,130.4,134.55,136.1,129.55,1936838.0
119922,2022-07-11,149.1,144.1,150.0,143.6,3627676.0
119922,2022-08-11,175.15,178.1,178.1,173.85,5189779.0
119922,2022-09-01,181.05,179.0,181.65,178.5,3482284.0
119922,2022-09-06,176.5,179.0,180.6,175.0,1608451.0
119922,2022-10-03,169.0,173.4,174.8,165.45,1158193.0
119922,2022-10-31,186.0,189.65,189.8,184.0,1924954.0
119922,2022-11-09,193.35,198.45,199.95,191.55,6111860.0
119922,2022-11-10,192.65,193.3,196.5,188.05,3871392.0
119922,2022-12-30,180.4,179.5,182.0,177.4,2787207.0
119922,2023-01-27,151.55,149.1,153.85,149.1,2425844.0
119922,2023-03-10,138.05,139.95,139.95,137.05,5872986.0
119922,2023-05-04,142.3,142.5,143.35,141.3,831405.0
119922,2023-05-31,125.15,125.55,125.8,124.55,2385148.0
119922,2023-06-05,125.35,123.9,126.2,123.8,5637309.0
119922,2023-07-06,131.2,129.95,132.3,129.3,4701730.0
119922,2023-07-11,128.95,128.95,130.0,128.5,1818676.0
119922,2023-07-18,129.95,131.95,132.0,129.2,2598841.0
119922,2021-01-01,180.45,180.1,181.6,179.1,953580.0
119922,2021-01-18,172.3,173.8,175.5,171.0,1177211.0
119922,2021-03-23,168.65,170.0,171.9,168.0,1331486.0
119922,2021-05-25,173.1,178.0,178.75,172.0,1490056.0
119922,2021-05-31,172.35,172.45,177.95,169.6,3710646.0
119922,2021-06-04,165.95,167.9,168.9,165.55,1899228.0
119922,2021-06-14,169.85,170.0,172.25,166.5,2842585.0
119922,2021-06-17,165.75,166.5,167.0,163.55,2062415.0
119922,2021-07-09,161.45,161.0,162.3,160.1,2425856.0
119922,2021-07-20,153.55,159.85,159.85,153.2,1994270.0
119922,2021-08-02,151.3,151.05,154.1,150.7,1607938.0
119922,2021-09-03,154.2,156.7,157.95,152.75,2117766.0
119922,2021-09-15,155.9,158.05,158.05,155.55,1632555.0
119922,2021-12-22,135.85,135.05,136.95,134.2,1492326.0
119922,2022-01-04,141.95,138.6,142.4,138.25,2576588.0
119922,2022-02-14,132.2,134.35,134.9,131.25,1415671.0
119922,2022-03-22,120.0,119.8,120.8,117.7,2225261.0
119922,2022-04-04,136.5,134.3,137.55,132.95,5839316.0
119922,2022-04-22,135.05,137.0,137.0,134.15,829651.0
119922,2022-05-02,134.05,137.1,137.1,133.15,651115.0
119922,2022-05-04,132.15,135.0,136.55,131.4,1376463.0
119922,2022-07-13,150.7,149.85,151.6,147.5,2392634.0
119922,2022-07-19,158.0,153.8,159.5,153.0,2168823.0
119922,2022-07-21,160.1,158.4,162.15,156.9,4981989.0
119922,2022-08-22,171.7,175.0,175.4,169.25,2189947.0
119922,2022-09-19,180.1,178.25,182.15,175.95,2253157.0
119922,2022-09-30,174.1,172.0,176.45,169.45,1850818.0
119922,2022-10-17,193.1,184.8,195.0,184.0,7123465.0
119922,2022-11-25,186.55,185.4,187.8,184.5,1515546.0
119922,2022-12-13,195.8,194.05,200.5,194.05,4828983.0
119922,2022-12-20,188.8,193.05,193.95,186.1,2243367.0
119922,2023-02-23,132.5,133.0,133.2,129.0,6129857.0
119922,2023-04-18,129.95,130.75,131.45,128.8,4077822.0
119922,2023-04-25,133.25,134.1,135.5,132.1,4176960.0
119922,2023-05-16,138.7,141.0,141.0,138.3,3509665.0
119922,2023-05-19,140.45,139.1,141.2,138.05,1896784.0
119922,2023-05-22,140.65,140.7,141.15,138.05,2338113.0
119922,2023-06-16,124.65,124.3,125.7,123.85,1980587.0
119922,2023-06-27,124.7,123.2,124.95,122.25,3351532.0
119922,2021-01-20,174.95,176.5,177.35,174.1,2187343.0
119922,2021-02-09,166.65,173.6,174.45,166.25,4055863.0
119922,2021-02-22,160.0,165.4,165.9,158.75,1979845.0
119922,2021-03-16,170.2,171.45,172.8,169.5,1004833.0
119922,2021-04-09,165.55,166.45,168.4,163.1,1496054.0
119922,2021-04-19,158.0,158.1,160.15,155.7,2111519.0
119922,2021-04-29,168.65,170.0,171.7,168.0,1789363.0
119922,2021-05-20,171.65,170.8,174.5,169.75,3359483.0
119922,2021-06-21,165.2,162.0,165.7,161.8,1434415.0
119922,2021-08-27,148.3,144.0,149.35,144.0,3387422.0
119922,2021-08-30,151.9,148.5,152.25,148.5,2171131.0
119922,2021-11-15,161.9,163.9,165.3,161.15,1369838.0
119922,2022-02-08,139.2,140.95,141.4,136.6,4525520.0
119922,2022-02-16,131.6,135.0,136.2,131.2,3200696.0
119922,2022-03-03,119.6,122.4,122.8,118.65,4508362.0
119922,2022-03-11,123.1,123.0,124.7,121.85,2167812.0
119922,2022-04-01,134.3,129.5,134.8,129.05,1968075.0
119922,2022-04-28,139.9,139.8,140.35,138.0,1433955.0
119922,2022-05-18,124.85,125.2,126.65,123.55,3207372.0
119922,2022-07-29,160.85,161.25,162.85,159.05,1149715.0
119922,2022-08-24,178.0,178.5,179.75,176.7,2959469.0
119922,2022-09-08,178.65,173.55,179.4,173.2,3123135.0
119922,2022-09-09,178.55,179.9,180.8,177.45,1720117.0
119922,2022-09-27,171.5,174.75,176.5,169.45,4857726.0
119922,2022-10-13,182.0,185.75,185.9,179.6,2624508.0
119922,2022-11-02,186.3,186.7,189.6,185.5,1666122.0
119922,2022-12-19,193.05,191.6,194.5,187.75,3498770.0
119922,2022-12-28,175.0,178.0,178.55,174.15,1831043.0
119922,2023-01-03,178.95,178.5,180.9,177.45,1749309.0
119922,2023-01-09,171.5,176.3,178.2,171.0,3727839.0
119922,2023-01-31,158.6,153.1,159.5,151.9,2885522.0
119922,2023-02-02,156.45,154.9,159.8,153.5,2024539.0
119922,2023-02-14,138.1,135.0,141.3,132.25,20372667.0
119922,2023-03-09,140.25,142.25,142.9,139.75,2967680.0
119922,2023-04-21,130.5,133.6,133.6,128.75,5106012.0
119922,2023-04-27,139.7,144.0,146.0,137.8,29263151.0
119922,2023-05-05,136.15,142.3,143.4,135.8,4011294.0
119922,2023-06-28,123.3,125.0,125.65,122.6,3867582.0
119922,2023-08-02,130.95,134.6,134.6,129.45,3327559.0
119922,2023-08-14,121.5,126.0,126.0,120.5,15633076.0
119922,2023-08-18,121.85,122.9,123.25,121.1,2802190.0
119922,2021-02-04,175.85,180.8,180.8,174.35,4505182.0
119922,2021-03-24,163.85,168.0,169.0,162.85,2785434.0
119922,2021-04-13,162.45,159.0,164.6,158.95,1422539.0
119922,2021-04-23,165.6,159.0,168.5,158.7,4221417.0
119922,2021-04-26,164.95,166.75,167.7,163.2,3014688.0
119922,2021-05-21,175.05,173.0,175.75,172.6,3636647.0
119922,2021-06-01,167.05,172.5,172.7,166.55,3785119.0
119922,2021-07-19,158.65,160.0,161.0,157.5,2625777.0
119922,2021-09-27,151.0,149.7,151.8,149.5,1385605.0
119922,2021-09-28,150.55,151.8,152.9,149.5,719498.0
119922,2021-09-30,157.65,158.0,163.95,157.0,4820978.0
119922,2021-10-04,159.7,159.0,161.0,157.8,2188659.0
119922,2021-10-22,169.55,171.0,172.5,165.95,2005281.0
119922,2021-11-23,153.1,152.0,154.3,149.15,2209129.0
119922,2021-12-13,148.8,151.35,151.9,148.45,1537017.0
119922,2022-02-17,131.8,131.7,132.8,129.65,5409501.0
119922,2022-03-16,120.45,121.9,121.9,119.75,2763689.0
119922,2022-03-21,119.8,121.3,121.8,119.2,1499728.0
119922,2022-05-05,130.15,133.5,134.75,129.4,1124661.0
119922,2022-06-09,139.85,137.5,140.4,136.5,2426374.0
119922,2022-06-17,128.55,129.9,131.35,128.15,1911001.0
119922,2022-07-18,154.1,152.5,154.5,151.15,1629888.0
119922,2022-07-20,157.75,160.0,160.85,156.1,2284544.0
119922,2022-09-05,178.7,180.1,181.65,170.0,1344423.0
119922,2022-09-26,173.4,174.9,176.8,171.65,2938525.0
119922,2022-09-29,171.75,173.05,174.85,168.05,4518964.0
119922,2022-10-04,172.9,172.45,174.9,170.9,3109874.0
119922,2022-10-24,187.05,189.6,190.5,185.95,326119.0
119922,2022-11-17,187.6,189.7,189.7,185.75,1611500.0
119922,2022-12-06,194.6,196.45,197.6,193.2,2473508.0
119922,2022-12-23,165.55,174.35,175.0,165.0,5259317.0
119922,2023-01-04,178.65,178.95,180.0,175.15,2148254.0
119922,2023-02-10,160.05,156.5,161.9,156.5,2905255.0
119922,2023-02-13,134.9,157.0,157.0,133.1,27708041.0
119922,2023-02-17,138.65,139.25,143.6,137.2,6433191.0
119922,2023-04-26,133.2,133.25,134.5,130.65,3009548.0
119922,2023-06-26,122.15,121.0,122.75,119.65,4828475.0
119922,2023-08-01,134.65,134.0,135.9,133.55,2352779.0
119922,2023-08-09,133.7,133.2,133.95,132.5,1068946.0
119922,2023-08-21,122.35,122.0,122.65,121.05,3351437.0
119922,2021-01-11,182.8,185.65,186.5,181.95,1212529.0
119922,2021-01-19,175.45,172.45,176.35,172.45,1580073.0
119922,2021-02-02,181.6,174.9,182.0,173.1,3796147.0
119922,2021-02-11,164.0,164.9,168.65,163.5,2177753.0
119922,2021-02-23,161.15,160.0,163.95,160.0,1798376.0
119922,2021-03-22,169.65,170.5,170.75,167.4,986324.0
119922,2021-04-22,159.5,155.05,160.0,155.05,1311193.0
119922,2021-05-05,169.8,168.95,170.9,166.0,3330540.0
119922,2021-06-08,165.35,167.1,168.05,164.75,2894729.0
119922,2021-06-18,164.3,166.75,166.8,161.0,2318992.0
119922,2021-06-29,169.75,171.0,172.5,168.0,1781994.0
119922,2021-08-05,153.1,155.0,155.35,150.75,1349655.0
119922,2021-08-18,149.45,146.9,150.4,145.5,4459490.0
119922,2021-08-25,146.45,146.0,147.95,146.0,884241.0
119922,2021-10-21,170.4,167.8,171.8,165.55,3164738.0
119922,2021-12-23,135.9,135.75,137.5,135.6,1121808.0
119922,2022-01-11,144.35,146.9,146.9,143.35,1159834.0
119922,2022-01-17,146.1,147.05,149.7,145.15,2194557.0
119922,2022-02-09,139.8,139.7,140.8,138.55,1947520.0
119922,2022-03-28,124.35,124.6,126.7,123.6,2257593.0
119922,2022-04-21,137.45,134.9,138.35,133.65,943059.0
119922,2022-04-29,137.1,140.0,141.65,136.3,1000520.0
119922,2022-05-17,125.8,123.5,126.05,121.6,1012063.0
119922,2022-05-20,125.05,126.45,126.45,123.95,586582.0
119922,2022-06-07,140.75,139.05,141.1,137.5,1250695.0
119922,2022-08-29,179.15,178.0,180.65,174.0,6783911.0
119922,2022-10-18,193.35,194.7,195.3,191.1,4361335.0
119922,2022-10-20,187.1,193.0,193.25,186.4,3336342.0
119922,2022-10-27,188.45,187.9,191.9,186.0,3553111.0
119922,2022-10-28,187.75,188.2,191.3,185.4,1231013.0
119922,2022-11-14,184.6,188.1,191.75,183.25,5054829.0
119922,2022-11-28,189.95,186.75,190.7,186.55,2290313.0
119922,2022-12-12,194.4,192.95,194.9,189.65,1391170.0
119922,2023-01-25,152.5,154.95,155.0,151.5,3054483.0
119922,2023-03-22,129.25,129.0,130.45,127.85,985198.0
119922,2023-05-17,140.6,139.0,141.25,138.5,2680806.0
119922,2023-05-30,124.8,127.0,127.3,124.45,7264152.0
119922,2023-06-14,125.0,125.1,125.65,124.1,2619390.0
119922,2023-06-19,124.35,125.4,125.5,123.6,2935717.0
119922,2023-06-22,123.95,125.1,125.85,123.2,2534039.0
119922,2023-07-14,127.8,127.4,128.95,126.6,2292169.0
119922,2021-01-07,184.95,184.45,186.0,183.35,2185259.0
119922,2021-01-12,178.9,182.95,184.45,177.6,3131889.0
119922,2021-01-28,167.45,165.0,168.8,163.65,822685.0
119922,2021-03-03,181.35,177.0,183.5,175.9,18275463.0
119922,2021-03-10,172.4,173.0,174.55,168.0,3134003.0
119922,2021-03-25,160.8,163.85,164.75,155.8,2878881.0
119922,2021-04-06,155.5,157.0,158.4,155.1,1206564.0
119922,2021-05-18,170.8,171.4,171.7,168.2,2059753.0
119922,2021-05-19,169.95,170.95,173.0,169.4,1559947.0
119922,2021-05-28,173.75,174.4,175.4,172.25,950380.0
119922,2021-06-03,167.25,168.8,169.85,166.9,1681046.0
119922,2021-06-10,166.65,165.2,167.0,163.5,2624813.0
119922,2021-06-30,166.6,169.75,170.6,166.2,1327940.0
119922,2021-07-29,150.25,150.5,152.0,149.7,1761201.0
119922,2021-10-06,159.0,157.9,164.8,157.9,4924292.0
119922,2021-11-01,167.45,170.0,170.15,165.0,1129075.0
119922,2021-11-11,164.5,169.45,169.45,163.55,1953389.0
119922,2021-11-17,156.6,159.0,160.5,156.2,1622474.0
119922,2021-11-24,153.9,153.0,155.35,152.6,1291014.0
119922,2021-12-07,145.05,144.0,146.8,143.3,2467932.0
119922,2021-12-16,143.4,146.0,146.65,142.65,1311298.0
119922,2022-02-07,139.85,143.9,144.65,139.0,4337671.0
119922,2022-03-04,117.75,119.85,121.3,116.75,2787337.0
119922,2022-03-08,117.2,110.85,118.05,110.5,2140830.0
119922,2022-03-30,126.7,128.4,129.9,125.6,5443375.0
119922,2022-05-24,125.85,125.8,126.95,124.3,620466.0
119922,2022-05-31,140.1,137.0,141.5,136.0,3522486.0
119922,2022-06-14,133.95,131.95,135.85,131.95,1395242.0
119922,2022-06-24,127.35,125.75,127.75,123.45,4233796.0
119922,2022-06-29,136.95,136.5,138.05,134.5,2911436.0
119922,2022-07-05,140.4,139.2,143.4,139.0,5516713.0
119922,2022-07-25,161.55,162.3,164.5,159.4,2632344.0
119922,2022-08-10,176.7,164.8,177.95,164.0,16531585.0
119922,2022-10-19,193.2,193.35,196.6,191.85,2957849.0
119922,2022-11-22,184.45,184.5,185.65,181.9,1709198.0
119922,2022-11-30,188.8,187.7,190.1,185.05,3539834.0
119922,2022-12-02,191.65,190.5,193.0,189.95,3569588.0
119922,2022-12-07,191.6,195.9,196.85,190.4,3416465.0
119922,2023-01-10,165.65,172.1,172.75,164.6,3228354.0
119922,2023-02-20,137.55,139.35,139.7,137.0,1887850.0
119922,2023-03-01,141.35,138.45,141.8,138.45,3033796.0
119922,2023-03-08,141.55,142.5,143.0,139.5,4332197.0
119922,2023-03-17,130.3,131.1,132.5,129.0,2072847.0
119922,2023-04-06,124.95,125.65,126.4,124.3,3189122.0
119922,2023-07-21,131.35,129.2,133.65,129.1,7843686.0
119922,2023-07-24,130.4,131.0,132.4,130.0,4056759.0
119922,2023-08-03,130.9,131.25,131.65,129.7,1548034.0
119922,2021-01-06,182.65,183.95,185.95,181.2,2519586.0
119922,2021-01-15,173.8,178.1,179.85,173.1,1811808.0
119922,2021-05-24,176.35,180.0,180.0,175.0,4895773.0
119922,2021-06-07,167.3,167.55,169.35,165.65,2533506.0
119922,2021-06-09,164.2,166.0,167.6,163.4,1554825.0
119922,2021-06-11,169.2,167.75,173.9,167.05,6913004.0
119922,2021-07-01,165.1,167.6,167.85,164.75,1134525.0
119922,2021-08-20,146.25,149.3,149.3,146.0,942381.0
119922,2021-08-23,145.5,145.0,147.6,143.8,1076403.0
119922,2021-09-17,153.55,160.0,160.0,152.7,1898871.0
119922,2021-10-14,171.35,169.8,172.95,168.6,2724655.0
119922,2021-11-03,168.6,170.0,173.75,168.05,1496387.0
119922,2021-11-12,163.85,164.75,166.0,162.45,1912776.0
119922,2021-11-25,152.55,154.1,154.7,151.95,869250.0
119922,2021-12-08,146.05,146.9,147.55,145.6,1767185.0
119922,2022-02-02,146.9,146.0,149.05,145.55,3478938.0
119922,2022-03-29,126.35,125.3,127.25,124.85,4350913.0
119922,2022-05-23,126.3,126.25,128.2,124.9,698443.0
119922,2022-05-26,126.55,126.5,127.65,121.65,1125933.0
119922,2022-06-03,143.2,143.7,144.45,142.7,2269699.0
119922,2022-06-20,124.1,127.05,128.6,122.85,2511544.0
119922,2022-07-14,150.25,151.0,151.7,147.6,3295411.0
119922,2022-08-01,161.1,161.0,161.95,159.05,900415.0
119922,2022-08-04,159.85,163.5,166.25,157.9,2413288.0
119922,2022-09-23,176.15,180.7,181.0,174.4,3821741.0
119922,2022-11-24,184.2,185.9,187.75,181.95,2173414.0
119922,2022-12-08,196.1,192.9,197.15,192.0,2298730.0
119922,2023-01-02,178.25,180.55,182.4,177.5,1840216.0
119922,2023-02-21,135.05,138.0,138.85,134.75,2468447.0
119922,2023-03-29,122.5,121.2,123.1,120.35,3876153.0
119922,2023-04-13,126.0,126.0,127.8,124.2,4451734.0
119922,2023-05-02,142.8,142.5,143.25,140.8,4065158.0
119922,2023-05-08,137.45,137.4,138.2,133.25,2694035.0
119922,2023-05-18,139.05,141.0,142.7,138.75,3011836.0
119922,2023-06-06,125.3,125.3,126.45,124.55,2378880.0
119922,2023-06-09,124.5,125.55,126.75,124.35,2927877.0
119922,2023-06-15,124.1,125.15,125.85,123.85,1932231.0
119922,2023-06-20,124.5,124.4,124.95,123.75,1988950.0
119922,2021-01-08,184.7,185.45,187.65,182.3,3000359.0
119922,2021-02-03,182.55,182.0,183.3,178.05,2341714.0
119922,2021-02-08,171.9,173.0,175.25,171.2,1630051.0
119922,2021-02-16,165.75,170.7,172.45,164.4,5645652.0
119922,2021-02-26,165.3,163.5,166.25,162.6,1943754.0
119922,2021-03-17,169.1,170.3,172.35,168.0,2078840.0
119922,2021-03-26,159.6,161.0,165.0,158.75,1577014.0
119922,2021-04-12,159.6,163.0,163.75,157.1,3582250.0
119922,2021-04-16,161.85,161.8,164.85,161.0,1619017.0
119922,2021-04-20,158.3,159.05,161.0,157.9,1088175.0
119922,2021-06-16,167.8,169.0,169.8,166.5,1276700.0
119922,2021-07-05,164.85,164.25,166.85,164.25,1249027.0
119922,2021-07-06,165.7,164.85,168.8,164.7,2499806.0
119922,2021-07-15,161.55,162.6,164.75,161.35,1503756.0
119922,2021-07-23,155.6,155.0,157.0,154.15,952220.0
119922,2021-07-26,153.7,155.6,155.9,153.25,1008850.0
119922,2021-07-28,149.7,151.6,152.75,148.5,1281275.0
119922,2021-09-02,156.75,158.95,159.5,154.8,2472275.0
119922,2021-10-08,165.15,161.0,167.5,160.35,7167614.0
119922,2021-11-16,159.1,162.0,163.0,158.3,1593130.0
119922,2021-12-02,145.45,146.65,146.65,144.6,1888928.0
119922,2021-12-27,132.0,131.05,133.0,130.45,2183778.0
119922,2022-01-14,146.9,148.0,149.25,146.2,939320.0
119922,2022-01-28,143.4,143.25,147.45,142.8,1499763.0
119922,2022-02-04,144.35,145.9,145.9,143.7,1161616.0
119922,2022-02-23,129.3,128.9,130.3,128.3,1733141.0
119922,2022-03-17,120.65,121.5,122.8,120.1,2949099.0
119922,2022-04-11,141.6,140.35,142.2,139.5,860911.0
119922,2022-05-25,126.2,126.5,127.1,123.75,1182831.0
119922,2022-06-21,124.65,124.1,125.95,124.0,1431397.0
119922,2022-06-28,137.0,136.75,138.7,136.0,3799379.0
119922,2022-07-08,144.85,146.5,146.8,143.2,1091294.0
119922,2022-08-25,189.45,179.05,190.25,179.05,7579118.0
119922,2022-09-14,185.25,179.4,188.5,179.0,2556013.0
119922,2022-09-15,182.75,186.75,188.45,182.15,2199444.0
119922,2022-10-12,185.15,178.0,186.0,178.0,7047192.0
119922,2022-11-11,189.7,194.2,196.5,188.7,3881754.0
119922,2022-12-09,192.1,196.7,197.45,189.7,1702231.0
119922,2023-01-17,160.45,166.0,166.0,159.0,4666342.0
119922,2023-06-12,124.45,125.35,125.35,124.0,1449698.0
119922,2023-07-19,129.8,130.45,131.2,129.6,1249428.0
119922,2023-08-08,133.35,134.0,135.25,132.5,2568623.0
119922,2023-08-10,132.65,134.0,134.5,132.0,1432872.0
119922,2021-01-05,182.65,178.8,183.45,175.1,5081290.0
119922,2021-01-29,169.25,168.8,170.95,166.25,861693.0
119922,2021-02-05,171.1,177.0,180.8,169.35,2486181.0
119922,2021-02-18,167.0,167.65,169.6,165.35,1972436.0
119922,2021-02-19,164.45,166.9,167.35,163.4,1699902.0
119922,2021-04-01,161.1,156.45,161.95,156.45,1502566.0
119922,2021-05-03,169.55,162.05,170.1,162.05,2052774.0
119922,2021-05-07,170.5,171.5,173.5,170.0,1025359.0
119922,2021-06-15,168.7,171.0,171.55,168.2,1164121.0
119922,2021-06-22,163.45,166.6,167.0,163.1,1245411.0
119922,2021-07-22,154.25,154.0,156.0,154.0,941760.0
119922,2021-08-09,155.15,153.0,156.0,151.05,3128312.0
119922,2021-09-07,154.05,156.9,157.4,153.25,878112.0
119922,2022-01-18,143.65,146.25,147.0,143.0,1474684.0
119922,2022-01-19,143.95,144.0,144.3,142.5,756287.0
119922,2022-02-18,128.85,131.8,132.4,128.2,3966263.0
119922,2022-03-14,120.35,122.95,123.8,120.0,1632775.0
119922,2022-03-15,119.65,121.45,121.95,119.0,3074427.0
119922,2022-04-07,140.0,141.9,143.55,139.6,1752825.0
119922,2022-04-25,134.7,133.5,135.5,132.2,987779.0
119922,2022-04-27,138.8,139.45,141.7,137.4,2558395.0
119922,2022-05-27,126.6,127.65,129.35,125.7,934582.0
119922,2022-07-12,148.4,148.9,150.9,147.8,4095676.0
119922,2022-08-03,162.55,163.25,163.9,160.35,903287.0
119922,2022-08-12,177.0,175.1,178.0,173.1,4356850.0
119922,2022-08-19,175.85,178.8,185.7,174.9,8542022.0
119922,2022-09-12,183.55,179.75,185.0,179.0,2076596.0
119922,2022-10-06,171.4,173.8,175.2,171.0,2731841.0
119922,2022-10-25,186.75,187.0,188.95,185.0,1850454.0
119922,2022-11-03,187.75,186.3,190.0,185.45,3183955.0
119922,2022-12-26,175.95,165.0,177.35,149.0,6746754.0
119922,2023-01-13,165.1,166.45,166.85,164.1,3244111.0
119922,2023-01-23,158.4,160.3,160.35,157.15,1725353.0
119922,2023-01-24,155.45,159.2,159.4,154.75,1879753.0
119922,2023-02-16,141.2,139.0,142.1,138.0,5417507.0
119922,2023-03-20,127.15,129.2,131.8,126.45,2447767.0
119922,2023-04-20,133.2,129.0,133.9,128.05,6126145.0
119922,2023-05-10,137.95,139.9,139.9,136.45,2245242.0
119922,2023-06-23,119.9,124.25,124.25,119.5,5279965.0
119922,2021-01-21,174.6,176.0,177.45,174.0,646621.0
119922,2021-03-19,169.55,165.95,172.0,162.75,5772184.0
119922,2021-04-27,164.55,164.45,166.55,163.55,1019306.0
119922,2021-05-14,163.1,166.05,167.45,162.25,2259343.0
119922,2021-05-26,174.35,174.0,174.75,169.85,1855668.0
119922,2021-06-02,167.55,167.0,168.5,166.55,1822014.0
119922,2021-06-24,172.85,169.0,175.0,167.9,10896506.0
119922,2021-08-06,153.2,153.9,154.75,152.9,801838.0
119922,2021-10-05,158.0,159.0,160.0,157.7,887948.0
119922,2021-10-25,176.25,171.0,179.7,164.95,8863132.0
119922,2021-10-28,169.7,176.6,176.6,168.65,1963648.0
119922,2021-10-29,168.15,170.95,172.5,164.0,2205870.0
119922,2021-11-04,174.25,172.5,175.3,170.0,1317342.0
119922,2021-12-24,133.7,136.05,136.8,133.25,689178.0
119922,2021-12-31,134.65,136.5,136.55,134.3,1552392.0
119922,2022-01-24,138.7,141.8,142.0,136.8,1402427.0
119922,2022-01-27,143.25,141.95,144.15,140.65,3199046.0
119922,2022-02-01,144.95,143.95,146.2,143.25,862204.0
119922,2022-02-25,124.85,124.35,128.0,123.3,2756667.0
119922,2022-03-25,124.7,125.0,125.85,123.25,1547475.0
119922,2022-04-12,138.05,141.45,141.45,136.8,1543273.0
119922,2022-04-13,139.4,138.5,140.5,138.3,738395.0
119922,2022-05-06,125.85,128.0,129.0,125.1,995089.0
119922,2022-05-11,121.85,122.0,122.95,118.6,1134248.0
119922,2022-06-27,137.25,129.0,137.95,128.65,10650113.0
119922,2022-06-30,133.05,136.25,137.65,132.2,1587319.0
119922,2022-07-06,141.3,140.4,141.85,138.1,2649574.0
119922,2022-08-05,161.05,159.05,163.05,159.05,745927.0
119922,2022-08-16,178.25,180.0,180.0,177.0,3279017.0
119922,2022-08-18,178.85,177.7,180.45,175.65,3212799.0
119922,2022-09-20,184.45,181.65,187.0,181.5,3333222.0
119922,2022-09-22,179.85,185.0,186.5,176.95,4734389.0
119922,2022-10-14,184.05,186.4,188.45,182.75,3828072.0
119922,2022-11-21,183.55,182.4,184.5,179.0,2214856.0
119922,2022-11-23,184.95,185.5,187.5,184.1,1769202.0
119922,2022-12-15,197.6,203.9,205.0,196.55,5394259.0
119922,2022-12-22,176.3,179.0,181.15,175.25,3802897.0
119922,2023-01-12,165.65,167.05,168.0,164.0,2195788.0
119922,2023-01-18,159.65,160.5,160.85,157.2,5163812.0
119922,2023-01-19,159.5,159.6,161.35,158.2,2040868.0
119922,2023-02-07,159.35,158.9,160.2,156.85,1937832.0
119922,2023-03-16,130.1,133.1,133.1,127.75,6886975.0
119922,2023-03-21,128.35,128.0,129.1,127.0,2546307.0
119922,2023-03-24,124.9,127.9,128.35,124.35,2879478.0
119922,2023-03-31,125.85,123.15,127.85,123.1,3220329.0
119922,2023-04-03,128.2,127.0,128.5,126.05,763082.0
119922,2023-04-05,125.0,127.05,128.5,123.9,6569972.0
119922,2023-04-11,124.9,126.55,127.55,124.5,2896783.0
119922,2023-05-23,141.4,140.85,142.35,139.5,1899874.0
119922,2023-05-26,139.4,138.45,140.5,137.45,2157130.0
119922,2023-05-29,125.65,134.5,134.5,125.3,23948387.0
119922,2023-07-04,127.6,128.75,129.25,126.0,5144607.0
119922,2023-07-07,130.7,131.55,132.5,129.05,3940306.0
119922,2023-07-17,131.15,128.65,131.6,127.7,3771312.0
119922,2023-08-11,129.05,132.3,132.45,128.25,3756983.0
119922,2021-01-13,178.0,180.2,181.3,175.1,2873142.0
119922,2021-03-30,153.9,162.0,162.0,150.0,5510475.0
119922,2021-04-15,162.0,161.0,165.5,158.85,2168104.0
119922,2021-05-12,165.75,166.0,168.25,164.8,982059.0
119922,2021-06-23,168.05,163.7,169.15,163.7,5147600.0
119922,2021-06-28,171.0,175.45,175.95,170.1,2349256.0
119922,2021-07-12,161.8,162.35,163.9,161.2,1715901.0
119922,2021-09-20,149.7,152.9,154.15,149.05,1284987.0
119922,2021-10-26,181.05,178.35,183.95,175.2,10779683.0
119922,2021-10-27,175.05,182.45,182.5,174.2,2559104.0
119922,2021-11-18,156.0,156.5,158.55,155.0,1431886.0
119922,2021-11-30,144.7,146.0,148.0,144.05,2091998.0
119922,2021-12-14,147.6,148.3,148.8,146.6,922594.0
119922,2021-12-29,137.9,134.6,138.6,133.6,3248017.0
119922,2022-01-03,138.6,135.0,138.9,134.65,1503638.0
119922,2022-01-10,146.0,141.0,146.9,139.65,4504051.0
119922,2022-02-10,139.9,140.9,140.95,139.0,917906.0
119922,2022-02-11,136.15,139.0,139.7,135.8,898637.0
119922,2022-03-02,120.4,124.7,124.9,119.65,3011079.0
119922,2022-03-09,120.7,119.35,121.05,116.75,1954593.0
119922,2022-04-05,139.35,138.2,143.3,136.1,6158046.0
119922,2022-04-06,141.45,138.2,142.4,138.2,2512391.0
119922,2022-04-08,140.05,141.7,141.7,139.25,2727571.0
119922,2022-04-19,132.4,137.35,139.95,131.0,1528228.0
119922,2022-04-26,139.8,135.4,140.5,135.3,1676901.0
119922,2022-05-09,124.25,125.85,126.2,123.3,526730.0
119922,2022-05-16,122.1,119.0,122.9,118.4,1311838.0
119922,2022-07-04,138.35,135.15,140.05,133.95,2455089.0
119922,2022-08-26,188.0,190.5,191.95,186.25,7139801.0
119922,2022-10-10,179.0,178.3,180.0,175.0,3421704.0
119922,2022-11-01,185.75,186.7,191.15,185.3,2234105.0
119922,2023-01-11,166.2,166.5,167.45,163.9,3501079.0
119922,2023-06-07,125.75,125.95,126.25,124.8,2760684.0
119922,2023-06-08,125.5,125.75,126.85,125.05,2835601.0
119922,2023-07-12,128.65,129.45,130.0,128.1,1898077.0
119922,2023-07-20,129.8,130.35,130.65,129.2,1569425.0
119922,2023-07-26,131.85,130.3,132.95,129.85,4174151.0
119922,2023-08-17,122.6,123.1,123.85,122.15,2419438.0
119922,2021-04-08,166.1,167.45,168.7,165.2,2557930.0
119922,2021-05-06,170.75,170.7,173.8,169.2,2194011.0
119922,2021-05-17,169.25,163.2,169.9,163.2,1918059.0
119922,2021-06-25,174.15,174.4,177.4,173.05,4909014.0
119922,2021-07-13,162.95,163.0,163.6,161.65,1472504.0
119922,2021-07-27,151.6,154.5,154.8,150.6,1478220.0
119922,2021-08-03,151.7,151.4,153.35,149.75,1426554.0
119922,2021-08-10,153.1,156.4,156.7,152.3,3074732.0
119922,2021-09-14,156.9,155.8,159.3,155.7,1539491.0
119922,2021-12-06,142.65,144.2,145.15,142.15,876336.0
119922,2021-12-15,145.9,147.6,148.85,145.6,748609.0
119922,2021-12-17,140.0,143.05,143.85,139.5,1332040.0
119922,2021-12-20,134.9,139.7,139.8,128.7,5720954.0
119922,2022-01-05,144.3,142.4,146.55,140.3,4468337.0
119922,2022-01-07,139.4,139.5,142.1,138.7,6258154.0
119922,2022-01-13,149.7,146.0,150.55,144.25,3463630.0
119922,2022-01-31,143.75,144.95,145.4,142.75,813529.0
119922,2022-03-23,125.6,121.0,127.3,120.55,7430540.0
119922,2022-06-01,142.3,140.1,143.7,139.1,2126959.0
119922,2022-07-26,162.2,160.25,162.95,159.95,3828253.0
119922,2022-08-02,163.25,160.5,164.6,160.5,1283137.0
119922,2022-09-07,171.9,174.9,176.5,171.15,1909096.0
119922,2022-10-07,179.0,171.0,180.0,170.7,6075115.0
119922,2022-11-07,196.25,192.0,199.25,191.0,10138415.0
119922,2022-11-16,189.55,190.15,192.5,187.6,2460384.0
119922,2022-11-29,186.75,191.05,191.55,186.4,1240479.0
119922,2022-12-01,189.45,189.7,195.5,188.8,6254194.0
119922,2022-12-16,190.2,195.5,198.35,189.55,3732999.0
119922,2022-12-21,177.25,181.35,182.2,172.0,23969206.0
119922,2022-12-29,178.2,173.6,180.0,170.0,2635501.0
119922,2023-01-05,177.85,179.5,179.9,175.9,1574435.0
119922,2023-01-20,159.75,160.2,161.15,158.6,2032491.0
119922,2023-02-06,158.35,157.7,160.7,156.75,2256069.0
119922,2023-02-22,132.3,134.0,135.5,131.6,4104191.0
119922,2023-03-28,120.9,124.8,124.9,120.4,3012417.0
119922,2023-04-17,129.95,126.5,130.2,126.1,4722246.0
119922,2023-05-03,142.45,142.5,144.3,141.4,6947083.0
119922,2023-05-11,138.95,138.65,140.1,137.6,1267586.0
119922,2023-06-13,124.4,125.25,125.25,124.2,1825350.0
119922,2023-07-25,129.7,131.1,131.65,129.4,2710803.0
119922,2023-07-27,134.2,132.7,135.6,131.6,7988304.0
119922,2023-08-23,124.0,124.6,124.8,123.55,637474.0
119922,2021-02-01,172.4,170.05,173.45,167.05,2820784.0
119922,2021-02-17,166.65,165.45,168.65,164.4,1621176.0
119922,2021-03-02,175.6,170.85,179.25,169.55,6863895.0
119922,2021-03-15,171.2,172.5,172.75,167.65,2147412.0
119922,2021-04-05,156.3,161.1,161.8,155.1,1785738.0
119922,2021-08-12,151.95,152.85,153.55,151.05,773468.0
119922,2021-08-24,146.8,147.0,148.95,144.5,1062638.0
119922,2021-08-26,144.55,146.45,147.2,144.2,1113048.0
119922,2021-09-09,155.4,155.7,156.0,154.7,534738.0
119922,2021-09-22,149.85,151.3,151.45,148.3,1020114.0
119922,2021-09-29,159.4,151.3,161.0,149.0,8355078.0
119922,2021-10-01,158.65,157.5,160.05,155.7,2216227.0
119922,2021-11-02,170.05,167.0,171.8,165.8,1740449.0
119922,2021-12-09,146.0,147.4,147.4,145.25,1270791.0
119922,2022-01-06,140.0,144.0,144.0,139.5,4416454.0
119922,2022-02-24,122.8,125.5,127.5,121.45,3276167.0
119922,2022-03-24,124.05,124.0,126.35,123.8,1569339.0
119922,2022-03-31,128.9,127.9,130.65,126.2,4740524.0
119922,2022-05-12,119.3,121.85,121.85,117.55,1386841.0
119922,2022-06-06,140.05,142.9,144.4,139.5,2206938.0
119922,2022-06-10,136.9,137.65,138.85,135.3,1490494.0
119922,2022-06-13,133.6,135.0,135.3,132.0,1236920.0
119922,2022-07-07,144.95,142.4,145.8,141.75,2380678.0
119922,2022-08-17,177.75,178.3,180.0,177.1,4050015.0
119922,2022-08-30,179.95,181.0,183.65,177.6,5576635.0
119922,2022-09-02,180.1,182.0,184.25,178.65,1638529.0
119922,2022-09-13,181.65,184.0,186.6,180.55,2431551.0
119922,2022-10-11,176.65,179.0,182.0,175.1,2334395.0
119922,2023-01-06,175.4,178.7,179.2,173.45,1685832.0
119922,2023-02-08,159.8,159.4,160.35,155.15,2375564.0
119922,2023-02-28,138.45,135.5,139.15,135.2,3400716.0
119922,2023-03-06,142.35,143.0,143.5,141.7,1266794.0
119922,2023-03-15,132.45,136.15,137.0,131.85,4238019.0
119922,2023-03-23,127.8,129.45,129.5,127.4,983307.0
119922,2023-04-10,125.65,126.35,127.0,124.55,3023520.0
119922,2023-04-12,124.15,125.4,125.7,123.7,2200450.0
119922,2023-05-09,138.8,138.35,141.0,136.55,3354119.0
119922,2023-06-02,123.45,124.45,125.05,123.15,5699009.0
119922,2023-06-21,125.0,124.9,125.55,124.0,2976275.0
119922,2023-07-05,129.9,127.5,130.5,126.6,6147640.0
119922,2021-01-04,179.1,181.15,182.3,178.2,2023601.0
119922,2021-01-25,173.9,175.5,176.85,169.75,2711135.0
119922,2021-03-01,168.8,166.85,169.65,166.3,1461860.0
119922,2021-03-08,175.1,176.15,178.7,171.8,2460499.0
119922,2021-03-31,155.95,155.7,160.0,154.65,3763648.0
119922,2021-05-10,167.35,170.6,171.9,166.2,1900660.0
119922,2021-05-27,173.9,174.9,175.95,171.2,2214659.0
119922,2021-07-08,162.45,165.0,166.3,161.2,1828162.0
119922,2021-07-16,161.85,162.0,162.45,161.1,1184176.0
119922,2021-08-11,152.15,152.55,153.65,149.25,1291713.0
119922,2021-09-16,157.7,156.5,161.15,155.55,4356431.0
119922,2021-10-07,160.0,160.75,162.4,159.3,1779037.0
119922,2021-10-12,169.45,168.4,170.15,166.5,3211188.0
119922,2021-10-19,166.35,171.0,171.7,165.55,1993464.0
119922,2021-11-26,147.9,150.5,151.8,147.5,2048521.0
119922,2021-12-21,134.25,135.1,137.8,133.7,1023792.0
119922,2022-01-12,145.65,145.0,146.25,144.5,957090.0
119922,2022-01-20,144.05,144.0,145.5,143.45,978720.0
119922,2022-01-21,140.95,142.9,143.7,139.2,1257405.0
119922,2022-06-15,134.15,134.1,135.3,132.4,1144158.0
119922,2022-07-01,135.45,133.0,137.0,130.95,1461281.0
119922,2022-07-22,164.05,160.9,165.0,159.95,3500749.0
119922,2022-07-28,161.15,161.9,163.1,160.6,1402878.0
119922,2022-08-08,162.8,162.2,163.5,159.05,1053581.0
119922,2022-09-16,178.25,182.95,186.5,176.8,2365120.0
119922,2022-10-21,185.45,188.05,191.05,185.0,2443155.0
119922,2022-11-04,190.05,188.2,192.5,187.25,4966475.0
119922,2022-12-27,177.5,178.75,178.75,174.25,2294299.0
119922,2023-02-01,154.6,159.9,160.55,152.25,1716303.0
119922,2023-02-15,137.85,138.0,140.0,135.2,7290156.0
119922,2023-03-14,134.3,133.75,137.2,132.25,4696511.0
119922,2023-04-24,134.45,131.35,135.2,129.75,4393553.0
119922,2023-04-28,141.65,140.15,142.0,139.0,5961127.0
119922,2023-05-12,138.2,139.15,139.45,137.2,1171422.0
119922,2023-05-15,141.35,138.35,142.15,136.25,2038111.0
119922,2023-05-25,137.45,140.0,140.0,136.15,1985045.0
119922,2023-06-01,123.5,124.5,125.0,122.3,15647347.0
119922,2023-07-31,133.2,134.45,134.7,132.95,2421031.0
119922,2021-03-05,173.4,180.9,182.7,172.45,4240564.0
119922,2021-03-09,171.75,177.0,179.4,167.0,5746414.0
119922,2021-04-28,168.65,165.1,170.5,164.05,3881289.0
119922,2021-05-11,166.15,165.35,168.5,164.85,1242977.0
119922,2021-08-16,147.85,150.6,150.6,147.1,986836.0
119922,2021-08-17,145.95,148.15,148.5,142.55,2130256.0
119922,2021-08-31,151.75,151.9,153.55,149.85,1832677.0
119922,2021-09-01,160.05,151.5,161.5,151.3,7634327.0
119922,2021-12-03,144.2,146.45,146.5,143.55,1098495.0
119922,2022-02-03,144.7,147.9,148.0,144.3,3073735.0
119922,2022-02-28,125.15,123.0,125.5,122.7,1173741.0
119922,2022-04-18,136.6,139.75,139.75,136.1,598170.0
119922,2022-05-13,119.0,120.5,123.35,118.55,693923.0
119922,2022-06-08,138.7,141.0,142.0,135.0,3886406.0
119922,2022-06-22,121.5,125.0,125.0,120.7,2267780.0
119922,2022-06-23,123.85,122.4,124.45,121.0,1798846.0
119922,2022-07-27,161.9,161.9,163.6,160.3,2589784.0
119922,2022-09-21,186.3,184.0,194.35,183.3,9773327.0
119922,2022-11-18,182.7,187.55,188.95,179.7,3161659.0
119922,2022-12-05,195.65,192.0,199.4,191.25,6629358.0
119922,2023-01-16,165.35,166.05,167.55,163.75,3815362.0
119922,2023-02-03,157.7,157.25,159.2,155.1,964594.0
119922,2023-02-27,135.0,135.0,136.4,133.6,4174557.0
119922,2023-03-03,142.2,141.1,143.5,141.0,1410009.0
119922,2023-04-19,128.7,130.4,130.65,128.15,2634657.0
119922,2023-05-24,140.0,140.9,141.2,139.7,1104587.0
119922,2023-06-30,127.3,123.5,127.8,123.05,11231891.0
119922,2023-07-03,127.7,128.2,128.8,126.0,7200049.0
119922,2023-07-10,128.55,131.5,131.5,127.4,4324964.0
119922,2023-07-13,126.3,128.65,129.95,126.1,2589321.0
119922,2023-07-28,134.0,135.65,135.65,133.5,2107106.0
119922,2023-08-04,132.75,131.9,133.65,131.4,3236137.0
119922,2023-08-07,133.45,133.05,134.0,131.8,1886913.0
119922,2023-08-16,122.25,121.5,123.0,120.2,3673945.0
