stockid,date,close,open,high,low,volume
1003481,2021-04-01,273.35,276.1,281.45,271.1,253766.0
1003481,2021-06-28,222.55,222.45,225.2,221.0,58692.0
1003481,2021-07-01,221.25,221.35,224.0,220.85,64414.0
1003481,2021-07-08,212.75,214.65,217.4,212.0,115238.0
1003481,2021-07-15,210.0,215.95,216.9,209.8,272557.0
1003481,2021-08-10,188.05,190.5,194.5,186.05,511727.0
1003481,2021-10-04,181.05,182.5,184.95,180.5,102624.0
1003481,2021-10-29,179.45,176.05,184.9,171.8,183357.0
1003481,2021-12-27,146.05,146.45,148.35,145.0,35699.0
1003481,2022-01-04,144.85,146.9,147.95,143.0,85776.0
1003481,2022-02-01,138.8,139.0,141.95,137.75,48057.0
1003481,2022-02-17,129.5,130.95,130.95,129.15,26665.0
1003481,2022-03-14,112.95,113.15,114.95,112.25,37822.0
1003481,2022-04-21,150.45,138.7,153.7,136.1,1110332.0
1003481,2022-05-30,100.75,101.5,103.95,100.3,176851.0
1003481,2022-06-01,97.2,99.25,99.9,94.8,346085.0
1003481,2022-06-16,94.05,99.9,99.9,93.5,63030.0
1003481,2022-08-03,96.0,91.75,96.0,90.9,327958.0
1003481,2022-08-12,91.85,91.4,93.95,90.05,219364.0
1003481,2022-08-16,91.55,93.0,93.9,90.55,167054.0
1003481,2022-09-08,104.4,104.0,106.5,102.75,159597.0
1003481,2022-10-10,98.35,96.35,101.35,95.45,234655.0
1003481,2022-10-24,97.85,98.8,98.8,97.3,27733.0
1003481,2022-11-18,99.35,102.0,103.2,98.15,194363.0
1003481,2022-12-30,121.8,119.9,124.0,118.3,858436.0
1003481,2023-01-04,117.15,121.95,122.65,115.65,535678.0
1003481,2023-01-05,114.4,118.2,119.6,112.1,664341.0
1003481,2023-02-10,106.85,106.35,109.0,103.5,674459.0
1003481,2023-02-23,98.6,100.8,101.0,98.3,220651.0
1003481,2023-02-24,99.7,99.55,101.0,98.8,155281.0
1003481,2023-02-28,97.65,96.55,99.0,95.8,1224995.0
1003481,2023-04-17,99.7,100.05,102.0,99.2,242101.0
1003481,2023-06-26,168.05,163.0,170.7,160.55,805515.0
1003481,2023-06-28,171.05,176.75,176.85,170.0,305844.0
1003481,2023-07-28,176.05,174.3,178.95,172.6,401649.0
1003481,2023-08-11,185.05,189.0,194.55,183.05,1560368.0
1003481,2021-04-29,249.95,251.9,253.45,247.25,88347.0
1003481,2021-07-09,215.3,212.5,217.0,212.1,83879.0
1003481,2021-07-23,210.85,211.8,213.25,210.5,68689.0
1003481,2021-07-28,205.4,207.25,209.2,205.0,59092.0
1003481,2021-08-02,204.7,207.8,207.8,204.05,66469.0
1003481,2021-04-12,250.0,260.0,263.8,247.6,172777.0
1003481,2021-08-04,201.6,203.5,205.3,201.25,63667.0
1003481,2021-04-20,251.7,250.3,254.35,243.55,132273.0
1003481,2021-11-17,160.5,163.4,164.35,160.0,53721.0
1003481,2021-05-07,239.85,241.35,245.0,238.25,169198.0
1003481,2021-12-13,163.1,157.7,170.7,156.15,242682.0
1003481,2021-05-20,237.65,239.0,240.0,237.3,46996.0
1003481,2022-01-03,146.85,146.5,148.9,145.05,109605.0
1003481,2021-05-21,238.5,239.9,240.35,238.0,52485.0
1003481,2022-01-10,151.0,145.95,153.95,145.0,393816.0
1003481,2021-06-04,226.8,225.0,230.45,223.5,185957.0
1003481,2022-01-14,145.7,145.5,146.4,144.1,62463.0
1003481,2021-09-02,154.05,151.1,154.8,151.1,93203.0
1003481,2022-02-15,127.75,128.9,128.9,124.05,44522.0
1003481,2021-09-07,149.15,153.0,153.0,149.0,86582.0
1003481,2022-03-24,105.4,108.45,108.55,105.0,92082.0
1003481,2021-09-09,149.7,150.0,150.95,149.0,49276.0
1003481,2022-05-13,121.65,125.95,131.9,119.0,196694.0
1003481,2021-09-22,185.4,182.0,192.4,182.0,335567.0
1003481,2022-05-26,102.0,104.7,107.0,99.0,122523.0
1003481,2021-10-12,189.2,185.0,193.05,184.0,387828.0
1003481,2022-06-14,95.6,97.0,99.0,94.65,54576.0
1003481,2021-10-18,185.55,187.45,190.0,184.9,113445.0
1003481,2022-07-06,83.1,83.9,84.95,81.0,92156.0
1003481,2022-08-04,93.7,99.05,99.65,91.7,353465.0
1003481,2021-11-23,155.6,156.0,157.95,146.8,54107.0
1003481,2022-01-07,145.95,145.5,147.7,145.5,65906.0
1003481,2022-12-19,123.45,123.5,128.4,120.15,2194633.0
1003481,2022-01-13,146.45,147.0,147.9,146.0,62827.0
1003481,2023-01-19,112.45,109.0,113.4,108.0,430489.0
1003481,2022-02-07,138.35,140.15,141.0,137.65,46979.0
1003481,2023-03-21,94.2,93.65,94.9,93.25,167781.0
1003481,2022-04-13,146.4,151.7,157.95,143.35,699946.0
1003481,2023-04-20,101.25,101.2,102.65,100.6,244999.0
1003481,2023-06-07,152.45,154.6,154.8,151.6,413888.0
1003481,2022-04-28,140.15,138.5,143.4,136.35,417960.0
1003481,2022-05-16,120.4,125.0,128.0,120.0,124619.0
1003481,2022-05-25,103.45,110.0,110.55,102.75,177880.0
1003481,2022-07-04,80.25,79.35,80.95,77.85,72578.0
1003481,2022-07-28,87.85,87.85,87.85,87.85,68038.0
1003481,2022-08-02,91.45,91.85,93.5,90.95,145072.0
1003481,2022-08-11,91.4,92.6,92.6,90.8,94622.0
1003481,2022-08-19,91.85,92.9,92.9,91.6,143145.0
1003481,2022-09-23,101.45,104.0,104.65,101.0,141763.0
1003481,2022-10-07,97.1,98.2,98.3,96.2,122202.0
1003481,2022-10-31,98.1,102.0,102.0,96.6,101922.0
1003481,2022-11-01,97.3,98.65,99.6,96.9,81737.0
1003481,2022-11-10,108.4,110.0,114.65,107.3,769758.0
1003481,2022-12-22,110.15,111.0,113.85,104.5,1034107.0
1003481,2023-01-31,107.8,104.2,108.8,104.2,223734.0
1003481,2023-04-28,103.35,101.45,105.8,100.9,876178.0
1003481,2023-05-02,101.7,104.25,106.35,101.25,1019117.0
1003481,2023-05-10,114.1,114.6,117.15,112.5,359410.0
1003481,2023-07-10,168.3,171.8,172.9,167.3,245799.0
1003481,2023-07-27,173.65,173.75,176.8,172.1,460759.0
1003481,2021-04-05,264.85,273.0,273.95,263.1,152689.0
1003481,2021-04-06,263.4,266.0,272.5,261.3,175457.0
1003481,2021-04-08,267.35,266.05,269.7,262.1,173913.0
1003481,2021-04-28,250.55,247.0,253.95,247.0,157605.0
1003481,2021-05-04,246.3,249.0,251.5,244.75,67423.0
1003481,2021-05-19,238.85,240.0,241.8,238.1,49810.0
1003481,2021-05-26,236.7,236.0,238.6,236.0,105295.0
1003481,2021-06-09,228.95,228.8,233.2,226.6,194671.0
1003481,2021-06-10,231.7,229.5,233.1,229.15,141867.0
1003481,2021-06-18,223.3,223.0,225.5,219.05,117886.0
1003481,2021-07-05,220.8,221.0,222.65,220.5,70283.0
1003481,2021-08-11,183.3,188.2,189.75,182.45,129259.0
1003481,2021-08-31,152.5,155.0,156.0,150.4,144753.0
1003481,2021-09-24,180.9,186.4,187.0,180.0,102482.0
1003481,2021-11-04,176.35,174.0,177.3,170.3,16201.0
1003481,2021-11-30,150.75,154.45,155.15,148.8,68321.0
1003481,2022-01-18,146.15,149.95,151.0,145.3,79864.0
1003481,2022-01-20,145.15,146.95,146.95,144.1,45930.0
1003481,2022-02-08,135.3,137.65,139.9,134.0,69744.0
1003481,2022-02-18,126.7,129.5,129.5,126.45,26351.0
1003481,2022-03-03,115.6,119.85,121.0,114.45,40879.0
1003481,2022-03-04,118.0,115.0,119.35,114.35,51931.0
1003481,2022-03-07,114.8,118.9,119.0,114.0,81323.0
1003481,2022-03-10,113.4,116.75,118.5,112.8,145035.0
1003481,2022-03-28,95.65,103.0,103.3,95.0,499361.0
1003481,2022-04-12,151.7,142.0,155.25,136.0,1225777.0
1003481,2022-06-29,80.2,79.05,81.45,78.15,78220.0
1003481,2022-07-05,83.65,81.95,84.25,81.05,165115.0
1003481,2022-07-11,84.35,84.8,86.65,83.05,52085.0
1003481,2022-07-21,80.85,81.65,81.75,80.3,107110.0
1003481,2022-08-24,96.1,91.5,97.0,91.5,280718.0
1003481,2022-09-05,100.45,102.0,103.5,99.55,193452.0
1003481,2022-09-15,112.3,115.8,118.0,111.75,208542.0
1003481,2022-12-29,119.0,113.25,121.25,112.7,1528181.0
1003481,2023-01-23,108.75,112.7,113.0,108.2,352678.0
1003481,2023-01-30,103.45,107.85,108.45,101.6,348126.0
1003481,2023-02-01,106.7,107.8,112.0,103.2,354622.0
1003481,2023-02-02,109.75,107.4,112.1,107.15,240278.0
1003481,2023-02-07,104.55,105.25,107.4,104.0,307029.0
1003481,2023-03-13,97.75,100.0,100.2,95.25,405065.0
1003481,2023-05-25,143.7,137.3,144.3,136.5,1180651.0
1003481,2023-06-12,156.05,146.0,159.0,146.0,1062402.0
1003481,2023-06-19,179.3,171.0,180.0,170.55,1248632.0
1003481,2023-06-21,174.75,179.9,183.35,173.35,941371.0
1003481,2023-07-12,177.9,174.0,181.05,171.2,1359466.0
1003481,2023-08-16,185.6,185.65,190.9,183.5,586073.0
1003481,2021-05-17,238.95,238.0,240.9,238.0,40088.0
1003481,2021-07-22,210.85,214.0,214.8,210.45,77222.0
1003481,2021-08-20,146.7,159.95,164.7,145.0,879489.0
1003481,2021-08-25,157.05,153.7,160.0,153.7,355037.0
1003481,2021-08-27,155.7,156.5,157.95,155.0,86652.0
1003481,2021-09-17,194.65,185.75,197.0,185.75,409875.0
1003481,2021-09-28,179.1,182.95,183.05,176.05,78353.0
1003481,2021-10-19,183.4,185.7,188.2,182.0,73978.0
1003481,2021-11-03,173.35,175.95,177.1,172.9,30403.0
1003481,2021-12-10,155.15,154.0,157.3,153.9,63166.0
1003481,2021-12-29,146.1,146.05,148.5,145.2,53813.0
1003481,2022-01-19,146.25,145.1,146.9,145.05,29320.0
1003481,2022-02-11,132.15,134.3,134.85,132.0,52152.0
1003481,2022-06-23,81.45,84.3,84.3,80.45,137735.0
1003481,2022-07-07,84.7,84.0,86.7,83.55,111049.0
1003481,2022-07-29,92.2,92.2,92.2,87.85,859413.0
1003481,2022-10-14,95.1,98.0,98.1,92.7,74143.0
1003481,2022-11-14,99.9,107.4,108.8,98.3,418398.0
1003481,2023-01-24,110.35,109.65,113.65,108.35,365823.0
1003481,2023-02-03,105.0,109.85,111.0,104.1,505643.0
1003481,2023-03-08,99.95,101.0,102.2,99.6,284403.0
1003481,2023-03-28,92.3,91.55,96.95,90.5,437306.0
1003481,2023-04-21,101.5,101.45,102.2,99.65,221737.0
1003481,2023-05-03,102.0,101.7,103.25,101.3,971231.0
1003481,2023-05-08,118.8,118.05,121.2,116.5,774602.0
1003481,2023-06-16,170.9,170.0,172.6,168.55,673211.0
1003481,2023-07-05,167.85,172.55,175.95,167.35,1278429.0
1003481,2023-07-26,172.85,174.3,175.65,172.5,166250.0
1003481,2023-08-17,181.0,185.0,188.6,180.1,382779.0
1003481,2021-03-30,270.8,270.25,276.0,256.65,1667592.0
1003481,2021-04-13,256.3,252.75,264.0,252.75,97221.0
1003481,2021-05-31,220.4,227.0,227.0,220.2,174393.0
1003481,2021-06-02,221.45,223.25,225.9,219.0,139938.0
1003481,2021-06-24,221.2,223.5,224.35,221.0,45282.0
1003481,2021-06-29,221.25,224.0,224.0,220.65,79166.0
1003481,2021-07-19,216.15,210.0,225.5,207.9,584496.0
1003481,2021-07-26,209.9,211.55,211.95,209.5,56684.0
1003481,2021-08-03,203.3,204.75,206.0,203.0,60422.0
1003481,2021-08-06,188.1,191.0,192.45,187.75,160403.0
1003481,2021-09-27,181.4,181.95,184.95,180.8,75790.0
1003481,2021-10-22,179.9,181.4,184.1,178.75,67880.0
1003481,2021-10-27,173.6,177.0,177.3,173.2,40212.0
1003481,2022-01-12,146.35,148.05,149.5,145.15,82240.0
1003481,2022-01-24,138.5,142.05,143.0,138.0,62653.0
1003481,2022-01-28,138.25,140.45,140.9,138.05,57449.0
1003481,2022-02-10,134.3,136.45,136.45,133.75,49625.0
1003481,2022-03-29,92.25,96.05,99.9,90.0,685844.0
1003481,2022-04-18,141.3,145.2,145.2,136.55,312846.0
1003481,2022-05-11,127.7,136.5,139.9,123.4,156034.0
1003481,2022-05-17,126.75,123.0,132.4,118.2,464331.0
1003481,2022-05-19,119.75,120.9,126.0,119.0,182240.0
1003481,2022-05-23,113.95,115.0,118.4,112.8,122167.0
1003481,2022-06-07,99.4,99.15,100.5,97.05,90396.0
1003481,2022-06-22,82.9,89.5,89.5,82.7,213698.0
1003481,2022-06-24,82.15,83.05,83.95,81.45,77624.0
1003481,2022-07-20,81.05,82.2,82.9,80.5,190053.0
1003481,2022-08-29,104.15,96.0,104.75,93.3,552410.0
1003481,2022-09-19,106.25,107.0,108.85,104.1,178668.0
1003481,2022-09-21,105.35,105.45,109.8,104.5,153212.0
1003481,2022-09-29,96.0,96.15,103.4,95.0,372171.0
1003481,2022-10-28,99.2,102.6,102.6,98.7,115182.0
1003481,2022-11-11,105.2,110.0,111.2,100.3,324755.0
1003481,2022-11-21,100.65,101.95,101.95,99.4,137812.0
1003481,2022-12-12,109.85,106.0,112.15,105.3,305034.0
1003481,2022-12-27,106.7,107.0,109.3,104.8,445084.0
1003481,2023-01-10,115.2,116.95,117.7,114.65,551254.0
1003481,2023-03-14,95.6,97.75,98.75,95.0,173678.0
1003481,2023-04-10,100.3,101.4,102.5,99.2,351711.0
1003481,2023-05-22,132.25,132.6,134.05,130.3,733654.0
1003481,2023-06-09,146.65,149.0,149.75,146.0,433393.0
1003481,2023-06-15,168.95,171.0,172.0,168.05,781428.0
1003481,2023-06-20,178.65,180.45,181.3,175.15,842857.0
1003481,2023-07-18,179.1,181.0,185.2,175.6,959014.0
1003481,2023-07-20,176.15,179.05,179.4,174.35,321043.0
1003481,2023-07-31,186.6,179.95,189.25,177.2,1479684.0
1003481,2023-08-14,185.65,186.8,188.2,181.0,457516.0
1003481,2021-04-09,265.2,268.0,270.4,264.1,111688.0
1003481,2021-04-16,255.95,256.0,259.85,254.05,121048.0
1003481,2021-04-23,248.95,249.75,253.1,248.0,95252.0
1003481,2021-06-14,223.4,231.4,232.5,222.0,304859.0
1003481,2021-09-29,178.4,179.0,182.0,177.05,89057.0
1003481,2021-10-01,179.95,180.0,183.0,177.05,170110.0
1003481,2021-12-07,148.85,149.0,150.25,148.4,48817.0
1003481,2021-12-20,146.2,151.5,151.5,144.75,83049.0
1003481,2022-01-05,144.2,145.9,146.7,144.0,114473.0
1003481,2022-03-08,116.6,116.0,116.95,115.0,14552.0
1003481,2022-03-09,113.05,115.3,118.9,112.0,120103.0
1003481,2022-03-11,113.15,113.4,115.85,112.5,47626.0
1003481,2022-03-15,112.7,113.0,113.7,112.5,43169.0
1003481,2022-03-30,91.25,91.1,94.0,89.75,269019.0
1003481,2022-04-19,138.25,141.3,145.85,135.65,196712.0
1003481,2022-04-20,136.2,139.0,142.5,133.25,160943.0
1003481,2022-06-09,98.0,99.5,100.0,96.6,53840.0
1003481,2022-06-20,89.75,93.95,94.95,89.35,82023.0
1003481,2022-06-21,87.05,89.8,91.0,86.45,153906.0
1003481,2022-07-08,83.45,84.7,85.8,82.7,61770.0
1003481,2022-07-19,82.1,81.2,82.35,80.5,71271.0
1003481,2022-07-22,79.95,83.4,84.45,79.7,248626.0
1003481,2022-08-10,91.25,92.45,92.5,89.9,175407.0
1003481,2022-09-16,105.65,112.25,113.25,104.0,381576.0
1003481,2022-10-25,100.8,97.9,102.1,97.65,231667.0
1003481,2022-11-30,101.0,101.35,101.8,100.05,125409.0
1003481,2022-12-01,104.0,101.6,105.7,101.0,389298.0
1003481,2022-12-13,115.85,109.1,116.9,107.5,1214989.0
1003481,2023-02-14,106.4,104.95,107.0,103.65,455412.0
1003481,2023-03-15,97.25,95.85,100.0,95.85,312567.0
1003481,2023-03-20,92.25,96.9,98.3,91.0,237916.0
1003481,2023-05-15,125.0,128.0,134.5,121.55,2726859.0
1003481,2023-06-30,173.45,172.4,174.5,170.8,302138.0
1003481,2023-07-04,171.05,170.3,173.25,168.45,855266.0
1003481,2023-07-11,170.65,169.2,173.8,168.5,399619.0
1003481,2023-08-02,176.75,189.8,189.8,173.05,1364639.0
1003481,2023-08-07,180.85,183.3,183.9,178.05,328039.0
1003481,2023-08-18,183.7,183.15,184.95,179.05,303707.0
1003481,2023-08-22,177.5,179.75,182.6,176.5,267347.0
1003481,2021-04-15,257.05,256.3,260.85,254.0,186237.0
1003481,2021-04-26,246.3,250.0,251.8,245.6,59416.0
1003481,2021-06-03,224.55,225.9,225.9,222.4,120716.0
1003481,2021-07-02,221.15,222.95,222.95,220.9,46511.0
1003481,2021-07-29,204.15,205.4,206.7,204.0,62213.0
1003481,2021-08-17,172.4,175.9,175.9,171.3,125568.0
1003481,2021-09-03,150.45,153.0,155.8,148.0,135591.0
1003481,2021-09-21,182.4,182.75,186.9,180.0,159543.0
1003481,2021-09-30,179.4,180.9,182.9,178.75,80289.0
1003481,2021-11-01,176.9,181.5,181.5,174.55,40948.0
1003481,2021-11-18,157.9,162.95,163.0,156.95,72669.0
1003481,2021-11-25,158.8,164.0,164.55,156.2,83319.0
1003481,2021-11-29,151.35,158.05,158.85,150.0,73457.0
1003481,2021-12-09,153.0,151.9,156.0,151.5,52322.0
1003481,2021-12-21,147.85,146.05,149.2,146.05,43559.0
1003481,2022-01-25,138.3,138.0,140.5,136.5,61761.0
1003481,2022-04-05,110.8,106.3,115.35,106.3,1834156.0
1003481,2022-04-22,150.05,144.5,153.45,144.5,430330.0
1003481,2022-04-27,136.75,140.0,140.9,134.2,231349.0
1003481,2022-06-03,102.6,104.0,106.5,101.3,227205.0
1003481,2022-08-01,90.95,88.5,94.0,88.0,382663.0
1003481,2022-08-23,91.65,90.0,92.5,89.15,136716.0
1003481,2022-09-28,94.0,96.0,96.0,93.55,117197.0
1003481,2022-10-12,96.35,98.7,101.25,96.0,176037.0
1003481,2022-10-13,95.35,96.35,97.85,94.55,104782.0
1003481,2022-10-20,97.65,97.65,99.0,96.25,58616.0
1003481,2022-11-02,95.0,97.85,99.2,94.55,206885.0
1003481,2022-11-17,101.6,101.3,102.7,99.35,182298.0
1003481,2022-11-22,100.95,101.45,103.7,100.6,162263.0
1003481,2022-12-26,105.9,99.85,108.35,99.85,1020882.0
1003481,2023-01-13,114.7,115.8,115.95,113.85,330549.0
1003481,2023-01-25,111.55,110.85,113.25,108.55,251770.0
1003481,2023-02-17,104.05,105.3,105.85,103.6,129844.0
1003481,2023-04-13,100.25,99.1,103.55,99.1,347226.0
1003481,2023-04-24,101.05,100.8,102.0,100.8,200366.0
1003481,2023-04-26,101.9,102.95,103.5,101.25,411927.0
1003481,2023-06-23,163.0,168.4,171.05,161.85,703194.0
1003481,2023-07-13,172.6,179.25,181.95,171.05,706586.0
1003481,2021-05-18,240.15,239.5,242.0,239.05,54763.0
1003481,2021-05-24,237.55,238.5,239.9,236.75,57121.0
1003481,2021-06-15,225.8,224.5,228.3,224.5,121880.0
1003481,2021-07-06,220.35,221.4,222.0,220.1,88078.0
1003481,2021-07-13,213.55,213.2,216.15,212.55,74678.0
1003481,2021-08-05,190.75,201.5,201.5,189.0,359360.0
1003481,2021-08-16,175.7,180.15,181.7,174.75,143099.0
1003481,2021-08-24,153.75,143.2,157.0,139.2,643902.0
1003481,2021-08-30,154.75,154.8,158.0,154.05,133236.0
1003481,2021-09-08,149.2,149.55,151.35,148.25,67726.0
1003481,2021-09-14,215.5,192.0,215.5,190.15,3777271.0
1003481,2021-09-16,192.15,194.5,201.7,187.0,544467.0
1003481,2021-10-13,187.75,188.55,190.4,186.65,120303.0
1003481,2021-11-08,173.9,176.55,178.95,173.5,45055.0
1003481,2021-11-11,168.9,171.0,172.5,165.0,60954.0
1003481,2021-12-30,145.95,146.1,147.0,144.5,53143.0
1003481,2022-01-17,149.15,146.2,150.95,146.2,117966.0
1003481,2022-01-21,141.9,145.95,145.95,140.0,62359.0
1003481,2022-02-09,135.0,136.0,137.5,134.1,37802.0
1003481,2022-02-22,118.45,123.35,123.35,101.8,88843.0
1003481,2022-03-16,112.3,114.7,114.7,111.5,70155.0
1003481,2022-04-25,140.95,147.0,150.05,137.1,356917.0
1003481,2022-04-29,135.5,140.2,143.15,134.05,119107.0
1003481,2022-05-02,136.65,135.4,141.0,132.0,268620.0
1003481,2022-05-10,137.1,140.2,142.4,133.8,118318.0
1003481,2022-05-12,122.75,127.0,128.55,120.65,92321.0
1003481,2022-05-31,97.75,102.0,102.4,96.8,213971.0
1003481,2022-06-06,98.75,104.4,104.4,98.0,137603.0
1003481,2022-07-18,81.25,81.55,81.95,79.65,50478.0
1003481,2022-10-04,95.05,97.0,98.0,94.35,169349.0
1003481,2022-11-04,98.25,97.2,100.4,96.8,342304.0
1003481,2022-12-21,109.35,121.9,122.2,105.2,1891735.0
1003481,2023-01-11,114.7,116.2,116.5,113.0,322276.0
1003481,2023-02-21,100.25,101.7,102.35,100.0,260547.0
1003481,2023-03-02,98.8,99.6,100.5,98.35,173912.0
1003481,2023-03-16,95.75,98.15,98.25,95.0,262507.0
1003481,2023-03-31,95.25,94.2,96.75,93.5,328624.0
1003481,2023-04-06,101.35,100.95,104.0,100.3,664188.0
1003481,2023-05-19,132.2,130.1,133.0,126.5,1270105.0
1003481,2023-05-24,137.85,135.9,139.55,134.7,1051399.0
1003481,2023-06-13,157.75,156.9,159.5,154.95,824206.0
1003481,2023-08-23,179.25,178.4,181.15,178.0,61308.0
1003481,2021-04-19,249.95,251.0,252.4,245.5,91623.0
1003481,2021-05-05,246.15,246.4,248.9,245.0,94729.0
1003481,2021-06-07,234.25,228.0,247.65,225.65,631577.0
1003481,2021-07-12,212.85,219.0,222.95,211.8,349478.0
1003481,2021-07-14,215.55,214.8,216.4,214.0,75432.0
1003481,2021-07-30,203.7,204.15,205.5,203.4,62136.0
1003481,2021-11-02,174.95,178.95,178.95,174.5,87899.0
1003481,2021-11-12,169.6,168.9,171.7,168.25,78552.0
1003481,2021-12-06,149.2,149.1,151.65,148.0,52284.0
1003481,2021-12-22,147.45,146.1,150.95,146.1,28796.0
1003481,2022-02-21,124.15,125.0,128.95,123.85,29212.0
1003481,2022-02-25,113.55,111.0,115.65,110.85,55017.0
1003481,2022-02-28,117.6,113.4,119.2,111.05,57795.0
1003481,2022-03-17,112.3,113.25,113.5,112.0,92169.0
1003481,2022-03-22,111.1,111.0,113.2,109.7,72852.0
1003481,2022-04-26,140.8,145.95,148.7,136.95,336080.0
1003481,2022-06-17,93.95,96.0,96.2,93.5,61978.0
1003481,2022-07-01,78.15,77.0,79.25,77.0,78312.0
1003481,2022-09-01,100.6,103.4,105.4,100.0,216206.0
1003481,2022-09-06,99.05,100.4,101.95,98.55,129400.0
1003481,2022-09-12,114.25,112.0,117.0,112.0,557387.0
1003481,2022-09-14,115.0,111.5,118.0,108.7,502624.0
1003481,2022-09-20,106.25,108.7,108.7,105.5,147229.0
1003481,2022-09-22,102.45,104.05,106.0,101.8,201291.0
1003481,2022-10-21,97.3,99.0,99.8,97.0,112945.0
1003481,2022-11-16,99.9,102.9,105.0,99.3,297028.0
1003481,2022-12-02,104.35,104.95,107.9,103.35,372349.0
1003481,2022-12-15,118.75,125.85,132.55,117.05,1500656.0
1003481,2022-12-23,99.8,109.55,109.9,98.05,786489.0
1003481,2023-01-12,114.95,114.15,118.7,112.2,867320.0
1003481,2023-01-27,107.1,113.0,113.0,105.7,301537.0
1003481,2023-02-15,106.75,106.35,108.25,105.65,276864.0
1003481,2023-02-20,100.9,104.0,104.95,100.0,475801.0
1003481,2023-02-27,95.6,99.3,99.65,95.0,320019.0
1003481,2023-03-29,93.15,92.25,95.55,92.25,372710.0
1003481,2023-04-27,101.0,101.1,103.05,100.4,265847.0
1003481,2023-05-09,115.4,118.8,119.2,113.65,496191.0
1003481,2023-05-23,136.35,133.0,138.25,132.5,1362613.0
1003481,2023-07-07,171.95,165.4,173.7,163.3,954532.0
1003481,2023-07-19,178.55,180.0,181.25,178.05,514435.0
1003481,2023-08-21,179.9,183.7,185.25,177.0,230615.0
1003481,2021-04-22,250.1,248.0,251.95,245.55,82173.0
1003481,2021-05-11,240.6,234.8,242.35,233.0,218120.0
1003481,2021-05-14,237.7,242.05,243.0,237.5,110378.0
1003481,2021-08-13,180.05,186.0,187.95,177.25,321742.0
1003481,2021-09-01,150.45,153.0,155.9,149.15,132863.0
1003481,2021-10-11,186.8,188.75,189.55,181.75,92799.0
1003481,2021-10-21,178.75,181.0,182.7,178.0,61709.0
1003481,2021-10-28,175.45,176.8,177.85,172.85,42815.0
1003481,2021-11-09,170.35,176.9,176.9,169.5,120477.0
1003481,2021-12-14,159.1,160.25,163.0,158.2,55906.0
1003481,2021-12-31,145.65,145.2,149.8,144.75,137723.0
1003481,2022-02-02,140.35,141.25,144.5,139.3,149256.0
1003481,2022-02-03,140.55,142.0,142.0,139.0,73077.0
1003481,2022-05-04,135.75,140.0,141.0,132.8,124903.0
1003481,2022-05-09,140.45,135.15,144.45,131.95,260067.0
1003481,2022-06-02,102.05,97.0,102.05,96.5,356444.0
1003481,2022-06-10,98.15,98.0,99.55,97.1,38707.0
1003481,2022-06-15,98.4,96.7,100.35,94.7,134828.0
1003481,2022-06-28,79.2,81.45,81.55,78.9,113082.0
1003481,2022-07-13,82.4,87.7,87.7,82.05,200056.0
1003481,2022-07-14,80.85,82.4,83.1,79.4,103152.0
1003481,2022-10-03,94.4,96.45,99.75,92.1,167251.0
1003481,2022-11-15,102.05,100.2,103.0,100.0,211478.0
1003481,2022-11-25,101.6,103.7,103.7,101.35,84485.0
1003481,2022-11-29,100.4,102.6,102.6,100.0,101891.0
1003481,2022-12-05,111.35,105.1,114.2,104.6,793539.0
1003481,2022-12-20,120.55,122.9,124.75,120.0,559490.0
1003481,2023-01-20,112.9,112.75,114.45,111.0,291494.0
1003481,2023-02-09,104.5,106.0,107.05,102.65,567781.0
1003481,2023-03-03,99.9,99.25,100.75,98.6,176182.0
1003481,2023-03-10,100.0,99.3,101.0,98.7,502152.0
1003481,2023-06-01,143.5,146.35,147.8,142.5,405288.0
1003481,2023-07-17,179.7,177.95,182.4,177.95,544754.0
1003481,2021-04-27,247.0,247.0,248.4,245.45,67431.0
1003481,2021-04-30,249.95,249.65,250.7,247.4,499526.0
1003481,2021-05-25,235.95,238.0,239.2,235.65,83141.0
1003481,2021-05-27,237.25,237.5,239.55,237.0,89587.0
1003481,2021-05-28,225.15,234.8,234.8,225.0,294858.0
1003481,2021-06-01,223.35,221.0,228.0,221.0,137848.0
1003481,2021-06-21,222.4,222.0,225.0,220.3,79218.0
1003481,2021-07-27,206.95,210.0,211.55,206.1,125113.0
1003481,2021-08-18,160.65,172.0,178.35,157.25,3148681.0
1003481,2021-09-20,185.7,190.0,198.9,181.2,244244.0
1003481,2021-11-10,169.95,170.35,171.8,169.0,39615.0
1003481,2021-12-03,149.6,147.35,150.8,147.35,53730.0
1003481,2021-12-15,156.65,159.1,159.9,155.1,54840.0
1003481,2022-01-06,145.25,144.2,147.4,144.2,110068.0
1003481,2022-05-05,141.1,139.95,146.45,134.0,422456.0
1003481,2022-05-24,107.25,114.05,116.1,105.7,119955.0
1003481,2022-07-12,86.3,86.95,88.5,86.0,292849.0
1003481,2022-07-25,80.05,80.5,81.3,79.9,201124.0
1003481,2022-07-26,79.75,80.9,80.95,79.0,271884.0
1003481,2022-09-30,97.9,96.0,99.7,96.0,135810.0
1003481,2022-10-19,96.7,96.0,100.95,95.2,183320.0
1003481,2022-10-27,101.9,101.95,103.95,100.2,128184.0
1003481,2022-11-09,107.0,99.75,111.9,98.75,1497049.0
1003481,2022-11-28,101.95,101.6,103.35,101.6,97654.0
1003481,2022-12-06,107.0,110.15,113.0,106.1,463074.0
1003481,2022-12-14,127.1,117.2,134.0,117.2,3285011.0
1003481,2023-01-06,112.15,115.9,116.7,110.15,387577.0
1003481,2023-01-09,114.3,114.0,117.4,113.5,322064.0
1003481,2023-03-22,97.25,94.6,97.75,94.4,1145695.0
1003481,2023-05-04,116.05,102.4,119.0,102.4,6593142.0
1003481,2023-05-12,126.9,121.3,129.3,121.15,2304395.0
1003481,2023-05-17,132.8,130.3,140.35,129.3,8371198.0
1003481,2023-06-22,169.25,174.5,174.75,165.0,720843.0
1003481,2023-06-27,175.5,173.45,176.95,167.1,1037371.0
1003481,2021-05-10,234.8,240.2,241.55,233.55,181147.0
1003481,2021-06-22,223.35,223.2,227.15,222.4,101685.0
1003481,2021-06-23,223.05,224.2,225.5,222.5,78210.0
1003481,2021-08-26,156.5,158.7,162.2,155.2,262236.0
1003481,2021-09-23,184.9,187.0,188.3,184.05,102528.0
1003481,2021-11-24,159.55,155.6,163.9,155.6,175459.0
1003481,2021-12-08,150.9,149.85,151.65,149.7,51340.0
1003481,2022-02-23,118.65,118.7,121.0,118.0,34700.0
1003481,2022-03-21,111.65,114.0,114.0,111.3,161275.0
1003481,2022-03-23,108.45,111.5,112.65,108.0,70052.0
1003481,2022-04-07,113.65,109.25,114.9,108.25,730949.0
1003481,2022-05-27,101.55,104.95,106.9,100.0,214250.0
1003481,2022-08-05,91.3,95.8,96.0,91.0,492114.0
1003481,2022-08-08,91.3,91.2,92.0,88.15,287992.0
1003481,2022-08-18,92.2,92.8,92.9,91.65,106045.0
1003481,2022-08-22,90.7,92.5,92.5,90.15,119816.0
1003481,2022-09-27,95.55,97.0,98.3,94.6,83487.0
1003481,2022-10-11,97.8,99.85,99.85,97.0,72862.0
1003481,2022-11-07,98.95,99.9,101.0,98.3,264323.0
1003481,2022-12-09,105.8,109.95,110.7,104.2,248444.0
1003481,2022-12-28,114.05,109.0,114.8,106.85,1629214.0
1003481,2023-01-16,113.2,116.0,116.2,112.0,305647.0
1003481,2023-01-18,109.45,112.0,113.0,108.5,342177.0
1003481,2023-03-09,99.7,99.95,100.6,98.15,379345.0
1003481,2023-03-24,96.1,97.2,98.45,94.85,115162.0
1003481,2023-04-03,101.25,95.35,103.95,95.1,343130.0
1003481,2023-04-11,99.5,100.5,101.6,99.15,196805.0
1003481,2023-04-25,103.25,101.35,106.15,99.8,2103447.0
1003481,2023-05-05,116.8,116.05,118.2,112.35,1128498.0
1003481,2023-05-16,127.25,132.0,135.0,125.6,4256093.0
1003481,2023-06-05,156.65,146.75,159.0,145.05,2224599.0
1003481,2023-07-06,165.5,168.95,168.95,163.8,756085.0
1003481,2023-08-04,183.25,180.0,184.6,180.0,529127.0
1003481,2023-08-09,180.35,183.5,185.15,179.05,255710.0
1003481,2021-04-07,264.85,264.95,271.65,261.0,271010.0
1003481,2021-05-06,241.35,248.4,248.4,240.6,92834.0
1003481,2021-06-11,229.7,232.8,234.1,229.05,112458.0
1003481,2021-06-16,223.9,224.7,226.5,223.5,77078.0
1003481,2021-07-07,211.95,220.0,222.0,211.5,357561.0
1003481,2021-08-12,187.45,183.45,188.7,183.45,86254.0
1003481,2021-08-23,143.25,146.8,148.85,138.5,360819.0
1003481,2021-09-06,151.4,153.0,153.0,151.05,44686.0
1003481,2021-09-15,194.75,221.85,224.6,193.95,1717078.0
1003481,2021-10-05,181.0,181.95,182.6,179.85,55876.0
1003481,2021-10-06,181.65,181.95,182.8,181.1,47826.0
1003481,2021-10-07,189.1,182.0,196.0,180.1,244596.0
1003481,2021-10-08,186.8,191.0,191.3,186.2,152408.0
1003481,2021-10-25,175.6,180.0,182.1,175.0,45108.0
1003481,2021-11-16,162.65,168.4,168.4,161.0,73967.0
1003481,2021-12-01,149.9,151.0,152.8,147.3,74458.0
1003481,2021-12-02,150.0,153.85,153.85,149.0,50341.0
1003481,2021-12-24,145.85,148.5,149.75,145.0,51125.0
1003481,2022-02-14,126.8,130.05,131.0,126.0,82517.0
1003481,2022-03-02,118.25,116.4,119.0,115.95,55894.0
1003481,2022-03-25,101.65,106.6,106.9,101.1,172517.0
1003481,2022-04-01,93.8,88.05,95.8,87.7,778585.0
1003481,2022-04-11,142.15,127.0,147.65,123.6,1744251.0
1003481,2022-06-27,80.4,82.95,84.0,79.95,166376.0
1003481,2022-07-15,80.7,81.0,82.95,79.5,122387.0
1003481,2022-07-27,83.7,81.35,83.7,80.15,226487.0
1003481,2022-09-09,110.5,105.0,114.8,105.0,1329378.0
1003481,2022-09-26,95.55,99.4,102.9,92.05,258007.0
1003481,2022-10-06,98.2,97.0,98.9,96.0,170750.0
1003481,2022-10-18,95.15,95.0,96.65,93.35,74101.0
1003481,2022-11-03,96.35,95.7,97.3,95.0,123380.0
1003481,2022-12-08,108.9,108.5,111.5,107.8,253802.0
1003481,2022-12-16,123.75,118.5,125.4,110.85,5710366.0
1003481,2023-01-03,121.7,121.25,124.0,120.25,522971.0
1003481,2023-01-17,112.6,113.2,114.55,112.2,217605.0
1003481,2023-02-06,104.75,105.0,107.25,104.25,195790.0
1003481,2023-02-22,100.75,100.25,101.85,99.95,265386.0
1003481,2023-03-27,91.55,96.0,96.0,91.0,450244.0
1003481,2023-04-05,100.1,105.0,105.0,99.05,406134.0
1003481,2023-04-18,101.95,99.7,103.3,99.7,470090.0
1003481,2023-05-30,143.15,146.0,146.25,141.55,506929.0
1003481,2023-06-02,145.05,144.45,146.9,143.85,314738.0
1003481,2021-03-31,273.7,270.0,278.5,261.6,610257.0
1003481,2021-05-03,250.0,248.7,251.45,246.55,176698.0
1003481,2021-05-12,241.65,238.05,246.5,238.05,200067.0
1003481,2021-06-17,222.45,222.0,225.5,222.0,61442.0
1003481,2021-08-09,189.95,188.0,196.35,187.65,168274.0
1003481,2021-09-13,179.6,154.95,179.6,154.5,1167941.0
1003481,2021-10-20,180.15,183.4,185.7,178.1,54422.0
1003481,2021-10-26,174.95,176.0,179.5,172.25,57115.0
1003481,2021-11-22,155.3,158.0,159.0,154.5,45750.0
1003481,2021-12-17,151.5,154.5,158.0,151.05,46560.0
1003481,2021-12-23,147.85,149.9,150.2,147.1,31248.0
1003481,2021-12-28,146.1,145.15,148.7,145.15,38951.0
1003481,2022-02-16,128.85,131.0,131.75,128.1,29972.0
1003481,2022-04-06,108.3,107.0,110.35,107.0,324565.0
1003481,2022-05-06,138.7,136.1,142.6,136.1,139445.0
1003481,2022-05-18,124.9,127.9,128.4,123.0,169887.0
1003481,2022-06-08,99.5,100.4,100.75,98.7,48223.0
1003481,2022-08-17,92.45,92.4,93.0,91.7,93852.0
1003481,2022-08-26,96.75,101.5,102.5,96.0,407174.0
1003481,2022-08-30,102.4,105.0,108.9,101.75,369624.0
1003481,2022-09-02,100.65,102.0,102.35,99.05,211107.0
1003481,2022-11-23,99.75,101.5,103.3,99.5,350735.0
1003481,2022-11-24,101.75,100.7,102.75,99.8,182028.0
1003481,2023-02-08,104.9,105.0,108.2,104.35,576882.0
1003481,2023-02-16,105.3,107.8,108.5,104.8,229389.0
1003481,2023-03-17,95.95,96.95,97.5,95.35,140064.0
1003481,2023-03-23,98.0,98.7,99.75,97.5,191473.0
1003481,2023-05-18,128.75,134.65,135.8,127.05,1755046.0
1003481,2023-05-31,145.25,143.35,146.9,141.6,715730.0
1003481,2023-06-14,172.0,175.0,175.0,165.75,3158179.0
1003481,2023-07-14,176.25,174.8,179.9,173.75,580305.0
1003481,2023-07-21,178.85,176.0,186.0,176.0,1452122.0
1003481,2023-08-01,189.15,188.4,192.35,187.1,796722.0
1003481,2023-08-03,178.75,177.05,180.4,174.4,709315.0
1003481,2021-06-08,227.95,236.2,237.55,226.6,322615.0
1003481,2021-06-25,220.95,222.5,231.15,220.1,478298.0
1003481,2021-06-30,221.35,221.25,225.8,220.0,148812.0
1003481,2021-07-16,210.75,211.65,211.65,209.75,81532.0
1003481,2021-07-20,213.2,216.15,217.3,210.0,124877.0
1003481,2021-10-14,187.3,187.75,190.7,186.25,100986.0
1003481,2021-11-15,165.85,168.25,170.0,165.1,67023.0
1003481,2021-11-26,158.4,156.85,162.55,155.6,60288.0
1003481,2021-12-16,156.95,159.0,161.9,156.5,57589.0
1003481,2022-01-11,147.35,152.0,152.95,145.85,108473.0
1003481,2022-01-27,138.95,138.0,141.3,137.0,42271.0
1003481,2022-01-31,138.75,139.95,142.45,138.55,66805.0
1003481,2022-02-04,139.8,141.0,144.65,139.2,147394.0
1003481,2022-02-24,110.45,117.0,117.0,108.65,79969.0
1003481,2022-03-31,87.75,92.2,93.0,87.0,414153.0
1003481,2022-04-04,105.4,94.85,111.7,94.65,1871529.0
1003481,2022-04-08,127.4,114.0,128.95,112.7,1627732.0
1003481,2022-05-20,113.6,112.0,117.8,108.7,621272.0
1003481,2022-06-13,95.7,97.3,98.3,95.0,63807.0
1003481,2022-06-30,78.7,81.4,81.4,77.5,93873.0
1003481,2022-08-25,98.4,98.15,105.7,97.05,1297353.0
1003481,2022-09-07,102.65,99.0,104.0,98.5,206748.0
1003481,2022-09-13,112.7,118.0,118.0,111.35,305916.0
1003481,2022-10-17,94.8,95.15,96.65,93.7,104265.0
1003481,2022-12-07,107.55,107.85,109.65,106.45,294628.0
1003481,2023-01-02,122.25,121.0,124.9,117.75,804862.0
1003481,2023-02-13,104.0,106.0,108.05,103.65,360307.0
1003481,2023-03-01,99.65,98.75,101.4,98.75,161411.0
1003481,2023-03-06,101.4,101.0,102.0,99.1,375299.0
1003481,2023-04-12,99.5,99.9,100.5,99.2,132643.0
1003481,2023-04-19,100.6,102.1,102.5,99.5,229910.0
1003481,2023-05-11,121.0,114.05,126.5,114.05,3167298.0
1003481,2023-05-26,146.45,143.6,149.75,142.3,1339754.0
1003481,2023-05-29,143.35,147.75,148.25,140.75,774533.0
1003481,2023-06-06,153.55,157.9,157.9,152.7,739336.0
1003481,2023-06-08,149.5,152.9,154.9,147.5,569373.0
1003481,2023-07-03,168.75,174.85,176.6,166.0,828941.0
1003481,2023-07-24,175.5,179.7,179.7,174.75,398311.0
1003481,2023-07-25,172.9,175.5,176.85,171.55,352365.0
1003481,2023-08-08,182.55,180.85,183.2,178.5,237389.0
1003481,2023-08-10,178.95,180.55,184.2,176.4,390276.0
