stockid,date,close,open,high,low,volume
661429,2023-07-24,24.0,25.45,25.45,23.2,90456.0
661429,2023-08-02,28.0,31.6,32.0,27.35,1386648.0
661429,2023-07-19,25.5,24.3,26.0,24.3,63600.0
661429,2023-07-21,25.3,26.5,26.5,24.8,367583.0
661429,2023-06-28,23.45,22.75,24.15,22.7,98949.0
661429,2023-07-31,28.15,24.15,28.3,23.1,877283.0
661429,2023-07-17,25.9,25.85,26.5,25.25,230214.0
661429,2023-07-10,22.85,23.0,23.2,22.55,23580.0
661429,2023-07-11,22.85,23.5,23.5,22.55,18716.0
661429,2023-07-12,22.45,23.35,23.35,21.5,30685.0
661429,2023-07-14,25.25,25.1,27.0,24.2,313003.0
661429,2023-08-21,23.95,24.35,24.35,23.7,26899.0
661429,2023-07-05,22.65,22.9,23.0,22.15,245320.0
661429,2023-06-30,23.1,23.9,24.0,22.55,52797.0
661429,2023-08-14,24.05,26.7,26.7,23.8,473469.0
661429,2023-06-23,23.1,23.7,23.7,22.5,23100.0
661429,2023-07-03,23.1,23.1,23.85,22.5,30172.0
661429,2023-07-07,22.65,23.15,23.15,22.55,115264.0
661429,2023-08-01,30.55,28.25,32.0,28.25,1716791.0
661429,2023-08-22,25.05,24.0,25.1,23.6,196475.0
661429,2023-06-27,22.7,23.0,23.55,22.4,37778.0
661429,2023-07-25,23.8,24.8,25.0,23.6,69833.0
661429,2023-08-08,28.1,28.35,28.6,27.35,442770.0
661429,2023-08-09,27.75,28.3,29.1,27.6,164634.0
661429,2023-08-23,25.45,26.0,26.0,25.0,7977.0
661429,2023-07-13,24.55,22.65,26.25,22.25,675914.0
661429,2023-07-20,25.65,24.7,26.0,24.7,70213.0
661429,2023-08-11,24.9,26.9,27.35,24.6,487457.0
661429,2023-06-21,23.75,24.2,24.45,23.25,39831.0
661429,2023-07-04,22.9,23.65,23.65,22.5,128532.0
661429,2023-07-18,24.85,25.9,26.35,24.4,70435.0
661429,2023-07-26,23.8,24.1,24.45,23.65,33939.0
661429,2023-08-10,27.5,28.25,28.3,27.25,417617.0
661429,2023-07-06,22.75,22.5,23.3,22.5,319652.0
661429,2023-07-27,23.55,24.3,24.3,22.9,882370.0
661429,2023-07-28,23.6,24.3,24.35,23.5,554661.0
661429,2023-06-22,23.4,24.2,24.25,23.0,33086.0
661429,2023-06-26,22.95,23.15,23.5,22.0,41732.0
661429,2023-08-03,28.5,28.2,29.7,27.2,1466082.0
661429,2023-08-04,29.05,29.1,30.15,28.8,288685.0
661429,2023-08-07,28.8,29.5,29.5,28.35,184054.0
