stockid,date,close,open,high,low,volume
324228,2021-02-03,1703.15,1755.4,1755.45,1700.0,12572.0
324228,2021-04-15,2013.95,2024.0,2041.95,1980.65,4212.0
324228,2021-04-16,2343.85,2069.0,2399.9,2013.95,166358.0
324228,2021-04-19,2261.35,2319.0,2378.85,2226.8,51070.0
324228,2021-04-22,2158.75,2205.0,2239.0,2150.0,14901.0
324228,2021-06-09,2691.2,2754.0,2754.0,2670.0,44995.0
324228,2021-07-07,2553.25,2557.1,2599.0,2547.5,6741.0
324228,2021-07-30,2368.85,2450.0,2450.0,2342.65,8591.0
324228,2021-01-05,1690.25,1693.1,1718.05,1683.05,4742.0
324228,2021-01-06,1680.4,1698.75,1733.0,1672.0,16509.0
324228,2021-01-12,1757.9,1744.3,1787.0,1739.0,13002.0
324228,2021-02-01,1756.75,1700.0,1780.0,1691.2,19541.0
324228,2021-02-15,1730.25,1685.0,1735.0,1685.0,6102.0
324228,2021-03-08,1665.6,1655.35,1688.5,1651.0,11536.0
324228,2021-07-09,2510.2,2501.1,2545.9,2492.15,7280.0
324228,2021-07-16,2486.35,2524.0,2545.5,2475.0,9900.0
324228,2021-07-27,2351.75,2417.0,2417.0,2342.1,8123.0
324228,2021-08-16,2476.15,2428.0,2544.9,2387.3,55215.0
324228,2021-08-12,2415.05,2229.0,2547.0,2229.0,501846.0
324228,2021-10-07,2501.6,2551.0,2589.6,2462.1,10911.0
324228,2021-11-12,2448.35,2443.35,2463.25,2423.35,10422.0
324228,2021-11-18,2298.95,2392.75,2395.85,2270.0,15011.0
324228,2021-12-09,2373.35,2365.0,2392.0,2352.05,8525.0
324228,2021-12-15,2530.6,2438.0,2577.0,2409.05,34121.0
324228,2022-01-24,2340.05,2351.0,2382.2,2275.0,8181.0
324228,2022-01-25,2363.3,2286.0,2369.8,2252.65,3531.0
324228,2022-02-24,2223.05,2252.0,2330.7,2206.0,11849.0
324228,2022-03-07,2337.4,2334.0,2351.75,2278.65,3296.0
324228,2022-03-22,2498.9,2499.0,2564.2,2426.35,29855.0
324228,2022-04-11,2813.35,2823.0,2856.35,2800.0,11501.0
324228,2022-05-05,2354.15,2419.25,2550.0,2291.0,21597.0
324228,2022-05-19,2329.35,2435.0,2435.0,2308.9,2827.0
324228,2021-08-26,2306.1,2223.0,2360.0,2223.0,14163.0
324228,2021-10-12,2610.55,2493.25,2735.95,2475.0,111736.0
324228,2021-10-18,2524.85,2530.0,2609.9,2509.0,23208.0
324228,2021-11-04,2495.65,2498.95,2537.55,2479.75,5290.0
324228,2021-12-07,2356.3,2364.55,2376.5,2340.0,7994.0
324228,2021-12-20,2397.3,2497.65,2497.65,2350.0,10447.0
324228,2022-01-06,2523.15,2544.15,2565.0,2500.0,4690.0
324228,2022-03-23,2506.4,2531.4,2536.95,2489.35,7310.0
324228,2022-03-30,2620.0,2623.35,2949.6,2571.15,25995.0
324228,2022-04-12,2822.9,2807.0,2845.0,2751.0,8340.0
324228,2022-05-06,2444.85,2399.0,2527.0,2299.55,5975.0
324228,2022-06-23,2005.55,2094.3,2125.0,1989.3,5683.0
324228,2022-07-01,2147.5,2132.95,2180.85,2080.5,1367.0
324228,2021-02-10,1704.8,1703.5,1742.0,1701.0,4035.0
324228,2021-02-23,1746.1,1725.8,1760.25,1725.8,4463.0
324228,2021-05-03,2198.75,2202.0,2247.05,2180.0,4363.0
324228,2021-05-27,2706.8,2549.9,2785.0,2530.0,56684.0
324228,2021-05-28,2869.9,3060.0,3105.0,2838.85,151921.0
324228,2021-06-18,2529.4,2600.05,2614.9,2485.0,13551.0
324228,2021-07-22,2420.8,2449.9,2449.9,2401.9,6360.0
324228,2021-08-20,2346.55,2420.0,2420.0,2325.4,12504.0
324228,2021-08-27,2313.2,2300.0,2364.0,2295.8,8278.0
324228,2021-09-06,2383.6,2380.0,2405.0,2367.7,4017.0
324228,2021-09-17,2528.35,2502.4,2535.0,2484.0,15707.0
324228,2021-09-29,2481.45,2470.0,2500.0,2464.4,5231.0
324228,2021-10-08,2503.45,2514.15,2530.0,2475.0,6230.0
324228,2021-12-14,2433.55,2361.05,2450.05,2357.35,8460.0
324228,2021-12-23,2492.0,2560.0,2622.4,2472.0,13675.0
324228,2022-01-04,2525.4,2509.0,2541.9,2501.0,5249.0
324228,2022-01-14,2490.05,2475.0,2522.8,2471.0,2676.0
324228,2022-03-16,2390.6,2380.0,2400.0,2373.35,5841.0
324228,2022-04-21,2728.0,2730.65,2762.35,2725.0,4073.0
324228,2022-04-27,2610.0,2614.05,2624.0,2581.2,2195.0
324228,2022-05-25,2183.6,2258.35,2258.35,2164.95,3113.0
324228,2022-05-26,2180.75,2183.4,2197.2,2154.0,2593.0
324228,2022-06-15,2251.95,2242.0,2269.0,2219.05,1308.0
324228,2022-06-17,2240.4,2216.2,2270.05,2191.1,1551.0
324228,2021-01-08,1679.8,1699.95,1699.95,1665.25,5219.0
324228,2021-02-08,1748.95,1711.85,1770.05,1701.0,4569.0
324228,2021-04-07,2018.25,1904.05,2099.0,1887.15,15205.0
324228,2021-04-29,2261.95,2255.0,2300.0,2230.85,18153.0
324228,2021-06-02,2719.0,2783.4,2783.4,2690.65,14201.0
324228,2021-06-04,2679.3,2720.0,2729.7,2644.4,17065.0
324228,2021-06-08,2754.9,2799.0,2880.0,2690.0,187434.0
324228,2021-06-24,2589.0,2594.0,2687.8,2567.9,27748.0
324228,2021-07-28,2328.95,2325.0,2370.1,2312.6,6551.0
324228,2021-08-13,2424.75,2427.0,2506.2,2380.0,44602.0
324228,2021-08-17,2449.35,2473.65,2540.0,2434.1,21098.0
324228,2021-10-14,2520.45,2554.7,2566.05,2504.9,28123.0
324228,2021-11-16,2440.8,2479.0,2479.0,2434.25,7478.0
324228,2021-12-29,2572.4,2570.0,2596.3,2536.55,8404.0
324228,2021-12-30,2569.55,2585.3,2592.75,2550.0,5241.0
324228,2022-02-07,2458.5,2485.0,2485.0,2441.0,2766.0
324228,2022-02-08,2408.65,2440.0,2474.75,2400.0,3093.0
324228,2022-04-08,2803.6,2775.0,2849.0,2751.25,26274.0
324228,2022-04-25,2574.2,2579.0,2659.75,2543.3,12383.0
324228,2022-05-04,2407.2,2587.8,2623.9,2386.3,26587.0
324228,2022-05-17,2385.5,2332.0,2410.0,2310.0,1780.0
324228,2022-05-30,2239.05,2199.35,2260.0,2193.05,2049.0
324228,2022-06-20,2169.55,2233.1,2239.95,2114.75,3373.0
324228,2021-01-13,1712.45,1757.9,1782.55,1702.0,8180.0
324228,2021-02-05,1703.3,1717.35,1746.0,1701.0,9151.0
324228,2021-02-18,1758.3,1742.65,1768.0,1716.7,5461.0
324228,2021-02-19,1741.6,1760.0,1790.95,1738.0,6237.0
324228,2021-03-12,1743.55,1678.0,1790.0,1674.6,11404.0
324228,2021-05-25,2666.9,2770.0,2785.0,2660.0,14771.0
324228,2021-06-22,2622.55,2539.9,2784.95,2520.0,59303.0
324228,2021-07-02,2581.55,2587.4,2618.75,2565.25,10981.0
324228,2021-01-04,1689.8,1696.1,1715.0,1682.25,8590.0
324228,2021-02-22,1728.4,1749.9,1761.4,1717.95,4741.0
324228,2021-02-24,1767.75,1754.8,1799.0,1703.05,3664.0
324228,2021-01-07,1678.0,1690.0,1710.0,1675.0,6544.0
324228,2021-03-17,1771.4,1777.0,1780.05,1764.0,6410.0
324228,2021-03-24,2028.65,2094.0,2158.6,2020.5,47651.0
324228,2021-04-20,2212.8,2299.9,2352.1,2190.05,29545.0
324228,2021-05-12,2210.3,2250.0,2299.8,2186.45,12255.0
324228,2021-05-18,2775.35,3134.0,3134.0,2703.05,481147.0
324228,2021-06-14,2631.75,2697.0,2697.0,2621.5,14058.0
324228,2021-06-29,2600.25,2664.0,2664.0,2590.0,8571.0
324228,2021-07-15,2516.3,2573.95,2609.95,2501.0,31268.0
324228,2021-08-18,2405.35,2489.95,2489.95,2385.9,11489.0
324228,2021-08-31,2392.3,2427.0,2429.25,2363.45,8636.0
324228,2021-09-09,2540.0,2505.0,2598.4,2479.85,54226.0
324228,2021-09-13,2562.2,2567.95,2596.0,2512.55,16075.0
324228,2021-12-08,2368.45,2367.0,2398.2,2350.75,4655.0
324228,2022-02-09,2495.7,2410.0,2514.4,2410.0,8126.0
324228,2022-04-13,2756.4,2835.3,2845.0,2736.0,10070.0
324228,2022-05-13,2356.85,2380.0,2419.55,2310.0,3002.0
324228,2022-05-31,2261.2,2261.35,2289.0,2226.65,2000.0
324228,2022-06-07,2299.45,2282.2,2325.0,2282.2,481.0
324228,2022-06-28,2022.65,2035.25,2035.25,2007.05,2337.0
324228,2021-01-20,1668.9,1688.85,1688.85,1661.1,3529.0
324228,2021-01-27,1652.35,1694.7,1694.7,1630.0,9131.0
324228,2021-01-28,1705.45,1660.55,1716.75,1651.25,5180.0
324228,2021-02-11,1697.65,1708.0,1735.9,1692.1,13801.0
324228,2021-03-23,2097.3,2150.0,2280.0,2050.2,277613.0
324228,2021-03-31,1916.1,1898.45,1989.0,1898.35,15326.0
324228,2021-04-01,1903.4,1931.45,1965.55,1886.0,11049.0
324228,2021-04-13,2016.75,2007.55,2075.0,1979.85,7809.0
324228,2021-04-23,2133.5,2150.0,2237.35,2106.0,13762.0
324228,2021-05-05,2132.65,2150.1,2164.45,2112.7,3883.0
324228,2021-05-06,2173.2,2130.0,2278.0,2120.85,24330.0
324228,2021-05-19,2737.8,2694.0,2760.0,2673.95,58266.0
324228,2021-05-26,2528.4,2662.0,2675.0,2505.1,38414.0
324228,2021-06-03,2697.25,2741.4,2769.75,2670.45,17199.0
324228,2021-06-15,2632.8,2635.0,2683.6,2625.05,8685.0
324228,2021-06-28,2642.2,2612.75,2657.0,2601.55,12884.0
324228,2021-09-22,2542.55,2547.15,2590.0,2529.8,11788.0
324228,2021-09-24,2497.5,2524.95,2544.0,2484.0,9374.0
324228,2021-12-01,2224.85,2256.3,2256.3,2220.0,3751.0
324228,2021-12-17,2485.2,2521.15,2544.1,2446.1,7090.0
324228,2022-01-18,2483.35,2502.1,2526.5,2470.0,9322.0
324228,2022-02-25,2209.6,2225.0,2320.0,2194.05,9389.0
324228,2022-04-18,2704.05,2700.0,2726.4,2641.55,12500.0
324228,2022-05-24,2236.0,2254.8,2292.2,2223.0,2663.0
324228,2022-06-16,2226.45,2248.8,2282.9,2225.0,1335.0
324228,2022-06-22,2094.25,2144.7,2144.7,2075.0,2222.0
324228,2022-07-05,2173.9,2186.05,2215.5,2155.0,2160.0
324228,2022-07-08,2301.25,2290.0,2316.0,2222.0,4921.0
324228,2021-01-14,1714.35,1721.05,1736.85,1690.3,3912.0
324228,2021-02-04,1722.2,1703.15,1750.05,1703.15,3287.0
324228,2021-03-02,1743.3,1733.45,1770.0,1729.95,5964.0
324228,2021-04-06,1904.05,1914.3,1928.15,1894.0,5008.0
324228,2021-05-31,2742.7,2869.0,2869.0,2324.6,55053.0
324228,2021-06-17,2567.65,2620.0,2639.9,2559.0,15032.0
324228,2021-08-10,2314.3,2420.0,2498.0,2287.5,35393.0
324228,2021-09-20,2520.3,2465.0,2608.3,2455.0,32533.0
324228,2021-09-28,2480.2,2505.75,2520.8,2472.0,4959.0
324228,2021-11-11,2443.3,2446.1,2481.15,2424.0,8627.0
324228,2021-11-22,2246.75,2298.95,2335.1,2230.0,8432.0
324228,2021-11-23,2294.05,2247.5,2317.75,2230.0,4233.0
324228,2022-02-15,2293.05,2298.0,2375.0,2265.0,2869.0
324228,2022-03-08,2340.25,2349.1,2450.0,2320.0,2369.0
324228,2022-03-10,2364.7,2397.0,2400.0,2345.0,5728.0
324228,2022-03-21,2452.0,2396.5,2495.0,2376.3,11458.0
324228,2022-05-10,2437.15,2436.4,2457.45,2400.05,3949.0
324228,2022-06-10,2278.55,2251.0,2298.9,2250.0,444.0
324228,2022-06-14,2261.1,2267.45,2300.0,2250.0,1325.0
324228,2021-07-06,2549.7,2589.35,2650.0,2540.0,12061.0
324228,2021-07-29,2377.0,2345.0,2422.15,2328.4,7170.0
324228,2021-08-02,2419.85,2396.0,2478.0,2361.9,9638.0
324228,2021-09-02,2392.1,2389.75,2424.0,2387.25,4650.0
324228,2021-10-20,2470.5,2504.0,2513.0,2415.0,18233.0
324228,2021-12-13,2379.95,2380.0,2390.0,2352.75,21740.0
324228,2021-12-21,2438.7,2409.3,2468.4,2382.0,11221.0
324228,2021-12-22,2553.0,2450.9,2567.0,2434.7,15928.0
324228,2022-01-12,2515.5,2561.3,2561.3,2498.0,4358.0
324228,2022-01-17,2477.2,2500.0,2525.0,2459.0,6186.0
324228,2022-01-28,2395.95,2404.65,2425.15,2370.0,6004.0
324228,2022-02-02,2509.7,2478.5,2521.15,2475.0,4960.0
324228,2022-03-02,2326.05,2200.0,2377.65,2185.0,20997.0
324228,2022-05-09,2424.25,2438.0,2439.95,2351.0,5090.0
324228,2022-05-20,2276.75,2341.0,2416.95,2182.0,31460.0
324228,2021-01-29,1684.2,1735.0,1735.0,1680.0,2822.0
324228,2021-02-12,1698.0,1702.85,1729.6,1690.0,5811.0
324228,2021-03-30,1901.3,1989.35,1989.35,1881.0,18556.0
324228,2021-04-09,2199.6,2210.0,2250.0,2180.0,24449.0
324228,2021-05-24,2740.1,2848.0,2848.0,2731.0,11647.0
324228,2021-06-01,2762.2,2751.0,2837.7,2745.0,18082.0
324228,2021-07-13,2500.6,2530.0,2530.0,2491.0,3259.0
324228,2021-08-09,2398.2,2349.0,2537.0,2349.0,57916.0
324228,2021-09-14,2539.3,2605.0,2620.0,2525.05,15841.0
324228,2021-10-19,2475.4,2537.5,2573.0,2460.95,12768.0
324228,2021-10-22,2464.25,2480.15,2502.45,2450.0,5057.0
324228,2021-11-17,2383.9,2453.05,2455.0,2371.0,10506.0
324228,2021-07-12,2507.6,2516.0,2545.9,2505.0,4145.0
324228,2021-08-24,2276.65,2255.0,2308.0,2254.85,6655.0
324228,2021-09-07,2355.05,2412.0,2412.0,2340.55,6086.0
324228,2021-09-08,2480.0,2399.0,2524.85,2360.0,43118.0
324228,2021-09-23,2496.7,2570.0,2575.45,2489.9,12131.0
324228,2021-10-05,2506.45,2492.2,2534.8,2463.85,11775.0
324228,2021-10-11,2493.25,2503.45,2525.0,2479.25,4991.0
324228,2022-04-06,2715.95,2705.05,2747.45,2702.0,8792.0
324228,2021-01-01,1688.4,1715.0,1729.8,1667.4,4937.0
324228,2021-01-21,1684.6,1672.0,1750.0,1661.05,24503.0
324228,2021-02-17,1751.8,1737.8,1770.0,1716.05,8235.0
324228,2021-03-03,1728.95,1760.55,1798.0,1711.25,4650.0
324228,2021-02-09,1703.5,1757.7,1775.05,1701.0,6566.0
324228,2021-03-01,1730.4,1783.95,1814.8,1711.65,7494.0
324228,2021-03-04,1710.25,1725.0,1731.9,1701.25,5381.0
324228,2021-03-22,2130.9,1775.6,2135.0,1753.8,163152.0
324228,2021-01-11,1735.6,1688.2,1850.0,1688.2,128508.0
324228,2021-01-18,1687.15,1700.9,1721.7,1682.1,8437.0
324228,2021-01-22,1655.15,1675.0,1707.8,1651.0,6620.0
324228,2021-01-25,1673.2,1663.45,1706.95,1653.0,6612.0
324228,2021-03-16,1749.35,1770.35,1791.95,1735.65,2459.0
324228,2021-05-07,2152.85,2247.9,2260.0,2150.0,5086.0
324228,2021-06-07,2758.3,2697.9,2832.0,2670.3,26863.0
324228,2021-06-10,2707.0,2676.25,2750.0,2676.25,13372.0
324228,2021-06-25,2592.25,2589.0,2657.95,2578.1,12729.0
324228,2021-06-30,2597.4,2636.55,2636.55,2590.0,5638.0
324228,2021-07-05,2589.35,2644.7,2659.95,2575.0,18654.0
324228,2021-09-01,2389.75,2420.0,2435.0,2385.0,5210.0
324228,2021-09-21,2534.45,2522.0,2578.0,2487.6,14993.0
324228,2021-10-06,2520.7,2529.0,2565.0,2500.25,19148.0
324228,2021-11-08,2480.4,2509.9,2509.9,2470.0,9724.0
324228,2021-12-02,2259.6,2235.4,2274.95,2224.35,3924.0
324228,2021-12-24,2502.2,2475.0,2550.0,2460.0,2567.0
324228,2022-01-07,2529.25,2535.8,2545.0,2517.05,3785.0
324228,2022-01-31,2509.4,2405.0,2545.0,2242.35,58775.0
324228,2022-02-04,2477.75,2480.0,2500.0,2450.1,1718.0
324228,2022-03-03,2399.75,2326.0,2444.85,2313.45,12127.0
324228,2022-03-04,2338.1,2389.9,2389.9,2331.0,3790.0
324228,2022-03-14,2333.75,2398.95,2400.0,2305.0,4953.0
324228,2022-06-06,2323.45,2288.5,2359.1,2216.0,1827.0
324228,2022-06-08,2277.8,2300.0,2304.85,2275.0,629.0
324228,2021-03-18,1779.25,1775.0,1795.0,1763.7,8674.0
324228,2021-04-12,1991.6,2145.0,2180.85,1966.0,23338.0
324228,2021-04-26,2133.7,2144.2,2199.0,2111.0,7712.0
324228,2021-04-27,2169.95,2115.0,2195.0,2101.55,7642.0
324228,2021-05-04,2139.4,2200.0,2239.95,2118.0,7405.0
324228,2021-05-14,2474.05,2212.0,2652.35,2212.0,520549.0
324228,2021-07-01,2574.8,2612.7,2644.35,2564.0,9082.0
324228,2021-07-08,2521.7,2550.45,2589.3,2498.7,10988.0
324228,2021-07-20,2385.75,2435.35,2450.0,2378.9,12824.0
324228,2021-08-04,2376.05,2386.0,2455.0,2363.5,8729.0
324228,2021-08-06,2346.4,2354.7,2370.95,2333.45,3383.0
324228,2021-08-30,2386.3,2314.1,2438.6,2314.1,26869.0
324228,2021-09-03,2374.6,2403.8,2428.0,2359.85,9263.0
324228,2021-10-01,2459.5,2453.0,2478.45,2442.9,3269.0
324228,2021-10-04,2479.8,2459.55,2494.05,2459.55,4264.0
324228,2021-11-01,2439.1,2445.0,2491.45,2425.4,20413.0
324228,2021-11-03,2430.6,2436.0,2489.45,2410.1,14819.0
324228,2021-11-24,2293.7,2305.55,2331.35,2283.05,8809.0
324228,2022-01-03,2531.05,2544.55,2590.0,2525.0,5626.0
324228,2022-01-10,2509.2,2525.0,2570.0,2500.0,5238.0
324228,2022-02-18,2460.2,2353.55,2499.0,2330.0,71825.0
324228,2022-03-09,2368.3,2345.05,2408.4,2321.85,11979.0
324228,2022-03-28,2514.85,2480.0,2529.05,2480.0,6373.0
324228,2022-04-01,2693.15,2745.0,2750.0,2673.05,11886.0
324228,2022-05-11,2263.6,2449.35,2449.35,2183.65,15002.0
324228,2022-06-01,2316.95,2270.75,2350.0,2267.8,2081.0
324228,2022-06-03,2277.1,2308.5,2379.7,2270.0,3583.0
324228,2022-06-24,2019.0,2015.6,2035.65,1994.0,3540.0
324228,2022-06-27,2031.55,2029.1,2045.0,2015.95,2385.0
324228,2021-12-27,2561.7,2609.0,2650.0,2530.0,35788.0
324228,2021-12-28,2559.25,2574.55,2598.0,2533.0,6505.0
324228,2022-01-05,2531.45,2546.0,2565.0,2515.65,7267.0
324228,2022-02-03,2486.8,2522.25,2522.25,2454.0,5249.0
324228,2022-02-14,2298.0,2387.0,2403.8,2275.0,6632.0
324228,2022-02-23,2370.75,2385.05,2438.65,2350.0,5318.0
324228,2022-04-22,2603.0,2715.05,2818.55,2560.0,32711.0
324228,2022-05-02,2613.75,2613.0,2635.15,2600.1,2169.0
324228,2022-05-18,2441.95,2397.45,2454.95,2374.65,3938.0
324228,2022-06-13,2267.15,2289.95,2337.9,2199.1,4293.0
324228,2022-06-29,2058.95,2018.9,2080.05,2005.0,7122.0
324228,2022-04-07,2719.9,2725.0,2768.95,2705.5,7849.0
324228,2022-04-28,2603.4,2606.4,2625.0,2590.0,2263.0
324228,2022-05-12,2342.05,2210.35,2380.0,2210.35,7099.0
324228,2022-05-16,2367.0,2368.65,2378.0,2324.7,1345.0
324228,2022-05-23,2243.55,2288.15,2334.75,2230.0,3683.0
324228,2022-06-21,2134.0,2169.7,2317.5,2120.0,7859.0
324228,2021-03-09,1668.15,1666.4,1705.0,1662.0,3637.0
324228,2021-03-25,2007.3,2044.9,2103.75,1901.0,30464.0
324228,2021-04-30,2223.1,2250.0,2289.5,2210.0,6403.0
324228,2021-05-17,2920.7,2690.0,2968.85,2602.55,546347.0
324228,2021-05-20,2849.1,2750.0,2950.0,2746.95,67598.0
324228,2021-05-21,2794.2,2860.0,2892.1,2780.0,20485.0
324228,2021-06-11,2679.05,2745.0,2745.0,2671.1,11721.0
324228,2021-08-05,2354.7,2355.2,2378.05,2311.4,7086.0
324228,2021-08-11,2201.65,2305.05,2359.25,2131.25,48308.0
324228,2021-09-27,2513.3,2500.05,2560.0,2500.05,7268.0
324228,2021-09-30,2478.55,2499.0,2509.75,2452.65,4849.0
324228,2021-10-13,2533.7,2631.1,2649.75,2522.6,15461.0
324228,2021-10-27,2464.8,2499.9,2535.0,2459.95,14147.0
324228,2021-11-15,2444.8,2440.0,2470.0,2411.5,12578.0
324228,2021-11-26,2286.7,2290.0,2347.85,2260.0,8719.0
324228,2021-11-29,2220.65,2281.9,2281.9,2203.55,9235.0
324228,2021-11-30,2234.2,2231.8,2275.45,2225.0,7398.0
324228,2022-01-21,2347.55,2351.25,2375.0,2311.25,6457.0
324228,2022-01-27,2392.65,2363.0,2410.0,2325.05,3492.0
324228,2022-02-11,2413.55,2442.0,2442.05,2387.0,2595.0
324228,2022-03-17,2384.55,2401.0,2401.0,2364.2,3945.0
324228,2022-03-24,2525.9,2501.15,2534.0,2495.75,6621.0
324228,2022-03-29,2610.25,2480.0,2630.7,2480.0,21240.0
324228,2022-04-26,2611.45,2585.0,2631.8,2574.6,3180.0
324228,2022-07-06,2203.85,2180.2,2225.0,2160.0,3397.0
324228,2021-03-26,1950.3,2047.9,2086.05,1930.95,16923.0
324228,2021-04-05,1904.25,1903.4,1935.0,1895.0,9890.0
324228,2021-04-28,2233.85,2194.0,2339.9,2173.1,39316.0
324228,2021-05-11,2230.4,2239.0,2257.0,2165.6,9306.0
324228,2021-07-14,2483.55,2525.0,2525.05,2476.1,7125.0
324228,2021-08-25,2255.2,2298.7,2320.0,2248.75,11907.0
324228,2021-09-15,2532.25,2585.4,2585.4,2502.6,6951.0
324228,2021-11-10,2446.1,2510.0,2510.0,2440.0,20934.0
324228,2022-01-19,2391.2,2475.65,2475.65,2360.0,13399.0
324228,2022-01-20,2369.0,2390.0,2395.0,2360.0,5607.0
324228,2022-02-16,2353.2,2304.55,2400.0,2296.5,2412.0
324228,2022-02-21,2433.05,2499.0,2523.35,2399.0,24384.0
324228,2022-02-28,2199.8,2199.0,2224.9,2169.15,4499.0
324228,2022-03-11,2377.8,2350.05,2398.8,2336.6,4360.0
324228,2022-04-19,2715.6,2716.25,2764.05,2705.0,5306.0
324228,2022-04-29,2612.85,2603.4,2631.65,2595.0,3103.0
324228,2022-05-27,2188.4,2191.65,2210.0,2170.0,1859.0
324228,2022-07-07,2214.25,2214.85,2250.0,2201.05,1630.0
324228,2021-01-19,1680.4,1695.6,1713.2,1676.0,10903.0
324228,2021-03-05,1654.05,1710.25,1715.0,1651.0,11221.0
324228,2021-01-15,1692.45,1721.15,1747.95,1684.0,5215.0
324228,2021-02-02,1746.85,1780.0,1792.0,1729.95,8036.0
324228,2021-02-16,1729.15,1735.0,1748.45,1710.0,6004.0
324228,2021-02-25,1791.75,1770.0,1795.0,1763.6,5877.0
324228,2021-02-26,1791.8,1760.0,1799.0,1752.05,4766.0
324228,2021-03-10,1677.65,1676.5,1685.9,1675.0,2281.0
324228,2021-03-19,1779.2,1779.0,1796.0,1724.3,4226.0
324228,2021-04-08,2208.45,2050.0,2250.0,2050.0,109129.0
324228,2021-05-10,2214.15,2223.0,2250.05,2173.35,17076.0
324228,2021-06-23,2569.6,2648.7,2656.65,2562.1,15461.0
324228,2021-07-19,2435.35,2486.0,2511.45,2422.0,15607.0
324228,2021-07-23,2411.7,2450.0,2450.0,2394.05,3538.0
324228,2021-07-26,2380.2,2420.0,2420.0,2368.3,7332.0
324228,2021-10-26,2470.25,2485.0,2500.0,2441.25,7493.0
324228,2021-10-28,2432.4,2499.0,2500.0,2418.95,30629.0
324228,2021-11-02,2406.25,2449.5,2450.35,2401.25,8144.0
324228,2021-11-09,2471.65,2491.55,2500.0,2440.0,6563.0
324228,2021-12-16,2521.2,2542.0,2600.0,2500.0,18902.0
324228,2022-01-11,2548.55,2506.7,2570.75,2500.0,4705.0
324228,2022-02-01,2497.4,2500.0,2517.55,2461.0,7102.0
324228,2022-03-15,2392.2,2327.0,2397.0,2315.0,4709.0
324228,2022-03-31,2713.45,2620.0,2823.05,2585.25,29021.0
324228,2022-04-04,2711.15,2706.65,2752.45,2700.0,17275.0
324228,2022-04-05,2727.0,2691.0,2750.0,2691.0,10182.0
324228,2022-06-02,2297.0,2325.05,2325.05,2275.0,695.0
324228,2022-06-30,2122.3,2069.25,2130.0,2055.5,2512.0
324228,2021-03-15,1766.6,1739.85,1775.0,1715.9,7371.0
324228,2021-06-16,2606.1,2640.1,2660.0,2600.0,9666.0
324228,2021-06-21,2498.8,2529.0,2547.7,2475.0,11996.0
324228,2021-08-03,2400.85,2444.0,2444.0,2394.0,6597.0
324228,2021-08-23,2253.0,2366.0,2389.9,2212.0,21353.0
324228,2021-09-16,2494.5,2544.9,2568.7,2470.0,14228.0
324228,2021-10-21,2485.5,2442.6,2529.2,2442.6,8590.0
324228,2021-10-25,2444.3,2466.05,2512.0,2426.4,7687.0
324228,2021-10-29,2436.85,2427.8,2471.75,2416.1,23510.0
324228,2021-11-25,2299.5,2300.0,2325.0,2276.4,4571.0
324228,2021-12-03,2336.9,2246.05,2424.95,2233.9,32132.0
324228,2021-12-06,2352.75,2337.0,2410.0,2337.0,28987.0
324228,2021-12-10,2374.6,2385.25,2391.25,2354.85,3108.0
324228,2021-12-31,2531.85,2582.4,2582.4,2525.0,3333.0
324228,2022-01-13,2493.2,2525.0,2525.0,2474.0,6245.0
324228,2022-02-10,2446.9,2495.7,2529.0,2440.1,3639.0
324228,2022-02-17,2311.15,2364.75,2364.75,2283.0,3180.0
324228,2022-02-22,2373.2,2256.65,2406.95,2256.65,9569.0
324228,2022-03-25,2502.05,2502.0,2550.0,2496.0,3695.0
324228,2022-04-20,2717.2,2729.2,2740.0,2689.45,4673.0
324228,2022-06-09,2277.5,2265.65,2305.0,2250.0,1380.0
324228,2022-07-04,2175.15,2158.2,2188.95,2130.0,1826.0
324228,2022-08-04,2402.2,2390.0,2430.0,2359.95,15487.0
324228,2022-07-27,2219.75,2207.9,2229.6,2200.0,950.0
324228,2022-07-14,2287.75,2289.95,2306.3,2280.0,1155.0
324228,2022-08-02,2274.45,2259.15,2287.55,2250.0,798.0
324228,2022-07-20,2215.3,2220.0,2251.05,2200.0,4474.0
324228,2022-09-23,1966.2,2037.4,2045.25,1950.0,4744.0
324228,2022-10-24,2014.1,1994.0,2058.0,1994.0,803.0
324228,2022-11-09,1935.0,1998.6,1998.6,1927.1,7739.0
324228,2022-11-28,1927.85,1940.4,1950.15,1917.9,1298.0
324228,2023-01-10,1805.7,1809.5,1828.95,1800.0,3457.0
324228,2023-01-24,1800.45,1770.3,1816.65,1752.55,2582.0
324228,2023-02-01,1784.95,1877.15,1886.45,1754.95,3980.0
324228,2023-03-29,1567.2,1604.1,1626.2,1546.0,10246.0
324228,2023-04-28,1810.85,1790.1,1818.25,1778.05,1690.0
324228,2023-05-26,1656.9,1647.1,1672.05,1647.1,1309.0
324228,2023-07-12,1707.65,1717.95,1718.0,1704.05,1361.0
324228,2023-08-14,1711.15,1733.7,1755.95,1681.95,10596.0
324228,2022-07-29,2217.45,2227.35,2230.65,2207.3,2977.0
324228,2022-08-03,2338.6,2280.45,2389.0,2241.1,2109.0
324228,2022-08-19,2085.45,2085.0,2095.0,2069.95,4519.0
324228,2022-08-22,2060.3,2063.0,2090.0,2047.2,12678.0
324228,2022-09-06,2092.35,2100.05,2133.95,2050.0,4602.0
324228,2022-10-12,1979.2,1995.25,2001.0,1963.0,1840.0
324228,2022-11-02,1985.6,1965.05,2010.0,1963.55,2209.0
324228,2022-11-01,1962.1,1977.7,1998.45,1957.0,1498.0
324228,2022-11-29,1933.75,1947.85,1947.85,1920.0,1082.0
324228,2022-12-07,1859.4,1858.05,1881.65,1850.0,1938.0
324228,2022-11-30,1875.35,1933.8,1933.8,1868.0,9379.0
324228,2022-12-14,1847.95,1855.8,1865.0,1840.0,1298.0
324228,2022-12-08,1839.6,1867.4,1890.0,1825.0,2966.0
324228,2022-12-26,1880.4,1778.1,2015.0,1776.3,12512.0
324228,2022-12-13,1855.7,1832.45,1859.8,1825.0,3053.0
324228,2023-01-03,1792.8,1800.55,1810.0,1790.0,2696.0
324228,2022-12-15,1856.1,1847.9,1862.0,1840.0,1450.0
324228,2023-02-22,1771.1,1754.5,1784.75,1750.1,2716.0
324228,2022-12-22,1796.65,1830.5,1834.25,1790.0,2336.0
324228,2023-03-03,1744.35,1786.15,1789.0,1738.0,7695.0
324228,2023-01-04,1788.55,1792.35,1807.4,1784.95,1222.0
324228,2023-03-09,1736.95,1750.1,1761.35,1730.75,4249.0
324228,2023-03-15,1645.8,1616.35,1657.05,1602.0,6221.0
324228,2023-02-03,1823.9,1769.9,1844.95,1750.0,7359.0
324228,2023-02-21,1754.55,1759.9,1771.25,1750.0,2478.0
324228,2023-04-06,1763.1,1749.65,1800.0,1740.05,3567.0
324228,2023-02-24,1788.15,1733.65,1800.0,1733.65,3818.0
324228,2023-04-11,1670.8,1734.25,1734.25,1660.0,6515.0
324228,2023-03-27,1651.5,1653.45,1682.65,1645.1,5625.0
324228,2023-04-17,1795.65,1801.45,1818.4,1786.35,2239.0
324228,2023-04-24,1794.4,1774.9,1800.0,1774.9,732.0
324228,2023-04-18,1819.5,1797.7,1825.0,1795.0,7257.0
324228,2023-05-17,1723.7,1843.4,1850.0,1686.0,21894.0
324228,2023-05-10,1784.05,1782.3,1818.4,1772.0,3901.0
324228,2023-05-19,1739.8,1748.15,1748.15,1714.1,673.0
324228,2023-06-06,1647.2,1638.55,1660.05,1621.0,4756.0
324228,2023-06-02,1636.9,1651.85,1656.0,1629.0,2643.0
324228,2023-06-20,1639.75,1627.05,1650.7,1627.05,7891.0
324228,2023-06-15,1628.85,1637.65,1656.0,1620.05,9015.0
324228,2023-06-26,1699.35,1694.95,1708.25,1681.6,1062.0
324228,2023-07-19,1754.4,1712.75,1805.0,1700.0,10814.0
324228,2023-07-03,1701.2,1720.75,1735.0,1698.1,3662.0
324228,2023-07-24,1750.35,1755.2,1760.2,1744.3,2548.0
324228,2023-08-07,1706.75,1712.85,1729.5,1689.95,3609.0
324228,2022-08-23,2074.65,2052.0,2080.0,2038.6,4021.0
324228,2022-10-18,2002.75,1972.05,2024.0,1972.05,4303.0
324228,2022-10-31,1967.85,1976.55,1986.4,1958.95,1926.0
324228,2022-11-03,1995.55,1984.75,2019.0,1983.05,636.0
324228,2022-11-24,1945.4,1939.55,1963.9,1932.1,898.0
324228,2022-12-02,1858.85,1856.2,1874.95,1840.0,2054.0
324228,2022-12-30,1791.65,1807.35,1816.15,1786.0,2701.0
324228,2023-01-25,1794.4,1780.1,1825.0,1744.95,2200.0
324228,2023-02-06,1780.2,1833.05,1849.95,1775.1,3208.0
324228,2023-02-13,1791.85,1784.95,1800.0,1774.05,1077.0
324228,2023-02-23,1741.15,1765.05,1779.0,1716.05,6085.0
324228,2023-02-27,1783.15,1781.05,1800.0,1760.6,3863.0
324228,2023-03-31,1522.8,1570.0,1573.7,1500.05,9849.0
324228,2023-04-20,1790.2,1800.1,1804.0,1785.0,1880.0
324228,2023-04-27,1786.05,1803.55,1804.95,1770.05,1481.0
324228,2023-05-16,1834.25,1802.0,1874.0,1800.1,4782.0
324228,2023-05-22,1714.15,1734.4,1739.15,1705.0,715.0
324228,2023-07-28,1680.4,1687.0,1709.95,1679.05,3843.0
324228,2023-07-31,1706.85,1680.4,1719.5,1679.25,2613.0
324228,2023-08-10,1767.95,1809.1,1809.1,1758.1,8675.0
324228,2022-08-24,2100.3,2109.0,2160.6,2090.0,11039.0
324228,2022-09-05,2113.65,2106.75,2138.0,2050.0,6636.0
324228,2022-09-22,2035.05,2021.95,2054.3,2007.0,2334.0
324228,2022-11-15,1944.0,1968.35,1974.9,1929.95,2786.0
324228,2022-11-21,1898.7,1953.95,1959.95,1882.6,3815.0
324228,2023-01-09,1783.15,1786.1,1802.45,1780.5,1160.0
324228,2023-01-19,1767.4,1759.9,1775.0,1751.3,942.0
324228,2023-02-15,1793.9,1785.2,1805.15,1781.3,3682.0
324228,2023-03-22,1691.65,1712.1,1712.1,1685.0,12438.0
324228,2023-04-10,1726.15,1771.95,1776.2,1718.05,3926.0
324228,2023-05-12,1806.7,1776.05,1815.0,1776.05,2310.0
324228,2023-05-25,1663.75,1644.85,1685.0,1641.9,2528.0
324228,2023-06-27,1704.15,1690.0,1731.9,1688.7,3065.0
324228,2023-07-27,1704.1,1695.95,1709.0,1683.55,2343.0
324228,2023-08-18,1681.65,1693.25,1701.75,1675.0,4731.0
324228,2022-07-15,2224.25,2284.5,2290.0,2200.0,2171.0
324228,2022-09-07,2133.45,2120.0,2150.0,2060.0,3381.0
324228,2022-09-16,2085.9,2143.25,2149.95,2071.0,6174.0
324228,2022-10-17,1988.45,1972.6,2019.4,1968.7,1875.0
324228,2022-10-28,1976.55,1979.7,1995.0,1968.0,1357.0
324228,2023-04-19,1806.5,1819.5,1830.0,1796.7,3300.0
324228,2023-05-03,1793.35,1763.1,1799.95,1759.95,2213.0
324228,2023-06-21,1700.05,1640.1,1715.7,1637.05,23031.0
324228,2023-07-20,1759.85,1763.2,1779.95,1740.0,4987.0
324228,2023-07-21,1753.2,1751.0,1787.95,1750.0,5208.0
324228,2023-08-08,1770.5,1715.05,1939.95,1700.0,85513.0
324228,2023-08-22,1705.95,1721.9,1738.45,1691.05,4452.0
324228,2022-07-18,2264.4,2235.4,2288.85,2205.0,1678.0
324228,2022-07-26,2215.35,2216.0,2238.95,2201.1,675.0
324228,2022-08-01,2247.95,2228.4,2269.0,2223.45,1036.0
324228,2022-08-17,2116.6,2128.8,2139.4,2102.0,6347.0
324228,2022-09-12,2149.55,2121.55,2174.9,2101.0,8255.0
324228,2022-09-14,2140.05,2155.0,2155.95,2114.95,5176.0
324228,2023-02-10,1786.35,1780.55,1806.0,1770.0,2233.0
324228,2023-05-15,1822.55,1815.75,1829.95,1805.0,3459.0
324228,2023-05-31,1648.65,1664.95,1665.0,1634.5,5177.0
324228,2023-07-10,1726.6,1710.4,1733.95,1701.85,1344.0
324228,2022-07-25,2241.7,2216.85,2252.15,2200.25,2198.0
324228,2022-09-26,2229.75,2005.0,2275.0,2005.0,278499.0
324228,2022-10-03,1983.25,2016.25,2020.0,1976.0,2162.0
324228,2022-10-04,2016.85,1982.0,2046.95,1982.0,5400.0
324228,2022-10-06,2037.15,2026.95,2045.0,1993.75,4912.0
324228,2022-10-25,1993.75,2021.35,2024.35,1985.25,1413.0
324228,2022-11-23,1929.9,1897.85,1940.0,1897.85,1513.0
324228,2022-12-01,1847.0,1876.0,1884.7,1817.7,11586.0
324228,2022-12-05,1882.45,1868.1,1890.45,1852.6,2169.0
324228,2022-12-20,1816.9,1834.8,1844.9,1810.0,1965.0
324228,2022-12-21,1825.1,1822.4,1850.0,1810.0,1242.0
324228,2023-01-02,1799.3,1785.95,1800.65,1785.95,1247.0
324228,2023-02-16,1803.65,1795.2,1807.45,1786.3,4116.0
324228,2023-03-06,1763.2,1722.0,1790.0,1722.0,4275.0
324228,2023-03-14,1608.3,1633.0,1643.7,1600.0,8190.0
324228,2023-03-16,1641.15,1633.65,1650.0,1595.0,8611.0
324228,2023-03-23,1683.7,1680.1,1705.55,1652.5,5347.0
324228,2023-04-25,1775.35,1791.15,1802.05,1765.95,2045.0
324228,2023-06-30,1712.15,1740.0,1740.0,1698.0,1987.0
324228,2023-07-17,1717.75,1690.05,1734.0,1680.05,3340.0
324228,2023-07-25,1696.75,1751.3,1754.5,1666.55,6913.0
324228,2022-07-11,2338.9,2340.0,2342.0,2303.65,2320.0
324228,2022-07-22,2216.85,2230.05,2230.05,2200.0,956.0
324228,2022-10-19,2059.4,2011.15,2070.0,1994.95,4331.0
324228,2022-10-20,2023.35,2095.0,2095.0,2020.0,1606.0
324228,2022-12-16,1851.9,1854.05,1859.95,1847.1,924.0
324228,2022-07-12,2329.5,2350.6,2350.6,2310.0,1085.0
324228,2022-12-23,1775.1,1785.0,1833.9,1770.0,3480.0
324228,2022-09-13,2155.25,2168.0,2177.95,2128.45,2027.0
324228,2023-01-05,1793.25,1800.0,1801.35,1784.05,1060.0
324228,2022-09-20,2061.1,2098.0,2129.6,2047.5,5863.0
324228,2023-01-13,1773.95,1793.65,1806.2,1765.0,2384.0
324228,2022-11-14,1962.05,1939.85,1967.0,1935.4,1586.0
324228,2023-01-16,1750.55,1782.6,1782.6,1738.5,1989.0
324228,2022-12-09,1823.2,1839.6,1855.0,1820.0,2632.0
324228,2023-01-18,1763.85,1771.75,1780.0,1762.0,620.0
324228,2023-03-02,1778.4,1823.0,1823.0,1773.5,2379.0
324228,2023-01-27,1757.5,1793.7,1801.95,1735.1,1379.0
324228,2023-04-12,1732.55,1661.45,1750.0,1661.45,3992.0
324228,2023-02-02,1782.6,1782.6,1792.0,1749.95,1864.0
324228,2023-05-08,1769.45,1741.35,1798.5,1741.3,4181.0
324228,2023-02-07,1831.9,1780.25,1850.0,1772.6,5028.0
324228,2023-06-28,1736.5,1712.7,1763.85,1692.35,4704.0
324228,2023-03-08,1759.9,1745.0,1770.0,1741.35,3768.0
324228,2023-03-13,1633.55,1717.9,1717.9,1404.55,81280.0
324228,2023-03-24,1678.65,1676.35,1699.85,1664.1,2672.0
324228,2023-03-28,1633.45,1643.65,1652.05,1614.9,3390.0
324228,2023-06-01,1650.5,1648.65,1656.0,1633.0,3109.0
324228,2023-06-07,1627.0,1647.25,1647.25,1625.0,2298.0
324228,2023-06-22,1679.5,1708.6,1744.95,1662.1,10880.0
324228,2023-07-18,1704.2,1726.35,1726.55,1700.0,1085.0
324228,2023-08-04,1704.35,1740.1,1747.95,1699.0,3438.0
324228,2023-08-11,1733.7,1755.0,1799.9,1725.0,7792.0
324228,2023-08-23,1700.0,1730.8,1730.8,1689.95,2760.0
324228,2022-08-08,2404.1,2415.4,2431.6,2400.0,1698.0
324228,2022-07-21,2226.85,2240.0,2240.0,2209.75,1454.0
324228,2022-09-02,2106.75,2145.65,2148.0,2098.95,4114.0
324228,2022-10-27,1969.85,1995.7,2007.1,1966.75,1013.0
324228,2022-11-07,1988.65,1991.1,2031.0,1980.0,3231.0
324228,2022-12-28,1858.05,1812.25,1891.0,1794.55,8985.0
324228,2023-01-06,1783.8,1788.65,1800.0,1780.0,1030.0
324228,2023-01-30,1766.2,1761.0,1786.2,1761.0,731.0
324228,2023-02-09,1789.25,1771.95,1812.9,1770.0,10109.0
324228,2023-02-17,1792.95,1803.85,1811.95,1786.0,2263.0
324228,2023-03-10,1709.35,1723.85,1737.95,1680.55,8271.0
324228,2023-04-05,1763.65,1685.8,1807.95,1677.7,15290.0
324228,2023-04-21,1783.05,1772.95,1798.0,1772.95,2045.0
324228,2023-05-24,1637.9,1680.05,1696.35,1588.05,10310.0
324228,2023-06-05,1638.5,1642.7,1656.4,1630.7,1443.0
324228,2023-06-09,1629.7,1637.1,1680.75,1617.8,4023.0
324228,2023-07-06,1725.3,1730.45,1737.0,1701.25,2457.0
324228,2023-07-14,1684.85,1690.15,1707.85,1670.0,3512.0
324228,2023-08-09,1809.1,1791.0,1830.85,1775.0,25557.0
324228,2023-08-21,1716.35,1687.9,1742.7,1686.55,9127.0
324228,2022-07-28,2219.55,2229.95,2235.0,2203.25,840.0
324228,2022-08-12,2250.55,2270.9,2271.75,2225.0,2277.0
324228,2022-09-01,2142.25,2122.9,2148.0,2100.0,2479.0
324228,2022-09-08,2131.7,2144.15,2164.9,2100.0,1801.0
324228,2022-10-07,2015.05,2018.25,2030.0,2005.0,1749.0
324228,2022-10-13,1962.75,1966.1,1997.9,1938.95,2355.0
324228,2022-10-14,1987.2,1972.6,1990.0,1972.6,1969.0
324228,2022-11-10,1934.0,1944.0,1944.0,1930.1,1976.0
324228,2022-12-06,1864.4,1882.6,1889.95,1859.0,2406.0
324228,2022-12-12,1823.3,1828.3,1842.45,1813.2,1589.0
324228,2022-12-19,1841.3,1843.3,1870.1,1820.05,2151.0
324228,2022-12-29,1798.35,1858.05,1881.0,1788.05,8037.0
324228,2023-02-20,1755.85,1791.15,1829.9,1745.0,8308.0
324228,2023-05-23,1687.9,1718.5,1739.1,1680.0,1568.0
324228,2023-08-01,1745.15,1712.7,1755.0,1705.1,4564.0
324228,2023-08-16,1706.95,1711.15,1724.8,1692.85,5220.0
324228,2022-10-11,1985.3,1995.85,2003.85,1975.0,1769.0
324228,2022-11-11,1939.75,1943.7,1949.6,1929.95,2234.0
324228,2022-11-17,1938.05,1940.3,1946.95,1933.65,582.0
324228,2022-11-18,1951.65,1934.9,1958.0,1934.9,750.0
324228,2022-11-25,1940.4,1955.15,1964.95,1928.15,1285.0
324228,2023-01-17,1762.9,1740.15,1775.0,1719.05,1489.0
324228,2023-05-04,1774.1,1840.0,1840.0,1756.7,2832.0
324228,2023-06-08,1628.95,1631.35,1639.4,1624.8,869.0
324228,2023-06-23,1673.15,1679.5,1680.05,1650.0,2910.0
324228,2023-07-05,1730.45,1720.05,1739.0,1708.05,1575.0
324228,2023-07-13,1690.15,1707.65,1717.4,1685.0,2533.0
324228,2023-07-26,1700.9,1696.75,1730.05,1691.05,2633.0
324228,2022-07-19,2218.85,2262.3,2262.3,2208.3,3735.0
324228,2022-08-11,2282.2,2265.25,2310.0,2225.1,4565.0
324228,2022-09-09,2110.95,2136.75,2152.95,2106.0,2227.0
324228,2022-09-15,2144.2,2135.05,2148.95,2118.25,3995.0
324228,2022-09-30,2011.6,2006.65,2035.0,1971.7,5225.0
324228,2022-10-21,1992.65,2032.4,2032.4,1990.0,1140.0
324228,2022-11-16,1940.25,1953.05,1953.05,1932.1,835.0
324228,2022-12-27,1803.2,1899.15,1904.0,1792.1,7478.0
324228,2023-01-23,1779.45,1808.5,1808.5,1776.0,756.0
324228,2023-02-28,1767.8,1783.85,1789.95,1753.7,1982.0
324228,2023-03-01,1806.4,1785.45,1809.0,1765.65,3540.0
324228,2023-03-20,1677.9,1725.6,1725.65,1661.3,4979.0
324228,2023-05-02,1793.05,1828.0,1828.0,1785.15,3615.0
324228,2023-06-14,1640.85,1617.25,1650.0,1613.1,7088.0
324228,2023-08-17,1693.25,1706.95,1710.0,1688.0,3989.0
324228,2022-07-13,2294.8,2313.6,2336.0,2282.25,785.0
324228,2022-08-05,2403.35,2414.25,2450.0,2400.0,2880.0
324228,2022-08-16,2114.2,2225.95,2225.95,2104.85,21215.0
324228,2022-08-30,2130.5,2105.6,2142.0,2102.05,3866.0
324228,2022-09-19,2088.15,2087.45,2096.35,2065.0,1963.0
324228,2022-09-21,2012.1,2071.45,2108.6,1997.0,5231.0
324228,2022-09-27,2040.55,2195.25,2219.95,2030.0,42051.0
324228,2022-09-29,2002.75,2024.0,2057.45,2000.0,4831.0
324228,2022-10-10,1985.95,2016.05,2016.05,1981.0,2974.0
324228,2023-01-11,1818.5,1828.0,1830.0,1798.05,1630.0
324228,2023-01-20,1802.65,1762.6,1850.0,1734.0,2848.0
324228,2023-03-17,1717.05,1633.85,1725.0,1630.15,4474.0
324228,2023-04-13,1814.35,1761.45,1829.95,1746.35,10673.0
324228,2023-04-26,1794.55,1772.6,1800.0,1772.6,1020.0
324228,2023-05-05,1773.2,1777.4,1785.9,1772.0,950.0
324228,2023-05-09,1782.3,1751.0,1795.0,1751.0,2716.0
324228,2023-05-11,1797.3,1781.15,1806.05,1780.65,7044.0
324228,2023-05-30,1648.5,1650.0,1651.0,1629.9,2563.0
324228,2023-07-04,1728.6,1740.0,1740.0,1705.35,1086.0
324228,2023-07-07,1701.85,1725.3,1738.0,1693.05,7582.0
324228,2023-08-03,1735.1,1738.4,1761.0,1714.15,3550.0
324228,2022-08-10,2252.65,2305.5,2405.0,2225.0,30034.0
324228,2022-08-18,2077.9,2112.0,2119.95,2071.0,6993.0
324228,2022-08-25,2122.55,2123.45,2150.15,2120.0,5855.0
324228,2022-08-26,2127.45,2133.15,2157.4,2120.0,4512.0
324228,2022-08-29,2095.15,2114.95,2120.3,2072.55,3140.0
324228,2022-09-28,2021.65,2007.0,2048.0,2003.15,7859.0
324228,2022-11-04,1981.45,2005.5,2034.95,1926.0,9813.0
324228,2022-11-22,1890.6,1881.0,1930.0,1880.0,3179.0
324228,2023-01-12,1807.15,1812.2,1815.95,1802.0,347.0
324228,2023-01-31,1867.8,1775.0,1925.0,1670.0,30343.0
324228,2023-02-08,1783.2,1827.4,1840.0,1768.6,4922.0
324228,2023-02-14,1793.75,1773.65,1800.0,1768.0,3041.0
324228,2023-03-21,1703.55,1678.65,1721.15,1678.0,2061.0
324228,2023-04-03,1677.4,1515.35,1713.95,1515.35,13778.0
324228,2023-05-18,1739.45,1721.2,1749.0,1700.05,3962.0
324228,2023-05-29,1646.65,1657.0,1661.5,1640.05,1016.0
324228,2023-06-12,1634.2,1631.05,1651.95,1628.05,1827.0
324228,2023-06-13,1617.25,1630.0,1635.65,1610.0,2490.0
324228,2023-06-16,1636.9,1636.1,1651.9,1629.5,4186.0
324228,2023-06-19,1634.5,1645.1,1663.05,1618.0,4512.0
324228,2023-07-11,1723.4,1731.8,1737.4,1720.0,887.0
324228,2023-08-02,1732.15,1753.9,1775.1,1705.05,5660.0
