stockid,date,close,open,high,low,volume
889867,2021-02-15,1838.35,1855.0,1878.7,1811.0,77860.0
889867,2021-03-01,1810.45,1820.0,1841.5,1800.5,5872.0
889867,2021-04-06,1986.25,1985.0,2003.4,1970.0,10293.0
889867,2021-05-05,1987.35,2048.0,2109.8,1966.15,50588.0
889867,2021-05-18,2155.15,2204.5,2204.5,2145.6,11124.0
889867,2021-06-16,2208.4,2243.75,2249.95,2201.0,12504.0
889867,2021-06-25,2174.85,2206.1,2206.1,2167.25,12289.0
889867,2021-08-03,2961.4,2667.95,3180.0,2634.05,140333.0
889867,2021-08-06,2922.4,2887.0,2989.0,2860.8,43855.0
889867,2021-09-24,2864.2,2880.0,2880.0,2848.25,5474.0
889867,2021-09-27,2872.35,2899.0,2940.0,2851.6,9590.0
889867,2021-11-01,2375.0,2385.55,2440.0,2315.5,39044.0
889867,2022-01-05,2463.25,2451.0,2484.75,2426.4,2428.0
889867,2022-01-06,2457.5,2463.25,2476.0,2433.2,8108.0
889867,2022-02-01,2378.0,2426.45,2430.05,2342.1,3489.0
889867,2022-02-02,2434.95,2355.45,2588.2,2355.45,5534.0
889867,2022-02-07,2319.4,2325.05,2347.1,2291.0,2285.0
889867,2022-03-30,2055.75,2158.85,2182.7,2032.05,10430.0
889867,2022-04-06,2250.55,2240.0,2265.0,2227.3,3314.0
889867,2022-05-30,1949.25,1928.4,1962.9,1851.25,3559.0
889867,2022-06-29,1906.85,1890.0,1929.45,1868.0,4938.0
889867,2022-08-05,2185.2,2230.95,2242.75,2168.15,5032.0
889867,2021-01-13,1491.2,1493.0,1522.75,1471.3,14119.0
889867,2021-01-18,1441.1,1475.1,1492.95,1438.8,8775.0
889867,2021-01-28,1481.95,1460.0,1493.2,1445.0,6818.0
889867,2021-02-26,1815.55,1838.0,1867.0,1806.0,8118.0
889867,2021-04-07,2012.8,1996.7,2025.0,1974.1,15167.0
889867,2021-04-09,1972.4,2006.0,2006.0,1950.0,11968.0
889867,2021-04-19,1897.55,1912.4,1916.0,1813.85,11419.0
889867,2021-05-07,2028.65,2044.0,2047.35,1975.0,12391.0
889867,2021-06-01,2216.0,2250.0,2271.0,2205.0,16001.0
889867,2021-06-22,2234.55,2257.0,2271.0,2223.0,10884.0
889867,2021-06-24,2206.1,2183.2,2235.4,2181.0,8097.0
889867,2021-07-19,2500.8,2500.0,2537.9,2500.0,8697.0
889867,2021-07-22,2527.75,2497.8,2550.0,2472.8,13929.0
889867,2021-07-23,2510.1,2546.0,2547.75,2502.05,7299.0
889867,2021-09-07,2805.2,2805.0,2824.45,2766.95,6593.0
889867,2021-09-17,2903.6,2875.0,2944.0,2830.05,20726.0
889867,2021-09-29,2818.1,2844.0,2875.0,2735.1,11966.0
889867,2021-10-28,2443.1,2518.65,2518.65,2425.0,7976.0
889867,2021-11-26,2379.55,2398.7,2409.9,2301.0,16431.0
889867,2021-12-21,2364.4,2385.0,2397.2,2312.15,2179.0
889867,2022-02-03,2366.1,2447.15,2451.9,2351.05,2801.0
889867,2022-02-11,2246.95,2328.0,2334.0,2231.15,4236.0
889867,2022-04-26,2049.05,2086.7,2094.0,2042.95,14503.0
889867,2022-05-04,1974.5,2013.1,2050.1,1956.05,3108.0
889867,2022-06-10,1926.3,1905.8,1940.0,1892.15,1760.0
889867,2022-07-29,1982.75,1962.4,2120.3,1940.0,14251.0
889867,2022-08-03,2247.0,2213.0,2270.0,2190.0,12631.0
889867,2021-01-05,1531.6,1510.0,1595.85,1505.3,55106.0
889867,2021-01-15,1473.25,1495.0,1495.0,1468.0,8870.0
889867,2021-01-27,1467.4,1460.0,1567.2,1450.0,64865.0
889867,2021-02-25,1875.9,1860.0,1898.0,1830.0,12290.0
889867,2021-03-30,1970.85,1940.7,1990.0,1921.1,20691.0
889867,2021-04-22,1906.7,1907.0,1907.85,1884.2,3438.0
889867,2021-04-26,1894.35,1899.95,1924.65,1865.6,7825.0
889867,2021-08-25,2707.25,2649.7,2728.0,2627.0,17400.0
889867,2021-09-09,2814.6,2849.95,2849.95,2805.0,4995.0
889867,2021-10-06,2720.7,2749.95,2769.95,2700.8,8519.0
889867,2022-01-11,2582.3,2470.0,2698.0,2470.0,96654.0
889867,2022-02-08,2291.25,2310.0,2326.0,2256.25,2703.0
889867,2022-02-25,2073.7,2082.8,2185.9,2055.1,4573.0
889867,2022-03-08,1948.85,1912.0,1967.7,1890.15,3340.0
889867,2022-04-08,2250.25,2232.75,2261.0,2220.05,1918.0
889867,2022-04-13,2218.5,2204.0,2226.55,2181.2,2671.0
889867,2022-04-20,2053.8,2163.15,2168.05,1991.0,49709.0
889867,2022-05-06,1975.65,1955.9,1990.25,1919.1,2978.0
889867,2022-06-09,1898.4,1900.05,1924.0,1884.0,1812.0
889867,2022-07-25,1946.95,1927.95,1951.0,1918.0,2194.0
889867,2022-07-27,1960.6,1918.65,1970.0,1918.05,2682.0
889867,2021-02-05,1566.85,1540.0,1590.0,1540.0,41587.0
889867,2021-03-23,1983.55,1996.7,2024.0,1960.0,23824.0
889867,2021-03-24,1980.05,1965.5,2005.0,1960.25,25242.0
889867,2021-04-15,1918.2,1861.0,1935.0,1849.55,19909.0
889867,2021-05-10,2105.3,1987.0,2150.0,1987.0,30041.0
889867,2021-05-14,2103.55,2110.0,2138.95,2090.0,12189.0
889867,2021-05-21,2193.75,2143.5,2245.0,2132.2,36624.0
889867,2021-05-31,2225.15,2219.9,2250.0,2194.0,12557.0
889867,2021-06-11,2276.45,2324.0,2333.0,2272.0,15855.0
889867,2021-06-14,2248.95,2299.55,2299.55,2241.0,17836.0
889867,2021-07-07,2333.3,2335.0,2348.95,2270.15,21293.0
889867,2021-07-08,2330.25,2340.0,2352.95,2326.0,15551.0
889867,2021-08-09,2782.65,2932.9,2951.85,2720.35,36672.0
889867,2021-08-24,2649.95,2591.0,2674.75,2579.4,11191.0
889867,2021-08-27,2757.55,2744.9,2780.2,2702.25,9022.0
889867,2021-09-01,2754.25,2769.4,2775.0,2723.3,6698.0
889867,2021-09-14,2757.85,2797.7,2805.65,2731.4,8437.0
889867,2021-09-30,2833.4,2824.95,2848.45,2800.0,3938.0
889867,2021-12-06,2277.7,2317.85,2354.0,2270.5,3917.0
889867,2021-12-07,2301.85,2263.0,2309.95,2263.0,5054.0
889867,2021-12-23,2380.35,2380.0,2403.25,2352.5,2176.0
889867,2022-01-13,2636.7,2560.15,2660.0,2516.05,12342.0
889867,2022-01-20,2447.55,2485.8,2518.35,2441.4,3342.0
889867,2022-02-18,2206.95,2227.9,2313.85,2181.0,3926.0
889867,2022-03-02,2026.35,2047.0,2047.0,2017.1,2182.0
889867,2022-03-24,2143.85,2175.0,2186.2,2134.2,2234.0
889867,2022-04-19,2152.35,2189.95,2206.6,2111.25,3901.0
889867,2022-04-28,2026.0,2030.4,2050.65,2003.8,5730.0
889867,2022-05-09,1964.3,2009.9,2024.15,1922.75,6123.0
889867,2022-06-08,1910.8,1917.1,1948.75,1900.0,1295.0
889867,2022-06-17,1710.0,1783.55,1788.4,1700.0,3635.0
889867,2022-07-13,1963.95,2008.2,2017.2,1955.1,1177.0
889867,2022-07-22,1918.4,1923.65,1942.4,1909.0,2385.0
889867,2021-01-06,1526.6,1548.0,1554.95,1520.6,17398.0
889867,2021-01-08,1511.05,1525.8,1545.05,1501.0,12055.0
889867,2021-01-21,1482.8,1500.0,1514.35,1470.05,8217.0
889867,2021-02-03,1524.0,1526.9,1543.8,1514.85,8970.0
889867,2021-02-08,1678.6,1591.8,1697.35,1566.85,89876.0
889867,2021-02-09,1731.2,1709.45,1774.4,1637.0,145735.0
889867,2021-02-24,1840.0,1822.3,1869.55,1807.85,7411.0
889867,2021-04-13,1886.5,1860.95,1896.45,1843.55,15314.0
889867,2021-05-25,2193.85,2210.65,2223.85,2165.0,13913.0
889867,2021-06-09,2276.0,2340.0,2340.0,2270.7,18958.0
889867,2021-06-10,2301.45,2293.0,2315.0,2262.6,21830.0
889867,2021-06-29,2191.55,2251.0,2251.0,2178.0,14871.0
889867,2021-08-18,2654.6,2651.45,2720.0,2605.1,16588.0
889867,2021-08-26,2734.6,2707.35,2788.0,2675.45,20038.0
889867,2021-09-16,2870.05,2944.0,2987.95,2830.35,20918.0
889867,2021-10-01,2753.2,2847.6,2848.9,2731.0,28398.0
889867,2021-10-04,2734.0,2773.8,2779.9,2707.45,12002.0
889867,2021-10-07,2706.05,2725.5,2765.0,2671.4,11870.0
889867,2021-10-19,2647.5,2698.0,2719.95,2640.0,10238.0
889867,2021-10-20,2610.05,2656.1,2665.65,2570.0,6029.0
889867,2021-10-25,2501.05,2470.15,2743.0,2456.05,10710.0
889867,2021-11-30,2370.45,2313.45,2388.6,2313.45,4496.0
889867,2021-12-08,2322.9,2313.4,2359.0,2288.2,6473.0
889867,2021-12-29,2430.55,2439.85,2439.85,2404.9,1773.0
889867,2021-12-31,2436.65,2436.05,2472.35,2406.25,2685.0
889867,2022-01-10,2486.4,2461.5,2509.75,2434.95,5467.0
889867,2022-01-17,2619.7,2667.95,2696.35,2580.7,7554.0
889867,2022-02-22,2139.7,2169.0,2190.15,2112.9,2813.0
889867,2022-03-03,2031.6,2036.5,2053.5,1988.0,36292.0
889867,2022-03-09,1997.65,1958.6,2036.65,1921.1,5973.0
889867,2022-04-12,2215.45,2259.95,2262.35,2161.65,7215.0
889867,2022-06-01,1968.95,1940.0,1997.95,1940.0,3044.0
889867,2022-06-02,1996.35,1970.0,2054.0,1968.95,6525.0
889867,2022-07-19,1936.9,1949.95,1967.75,1920.0,1882.0
889867,2022-07-20,1929.3,1948.0,1970.0,1925.85,2682.0
889867,2021-01-20,1487.4,1472.6,1504.0,1470.25,12499.0
889867,2021-01-25,1464.35,1477.8,1484.0,1424.95,7696.0
889867,2021-01-29,1491.55,1489.2,1515.1,1472.3,15201.0
889867,2021-02-02,1525.05,1492.0,1536.95,1492.0,15344.0
889867,2021-04-28,1962.15,1923.4,1974.0,1923.4,13613.0
889867,2021-05-03,1961.35,1882.5,2020.0,1882.5,25115.0
889867,2021-05-17,2186.2,2121.7,2198.5,2102.25,37461.0
889867,2021-06-17,2231.95,2199.95,2245.0,2170.25,36010.0
889867,2021-06-23,2211.65,2245.5,2245.5,2202.0,8280.0
889867,2021-06-30,2224.3,2182.9,2255.0,2177.45,7558.0
889867,2021-08-05,2912.9,2935.0,2999.0,2879.95,31269.0
889867,2021-09-22,2844.85,2825.0,2909.0,2814.85,7185.0
889867,2021-10-05,2734.7,2746.95,2765.0,2724.15,10974.0
889867,2021-10-08,2702.95,2700.0,2723.95,2698.45,6607.0
889867,2021-10-11,2676.25,2707.0,2725.0,2630.0,17063.0
889867,2021-11-09,2456.95,2386.0,2490.0,2369.3,17786.0
889867,2021-12-15,2483.25,2514.0,2535.0,2451.35,4956.0
889867,2022-02-14,2219.7,2225.0,2248.85,2160.4,3898.0
889867,2022-04-07,2233.1,2259.4,2274.9,2230.0,2489.0
889867,2022-05-10,1921.0,1974.1,1977.7,1915.1,2693.0
889867,2022-05-16,1882.0,1898.9,1941.35,1852.55,2852.0
889867,2022-06-15,1816.6,1805.15,1837.4,1805.15,1344.0
889867,2022-06-23,1704.0,1715.2,1721.35,1692.95,5093.0
889867,2022-07-28,1954.35,1946.5,1979.0,1946.5,1269.0
889867,2021-01-19,1472.5,1455.0,1483.9,1452.05,5625.0
889867,2021-02-01,1501.8,1494.0,1510.3,1470.05,10118.0
889867,2021-02-04,1532.6,1525.0,1568.7,1517.95,13050.0
889867,2021-03-19,1948.6,1880.0,1975.0,1800.0,28840.0
889867,2021-03-25,1927.0,1980.0,1986.2,1902.05,18818.0
889867,2021-04-27,1923.4,1897.5,1959.95,1875.0,15153.0
889867,2021-04-29,1949.7,1975.0,1990.0,1934.35,12041.0
889867,2021-05-24,2210.65,2193.0,2249.0,2190.0,19626.0
889867,2021-07-01,2244.6,2231.0,2313.65,2201.0,31375.0
889867,2021-07-09,2333.05,2326.35,2344.15,2308.6,11085.0
889867,2021-07-16,2523.3,2535.0,2538.0,2492.05,13849.0
889867,2021-08-20,2644.8,2639.9,2678.3,2600.0,10149.0
889867,2021-10-22,2518.05,2546.0,2591.5,2481.8,5915.0
889867,2021-10-27,2524.2,2500.0,2736.9,2487.45,54925.0
889867,2021-11-10,2422.45,2457.0,2457.0,2410.1,3163.0
889867,2021-11-15,2362.15,2388.65,2405.45,2350.0,3946.0
889867,2021-11-24,2258.65,2283.2,2296.0,2250.0,2099.0
889867,2021-11-25,2403.85,2250.0,2430.0,2250.0,37991.0
889867,2021-12-22,2380.15,2355.65,2399.0,2334.45,3208.0
889867,2021-12-28,2427.7,2405.7,2443.45,2404.9,2656.0
889867,2022-02-23,2137.35,2143.35,2178.0,2130.05,2044.0
889867,2022-04-29,2028.75,2045.0,2055.0,2025.0,3371.0
889867,2022-05-02,2010.8,2025.0,2025.0,1990.0,2325.0
889867,2022-05-05,1955.3,1984.4,2011.45,1940.0,2889.0
889867,2022-05-18,1902.4,1900.0,1931.85,1900.0,1520.0
889867,2022-05-23,2091.65,2100.0,2300.0,2000.6,127741.0
889867,2022-05-26,1906.25,1897.95,1939.25,1845.0,5042.0
889867,2022-06-07,1927.15,1910.0,1957.45,1881.85,2681.0
889867,2021-03-03,1880.95,1840.0,1950.0,1835.0,80155.0
889867,2021-03-08,1821.75,1817.0,1845.7,1805.0,9046.0
889867,2021-04-08,1989.2,2045.0,2045.0,1980.0,18593.0
889867,2021-04-30,1920.5,1960.45,1974.0,1899.95,6053.0
889867,2021-05-12,2110.5,2165.0,2185.0,2080.0,32153.0
889867,2021-06-08,2324.9,2354.9,2354.9,2280.0,49767.0
889867,2021-06-15,2232.55,2269.5,2270.0,2220.0,17659.0
889867,2021-07-02,2272.45,2254.45,2287.0,2220.2,22278.0
889867,2021-07-28,2590.25,2542.0,2649.0,2471.0,21638.0
889867,2021-08-04,2966.25,2940.05,3060.0,2852.65,116899.0
889867,2021-08-30,2751.4,2775.9,2810.0,2715.2,16902.0
889867,2021-09-21,2812.3,2835.8,2845.8,2802.0,10452.0
889867,2021-11-18,2315.35,2330.3,2350.55,2310.0,3667.0
889867,2021-11-22,2265.65,2315.15,2325.5,2250.0,7922.0
889867,2021-12-01,2291.95,2362.0,2388.2,2280.0,3747.0
889867,2021-12-13,2504.0,2475.0,2529.0,2475.0,6626.0
889867,2021-12-17,2450.45,2462.8,2472.7,2394.05,4063.0
889867,2022-02-15,2306.55,2222.3,2394.7,2186.25,4295.0
889867,2022-03-07,1904.5,2003.0,2003.0,1880.3,3847.0
889867,2022-03-10,2082.4,2025.0,2090.0,2025.0,3951.0
889867,2022-03-28,2139.85,2165.0,2175.95,2122.5,2975.0
889867,2022-03-29,2158.3,2139.85,2214.4,2086.3,7363.0
889867,2022-04-01,2091.55,2047.0,2118.75,2035.85,3305.0
889867,2022-06-03,1940.95,2001.0,2029.9,1928.0,3011.0
889867,2022-06-13,1871.2,1925.4,1925.4,1842.0,3982.0
889867,2022-06-24,1716.3,1702.8,1735.95,1702.8,1074.0
889867,2022-07-01,1971.1,1931.35,2171.5,1901.35,6181.0
889867,2022-07-08,2043.4,2019.05,2074.5,2002.4,5966.0
889867,2021-01-01,1505.05,1482.0,1537.0,1482.0,24336.0
889867,2021-01-22,1470.4,1478.8,1490.0,1444.35,9342.0
889867,2021-02-19,1813.45,1862.0,1881.1,1801.45,17931.0
889867,2021-02-22,1783.7,1813.45,1819.9,1755.0,15170.0
889867,2021-03-12,1862.45,1864.8,1889.4,1806.05,17113.0
889867,2021-04-01,1951.8,1961.0,1977.0,1937.0,8969.0
889867,2021-04-12,1869.8,1950.0,1950.0,1830.55,31353.0
889867,2021-05-27,2197.25,2224.0,2224.0,2190.1,8954.0
889867,2021-07-13,2464.1,2354.4,2541.55,2340.0,125320.0
889867,2021-08-23,2582.95,2666.0,2680.0,2552.55,16423.0
889867,2021-09-23,2860.8,2855.0,2885.75,2845.0,7370.0
889867,2021-12-02,2325.85,2291.95,2340.0,2288.2,2048.0
889867,2021-12-30,2436.05,2404.9,2448.95,2404.9,1736.0
889867,2022-03-23,2172.65,2178.0,2229.0,2160.0,2986.0
889867,2022-06-06,1910.0,1949.9,1949.9,1905.0,1154.0
889867,2021-01-14,1488.9,1498.0,1514.95,1476.55,10705.0
889867,2021-03-02,1832.2,1803.3,1859.2,1803.3,8709.0
889867,2021-03-16,1844.25,1870.0,1878.0,1836.55,32008.0
889867,2021-03-17,1893.2,1878.0,1933.95,1862.75,65110.0
889867,2021-06-03,2486.35,2490.0,2606.5,2431.05,305245.0
889867,2021-07-15,2517.2,2500.7,2538.0,2480.0,15937.0
889867,2021-08-02,2672.75,2612.0,2700.0,2604.4,15551.0
889867,2021-09-08,2852.9,2819.25,2887.95,2795.0,10410.0
889867,2021-10-26,2482.8,2510.0,2518.15,2424.0,7853.0
889867,2021-10-29,2374.05,2455.35,2455.35,2358.0,9439.0
889867,2021-12-16,2474.0,2493.8,2495.7,2460.25,2260.0
889867,2022-01-21,2373.2,2459.8,2459.8,2314.8,7717.0
889867,2022-01-27,2311.35,2300.0,2320.0,2270.15,2588.0
889867,2022-02-21,2169.1,2170.0,2206.0,2155.25,2917.0
889867,2022-02-24,2101.1,2125.0,2130.0,2050.0,5928.0
889867,2022-03-14,2085.15,2105.4,2121.5,2062.8,2661.0
889867,2022-04-21,2075.3,2107.0,2107.0,2041.5,5878.0
889867,2022-05-17,1888.7,1883.05,1897.4,1851.0,2464.0
889867,2022-07-04,1968.5,1950.05,2044.0,1950.05,7238.0
889867,2022-07-18,1940.2,1882.6,2045.95,1882.6,20210.0
889867,2021-02-12,1879.8,1720.0,1988.5,1700.0,603442.0
889867,2021-03-05,1820.7,1870.0,1890.0,1780.0,15787.0
889867,2021-05-19,2135.3,2155.0,2186.95,2125.0,6877.0
889867,2021-05-28,2192.65,2200.5,2230.0,2185.0,12210.0
889867,2021-06-21,2233.4,2219.95,2254.95,2151.0,12102.0
889867,2021-07-27,2527.8,2610.0,2672.0,2470.6,23636.0
889867,2021-10-12,2680.5,2676.25,2697.95,2663.15,4764.0
889867,2021-11-03,2386.85,2416.95,2435.0,2375.0,3300.0
889867,2021-11-17,2350.55,2385.0,2388.4,2285.0,17279.0
889867,2021-11-23,2271.8,2231.1,2292.65,2222.0,7199.0
889867,2021-12-24,2407.45,2382.0,2428.6,2360.0,3721.0
889867,2022-02-28,2046.9,2084.1,2095.95,2038.45,2419.0
889867,2022-03-04,2002.55,2010.0,2047.9,1992.05,15692.0
889867,2022-03-25,2159.45,2143.85,2169.85,2116.85,3991.0
889867,2022-05-12,1900.85,1928.25,1928.25,1859.25,6407.0
889867,2022-05-13,1889.45,1895.05,1946.95,1870.85,1691.0
889867,2022-05-19,1899.15,1899.9,1919.0,1861.15,1415.0
889867,2022-05-24,1997.6,1991.0,2034.0,1912.1,50873.0
889867,2022-06-14,1805.15,1864.95,1864.95,1800.0,5732.0
889867,2022-07-11,2029.7,2053.65,2060.0,2001.0,4303.0
889867,2022-07-12,1998.25,2039.5,2040.1,1980.0,1564.0
889867,2022-07-26,1939.05,1948.8,1952.55,1934.5,1451.0
889867,2021-01-07,1518.3,1530.15,1539.85,1502.0,12691.0
889867,2021-02-11,1716.85,1740.0,1758.8,1707.0,24178.0
889867,2021-03-10,1835.2,1845.0,1858.25,1817.6,5749.0
889867,2021-03-31,1950.75,1979.0,1979.9,1930.05,11930.0
889867,2021-04-20,1907.85,1905.0,1923.75,1881.0,8183.0
889867,2021-05-06,2037.35,2001.15,2089.5,1975.0,40565.0
889867,2021-06-02,2443.75,2216.0,2470.0,2216.0,246486.0
889867,2021-06-04,2345.2,2400.0,2400.0,2326.3,208304.0
889867,2021-06-28,2213.95,2177.0,2250.0,2158.9,11825.0
889867,2021-07-12,2345.75,2330.0,2365.0,2312.45,15175.0
889867,2021-07-14,2507.5,2474.0,2545.0,2431.5,32814.0
889867,2021-08-13,2605.95,2608.0,2629.9,2580.0,13669.0
889867,2021-08-17,2630.25,2644.0,2725.0,2601.0,46119.0
889867,2021-08-31,2770.7,2745.0,2804.0,2730.05,11722.0
889867,2021-09-20,2835.8,2903.6,2903.6,2810.0,6603.0
889867,2021-11-16,2380.7,2379.75,2421.0,2370.05,6016.0
889867,2021-12-10,2473.05,2410.0,2544.95,2382.2,14290.0
889867,2021-12-14,2514.0,2471.0,2530.0,2457.65,5339.0
889867,2022-01-28,2356.85,2322.95,2425.0,2320.0,6171.0
889867,2022-01-31,2414.35,2368.65,2440.0,2356.9,3670.0
889867,2022-02-04,2351.8,2377.95,2384.9,2341.2,1432.0
889867,2022-02-16,2269.45,2295.0,2314.1,2254.6,2872.0
889867,2022-03-17,2234.1,2193.5,2248.0,2170.1,17488.0
889867,2022-03-22,2183.05,2228.55,2228.7,2153.5,7204.0
889867,2022-04-18,2185.85,2196.0,2231.75,2139.8,2451.0
889867,2022-04-22,2064.65,2085.7,2137.95,2035.0,11847.0
889867,2022-04-25,2067.05,2067.0,2089.85,2032.1,9173.0
889867,2022-05-31,1952.2,1955.0,1968.1,1902.2,3153.0
889867,2021-01-11,1511.1,1517.0,1600.0,1501.0,10984.0
889867,2021-02-17,1826.75,1795.0,1898.6,1787.3,42278.0
889867,2021-02-18,1861.05,1816.75,1898.55,1816.75,33336.0
889867,2021-04-23,1890.5,1906.7,1925.85,1875.05,8554.0
889867,2021-06-18,2223.75,2232.0,2250.0,2170.5,13690.0
889867,2021-07-05,2299.0,2296.0,2330.0,2275.1,36833.0
889867,2021-08-16,2634.6,2586.05,2675.0,2586.05,20221.0
889867,2021-09-28,2831.45,2877.95,2877.95,2822.0,6044.0
889867,2021-10-13,2661.25,2656.0,2690.0,2650.0,29140.0
889867,2021-10-21,2578.6,2593.0,2622.9,2513.8,7681.0
889867,2021-11-02,2417.2,2386.9,2430.0,2386.9,6341.0
889867,2021-11-04,2395.35,2405.0,2419.0,2359.2,1425.0
889867,2021-11-08,2382.9,2443.3,2443.3,2340.1,10869.0
889867,2021-11-29,2313.5,2352.0,2371.4,2270.1,4838.0
889867,2022-01-24,2315.85,2385.1,2385.1,2280.1,6865.0
889867,2022-03-16,2148.85,2166.7,2166.7,2140.05,4622.0
889867,2022-04-04,2209.55,2099.9,2229.0,2077.75,8428.0
889867,2022-04-27,2020.25,2049.0,2049.0,1990.0,6340.0
889867,2022-05-11,1928.25,1922.35,1939.25,1882.2,3754.0
889867,2022-06-20,1767.05,1718.55,1788.0,1711.0,3283.0
889867,2022-06-21,1744.9,1767.1,1825.55,1725.5,8092.0
889867,2022-06-22,1706.65,1753.65,1753.65,1699.0,4249.0
889867,2022-07-14,1935.0,1973.8,1973.8,1926.85,1413.0
889867,2022-07-15,1882.6,1933.4,1934.4,1870.2,4042.0
889867,2022-08-01,2166.6,2072.0,2268.6,2072.0,101920.0
889867,2021-01-12,1492.4,1515.0,1563.4,1480.0,23891.0
889867,2021-05-20,2143.7,2166.8,2166.8,2125.15,6034.0
889867,2021-06-07,2332.85,2345.2,2379.0,2300.0,77012.0
889867,2021-08-10,2659.45,2720.0,2720.0,2605.0,76865.0
889867,2021-08-11,2578.25,2640.0,2660.0,2510.25,25925.0
889867,2021-09-02,2826.2,2768.05,2840.0,2760.2,13826.0
889867,2021-09-06,2807.0,2838.45,2838.45,2800.25,6605.0
889867,2021-10-18,2647.6,2690.0,2709.0,2625.0,17009.0
889867,2021-11-12,2388.65,2415.9,2430.0,2375.25,8373.0
889867,2021-12-09,2419.75,2330.0,2440.0,2307.0,8440.0
889867,2021-12-20,2377.1,2469.0,2469.0,2291.05,6914.0
889867,2022-01-03,2450.9,2420.0,2468.0,2406.8,3325.0
889867,2022-01-12,2547.4,2568.0,2599.0,2530.0,7533.0
889867,2022-01-14,2656.35,2645.2,2702.0,2630.0,15684.0
889867,2022-02-17,2216.8,2280.8,2282.55,2210.2,2161.0
889867,2022-03-11,2096.2,2048.9,2158.95,2048.9,9847.0
889867,2022-03-21,2217.75,2240.0,2254.15,2210.05,6256.0
889867,2022-03-31,2028.3,2065.0,2089.05,2005.2,4552.0
889867,2022-05-20,1927.75,1908.65,1956.55,1860.0,4493.0
889867,2022-06-27,1786.0,1724.9,1794.95,1721.5,3887.0
889867,2022-06-28,1908.0,1785.05,1930.0,1757.9,15979.0
889867,2022-06-30,1921.7,1916.4,1929.0,1891.0,2203.0
889867,2022-07-07,2015.4,1971.0,2029.0,1971.0,3886.0
889867,2022-08-04,2231.6,2279.0,2315.0,2160.0,20415.0
889867,2021-02-16,1810.3,1838.35,1852.85,1779.4,23108.0
889867,2021-03-04,1871.0,1868.85,1895.5,1861.05,10107.0
889867,2021-03-09,1842.55,1848.0,1850.8,1833.0,7863.0
889867,2021-03-15,1872.85,1880.0,1882.8,1845.1,8812.0
889867,2021-03-26,1931.0,1941.0,1975.0,1908.2,16960.0
889867,2021-04-05,1971.85,1962.1,2044.0,1960.0,35535.0
889867,2021-04-16,1916.25,1915.2,1928.3,1875.0,11559.0
889867,2021-05-04,2025.4,1954.0,2050.0,1952.7,44054.0
889867,2021-05-11,2125.95,2101.0,2205.0,2081.0,82057.0
889867,2021-09-13,2786.55,2770.0,2834.5,2770.0,7745.0
889867,2021-09-15,2858.55,2759.0,2937.95,2750.0,20879.0
889867,2021-12-03,2315.65,2343.3,2343.3,2295.0,2644.0
889867,2022-01-04,2462.5,2455.0,2525.0,2400.0,12584.0
889867,2022-01-07,2460.6,2460.0,2469.7,2432.0,2619.0
889867,2022-01-25,2307.45,2245.0,2320.0,2243.25,6905.0
889867,2022-03-15,2155.9,2095.6,2184.0,2095.6,6221.0
889867,2022-04-05,2246.85,2225.0,2251.4,2209.0,5433.0
889867,2022-07-05,1970.05,1988.0,1988.0,1944.3,3109.0
889867,2021-01-04,1525.0,1521.0,1563.9,1505.0,24235.0
889867,2021-02-10,1737.25,1750.0,1768.9,1707.0,92956.0
889867,2021-02-23,1813.7,1791.9,1829.9,1756.0,13392.0
889867,2021-03-18,1879.85,1893.2,1979.45,1864.05,86338.0
889867,2021-03-22,1980.85,1965.0,2073.95,1961.2,158760.0
889867,2021-05-26,2195.4,2198.4,2247.95,2170.1,18401.0
889867,2021-07-06,2303.55,2300.0,2342.0,2281.0,25387.0
889867,2021-07-20,2489.3,2508.8,2508.8,2426.8,15072.0
889867,2021-07-26,2589.75,2532.0,2679.0,2508.2,69510.0
889867,2021-07-29,2584.5,2576.6,2616.0,2544.75,13422.0
889867,2021-07-30,2624.75,2613.0,2649.95,2560.0,14051.0
889867,2021-08-12,2609.05,2582.35,2648.2,2575.0,22031.0
889867,2021-09-03,2838.2,2826.2,2876.0,2792.45,13445.0
889867,2021-10-14,2677.55,2678.0,2720.0,2670.0,6836.0
889867,2021-11-11,2397.95,2423.0,2430.6,2372.15,4437.0
889867,2021-12-27,2400.45,2413.9,2413.9,2340.05,1814.0
889867,2022-01-18,2531.45,2625.0,2644.6,2512.2,6798.0
889867,2022-01-19,2499.45,2531.45,2575.0,2475.0,4383.0
889867,2022-02-09,2311.8,2292.55,2338.95,2285.0,2774.0
889867,2022-02-10,2317.25,2312.15,2375.0,2225.05,11029.0
889867,2022-04-11,2245.3,2275.0,2277.45,2235.75,2767.0
889867,2022-05-25,1889.0,1942.7,1980.0,1855.4,9018.0
889867,2022-05-27,1918.8,1891.1,1926.3,1881.0,2986.0
889867,2022-06-16,1776.9,1816.0,1833.85,1752.05,2442.0
889867,2022-07-06,1995.05,1975.5,2020.95,1975.5,5722.0
889867,2022-07-21,1935.3,1922.85,1950.0,1922.85,3463.0
889867,2022-08-02,2234.35,2145.0,2245.0,2116.1,17183.0
889867,2022-09-14,2207.45,2180.0,2238.0,2172.85,5806.0
889867,2022-09-26,2068.1,2075.0,2085.0,2000.0,8570.0
889867,2022-10-19,2069.4,2075.35,2104.45,2050.05,10362.0
889867,2022-12-05,1919.8,1955.0,1960.0,1916.0,9551.0
889867,2022-12-12,1909.6,1906.0,1915.0,1900.0,890.0
889867,2023-01-30,1880.95,1896.65,1910.4,1872.6,10927.0
889867,2023-02-03,1884.9,1891.9,1892.4,1869.45,1005.0
889867,2022-08-12,2158.85,2153.0,2182.0,2127.0,7269.0
889867,2022-08-25,2041.0,2055.35,2055.35,2031.2,3779.0
889867,2022-09-02,2192.7,2110.85,2245.95,2110.85,21232.0
889867,2022-09-09,2168.1,2150.2,2189.0,2111.8,8249.0
889867,2022-08-24,2045.25,2067.35,2067.35,2038.55,1803.0
889867,2022-09-01,2100.3,2049.45,2129.2,2049.45,6337.0
889867,2022-09-07,2111.8,2126.0,2135.0,2083.0,20030.0
889867,2022-09-27,2063.9,2048.0,2080.95,2032.0,2466.0
889867,2022-11-28,1920.05,1929.4,1980.0,1915.5,6789.0
889867,2022-12-13,1930.15,1906.05,1950.0,1897.55,6863.0
889867,2022-12-23,1826.15,1851.1,1855.55,1822.0,1835.0
889867,2023-01-05,1915.3,1910.0,1920.0,1900.0,829.0
889867,2023-01-09,1927.55,1925.05,1949.95,1899.5,1809.0
889867,2022-09-05,2134.2,2210.0,2265.0,2085.1,39377.0
889867,2022-09-12,2153.05,2178.95,2216.95,2135.0,8395.0
889867,2022-10-03,2013.7,2056.3,2060.0,2004.0,4177.0
889867,2022-10-04,2064.8,2025.0,2078.0,2019.6,2947.0
889867,2022-11-04,2073.95,2052.1,2078.0,2040.85,1650.0
889867,2023-01-19,1936.9,1932.1,1964.0,1917.05,2070.0
889867,2022-09-16,2227.25,2245.0,2378.45,2200.1,40154.0
889867,2022-10-07,2061.35,2062.6,2076.95,2041.1,3106.0
889867,2022-09-06,2126.1,2144.9,2150.0,2102.0,3637.0
889867,2022-10-14,2049.95,2070.05,2089.0,2040.0,68891.0
889867,2022-09-30,2053.15,2065.1,2076.75,2040.0,3420.0
889867,2022-10-25,2030.5,2041.1,2060.0,2015.05,8031.0
889867,2022-10-21,2034.85,2056.85,2060.0,2030.0,2809.0
889867,2022-10-27,2062.85,2035.15,2073.85,2031.05,2165.0
889867,2022-12-07,1915.85,1939.15,1939.15,1910.1,1121.0
889867,2022-11-29,1908.3,1929.7,1938.25,1903.0,3557.0
889867,2022-12-16,1899.45,1914.0,1922.95,1884.0,1524.0
889867,2022-12-29,1846.05,1863.15,1863.15,1813.2,3164.0
889867,2023-01-02,1886.0,1883.9,1895.95,1870.05,1330.0
889867,2023-02-08,1903.0,1876.6,1930.0,1876.6,1446.0
889867,2023-02-10,1925.1,1945.9,2000.0,1910.0,6118.0
889867,2022-09-19,2134.45,2227.25,2229.55,2126.0,9385.0
889867,2022-09-21,2127.75,2126.0,2173.0,2097.1,7043.0
889867,2022-11-03,2042.05,2056.45,2064.8,2033.0,1744.0
889867,2022-11-07,2046.7,2060.1,2079.0,2041.45,3678.0
889867,2022-11-14,2016.55,2018.0,2028.55,2011.0,1836.0
889867,2022-11-16,1940.5,1997.75,1997.75,1920.5,10310.0
889867,2022-12-22,1858.3,1878.0,1878.0,1850.0,1538.0
889867,2023-01-06,1910.7,1916.5,1940.0,1902.1,2022.0
889867,2023-02-07,1883.9,1913.5,1913.5,1855.0,2887.0
889867,2022-08-10,2133.4,2157.0,2171.15,2109.9,3107.0
889867,2022-08-17,2185.5,2170.0,2215.85,2167.0,6038.0
889867,2022-08-19,2112.7,2175.5,2202.6,2107.4,6490.0
889867,2022-09-08,2129.95,2124.9,2174.9,2100.0,5738.0
889867,2022-09-20,2115.65,2184.9,2184.9,2090.45,9591.0
889867,2022-09-23,2097.5,2124.9,2124.9,2069.5,7696.0
889867,2022-10-13,2068.25,2051.6,2090.95,2031.0,12712.0
889867,2022-11-02,2056.3,2068.4,2089.0,2045.0,1089.0
889867,2022-11-10,2025.15,2052.85,2100.0,1906.55,35853.0
889867,2022-09-22,2114.35,2138.0,2148.0,2101.35,3535.0
889867,2022-08-29,2030.8,2028.0,2050.0,2017.2,3426.0
889867,2022-08-30,2049.45,2040.95,2065.75,2024.5,4249.0
889867,2022-10-06,2066.85,2067.5,2078.4,2048.55,1774.0
889867,2022-10-20,2046.65,2068.95,2074.85,2041.1,1078.0
889867,2022-11-17,1934.05,1949.9,1969.0,1920.0,4905.0
889867,2022-11-23,1910.95,1897.45,1930.0,1870.55,5328.0
889867,2023-01-31,1879.3,1878.85,1890.4,1870.0,9527.0
889867,2022-10-24,2043.0,2040.0,2054.15,2035.1,287.0
889867,2022-11-15,1997.8,2012.9,2016.5,1992.2,1087.0
889867,2022-12-06,1920.9,1945.0,1945.0,1911.55,3328.0
889867,2023-01-18,1928.25,1904.15,1936.35,1904.15,1661.0
889867,2023-02-01,1878.15,1888.7,1894.6,1858.6,11693.0
889867,2022-08-18,2181.85,2196.45,2212.45,2171.0,4991.0
889867,2022-10-17,2047.8,2054.55,2070.05,2032.0,1486.0
889867,2022-11-01,2072.75,2070.0,2093.7,2048.35,1892.0
889867,2022-12-20,1895.65,1897.05,1910.0,1880.0,1718.0
889867,2023-01-10,1886.45,1916.7,1927.2,1850.0,3594.0
889867,2023-01-13,1906.05,1916.55,1925.0,1897.1,826.0
889867,2023-02-09,1948.6,1890.0,1961.0,1890.0,3049.0
889867,2022-09-13,2214.25,2163.85,2229.0,2149.55,10315.0
889867,2022-10-10,2041.0,2052.5,2057.95,2030.0,2526.0
889867,2022-11-22,1888.0,1924.55,1924.55,1875.0,2990.0
889867,2022-12-01,1923.1,1926.0,1940.05,1920.0,2874.0
889867,2022-12-08,1911.35,1910.0,1919.95,1910.0,873.0
889867,2022-12-09,1909.7,1909.05,1925.0,1905.5,1553.0
889867,2022-12-30,1886.9,1835.9,1904.85,1835.9,2728.0
889867,2023-01-11,1915.65,1895.9,1920.45,1881.1,1586.0
889867,2023-01-12,1907.0,1918.6,1934.9,1895.6,4029.0
889867,2022-08-11,2152.85,2168.4,2240.0,2125.55,4694.0
889867,2022-09-29,2054.8,2068.6,2092.0,2040.1,7082.0
889867,2022-10-28,2051.15,2052.35,2067.0,2026.05,999.0
889867,2022-10-31,2083.25,2041.15,2090.0,2035.0,1676.0
889867,2022-12-26,1865.45,1835.3,1871.0,1806.3,2675.0
889867,2023-01-03,1897.8,1886.0,1903.0,1878.65,2078.0
889867,2023-01-04,1912.45,1905.4,1940.0,1883.1,5311.0
889867,2023-01-24,1903.95,1900.05,1922.35,1887.95,1746.0
889867,2023-01-27,1887.2,1899.3,1903.45,1862.5,2555.0
889867,2022-08-23,2057.2,2070.0,2084.55,2046.3,7076.0
889867,2022-08-16,2166.95,2169.65,2187.2,2155.1,2132.0
889867,2022-08-26,2038.15,2049.95,2060.0,2025.15,10974.0
889867,2022-10-11,2042.15,2043.75,2055.95,2030.05,1949.0
889867,2022-10-12,2051.55,2038.1,2057.15,2030.0,1191.0
889867,2022-12-28,1863.15,1855.35,1879.95,1851.0,1142.0
889867,2023-01-17,1912.45,1905.8,1922.0,1888.0,1203.0
889867,2023-01-23,1909.7,1914.4,1939.6,1900.0,1686.0
889867,2022-09-15,2242.85,2215.0,2260.0,2170.0,8214.0
889867,2022-10-18,2075.35,2047.8,2090.25,1990.0,2637.0
889867,2022-11-09,2076.6,2066.15,2088.9,2046.0,1793.0
889867,2022-11-11,2018.45,2026.0,2045.0,2010.0,7463.0
889867,2022-11-24,1940.75,1913.0,1952.4,1881.15,4322.0
889867,2022-11-30,1919.1,1917.75,1929.85,1907.0,3603.0
889867,2022-12-19,1892.35,1905.05,1910.05,1870.0,1860.0
889867,2022-12-21,1868.65,1895.65,1905.0,1863.95,3113.0
889867,2023-01-16,1906.05,1912.4,1922.95,1889.3,1563.0
889867,2022-08-08,2146.4,2196.15,2260.0,2134.7,8525.0
889867,2022-08-22,2079.3,2119.0,2119.0,2073.6,7015.0
889867,2022-09-28,2066.4,2074.25,2125.8,2035.0,5996.0
889867,2022-11-18,1945.35,1934.2,1970.0,1905.9,4330.0
889867,2022-12-14,1941.15,1939.85,1945.0,1920.0,2190.0
889867,2022-12-27,1862.3,1874.8,1890.05,1854.0,1623.0
889867,2023-01-20,1925.15,1925.3,1959.0,1915.5,1019.0
889867,2023-02-02,1884.75,1862.05,1912.45,1862.0,8443.0
889867,2023-02-06,1903.95,1884.9,1919.5,1870.65,1603.0
889867,2022-11-21,1914.95,1945.55,1945.55,1910.0,2344.0
889867,2022-11-25,1925.95,1950.5,1952.45,1920.0,1234.0
889867,2022-12-02,1932.9,1923.0,1955.85,1912.25,6018.0
889867,2022-12-15,1914.6,1950.9,1965.95,1901.05,1233.0
889867,2023-01-25,1899.7,1899.45,1919.95,1885.65,2945.0
889867,2023-02-16,2027.3,2060.0,2060.0,2016.0,2277.0
889867,2023-03-06,1860.15,1839.95,1894.9,1834.55,3762.0
889867,2023-03-02,1821.45,1815.0,1826.0,1800.0,1525.0
889867,2023-03-03,1836.6,1824.95,1844.0,1810.0,2589.0
889867,2023-03-21,1747.2,1764.5,1766.0,1744.0,1997.0
889867,2023-04-10,1897.05,1919.0,1929.3,1890.0,1256.0
889867,2023-04-26,1869.2,1853.0,1880.8,1853.0,504.0
889867,2023-04-27,2101.65,1878.3,2241.0,1864.95,36846.0
889867,2023-05-05,1989.8,2013.1,2027.8,1985.05,2422.0
889867,2023-05-16,2055.4,2059.4,2062.0,2040.05,1503.0
889867,2023-05-18,2123.5,2098.4,2149.2,2097.4,5244.0
889867,2023-06-08,2247.65,2282.8,2294.95,2241.1,2254.0
889867,2023-06-12,2258.45,2286.4,2309.9,2247.0,5444.0
889867,2023-06-22,2426.9,2435.1,2483.95,2405.0,12052.0
889867,2023-07-05,2425.85,2450.0,2452.0,2375.0,14873.0
889867,2023-07-20,2437.15,2510.25,2540.0,2430.0,4733.0
889867,2023-07-26,2731.85,2721.95,2758.0,2684.9,18771.0
889867,2023-03-08,1909.7,1860.15,1937.0,1841.55,4585.0
889867,2023-03-27,1749.25,1791.3,1793.95,1745.55,51176.0
889867,2023-04-20,1911.9,1915.0,1943.95,1905.1,102272.0
889867,2023-05-08,1983.4,2000.0,2067.95,1952.0,5254.0
889867,2023-05-30,2275.0,2306.05,2322.0,2268.0,2950.0
889867,2023-06-20,2402.5,2387.3,2425.95,2376.15,5974.0
889867,2023-06-23,2412.45,2400.0,2419.95,2392.65,4201.0
889867,2023-07-07,2436.25,2443.45,2443.9,2400.0,3220.0
889867,2023-07-25,2712.7,2649.4,2739.55,2565.0,107755.0
889867,2023-07-27,2778.65,2735.0,2792.7,2720.05,20152.0
889867,2023-08-18,2370.55,2411.2,2412.05,2334.75,14870.0
889867,2023-03-14,1797.45,1825.5,1851.25,1781.5,6243.0
889867,2023-06-28,2450.7,2417.8,2490.0,2392.05,13917.0
889867,2023-06-30,2441.7,2443.0,2450.0,2420.0,4194.0
889867,2023-07-17,2446.6,2405.0,2454.95,2402.95,2618.0
889867,2023-08-11,2553.85,2551.4,2599.95,2525.05,9205.0
889867,2023-02-13,1921.75,1925.1,1954.45,1892.05,5340.0
889867,2023-03-31,1756.05,1769.9,1776.05,1751.05,1882.0
889867,2023-05-12,2034.35,2053.9,2073.75,2020.0,5358.0
889867,2023-05-26,2302.75,2261.0,2315.95,2242.05,9552.0
889867,2023-06-16,2372.35,2384.0,2386.85,2359.0,4527.0
889867,2023-07-31,2766.5,2744.95,2805.0,2708.05,11948.0
889867,2023-02-15,2059.5,2050.0,2084.45,2026.0,9708.0
889867,2023-03-24,1782.35,1757.0,1794.4,1737.25,75916.0
889867,2023-05-15,2049.25,2044.55,2070.0,2032.1,1023.0
889867,2023-05-24,2282.9,2335.0,2349.95,2269.45,8210.0
889867,2023-07-03,2418.8,2453.95,2469.8,2397.6,3583.0
889867,2023-07-11,2409.1,2414.0,2449.95,2400.15,2816.0
889867,2023-08-09,2495.15,2498.8,2548.75,2488.05,4529.0
889867,2023-03-17,1718.5,1720.0,1740.1,1709.2,6695.0
889867,2023-04-03,1765.65,1720.0,1774.35,1720.0,4707.0
889867,2023-04-05,1839.0,1772.35,1850.0,1768.65,3730.0
889867,2023-04-24,1891.25,1906.1,1908.3,1890.05,502.0
889867,2023-05-09,2029.9,1993.35,2039.9,1993.35,3204.0
889867,2023-06-02,2264.65,2287.5,2349.0,2259.85,2364.0
889867,2023-06-09,2257.85,2260.0,2272.95,2244.1,1883.0
889867,2023-06-27,2405.75,2427.3,2427.3,2403.25,1775.0
889867,2023-07-21,2450.75,2442.25,2460.0,2400.0,4332.0
889867,2023-08-03,2618.1,2683.45,2683.45,2550.0,18313.0
889867,2023-02-24,1836.6,1857.8,1873.85,1830.05,6082.0
889867,2023-02-23,1856.1,1856.8,1883.15,1841.55,7260.0
889867,2023-03-20,1757.2,1708.5,1788.95,1700.0,5008.0
889867,2023-03-23,1754.15,1767.9,1774.65,1750.0,913.0
889867,2023-03-29,1761.45,1753.65,1783.35,1751.0,2014.0
889867,2023-05-03,2016.6,2048.4,2070.05,2005.0,3076.0
889867,2023-05-22,2395.8,2325.0,2439.0,2300.25,146563.0
889867,2023-07-28,2744.85,2726.0,2778.2,2707.55,7741.0
889867,2023-08-08,2498.8,2521.0,2521.0,2474.0,5839.0
889867,2023-08-10,2538.7,2489.0,2542.0,2489.0,3690.0
889867,2023-02-17,2005.0,2008.0,2029.0,1997.3,11979.0
889867,2023-03-13,1842.05,1895.9,1905.3,1836.1,8486.0
889867,2023-06-01,2270.45,2259.15,2298.0,2250.0,2869.0
889867,2023-06-07,2271.4,2255.95,2275.0,2240.0,2513.0
889867,2023-06-15,2353.1,2290.0,2397.45,2272.55,16406.0
889867,2023-06-26,2403.25,2401.0,2424.55,2401.0,1604.0
889867,2023-07-13,2415.2,2463.45,2484.95,2339.15,13261.0
889867,2023-05-23,2326.05,2409.0,2434.0,2313.25,22578.0
889867,2023-06-19,2387.3,2400.0,2449.0,2380.0,13622.0
889867,2023-08-14,2510.0,2540.0,2540.0,2496.05,2388.0
889867,2023-08-23,2351.7,2389.95,2405.95,2334.75,1194.0
889867,2023-05-04,2012.9,2017.0,2041.65,2010.0,1290.0
889867,2023-06-06,2254.1,2260.8,2279.95,2240.0,4392.0
889867,2023-07-12,2459.1,2478.0,2490.0,2365.0,9125.0
889867,2023-07-24,2532.85,2430.0,2661.9,2417.6,33574.0
889867,2023-02-21,1915.3,1944.85,1946.95,1910.0,7867.0
889867,2023-02-14,2050.5,1900.05,2085.15,1900.05,18143.0
889867,2023-03-01,1806.95,1778.25,1813.95,1766.55,2160.0
889867,2023-04-13,1879.6,1861.05,1887.15,1854.05,1229.0
889867,2023-05-02,2033.1,2030.0,2068.0,2012.55,2674.0
889867,2023-05-11,2058.3,2046.0,2070.8,2036.65,1925.0
889867,2023-08-02,2645.4,2712.65,2734.05,2630.35,6785.0
889867,2023-08-22,2380.75,2378.25,2409.9,2359.25,2539.0
889867,2023-02-20,1945.8,2004.95,2037.85,1936.15,13910.0
889867,2023-03-10,1886.45,1891.25,1903.2,1878.2,1999.0
889867,2023-04-19,1932.25,1948.9,1963.7,1918.05,2314.0
889867,2023-05-29,2314.05,2327.0,2361.0,2259.1,23442.0
889867,2023-05-31,2247.95,2268.6,2268.65,2228.0,4171.0
889867,2023-06-13,2279.7,2269.75,2322.15,2250.0,5621.0
889867,2023-06-14,2284.2,2290.0,2305.0,2280.0,1818.0
889867,2023-07-10,2438.0,2441.9,2460.0,2415.1,10321.0
889867,2023-07-19,2497.75,2468.0,2547.0,2425.05,15266.0
889867,2023-08-16,2470.75,2510.0,2518.4,2454.05,3777.0
889867,2023-02-27,1823.95,1830.0,1844.85,1790.0,7345.0
889867,2023-03-09,1910.35,1926.75,1943.9,1886.8,2522.0
889867,2023-02-22,1874.15,1915.0,1915.0,1855.05,8268.0
889867,2023-02-28,1778.25,1819.1,1830.35,1775.0,6937.0
889867,2023-03-16,1727.3,1754.6,1758.9,1706.0,8556.0
889867,2023-05-19,2134.85,2125.0,2149.95,2072.15,5770.0
889867,2023-06-21,2422.95,2410.1,2483.95,2394.05,23436.0
889867,2023-07-04,2432.45,2414.5,2466.9,2383.85,4436.0
889867,2023-07-06,2431.25,2403.0,2449.95,2403.0,21115.0
889867,2023-07-14,2417.25,2423.6,2443.6,2405.5,644.0
889867,2023-07-18,2450.4,2450.25,2460.0,2422.55,2126.0
889867,2023-03-15,1765.4,1806.45,1810.05,1760.0,6889.0
889867,2023-03-22,1767.85,1752.1,1771.75,1750.0,1233.0
889867,2023-04-17,1961.2,1892.4,1986.95,1861.85,7014.0
889867,2023-04-25,1871.4,1894.6,1900.0,1860.05,1288.0
889867,2023-05-10,2059.25,2050.2,2075.0,2011.95,5307.0
889867,2023-05-17,2098.4,2057.9,2120.0,2044.1,8251.0
889867,2023-08-07,2491.1,2558.65,2570.0,2480.0,6849.0
889867,2023-04-06,1912.4,1842.0,1949.9,1839.0,12021.0
889867,2023-04-12,1871.15,1855.4,1884.85,1852.45,2179.0
889867,2023-04-28,2058.8,2065.0,2090.4,2010.0,14864.0
889867,2023-05-25,2263.6,2314.0,2314.0,2250.0,12751.0
889867,2023-06-05,2260.85,2276.0,2290.6,2195.45,8612.0
889867,2023-08-21,2367.3,2370.05,2388.3,2330.8,13055.0
889867,2023-03-28,1750.25,1758.0,1762.45,1745.1,1104.0
889867,2023-04-11,1852.75,1890.05,1890.05,1845.0,2354.0
889867,2023-04-18,1934.35,1958.95,1981.4,1920.05,4709.0
889867,2023-04-21,1908.9,1903.0,1924.35,1885.6,1719.0
889867,2023-08-01,2713.4,2789.0,2789.0,2691.15,4762.0
889867,2023-08-04,2558.65,2602.1,2618.0,2512.6,22403.0
889867,2023-08-17,2451.2,2481.75,2497.45,2434.0,3076.0
