stockid,date,close,open,high,low,volume
392418,2021-01-05,2469.25,2475.0,2518.8,2460.0,29036.0
392418,2021-01-18,2272.95,2323.0,2323.0,2262.0,7607.0
392418,2021-01-08,2401.6,2430.5,2474.0,2380.2,10368.0
392418,2021-01-11,2393.45,2413.65,2449.0,2385.0,9450.0
392418,2021-01-14,2351.55,2366.0,2385.0,2336.0,103750.0
392418,2021-02-05,2275.1,2295.5,2317.15,2260.0,7435.0
392418,2021-01-07,2418.0,2440.0,2470.05,2405.0,11310.0
392418,2021-01-25,2401.5,2515.0,2519.95,2384.1,25437.0
392418,2021-02-09,2264.15,2281.15,2297.7,2259.0,17331.0
392418,2021-02-11,2202.05,2230.0,2238.95,2191.75,55420.0
392418,2021-02-03,2300.3,2254.0,2325.0,2254.0,40263.0
392418,2021-01-13,2366.3,2371.75,2395.9,2350.0,8720.0
392418,2021-01-21,2427.45,2450.05,2473.9,2405.0,19856.0
392418,2021-01-22,2480.6,2437.0,2530.0,2437.0,30261.0
392418,2021-01-29,2228.0,2320.0,2339.9,2213.25,22583.0
392418,2021-01-20,2450.05,2354.15,2464.3,2342.5,60238.0
392418,2021-01-27,2297.8,2400.0,2412.8,2262.0,30116.0
392418,2021-02-02,2272.3,2212.2,2345.0,2212.2,39021.0
392418,2021-02-17,2171.0,2162.05,2192.95,2161.05,10788.0
392418,2021-01-06,2439.0,2460.1,2506.25,2415.0,29467.0
392418,2021-02-23,2176.3,2190.0,2213.9,2172.5,42307.0
392418,2021-02-10,2207.8,2318.0,2318.0,2195.0,40236.0
392418,2021-02-24,2149.85,2162.0,2178.0,2120.0,32209.0
392418,2021-02-08,2269.8,2294.0,2316.95,2265.0,10452.0
392418,2021-01-01,2397.95,2430.0,2467.75,2371.5,12707.0
392418,2021-01-28,2310.55,2260.0,2373.5,2249.95,13940.0
392418,2021-02-04,2288.05,2300.3,2320.0,2278.2,7730.0
392418,2021-02-22,2188.95,2168.0,2229.0,2149.4,68723.0
392418,2021-01-12,2359.95,2404.0,2404.0,2355.0,6129.0
392418,2021-01-04,2471.5,2456.95,2516.0,2412.25,40670.0
392418,2021-02-12,2193.2,2218.0,2218.0,2189.0,10441.0
392418,2021-02-25,2154.65,2185.0,2190.0,2134.85,55636.0
392418,2021-01-15,2312.75,2374.75,2399.95,2296.6,61930.0
392418,2021-01-19,2342.4,2284.35,2364.9,2284.35,10671.0
392418,2021-02-16,2190.75,2181.0,2219.5,2181.0,8712.0
392418,2021-02-18,2142.3,2175.05,2184.95,2138.25,23386.0
392418,2021-02-01,2191.4,2220.0,2239.1,2173.0,28182.0
392418,2021-02-15,2192.65,2200.0,2245.95,2181.0,14219.0
392418,2021-02-19,2146.55,2142.0,2194.25,2136.0,16822.0
392418,2021-05-31,2277.6,2304.0,2304.0,2246.85,8431.0
392418,2021-03-17,2307.0,2415.0,2435.0,2265.3,23754.0
392418,2021-03-05,2195.9,2245.0,2280.0,2186.5,27494.0
392418,2021-03-30,2282.7,2196.0,2305.0,2196.0,36784.0
392418,2021-03-03,2234.85,2230.0,2262.0,2208.4,35395.0
392418,2021-03-01,2146.25,2194.0,2194.0,2142.5,30719.0
392418,2021-03-10,2280.85,2238.7,2299.0,2238.15,40848.0
392418,2021-03-16,2402.6,2328.95,2415.0,2318.55,48586.0
392418,2021-04-09,2344.45,2412.5,2412.5,2337.0,14962.0
392418,2021-04-06,2427.95,2352.0,2469.0,2352.0,58401.0
392418,2021-04-20,2208.85,2229.45,2230.75,2190.0,6754.0
392418,2021-04-08,2401.35,2390.0,2432.35,2378.65,10761.0
392418,2021-04-29,2224.95,2250.0,2268.0,2220.0,5932.0
392418,2021-04-30,2243.15,2211.0,2273.3,2200.0,36575.0
392418,2021-05-06,2191.65,2224.95,2224.95,2184.95,8096.0
392418,2021-05-10,2219.95,2217.7,2231.8,2208.15,7540.0
392418,2021-06-08,2279.75,2278.3,2293.15,2264.45,5751.0
392418,2021-07-29,2254.9,2251.0,2265.55,2251.0,2839.0
392418,2021-06-21,2245.05,2220.0,2249.5,2207.45,6910.0
392418,2021-08-03,2271.3,2293.0,2300.0,2253.1,18901.0
392418,2021-06-23,2325.55,2310.0,2335.5,2288.0,17918.0
392418,2021-08-10,2178.95,2230.1,2236.75,2170.0,16129.0
392418,2021-07-08,2309.8,2330.0,2339.8,2301.25,6090.0
392418,2021-09-08,2225.05,2240.0,2244.4,2210.05,19575.0
392418,2021-09-13,2204.5,2206.85,2223.9,2182.0,8643.0
392418,2021-09-09,2195.85,2206.05,2234.95,2188.0,15586.0
392418,2021-10-04,2252.6,2282.95,2282.95,2245.0,5816.0
392418,2021-10-29,2100.9,2150.0,2150.0,2095.0,11935.0
392418,2021-11-03,2089.6,2119.65,2126.0,2085.0,10836.0
392418,2021-12-31,2045.45,2024.9,2085.0,1997.0,15165.0
392418,2022-03-11,1952.15,1891.0,1973.3,1891.0,14511.0
392418,2021-11-17,2186.9,2133.0,2208.0,2116.0,41407.0
392418,2022-03-24,1930.15,1947.0,1947.0,1915.7,8452.0
392418,2021-12-09,2085.75,2085.2,2094.1,2077.1,2054.0
392418,2021-12-29,1995.3,2010.0,2024.0,1992.75,3984.0
392418,2022-05-05,1847.55,1845.8,1878.0,1837.0,2618.0
392418,2022-05-17,1773.45,1759.05,1780.0,1750.95,2604.0
392418,2022-06-27,1787.8,1800.0,1802.35,1780.0,61047.0
392418,2022-01-06,2010.35,2029.0,2037.7,2007.05,4898.0
392418,2022-07-01,1877.3,1868.0,1889.45,1844.8,39281.0
392418,2022-07-13,1915.6,1890.0,1930.0,1890.0,5126.0
392418,2022-01-24,1945.1,1970.3,1979.85,1940.0,11771.0
392418,2022-02-23,1902.85,1920.0,1945.3,1895.0,14075.0
392418,2022-04-06,1920.9,1910.1,1932.25,1910.1,4603.0
392418,2022-07-25,1943.95,1934.4,1953.0,1916.65,32804.0
392418,2022-04-11,1912.55,1915.0,1925.4,1910.0,3497.0
392418,2022-04-19,1876.75,1891.8,1891.8,1870.0,3927.0
392418,2022-10-04,2192.85,2222.4,2249.05,2177.0,17741.0
392418,2022-11-18,2339.95,2334.0,2400.0,2318.45,54051.0
392418,2022-05-20,1784.85,1778.2,1798.3,1769.35,2335.0
392418,2022-12-20,2272.4,2283.0,2303.5,2240.5,12301.0
392418,2022-05-31,1843.15,1770.0,1851.0,1762.3,12242.0
392418,2023-02-15,2179.25,2182.45,2222.0,2140.0,12474.0
392418,2022-06-14,1769.4,1785.75,1785.75,1765.0,1587.0
392418,2023-02-22,2170.75,2173.35,2190.35,2160.0,3909.0
392418,2022-06-20,1744.7,1701.6,1751.4,1700.0,4569.0
392418,2023-02-23,2183.15,2181.65,2194.1,2164.9,13008.0
392418,2022-11-29,2304.35,2327.0,2346.55,2298.0,8243.0
392418,2023-05-24,2464.2,2518.0,2545.0,2455.0,21772.0
392418,2022-12-08,2260.3,2285.0,2303.9,2251.0,11046.0
392418,2022-12-27,2194.9,2199.6,2220.0,2186.2,15361.0
392418,2023-08-21,2795.35,2815.0,2826.6,2775.05,5933.0
392418,2023-01-05,2228.65,2211.0,2238.0,2211.0,3538.0
392418,2023-01-06,2211.05,2223.5,2239.8,2180.5,7852.0
392418,2023-03-29,2307.45,2340.0,2340.0,2296.1,10263.0
392418,2023-05-17,2477.25,2484.65,2493.85,2450.35,5410.0
392418,2023-05-30,2466.05,2461.7,2514.8,2460.05,9588.0
392418,2023-06-22,2453.35,2450.4,2469.35,2446.45,6318.0
392418,2021-06-01,2253.45,2299.0,2299.0,2238.95,83682.0
392418,2021-06-04,2264.35,2272.2,2293.95,2255.45,8175.0
392418,2021-06-24,2342.3,2336.0,2355.0,2298.0,19643.0
392418,2021-07-12,2279.85,2282.0,2327.35,2276.0,7711.0
392418,2021-08-11,2131.6,2185.0,2195.0,2124.0,17567.0
392418,2021-08-17,2232.55,2235.0,2257.45,2218.7,36316.0
392418,2021-09-03,2254.6,2281.0,2290.0,2250.0,8926.0
392418,2021-09-06,2237.15,2270.0,2275.0,2232.75,12379.0
392418,2021-09-07,2244.4,2232.1,2264.35,2230.0,14401.0
392418,2021-09-17,2211.15,2208.0,2232.0,2196.0,22061.0
392418,2021-09-22,2201.85,2224.95,2224.95,2195.0,4874.0
392418,2021-10-18,2217.85,2249.0,2253.0,2195.0,58935.0
392418,2021-11-16,2112.95,2111.0,2122.1,2106.5,3550.0
392418,2021-12-28,2003.8,1997.9,2018.0,1990.0,34678.0
392418,2022-01-28,1934.25,1947.45,1968.75,1930.0,7358.0
392418,2022-02-11,1890.45,1885.75,1933.25,1836.3,52703.0
392418,2022-03-10,1918.15,1898.9,1930.75,1877.0,15899.0
392418,2022-03-16,1965.15,1935.35,1974.2,1919.0,7763.0
392418,2022-03-17,1940.95,1956.15,1964.0,1920.0,22015.0
392418,2022-03-30,1947.15,1907.7,1958.55,1885.0,13711.0
392418,2022-04-01,1922.7,1907.8,1928.95,1904.1,14469.0
392418,2022-04-05,1918.95,1920.0,1933.75,1907.4,10893.0
392418,2022-04-12,1914.15,1920.0,1922.0,1901.1,3323.0
392418,2022-04-26,1891.2,1881.15,1919.35,1871.0,3610.0
392418,2022-04-27,1879.05,1888.0,1897.95,1862.75,4233.0
392418,2022-05-19,1769.35,1737.0,1797.0,1737.0,37041.0
392418,2022-06-02,1800.0,1815.6,1845.45,1776.4,5291.0
392418,2022-07-27,1976.55,1950.0,2000.0,1935.0,6652.0
392418,2022-08-30,1940.65,1940.3,1953.85,1937.55,6239.0
392418,2022-09-14,2116.6,2051.3,2134.95,2051.3,33589.0
392418,2022-09-15,2137.5,2139.9,2168.0,2116.0,49618.0
392418,2022-10-28,2130.8,2121.55,2139.7,2104.2,3637.0
392418,2022-11-10,2230.45,2200.0,2239.95,2199.25,38913.0
392418,2022-11-16,2302.8,2310.0,2334.8,2288.0,17856.0
392418,2022-11-22,2351.75,2355.0,2399.9,2325.0,22848.0
392418,2022-11-28,2299.9,2278.0,2327.0,2278.0,6113.0
392418,2023-01-03,2240.95,2220.0,2250.0,2220.0,6049.0
392418,2023-01-10,2151.85,2163.0,2177.9,2126.0,6118.0
392418,2023-01-23,2246.35,2259.1,2269.5,2244.4,3220.0
392418,2023-02-20,2205.5,2188.0,2229.85,2170.0,9819.0
392418,2023-03-23,2362.75,2340.0,2383.15,2320.65,14269.0
392418,2023-03-24,2352.4,2380.0,2380.0,2340.0,7747.0
392418,2023-03-31,2300.55,2316.65,2344.75,2232.9,43305.0
392418,2023-04-18,2304.45,2305.65,2325.15,2289.1,17284.0
392418,2023-04-21,2303.5,2327.1,2344.4,2289.0,14612.0
392418,2023-04-25,2287.45,2317.2,2329.9,2268.75,17004.0
392418,2023-04-27,2291.65,2303.3,2311.8,2273.45,10537.0
392418,2023-06-19,2446.25,2473.95,2475.0,2440.0,5732.0
392418,2023-07-04,2427.8,2435.0,2459.95,2423.05,6074.0
392418,2023-07-17,2764.4,2745.0,2772.55,2733.05,46844.0
392418,2023-07-20,2691.55,2680.95,2711.8,2678.05,5140.0
392418,2021-03-18,2266.8,2322.5,2336.75,2250.95,9548.0
392418,2021-03-23,2192.9,2230.0,2264.95,2172.0,34297.0
392418,2021-04-07,2383.35,2440.7,2450.0,2370.0,12635.0
392418,2021-05-11,2206.2,2220.0,2224.0,2186.05,13027.0
392418,2021-06-22,2287.0,2250.0,2323.0,2233.05,19110.0
392418,2021-08-13,2218.9,2165.0,2256.0,2151.45,78329.0
392418,2021-08-30,2208.2,2238.95,2238.95,2201.2,11393.0
392418,2021-10-11,2227.95,2263.9,2263.9,2225.0,6762.0
392418,2021-11-25,2187.15,2190.0,2200.0,2171.0,3960.0
392418,2021-11-30,2058.7,2059.2,2077.0,2043.15,7706.0
392418,2021-12-16,2039.65,2060.0,2065.35,2037.0,3093.0
392418,2022-01-04,2019.8,2024.4,2047.1,2001.55,7410.0
392418,2022-02-18,1938.9,1948.0,1951.35,1935.35,3594.0
392418,2022-03-14,1935.8,1961.95,1968.2,1918.95,7408.0
392418,2022-03-31,1908.55,1944.0,1949.85,1891.15,5764.0
392418,2022-05-24,1777.0,1784.4,1784.4,1757.0,1918.0
392418,2022-05-26,1730.2,1735.0,1751.35,1700.0,3326.0
392418,2022-05-27,1738.2,1746.5,1783.0,1710.25,30311.0
392418,2022-08-24,1927.5,1928.65,1932.45,1915.15,5714.0
392418,2022-08-29,1940.3,1903.7,1944.65,1903.7,4887.0
392418,2022-09-05,1944.85,1950.0,1960.0,1942.0,14661.0
392418,2022-11-01,2145.25,2143.0,2159.7,2124.05,4032.0
392418,2022-11-03,2151.45,2163.2,2165.9,2145.0,2454.0
392418,2022-11-21,2351.75,2386.0,2398.0,2338.65,25258.0
392418,2022-12-05,2302.45,2331.05,2335.0,2288.05,20389.0
392418,2023-02-16,2182.15,2200.95,2200.95,2166.0,8522.0
392418,2023-03-16,2293.4,2330.0,2330.0,2279.8,6856.0
392418,2023-03-27,2317.15,2225.0,2359.95,2225.0,9337.0
392418,2023-05-03,2418.6,2445.8,2478.85,2403.25,25551.0
392418,2023-06-06,2394.9,2415.95,2416.0,2378.0,9020.0
392418,2023-06-20,2445.3,2456.25,2472.5,2440.05,7971.0
392418,2023-06-23,2452.3,2465.65,2484.9,2438.6,11195.0
392418,2023-07-07,2516.25,2490.0,2528.65,2476.4,15659.0
392418,2023-07-21,2682.25,2685.55,2700.8,2646.15,7004.0
392418,2021-05-05,2198.9,2225.75,2245.2,2192.95,11546.0
392418,2021-03-04,2258.4,2284.0,2284.0,2237.45,26503.0
392418,2021-03-26,2224.1,2190.0,2236.95,2190.0,45514.0
392418,2021-04-15,2266.05,2264.95,2283.3,2257.0,3061.0
392418,2021-04-16,2267.6,2261.05,2302.0,2261.05,6210.0
392418,2021-05-07,2205.55,2202.65,2224.6,2195.05,4557.0
392418,2021-05-20,2219.1,2205.15,2234.0,2193.0,10857.0
392418,2021-06-14,2303.55,2325.0,2335.0,2290.85,25196.0
392418,2021-06-25,2310.65,2354.0,2355.0,2294.0,26823.0
392418,2021-07-01,2326.55,2340.1,2349.95,2322.0,11832.0
392418,2021-07-09,2295.5,2309.8,2330.9,2288.0,6999.0
392418,2021-08-04,2236.8,2291.3,2296.85,2225.4,28652.0
392418,2021-09-27,2218.9,2218.5,2227.05,2203.95,7849.0
392418,2021-10-25,2107.7,2140.1,2169.6,2095.0,15976.0
392418,2021-11-26,2091.05,2171.25,2195.95,2085.0,15451.0
392418,2022-01-03,2037.4,2060.0,2060.0,2027.3,3922.0
392418,2022-01-13,1979.8,1988.0,1997.8,1975.75,9733.0
392418,2022-01-14,1979.75,1989.5,1996.6,1976.4,9581.0
392418,2022-02-10,1885.75,1911.0,1919.95,1882.6,5903.0
392418,2022-03-04,1836.75,1854.0,1854.0,1825.0,4563.0
392418,2022-03-29,1898.2,1915.05,1928.75,1890.1,8823.0
392418,2022-04-08,1914.8,1904.7,1919.85,1901.05,3381.0
392418,2022-05-06,1830.7,1815.15,1847.05,1815.15,3449.0
392418,2022-05-12,1758.55,1791.0,1791.0,1741.55,5232.0
392418,2022-05-23,1775.5,1784.85,1786.0,1772.0,1660.0
392418,2022-05-30,1763.55,1755.55,1797.95,1741.35,7438.0
392418,2022-06-23,1775.05,1788.95,1788.95,1757.45,4179.0
392418,2022-07-07,1888.2,1870.0,1898.0,1869.95,3433.0
392418,2022-07-12,1880.55,1886.6,1894.8,1877.1,1698.0
392418,2022-07-18,1940.3,1929.8,1949.75,1908.75,7099.0
392418,2022-07-20,1925.3,1935.0,1942.9,1920.1,2601.0
392418,2022-07-26,1943.05,1943.9,1950.0,1928.0,2861.0
392418,2022-09-07,2021.9,1923.55,2030.9,1923.55,40660.0
392418,2022-09-23,2156.65,2200.0,2203.2,2148.0,9934.0
392418,2022-10-19,2137.05,2166.9,2243.0,2125.0,39923.0
392418,2022-10-20,2151.55,2145.0,2169.95,2138.0,3636.0
392418,2022-11-11,2271.25,2250.0,2275.0,2169.1,39639.0
392418,2022-12-14,2298.45,2301.9,2322.9,2281.05,5488.0
392418,2022-12-19,2277.0,2276.65,2310.0,2254.55,27078.0
392418,2022-12-22,2199.8,2247.65,2260.0,2184.1,32682.0
392418,2023-01-16,2231.15,2239.4,2245.95,2190.1,39587.0
392418,2023-02-08,2229.65,2223.7,2250.05,2217.65,8359.0
392418,2023-02-14,2182.45,2259.0,2281.7,2167.5,22573.0
392418,2023-03-21,2284.35,2280.0,2291.55,2240.0,3376.0
392418,2023-03-22,2326.65,2263.0,2333.0,2263.0,9683.0
392418,2023-06-21,2450.35,2442.0,2495.9,2440.0,11740.0
392418,2023-06-28,2436.7,2447.0,2467.8,2424.0,6584.0
392418,2023-07-14,2741.85,2737.0,2761.95,2722.55,7633.0
392418,2023-07-28,2719.35,2733.1,2792.25,2708.6,27414.0
392418,2023-08-17,2849.25,2904.8,2965.2,2830.0,17817.0
392418,2021-03-08,2201.75,2190.0,2219.8,2170.3,22775.0
392418,2021-03-15,2317.35,2300.0,2343.85,2283.0,30918.0
392418,2021-05-21,2267.35,2230.0,2275.0,2224.25,26082.0
392418,2021-06-03,2269.4,2288.35,2297.7,2265.45,8370.0
392418,2021-07-02,2348.55,2336.55,2349.95,2311.0,9619.0
392418,2021-08-09,2229.65,2248.0,2255.95,2221.25,9939.0
392418,2021-08-27,2201.2,2211.6,2215.0,2190.0,3501.0
392418,2021-09-23,2199.35,2212.0,2217.55,2184.05,6705.0
392418,2021-09-24,2207.05,2219.0,2238.0,2198.0,11463.0
392418,2021-10-05,2266.2,2239.0,2271.0,2234.55,7088.0
392418,2021-11-09,2112.7,2113.1,2130.0,2095.0,6902.0
392418,2021-11-10,2128.85,2115.05,2140.0,2102.45,5557.0
392418,2021-11-23,2170.8,2156.0,2184.0,2153.05,2735.0
392418,2021-12-06,2079.25,2069.15,2115.0,2060.0,5256.0
392418,2021-12-13,2052.95,2072.95,2085.05,2050.0,9610.0
392418,2021-12-17,1990.9,2049.85,2049.85,1980.05,7421.0
392418,2022-01-17,1977.3,1994.9,1995.0,1975.0,13509.0
392418,2022-02-03,1912.4,1949.0,1949.0,1901.6,7703.0
392418,2022-03-07,1826.7,1832.0,1873.9,1810.0,10749.0
392418,2022-03-22,1947.0,1935.1,1964.95,1924.95,4662.0
392418,2022-04-22,1888.5,1901.0,1902.15,1884.85,4079.0
392418,2022-04-29,1878.45,1892.5,1892.5,1872.05,3665.0
392418,2022-05-02,1869.2,1878.45,1884.7,1859.9,2539.0
392418,2022-06-17,1701.6,1718.8,1732.75,1687.6,4672.0
392418,2022-10-17,2157.15,2047.0,2191.0,2040.0,18342.0
392418,2022-12-07,2274.75,2324.0,2324.0,2254.15,12935.0
392418,2022-12-23,2190.55,2180.0,2209.2,2165.0,27436.0
392418,2023-01-04,2210.85,2241.0,2249.1,2201.5,3192.0
392418,2023-01-13,2225.2,2187.0,2233.0,2186.95,12267.0
392418,2023-02-03,2210.3,2201.05,2234.95,2198.95,5940.0
392418,2023-03-17,2304.3,2290.55,2310.0,2280.0,4054.0
392418,2023-04-12,2256.75,2282.0,2294.5,2252.0,4333.0
392418,2023-05-11,2469.2,2425.0,2479.45,2411.8,10877.0
392418,2023-05-29,2468.65,2500.0,2520.0,2433.65,17033.0
392418,2023-06-01,2466.55,2465.0,2496.55,2445.05,8462.0
392418,2023-06-08,2393.05,2416.0,2417.15,2381.5,6069.0
392418,2023-07-19,2681.85,2755.0,2755.1,2670.0,14144.0
392418,2023-08-23,2800.1,2812.85,2845.95,2798.05,1398.0
392418,2021-03-12,2297.05,2298.0,2324.0,2270.0,36494.0
392418,2021-05-26,2314.35,2286.0,2337.0,2263.4,42113.0
392418,2021-06-18,2232.05,2270.0,2278.75,2227.1,16806.0
392418,2021-10-06,2246.5,2287.0,2287.0,2238.05,6603.0
392418,2021-10-22,2161.25,2178.55,2197.15,2148.0,6317.0
392418,2021-11-08,2102.55,2178.0,2178.0,2093.2,16461.0
392418,2021-11-18,2203.5,2215.65,2222.0,2175.0,27485.0
392418,2022-06-01,1833.95,1830.05,1845.45,1819.0,2380.0
392418,2022-06-03,1795.7,1809.0,1815.0,1788.7,2550.0
392418,2022-06-06,1785.0,1800.0,1804.45,1780.0,77192.0
392418,2022-07-19,1921.9,1940.0,1944.0,1905.1,10470.0
392418,2022-07-21,1930.1,1932.7,1933.0,1918.0,2946.0
392418,2022-08-05,1906.8,1974.0,1974.9,1885.05,46177.0
392418,2022-08-08,1926.5,1925.0,1939.0,1910.0,4730.0
392418,2022-08-26,1939.0,1942.4,1950.0,1929.6,6327.0
392418,2022-09-12,1996.65,2019.35,2035.05,1990.0,19054.0
392418,2022-09-16,2132.5,2140.0,2179.95,2085.0,29649.0
392418,2022-10-07,2224.35,2210.1,2249.0,2207.0,12726.0
392418,2022-12-13,2310.85,2320.0,2323.65,2290.4,9637.0
392418,2022-12-30,2219.55,2234.5,2242.45,2205.5,6015.0
392418,2023-01-12,2160.45,2116.0,2170.05,2116.0,7753.0
392418,2023-02-09,2221.95,2235.0,2290.0,2153.2,25978.0
392418,2023-02-17,2177.8,2190.0,2198.9,2173.15,9444.0
392418,2023-03-09,2265.4,2274.55,2276.85,2250.1,5650.0
392418,2023-04-03,2282.5,2291.0,2309.0,2266.5,6700.0
392418,2023-04-11,2282.4,2289.0,2315.0,2271.55,8908.0
392418,2023-05-02,2409.7,2332.0,2465.95,2324.7,59021.0
392418,2023-06-13,2400.65,2382.75,2418.4,2379.2,15332.0
392418,2023-08-08,2806.25,2843.0,2843.0,2768.8,15836.0
392418,2021-03-19,2199.6,2260.0,2266.75,2147.85,272598.0
392418,2021-03-25,2190.7,2189.7,2197.15,2164.3,25055.0
392418,2021-04-13,2290.0,2225.1,2297.0,2225.1,5557.0
392418,2021-05-19,2202.6,2225.0,2242.8,2194.05,13354.0
392418,2021-05-28,2278.95,2325.0,2330.0,2255.0,13801.0
392418,2021-06-16,2298.55,2332.4,2332.4,2290.0,4924.0
392418,2021-07-06,2327.7,2350.0,2368.0,2320.1,6377.0
392418,2021-07-07,2330.65,2322.05,2345.9,2313.1,4803.0
392418,2021-07-15,2289.85,2297.0,2308.0,2276.55,3068.0
392418,2021-07-20,2272.05,2265.0,2303.35,2260.0,12496.0
392418,2021-08-02,2280.4,2288.0,2291.05,2268.05,6342.0
392418,2021-08-20,2214.4,2230.0,2230.0,2197.4,6873.0
392418,2021-08-23,2188.1,2263.0,2263.0,2160.2,11034.0
392418,2021-09-20,2200.7,2211.0,2224.5,2191.0,6511.0
392418,2021-09-21,2218.6,2196.0,2229.0,2178.95,12887.0
392418,2021-12-24,1974.1,2027.9,2027.95,1969.65,5325.0
392418,2022-01-07,1999.75,1993.0,2019.7,1993.0,8920.0
392418,2022-01-19,1973.95,1960.05,1983.95,1960.05,4034.0
392418,2022-01-20,1979.55,1983.85,1985.95,1971.6,5824.0
392418,2022-02-15,1927.75,1912.1,1934.95,1886.15,90359.0
392418,2022-02-17,1943.0,1945.0,1964.7,1935.1,4716.0
392418,2022-02-25,1870.6,1860.25,1899.0,1860.25,4403.0
392418,2022-03-02,1844.05,1877.9,1878.0,1832.0,8976.0
392418,2022-05-11,1785.75,1821.7,1826.95,1776.0,3960.0
392418,2022-05-18,1781.05,1775.0,1788.2,1773.0,1285.0
392418,2022-06-28,1777.2,1787.8,1790.0,1767.2,621.0
392418,2022-07-04,1873.65,1885.0,1886.65,1867.25,19452.0
392418,2022-07-05,1872.8,1865.6,1884.0,1863.8,2969.0
392418,2022-07-08,1896.3,1895.15,1903.0,1883.4,3826.0
392418,2022-08-02,1950.7,1956.5,1983.0,1940.0,40260.0
392418,2022-08-11,1940.95,1970.2,1980.05,1935.0,11239.0
392418,2022-09-01,1954.65,1940.65,1963.05,1940.65,4116.0
392418,2022-09-06,1941.85,1954.6,1962.0,1938.35,3633.0
392418,2022-09-19,2142.3,2140.0,2160.0,2106.65,12951.0
392418,2022-09-20,2136.75,2150.0,2159.0,2112.25,11807.0
392418,2022-11-09,2190.7,2181.95,2219.0,2097.55,22384.0
392418,2022-12-26,2188.65,2165.0,2208.25,2160.05,7273.0
392418,2022-12-29,2223.45,2202.85,2230.0,2194.1,4814.0
392418,2023-01-11,2125.75,2150.0,2175.0,2120.0,40065.0
392418,2023-01-27,2241.55,2258.05,2258.05,2206.45,6739.0
392418,2023-01-31,2244.9,2245.0,2255.15,2225.45,4078.0
392418,2023-02-24,2194.4,2176.0,2210.0,2163.0,3072.0
392418,2023-04-10,2286.8,2230.0,2320.0,2200.0,12412.0
392418,2023-05-10,2417.3,2440.6,2444.75,2375.1,19000.0
392418,2023-05-25,2427.55,2473.0,2490.0,2405.0,12114.0
392418,2023-06-15,2443.45,2441.0,2457.0,2428.0,16374.0
392418,2023-07-03,2443.9,2439.0,2467.95,2430.0,8189.0
392418,2023-08-01,2822.7,2772.0,2879.7,2758.9,36875.0
392418,2023-08-11,2819.05,2828.0,2834.3,2801.0,12226.0
392418,2021-02-26,2158.1,2196.9,2200.0,2136.05,27819.0
392418,2021-04-12,2259.55,2337.5,2337.5,2255.0,13004.0
392418,2021-03-24,2191.2,2190.0,2224.0,2176.85,13874.0
392418,2021-03-31,2296.05,2282.7,2348.05,2252.9,41077.0
392418,2021-04-22,2213.15,2208.0,2227.5,2194.05,6232.0
392418,2021-05-17,2198.4,2183.2,2213.45,2177.85,9553.0
392418,2021-06-30,2354.6,2303.2,2378.0,2301.3,30734.0
392418,2021-09-15,2211.95,2199.65,2218.0,2195.0,48425.0
392418,2021-09-30,2284.35,2275.0,2297.0,2240.0,19879.0
392418,2021-10-21,2174.95,2200.1,2207.7,2165.0,7991.0
392418,2021-10-28,2130.1,2146.0,2146.0,2121.0,4590.0
392418,2021-11-29,2049.0,2091.05,2096.4,2043.0,7252.0
392418,2021-12-03,2059.15,2091.35,2108.0,2039.2,4332.0
392418,2021-12-21,1978.4,1994.8,1996.1,1963.0,3923.0
392418,2022-01-27,1937.75,1940.0,1950.0,1929.0,5591.0
392418,2022-01-31,1930.8,1943.95,1948.15,1926.0,8039.0
392418,2022-03-15,1927.85,1928.0,1944.0,1910.0,6019.0
392418,2022-04-18,1887.3,1895.3,1904.8,1882.35,4938.0
392418,2022-05-04,1836.65,1872.0,1872.0,1832.0,4172.0
392418,2022-05-13,1764.5,1750.05,1802.5,1725.0,4270.0
392418,2022-06-21,1723.3,1759.0,1759.0,1708.8,2258.0
392418,2022-07-14,1919.4,1939.95,1939.95,1900.0,3172.0
392418,2022-08-16,1943.4,1927.15,1979.0,1917.55,11763.0
392418,2022-08-19,1898.1,1950.0,1964.6,1885.0,12620.0
392418,2022-08-23,1928.65,1898.0,1932.0,1898.0,4638.0
392418,2022-09-09,2019.35,2023.3,2037.1,2008.65,11030.0
392418,2022-09-26,2153.95,2125.05,2159.6,2113.45,14444.0
392418,2022-10-21,2138.45,2168.0,2170.0,2111.0,7231.0
392418,2022-10-27,2121.55,2150.0,2161.4,2101.6,2859.0
392418,2022-10-31,2132.3,2141.5,2150.0,2115.65,3002.0
392418,2022-12-21,2203.6,2282.0,2299.25,2158.55,38884.0
392418,2023-01-25,2246.8,2241.2,2260.0,2210.65,8015.0
392418,2023-02-07,2231.7,2213.85,2260.5,2208.1,6431.0
392418,2023-03-10,2280.85,2260.8,2290.0,2150.0,8993.0
392418,2023-04-05,2243.9,2282.0,2282.0,2236.55,7159.0
392418,2023-05-22,2440.9,2434.0,2459.95,2419.35,5865.0
392418,2023-07-25,2644.9,2659.1,2689.0,2620.0,12222.0
392418,2023-08-14,2811.35,2820.25,2826.0,2750.45,9464.0
392418,2023-08-16,2873.65,2785.7,2924.75,2779.9,22066.0
392418,2021-05-04,2214.7,2250.0,2265.0,2205.0,5285.0
392418,2021-05-12,2179.5,2210.0,2220.0,2176.0,10864.0
392418,2021-05-24,2253.8,2300.0,2347.0,2241.25,36405.0
392418,2021-06-02,2283.7,2294.0,2294.0,2265.0,8110.0
392418,2021-07-23,2288.85,2307.0,2313.0,2265.0,5647.0
392418,2021-07-30,2271.75,2266.2,2287.75,2242.2,6079.0
392418,2021-08-05,2219.8,2227.9,2230.0,2212.0,9693.0
392418,2021-09-28,2193.95,2231.0,2231.0,2189.1,5095.0
392418,2022-02-02,1940.75,1949.0,1952.2,1930.0,6051.0
392418,2022-02-08,1899.7,1944.9,1944.9,1895.0,8752.0
392418,2022-03-03,1854.05,1853.3,1880.0,1837.35,4425.0
392418,2022-03-09,1865.9,1824.4,1874.8,1823.55,7069.0
392418,2022-03-21,1960.4,1940.0,1968.0,1913.0,8939.0
392418,2022-03-28,1910.15,1944.0,1945.0,1901.0,10057.0
392418,2022-06-08,1783.95,1779.25,1790.0,1770.05,52980.0
392418,2022-06-24,1780.9,1783.95,1796.3,1770.15,52141.0
392418,2022-09-22,2205.45,2202.0,2236.0,2200.0,11380.0
392418,2022-11-30,2284.75,2315.05,2370.0,2270.1,65586.0
392418,2023-02-28,2150.45,2146.05,2159.0,2123.2,14727.0
392418,2023-03-06,2236.75,2190.0,2239.55,2178.55,17856.0
392418,2023-05-31,2453.65,2466.05,2466.05,2400.0,33372.0
392418,2023-06-02,2453.1,2475.0,2497.25,2444.1,9924.0
392418,2023-06-09,2356.6,2396.0,2404.75,2351.0,10028.0
392418,2023-06-12,2359.2,2368.4,2377.2,2350.2,10504.0
392418,2023-06-27,2442.45,2434.3,2460.0,2434.3,4386.0
392418,2023-07-06,2477.75,2489.0,2507.0,2475.0,8374.0
392418,2023-07-12,2722.55,2700.2,2762.95,2682.05,23612.0
392418,2023-07-24,2659.1,2655.45,2695.6,2645.15,9825.0
392418,2021-04-26,2214.35,2219.65,2283.9,2194.95,21663.0
392418,2021-06-29,2321.15,2300.0,2338.0,2269.95,19627.0
392418,2021-07-26,2265.45,2288.85,2298.0,2257.0,8112.0
392418,2021-08-12,2146.45,2133.0,2177.8,2132.95,7600.0
392418,2021-08-18,2225.15,2232.55,2257.45,2219.0,24961.0
392418,2021-08-25,2206.15,2180.0,2229.0,2180.0,6378.0
392418,2021-08-26,2200.55,2217.2,2221.0,2199.0,1940.0
392418,2021-09-02,2269.65,2295.0,2298.0,2260.0,12439.0
392418,2021-09-14,2199.65,2204.5,2204.5,2191.65,17924.0
392418,2021-09-16,2198.15,2248.0,2248.0,2192.1,33535.0
392418,2021-10-07,2237.25,2258.0,2267.95,2226.05,6791.0
392418,2021-10-13,2245.0,2251.0,2261.0,2230.0,7654.0
392418,2021-11-01,2078.45,2132.0,2133.0,2071.0,10598.0
392418,2021-12-10,2059.7,2090.0,2116.95,2049.0,15984.0
392418,2021-12-20,1965.9,1990.9,1999.9,1959.25,9649.0
392418,2021-12-22,2002.95,1978.4,2008.9,1978.4,2729.0
392418,2022-01-10,1985.15,2009.0,2026.2,1980.0,13370.0
392418,2022-02-04,1902.45,1948.0,1950.0,1890.0,14564.0
392418,2022-02-07,1925.5,1915.0,1944.7,1915.0,9525.0
392418,2022-02-09,1898.8,1905.05,1935.0,1895.15,4831.0
392418,2022-02-21,1928.25,1945.0,1964.0,1922.0,19223.0
392418,2022-02-28,1886.1,1879.0,1895.0,1870.0,6890.0
392418,2022-04-13,1895.3,1923.75,1923.75,1892.0,5966.0
392418,2022-04-21,1900.65,1875.0,1910.2,1875.0,4931.0
392418,2022-05-09,1825.3,1831.0,1831.0,1812.05,2705.0
392418,2022-05-10,1812.6,1829.95,1837.0,1810.0,5070.0
392418,2022-08-03,1949.4,1950.7,1985.0,1935.05,11960.0
392418,2022-08-22,1897.4,1900.05,1915.95,1891.0,3271.0
392418,2022-09-02,1940.35,1963.0,1963.0,1939.0,20015.0
392418,2022-09-21,2214.0,2142.0,2236.2,2137.3,41875.0
392418,2022-09-27,2175.6,2164.75,2213.75,2154.65,69629.0
392418,2022-10-10,2211.7,2187.0,2233.0,2187.0,10112.0
392418,2022-10-24,2130.25,2140.0,2154.95,2124.8,1663.0
392418,2022-11-15,2299.8,2342.5,2388.8,2275.7,26104.0
392418,2022-11-23,2350.25,2351.75,2369.95,2334.95,14712.0
392418,2022-12-16,2276.65,2285.85,2296.6,2240.15,14752.0
392418,2023-01-20,2259.1,2300.0,2323.45,2250.0,4772.0
392418,2023-01-30,2242.2,2259.3,2259.3,2207.6,3726.0
392418,2023-03-03,2184.85,2169.5,2194.25,2152.55,4113.0
392418,2023-03-28,2331.2,2320.0,2360.0,2301.1,13899.0
392418,2023-04-26,2291.8,2287.45,2297.0,2280.05,8925.0
392418,2023-05-04,2428.15,2440.0,2474.45,2419.95,17085.0
392418,2023-05-19,2434.0,2415.0,2461.0,2390.0,10303.0
392418,2023-06-16,2452.45,2443.45,2476.7,2440.7,9103.0
392418,2023-07-05,2486.1,2427.8,2495.0,2427.8,18336.0
392418,2023-07-11,2699.5,2685.2,2707.45,2622.25,34487.0
392418,2023-08-07,2829.95,2848.0,2857.15,2802.05,9999.0
392418,2021-04-05,2371.75,2390.0,2404.45,2342.0,36820.0
392418,2021-03-22,2213.6,2205.0,2230.0,2178.85,10866.0
392418,2021-04-01,2371.05,2308.1,2378.0,2297.2,17016.0
392418,2021-04-27,2229.1,2215.0,2278.95,2215.0,22928.0
392418,2021-06-09,2270.5,2279.95,2295.1,2265.2,7701.0
392418,2021-06-17,2267.9,2296.0,2310.0,2259.0,12614.0
392418,2021-07-13,2287.7,2261.3,2302.55,2261.3,3503.0
392418,2021-07-14,2296.5,2289.15,2306.45,2276.7,5517.0
392418,2021-07-16,2281.55,2300.0,2303.25,2278.0,4162.0
392418,2021-07-19,2264.4,2265.0,2287.95,2260.0,5022.0
392418,2021-09-01,2276.75,2234.95,2298.5,2222.2,36298.0
392418,2021-10-01,2249.65,2284.35,2284.35,2240.2,6934.0
392418,2021-10-19,2206.0,2230.0,2230.0,2203.2,6264.0
392418,2021-10-27,2119.0,2119.9,2150.9,2111.0,9074.0
392418,2021-11-11,2126.05,2123.5,2130.0,2091.1,5393.0
392418,2021-11-24,2187.35,2181.6,2196.45,2169.65,4030.0
392418,2021-12-02,2080.9,2108.0,2108.0,2061.7,4497.0
392418,2021-12-23,2020.9,2013.0,2033.8,2001.5,4286.0
392418,2022-01-21,1970.3,1985.0,1991.0,1967.15,7787.0
392418,2022-02-14,1912.5,1875.0,1919.6,1860.0,78351.0
392418,2022-03-08,1824.4,1830.0,1856.0,1809.0,6779.0
392418,2022-04-28,1883.05,1880.0,1897.75,1875.45,3369.0
392418,2022-05-16,1759.0,1773.35,1773.35,1752.0,2248.0
392418,2022-06-22,1785.7,1725.0,1800.0,1714.05,6241.0
392418,2022-06-29,1799.95,1780.0,1803.0,1772.3,44564.0
392418,2022-08-10,1936.5,1930.0,1954.95,1915.85,6985.0
392418,2022-08-12,1917.55,1950.7,1955.0,1906.05,6129.0
392418,2022-09-08,2015.95,2025.0,2066.5,2010.0,22449.0
392418,2022-09-30,2205.65,2181.05,2230.25,2100.1,40572.0
392418,2022-10-12,2172.8,2220.0,2231.2,2165.5,8649.0
392418,2022-11-24,2334.4,2369.0,2394.95,2323.0,12093.0
392418,2022-12-06,2301.2,2307.0,2378.0,2290.0,22035.0
392418,2023-01-09,2169.65,2215.05,2225.95,2160.1,6491.0
392418,2023-01-24,2238.2,2246.35,2255.65,2226.0,7996.0
392418,2023-02-10,2315.3,2314.0,2365.0,2293.85,92574.0
392418,2023-02-21,2173.35,2180.1,2195.0,2160.0,5048.0
392418,2023-03-02,2152.2,2145.15,2161.95,2140.0,3767.0
392418,2023-03-08,2263.2,2247.0,2290.15,2205.4,17899.0
392418,2023-04-19,2306.05,2324.55,2346.0,2294.35,12014.0
392418,2023-04-28,2324.7,2295.05,2329.0,2283.75,15138.0
392418,2023-05-18,2424.55,2485.0,2489.0,2413.25,7184.0
392418,2023-05-23,2507.85,2453.15,2548.75,2383.3,71472.0
392418,2023-06-26,2434.25,2465.0,2485.0,2423.1,9470.0
392418,2023-07-18,2744.1,2772.55,2777.55,2730.0,10018.0
392418,2023-08-22,2800.8,2798.4,2834.95,2782.05,10976.0
392418,2021-05-03,2248.4,2235.0,2260.0,2212.4,9700.0
392418,2021-05-14,2180.45,2192.0,2230.0,2175.0,32304.0
392418,2021-09-29,2258.3,2200.0,2274.4,2190.8,39119.0
392418,2021-10-12,2233.7,2235.0,2250.0,2217.5,31377.0
392418,2021-10-14,2221.15,2248.0,2255.75,2211.0,16475.0
392418,2021-10-20,2197.85,2205.0,2218.15,2184.65,6724.0
392418,2021-11-12,2116.0,2149.9,2149.9,2090.0,20020.0
392418,2021-11-22,2184.8,2200.0,2200.0,2152.55,18178.0
392418,2021-12-14,2039.75,2063.25,2068.45,2031.0,104861.0
392418,2021-12-27,1990.1,1984.0,1995.05,1972.4,1840.0
392418,2022-04-25,1871.9,1881.1,1882.5,1865.0,2173.0
392418,2022-06-09,1782.75,1779.4,1790.0,1770.0,1790.0
392418,2022-06-13,1785.75,1785.0,1797.55,1751.05,3882.0
392418,2022-07-22,1924.75,1933.0,1939.65,1918.05,2578.0
392418,2022-07-28,1983.75,1974.4,1990.95,1935.05,9829.0
392418,2022-09-13,2047.3,2000.1,2118.0,2000.1,173533.0
392418,2022-09-29,2190.1,2197.8,2209.7,2181.0,9495.0
392418,2022-10-06,2209.65,2190.0,2225.0,2189.75,13629.0
392418,2022-10-11,2223.8,2217.3,2241.95,2169.05,12314.0
392418,2022-10-13,2113.25,2183.7,2189.95,2105.0,11306.0
392418,2022-11-07,2106.35,2140.0,2155.1,2094.05,18749.0
392418,2022-12-02,2296.6,2326.0,2327.0,2280.0,11563.0
392418,2022-12-12,2295.9,2251.95,2319.8,2251.95,17767.0
392418,2022-12-15,2285.85,2309.95,2309.95,2256.0,7347.0
392418,2022-12-28,2201.05,2216.85,2243.6,2187.95,4400.0
392418,2023-01-17,2255.7,2208.85,2272.5,2202.15,15122.0
392418,2023-02-06,2202.8,2210.3,2232.0,2186.05,5614.0
392418,2023-02-13,2265.65,2334.3,2348.0,2240.0,25608.0
392418,2023-03-15,2320.65,2359.2,2379.25,2290.0,24868.0
392418,2023-04-13,2303.85,2256.75,2310.7,2252.25,12039.0
392418,2023-04-24,2298.8,2324.9,2324.9,2275.0,22600.0
392418,2023-05-09,2439.1,2455.0,2475.8,2421.05,12073.0
392418,2023-05-12,2470.45,2475.0,2490.0,2455.05,9498.0
392418,2023-08-03,2899.85,2755.45,2930.85,2755.45,149660.0
392418,2023-08-18,2826.65,2849.25,2849.25,2796.35,6820.0
392418,2021-06-11,2293.9,2290.0,2345.95,2282.0,18424.0
392418,2021-06-15,2320.75,2319.0,2345.0,2314.0,11028.0
392418,2021-08-16,2224.95,2220.0,2239.6,2215.45,197979.0
392418,2021-08-31,2211.45,2204.1,2219.4,2196.1,60639.0
392418,2021-11-02,2115.4,2080.0,2125.0,2080.0,5086.0
392418,2021-12-07,2072.5,2087.65,2089.6,2061.3,3466.0
392418,2022-02-01,1928.1,1940.5,1950.15,1917.0,7314.0
392418,2022-02-22,1917.75,1885.0,1930.0,1865.0,18405.0
392418,2022-02-24,1850.95,1895.0,1895.0,1831.0,15865.0
392418,2022-05-25,1729.0,1781.3,1782.0,1722.85,3643.0
392418,2022-06-10,1785.8,1788.0,1792.9,1773.7,51927.0
392418,2022-07-15,1920.15,1924.95,1930.0,1908.0,2327.0
392418,2022-07-29,1945.0,1985.0,1993.7,1940.0,4469.0
392418,2022-08-04,1905.0,1965.0,1967.3,1897.0,11623.0
392418,2022-08-17,1939.9,1964.8,1964.8,1933.7,11088.0
392418,2022-08-18,1944.8,1949.6,1972.0,1940.05,6831.0
392418,2022-08-25,1932.7,1934.05,1944.0,1927.0,14663.0
392418,2022-10-18,2156.1,2179.0,2179.0,2135.4,5303.0
392418,2022-10-25,2140.15,2140.9,2170.0,2133.05,3473.0
392418,2022-11-02,2148.4,2162.1,2168.3,2130.25,2884.0
392418,2022-11-04,2105.2,2162.25,2177.0,2060.95,14967.0
392418,2023-01-02,2221.2,2248.0,2249.0,2208.5,3384.0
392418,2023-01-19,2316.95,2283.0,2336.55,2262.7,19844.0
392418,2023-02-01,2231.05,2252.0,2269.95,2202.35,3575.0
392418,2023-03-20,2263.75,2317.9,2349.95,2250.0,11549.0
392418,2023-04-06,2231.45,2249.9,2249.9,2215.6,5297.0
392418,2023-04-17,2305.65,2315.0,2349.5,2291.85,22441.0
392418,2023-04-20,2308.6,2306.15,2349.0,2304.5,19894.0
392418,2023-06-14,2424.9,2418.45,2432.4,2403.2,8700.0
392418,2023-07-10,2683.0,2530.0,2721.9,2526.3,97531.0
392418,2023-07-13,2737.75,2754.9,2800.0,2730.0,30599.0
392418,2023-07-26,2712.65,2668.4,2722.85,2645.55,22012.0
392418,2023-07-31,2775.2,2719.4,2784.9,2719.4,45639.0
392418,2021-04-19,2198.55,2234.0,2239.75,2189.6,14766.0
392418,2021-04-28,2240.6,2239.8,2275.0,2231.0,14105.0
392418,2021-06-10,2284.45,2275.95,2292.0,2270.15,8602.0
392418,2021-06-28,2289.65,2301.0,2319.85,2283.5,24343.0
392418,2021-07-27,2265.0,2276.8,2287.95,2262.05,5244.0
392418,2021-07-28,2255.15,2268.7,2270.1,2240.0,4613.0
392418,2021-08-06,2225.55,2211.05,2262.5,2211.05,16281.0
392418,2021-10-26,2093.6,2159.0,2159.0,2085.0,13201.0
392418,2021-11-15,2108.55,2090.0,2138.35,2090.0,2780.0
392418,2021-12-01,2093.95,2068.5,2098.0,2053.65,4137.0
392418,2021-12-08,2074.8,2082.85,2095.2,2065.0,5664.0
392418,2021-12-15,2053.85,2038.0,2086.0,2037.95,11693.0
392418,2022-01-05,2020.75,2050.0,2050.0,2010.0,4218.0
392418,2022-01-11,1980.0,1995.1,2003.85,1975.0,8026.0
392418,2022-01-12,1975.05,1989.9,2002.0,1968.1,10073.0
392418,2022-01-18,1975.2,1980.0,1993.3,1967.9,10950.0
392418,2022-02-16,1946.3,1936.9,1971.0,1925.0,9449.0
392418,2022-03-23,1947.0,1947.0,1954.3,1925.0,3903.0
392418,2022-03-25,1944.9,1921.05,1955.9,1900.35,7417.0
392418,2022-04-20,1872.75,1881.05,1894.15,1865.05,4319.0
392418,2022-06-15,1761.8,1778.25,1785.0,1751.0,1997.0
392418,2022-06-16,1745.0,1770.0,1776.55,1725.0,9183.0
392418,2022-06-30,1885.15,1808.9,1919.0,1795.0,13272.0
392418,2022-07-11,1886.65,1899.0,1899.0,1875.0,1435.0
392418,2022-08-01,1946.75,1950.25,1977.95,1935.0,7422.0
392418,2022-10-03,2211.1,2235.0,2260.0,2190.0,18783.0
392418,2022-10-14,2046.1,2123.85,2145.6,2029.4,17288.0
392418,2022-11-14,2342.5,2277.5,2354.4,2266.55,36069.0
392418,2022-11-17,2333.85,2290.05,2343.95,2288.05,29846.0
392418,2022-11-25,2310.0,2340.0,2345.95,2290.5,6368.0
392418,2022-12-01,2297.8,2284.95,2336.7,2284.95,17120.0
392418,2022-12-09,2251.15,2271.65,2290.0,2230.0,8348.0
392418,2023-02-02,2213.9,2208.75,2262.0,2192.75,4543.0
392418,2023-03-13,2291.8,2285.0,2324.95,2235.2,15449.0
392418,2023-03-14,2295.6,2313.0,2323.0,2291.0,9064.0
392418,2023-05-15,2479.1,2468.0,2500.0,2448.0,15812.0
392418,2023-08-04,2822.8,2940.0,2940.0,2812.05,21671.0
392418,2021-03-02,2208.4,2168.25,2219.85,2150.05,26115.0
392418,2021-03-09,2226.95,2238.95,2243.9,2210.25,18920.0
392418,2021-04-23,2219.65,2219.9,2240.3,2205.1,7463.0
392418,2021-05-18,2225.5,2200.0,2233.0,2200.0,10500.0
392418,2021-05-25,2250.4,2201.25,2275.0,2201.25,22833.0
392418,2021-05-27,2278.25,2330.0,2330.0,2272.0,18929.0
392418,2021-06-07,2277.2,2287.3,2300.0,2270.4,7805.0
392418,2021-07-05,2354.3,2350.0,2369.75,2321.0,15180.0
392418,2021-07-22,2270.3,2290.0,2305.0,2253.05,9737.0
392418,2021-08-24,2184.9,2194.6,2211.25,2174.0,8157.0
392418,2021-10-08,2239.05,2248.0,2265.0,2235.0,4668.0
392418,2021-11-04,2125.8,2109.95,2300.0,2100.0,4856.0
392418,2021-12-30,2024.9,1990.0,2039.0,1982.0,7113.0
392418,2022-01-25,1958.1,1925.0,1968.85,1911.65,7952.0
392418,2022-04-04,1921.9,1922.7,1931.0,1900.55,5595.0
392418,2022-04-07,1892.8,1925.0,1926.0,1887.0,11104.0
392418,2022-06-07,1777.55,1793.8,1793.8,1765.0,16015.0
392418,2022-07-06,1850.5,1882.2,1920.8,1821.1,13975.0
392418,2022-09-28,2188.55,2190.0,2204.9,2170.8,7705.0
392418,2023-01-18,2282.55,2245.5,2292.0,2245.5,12302.0
392418,2023-02-27,2145.65,2204.0,2204.0,2133.0,8231.0
392418,2023-03-01,2145.15,2136.0,2167.25,2125.35,8528.0
392418,2023-05-05,2408.55,2437.0,2449.0,2400.05,11089.0
392418,2023-05-08,2448.8,2421.0,2488.0,2419.4,18739.0
392418,2023-05-16,2472.25,2482.0,2500.0,2448.0,8667.0
392418,2023-05-26,2499.1,2439.0,2512.35,2419.95,20148.0
392418,2023-06-05,2407.75,2453.2,2473.05,2395.1,17804.0
392418,2023-06-07,2404.55,2395.0,2410.95,2388.0,6958.0
392418,2023-06-30,2432.85,2431.2,2449.9,2427.45,5609.0
392418,2023-07-27,2742.8,2688.0,2764.0,2672.15,23186.0
392418,2023-08-02,2781.05,2836.8,2843.95,2719.75,19868.0
392418,2023-08-09,2779.0,2811.4,2836.0,2760.15,12525.0
392418,2023-08-10,2814.75,2779.0,2841.45,2760.05,13644.0
