stockid,date,close,open,high,low,volume
1003455,2021-03-30,22.95,23.15,23.3,22.9,14310179.0
1003455,2021-05-07,21.1,21.1,21.15,21.0,8322642.0
1003455,2021-05-31,23.75,23.45,23.95,23.35,19396582.0
1003455,2021-06-21,24.9,24.5,24.95,24.3,14319848.0
1003455,2021-06-30,24.85,25.4,25.45,24.6,34846415.0
1003455,2021-07-20,23.25,23.35,23.45,23.2,7502994.0
1003455,2021-08-11,23.05,23.05,23.2,22.8,8655301.0
1003455,2021-08-17,23.35,23.75,23.75,23.25,7973831.0
1003455,2021-09-13,22.95,23.1,23.15,22.9,8635952.0
1003455,2021-09-14,22.95,23.1,23.1,22.9,11404677.0
1003455,2021-10-28,24.15,24.85,24.95,24.05,17364266.0
1003455,2021-11-09,25.85,25.7,26.0,25.35,27949534.0
1003455,2021-12-02,23.25,23.35,23.35,23.1,4187212.0
1003455,2021-12-28,22.8,22.6,22.9,22.55,4058607.0
1003455,2021-12-29,22.85,22.85,23.05,22.8,3573893.0
1003455,2022-02-07,23.05,23.1,23.15,23.0,5132340.0
1003455,2022-02-11,22.95,23.15,23.2,22.9,7856571.0
1003455,2022-03-11,21.65,21.75,22.0,21.6,10641873.0
1003455,2022-03-29,21.55,21.85,21.9,21.55,6497792.0
1003455,2022-03-30,21.5,21.65,21.75,21.45,6814486.0
1003455,2022-05-04,22.0,22.25,22.35,22.0,5020823.0
1003455,2022-08-19,21.25,21.4,21.55,21.25,3208472.0
1003455,2022-08-26,21.25,21.25,21.5,21.2,4050990.0
1003455,2022-09-20,21.65,21.6,21.8,21.55,2769912.0
1003455,2022-09-21,21.5,21.65,21.85,21.4,5095250.0
1003455,2022-09-30,21.25,21.35,21.45,21.15,3226644.0
1003455,2022-10-04,21.35,21.3,21.45,21.3,2654820.0
1003455,2022-10-14,21.4,21.4,21.55,21.35,2736083.0
1003455,2021-02-01,25.1,25.25,25.4,24.9,72044464.0
1003455,2021-03-23,23.8,23.9,24.1,23.75,13742805.0
1003455,2021-04-08,21.95,22.1,22.35,21.9,18025782.0
1003455,2021-05-12,23.4,23.0,23.8,23.0,34159626.0
1003455,2021-05-25,23.95,24.2,24.25,23.85,15738661.0
1003455,2021-02-19,25.35,25.65,25.7,25.2,14542153.0
1003455,2021-07-09,23.7,23.85,23.9,23.65,8652360.0
1003455,2021-08-27,22.85,22.85,23.0,22.75,6665003.0
1003455,2021-03-05,24.95,25.4,25.55,24.8,25255199.0
1003455,2021-04-28,21.15,21.3,21.35,21.1,14514238.0
1003455,2021-07-14,23.5,23.8,23.85,23.45,15287631.0
1003455,2021-09-06,23.05,23.1,23.15,23.0,3775722.0
1003455,2021-07-15,23.2,23.55,23.6,23.2,13068468.0
1003455,2021-09-24,22.3,22.45,22.55,22.25,10388205.0
1003455,2021-08-06,23.55,23.5,23.6,23.3,8223906.0
1003455,2021-11-10,24.8,25.15,25.25,24.7,18408557.0
1003455,2021-08-18,23.45,23.35,23.9,23.1,7908641.0
1003455,2021-12-01,23.15,23.4,23.45,23.1,5898569.0
1003455,2021-09-07,23.0,23.1,23.15,22.95,5302631.0
1003455,2021-09-08,23.0,23.05,23.15,23.0,3914433.0
1003455,2021-12-09,23.6,23.55,23.8,23.35,5503212.0
1003455,2021-12-13,23.6,23.9,23.9,23.55,4212726.0
1003455,2021-09-27,22.45,22.4,22.5,22.35,8668665.0
1003455,2021-12-20,22.5,22.75,22.75,22.45,7969017.0
1003455,2021-10-07,23.55,23.85,23.9,23.5,9134428.0
1003455,2021-11-22,23.75,23.5,24.0,23.35,15144944.0
1003455,2021-12-22,22.6,22.6,22.7,22.4,7072820.0
1003455,2022-02-02,23.25,23.25,23.4,23.15,5780813.0
1003455,2022-02-04,23.05,23.2,23.3,23.0,5329628.0
1003455,2022-01-27,22.95,23.0,23.15,22.8,7169492.0
1003455,2022-02-08,23.0,23.1,23.15,22.9,5051898.0
1003455,2022-03-08,21.55,21.15,21.8,21.05,8292033.0
1003455,2022-03-04,21.55,21.7,21.7,21.45,4796578.0
1003455,2022-03-15,22.15,22.3,22.45,22.05,6846313.0
1003455,2022-06-03,21.4,21.5,21.55,21.35,2376146.0
1003455,2022-04-29,22.3,22.4,22.65,22.2,5980303.0
1003455,2022-05-02,22.25,22.25,22.3,22.15,5574697.0
1003455,2022-06-16,20.2,20.8,20.8,20.0,7871297.0
1003455,2022-06-24,19.75,19.85,19.9,19.7,3141275.0
1003455,2022-06-01,21.25,21.3,21.35,21.2,4618347.0
1003455,2022-06-29,19.65,19.55,19.75,19.45,2911052.0
1003455,2022-07-28,20.4,20.4,20.5,20.35,1509341.0
1003455,2022-09-06,22.4,22.15,22.5,22.1,7029366.0
1003455,2022-10-07,21.35,21.35,21.4,21.25,1793061.0
1003455,2022-09-08,22.75,22.85,23.0,22.7,8544734.0
1003455,2022-10-28,22.35,22.3,22.6,22.3,6390289.0
1003455,2022-09-28,21.25,21.8,21.8,21.05,6152889.0
1003455,2021-03-19,23.95,24.0,24.1,23.5,15260549.0
1003455,2021-04-09,21.95,22.0,22.05,21.9,16396258.0
1003455,2021-06-08,24.75,24.95,25.0,24.4,25856634.0
1003455,2021-07-08,23.8,23.85,24.2,23.7,14740358.0
1003455,2021-09-03,23.05,23.0,23.15,23.0,4485349.0
1003455,2021-09-09,23.05,23.05,23.1,23.0,3847580.0
1003455,2021-10-20,23.55,23.9,23.95,23.4,12927201.0
1003455,2021-12-21,22.5,22.55,22.75,22.45,7246168.0
1003455,2022-01-06,22.85,22.8,22.95,22.7,7417986.0
1003455,2022-01-12,23.05,23.15,23.15,22.95,7981078.0
1003455,2022-01-17,24.05,23.95,24.25,23.8,16579585.0
1003455,2022-02-28,21.6,21.4,21.65,21.2,3719485.0
1003455,2022-04-08,22.5,22.4,22.6,22.35,5812243.0
1003455,2022-05-10,21.45,21.8,21.85,21.45,6627695.0
1003455,2022-05-11,21.4,21.5,21.55,21.2,5823704.0
1003455,2022-05-16,21.35,21.35,21.9,21.25,6334547.0
1003455,2022-05-17,21.5,21.45,21.65,21.4,3964019.0
1003455,2022-05-18,21.55,21.65,21.8,21.5,3198002.0
1003455,2022-06-10,21.15,21.15,21.2,21.1,1628912.0
1003455,2022-07-14,20.0,20.05,20.1,19.95,2438490.0
1003455,2022-09-23,21.3,21.5,21.5,21.25,3349284.0
1003455,2022-09-26,20.9,21.25,21.25,20.8,6258183.0
1003455,2022-10-21,21.35,21.3,21.4,21.3,1874409.0
1003455,2021-02-05,25.7,25.6,26.2,25.55,56318695.0
1003455,2021-02-16,25.9,25.9,26.0,25.8,34557518.0
1003455,2021-03-26,23.05,23.2,23.3,22.9,16323314.0
1003455,2021-04-26,21.0,21.1,21.35,20.95,12051423.0
1003455,2021-05-06,21.1,21.1,21.15,21.0,7525053.0
1003455,2021-05-28,23.45,23.65,23.75,23.3,10532654.0
1003455,2021-08-04,23.6,23.65,23.7,23.2,15813294.0
1003455,2021-08-05,23.65,23.6,23.8,23.2,10469724.0
1003455,2021-10-06,23.65,23.6,24.2,23.55,40508684.0
1003455,2021-10-19,23.85,24.45,24.6,23.65,23602125.0
1003455,2021-11-15,24.3,24.7,24.75,24.2,7472234.0
1003455,2021-12-23,22.9,22.7,23.05,22.65,8518409.0
1003455,2021-12-27,22.6,22.6,22.7,22.45,4025184.0
1003455,2021-12-30,22.8,22.9,22.95,22.75,2701320.0
1003455,2022-02-17,22.45,22.65,22.65,22.4,2990546.0
1003455,2022-03-22,22.35,22.65,22.75,22.2,7366442.0
1003455,2022-04-13,22.25,22.25,22.4,22.15,4063739.0
1003455,2022-05-09,21.7,21.7,21.75,21.45,4374681.0
1003455,2022-05-25,21.3,21.7,21.7,21.25,3077016.0
1003455,2022-05-30,21.25,21.25,21.35,21.2,3085932.0
1003455,2022-06-15,20.75,20.75,20.8,20.7,3060444.0
1003455,2022-06-17,19.8,20.1,20.1,19.75,6562891.0
1003455,2022-07-13,20.1,20.3,20.3,20.05,1711397.0
1003455,2022-07-26,20.4,20.5,20.55,20.4,1044496.0
1003455,2022-08-01,20.95,20.7,21.35,20.55,5196431.0
1003455,2021-02-22,25.0,25.3,25.4,24.95,16652770.0
1003455,2021-02-23,24.95,25.0,25.15,24.9,13021961.0
1003455,2021-02-25,24.95,24.95,25.2,24.9,22761296.0
1003455,2021-03-22,23.9,24.0,24.5,23.85,13817385.0
1003455,2021-05-11,22.95,22.35,23.1,22.2,33120701.0
1003455,2021-06-25,24.7,24.7,24.85,24.6,8120462.0
1003455,2021-07-16,23.3,23.35,23.55,23.25,16212009.0
1003455,2021-07-26,23.25,23.25,23.4,23.2,7567068.0
1003455,2021-08-09,23.55,23.55,23.65,23.35,7670837.0
1003455,2021-09-30,22.85,22.9,23.05,22.7,14638191.0
1003455,2021-10-26,24.9,25.0,25.4,24.6,24445799.0
1003455,2021-11-12,24.4,24.55,24.65,24.2,9367045.0
1003455,2022-01-04,23.05,23.1,23.2,22.95,6402243.0
1003455,2022-01-18,23.7,24.25,24.35,23.65,7441045.0
1003455,2022-02-03,23.2,23.25,23.35,23.15,4151889.0
1003455,2022-02-14,22.1,22.8,22.85,22.0,11887542.0
1003455,2022-03-14,22.1,21.85,22.15,21.65,7375969.0
1003455,2022-03-28,21.8,22.1,22.25,21.75,7159635.0
1003455,2022-04-05,22.15,21.65,22.3,21.65,8377562.0
1003455,2022-05-26,21.25,21.3,21.4,21.1,3482555.0
1003455,2022-07-08,19.95,20.0,20.1,19.95,2821482.0
1003455,2022-09-22,21.45,21.5,21.55,21.3,3121582.0
1003455,2022-10-19,21.45,21.5,21.5,21.35,3812012.0
1003455,2021-02-02,24.75,25.45,25.45,24.7,36735442.0
1003455,2021-02-26,24.65,24.85,24.95,24.5,36424500.0
1003455,2021-03-02,25.65,26.1,26.3,25.45,48494934.0
1003455,2021-03-24,23.45,23.8,23.9,23.4,16788250.0
1003455,2021-05-20,23.1,23.2,23.65,22.95,21995952.0
1003455,2021-06-16,24.95,25.3,25.5,24.85,27411596.0
1003455,2021-08-12,23.95,23.15,24.1,23.05,13674855.0
1003455,2021-09-02,23.0,23.1,23.15,22.95,4622547.0
1003455,2021-09-17,22.8,22.9,22.95,22.7,24880477.0
1003455,2021-10-05,23.6,23.8,23.95,23.55,13352924.0
1003455,2021-11-08,25.4,25.5,25.65,25.05,22364054.0
1003455,2021-11-17,24.0,24.15,24.25,23.95,7206748.0
1003455,2021-12-06,23.3,23.5,23.55,23.2,5983533.0
1003455,2022-02-09,23.05,23.05,23.15,23.0,3686570.0
1003455,2022-04-25,22.3,22.4,22.45,22.15,6980246.0
1003455,2022-05-13,21.3,21.25,21.35,21.25,3492615.0
1003455,2022-07-11,20.15,19.95,20.25,19.9,2136231.0
1003455,2022-07-21,20.55,20.65,20.65,20.55,1861097.0
1003455,2022-08-18,21.4,21.3,21.55,21.25,3367337.0
1003455,2022-08-29,21.35,21.1,21.5,20.95,3976760.0
1003455,2022-09-19,21.6,21.9,21.9,21.55,4090063.0
1003455,2022-10-20,21.3,21.45,21.45,21.25,2138398.0
1003455,2022-10-24,21.6,21.7,21.7,21.5,2874558.0
1003455,2021-02-10,25.4,25.4,25.8,25.0,33132159.0
1003455,2021-02-24,24.9,24.9,25.2,24.85,10958830.0
1003455,2021-04-15,21.1,21.3,21.35,20.9,18166238.0
1003455,2021-06-17,24.7,24.9,25.25,24.55,24326370.0
1003455,2021-07-30,23.0,22.95,23.2,22.85,7024120.0
1003455,2021-08-02,23.3,23.15,23.8,23.1,18872464.0
1003455,2021-09-15,22.85,22.95,23.0,22.8,17256868.0
1003455,2021-09-16,22.8,22.9,22.95,22.7,22286215.0
1003455,2021-09-22,22.35,22.45,22.6,22.3,9723023.0
1003455,2021-09-23,22.4,22.45,22.5,22.35,8459264.0
1003455,2021-10-14,23.6,23.7,23.85,23.6,12702200.0
1003455,2021-11-16,24.25,24.4,24.4,24.2,4493317.0
1003455,2021-11-29,23.15,23.15,23.9,22.7,26736896.0
1003455,2022-01-31,23.35,23.4,23.4,23.15,6102682.0
1003455,2022-04-19,22.0,22.1,22.4,21.9,8634544.0
1003455,2022-05-20,21.5,21.6,21.95,21.45,6539615.0
1003455,2022-06-09,21.2,21.2,21.25,21.15,1638001.0
1003455,2022-07-25,20.55,20.75,20.8,20.45,2621417.0
1003455,2022-08-25,21.1,21.05,21.35,21.05,2519955.0
1003455,2022-09-16,22.0,22.1,22.25,21.8,7621644.0
1003455,2022-09-29,21.35,21.4,21.45,21.25,2861215.0
1003455,2022-10-12,21.35,21.45,21.5,21.35,2250705.0
1003455,2021-01-29,24.8,24.9,25.8,24.35,381938573.0
1003455,2021-02-09,25.3,25.75,25.8,25.2,25243532.0
1003455,2021-03-10,24.85,25.0,25.1,24.85,11360743.0
1003455,2021-04-16,21.75,21.25,22.0,21.05,22174311.0
1003455,2021-04-20,21.25,21.15,21.65,21.1,12199610.0
1003455,2021-04-27,21.2,21.1,21.5,21.05,14181276.0
1003455,2021-06-03,23.6,23.6,23.7,23.55,10748652.0
1003455,2021-06-04,23.7,23.55,23.95,23.45,21328589.0
1003455,2021-06-11,24.45,24.6,24.75,24.35,15835535.0
1003455,2021-06-14,24.7,24.7,24.8,24.2,18111116.0
1003455,2021-06-23,24.85,25.1,25.1,24.7,13104410.0
1003455,2021-07-22,23.55,23.4,23.65,23.3,9446372.0
1003455,2021-08-13,23.8,24.0,24.15,23.7,9734894.0
1003455,2021-08-20,23.0,23.3,23.35,22.95,9048947.0
1003455,2021-08-26,22.9,23.1,23.2,22.85,4388277.0
1003455,2021-08-30,23.0,22.9,23.15,22.9,6514245.0
1003455,2021-09-01,23.05,23.05,23.15,22.95,5746286.0
1003455,2021-09-20,22.65,22.75,22.9,22.6,10239638.0
1003455,2021-10-13,23.65,23.5,24.1,23.4,13948613.0
1003455,2021-10-18,24.35,23.8,24.75,23.7,43875005.0
1003455,2021-10-27,24.85,25.0,25.3,24.8,18162921.0
1003455,2021-11-02,24.55,24.8,24.85,24.45,12204586.0
1003455,2022-03-10,21.8,21.9,21.95,21.7,5835297.0
1003455,2022-03-25,22.1,22.35,22.4,22.05,5570071.0
1003455,2022-04-18,22.0,22.25,22.3,21.9,4439796.0
1003455,2022-05-12,21.15,21.4,21.4,21.1,6472563.0
1003455,2022-07-22,20.75,20.6,20.95,20.55,2691375.0
1003455,2021-03-17,24.15,24.55,24.6,24.1,14312130.0
1003455,2021-04-01,22.85,23.0,23.2,22.7,18367745.0
1003455,2021-04-12,20.85,21.85,21.85,20.8,25942981.0
1003455,2021-04-13,21.45,20.85,21.5,20.8,14831755.0
1003455,2021-04-30,21.3,21.05,21.4,21.0,11713860.0
1003455,2021-05-21,23.35,23.2,23.4,23.15,14712804.0
1003455,2021-06-09,24.3,24.85,24.95,24.2,28032813.0
1003455,2021-07-23,23.3,23.6,23.6,23.25,6701681.0
1003455,2021-08-31,22.95,23.0,23.35,22.85,12755814.0
1003455,2021-10-01,23.9,22.85,24.0,22.75,35110359.0
1003455,2021-10-21,24.2,23.65,24.35,23.6,25331808.0
1003455,2021-10-29,24.2,23.85,24.35,23.25,16105471.0
1003455,2022-01-25,23.0,22.8,23.1,22.5,6995265.0
1003455,2022-01-28,23.05,23.05,23.3,23.0,5703163.0
1003455,2022-02-15,22.5,22.35,22.55,22.1,6329315.0
1003455,2022-04-11,22.5,22.6,22.65,22.4,5636321.0
1003455,2022-04-28,22.4,22.45,22.5,22.2,5196942.0
1003455,2022-05-06,21.7,21.85,22.0,21.65,4008872.0
1003455,2022-06-06,21.25,21.4,21.4,21.2,3058575.0
1003455,2022-07-07,19.95,20.0,20.1,19.9,2256307.0
1003455,2022-07-20,20.65,20.4,20.75,20.4,2638431.0
1003455,2022-08-08,21.35,21.25,21.45,21.2,2242450.0
1003455,2022-08-11,21.2,21.5,21.6,21.15,3384528.0
1003455,2022-08-24,21.05,20.95,21.1,20.9,5540331.0
1003455,2022-09-27,21.15,21.05,21.3,20.9,4591378.0
1003455,2022-10-17,21.3,21.4,21.4,21.2,2903656.0
1003455,2021-02-03,24.25,24.8,24.9,24.05,45816269.0
1003455,2021-02-08,25.75,25.9,25.95,25.6,28324374.0
1003455,2021-02-17,25.3,25.3,25.6,24.9,28638408.0
1003455,2021-03-01,25.9,24.65,26.7,24.65,93579588.0
1003455,2021-03-09,24.95,24.95,25.5,24.8,21380757.0
1003455,2021-03-12,24.85,24.9,25.05,24.8,17086939.0
1003455,2021-04-05,22.5,22.85,22.9,22.3,20106460.0
1003455,2021-04-23,21.1,21.1,21.5,21.0,15602661.0
1003455,2021-05-14,23.05,23.7,23.85,23.0,18230175.0
1003455,2021-05-24,24.0,23.85,24.15,23.7,32823856.0
1003455,2021-05-26,23.85,24.1,24.1,23.8,10671045.0
1003455,2021-05-27,23.65,23.85,23.95,23.55,10133530.0
1003455,2021-07-06,24.05,24.35,24.5,23.75,17324102.0
1003455,2021-09-28,22.35,22.4,22.5,22.3,11350575.0
1003455,2021-11-25,23.7,23.75,23.8,23.55,5125837.0
1003455,2021-12-07,23.2,23.5,23.6,23.1,6328241.0
1003455,2022-01-03,23.05,22.95,23.1,22.9,6385594.0
1003455,2022-01-14,23.7,23.0,23.75,22.9,16831189.0
1003455,2022-01-21,23.3,23.5,23.85,23.25,8028725.0
1003455,2022-01-24,22.85,23.35,23.5,22.75,12317944.0
1003455,2022-02-22,21.75,21.8,21.9,21.65,7967669.0
1003455,2022-03-03,21.75,21.8,21.85,21.65,4153853.0
1003455,2022-04-01,21.5,21.4,21.6,21.35,10607411.0
1003455,2022-04-12,22.25,22.4,22.45,22.1,5415858.0
1003455,2022-05-19,21.4,21.35,21.65,21.25,4268661.0
1003455,2022-06-23,19.85,19.8,20.0,19.75,2903295.0
1003455,2022-06-30,19.65,19.65,19.7,19.55,2829852.0
1003455,2022-07-06,19.95,19.95,20.0,19.85,3057654.0
1003455,2022-08-05,21.25,21.3,21.45,21.2,2668174.0
1003455,2022-08-12,21.35,21.2,21.45,21.1,3140348.0
1003455,2022-09-01,21.7,21.35,21.95,21.3,7092597.0
1003455,2022-09-02,21.95,21.8,22.0,21.6,7214311.0
1003455,2022-09-12,22.95,22.85,23.05,22.6,11931156.0
1003455,2021-03-18,24.05,24.2,24.6,23.9,16168159.0
1003455,2021-04-07,22.15,22.0,22.3,21.9,14507382.0
1003455,2021-04-19,21.15,21.2,21.35,20.9,10477070.0
1003455,2021-04-22,21.05,21.15,21.3,21.0,8974995.0
1003455,2021-05-03,21.05,21.15,21.25,20.95,17512189.0
1003455,2021-05-04,20.95,21.15,21.15,20.9,26418223.0
1003455,2021-05-05,21.0,21.0,21.2,20.95,9381211.0
1003455,2021-06-02,23.5,23.55,24.0,23.45,12961145.0
1003455,2021-06-24,24.7,24.95,25.0,24.65,8410959.0
1003455,2021-07-01,24.25,24.95,25.0,24.2,23822346.0
1003455,2021-07-05,24.35,24.5,24.65,24.25,20315538.0
1003455,2021-08-03,23.55,23.35,23.75,23.25,11062324.0
1003455,2021-08-10,23.05,23.55,23.55,23.0,7343285.0
1003455,2021-08-16,23.75,24.25,24.25,23.65,9160653.0
1003455,2021-10-12,23.45,23.55,23.65,23.4,8386488.0
1003455,2021-10-22,25.8,24.4,26.15,24.15,115092468.0
1003455,2021-10-25,24.95,26.2,26.4,24.6,53319421.0
1003455,2021-11-30,23.25,23.15,23.6,23.15,4271236.0
1003455,2021-12-10,23.7,23.6,23.8,23.55,5319317.0
1003455,2021-02-04,25.35,24.25,25.8,23.85,88486029.0
1003455,2021-02-18,25.65,25.45,25.8,25.4,21022422.0
1003455,2021-03-15,24.65,24.9,24.95,24.5,17385997.0
1003455,2021-03-25,22.95,23.45,23.55,22.9,19233029.0
1003455,2021-05-10,22.55,21.15,22.7,21.1,51346170.0
1003455,2021-06-01,23.6,23.8,23.9,23.5,11780039.0
1003455,2021-07-07,23.8,23.85,24.35,23.65,16098633.0
1003455,2021-07-12,23.85,23.95,24.0,23.65,13596595.0
1003455,2021-07-13,23.7,23.95,24.05,23.7,13753544.0
1003455,2021-07-19,23.35,23.25,23.45,23.15,9181862.0
1003455,2021-07-29,22.85,23.0,23.1,22.85,6718597.0
1003455,2021-10-04,23.85,24.2,24.55,23.8,28542026.0
1003455,2021-10-08,23.6,23.65,23.8,23.55,7914906.0
1003455,2021-11-11,24.55,24.75,24.8,24.55,9087058.0
1003455,2021-11-18,23.55,23.95,24.05,23.55,12290674.0
1003455,2021-12-14,23.45,23.4,23.65,23.4,4350221.0
1003455,2021-12-15,23.3,23.45,23.55,23.2,4861713.0
1003455,2021-12-16,23.05,23.35,23.45,22.8,9157304.0
1003455,2021-12-17,22.8,23.1,23.1,22.7,10293500.0
1003455,2022-01-05,22.85,23.05,23.1,22.7,7127303.0
1003455,2022-01-07,22.95,23.0,23.05,22.9,5352715.0
1003455,2022-03-09,21.65,21.65,21.75,21.55,4997588.0
1003455,2022-03-17,22.85,22.45,23.2,22.1,15192734.0
1003455,2022-06-08,21.25,21.25,21.3,21.2,1632520.0
1003455,2022-06-20,19.5,19.8,19.85,19.3,4780572.0
1003455,2022-06-21,19.95,19.65,20.0,19.5,3006661.0
1003455,2022-06-27,19.75,19.85,19.9,19.7,3435302.0
1003455,2022-11-01,22.55,22.75,22.9,22.45,7735529.0
1003455,2022-11-02,22.65,22.65,22.75,22.5,5131538.0
1003455,2021-02-12,25.4,25.5,25.55,25.3,15658220.0
1003455,2021-03-08,24.85,25.1,25.25,24.8,16353985.0
1003455,2021-03-16,24.55,24.65,24.8,24.5,9649363.0
1003455,2021-05-17,23.05,23.15,23.45,23.0,13816130.0
1003455,2021-06-22,24.95,25.2,25.3,24.9,19440926.0
1003455,2021-08-24,22.95,22.6,23.05,22.6,8233304.0
1003455,2021-08-25,23.05,23.0,23.25,23.0,3960870.0
1003455,2021-10-11,23.55,23.75,23.8,23.55,7353291.0
1003455,2021-11-24,23.75,23.95,24.0,23.7,5884980.0
1003455,2021-11-26,23.35,23.5,23.7,23.3,7209870.0
1003455,2021-12-24,22.55,22.85,22.85,22.45,6593200.0
1003455,2022-01-10,22.95,23.05,23.05,22.9,8226337.0
1003455,2022-01-20,23.55,23.55,23.75,23.5,5622661.0
1003455,2022-02-21,22.05,22.1,22.2,22.0,5325454.0
1003455,2022-03-07,21.2,21.45,21.45,21.1,5512286.0
1003455,2022-03-16,22.25,22.25,22.35,22.1,4423308.0
1003455,2022-03-21,22.65,23.05,23.1,22.6,6083898.0
1003455,2022-04-26,22.3,22.3,22.4,22.25,4007088.0
1003455,2022-06-13,20.8,21.1,21.1,20.75,6978917.0
1003455,2022-06-28,19.65,19.8,19.8,19.55,3878945.0
1003455,2022-07-12,20.2,20.15,20.4,20.05,2131019.0
1003455,2022-08-16,21.35,21.4,21.45,21.25,3285567.0
1003455,2022-08-30,21.4,21.5,21.5,21.35,2987602.0
1003455,2022-08-02,21.25,21.0,21.4,20.95,3465913.0
1003455,2022-08-04,21.3,21.45,21.65,21.15,5179908.0
1003455,2022-08-10,21.35,21.4,21.6,21.25,3695871.0
1003455,2022-08-17,21.35,21.35,21.45,21.3,2817475.0
1003455,2022-08-22,20.95,21.3,21.3,20.9,2995773.0
1003455,2022-09-05,22.1,22.1,22.2,21.9,5413152.0
1003455,2022-09-09,22.85,22.8,22.95,22.55,7536327.0
1003455,2022-09-13,23.1,23.0,23.15,22.9,11480792.0
1003455,2022-10-31,22.65,22.5,22.9,22.4,8254434.0
1003455,2021-02-11,25.4,25.4,25.65,25.25,13586295.0
1003455,2021-03-03,25.5,25.8,25.95,25.45,18806435.0
1003455,2021-03-31,22.9,22.95,23.1,22.9,11770453.0
1003455,2021-04-06,22.0,22.5,22.5,21.9,25085603.0
1003455,2021-04-29,21.15,21.3,21.3,21.1,9521946.0
1003455,2021-05-18,23.1,23.25,23.25,22.9,9997457.0
1003455,2021-05-19,23.1,23.1,23.55,23.05,19146895.0
1003455,2021-06-07,24.7,24.0,24.85,23.9,42832019.0
1003455,2021-06-10,24.5,24.5,24.7,24.3,17127778.0
1003455,2021-06-15,25.2,25.0,25.6,24.8,54064001.0
1003455,2021-06-28,24.75,25.0,25.1,24.7,14044388.0
1003455,2021-11-03,25.05,24.7,25.2,24.55,19662155.0
1003455,2021-11-04,25.3,25.3,25.5,25.2,9910868.0
1003455,2021-11-23,23.85,23.8,24.0,23.5,7176938.0
1003455,2021-12-03,23.4,23.2,23.75,23.2,5631044.0
1003455,2021-12-08,23.4,23.35,23.5,23.25,4939244.0
1003455,2022-03-24,22.3,22.35,22.45,22.25,4405621.0
1003455,2022-04-06,22.1,22.05,22.3,22.0,6691801.0
1003455,2022-04-22,22.4,22.0,22.65,21.95,13593912.0
1003455,2022-05-05,22.05,22.1,22.2,22.0,4973251.0
1003455,2022-06-07,21.25,21.25,21.3,21.15,5467984.0
1003455,2022-06-22,19.9,19.95,20.05,19.85,2309521.0
1003455,2022-07-05,19.9,19.85,20.0,19.8,2172288.0
1003455,2022-08-03,21.3,21.3,21.5,21.25,3404410.0
1003455,2022-09-07,22.75,22.25,22.8,22.25,11453837.0
1003455,2022-10-03,21.25,21.2,21.35,21.15,3531770.0
1003455,2022-10-13,21.4,21.35,21.45,21.3,2494125.0
1003455,2022-07-15,20.1,20.05,20.2,19.95,3888758.0
1003455,2022-07-18,20.25,20.1,20.3,20.1,1920084.0
1003455,2022-10-10,21.4,21.3,21.55,21.2,5286105.0
1003455,2022-10-27,22.3,22.25,22.45,22.05,6706879.0
1003455,2022-01-13,23.0,23.1,23.1,22.95,6196111.0
1003455,2022-02-01,23.15,23.45,23.6,23.05,10345830.0
1003455,2022-02-16,22.55,22.6,22.7,22.45,5154180.0
1003455,2022-02-23,22.0,21.75,22.1,21.75,13657093.0
1003455,2022-02-24,21.0,21.65,21.65,20.9,15562873.0
1003455,2022-02-25,21.5,21.15,21.65,21.15,6627144.0
1003455,2022-03-31,21.45,21.55,21.7,21.4,8040582.0
1003455,2022-04-07,22.3,22.2,22.35,22.15,6164467.0
1003455,2022-04-20,22.0,22.05,22.2,21.95,4610776.0
1003455,2022-04-21,22.05,22.1,22.25,22.05,5046345.0
1003455,2022-04-27,22.35,22.2,22.4,22.15,6440370.0
1003455,2022-07-01,19.95,19.7,20.05,19.6,2510750.0
1003455,2022-07-04,19.75,20.1,20.1,19.65,4764980.0
1003455,2022-07-27,20.3,20.4,20.4,20.25,1357707.0
1003455,2022-07-29,20.6,20.45,20.7,20.45,2688899.0
1003455,2022-09-15,22.3,22.5,22.55,22.25,5293333.0
1003455,2022-10-06,21.4,21.45,21.45,21.35,2409652.0
1003455,2022-10-11,21.35,21.5,21.55,21.3,2507254.0
1003455,2022-10-18,21.4,21.35,21.45,21.25,2954018.0
1003455,2022-10-25,21.95,21.45,22.1,21.45,7281948.0
1003455,2021-02-15,25.75,26.2,26.2,25.65,45629832.0
1003455,2021-03-04,25.4,25.25,25.7,25.25,21742960.0
1003455,2021-06-18,24.55,25.0,25.2,24.2,78058672.0
1003455,2021-06-29,25.3,24.9,26.45,24.7,100006129.0
1003455,2021-07-02,24.35,24.45,24.6,24.25,14428073.0
1003455,2021-07-27,23.1,23.25,23.35,23.0,8964578.0
1003455,2021-07-28,23.0,23.05,23.1,22.85,8776723.0
1003455,2021-08-23,22.75,23.15,23.3,22.55,9143940.0
1003455,2021-09-21,22.4,22.7,22.75,22.35,10140120.0
1003455,2021-09-29,22.65,22.5,22.9,22.35,22206444.0
1003455,2021-11-01,24.6,24.6,25.3,24.5,22482750.0
1003455,2021-12-31,22.85,22.9,23.0,22.8,3542826.0
1003455,2022-01-11,22.95,22.95,23.2,22.85,11344815.0
1003455,2022-01-19,23.55,23.65,23.75,23.5,5504174.0
1003455,2022-02-10,23.15,23.15,23.5,23.05,9814830.0
1003455,2022-02-18,22.25,22.45,22.45,22.2,3970610.0
1003455,2022-03-02,21.7,21.85,21.85,21.55,4596433.0
1003455,2022-03-23,22.35,22.35,22.6,22.25,6972424.0
1003455,2022-04-04,21.65,21.6,21.85,21.55,13261803.0
1003455,2022-05-23,21.4,21.7,21.75,21.35,4715492.0
1003455,2022-05-24,21.55,21.5,21.7,21.3,3822900.0
1003455,2022-05-27,21.2,21.3,21.45,21.0,4756468.0
1003455,2022-05-31,21.2,21.25,21.3,21.2,2753514.0
1003455,2022-06-02,21.45,21.25,21.5,21.2,2687254.0
1003455,2022-06-14,20.75,20.75,20.9,20.7,4484916.0
1003455,2022-07-19,20.45,20.25,20.5,20.2,1733146.0
1003455,2022-08-23,20.95,20.85,21.15,20.8,2215625.0
1003455,2022-09-14,22.85,22.85,22.95,22.8,4983940.0
1003455,2022-11-03,22.8,22.65,23.05,22.55,11765692.0
1003455,2022-11-11,24.5,24.95,25.1,24.3,18761662.0
1003455,2022-11-17,27.9,27.25,28.7,27.15,215982024.0
1003455,2023-01-20,33.1,33.15,34.15,32.95,37966558.0
1003455,2023-02-24,27.85,27.95,28.25,27.8,10402222.0
1003455,2023-05-10,32.85,32.9,33.5,31.9,94417242.0
1003455,2023-05-22,33.35,33.55,33.7,33.15,39038713.0
1003455,2023-06-08,33.4,34.15,34.2,33.1,46914299.0
1003455,2023-06-09,33.15,33.55,33.6,32.95,24830925.0
1003455,2023-06-15,32.85,33.05,33.2,32.75,14736948.0
1003455,2023-07-24,35.1,35.5,36.1,34.7,89931586.0
1003455,2023-08-22,47.85,48.1,48.2,47.6,40881273.0
1003455,2022-11-10,24.45,25.05,25.15,24.4,14954605.0
1003455,2022-11-07,24.7,23.95,25.25,23.95,52076818.0
1003455,2022-12-12,33.4,31.0,33.95,30.25,142467203.0
1003455,2023-02-08,30.35,30.1,30.8,29.55,29213321.0
1003455,2023-02-14,29.15,29.8,29.85,29.0,23057839.0
1003455,2023-02-23,27.75,27.8,28.4,27.65,17475738.0
1003455,2023-03-06,28.2,28.45,29.2,28.1,24034894.0
1003455,2023-03-15,27.0,27.4,27.6,26.85,10378460.0
1003455,2023-03-16,27.05,27.0,27.25,26.4,16145407.0
1003455,2023-04-05,27.4,28.0,28.15,27.25,16069321.0
1003455,2023-06-01,32.15,32.25,32.45,32.0,20794791.0
1003455,2023-06-13,33.0,33.05,33.25,32.8,16812036.0
1003455,2023-06-14,33.05,33.25,33.5,33.0,19489115.0
1003455,2023-06-28,32.65,32.65,32.85,32.5,9648453.0
1003455,2023-07-18,32.6,32.6,33.2,32.45,24480880.0
1003455,2023-08-03,44.7,39.9,45.3,39.75,454943778.0
1003455,2023-08-04,45.05,46.8,48.3,44.5,274350314.0
1003455,2023-08-11,48.9,49.7,50.15,48.5,69084615.0
1003455,2023-08-14,50.85,48.65,51.3,44.85,240638055.0
1003455,2022-11-18,27.5,28.1,28.45,26.8,108880653.0
1003455,2022-11-23,29.25,29.0,29.45,28.3,87003661.0
1003455,2022-12-01,34.2,33.2,34.65,32.55,198522937.0
1003455,2022-12-15,32.9,33.7,33.85,32.75,46565124.0
1003455,2022-12-08,32.2,33.25,33.3,31.95,55312942.0
1003455,2022-11-24,30.9,29.5,31.7,29.4,239985161.0
1003455,2022-12-16,32.1,32.3,32.75,31.55,43591915.0
1003455,2023-02-15,29.8,29.0,30.1,28.8,108461456.0
1003455,2023-03-03,28.2,28.8,29.0,27.8,31886865.0
1003455,2023-03-08,28.05,28.2,28.3,27.9,16951705.0
1003455,2023-03-20,26.7,26.95,26.95,26.5,12817483.0
1003455,2023-05-19,33.5,34.1,34.25,33.05,38623945.0
1003455,2023-06-02,32.0,32.3,32.4,31.9,18155919.0
1003455,2023-06-05,31.8,32.05,32.15,31.75,23679377.0
1003455,2023-06-12,33.05,33.25,33.3,32.9,18481171.0
1003455,2023-07-05,33.45,33.2,34.15,33.15,41585187.0
1003455,2023-07-14,32.55,32.5,32.8,32.45,10988416.0
1003455,2023-08-07,49.75,45.95,50.65,45.7,306863736.0
1003455,2023-08-18,47.25,47.65,49.0,46.4,127976241.0
1003455,2022-11-21,28.1,27.5,28.25,26.9,77988304.0
1003455,2023-01-17,32.7,33.05,33.15,32.45,23809717.0
1003455,2023-01-27,31.3,32.15,32.3,30.45,34619490.0
1003455,2022-11-25,31.8,31.2,32.15,31.05,151615074.0
1003455,2022-11-30,32.8,36.1,37.1,32.5,356366103.0
1003455,2023-01-30,31.2,30.05,31.7,30.05,37227440.0
1003455,2023-02-07,29.9,30.4,30.65,29.7,25692419.0
1003455,2022-12-21,32.3,36.2,36.5,30.9,192467386.0
1003455,2023-02-10,30.1,29.95,30.4,29.85,12718144.0
1003455,2023-04-06,27.45,27.35,27.7,27.2,12059313.0
1003455,2023-01-06,32.7,32.95,33.1,32.35,27818130.0
1003455,2023-04-13,27.5,27.4,28.0,27.35,12152354.0
1003455,2023-01-19,33.15,32.8,33.6,32.45,43947894.0
1003455,2023-04-25,30.8,29.85,31.2,29.35,165437101.0
1003455,2023-06-16,32.95,33.0,33.25,32.8,18034381.0
1003455,2023-04-27,31.45,30.25,32.5,29.9,235048732.0
1003455,2023-07-03,32.75,32.85,33.0,32.7,16288496.0
1003455,2023-05-02,33.55,32.3,33.95,32.2,204453588.0
1003455,2023-05-08,34.85,35.25,36.05,34.7,158914127.0
1003455,2023-05-29,32.45,32.25,32.6,32.0,38342982.0
1003455,2023-06-21,33.05,33.3,33.55,32.9,23054775.0
1003455,2023-06-23,32.25,32.8,32.85,32.15,24307838.0
1003455,2023-07-04,33.1,32.8,33.3,32.6,29446900.0
1003455,2022-12-06,33.0,33.25,33.65,32.05,107014786.0
1003455,2022-12-20,35.65,32.95,35.9,32.6,181272162.0
1003455,2022-12-27,32.1,31.3,32.4,31.05,89075438.0
1003455,2023-01-11,32.15,32.2,32.6,31.7,25187049.0
1003455,2023-01-10,32.15,32.85,32.9,32.05,22376324.0
1003455,2023-01-12,32.75,32.3,32.9,32.0,41148274.0
1003455,2023-02-17,28.75,28.9,29.2,28.65,17614414.0
1003455,2023-02-01,31.5,33.85,34.15,30.8,78444937.0
1003455,2023-02-27,27.1,28.1,28.15,27.0,14416765.0
1003455,2023-02-20,28.5,28.95,29.0,28.2,13475222.0
1003455,2023-03-09,27.85,28.1,28.75,27.75,29457034.0
1003455,2023-05-03,35.45,33.7,36.05,33.55,343151755.0
1003455,2023-03-10,28.0,27.7,28.2,27.55,18602384.0
1003455,2023-05-09,32.9,35.25,35.55,32.7,126905423.0
1003455,2023-03-22,26.95,26.95,27.25,26.85,9524521.0
1003455,2023-05-24,33.85,33.25,34.3,33.15,49417869.0
1003455,2023-04-03,27.8,26.85,28.0,26.7,27498143.0
1003455,2023-07-25,34.45,35.15,35.2,34.3,33446144.0
1003455,2023-05-26,31.9,32.0,32.25,31.2,52280306.0
1003455,2023-05-30,32.0,31.9,32.25,31.8,30754089.0
1003455,2023-07-31,38.2,35.5,38.55,35.15,216012818.0
1003455,2023-07-11,32.9,32.95,33.1,32.8,13406298.0
1003455,2023-08-09,48.95,49.9,50.1,48.05,170874267.0
1003455,2023-08-01,40.5,39.0,41.7,38.8,381693749.0
1003455,2023-01-04,33.25,34.05,34.6,33.0,75920751.0
1003455,2023-01-18,33.05,32.9,33.4,32.8,26275227.0
1003455,2023-02-13,29.95,30.2,30.45,29.75,16476556.0
1003455,2023-03-31,26.6,26.5,27.3,26.45,17209537.0
1003455,2023-04-12,27.35,27.65,27.75,27.25,10628633.0
1003455,2023-05-17,34.0,33.65,34.65,33.6,87773958.0
1003455,2023-06-19,33.0,33.1,33.4,32.9,23821237.0
1003455,2023-06-27,32.7,32.35,33.0,32.1,23652368.0
1003455,2023-07-10,32.95,33.25,33.25,32.8,13203680.0
1003455,2022-11-22,28.95,28.2,30.2,28.1,174086537.0
1003455,2022-11-29,35.3,33.9,36.3,33.8,347649114.0
1003455,2022-12-09,31.05,32.2,32.5,30.6,65342359.0
1003455,2022-12-23,27.85,30.95,30.95,27.55,122876842.0
1003455,2023-01-03,33.85,33.0,34.15,32.9,84881999.0
1003455,2023-01-25,31.95,32.6,32.85,31.75,29120299.0
1003455,2023-02-02,31.55,31.5,32.45,31.25,24517707.0
1003455,2023-03-01,27.3,26.95,28.2,26.9,27761685.0
1003455,2023-04-10,27.55,27.6,27.95,27.4,13598478.0
1003455,2023-04-11,27.6,27.6,27.9,27.55,10351890.0
1003455,2023-04-21,28.05,28.3,28.55,27.9,15543321.0
1003455,2023-05-12,33.35,33.75,33.95,33.05,54099932.0
1003455,2023-05-16,33.55,33.65,33.95,33.4,50104989.0
1003455,2023-05-25,32.0,33.9,34.15,31.65,78918846.0
1003455,2022-11-04,23.7,22.95,24.1,22.9,34154707.0
1003455,2022-11-15,25.2,24.85,25.55,24.85,35052725.0
1003455,2022-12-07,33.05,33.15,33.65,32.7,70789132.0
1003455,2022-12-05,33.65,34.7,34.7,33.45,71585440.0
1003455,2022-11-09,25.1,25.0,25.45,24.7,38875439.0
1003455,2022-12-14,33.95,34.0,34.1,32.8,64653991.0
1003455,2022-12-26,30.35,28.25,30.8,27.85,136601051.0
1003455,2023-01-16,33.15,34.0,34.0,33.0,43209016.0
1003455,2022-12-13,33.8,33.95,34.7,33.6,105835589.0
1003455,2023-02-28,26.95,27.25,27.5,26.8,16207572.0
1003455,2023-03-13,27.4,28.15,28.2,27.25,16451332.0
1003455,2022-12-28,32.5,32.15,33.2,31.55,104597559.0
1003455,2022-11-14,24.8,24.65,25.0,24.4,22046223.0
1003455,2023-07-07,33.1,33.3,33.5,32.9,14912804.0
1003455,2023-08-10,49.45,48.95,50.3,48.85,108926518.0
1003455,2022-11-16,26.95,25.2,27.35,25.2,191610244.0
1003455,2023-02-06,30.2,31.55,31.55,30.05,30328389.0
1003455,2023-03-14,27.1,27.6,27.65,26.85,17256430.0
1003455,2023-01-02,32.9,32.7,33.35,32.5,40172355.0
1003455,2023-03-23,26.8,26.9,27.05,26.7,9750086.0
1003455,2023-04-17,27.55,27.5,27.65,27.25,10152996.0
1003455,2023-04-24,29.55,28.1,30.0,27.95,114914226.0
1003455,2023-05-04,34.2,36.05,37.4,34.0,275121738.0
1003455,2023-04-28,31.75,31.7,32.35,31.5,94569856.0
1003455,2023-05-15,33.45,33.6,33.95,33.05,48801180.0
1003455,2023-05-11,33.7,33.4,34.35,33.2,137743556.0
1003455,2023-06-06,32.3,31.85,32.5,31.8,31526798.0
1003455,2023-06-22,32.8,33.05,33.15,32.65,14109469.0
1003455,2023-07-12,32.95,32.8,33.15,32.75,18276560.0
1003455,2023-08-21,47.75,48.2,48.35,47.45,74415020.0
1003455,2023-01-05,32.75,33.45,33.65,32.2,45698294.0
1003455,2023-01-23,32.85,33.4,33.65,32.65,47560769.0
1003455,2023-01-24,32.6,32.9,33.35,32.4,34050557.0
1003455,2023-01-31,33.05,31.55,33.25,31.4,35809352.0
1003455,2023-02-16,28.95,29.6,29.95,28.8,37728708.0
1003455,2023-03-17,27.0,27.25,27.5,26.85,14474482.0
1003455,2023-03-27,25.9,26.6,26.9,25.75,14682995.0
1003455,2023-03-28,25.5,26.0,26.0,25.4,10179329.0
1003455,2023-05-31,32.2,32.0,32.3,31.8,25341934.0
1003455,2023-07-06,33.35,33.5,33.65,33.25,18663493.0
1003455,2023-07-13,32.55,33.05,33.1,32.4,12769558.0
1003455,2023-07-19,32.85,32.7,32.95,32.55,14117155.0
1003455,2023-07-21,34.95,33.3,35.2,33.2,172775659.0
1003455,2023-07-26,35.25,34.65,36.25,34.6,85247455.0
1003455,2023-08-02,39.7,40.75,41.1,38.85,159610570.0
1003455,2022-11-28,33.55,32.0,34.8,31.8,321464637.0
1003455,2023-02-03,31.15,31.9,32.1,30.85,28559269.0
1003455,2022-12-22,31.25,33.0,33.4,31.0,99443583.0
1003455,2023-02-09,30.1,30.25,30.35,29.8,12967212.0
1003455,2023-02-21,28.25,28.3,28.6,28.15,11287304.0
1003455,2022-12-30,32.55,33.1,33.25,32.35,42178363.0
1003455,2023-03-02,28.5,27.45,29.5,27.35,74972504.0
1003455,2023-01-09,32.7,33.05,33.35,32.55,28648565.0
1003455,2023-03-21,26.8,26.9,26.95,26.75,8231139.0
1003455,2023-01-13,33.95,32.8,34.25,32.7,75271636.0
1003455,2023-03-24,26.55,26.9,26.95,26.45,9405435.0
1003455,2023-03-29,26.35,25.5,26.5,25.5,15458843.0
1003455,2023-04-19,27.85,28.25,28.55,27.75,12802470.0
1003455,2023-04-20,28.2,27.95,28.35,27.8,21180929.0
1003455,2023-06-26,32.35,32.3,32.8,31.95,11033301.0
1003455,2023-04-26,30.25,31.05,31.6,30.05,124814428.0
1003455,2023-07-17,32.5,32.55,32.8,32.35,17532573.0
1003455,2023-05-05,34.85,34.45,35.35,34.1,207483533.0
1003455,2023-05-18,33.9,34.4,34.65,33.7,43139793.0
1003455,2023-07-28,35.05,35.1,35.45,34.75,30923854.0
1003455,2023-05-23,33.35,33.4,33.75,33.25,26334035.0
1003455,2023-06-20,33.1,32.85,33.2,32.65,17410144.0
1003455,2023-07-20,33.25,32.9,33.65,32.8,42035133.0
1003455,2023-07-27,34.85,35.35,35.35,34.55,37679849.0
1003455,2023-08-08,50.3,51.25,52.0,49.4,303287703.0
1003455,2023-08-16,51.25,50.9,52.7,50.4,207500648.0
1003455,2022-12-02,34.5,34.7,34.75,33.9,100345607.0
1003455,2022-12-19,32.85,32.3,33.25,32.2,38418582.0
1003455,2022-12-29,32.7,32.0,33.2,31.7,87697856.0
1003455,2023-02-22,27.9,28.2,28.2,27.8,14410318.0
1003455,2023-04-18,28.25,27.55,28.65,27.5,29141937.0
1003455,2023-06-07,33.85,32.45,34.1,32.3,99888253.0
1003455,2023-06-30,32.7,32.75,33.1,32.45,14373970.0
1003455,2023-08-17,47.65,50.0,50.0,46.7,155217100.0
1003455,2023-08-23,47.9,48.0,48.15,47.8,9618287.0
