stockid,date,close,open,high,low,volume
1003439,2021-03-09,58.1,61.35,61.8,57.8,1374570.0
1003439,2021-04-08,56.6,58.0,58.05,56.2,612849.0
1003439,2021-05-20,56.65,56.0,56.9,55.45,995238.0
1003439,2021-06-25,58.75,58.95,59.9,58.4,163674.0
1003439,2021-07-13,68.45,70.0,70.0,67.25,2883956.0
1003439,2021-01-20,41.45,41.35,42.15,40.8,1572725.0
1003439,2021-02-05,45.0,44.0,45.25,43.65,1987525.0
1003439,2021-02-10,45.5,46.2,47.0,44.85,636005.0
1003439,2021-01-08,39.45,40.3,40.5,39.1,2127779.0
1003439,2021-02-15,47.5,47.0,47.9,46.7,819454.0
1003439,2021-03-25,60.05,59.0,60.6,57.15,1386397.0
1003439,2021-03-26,60.6,60.0,62.5,58.25,718524.0
1003439,2021-03-30,60.0,60.0,60.9,59.55,519975.0
1003439,2021-06-02,60.45,60.5,61.2,59.4,442866.0
1003439,2021-06-03,60.9,60.9,62.0,60.6,395012.0
1003439,2021-06-24,58.7,59.3,59.6,58.6,196066.0
1003439,2021-01-14,41.8,41.7,42.15,40.5,1762138.0
1003439,2021-02-02,43.0,42.0,43.35,41.05,2434890.0
1003439,2021-02-11,46.3,45.5,46.9,44.95,926670.0
1003439,2021-02-16,46.6,47.9,48.6,46.0,1580145.0
1003439,2021-03-15,59.05,59.4,59.9,57.05,798917.0
1003439,2021-04-05,59.15,62.8,63.0,58.0,885498.0
1003439,2021-05-21,58.05,57.0,58.3,56.9,870287.0
1003439,2021-06-10,59.6,59.95,61.9,58.7,723279.0
1003439,2021-06-11,60.55,60.35,61.5,59.65,555290.0
1003439,2021-01-05,37.45,37.65,37.65,37.05,614490.0
1003439,2021-01-25,39.35,41.35,41.95,38.65,735882.0
1003439,2021-03-19,55.25,53.9,56.1,52.3,1102787.0
1003439,2021-04-28,54.25,53.95,54.55,53.65,420639.0
1003439,2021-05-19,55.4,55.65,55.9,55.3,239765.0
1003439,2021-07-07,67.3,59.3,70.3,58.75,15862309.0
1003439,2021-01-11,40.95,41.4,41.9,40.25,2804368.0
1003439,2021-01-28,39.9,38.2,40.2,38.1,1048182.0
1003439,2021-02-26,46.85,46.85,47.2,46.45,408466.0
1003439,2021-03-16,58.4,59.1,59.8,56.25,771489.0
1003439,2021-03-18,55.0,57.5,58.7,54.35,1173472.0
1003439,2021-05-03,54.65,55.5,55.55,54.1,558279.0
1003439,2021-05-06,57.75,59.4,59.4,57.2,2640904.0
1003439,2021-06-23,59.25,60.1,60.5,59.05,347863.0
1003439,2021-07-12,69.9,70.0,76.8,68.65,18190663.0
1003439,2021-01-13,41.45,41.6,41.6,40.9,2252023.0
1003439,2021-01-21,40.95,42.3,42.5,40.5,2177357.0
1003439,2021-02-17,47.55,46.1,48.0,46.1,1595628.0
1003439,2021-02-25,47.5,47.5,48.85,46.8,963961.0
1003439,2021-03-03,49.7,49.0,49.95,49.0,717652.0
1003439,2021-03-05,63.5,61.0,68.25,60.5,16656263.0
1003439,2021-04-01,61.85,60.1,62.5,59.7,3561203.0
1003439,2021-04-06,58.8,59.25,60.05,58.2,2523595.0
1003439,2021-04-07,57.1,58.95,59.2,57.0,3678090.0
1003439,2021-04-16,53.0,54.95,54.95,52.6,438657.0
1003439,2021-05-10,56.8,58.5,58.7,56.5,2196279.0
1003439,2021-05-25,60.05,59.95,60.9,59.5,721350.0
1003439,2021-06-17,59.0,60.0,60.75,58.6,835056.0
1003439,2021-06-18,57.95,59.7,59.9,57.4,478738.0
1003439,2021-06-28,60.65,58.75,62.0,58.45,472708.0
1003439,2021-07-01,58.9,58.85,59.5,58.5,167730.0
1003439,2021-07-05,58.85,59.6,59.6,58.5,247675.0
1003439,2021-02-12,46.7,46.3,47.1,45.35,1236877.0
1003439,2021-02-22,46.25,47.95,48.95,45.95,1141955.0
1003439,2021-04-20,51.05,50.65,52.0,50.4,745917.0
1003439,2021-05-12,56.3,56.2,57.45,56.1,1639264.0
1003439,2021-07-23,64.15,66.85,66.85,63.65,1205071.0
1003439,2021-07-06,58.6,58.9,59.5,58.5,269650.0
1003439,2021-07-28,64.1,66.8,66.95,63.55,1178067.0
1003439,2021-01-06,37.65,37.75,37.95,37.45,936322.0
1003439,2021-02-24,47.3,47.5,48.0,46.15,242080.0
1003439,2021-03-04,59.6,50.0,59.6,50.0,12510525.0
1003439,2021-05-07,57.35,58.05,58.85,57.1,1438588.0
1003439,2021-06-01,60.1,59.2,60.5,58.65,643097.0
1003439,2021-06-08,60.4,60.8,61.05,60.0,413030.0
1003439,2021-07-16,65.75,66.3,66.75,65.55,840038.0
1003439,2021-02-04,43.65,42.95,43.75,42.4,968884.0
1003439,2021-02-09,46.2,47.25,47.3,45.25,892785.0
1003439,2021-03-01,49.45,47.3,50.8,47.0,2542227.0
1003439,2021-03-23,61.15,58.1,62.35,58.0,1842802.0
1003439,2021-04-12,52.05,55.05,55.7,51.0,2797051.0
1003439,2021-04-13,53.85,52.25,56.35,52.0,1367567.0
1003439,2021-06-07,60.3,62.0,63.0,60.1,3541793.0
1003439,2021-06-09,58.9,60.9,61.0,58.15,518427.0
1003439,2021-06-16,59.8,60.3,60.5,59.65,240579.0
1003439,2021-06-22,60.05,59.0,61.05,59.0,833936.0
1003439,2021-07-14,66.2,68.75,68.75,65.8,1405452.0
1003439,2021-07-22,65.1,64.0,65.8,63.05,872530.0
1003439,2021-01-07,39.9,37.9,42.35,37.35,10240657.0
1003439,2021-01-12,41.2,40.9,41.85,40.05,3410587.0
1003439,2021-03-17,57.3,58.9,58.9,56.6,888277.0
1003439,2021-04-22,51.15,51.1,52.9,50.0,926166.0
1003439,2021-04-26,51.8,51.1,54.45,51.1,581962.0
1003439,2021-05-27,62.55,64.5,64.5,62.0,855267.0
1003439,2021-05-31,59.15,61.15,61.35,58.0,582823.0
1003439,2021-06-29,59.4,60.95,61.2,59.0,463997.0
1003439,2021-06-30,58.95,59.65,59.8,58.7,226972.0
1003439,2021-07-02,58.4,58.9,59.45,58.05,251583.0
1003439,2021-07-15,65.45,66.2,66.7,65.15,1094199.0
1003439,2021-07-26,63.1,64.2,66.0,62.5,1208116.0
1003439,2021-01-15,41.25,41.8,41.8,41.0,2133226.0
1003439,2021-01-18,40.95,41.25,41.25,39.7,978313.0
1003439,2021-03-22,57.95,57.2,58.5,55.25,824801.0
1003439,2021-04-19,51.0,50.55,51.9,50.0,2067933.0
1003439,2021-05-24,59.5,60.0,60.0,59.05,779641.0
1003439,2021-06-14,59.9,60.55,60.6,59.0,832713.0
1003439,2021-06-15,60.05,60.0,61.0,59.95,637676.0
1003439,2021-07-20,62.1,65.2,65.85,60.55,1608765.0
1003439,2021-01-19,41.55,41.0,42.05,40.65,1639766.0
1003439,2021-02-01,40.9,39.45,41.7,39.45,709401.0
1003439,2021-02-23,47.3,46.95,47.5,45.3,1154056.0
1003439,2021-03-02,49.4,49.95,50.5,49.2,803337.0
1003439,2021-03-10,61.15,58.9,62.0,56.75,1847780.0
1003439,2021-06-04,60.95,61.9,61.9,60.5,354405.0
1003439,2021-07-27,66.1,66.75,69.0,64.5,3411059.0
1003439,2021-01-29,39.45,41.0,41.3,39.0,558204.0
1003439,2021-02-08,47.2,46.3,47.5,45.7,1323375.0
1003439,2021-02-19,48.1,49.9,50.45,47.0,1815544.0
1003439,2021-03-24,60.05,61.85,62.45,59.9,1070738.0
1003439,2021-04-23,51.1,51.1,51.7,50.6,405240.0
1003439,2021-04-29,54.75,54.95,56.35,54.5,840435.0
1003439,2021-01-27,39.25,38.9,39.5,38.65,888863.0
1003439,2021-03-08,60.2,64.75,65.4,59.4,2759911.0
1003439,2021-03-12,59.4,61.75,61.9,58.75,963201.0
1003439,2021-04-15,52.7,51.0,55.0,51.0,876454.0
1003439,2021-04-17,53.0,,54.95,52.6,438657.0
1003439,2021-04-30,55.5,55.75,56.9,55.0,1702914.0
1003439,2021-05-17,55.6,56.9,56.9,55.4,378772.0
1003439,2021-05-18,55.5,56.5,56.5,55.3,3465775.0
1003439,2021-05-28,61.05,63.5,63.75,60.65,504060.0
1003439,2021-07-19,65.75,65.8,66.45,65.25,915200.0
1003439,2021-01-01,37.75,37.75,37.8,37.35,832887.0
1003439,2021-01-04,37.95,38.3,38.3,37.4,1156997.0
1003439,2021-01-22,41.45,41.0,42.25,40.5,1610899.0
1003439,2021-02-03,42.95,43.1,43.5,41.6,1195566.0
1003439,2021-03-31,60.25,60.55,61.0,59.8,478558.0
1003439,2021-04-09,56.35,57.5,57.5,55.55,886836.0
1003439,2021-04-27,53.2,52.0,53.6,52.0,454266.0
1003439,2021-05-04,56.0,55.0,57.5,54.7,998373.0
1003439,2021-05-11,56.1,55.75,56.6,55.75,368459.0
1003439,2021-05-26,63.8,61.2,64.5,60.1,2956272.0
1003439,2021-06-21,58.95,57.45,59.4,57.1,330748.0
1003439,2021-07-09,65.15,64.4,65.85,62.7,3577969.0
1003439,2021-02-18,50.05,47.95,51.6,47.4,2318924.0
1003439,2021-05-05,58.05,56.6,58.75,56.3,1595650.0
1003439,2021-05-14,55.8,57.0,57.1,55.5,753264.0
1003439,2021-07-08,64.0,67.0,68.5,63.5,11460581.0
1003439,2021-08-16,62.85,62.0,63.2,60.5,1425881.0
1003439,2021-10-14,66.7,69.05,69.05,66.0,1422879.0
1003439,2021-11-09,65.1,65.75,65.75,63.55,4170806.0
1003439,2021-12-03,61.85,61.8,63.0,61.7,375673.0
1003439,2021-12-24,60.15,60.6,60.6,60.0,197048.0
1003439,2022-01-28,55.0,55.45,56.5,54.5,312954.0
1003439,2022-02-28,51.8,52.25,52.65,50.0,436929.0
1003439,2022-03-10,52.25,52.75,53.75,51.5,632275.0
1003439,2022-03-15,51.9,52.8,53.2,51.75,309552.0
1003439,2022-03-22,54.1,56.5,57.85,52.6,3031862.0
1003439,2022-04-08,56.55,56.4,57.25,55.25,881239.0
1003439,2022-05-12,55.0,52.8,55.9,51.85,2273799.0
1003439,2022-05-24,44.15,49.35,49.5,43.55,5314025.0
1003439,2022-06-21,38.2,38.0,38.75,37.6,492871.0
1003439,2022-08-05,44.55,44.55,46.2,44.25,394304.0
1003439,2022-08-29,45.55,45.15,46.1,44.35,996935.0
1003439,2022-10-10,50.1,50.0,51.15,49.5,978008.0
1003439,2022-10-14,48.0,48.85,50.9,47.8,546411.0
1003439,2022-10-20,47.35,47.4,48.1,47.2,402586.0
1003439,2022-10-21,47.25,47.55,47.8,47.2,297132.0
1003439,2022-11-07,51.2,50.2,52.45,50.15,3908088.0
1003439,2022-11-24,52.3,52.85,54.2,52.1,1237700.0
1003439,2022-12-05,55.95,56.9,57.2,55.5,1287524.0
1003439,2022-12-23,51.35,51.55,52.1,50.5,1933055.0
1003439,2023-03-20,66.3,68.7,69.2,66.0,6666533.0
1003439,2021-08-03,61.3,61.8,61.8,60.75,1618725.0
1003439,2021-07-29,63.25,65.15,65.3,62.8,1170161.0
1003439,2021-08-05,62.05,61.8,62.8,59.15,1915774.0
1003439,2021-08-04,60.25,61.3,63.3,59.3,3773857.0
1003439,2021-08-24,58.05,57.4,59.7,57.1,679607.0
1003439,2021-10-01,61.6,61.95,62.4,61.2,361732.0
1003439,2021-10-26,66.75,66.25,68.6,65.5,1351116.0
1003439,2021-11-03,63.3,62.2,64.0,62.2,470419.0
1003439,2021-11-26,62.9,65.2,65.45,62.7,981200.0
1003439,2022-02-03,57.6,57.95,58.35,57.35,390512.0
1003439,2022-02-15,55.05,55.0,55.95,53.0,468787.0
1003439,2022-02-22,53.9,54.0,54.4,52.25,904897.0
1003439,2022-02-23,54.2,53.9,55.15,53.85,506971.0
1003439,2022-03-07,47.45,48.9,48.9,46.7,1301290.0
1003439,2022-03-28,51.75,53.0,53.35,51.05,527540.0
1003439,2022-03-29,51.5,52.4,52.65,51.2,568076.0
1003439,2022-04-07,55.8,56.25,57.55,55.5,788189.0
1003439,2022-05-02,53.6,53.3,54.6,53.25,456659.0
1003439,2022-05-05,53.9,53.0,54.5,52.4,1318507.0
1003439,2022-05-23,47.9,53.0,53.0,47.7,6886363.0
1003439,2022-05-31,40.65,44.35,44.35,40.05,4528779.0
1003439,2022-06-23,38.3,38.3,38.5,37.6,465529.0
1003439,2022-07-13,40.75,41.25,41.4,40.55,331940.0
1003439,2022-12-19,57.2,57.4,57.85,56.1,1231296.0
1003439,2022-12-29,56.7,57.0,57.05,55.6,967191.0
1003439,2023-01-12,55.8,56.2,56.25,55.05,1460432.0
1003439,2023-02-09,58.0,58.4,58.85,55.65,9581265.0
1003439,2023-03-15,65.9,65.65,66.65,65.0,7166351.0
1003439,2023-04-10,71.45,71.1,71.75,69.3,7046408.0
1003439,2023-05-16,78.3,77.4,79.3,76.8,5559912.0
1003439,2021-09-03,60.05,61.35,61.6,59.5,525430.0
1003439,2021-09-30,62.2,62.9,63.9,62.0,645499.0
1003439,2021-10-25,65.7,67.5,70.4,64.1,1964805.0
1003439,2021-11-15,65.35,65.65,65.95,64.95,642371.0
1003439,2021-11-29,62.1,61.7,62.75,58.9,916378.0
1003439,2021-12-20,58.95,60.0,60.0,58.1,504390.0
1003439,2021-12-23,60.0,61.0,62.7,59.6,379919.0
1003439,2022-01-13,58.8,59.25,59.7,58.1,795313.0
1003439,2022-02-14,54.1,54.3,55.55,53.75,337217.0
1003439,2022-02-16,53.2,55.5,55.7,52.15,511816.0
1003439,2022-03-24,53.25,53.9,53.9,53.05,470005.0
1003439,2022-05-27,43.6,43.75,44.4,43.1,2250545.0
1003439,2022-07-19,41.7,41.4,41.95,40.95,380180.0
1003439,2022-07-27,46.4,47.2,47.45,46.05,933214.0
1003439,2022-09-02,45.7,46.45,46.85,45.6,2077568.0
1003439,2022-09-19,49.75,49.7,50.55,49.15,1069308.0
1003439,2022-09-27,48.2,47.7,49.15,47.7,515842.0
1003439,2022-10-11,48.95,50.1,51.35,48.6,875839.0
1003439,2022-10-19,47.55,47.85,48.25,47.4,372512.0
1003439,2022-11-11,53.7,55.0,55.45,53.0,5633330.0
1003439,2022-11-23,52.65,52.5,53.1,52.4,644976.0
1003439,2022-11-28,53.6,53.45,53.85,53.2,730328.0
1003439,2022-12-15,59.15,60.5,61.65,58.6,2080624.0
1003439,2022-12-28,57.15,57.5,59.4,56.55,4267014.0
1003439,2023-01-03,59.35,60.2,60.7,59.1,2478430.0
1003439,2023-04-12,69.85,70.65,71.3,69.15,2846277.0
1003439,2023-05-12,77.2,78.9,79.85,77.0,8037947.0
1003439,2021-09-15,61.7,61.0,63.0,60.6,545297.0
1003439,2021-10-12,68.2,69.8,71.0,67.9,2680838.0
1003439,2021-11-02,62.75,62.95,65.3,61.9,1240077.0
1003439,2021-12-16,61.05,61.6,61.9,60.6,257719.0
1003439,2021-12-27,59.95,59.8,61.0,58.2,382112.0
1003439,2021-12-30,59.8,60.2,61.8,59.65,277123.0
1003439,2021-12-31,59.5,59.5,60.4,59.1,304071.0
1003439,2022-01-18,57.4,58.65,58.65,57.0,377705.0
1003439,2022-01-21,55.5,54.75,55.75,54.35,359386.0
1003439,2022-04-06,55.55,54.7,56.3,54.45,1051974.0
1003439,2022-05-16,56.25,54.95,57.2,54.2,2051783.0
1003439,2022-05-20,52.55,55.5,58.05,51.55,6512513.0
1003439,2022-06-02,41.15,41.7,42.0,40.05,2934040.0
1003439,2022-06-27,39.45,40.0,40.0,39.1,435448.0
1003439,2022-07-28,46.45,47.3,47.3,46.0,851170.0
1003439,2022-09-21,50.05,50.15,51.3,49.75,1062684.0
1003439,2022-09-30,50.0,47.0,50.65,47.0,1931594.0
1003439,2022-11-03,49.0,49.8,49.8,48.5,1475035.0
1003439,2023-01-11,55.75,56.15,56.45,54.85,1865956.0
1003439,2023-02-07,54.0,53.8,54.2,53.15,1085430.0
1003439,2023-02-15,58.8,59.05,59.5,58.3,1527229.0
1003439,2023-02-17,58.45,58.8,59.8,58.2,1816247.0
1003439,2023-02-23,69.55,63.9,70.75,63.1,18138789.0
1003439,2023-03-17,68.15,64.7,69.7,64.1,34048920.0
1003439,2023-04-24,68.6,70.4,71.4,68.15,4049542.0
1003439,2023-04-25,69.7,68.75,70.3,68.75,2172942.0
1003439,2023-05-08,76.15,76.0,78.4,74.8,17952365.0
1003439,2023-05-18,82.8,82.6,83.85,81.35,10587630.0
1003439,2021-08-26,58.65,58.5,59.25,58.1,302362.0
1003439,2021-10-07,64.7,64.95,65.5,63.95,452382.0
1003439,2021-10-20,64.25,64.85,65.2,64.0,749255.0
1003439,2021-12-15,61.1,62.4,62.4,61.0,299587.0
1003439,2022-01-03,59.5,59.85,60.5,59.4,431603.0
1003439,2022-01-04,59.3,59.95,60.2,59.0,445507.0
1003439,2022-01-12,58.3,58.8,59.0,58.2,493892.0
1003439,2022-02-24,50.75,54.0,54.1,50.0,1265689.0
1003439,2022-03-09,50.7,50.45,50.9,49.5,378553.0
1003439,2022-03-21,52.9,53.8,54.2,52.55,394078.0
1003439,2022-03-30,51.35,52.0,52.4,51.0,418692.0
1003439,2022-05-09,52.75,54.35,58.0,52.15,2034773.0
1003439,2022-05-26,42.85,41.85,43.9,41.2,3852227.0
1003439,2022-06-29,39.45,39.1,39.65,38.8,283833.0
1003439,2022-07-14,39.9,41.0,41.1,39.25,455427.0
1003439,2022-07-20,42.55,42.25,42.9,41.75,911689.0
1003439,2022-07-22,44.9,43.5,45.35,43.15,1127340.0
1003439,2022-08-16,44.5,43.35,44.55,43.2,1735113.0
1003439,2022-08-18,45.55,45.2,45.95,45.0,850595.0
1003439,2022-08-30,46.0,47.5,47.65,45.75,3413538.0
1003439,2022-10-25,48.1,48.1,48.35,47.55,344258.0
1003439,2022-11-04,49.95,49.1,50.05,49.0,810971.0
1003439,2023-01-16,56.55,56.2,56.75,55.9,1862053.0
1003439,2023-02-02,54.9,52.7,55.45,52.25,1527897.0
1003439,2023-02-14,58.9,59.35,59.6,58.05,2024313.0
1003439,2023-03-09,73.25,75.8,77.4,72.35,8820989.0
1003439,2023-03-28,64.35,62.5,65.1,62.5,6893085.0
1003439,2023-04-13,68.25,70.25,70.85,67.8,2582439.0
1003439,2021-08-13,60.45,60.85,61.65,60.3,507280.0
1003439,2021-08-18,60.8,63.2,63.2,59.45,539676.0
1003439,2021-08-27,58.9,59.4,59.4,58.35,231010.0
1003439,2021-08-30,59.2,59.55,60.0,58.65,413307.0
1003439,2021-10-19,65.2,67.75,67.75,64.25,1133013.0
1003439,2021-11-16,64.8,65.8,66.7,64.05,671900.0
1003439,2021-12-02,62.4,61.5,62.6,60.7,411417.0
1003439,2022-01-07,56.9,59.15,61.5,47.4,1699776.0
1003439,2022-01-17,58.15,59.45,59.65,56.7,560661.0
1003439,2022-01-19,56.2,57.45,57.45,56.0,1806875.0
1003439,2022-03-03,50.8,52.9,52.9,50.35,384103.0
1003439,2022-03-08,49.4,47.0,50.45,47.0,403780.0
1003439,2022-04-04,53.9,53.0,54.15,52.75,1586537.0
1003439,2022-04-11,56.75,56.8,56.95,56.1,377601.0
1003439,2022-04-27,55.4,55.7,56.4,54.7,1544007.0
1003439,2022-05-11,53.5,53.0,55.85,52.75,4276391.0
1003439,2022-05-18,59.0,57.6,59.45,57.2,2733825.0
1003439,2022-06-08,40.3,40.3,41.15,40.0,1304799.0
1003439,2022-06-14,39.0,38.6,39.35,38.6,462661.0
1003439,2022-07-11,40.9,40.0,41.35,39.8,769259.0
1003439,2022-07-15,40.15,40.9,41.0,39.9,626315.0
1003439,2022-09-26,48.0,48.8,49.0,47.65,1039664.0
1003439,2022-12-07,58.35,59.65,59.9,58.1,1367174.0
1003439,2022-12-14,60.65,62.6,62.6,60.0,3297830.0
1003439,2022-12-26,54.15,53.3,54.5,52.4,1611361.0
1003439,2023-01-05,59.15,60.25,61.1,59.0,4162789.0
1003439,2023-02-08,55.75,53.9,56.2,53.5,2627118.0
1003439,2023-02-10,60.05,59.0,60.9,57.6,8099147.0
1003439,2023-02-20,61.9,60.0,63.0,58.65,14201419.0
1003439,2023-02-24,67.15,69.95,70.25,65.0,8443204.0
1003439,2023-03-22,64.5,64.9,66.55,63.95,9030731.0
1003439,2023-03-31,67.1,68.1,69.35,65.75,7319884.0
1003439,2023-04-11,70.65,71.8,72.0,69.5,4843355.0
1003439,2023-04-17,70.75,68.25,71.2,67.6,5488473.0
1003439,2021-07-30,63.0,63.9,64.3,62.75,888385.0
1003439,2021-09-24,59.25,59.85,60.5,59.1,273731.0
1003439,2021-11-12,65.0,64.0,65.9,63.5,729610.0
1003439,2022-01-31,55.1,55.5,56.7,54.0,632174.0
1003439,2022-02-08,55.8,56.6,57.15,55.3,179839.0
1003439,2022-02-10,56.75,56.5,57.6,56.0,204880.0
1003439,2022-03-04,48.6,50.8,51.45,48.0,3326549.0
1003439,2022-03-14,52.8,53.9,55.3,52.1,1034558.0
1003439,2022-03-17,53.5,55.15,56.1,52.9,1112701.0
1003439,2022-04-19,54.7,55.25,57.25,51.0,467655.0
1003439,2022-04-26,56.05,54.9,56.4,54.9,512196.0
1003439,2022-06-28,39.55,39.65,39.9,38.7,374337.0
1003439,2022-08-01,44.85,45.0,45.0,44.35,923353.0
1003439,2022-09-23,49.3,50.6,50.7,48.75,635233.0
1003439,2022-09-29,47.7,48.6,48.6,47.5,333064.0
1003439,2022-10-04,49.85,49.6,50.35,49.6,504989.0
1003439,2022-10-27,48.35,48.55,49.55,48.2,883512.0
1003439,2022-11-09,51.5,52.0,52.0,51.25,1219912.0
1003439,2022-11-10,51.45,51.7,52.85,51.1,2223070.0
1003439,2022-12-22,52.5,55.0,55.35,51.55,1795368.0
1003439,2023-01-06,58.7,59.5,59.9,58.0,2938774.0
1003439,2023-02-06,53.45,53.65,54.3,53.25,1400966.0
1003439,2023-02-28,71.5,70.0,73.4,69.15,17366572.0
1003439,2023-05-10,79.55,76.9,80.0,76.1,12653092.0
1003439,2021-08-12,60.35,57.0,60.85,56.9,1837899.0
1003439,2021-08-11,57.15,58.8,58.9,55.75,812467.0
1003439,2021-08-20,58.35,60.8,61.0,56.0,728538.0
1003439,2021-08-23,57.15,60.3,60.3,56.45,739170.0
1003439,2021-09-27,61.7,59.9,63.0,59.5,10374889.0
1003439,2021-09-29,62.75,60.95,63.1,60.65,770977.0
1003439,2021-10-05,64.5,65.0,65.75,63.75,2244369.0
1003439,2021-10-06,63.8,65.5,66.0,63.45,2593171.0
1003439,2021-10-11,68.65,66.0,69.9,65.0,4200500.0
1003439,2022-02-21,55.7,55.1,58.7,54.2,6469278.0
1003439,2022-02-25,52.2,52.0,53.75,51.0,734384.0
1003439,2022-04-28,54.9,56.4,56.5,54.25,880694.0
1003439,2022-05-25,41.95,45.0,45.45,41.45,4708987.0
1003439,2022-06-01,41.15,40.7,41.65,40.7,3641444.0
1003439,2022-06-06,41.0,40.0,41.15,39.6,1111573.0
1003439,2022-07-05,39.25,39.2,39.7,38.9,478902.0
1003439,2022-08-03,44.6,45.45,45.75,44.1,455215.0
1003439,2022-08-08,44.05,44.35,44.65,43.7,505686.0
1003439,2022-08-17,45.0,44.7,45.25,44.65,3927243.0
1003439,2022-08-22,43.9,44.55,44.7,43.55,540872.0
1003439,2022-09-14,51.05,47.5,51.85,47.35,3855405.0
1003439,2022-10-03,49.0,50.0,50.1,48.55,2365661.0
1003439,2022-10-31,50.1,49.1,50.3,49.1,1141340.0
1003439,2022-11-14,53.45,54.5,54.5,53.0,1586852.0
1003439,2022-11-15,51.95,53.45,53.65,51.7,1181417.0
1003439,2022-11-22,52.25,52.8,53.0,51.65,591633.0
1003439,2022-12-01,56.25,58.0,58.4,55.7,2480540.0
1003439,2022-12-08,58.6,58.35,59.3,57.95,1003605.0
1003439,2023-01-02,59.95,58.5,60.75,57.65,2756216.0
1003439,2023-01-04,59.65,62.0,63.9,59.05,18992768.0
1003439,2023-01-17,55.95,57.1,58.15,55.8,3317036.0
1003439,2023-01-27,54.65,54.8,55.35,52.9,2191058.0
1003439,2023-02-03,53.65,53.95,54.95,53.05,2000730.0
1003439,2023-02-16,58.8,60.2,60.2,58.05,1941269.0
1003439,2023-03-03,75.8,74.35,76.85,73.7,6790090.0
1003439,2023-04-03,68.3,67.0,68.7,66.25,4990845.0
1003439,2023-05-02,70.6,69.25,71.7,68.85,5903957.0
1003439,2023-05-09,76.3,77.0,77.95,75.2,8072298.0
1003439,2021-08-25,58.1,58.8,58.8,58.0,314123.0
1003439,2021-08-31,59.55,59.9,60.0,59.25,339482.0
1003439,2021-09-09,60.05,58.95,60.75,58.8,386940.0
1003439,2021-10-28,64.75,66.9,67.0,64.0,711966.0
1003439,2021-10-29,64.25,65.4,65.95,63.45,606163.0
1003439,2021-11-08,64.85,65.95,66.0,64.0,825393.0
1003439,2021-11-23,63.2,62.1,65.3,61.05,1414433.0
1003439,2021-12-21,59.0,59.85,60.35,58.85,268479.0
1003439,2022-01-24,53.15,55.5,55.75,52.25,693795.0
1003439,2022-01-25,54.5,54.2,54.9,52.55,458911.0
1003439,2022-02-11,56.45,56.5,57.45,55.6,281013.0
1003439,2022-03-02,51.4,50.6,52.85,50.6,362054.0
1003439,2022-03-31,51.1,51.3,51.85,50.8,511867.0
1003439,2022-04-12,56.55,56.4,56.9,55.6,509616.0
1003439,2022-04-13,56.75,56.55,57.0,56.25,404681.0
1003439,2022-04-29,54.65,54.6,56.0,54.4,274804.0
1003439,2022-05-19,59.45,57.2,59.75,57.2,2080357.0
1003439,2022-06-17,38.8,38.45,39.0,37.45,926102.0
1003439,2022-06-24,39.25,38.55,39.4,38.4,978617.0
1003439,2022-06-30,39.45,39.2,39.65,38.7,988813.0
1003439,2022-09-01,45.95,46.25,47.0,45.6,1916992.0
1003439,2022-10-06,50.0,50.1,51.1,49.65,3017216.0
1003439,2022-12-02,56.65,56.1,57.45,55.5,1294276.0
1003439,2022-12-09,56.5,58.9,60.2,54.7,2881271.0
1003439,2023-01-24,55.25,56.25,56.3,55.0,1238350.0
1003439,2023-01-25,54.8,55.2,55.55,54.0,1032285.0
1003439,2023-01-31,54.3,54.15,54.85,53.35,1870139.0
1003439,2023-04-05,66.9,68.25,69.5,65.1,3204972.0
1003439,2023-04-19,69.7,71.6,71.8,69.1,2501480.0
1003439,2023-04-28,68.95,69.5,70.5,68.5,3935777.0
1003439,2023-05-11,78.95,80.9,80.9,78.15,6512526.0
1003439,2021-08-06,61.2,62.5,62.5,61.0,551207.0
1003439,2021-08-10,57.85,59.95,60.75,55.7,951027.0
1003439,2021-09-23,59.85,60.0,61.0,59.6,395460.0
1003439,2021-10-21,64.75,64.5,65.55,64.15,615820.0
1003439,2021-11-17,64.05,64.8,65.75,63.3,667574.0
1003439,2021-11-18,63.6,64.7,64.75,63.05,677860.0
1003439,2022-01-14,59.05,59.0,60.0,58.8,593333.0
1003439,2022-05-04,52.15,53.95,54.4,51.6,343714.0
1003439,2022-05-17,57.3,58.75,58.75,56.6,2066606.0
1003439,2022-05-30,43.3,44.95,44.95,42.75,3818066.0
1003439,2022-09-08,47.2,47.9,48.45,46.1,1222659.0
1003439,2022-10-28,49.0,49.0,49.6,48.6,763433.0
1003439,2022-11-18,53.9,53.25,54.65,52.95,3657207.0
1003439,2022-12-12,57.65,56.7,58.3,55.8,1704831.0
1003439,2022-12-16,57.1,58.4,59.45,56.75,2900628.0
1003439,2023-01-20,56.6,56.2,56.9,55.6,2175431.0
1003439,2023-02-01,53.2,54.55,57.2,52.7,4562079.0
1003439,2023-02-21,63.05,62.8,64.3,61.25,9120415.0
1003439,2023-03-23,64.8,64.0,65.75,63.75,6979232.0
1003439,2023-05-05,72.85,75.7,75.95,71.75,6315340.0
1003439,2021-09-01,62.65,59.75,64.2,59.25,1989578.0
1003439,2021-09-06,59.75,60.65,60.65,59.45,374964.0
1003439,2021-10-04,64.9,62.0,67.0,62.0,2742135.0
1003439,2021-11-04,65.4,63.8,65.75,63.75,425601.0
1003439,2021-11-24,63.15,64.4,64.75,62.9,841326.0
1003439,2021-11-25,65.8,62.85,68.2,62.85,2306843.0
1003439,2021-11-30,60.3,62.1,63.5,58.3,3155250.0
1003439,2021-12-08,61.65,61.75,62.45,61.35,293986.0
1003439,2021-12-14,62.0,62.65,62.7,61.55,269020.0
1003439,2021-12-28,58.85,59.6,59.9,58.7,443795.0
1003439,2022-01-06,59.25,59.1,59.6,59.0,286118.0
1003439,2022-01-10,57.4,58.4,59.2,56.05,1393498.0
1003439,2022-01-27,54.35,54.95,55.25,53.75,397481.0
1003439,2022-04-05,54.95,54.3,55.15,53.95,869888.0
1003439,2022-04-18,55.15,56.75,57.0,54.15,419051.0
1003439,2022-04-21,55.2,56.6,56.8,53.8,1408288.0
1003439,2022-09-06,47.3,47.7,47.95,46.7,1888463.0
1003439,2022-09-07,47.2,46.85,47.4,46.6,711698.0
1003439,2022-11-17,53.5,51.0,57.05,50.25,9767230.0
1003439,2023-02-22,63.9,63.05,64.0,61.85,5221017.0
1003439,2023-03-27,62.3,64.0,64.3,61.8,4836520.0
1003439,2023-04-06,70.55,68.4,71.3,67.75,13364879.0
1003439,2023-05-19,81.2,83.0,83.0,79.5,6102755.0
1003439,2021-09-07,59.55,60.0,60.1,59.4,301158.0
1003439,2021-09-16,60.55,61.6,61.7,59.75,1048662.0
1003439,2021-09-17,60.25,60.45,60.8,59.35,745080.0
1003439,2021-09-22,59.55,60.0,60.0,59.1,364408.0
1003439,2021-10-13,68.55,69.0,69.8,68.25,1131507.0
1003439,2021-11-10,64.25,65.4,65.6,64.0,557865.0
1003439,2021-12-01,61.55,60.3,61.9,59.85,509214.0
1003439,2021-12-29,61.0,59.3,62.2,58.75,1052763.0
1003439,2022-04-01,52.55,51.0,52.9,51.0,619559.0
1003439,2022-05-10,52.6,53.0,54.5,51.5,3225973.0
1003439,2022-06-22,37.85,38.5,38.5,37.7,317959.0
1003439,2022-08-02,45.25,44.85,46.0,44.4,1156940.0
1003439,2022-08-12,43.2,43.6,44.3,43.05,678326.0
1003439,2022-08-23,43.8,43.4,44.4,42.85,481098.0
1003439,2022-09-09,47.8,47.8,49.0,47.6,2041866.0
1003439,2022-09-22,50.6,49.8,51.2,49.6,703729.0
1003439,2022-11-02,49.55,51.05,51.05,49.3,915866.0
1003439,2022-11-29,53.65,53.6,54.0,53.5,1421357.0
1003439,2023-03-10,68.7,70.0,70.0,63.55,26226949.0
1003439,2023-03-24,63.8,65.1,65.5,62.4,4637406.0
1003439,2021-08-09,59.85,61.6,61.75,59.7,689731.0
1003439,2021-08-17,62.45,62.65,63.15,61.4,543215.0
1003439,2021-09-13,59.95,60.05,61.45,59.6,2658753.0
1003439,2021-09-20,59.25,60.2,60.55,59.05,494215.0
1003439,2021-11-11,63.5,63.75,64.6,63.0,407889.0
1003439,2021-12-09,62.0,62.2,63.05,61.65,348728.0
1003439,2021-12-17,60.35,61.1,61.25,59.2,451771.0
1003439,2022-02-09,56.15,56.4,56.65,55.6,209591.0
1003439,2022-03-11,53.0,52.35,53.35,51.5,286488.0
1003439,2022-03-23,53.7,55.0,55.05,53.3,615223.0
1003439,2022-06-10,39.35,39.9,40.4,39.2,928635.0
1003439,2022-07-01,39.35,39.4,39.5,38.8,160741.0
1003439,2022-07-12,41.1,40.85,41.6,40.6,547618.0
1003439,2022-08-10,43.95,44.2,44.9,43.55,922157.0
1003439,2022-08-24,43.95,43.9,44.6,43.75,691795.0
1003439,2022-09-20,50.35,50.15,50.9,49.85,768092.0
1003439,2022-11-16,50.8,51.95,52.35,49.8,2096014.0
1003439,2022-11-21,52.7,52.6,53.7,52.5,966579.0
1003439,2022-11-25,53.4,51.8,53.95,51.8,1237084.0
1003439,2022-12-06,59.1,55.0,60.95,55.0,10221118.0
1003439,2022-12-13,62.1,57.65,63.15,57.65,7552575.0
1003439,2023-01-18,56.5,55.7,56.9,55.65,2621645.0
1003439,2023-02-13,59.95,60.65,60.75,58.2,3622626.0
1003439,2023-04-18,71.15,71.2,72.0,70.25,5645360.0
1003439,2021-08-02,60.7,61.9,61.9,59.6,2375706.0
1003439,2021-09-02,61.0,63.3,63.3,60.35,725828.0
1003439,2021-09-14,60.85,60.25,61.25,59.6,615626.0
1003439,2021-10-22,66.95,65.2,68.0,64.8,1800091.0
1003439,2021-11-22,62.65,63.6,64.2,61.0,1027162.0
1003439,2021-12-06,60.55,61.85,62.25,60.0,356787.0
1003439,2021-12-13,62.65,63.0,63.8,62.4,491829.0
1003439,2021-12-22,59.85,59.4,60.3,59.2,217803.0
1003439,2022-01-05,59.35,59.15,59.95,59.05,382630.0
1003439,2022-01-20,54.9,56.45,56.65,54.7,862278.0
1003439,2022-02-01,55.75,55.05,56.0,54.8,452415.0
1003439,2022-02-02,57.25,56.0,57.4,55.8,375769.0
1003439,2022-03-16,54.05,52.9,54.85,52.5,1308465.0
1003439,2022-03-25,52.65,53.95,54.0,52.25,461982.0
1003439,2022-06-09,40.1,40.0,40.45,39.9,625668.0
1003439,2022-06-20,38.15,38.8,38.9,38.0,1767489.0
1003439,2022-07-06,39.35,39.4,39.5,38.4,766019.0
1003439,2022-07-07,39.9,42.0,43.25,38.8,4390988.0
1003439,2022-07-18,41.55,40.65,41.75,40.25,502821.0
1003439,2022-07-21,43.2,43.25,43.45,42.75,374046.0
1003439,2022-08-19,44.55,46.0,46.1,44.3,833193.0
1003439,2022-08-25,46.5,44.4,47.0,44.3,12261900.0
1003439,2022-09-05,46.8,46.0,48.5,45.9,7934289.0
1003439,2022-09-13,48.4,48.3,48.7,47.55,1270026.0
1003439,2022-10-13,48.2,48.7,49.05,48.0,290049.0
1003439,2022-10-24,47.9,47.95,48.4,47.55,164242.0
1003439,2022-11-30,57.15,53.95,57.9,53.8,8137204.0
1003439,2022-12-27,57.1,56.55,58.5,55.1,4446385.0
1003439,2023-01-09,57.15,59.05,59.15,56.3,2820391.0
1003439,2023-01-23,56.25,56.8,57.15,56.1,1771616.0
1003439,2023-01-30,54.1,54.6,54.6,52.55,2633145.0
1003439,2023-03-01,72.7,72.1,73.5,71.55,6756085.0
1003439,2023-03-02,73.6,73.0,74.8,72.1,5689399.0
1003439,2023-03-08,74.95,73.4,75.65,72.0,4498951.0
1003439,2023-03-14,64.65,64.4,65.3,61.3,10654477.0
1003439,2023-03-29,68.05,64.0,69.0,63.25,6900821.0
1003439,2023-04-27,68.9,69.85,69.85,68.65,1327550.0
1003439,2023-05-03,72.3,70.85,73.55,70.1,6603268.0
1003439,2023-05-17,82.05,78.2,82.7,77.85,10113151.0
1003439,2021-09-08,58.75,59.0,59.0,58.1,871373.0
1003439,2021-09-21,59.7,59.0,60.1,58.6,483349.0
1003439,2021-09-28,61.05,61.95,63.8,60.35,1265662.0
1003439,2021-10-27,66.6,67.9,68.0,65.85,630986.0
1003439,2021-11-01,62.05,63.5,63.5,60.55,2378265.0
1003439,2022-02-07,56.85,57.9,58.1,56.5,187286.0
1003439,2022-02-18,53.4,52.7,53.75,52.7,175621.0
1003439,2022-04-20,56.05,55.3,56.7,54.75,801993.0
1003439,2022-06-13,39.1,38.9,39.45,38.5,775207.0
1003439,2022-07-08,40.05,40.45,40.7,39.05,2299835.0
1003439,2022-07-25,45.3,45.85,47.8,44.6,2405168.0
1003439,2022-07-26,46.75,45.5,47.35,43.9,1936039.0
1003439,2022-09-28,47.55,48.0,48.45,45.8,653411.0
1003439,2022-10-12,48.45,49.2,49.4,48.2,422570.0
1003439,2022-11-01,51.05,51.5,52.1,50.25,4033434.0
1003439,2022-12-21,54.2,56.7,57.3,53.6,1395808.0
1003439,2023-03-06,73.3,76.2,77.9,72.45,6712043.0
1003439,2023-03-21,64.75,67.0,67.75,64.5,8277618.0
1003439,2023-04-20,69.6,70.5,72.0,69.0,6911890.0
1003439,2021-10-08,64.2,65.1,65.1,63.8,525740.0
1003439,2023-05-04,75.15,72.75,75.6,72.65,5798626.0
1003439,2023-05-15,76.8,77.65,77.65,74.85,4029616.0
1003439,2021-10-18,67.1,68.65,71.2,66.65,3352276.0
1003439,2021-12-07,60.9,61.75,61.9,60.3,318177.0
1003439,2021-12-10,62.2,62.25,62.75,61.5,269213.0
1003439,2022-01-11,57.8,57.9,58.3,57.6,517906.0
1003439,2022-02-04,57.85,57.7,58.4,57.2,265731.0
1003439,2022-02-17,53.75,53.8,54.9,53.1,182660.0
1003439,2022-04-22,55.35,55.1,56.0,54.15,945914.0
1003439,2022-04-25,55.2,56.2,56.2,54.6,742191.0
1003439,2022-05-06,54.3,53.2,55.6,52.2,2602336.0
1003439,2022-05-13,54.7,55.05,56.3,54.1,2845067.0
1003439,2022-06-03,39.85,42.0,42.0,39.7,3125863.0
1003439,2022-06-07,40.5,41.1,41.55,40.3,1005216.0
1003439,2022-06-15,38.45,39.2,39.4,38.25,622526.0
1003439,2022-06-16,38.75,40.15,40.15,37.6,1403049.0
1003439,2022-07-04,39.2,39.5,39.5,38.8,294014.0
1003439,2022-07-29,44.5,46.4,46.65,44.25,2278984.0
1003439,2022-08-04,44.25,44.5,45.4,44.05,562412.0
1003439,2022-08-11,43.55,44.65,44.65,43.2,576733.0
1003439,2022-08-26,47.0,47.4,47.5,46.15,7807029.0
1003439,2022-09-12,47.95,48.0,48.65,47.7,978041.0
1003439,2022-09-15,50.9,51.95,52.0,50.5,1512340.0
1003439,2022-09-16,49.5,50.5,50.8,49.3,1530252.0
1003439,2022-10-07,50.85,51.5,51.75,50.4,2387993.0
1003439,2022-10-17,47.8,48.0,48.45,47.2,458064.0
1003439,2022-10-18,47.65,48.05,48.25,47.45,332705.0
1003439,2022-12-20,56.25,57.5,58.45,55.05,1982396.0
1003439,2022-12-30,58.35,57.15,59.15,56.95,2379622.0
1003439,2023-01-10,56.15,57.3,57.4,56.0,1264616.0
1003439,2023-01-13,55.9,55.95,56.5,55.55,1238916.0
1003439,2023-01-19,56.2,56.5,57.5,56.05,2101830.0
1003439,2023-02-27,69.45,67.0,70.4,66.85,9703171.0
1003439,2023-03-13,64.4,67.05,68.0,64.0,13421872.0
1003439,2023-03-16,64.5,65.85,65.85,63.0,8572094.0
1003439,2023-04-21,69.9,69.9,70.5,68.5,2688605.0
1003439,2023-04-26,69.4,70.4,70.6,69.0,1783913.0
1003439,2023-07-26,97.1,96.15,97.5,95.4,2940083.0
1003439,2023-07-11,93.5,92.2,93.9,91.5,2707058.0
1003439,2023-07-05,91.65,91.5,92.55,89.9,5982582.0
1003439,2023-05-22,81.85,81.25,82.0,79.1,4293888.0
1003439,2023-06-14,87.8,87.6,88.3,85.9,3674933.0
1003439,2023-06-30,90.1,89.2,90.9,88.25,4629374.0
1003439,2023-05-24,82.35,81.2,82.8,80.8,2970655.0
1003439,2023-07-07,93.95,93.75,94.15,92.0,5265707.0
1003439,2023-07-27,99.15,97.7,101.2,97.0,6259034.0
1003439,2023-08-02,89.85,91.5,91.5,88.5,6085055.0
1003439,2023-08-03,88.0,89.2,89.5,85.0,9048802.0
1003439,2023-08-17,83.15,84.8,85.0,82.9,4700846.0
1003439,2023-07-24,95.45,97.85,99.05,95.0,3081021.0
1003439,2023-08-09,91.15,91.5,91.75,89.45,6387886.0
1003439,2023-06-27,86.25,85.6,89.45,85.25,17262738.0
1003439,2023-08-18,82.6,83.15,84.7,82.1,4964318.0
1003439,2023-08-14,85.75,88.05,88.05,85.45,2840535.0
1003439,2023-06-12,85.55,84.7,85.85,82.35,3005257.0
1003439,2023-06-05,87.25,87.25,88.15,86.2,5458833.0
1003439,2023-07-13,93.2,93.3,97.1,92.85,5894500.0
1003439,2023-07-21,96.45,96.85,99.15,95.85,6430753.0
1003439,2023-08-08,91.15,87.25,91.45,87.0,5097241.0
1003439,2023-07-31,94.75,99.4,100.8,93.1,8932465.0
1003439,2023-07-04,91.25,91.7,91.95,90.35,5661907.0
1003439,2023-07-25,95.8,96.25,97.7,95.3,1718764.0
1003439,2023-08-01,91.8,95.5,95.55,91.55,14705487.0
1003439,2023-05-26,84.4,83.2,84.7,82.1,6312186.0
1003439,2023-05-25,83.2,82.05,84.4,80.9,7077796.0
1003439,2023-05-23,81.95,82.0,82.4,80.9,4233177.0
1003439,2023-06-01,87.7,86.7,88.75,86.65,4276423.0
1003439,2023-05-29,85.4,84.8,86.45,83.65,7805517.0
1003439,2023-06-19,87.9,86.1,88.3,85.8,5485430.0
1003439,2023-06-28,88.6,87.1,90.0,86.1,4095226.0
1003439,2023-07-06,93.35,92.4,94.9,91.5,11619338.0
1003439,2023-08-11,87.3,87.5,88.35,86.4,2710260.0
1003439,2023-08-16,85.4,85.75,86.05,84.2,3037502.0
1003439,2023-08-22,86.1,82.8,86.5,82.6,4563308.0
1003439,2023-06-07,87.25,88.85,89.25,86.85,5455940.0
1003439,2023-06-13,87.05,85.55,87.95,85.55,5134045.0
1003439,2023-07-03,91.0,90.8,92.15,89.7,4774215.0
1003439,2023-07-17,96.25,95.95,97.1,94.25,10290519.0
1003439,2023-06-20,88.8,87.9,90.4,87.05,5083907.0
1003439,2023-05-30,87.85,85.9,89.4,85.0,16819516.0
1003439,2023-05-31,86.4,88.0,90.15,85.65,11397485.0
1003439,2023-06-06,88.35,87.7,88.65,87.1,5127144.0
1003439,2023-06-21,87.2,90.0,90.95,86.75,6100700.0
1003439,2023-07-18,96.05,96.5,96.7,95.7,5633648.0
1003439,2023-07-28,98.7,99.0,99.5,96.05,4437083.0
1003439,2023-06-02,87.15,88.5,89.0,86.65,5770482.0
1003439,2023-06-09,84.3,84.75,85.6,83.7,2901099.0
1003439,2023-06-15,87.25,86.8,88.05,86.65,2211331.0
1003439,2023-07-20,96.45,96.2,97.0,96.05,1877510.0
1003439,2023-08-04,87.95,88.9,90.3,87.5,5414054.0
1003439,2023-06-08,84.3,87.65,88.25,83.55,4803157.0
1003439,2023-06-16,86.2,87.25,88.45,85.6,14143338.0
1003439,2023-06-22,84.9,87.7,88.1,84.0,6428857.0
1003439,2023-06-26,84.8,81.85,85.5,80.1,10758338.0
1003439,2023-07-14,95.15,93.7,95.6,93.55,2500055.0
1003439,2023-08-07,86.4,88.0,88.35,85.35,7237985.0
1003439,2023-06-23,82.05,84.9,85.0,81.6,10534525.0
1003439,2023-07-10,91.8,93.4,94.35,91.25,3204742.0
1003439,2023-07-12,93.85,93.9,94.4,92.95,6252835.0
1003439,2023-07-19,96.2,96.4,97.3,95.8,3440179.0
1003439,2023-08-21,82.55,82.85,84.85,82.2,9672010.0
1003439,2023-08-10,86.8,91.6,91.75,86.3,8735352.0
1003439,2023-08-23,85.9,86.25,86.7,85.15,1326741.0
