stockid,date,close,open,high,low,volume
151780,2022-12-05,69.45,69.3,70.9,69.0,81003.0
151780,2022-12-14,68.25,70.7,70.7,67.6,48781.0
151780,2023-02-03,80.2,75.8,81.7,72.75,348558.0
151780,2023-03-02,66.6,65.1,68.0,65.0,68212.0
151780,2023-03-20,62.15,64.05,68.65,61.4,36916.0
151780,2023-04-10,65.65,69.0,72.3,64.65,155937.0
151780,2023-04-19,60.3,61.1,62.9,59.8,174094.0
151780,2023-04-20,58.9,60.5,62.35,57.7,136688.0
151780,2023-04-24,58.25,61.95,61.95,58.0,70018.0
151780,2023-06-09,73.8,73.8,76.45,73.05,181999.0
151780,2023-08-16,130.3,124.45,132.3,122.95,1250107.0
151780,2023-08-21,140.1,133.8,145.6,133.8,1139190.0
151780,2022-12-21,68.95,70.75,72.45,66.15,176089.0
151780,2022-12-29,67.85,71.45,71.45,66.25,70815.0
151780,2023-01-02,67.2,66.8,69.85,66.8,43687.0
151780,2023-01-11,69.8,68.6,71.1,68.6,62756.0
151780,2023-01-31,79.75,80.65,83.55,77.55,120725.0
151780,2023-02-01,77.1,78.9,81.7,75.65,184539.0
151780,2023-02-02,74.3,77.95,77.95,74.1,209979.0
151780,2023-02-06,79.5,81.65,84.0,79.0,271241.0
151780,2023-03-06,70.9,68.95,71.55,68.45,81304.0
151780,2023-03-14,64.0,67.95,68.75,63.75,54205.0
151780,2023-03-16,62.2,65.0,65.95,58.65,53996.0
151780,2023-04-11,64.0,67.0,67.55,63.6,113568.0
151780,2023-05-03,63.9,60.25,65.4,59.8,696893.0
151780,2023-06-02,72.9,76.0,77.75,72.05,244897.0
151780,2023-07-21,98.6,99.75,101.95,97.8,528134.0
151780,2022-12-13,69.7,71.5,71.5,68.95,67109.0
151780,2022-12-16,68.35,69.0,69.7,67.45,700882.0
151780,2022-12-23,58.35,65.0,65.0,58.15,121706.0
151780,2023-01-05,66.9,68.45,68.65,66.8,67595.0
151780,2023-01-16,76.65,75.2,78.9,73.1,621951.0
151780,2023-01-27,77.05,83.65,84.0,75.45,301901.0
151780,2023-02-08,80.7,81.55,81.55,79.0,42003.0
151780,2023-02-10,78.4,81.75,81.75,78.05,57872.0
151780,2023-02-20,71.9,72.55,73.85,70.4,25379.0
151780,2023-02-24,67.95,71.2,71.8,67.0,37167.0
151780,2023-02-28,64.95,69.75,69.75,64.4,41888.0
151780,2023-04-25,57.25,59.5,59.95,56.9,167303.0
151780,2023-06-19,75.55,76.4,77.55,74.25,686899.0
151780,2023-07-03,83.25,80.35,83.9,80.25,559835.0
151780,2023-07-13,99.65,100.85,101.8,97.0,807398.0
151780,2023-08-09,120.45,121.4,125.1,120.0,1138227.0
151780,2023-08-17,135.1,131.25,137.0,130.95,1212749.0
151780,2022-11-23,62.8,61.5,65.0,60.15,1236381.0
151780,2023-01-19,75.9,77.35,77.6,75.55,55998.0
151780,2023-04-05,69.1,71.1,72.45,67.65,108432.0
151780,2023-06-23,81.25,83.3,83.3,80.05,277553.0
151780,2023-06-26,80.1,82.45,83.4,78.0,307428.0
151780,2023-07-05,88.25,86.75,91.8,86.55,946547.0
151780,2023-07-11,100.55,98.8,102.8,96.55,1056839.0
151780,2022-11-29,71.95,71.4,72.9,70.0,866789.0
151780,2022-12-19,69.1,68.95,70.0,67.65,166477.0
151780,2023-01-09,66.9,68.25,68.25,65.7,58144.0
151780,2023-01-30,79.45,79.45,84.0,74.1,322607.0
151780,2023-02-21,70.35,72.6,74.75,69.95,40128.0
151780,2023-02-22,67.8,72.1,72.25,67.0,46285.0
151780,2023-03-09,70.2,69.05,71.1,69.05,29549.0
151780,2023-04-28,56.45,56.0,57.95,55.65,116633.0
151780,2023-05-08,62.6,63.0,63.9,62.35,105450.0
151780,2023-08-10,119.35,121.25,123.65,117.55,582980.0
151780,2022-11-22,60.3,60.5,64.0,59.0,902732.0
151780,2023-03-21,64.75,64.0,66.0,62.4,88058.0
151780,2023-06-05,72.0,73.45,74.4,71.2,341713.0
151780,2023-06-14,76.8,73.9,80.0,73.75,763435.0
151780,2023-06-16,75.55,75.0,75.8,73.0,266975.0
151780,2023-07-07,97.9,90.9,101.5,89.7,4200518.0
151780,2023-07-28,100.85,100.15,103.15,98.1,401955.0
151780,2023-08-11,121.5,120.3,124.95,118.1,658801.0
151780,2022-12-08,68.1,67.5,69.85,66.4,70330.0
151780,2023-01-12,74.5,69.95,76.75,69.95,1803518.0
151780,2023-02-17,71.95,74.0,74.0,71.5,26825.0
151780,2023-03-15,63.45,67.85,67.9,62.8,25377.0
151780,2023-03-23,65.0,63.05,66.8,63.05,50526.0
151780,2023-03-29,57.8,62.0,62.2,57.0,68856.0
151780,2023-04-27,55.9,56.0,57.2,55.0,125885.0
151780,2023-05-05,62.2,62.55,65.85,61.5,237179.0
151780,2023-05-19,75.0,76.0,76.7,74.25,436372.0
151780,2023-05-24,76.85,77.75,78.55,75.45,730562.0
151780,2023-07-04,86.4,84.0,88.6,82.6,2569896.0
151780,2023-07-17,102.9,102.9,107.6,102.0,1268418.0
151780,2023-08-08,120.05,118.6,126.3,116.95,2841111.0
151780,2023-01-24,82.6,81.85,84.2,80.7,172407.0
151780,2023-02-13,79.6,77.4,81.55,77.4,110023.0
151780,2023-03-27,61.55,67.4,67.4,61.0,28711.0
151780,2023-04-13,60.95,62.75,62.75,59.1,105872.0
151780,2023-05-16,71.4,74.3,74.7,68.75,1544782.0
151780,2023-05-18,75.45,77.1,77.8,74.5,585643.0
151780,2023-06-15,74.65,77.95,78.4,73.7,317778.0
151780,2023-07-25,95.85,96.4,98.9,94.65,525252.0
151780,2022-11-21,59.65,57.7,59.9,56.5,993926.0
151780,2022-11-30,70.3,72.65,73.8,69.95,236733.0
151780,2023-01-18,76.25,77.8,79.0,76.0,133687.0
151780,2023-01-25,82.4,82.9,84.0,79.1,260356.0
151780,2023-03-24,63.95,65.0,65.5,63.5,17858.0
151780,2023-03-31,59.65,59.8,62.0,58.8,56747.0
151780,2023-04-26,56.0,57.3,58.7,55.1,162482.0
151780,2023-05-22,73.95,75.4,76.5,73.5,219841.0
151780,2023-05-23,76.5,74.5,77.4,74.2,617266.0
151780,2023-05-30,78.2,78.85,79.2,76.5,164840.0
151780,2023-06-28,78.0,80.25,81.95,77.5,246106.0
151780,2023-07-14,102.55,99.7,103.8,99.7,879745.0
151780,2023-07-19,101.1,102.75,104.4,100.45,660648.0
151780,2023-08-14,124.8,121.55,127.2,118.6,3024728.0
151780,2022-11-24,63.7,63.95,65.9,63.1,200851.0
151780,2022-12-06,68.75,70.15,70.7,68.2,58730.0
151780,2023-01-10,69.75,68.4,70.4,66.9,65486.0
151780,2023-02-16,72.55,70.1,74.4,69.4,80959.0
151780,2023-02-27,66.65,69.4,69.4,66.3,25958.0
151780,2023-03-03,68.6,67.1,69.9,65.75,94243.0
151780,2023-04-21,58.2,58.9,60.7,57.8,123607.0
151780,2023-06-12,72.35,74.2,74.5,72.0,155894.0
151780,2023-06-21,83.65,82.5,84.3,80.1,1265330.0
151780,2023-07-06,89.9,88.0,92.55,85.05,4388427.0
151780,2023-07-26,99.65,96.55,99.95,96.15,714821.0
151780,2023-07-27,99.4,99.65,102.75,97.5,724816.0
151780,2023-08-02,106.25,106.7,108.65,101.95,961065.0
151780,2023-08-03,108.6,107.0,110.0,104.9,852151.0
151780,2022-12-12,69.95,66.35,72.0,65.7,263008.0
151780,2022-12-22,64.3,68.4,68.4,63.2,135368.0
151780,2022-12-26,64.15,60.25,64.15,60.05,131364.0
151780,2023-02-07,80.4,80.95,82.5,78.8,87622.0
151780,2023-02-23,70.5,69.25,71.9,68.75,36989.0
151780,2023-04-12,61.3,64.9,65.4,59.6,158773.0
151780,2023-05-09,67.55,63.0,69.5,62.5,660192.0
151780,2023-06-06,74.15,72.0,75.1,70.4,395057.0
151780,2023-06-22,82.9,84.7,84.7,81.0,388036.0
151780,2023-06-30,79.95,78.3,83.35,78.1,982180.0
151780,2023-07-18,102.05,103.5,105.1,101.0,561773.0
151780,2023-07-31,99.9,101.95,101.95,99.5,291894.0
151780,2023-08-04,110.7,108.6,112.7,108.6,740109.0
151780,2022-12-15,68.55,68.8,71.4,67.25,131513.0
151780,2022-12-27,70.5,67.95,70.55,67.85,161175.0
151780,2022-12-28,70.35,71.8,74.8,69.1,125045.0
151780,2023-02-14,74.15,76.15,78.5,73.1,187893.0
151780,2023-03-17,63.05,63.1,64.55,62.4,28807.0
151780,2023-03-22,63.85,66.1,68.65,63.5,25542.0
151780,2023-05-04,63.6,64.7,64.7,62.05,144218.0
151780,2023-06-13,72.55,73.35,73.8,71.6,117420.0
151780,2023-06-27,79.2,80.8,81.65,78.35,237120.0
151780,2023-08-01,105.65,99.85,106.9,99.1,1129155.0
151780,2023-08-07,112.55,111.8,116.7,111.5,907028.0
151780,2022-11-28,71.0,68.4,71.95,67.3,1369024.0
151780,2022-12-01,66.1,69.0,70.0,64.2,257428.0
151780,2022-12-07,67.45,68.5,69.9,67.05,48530.0
151780,2022-12-09,66.35,69.1,69.1,66.0,73561.0
151780,2022-12-20,70.05,70.15,70.6,68.5,147354.0
151780,2023-01-04,67.6,68.15,68.95,67.35,56621.0
151780,2023-03-08,69.5,72.35,72.35,68.45,23093.0
151780,2023-04-18,61.6,62.5,63.4,60.5,94473.0
151780,2023-05-10,65.05,67.5,69.1,64.55,242605.0
151780,2023-05-12,74.0,71.2,74.65,69.7,902662.0
151780,2023-07-24,95.9,99.1,100.5,95.1,704658.0
151780,2023-08-23,137.35,140.0,141.5,136.65,157765.0
151780,2022-12-30,67.45,68.65,70.0,66.8,51842.0
151780,2023-02-09,80.55,81.75,82.9,78.2,238727.0
151780,2023-05-02,60.45,57.0,62.2,56.55,334428.0
151780,2023-05-17,75.25,71.85,76.4,71.55,1206956.0
151780,2023-05-25,78.25,77.0,79.25,75.75,684924.0
151780,2023-05-31,76.25,77.3,79.1,75.5,168275.0
151780,2023-06-01,75.4,76.2,77.0,75.05,153076.0
151780,2023-08-22,139.3,141.75,142.25,134.25,869439.0
151780,2022-12-02,68.3,65.85,69.6,63.1,186082.0
151780,2023-01-03,67.5,68.9,69.65,66.2,50739.0
151780,2023-01-06,66.9,67.9,68.0,65.45,42243.0
151780,2023-01-17,77.3,76.6,78.7,75.4,155214.0
151780,2023-01-20,79.35,76.5,83.0,73.6,1199160.0
151780,2023-01-23,81.05,82.85,83.0,77.0,908702.0
151780,2023-03-10,69.2,70.65,71.0,68.45,19676.0
151780,2023-04-03,71.0,61.3,71.55,61.3,277969.0
151780,2023-04-06,70.65,68.0,71.85,68.0,89052.0
151780,2023-05-26,80.9,79.4,81.5,77.5,558908.0
151780,2023-06-07,73.75,74.05,75.2,70.9,598833.0
151780,2023-07-12,100.35,100.55,103.2,99.4,488258.0
151780,2023-07-20,100.05,101.35,103.4,99.4,484989.0
151780,2023-08-18,132.7,136.4,136.6,131.5,765603.0
151780,2022-11-25,67.1,64.5,69.0,64.45,1302713.0
151780,2023-01-13,73.1,75.9,75.9,72.65,106559.0
151780,2023-02-15,70.5,73.1,75.25,68.25,76846.0
151780,2023-03-01,65.1,67.9,67.9,64.5,39677.0
151780,2023-03-13,67.15,69.2,70.5,65.85,22615.0
151780,2023-03-28,61.5,61.7,62.5,59.95,23990.0
151780,2023-04-17,61.2,61.85,65.05,60.7,193151.0
151780,2023-05-11,70.45,64.85,71.25,64.85,1021108.0
151780,2023-05-15,72.2,74.0,76.3,71.1,3258980.0
151780,2023-05-29,78.25,81.7,81.7,78.05,202271.0
151780,2023-06-08,73.95,73.8,74.95,72.3,310199.0
151780,2023-06-20,80.55,74.3,82.4,74.3,1035787.0
151780,2023-07-10,98.05,99.5,103.4,97.0,1181134.0
