stockid,date,close,open,high,low,volume
1003746,2022-11-29,500.2,510.0,512.95,494.0,557957.0
1003746,2022-12-07,617.9,668.0,687.7,587.35,3357129.0
1003746,2022-12-13,583.35,577.65,603.7,564.0,595677.0
1003746,2023-01-25,597.05,591.05,604.0,589.3,38999.0
1003746,2023-01-31,600.5,619.45,624.95,595.0,66654.0
1003746,2023-02-20,560.2,559.1,566.8,556.2,26351.0
1003746,2023-02-28,535.7,543.0,543.0,525.65,34860.0
1003746,2023-03-23,535.8,541.0,542.5,527.15,18497.0
1003746,2023-04-18,542.5,542.75,550.0,533.0,109973.0
1003746,2023-05-04,528.9,516.0,537.2,516.0,82768.0
1003746,2023-06-02,548.25,546.0,554.5,542.35,451015.0
1003746,2023-06-07,599.75,591.95,602.45,586.3,233135.0
1003746,2023-06-27,645.3,659.7,668.45,641.4,195932.0
1003746,2023-07-03,668.6,654.45,673.9,650.4,592489.0
1003746,2023-07-25,675.55,662.0,684.0,662.0,284211.0
1003746,2023-01-11,602.05,604.9,609.8,596.0,71875.0
1003746,2023-01-17,594.35,585.5,603.25,585.5,41657.0
1003746,2023-03-16,527.7,544.75,544.75,522.0,76284.0
1003746,2023-05-11,529.9,541.6,548.0,527.25,129241.0
1003746,2023-05-23,528.6,533.0,534.0,526.0,68392.0
1003746,2023-06-15,597.5,606.8,606.8,590.0,270125.0
1003746,2023-07-20,661.65,656.0,667.95,651.05,226003.0
1003746,2023-08-16,800.5,790.0,825.45,785.55,570049.0
1003746,2022-12-28,580.65,578.0,587.45,575.0,39539.0
1003746,2023-02-08,573.45,573.95,581.0,565.9,37431.0
1003746,2023-03-15,536.85,539.0,546.6,527.9,43225.0
1003746,2023-06-13,604.1,600.0,616.6,596.9,236178.0
1003746,2023-06-16,599.7,598.9,609.15,589.0,183719.0
1003746,2023-07-07,664.9,677.0,679.95,660.6,116389.0
1003746,2023-08-01,721.85,745.95,749.9,710.5,398223.0
1003746,2023-08-14,787.55,814.9,837.45,770.6,544555.0
1003746,2023-03-27,539.25,517.0,544.95,515.9,36115.0
1003746,2023-05-16,544.2,539.95,548.0,539.95,117529.0
1003746,2023-05-24,549.45,531.8,552.2,528.6,151334.0
1003746,2023-06-08,582.95,606.9,606.9,572.05,130892.0
1003746,2023-06-30,647.75,645.35,653.4,644.7,149322.0
1003746,2023-07-05,664.1,657.55,673.15,650.2,155358.0
1003746,2023-07-11,654.95,668.1,677.7,652.3,113273.0
1003746,2023-08-17,799.6,804.0,810.95,788.3,219393.0
1003746,2023-08-18,789.7,800.0,806.9,781.45,153280.0
1003746,2022-12-12,567.5,567.75,583.95,561.05,236792.0
1003746,2022-12-27,577.65,586.65,594.45,572.2,73459.0
1003746,2023-02-16,565.35,574.75,574.75,562.25,61270.0
1003746,2023-02-17,565.0,564.0,569.6,556.95,41028.0
1003746,2023-03-10,545.65,559.5,559.5,543.4,43053.0
1003746,2023-04-20,545.5,545.75,550.0,543.0,30672.0
1003746,2023-04-21,533.0,549.5,549.5,529.0,27256.0
1003746,2023-05-18,527.1,543.9,549.95,523.7,222244.0
1003746,2023-06-05,567.85,550.0,573.15,547.45,576465.0
1003746,2023-08-10,846.95,829.9,855.8,813.0,816895.0
1003746,2022-11-24,490.0,484.05,497.95,484.05,192573.0
1003746,2023-02-03,561.7,574.8,589.9,552.0,50419.0
1003746,2023-02-21,552.8,560.0,567.05,548.25,81867.0
1003746,2023-04-25,523.5,521.85,532.0,520.0,57678.0
1003746,2023-05-05,518.55,525.05,530.0,515.0,34171.0
1003746,2023-07-13,646.8,644.0,657.9,637.1,107156.0
1003746,2023-07-27,721.15,730.8,739.7,712.0,306927.0
1003746,2023-08-07,763.3,741.2,771.9,741.2,365586.0
1003746,2022-11-30,511.15,500.0,536.6,498.95,386424.0
1003746,2022-12-05,520.5,517.0,525.85,511.2,181204.0
1003746,2023-01-05,649.7,632.15,659.9,625.95,272222.0
1003746,2023-01-10,593.6,630.7,631.0,587.15,156571.0
1003746,2023-02-02,575.0,575.4,592.35,568.3,157523.0
1003746,2023-03-22,541.7,532.5,542.5,525.5,62170.0
1003746,2023-04-11,540.4,546.55,546.55,535.6,12279.0
1003746,2023-04-27,516.3,520.9,527.2,514.0,15522.0
1003746,2023-06-26,659.7,636.0,674.8,625.0,430609.0
1003746,2023-07-19,646.95,662.0,663.35,638.4,240937.0
1003746,2023-08-09,832.3,779.8,843.95,771.6,1207927.0
1003746,2022-11-28,499.45,514.0,518.65,495.1,152475.0
1003746,2023-01-12,585.9,601.95,601.95,577.0,68778.0
1003746,2023-02-23,541.65,540.0,550.0,532.85,19622.0
1003746,2023-03-08,567.95,555.0,574.85,551.5,38390.0
1003746,2023-03-14,530.65,526.3,536.5,525.25,36664.0
1003746,2023-03-21,538.55,509.75,551.4,496.55,159344.0
1003746,2023-03-24,528.85,537.0,541.5,512.65,31175.0
1003746,2023-04-06,549.7,546.05,550.0,536.8,68656.0
1003746,2023-05-15,539.6,544.9,548.4,534.1,125146.0
1003746,2023-06-14,603.9,600.0,612.9,600.0,140347.0
1003746,2023-06-19,650.2,641.0,659.0,624.0,1634510.0
1003746,2023-06-20,641.25,651.0,654.25,630.75,311460.0
1003746,2023-07-10,667.95,671.45,675.2,646.05,102341.0
1003746,2023-07-21,651.25,659.95,660.0,647.55,165062.0
1003746,2023-08-02,749.0,729.8,757.3,722.0,1079230.0
1003746,2022-11-25,512.55,491.0,523.6,490.3,372240.0
1003746,2022-12-01,518.75,513.2,531.7,508.75,302352.0
1003746,2022-12-22,570.55,606.65,606.65,563.45,102954.0
1003746,2022-12-26,586.65,585.45,594.0,561.35,182988.0
1003746,2023-01-19,591.45,593.95,599.0,590.0,20392.0
1003746,2023-01-23,590.6,600.0,615.9,587.5,88310.0
1003746,2023-01-30,611.05,607.5,616.3,586.6,513980.0
1003746,2023-02-15,566.6,583.1,593.4,561.45,98088.0
1003746,2023-02-24,541.4,542.35,551.0,538.0,27396.0
1003746,2023-03-06,554.9,555.0,566.0,543.0,47098.0
1003746,2023-03-29,546.6,525.65,549.8,521.35,79182.0
1003746,2023-05-17,539.75,549.0,558.55,531.55,150743.0
1003746,2023-05-26,543.4,547.2,549.05,537.0,162508.0
1003746,2023-07-06,676.5,670.75,689.0,665.35,347490.0
1003746,2023-07-14,639.3,652.35,655.0,635.2,80655.0
1003746,2023-07-28,725.1,716.0,735.0,703.35,215437.0
1003746,2023-08-22,789.95,774.0,797.3,757.5,338167.0
1003746,2022-12-15,584.75,598.6,617.25,577.0,214083.0
1003746,2023-01-06,637.25,649.0,650.4,627.5,188156.0
1003746,2023-01-13,588.05,587.5,599.95,583.75,49846.0
1003746,2023-02-01,575.4,600.05,607.1,570.15,101771.0
1003746,2023-02-09,589.05,573.45,595.8,566.6,55266.0
1003746,2023-02-22,534.8,546.5,557.45,530.2,59573.0
1003746,2023-03-13,531.45,549.0,550.0,527.0,40364.0
1003746,2023-04-03,548.4,532.0,550.0,532.0,106464.0
1003746,2023-04-12,524.75,540.4,544.35,522.65,36827.0
1003746,2023-04-26,520.85,524.8,532.65,517.55,47897.0
1003746,2023-04-28,515.0,522.0,523.45,511.6,186986.0
1003746,2023-05-19,529.55,528.1,537.95,521.55,112576.0
1003746,2023-05-22,529.35,529.55,536.35,519.0,66318.0
1003746,2023-06-01,544.3,546.0,547.0,535.35,78207.0
1003746,2023-06-09,593.4,592.0,620.95,586.3,2361140.0
1003746,2023-07-26,720.95,673.0,733.75,669.55,986899.0
1003746,2023-08-21,769.35,791.45,794.95,756.5,369836.0
1003746,2022-11-21,490.0,468.8,543.6,448.2,13932702.0
1003746,2022-12-19,594.65,626.95,626.95,590.05,233791.0
1003746,2023-02-14,591.85,599.7,600.1,585.95,12155.0
1003746,2023-03-02,546.85,541.0,550.0,537.35,47404.0
1003746,2023-03-28,524.05,539.5,539.9,520.0,46208.0
1003746,2023-04-24,521.75,539.65,539.65,516.7,61924.0
1003746,2023-06-06,589.05,575.5,593.75,563.35,316701.0
1003746,2023-07-31,732.55,747.65,819.7,728.1,2036382.0
1003746,2023-08-03,734.8,754.25,754.5,733.0,348241.0
1003746,2023-08-04,739.85,735.95,749.9,723.55,261571.0
1003746,2022-12-06,624.6,517.15,624.6,515.2,2132436.0
1003746,2022-12-20,614.85,593.55,617.8,590.35,303701.0
1003746,2023-01-09,632.95,643.0,646.95,627.05,62370.0
1003746,2023-01-18,589.8,597.05,604.0,586.55,41427.0
1003746,2023-02-06,571.95,563.95,585.05,558.1,44540.0
1003746,2023-02-13,596.2,606.9,612.0,576.35,78767.0
1003746,2023-02-27,531.0,542.0,544.6,522.95,19459.0
1003746,2023-04-13,523.55,531.75,532.45,518.0,543087.0
1003746,2023-05-03,516.35,519.55,523.9,514.2,35652.0
1003746,2023-05-09,539.7,517.4,543.85,517.3,103340.0
1003746,2023-06-22,642.45,657.0,669.55,637.9,175599.0
1003746,2023-08-11,810.05,860.0,876.55,804.8,841900.0
1003746,2022-12-21,595.45,615.0,615.0,572.0,270422.0
1003746,2022-12-23,553.65,570.55,574.1,550.0,91570.0
1003746,2023-01-03,627.5,610.0,652.95,605.55,679139.0
1003746,2023-01-20,591.9,591.0,596.3,587.4,21039.0
1003746,2023-03-31,540.6,548.45,548.6,532.35,26888.0
1003746,2023-07-04,652.3,674.0,684.9,642.05,240497.0
1003746,2023-07-12,640.2,658.9,664.65,638.0,137709.0
1003746,2023-07-18,657.75,635.0,664.0,631.0,372484.0
1003746,2022-11-22,494.0,494.0,494.0,494.0,7580.0
1003746,2022-11-23,490.55,493.0,499.4,481.1,554688.0
1003746,2022-12-14,600.35,585.0,607.95,582.95,386062.0
1003746,2022-12-30,614.7,607.7,622.85,602.0,156851.0
1003746,2023-01-27,593.25,600.0,603.9,586.0,73100.0
1003746,2023-03-03,549.7,551.3,553.0,539.95,76928.0
1003746,2023-03-20,499.7,520.5,531.75,496.1,80342.0
1003746,2023-04-19,546.45,537.0,550.0,537.0,44472.0
1003746,2023-05-12,541.75,529.9,548.8,528.6,181868.0
1003746,2023-05-25,545.5,551.0,551.0,539.3,340453.0
1003746,2023-05-30,545.45,542.0,549.0,540.65,164205.0
1003746,2023-05-31,545.0,545.45,550.0,540.1,182444.0
1003746,2023-06-12,595.65,599.85,602.25,589.35,114547.0
1003746,2023-06-21,655.9,641.25,674.4,641.25,401939.0
1003746,2023-06-23,636.8,645.9,647.35,632.05,117929.0
1003746,2023-06-28,643.7,649.9,657.5,631.0,2278984.0
1003746,2022-12-02,518.0,519.7,528.7,513.25,239327.0
1003746,2022-12-09,565.0,586.1,591.95,560.05,525960.0
1003746,2022-12-16,610.25,593.8,627.8,586.5,423761.0
1003746,2023-01-04,627.55,628.85,644.9,616.95,137670.0
1003746,2023-01-16,589.9,585.0,595.4,585.0,30969.0
1003746,2023-01-24,590.65,593.05,600.0,588.4,82420.0
1003746,2023-02-10,603.55,590.0,621.85,583.65,1191838.0
1003746,2023-03-17,530.1,534.7,536.5,527.2,15622.0
1003746,2023-05-08,517.25,526.35,526.35,515.1,38804.0
1003746,2023-05-29,539.0,540.0,548.0,533.5,162183.0
1003746,2023-08-23,776.05,794.95,806.45,740.1,138271.0
1003746,2022-12-08,590.2,622.0,629.95,583.05,1157910.0
1003746,2022-12-29,594.1,580.0,613.75,575.0,221588.0
1003746,2023-01-02,605.35,614.7,618.85,598.2,125625.0
1003746,2023-02-07,569.7,581.75,581.75,565.1,22737.0
1003746,2023-03-01,546.3,539.95,550.0,530.25,66810.0
1003746,2023-03-09,560.65,571.0,574.0,555.0,38898.0
1003746,2023-04-05,545.9,548.0,548.0,538.3,18064.0
1003746,2023-04-10,541.55,559.95,559.95,535.25,140245.0
1003746,2023-04-17,542.75,529.8,548.85,520.2,71708.0
1003746,2023-05-02,519.55,519.0,522.7,515.0,47437.0
1003746,2023-05-10,541.6,564.0,570.65,531.55,357728.0
1003746,2023-07-17,628.75,642.85,648.25,621.05,139796.0
1003746,2023-07-24,661.0,660.0,682.85,652.5,264160.0
1003746,2023-08-08,774.0,764.0,784.65,763.7,256110.0
