stockid,date,close,open,high,low,volume
968443,2021-01-05,28597.4,28490.0,28750.0,28126.55,36688.0
968443,2021-01-28,28928.65,28201.0,29247.0,28200.0,37516.0
968443,2021-02-09,30302.1,29700.0,30576.4,29333.1,58304.0
968443,2021-02-16,29343.15,30225.0,30435.75,29150.0,36771.0
968443,2021-03-23,30783.95,29730.0,30900.0,29526.2,57958.0
968443,2021-01-01,28155.55,27700.0,28260.45,27635.0,43335.0
968443,2021-01-08,29843.3,28889.0,29989.95,28700.0,55712.0
968443,2021-01-21,28763.2,28610.0,29237.4,28571.25,37706.0
968443,2021-02-15,30084.25,30692.15,30994.0,29916.45,30961.0
968443,2021-02-25,28790.2,29100.0,29228.95,28600.15,42564.0
968443,2021-03-01,28099.2,28498.0,28630.0,27926.8,26717.0
968443,2021-01-19,28307.2,28394.0,28820.0,28130.05,34334.0
968443,2021-03-18,28192.8,28750.0,29000.0,28062.05,20900.0
968443,2021-03-22,29721.3,28400.0,29951.0,28047.9,55943.0
968443,2021-01-04,28516.2,28250.0,28675.05,28150.0,45099.0
968443,2021-02-02,29372.8,28299.8,29680.0,28134.6,70158.0
968443,2021-02-08,29201.85,29510.2,29951.45,28780.0,55391.0
968443,2021-03-04,29158.9,28840.0,30148.4,28744.4,72522.0
968443,2021-03-09,27741.75,27780.0,28400.0,27500.0,43287.0
968443,2021-03-19,28334.05,28197.0,28800.0,27740.05,51263.0
968443,2021-02-10,31933.7,30210.0,32205.65,29800.0,170377.0
968443,2021-02-18,29054.9,28490.0,29409.7,28460.3,55701.0
968443,2021-02-19,28304.4,29001.0,29242.45,28036.2,46084.0
968443,2021-03-16,28590.4,28098.95,28700.0,27855.6,34198.0
968443,2021-01-13,28982.45,30050.0,30314.3,28850.0,54863.0
968443,2021-01-29,27176.15,29250.0,29349.0,27000.0,48275.0
968443,2021-02-11,30763.5,31400.0,31606.5,30315.05,102338.0
968443,2021-02-12,30692.15,30999.0,31190.0,30510.2,37172.0
968443,2021-02-22,27512.45,28490.0,28519.85,27266.0,25753.0
968443,2021-02-24,28922.7,29070.0,29335.8,28080.05,24911.0
968443,2021-03-03,28944.4,29381.2,29596.0,28813.1,36650.0
968443,2021-03-17,28694.0,28700.0,28950.0,28250.05,36200.0
968443,2021-01-11,29718.5,29947.0,30084.2,29234.75,39088.0
968443,2021-01-20,28368.55,28515.0,29120.0,28256.0,43274.0
968443,2021-01-25,29278.6,29680.0,29890.0,29056.1,35529.0
968443,2021-01-15,28432.45,29169.9,29338.55,28248.2,34236.0
968443,2021-02-26,28084.05,28501.0,28759.95,27600.0,73058.0
968443,2021-02-01,27815.3,27500.0,28340.0,27076.1,55007.0
968443,2021-03-24,29779.55,30690.0,30739.9,29650.15,46446.0
968443,2021-01-07,28666.7,29048.0,29048.0,28450.0,36051.0
968443,2021-01-14,29098.1,29163.8,29493.6,28512.0,46408.0
968443,2021-01-18,28259.05,28590.0,28800.0,27914.3,29723.0
968443,2021-02-17,28309.0,28949.0,29489.95,27700.0,116041.0
968443,2021-01-12,30049.65,29820.0,30550.0,29719.0,43450.0
968443,2021-01-22,29349.6,28980.0,29736.0,28951.0,44767.0
968443,2021-01-27,28883.05,29345.0,29599.0,28714.3,29437.0
968443,2021-03-15,27812.8,28395.0,28395.0,27616.25,28572.0
968443,2021-02-23,29042.1,27530.0,29251.3,27530.0,60003.0
968443,2021-03-02,29463.25,28200.0,29510.0,28200.0,48268.0
968443,2021-02-03,29116.45,29680.0,29680.0,28860.0,42521.0
968443,2021-02-04,29585.15,29000.0,30000.0,28921.05,45891.0
968443,2021-03-10,28328.3,27998.0,28400.0,27753.6,36130.0
968443,2021-03-12,28159.2,28700.0,28770.0,28028.7,32302.0
968443,2021-01-06,28748.75,28790.0,29422.45,28407.7,61303.0
968443,2021-02-05,29400.95,29800.0,30400.0,29225.0,34183.0
968443,2021-03-05,28167.7,29080.0,29447.0,28007.0,47917.0
968443,2021-03-08,27539.9,28350.0,28500.0,27380.0,38023.0
968443,2021-04-26,30282.7,29249.0,30426.8,29248.95,72653.0
968443,2021-04-15,29843.85,29199.0,30000.0,28727.45,26397.0
968443,2021-03-25,29187.0,29690.0,29988.0,28775.25,43051.0
968443,2021-04-09,29501.15,29820.5,29820.5,29400.0,22594.0
968443,2021-04-07,29831.6,29450.0,29976.25,29312.05,27083.0
968443,2021-05-11,28889.75,29127.95,29376.7,28603.0,22994.0
968443,2021-04-05,29679.15,30380.0,30380.0,29311.0,27164.0
968443,2021-05-19,30065.9,28900.0,30362.9,28900.0,70419.0
968443,2021-05-21,29279.75,29829.0,30024.75,29100.0,35223.0
968443,2021-06-03,30470.45,30802.0,30995.0,30152.05,44988.0
968443,2021-06-07,30860.8,31247.0,31247.0,30655.05,27528.0
968443,2021-06-24,29509.95,29600.0,29650.0,29255.0,19677.0
968443,2021-07-19,32894.85,32967.8,33393.6,32815.1,14842.0
968443,2021-08-18,30823.9,30785.0,30951.15,30350.0,18036.0
968443,2021-08-24,31242.2,30899.5,31289.25,30614.0,17371.0
968443,2021-09-17,33121.25,33250.0,33390.0,32629.25,25755.0
968443,2021-11-04,39262.3,39368.8,39476.65,39052.05,2485.0
968443,2022-02-16,41271.35,41200.0,41650.0,41007.5,14332.0
968443,2022-02-17,42236.1,41800.0,43103.0,41500.2,46013.0
968443,2022-02-22,40771.75,39600.1,41149.85,39600.1,18106.0
968443,2022-02-25,41476.6,40400.0,41882.15,40400.0,23347.0
968443,2022-03-03,41827.45,42499.0,42499.0,41520.15,22708.0
968443,2022-03-30,41952.7,41200.0,42250.0,41064.3,17190.0
968443,2022-04-04,43713.0,43149.0,43885.0,42943.45,17974.0
968443,2022-04-21,45814.0,45201.0,46000.0,45201.0,11665.0
968443,2022-05-02,45595.45,45450.0,45788.85,45000.0,17293.0
968443,2022-05-19,41866.7,42401.0,42600.0,41600.15,23043.0
968443,2022-05-30,45042.3,44636.05,45393.0,44550.0,20521.0
968443,2022-08-01,49222.8,48911.0,49384.0,48600.0,15660.0
968443,2022-08-11,49011.1,48794.8,49449.0,48350.1,18083.0
968443,2022-08-22,48997.0,49900.0,50479.9,48824.05,17313.0
968443,2022-09-08,49570.05,49830.0,50424.2,49425.0,11425.0
968443,2022-09-09,48961.8,49666.0,49849.0,48779.9,11381.0
968443,2022-09-23,53078.15,53012.55,53615.0,52441.9,36932.0
968443,2022-12-27,43611.45,43830.0,43945.0,43315.25,8556.0
968443,2023-01-16,40095.4,40400.0,40735.65,40005.55,14824.0
968443,2023-01-31,40036.5,40250.0,40443.9,39972.65,26189.0
968443,2023-02-16,38728.05,38400.0,38993.6,38305.1,20803.0
968443,2023-02-23,38062.85,38149.0,38200.0,37566.0,10090.0
968443,2023-03-01,38190.75,38000.0,38640.0,38000.0,29845.0
968443,2023-04-05,37373.6,37856.0,37976.25,37178.9,13296.0
968443,2023-06-08,39004.35,39105.0,39298.9,38802.0,22609.0
968443,2023-06-13,38386.65,38390.95,38470.0,38114.6,22666.0
968443,2023-06-19,38811.1,38700.0,38900.0,38462.15,12503.0
968443,2023-07-25,37196.2,37510.0,37955.0,36900.0,9221.0
968443,2021-03-30,30984.4,30296.0,31179.45,30250.0,56267.0
968443,2021-04-19,29899.2,29301.05,30100.0,29172.25,20892.0
968443,2021-04-22,29879.45,30000.0,30171.95,29660.0,18136.0
968443,2021-05-25,31514.85,30542.25,31798.0,30542.25,98916.0
968443,2021-06-02,30776.35,30901.1,31088.0,30600.0,24515.0
968443,2021-06-11,30127.05,30450.0,30450.0,29975.0,16864.0
968443,2021-07-09,31357.85,30445.0,31439.3,30350.0,40812.0
968443,2021-07-23,33376.95,33030.0,33789.55,32620.55,28887.0
968443,2021-07-26,32938.0,33300.0,33989.0,32701.05,34039.0
968443,2021-07-30,31502.1,31648.9,32027.9,31445.0,13687.0
968443,2021-09-24,33631.2,33123.75,34876.0,33026.65,56987.0
968443,2021-10-05,33871.4,33100.0,34149.9,32965.0,35785.0
968443,2021-10-11,37266.8,36720.0,38100.0,36625.7,41176.0
968443,2021-11-17,40966.05,41182.85,41390.0,40800.0,25376.0
968443,2022-01-06,42059.55,40950.0,42200.0,40820.05,27571.0
968443,2022-01-18,43669.95,44584.95,44699.75,43500.0,19700.0
968443,2022-01-25,41320.6,39999.0,41475.05,39289.8,21311.0
968443,2022-02-21,41019.8,41400.0,41870.75,40740.15,18653.0
968443,2022-04-11,45689.45,44983.9,45767.5,44783.9,16302.0
968443,2022-05-31,45194.05,44810.0,46070.0,44810.0,70757.0
968443,2022-06-07,41390.75,41906.25,42225.0,40750.0,17398.0
968443,2022-07-05,42348.25,42059.0,42591.9,41900.0,14353.0
968443,2022-09-13,48379.7,49300.0,50031.3,48200.0,30661.0
968443,2022-09-28,49991.8,49500.0,50240.0,49300.0,23976.0
968443,2022-10-10,52385.0,52565.0,53091.25,52143.5,13276.0
968443,2022-10-11,51306.2,52689.9,52799.1,50904.95,19818.0
968443,2022-11-28,47326.65,47000.0,47549.85,47000.0,9588.0
968443,2023-01-18,40624.1,40425.0,40870.05,40270.0,25444.0
968443,2023-01-27,39871.75,39990.0,40210.85,39170.2,30613.0
968443,2023-02-02,40052.55,40640.0,40675.0,39960.0,11865.0
968443,2023-02-17,38878.1,38800.0,39211.0,38300.05,16163.0
968443,2023-05-30,38893.65,38020.0,39490.45,37910.7,70408.0
968443,2023-07-12,36005.0,36400.0,36482.95,35960.0,33767.0
968443,2023-07-26,37673.45,37250.0,37889.5,37201.5,16557.0
968443,2023-07-27,37245.95,37770.0,37900.0,37100.0,18860.0
968443,2023-08-08,39189.65,39300.0,39474.5,39050.0,11716.0
968443,2023-08-16,41315.2,41000.0,41404.65,40540.0,17004.0
968443,2021-04-23,29127.4,29666.0,29846.0,29050.0,38733.0
968443,2021-06-09,30178.9,31000.0,31049.95,30101.0,23350.0
968443,2021-04-16,30217.8,29760.0,30400.0,29350.1,26060.0
968443,2021-08-04,32760.5,33079.0,33133.65,32618.7,10692.0
968443,2021-04-28,30034.3,30298.9,30997.9,29901.0,35823.0
968443,2021-05-03,29690.75,29336.6,29950.0,29289.25,20846.0
968443,2021-09-16,33152.0,32868.85,33283.4,32820.4,14900.0
968443,2021-09-28,32726.05,33100.0,33147.65,32190.0,22651.0
968443,2021-10-07,37153.85,34032.0,37278.45,34011.1,103807.0
968443,2021-07-16,33140.9,33099.0,33492.0,33013.2,14517.0
968443,2021-10-08,36715.8,37275.0,37353.0,36450.25,34933.0
968443,2021-08-11,32980.6,32140.0,33054.95,31865.4,21990.0
968443,2021-10-22,37821.95,37689.0,38700.2,37301.0,36255.0
968443,2021-09-03,32473.3,32032.0,32949.85,32032.0,18937.0
968443,2021-10-25,36722.15,38100.0,38149.15,36579.9,27093.0
968443,2021-09-23,33123.75,33420.0,33686.5,32800.0,19836.0
968443,2021-11-08,39260.25,39361.0,39697.2,38854.0,18153.0
968443,2021-10-27,37621.9,37600.0,38275.0,37465.05,25702.0
968443,2021-11-02,38422.55,38610.0,38917.9,38062.15,14385.0
968443,2021-11-16,41193.6,40780.0,41775.0,40570.05,32014.0
968443,2021-12-08,40061.15,39300.0,40400.0,39030.05,28495.0
968443,2021-11-09,39769.35,39450.0,40135.7,39265.0,20994.0
968443,2022-01-04,40959.85,40950.0,41261.2,40750.0,13843.0
968443,2021-11-15,40728.8,40250.0,40975.0,40055.2,21610.0
968443,2022-01-05,41210.95,40765.5,41586.7,40701.55,13700.0
968443,2021-12-01,37887.65,38793.8,38950.0,37800.55,27871.0
968443,2022-01-12,44407.95,43720.2,44550.75,43500.0,18045.0
968443,2021-12-28,39837.95,39084.3,40219.85,39084.3,19703.0
968443,2022-02-02,43221.15,43458.9,43865.25,43088.95,10815.0
968443,2022-03-07,39914.3,40399.0,40399.0,39627.25,22782.0
968443,2022-04-08,44983.9,44200.0,45150.0,43926.95,16170.0
968443,2022-04-12,44635.65,45605.5,45999.5,44539.55,22716.0
968443,2022-04-22,45872.4,45749.8,46000.0,45540.05,8154.0
968443,2022-06-08,41362.15,41250.0,41793.2,40918.0,11206.0
968443,2022-05-10,40839.15,42360.3,42599.95,40404.05,46096.0
968443,2022-06-17,39870.8,39950.0,40122.5,38747.45,48923.0
968443,2022-05-11,41785.6,41000.0,42146.4,40512.1,23731.0
968443,2022-06-24,40026.8,39000.0,40100.0,39000.0,32477.0
968443,2022-08-25,49678.1,50000.0,50246.5,49500.0,15525.0
968443,2022-08-16,49678.85,49594.9,49930.0,49113.75,10480.0
968443,2022-09-05,49786.2,49915.95,50036.5,49158.4,22649.0
968443,2022-09-01,50606.1,50556.05,51454.0,50337.1,18237.0
968443,2022-12-05,47533.35,47561.1,47889.95,47160.0,12546.0
968443,2022-09-06,49858.95,49814.0,50692.35,49736.5,13962.0
968443,2022-09-15,49182.1,48600.0,49450.0,48600.0,16367.0
968443,2023-02-10,38786.2,37725.0,39690.6,37170.0,52863.0
968443,2022-10-04,52202.9,50249.0,52686.0,50001.5,36582.0
968443,2023-02-14,38396.2,38640.0,38750.0,38010.0,12266.0
968443,2022-10-17,51339.95,50800.0,51493.6,50105.0,9429.0
968443,2023-02-15,38377.8,38397.0,38699.9,37850.0,34233.0
968443,2022-11-03,49530.3,49800.0,50500.0,49359.1,16974.0
968443,2023-02-22,38133.25,38600.0,38634.55,37890.05,22779.0
968443,2022-12-02,47539.15,47501.0,47780.9,47200.1,10355.0
968443,2023-03-02,37417.3,38100.1,38361.65,37261.25,14787.0
968443,2022-12-15,44037.5,45325.0,45500.0,44000.0,51718.0
968443,2023-03-16,37025.95,37310.05,37493.45,36827.95,11709.0
968443,2023-01-03,42166.35,42140.0,42398.8,41800.0,16770.0
968443,2023-03-31,37903.3,38090.0,38600.0,37778.15,37024.0
968443,2023-01-06,41710.15,42302.9,42302.9,41410.0,16269.0
968443,2023-04-17,38236.75,38140.0,38333.0,37650.85,13598.0
968443,2023-02-13,38458.25,38786.2,39454.0,38030.6,19519.0
968443,2023-04-24,40534.1,40050.0,40732.1,39801.0,24599.0
968443,2023-02-27,37795.6,38213.1,38213.1,37536.1,13632.0
968443,2023-06-20,38647.35,38710.0,38898.8,38439.0,12258.0
968443,2023-03-15,37443.8,36790.0,37511.1,36438.6,26493.0
968443,2023-06-23,37676.5,38186.0,38186.0,37333.55,16827.0
968443,2023-04-10,36622.7,36463.0,36870.0,36300.0,9663.0
968443,2023-08-14,41009.55,40890.0,41148.75,40443.2,16876.0
968443,2023-05-11,41748.35,41350.0,41880.0,41299.0,8123.0
968443,2023-06-05,38875.7,38750.05,39061.75,38280.0,48171.0
968443,2023-08-18,40300.05,41020.0,41020.05,39739.9,54920.0
968443,2023-08-21,40624.9,40300.0,40696.0,40106.75,10388.0
968443,2023-07-13,36273.9,36250.0,36680.2,35866.05,37053.0
968443,2021-06-10,30221.25,30497.55,30497.55,30150.0,14989.0
968443,2021-07-06,30262.65,30277.0,30948.95,30054.0,25391.0
968443,2021-07-15,33046.4,32933.0,33409.85,32931.9,23185.0
968443,2021-07-22,33128.95,32600.0,33280.0,32000.0,28638.0
968443,2021-09-30,31704.9,32380.0,32998.8,31630.25,26346.0
968443,2021-10-13,37483.0,37645.0,38350.0,37400.0,38382.0
968443,2021-10-14,37370.3,37590.0,37800.0,37000.0,30544.0
968443,2021-10-18,37543.15,37690.0,38131.6,37215.05,23161.0
968443,2021-11-23,40269.45,39480.0,40499.15,39478.35,28811.0
968443,2022-01-27,40804.35,41150.0,41232.55,39201.5,27190.0
968443,2022-02-01,43190.65,42900.0,43300.0,42451.15,13865.0
968443,2022-02-07,40715.5,41850.0,41935.0,40500.0,10597.0
968443,2022-02-11,39803.3,40902.1,41500.0,39688.85,43217.0
968443,2022-03-08,39514.4,39720.0,40299.9,39013.75,35251.0
968443,2022-05-13,41787.6,41570.0,42989.9,41388.6,25039.0
968443,2022-06-14,39999.75,40500.0,41099.65,39856.05,52384.0
968443,2022-06-20,39883.65,39900.0,40123.0,39200.05,15474.0
968443,2022-09-16,48813.05,49100.0,49636.0,48263.85,22812.0
968443,2022-10-25,51964.75,53488.35,53575.1,51715.0,15410.0
968443,2022-11-16,46207.1,46690.0,46690.0,45860.2,47189.0
968443,2022-11-29,47092.35,47400.0,47509.3,47020.1,9362.0
968443,2022-12-08,45913.5,46299.0,46424.95,45722.15,14659.0
968443,2022-12-12,46389.7,46490.0,46534.0,45913.0,8388.0
968443,2022-12-23,43031.35,42950.0,43450.0,42805.0,19003.0
968443,2023-01-11,41004.2,41114.0,41299.3,40721.95,24460.0
968443,2023-04-19,38019.0,38535.0,38601.1,37940.45,19241.0
968443,2023-05-03,40448.1,40200.0,40640.0,39863.45,12351.0
968443,2023-05-15,42237.15,42449.85,42741.05,42028.65,18883.0
968443,2023-06-27,37916.45,37995.9,38133.35,37803.6,13877.0
968443,2023-07-11,36295.3,36589.95,36671.25,36199.75,28836.0
968443,2023-07-21,36669.2,36700.0,36895.0,36450.0,7827.0
968443,2023-07-31,37805.05,36500.05,38432.0,36500.05,79018.0
968443,2021-06-15,30046.35,30450.0,30450.0,29992.05,14542.0
968443,2021-06-23,29436.45,29639.9,29798.5,29351.0,24733.0
968443,2021-08-25,31061.4,31242.2,31481.6,30920.1,19853.0
968443,2021-09-07,32052.45,32114.2,32549.0,31876.4,20373.0
968443,2021-09-14,32590.45,32007.75,32850.0,32007.75,15680.0
968443,2021-10-12,37401.7,37470.0,37650.0,37000.0,26619.0
968443,2021-10-19,38924.35,37849.8,40229.65,37556.7,65103.0
968443,2021-11-01,38575.3,37762.1,38739.85,37535.05,22058.0
968443,2021-11-11,40186.95,39730.0,40580.0,39025.0,66159.0
968443,2021-11-22,39478.35,40595.0,40790.0,39310.1,35139.0
968443,2021-12-24,39294.85,39722.0,40033.35,39201.2,6135.0
968443,2021-12-27,39084.3,39249.0,39322.55,38500.0,11879.0
968443,2022-01-11,43637.1,43225.5,44046.6,43225.5,15467.0
968443,2022-03-04,40996.25,41380.0,41570.9,40380.0,21161.0
968443,2022-03-11,41488.85,40750.0,41600.0,40639.0,10969.0
968443,2022-03-24,41383.55,41890.0,42211.95,41161.6,17977.0
968443,2022-05-05,45722.6,45700.0,46264.4,45500.0,24085.0
968443,2022-05-17,42087.05,42394.0,42899.0,41809.65,20576.0
968443,2022-05-27,44442.15,43150.0,45180.0,42930.4,90562.0
968443,2022-06-01,44194.3,45500.0,45998.95,43819.2,29060.0
968443,2022-06-06,42127.95,42620.2,42800.0,41771.0,16143.0
968443,2022-06-29,41027.05,39900.0,41475.3,39529.7,38176.0
968443,2022-07-27,47257.35,46194.0,47400.0,46194.0,16941.0
968443,2022-08-29,49390.7,49300.0,49650.0,48777.05,11393.0
968443,2022-09-30,50666.15,49664.9,50912.25,48910.0,19202.0
968443,2022-11-30,47416.65,47150.0,47500.0,46666.0,30007.0
968443,2022-12-21,43255.3,43760.0,43998.9,43116.55,18613.0
968443,2023-01-09,41397.5,41990.0,41990.0,41105.0,16084.0
968443,2023-01-20,40235.3,40700.0,40847.85,40050.0,20059.0
968443,2023-03-06,37305.35,37480.0,37565.55,37040.0,17618.0
968443,2023-03-14,36288.85,36150.0,36599.95,35575.0,28503.0
968443,2023-04-28,40320.7,40740.15,40822.45,39304.95,33886.0
968443,2023-05-29,37895.5,38140.0,38250.0,37422.0,61564.0
968443,2023-06-30,37647.2,37790.0,37953.95,37551.25,13184.0
968443,2023-07-19,36460.45,36550.0,36725.0,36167.65,16762.0
968443,2021-05-07,29629.85,29547.0,29785.95,29450.0,16892.0
968443,2021-04-06,29523.5,29888.0,29888.0,29348.4,22797.0
968443,2021-03-31,30317.45,30950.0,30950.0,30130.0,33389.0
968443,2021-04-12,28195.6,29122.0,29198.55,28052.6,28586.0
968443,2021-05-27,31764.45,31711.0,32460.0,30856.15,137199.0
968443,2021-06-14,30164.7,30225.0,30250.0,29650.0,21283.0
968443,2021-06-28,29588.35,29529.0,29625.0,29381.4,22703.0
968443,2021-07-27,32495.4,33080.0,33317.0,32302.5,19724.0
968443,2021-09-01,32108.25,31500.0,32288.95,31279.3,21226.0
968443,2021-09-08,31900.7,32149.0,32248.9,31500.0,43576.0
968443,2021-10-21,37485.85,37690.0,38383.6,36801.0,31859.0
968443,2021-11-26,38971.9,40100.0,40116.25,38828.8,24321.0
968443,2021-12-16,40281.85,39999.95,40425.0,39842.55,30651.0
968443,2021-12-22,39174.35,38717.0,39350.0,38717.0,11233.0
968443,2022-01-21,42539.95,43550.0,43550.0,42262.05,13851.0
968443,2022-02-04,41691.35,42458.55,42624.75,41547.0,14639.0
968443,2022-02-09,42415.35,41399.0,42520.0,41066.85,22580.0
968443,2022-02-18,41496.45,42000.1,42229.0,41271.65,13957.0
968443,2022-07-01,41375.8,40199.0,41599.9,40124.95,13064.0
968443,2022-08-02,48987.5,49216.0,49849.95,48840.0,18097.0
968443,2022-08-12,49137.35,49750.0,50350.0,48614.0,41032.0
968443,2022-08-18,50041.9,49401.0,50172.45,49067.4,12397.0
968443,2022-08-24,49800.2,49350.0,50100.0,49173.5,25763.0
968443,2022-09-07,49740.1,49808.6,50036.9,49224.45,14643.0
968443,2022-09-12,49079.9,49540.0,49641.8,48886.65,19795.0
968443,2022-09-14,48311.9,48220.0,48695.3,47451.65,41250.0
968443,2022-09-19,48638.15,48813.05,48884.95,47850.1,12353.0
968443,2022-10-31,49768.65,49471.1,50425.95,49025.0,27490.0
968443,2022-11-07,49981.4,49890.65,50120.0,49217.4,16468.0
968443,2022-11-10,48666.0,49720.0,49720.0,48205.1,39154.0
968443,2022-12-07,46130.05,46988.05,47295.0,46001.0,12768.0
968443,2022-12-09,46395.95,46143.1,46534.2,45683.8,11939.0
968443,2023-02-06,39528.4,39815.75,39829.2,39105.25,35378.0
968443,2023-02-20,38573.55,38878.15,39095.1,38370.9,16664.0
968443,2023-03-17,37223.75,37460.0,37500.0,37050.0,24182.0
968443,2023-03-22,38597.45,38228.0,38751.4,38221.25,18711.0
968443,2023-03-23,37516.35,38500.0,38500.0,37401.15,24040.0
968443,2023-04-13,37699.9,37900.0,38159.9,37502.6,16890.0
968443,2023-05-16,43010.4,42480.0,43570.0,42250.0,29596.0
968443,2023-05-25,41120.75,41106.6,41459.7,41018.25,14381.0
968443,2023-05-31,38775.65,39090.0,39655.0,38566.0,53318.0
968443,2023-06-26,37851.15,37676.5,38013.6,37640.0,10126.0
968443,2023-07-07,36560.85,37124.0,37428.5,36423.0,22321.0
968443,2021-04-01,30197.6,30598.0,30749.6,29990.0,33538.0
968443,2021-05-12,28200.8,28950.25,29121.75,28105.7,17605.0
968443,2021-05-26,31836.1,31500.0,31960.0,31250.05,54258.0
968443,2021-06-22,29459.7,29750.0,29949.0,29350.0,18064.0
968443,2021-06-30,29522.0,29642.55,29825.0,29119.95,22267.0
968443,2021-07-02,29759.5,29719.95,29947.45,29626.4,11104.0
968443,2021-07-08,30413.55,30825.0,31117.75,30225.35,36819.0
968443,2021-08-09,32470.7,32780.0,33000.0,32315.0,8155.0
968443,2021-08-12,32373.6,32998.25,32998.25,31800.0,16354.0
968443,2021-08-20,31116.55,30200.0,31300.0,30200.0,22129.0
968443,2021-08-30,31424.2,30950.0,31490.0,30899.95,21907.0
968443,2021-09-20,32714.25,33121.25,33133.85,32559.1,13710.0
968443,2021-09-27,32980.75,33999.5,33999.5,32130.6,27463.0
968443,2021-10-04,33068.85,32399.95,33286.9,32252.5,26275.0
968443,2021-10-28,37520.05,37849.5,37888.0,37136.2,15533.0
968443,2021-11-03,38974.5,38699.9,39621.75,38387.65,48779.0
968443,2021-12-02,38253.55,38000.0,38482.6,37800.0,37304.0
968443,2021-12-07,38916.5,38649.6,39000.0,38304.1,19257.0
968443,2021-12-21,38803.35,38100.0,38900.0,38100.0,12293.0
968443,2022-01-14,44607.7,44360.0,44699.7,43828.95,16004.0
968443,2022-01-31,42426.05,42399.95,42999.9,42073.55,18628.0
968443,2022-02-24,40196.7,40400.0,40983.45,39755.0,29126.0
968443,2022-03-09,39999.2,39870.0,40199.5,39455.0,29402.0
968443,2022-03-15,41230.7,41624.45,41624.45,40954.0,22771.0
968443,2022-03-16,42354.95,41444.0,42566.95,41356.75,24233.0
968443,2022-04-07,44108.8,44400.0,44412.4,43520.0,21768.0
968443,2022-04-13,44817.1,44800.0,45190.45,44294.0,15207.0
968443,2022-04-27,45781.75,46211.0,46557.9,45648.7,14943.0
968443,2022-05-06,44911.5,45399.9,45500.0,44708.45,19910.0
968443,2022-05-12,40915.0,41699.0,41777.15,40625.2,16682.0
968443,2022-08-10,48387.4,48450.05,48827.55,47830.1,11583.0
968443,2022-09-02,49915.95,50860.0,50860.0,49850.0,12138.0
968443,2022-10-12,51014.1,51306.2,52900.0,50460.45,12156.0
968443,2022-10-14,50754.3,51300.0,51700.0,50625.0,9888.0
968443,2023-01-12,40639.05,41190.0,41548.0,40565.05,19141.0
968443,2023-01-17,40269.55,40066.0,40424.95,39939.05,18785.0
968443,2023-01-24,40116.65,40602.1,40787.95,40050.0,6841.0
968443,2023-02-21,38648.6,38573.55,39069.65,38226.05,14881.0
968443,2023-02-24,38064.0,38239.0,38437.95,37825.05,15506.0
968443,2023-04-21,40054.7,39259.15,40150.0,39111.0,49286.0
968443,2023-05-08,41371.9,41399.95,41624.95,41101.0,16026.0
968443,2023-06-07,39272.85,38899.95,39388.3,38750.0,32433.0
968443,2023-06-12,38147.55,38574.0,38574.0,37908.8,40624.0
968443,2023-06-15,38377.0,38540.0,38954.0,38239.6,19493.0
968443,2023-06-16,38568.4,38600.0,39039.0,38377.0,29325.0
968443,2023-07-24,37457.5,36678.95,37955.0,36547.3,28307.0
968443,2023-08-09,39042.25,39200.0,39650.0,38894.6,18926.0
968443,2021-05-18,28922.65,28420.0,29354.0,28270.0,32810.0
968443,2021-04-08,29795.95,29997.0,30200.0,29650.0,33157.0
968443,2021-05-06,29547.0,29690.0,29777.0,29411.0,13088.0
968443,2021-06-17,29886.05,29792.0,30100.0,29750.35,11790.0
968443,2021-07-14,32887.6,32811.55,32979.95,32568.4,27744.0
968443,2021-08-27,30859.05,30471.75,30979.95,30265.55,17794.0
968443,2021-10-06,33889.5,33871.0,34780.0,33525.8,39341.0
968443,2021-11-10,39766.45,39788.0,40399.95,39410.0,20266.0
968443,2021-12-14,40299.35,40000.0,40479.95,36090.0,23083.0
968443,2022-01-13,44390.35,44450.0,45155.0,44051.45,27112.0
968443,2022-01-24,39915.6,42559.95,44200.0,39679.0,24258.0
968443,2022-03-28,40188.7,40520.0,40699.85,39950.6,10811.0
968443,2022-04-19,45437.8,45300.0,46500.0,44859.85,25382.0
968443,2022-04-25,44866.35,45631.1,45694.15,44760.0,27997.0
968443,2022-05-25,41408.5,42932.0,43490.0,41102.7,15654.0
968443,2022-06-30,40166.5,40903.0,41000.0,40024.05,52445.0
968443,2022-08-17,49491.2,49980.0,50157.8,49224.0,17362.0
968443,2022-09-27,49760.2,50800.0,51268.35,49201.05,26201.0
968443,2022-10-06,53078.95,52250.0,54026.55,52250.0,33655.0
968443,2022-10-19,52899.95,52346.0,53110.0,52200.05,13931.0
968443,2022-11-21,46687.3,46200.0,46812.35,45821.5,15860.0
968443,2022-12-26,43550.25,43037.0,43966.0,42600.0,16795.0
968443,2023-03-13,36267.15,37001.0,37058.9,36130.0,19717.0
968443,2023-03-27,37495.1,37051.05,37728.0,36900.0,18517.0
968443,2023-04-20,39259.15,38190.0,39952.0,38100.45,39300.0
968443,2023-05-09,41362.0,41468.95,41925.0,41015.0,19405.0
968443,2023-05-12,42254.5,41740.0,42305.9,41440.0,17268.0
968443,2023-05-19,41674.9,41999.0,42250.0,41410.6,14097.0
968443,2023-06-01,39133.45,39240.0,39250.0,38704.0,30679.0
968443,2023-06-06,38793.95,38900.0,39050.0,38650.0,35090.0
968443,2023-07-03,37284.7,37789.95,37880.0,37230.0,17390.0
968443,2023-08-03,38774.35,38720.0,39055.6,38465.25,17567.0
968443,2023-08-11,40905.0,39999.95,41074.35,38603.75,84680.0
968443,2023-08-23,39951.5,40320.0,40599.0,39876.0,5126.0
968443,2021-03-26,30038.95,29300.0,30180.0,29300.0,36962.0
968443,2021-06-01,31055.4,30799.0,31175.0,30586.4,25113.0
968443,2021-07-28,31843.5,32769.8,33288.8,31511.0,31524.0
968443,2021-07-29,31526.4,32098.5,32100.35,31353.5,21475.0
968443,2021-08-16,30306.5,31280.0,31280.0,30230.05,37788.0
968443,2021-12-13,40100.0,40000.15,40540.0,39871.3,12769.0
968443,2021-12-17,38776.2,40150.4,40150.4,38500.15,18366.0
968443,2021-12-23,39790.65,39270.0,39900.0,39000.0,14145.0
968443,2022-03-22,41790.1,41826.0,41955.8,40777.0,23776.0
968443,2022-03-25,40444.7,41670.0,41723.7,40341.45,18484.0
968443,2022-04-18,45276.2,44715.0,45399.4,44354.85,11027.0
968443,2022-06-27,40190.8,40650.0,41180.0,40034.6,20882.0
968443,2022-07-06,43570.9,42400.0,43771.2,41914.85,15361.0
968443,2022-07-19,43750.85,44099.9,44370.0,43522.25,11102.0
968443,2022-07-26,46193.9,45675.6,46299.9,45616.8,9522.0
968443,2022-08-30,51043.15,49650.0,51499.95,49650.0,30980.0
968443,2021-04-13,29260.75,28334.0,29489.35,28305.0,30451.0
968443,2022-10-03,49557.05,50666.15,50919.5,49200.0,19154.0
968443,2021-06-21,29682.85,29600.0,29978.4,29460.0,13779.0
968443,2023-03-28,37889.15,38132.5,38323.9,37673.55,54574.0
968443,2021-07-05,30221.4,29885.0,30295.0,29767.5,18120.0
968443,2023-05-04,40882.1,40540.0,41096.35,40351.05,19969.0
968443,2021-08-10,32142.4,32703.9,32829.5,31900.0,11361.0
968443,2021-09-06,32014.2,32366.0,32750.0,31865.55,17421.0
968443,2023-05-05,41117.9,41000.0,41460.0,40760.15,11575.0
968443,2023-05-17,42396.1,43190.0,43390.0,42308.05,17282.0
968443,2021-12-15,39809.0,40070.0,40300.0,39701.35,20109.0
968443,2021-12-20,38159.6,38600.0,38601.05,37216.15,20396.0
968443,2023-06-14,38488.05,38500.0,38542.35,38257.55,11773.0
968443,2021-12-30,39428.1,39934.0,39934.0,39201.35,19434.0
968443,2022-02-10,40953.5,42151.0,42628.95,40300.0,52366.0
968443,2023-06-21,38259.65,38772.95,38800.0,38170.0,21698.0
968443,2023-06-28,37473.9,38134.0,38237.25,37361.9,23492.0
968443,2022-02-14,39129.3,39714.95,39850.0,38944.7,19164.0
968443,2023-07-04,37122.3,37499.0,37582.5,37010.0,11944.0
968443,2022-02-23,41137.95,42950.0,42950.0,40919.4,30588.0
968443,2022-03-29,40806.05,40507.75,41059.0,40310.65,12043.0
968443,2022-04-29,45578.75,45949.95,46248.0,45447.55,13644.0
968443,2022-05-24,42940.4,42397.0,43348.0,42010.0,16912.0
968443,2022-06-02,43548.8,44100.0,44193.75,43263.3,15201.0
968443,2022-06-15,40971.95,40540.0,41700.0,40300.1,29681.0
968443,2022-06-23,38897.75,39199.0,39300.0,38650.0,13378.0
968443,2022-06-28,40028.55,40100.0,40299.1,39580.0,11511.0
968443,2022-07-04,42052.6,41336.7,42220.35,40915.05,19858.0
968443,2022-07-14,43684.35,43500.0,43957.55,43211.1,6148.0
968443,2022-07-29,48873.0,47866.0,49135.6,47863.0,17420.0
968443,2022-09-22,53012.55,50902.0,53616.35,50603.4,39159.0
968443,2022-10-07,53453.2,53050.0,53600.0,52400.0,17210.0
968443,2022-11-25,47233.4,46779.8,47337.25,46586.1,10744.0
968443,2022-12-16,42967.95,44000.0,44000.0,42903.05,26021.0
968443,2022-12-20,43633.2,44000.0,44000.0,43151.1,14427.0
968443,2023-01-30,40242.55,39969.95,40494.9,39512.6,16241.0
968443,2023-03-29,38171.8,37725.0,38490.2,37559.05,129944.0
968443,2023-05-10,41340.1,41400.0,41749.25,41102.05,10599.0
968443,2023-05-24,41252.75,41850.0,41850.0,41090.0,14601.0
968443,2023-08-07,39338.85,38998.0,39375.0,38700.3,17258.0
968443,2021-04-27,30196.15,30182.7,30820.0,29760.0,36154.0
968443,2021-05-04,29408.8,29868.0,29868.0,29242.6,25145.0
968443,2021-05-20,29634.75,29750.55,30229.95,29456.85,30746.0
968443,2021-06-08,30970.45,30990.0,31150.0,30760.0,25766.0
968443,2021-08-31,31499.1,31424.2,31629.0,31100.0,23477.0
968443,2021-09-13,32077.75,32000.0,32316.3,31750.0,17757.0
968443,2021-10-01,32281.05,31690.0,32789.0,31565.25,46167.0
968443,2021-11-12,40439.95,40399.0,40610.0,39499.95,60777.0
968443,2021-11-25,40211.35,39750.0,40250.0,39510.05,13973.0
968443,2021-12-29,39935.45,39885.0,40050.0,39730.0,14951.0
968443,2022-02-28,42256.2,41425.5,42499.9,40450.0,26868.0
968443,2022-03-02,41597.85,42047.0,42149.95,41076.2,22523.0
968443,2022-03-10,41000.55,40600.0,41285.0,40450.0,17887.0
968443,2022-04-26,46563.75,45120.0,46737.7,45031.55,15222.0
968443,2022-04-28,45862.35,46280.0,46369.9,45380.25,21684.0
968443,2022-05-23,42184.9,42565.0,43074.95,42001.0,11852.0
968443,2022-05-26,41778.3,41790.0,42531.0,40566.8,50699.0
968443,2022-06-13,40537.9,41100.0,41100.0,40200.0,14184.0
968443,2022-06-22,38968.7,39200.0,39227.95,37825.0,24263.0
968443,2022-08-03,48017.6,49108.6,49108.6,47500.0,21040.0
968443,2022-08-04,49026.7,48500.0,49234.0,47781.15,16953.0
968443,2022-11-01,50289.7,50011.8,50799.9,49290.0,26579.0
968443,2022-11-02,50144.35,50289.7,50289.7,49350.05,12650.0
968443,2022-11-04,49642.4,49749.0,50000.0,49325.0,13518.0
968443,2022-11-09,49581.45,50251.0,50251.0,49325.0,16306.0
968443,2022-11-14,46843.95,47020.0,47400.0,46710.05,25629.0
968443,2022-12-01,47566.05,47454.95,47850.0,47165.45,17810.0
968443,2022-12-28,44589.05,43600.05,44699.0,43218.0,27630.0
968443,2022-12-30,42836.7,43630.0,43795.0,42742.0,21609.0
968443,2023-01-02,41921.05,43070.0,43189.95,41825.0,21542.0
968443,2023-01-10,41038.4,41469.8,41524.9,40800.0,17183.0
968443,2023-02-08,39351.7,39488.0,39503.95,39011.0,24036.0
968443,2023-04-18,38524.9,38230.0,38987.6,37907.1,27168.0
968443,2023-06-09,38363.2,38855.25,39209.4,38259.3,19005.0
968443,2023-07-14,36674.3,36540.0,36995.4,36430.95,23379.0
968443,2023-08-01,38701.55,37990.0,38835.45,37866.3,31300.0
968443,2023-08-02,38714.15,38699.9,39150.0,38250.0,36504.0
968443,2021-04-20,30248.8,30200.0,30600.0,29765.0,24174.0
968443,2021-04-29,29890.7,30343.25,30455.55,29750.1,28988.0
968443,2021-05-05,29637.3,29799.0,29799.0,29260.0,27903.0
968443,2021-05-31,30665.5,31350.0,31525.0,30461.0,43081.0
968443,2021-06-04,31043.7,30360.5,31100.0,30300.0,47283.0
968443,2021-06-18,29698.95,29950.0,30056.5,29400.0,20668.0
968443,2021-06-29,29640.85,29601.1,30036.45,29512.65,18379.0
968443,2021-07-12,33203.25,31380.7,33333.15,31360.0,82179.0
968443,2021-07-20,32462.75,32960.0,32996.25,32247.6,20639.0
968443,2021-08-03,32922.6,32466.45,33150.9,32465.45,18652.0
968443,2021-08-17,30613.2,30463.9,30730.0,29950.0,34515.0
968443,2021-09-02,32049.55,32116.5,32391.9,31721.0,23348.0
968443,2021-09-22,33348.85,32550.0,33600.0,32380.4,24864.0
968443,2021-11-30,38390.9,38160.0,39000.0,38100.05,55074.0
968443,2021-12-03,38420.8,38580.0,38792.95,38100.0,26143.0
968443,2021-12-09,39468.55,40200.0,40349.9,39306.1,21183.0
968443,2022-01-19,43390.4,43799.9,43890.0,43250.25,15018.0
968443,2022-02-03,42458.55,43000.0,43748.75,42225.05,18463.0
968443,2022-03-21,41826.2,43000.0,43099.0,41655.95,17924.0
968443,2022-03-31,43189.35,41950.0,43621.85,41800.2,37837.0
968443,2022-04-05,44332.85,43713.0,44470.0,43484.55,11661.0
968443,2022-05-09,42619.95,44890.0,44890.0,42402.95,25921.0
968443,2022-05-18,42916.9,42587.75,43080.0,42314.7,22669.0
968443,2022-06-16,40044.4,41500.0,41598.8,39969.4,37036.0
968443,2022-07-20,43990.8,44099.5,44500.0,43667.6,10413.0
968443,2022-08-05,48211.6,49000.05,49198.5,48048.0,9680.0
968443,2022-08-19,50031.95,49901.0,50624.15,49603.35,16842.0
968443,2022-08-23,50123.95,48997.0,50399.75,48515.0,19135.0
968443,2022-09-20,50355.45,48810.0,50494.6,48800.05,29246.0
968443,2022-09-26,50636.5,52941.2,52941.2,50382.55,39566.0
968443,2022-10-13,50781.7,51014.1,51392.5,50441.55,10721.0
968443,2022-11-15,46696.05,46715.0,46979.9,46055.0,34739.0
968443,2022-11-17,45906.15,46290.0,46300.0,45550.0,22171.0
968443,2022-11-22,46952.75,46800.0,47066.0,46490.05,12032.0
968443,2022-11-23,47036.6,47187.55,47500.0,46860.45,13967.0
968443,2023-01-23,40601.4,40300.0,40724.1,40273.95,11963.0
968443,2023-01-25,39854.9,40110.0,40110.0,39450.0,10399.0
968443,2023-02-03,39815.75,40229.2,40352.0,39700.2,15291.0
968443,2023-02-07,39455.85,39591.0,39700.0,39260.6,44965.0
968443,2023-02-09,37960.15,39504.0,39505.05,37670.0,52798.0
968443,2023-02-28,37969.65,37980.0,38409.5,37856.55,25983.0
968443,2023-03-03,37296.35,37690.0,37856.2,36879.9,16173.0
968443,2023-03-08,37266.05,37188.0,37385.0,36710.0,19234.0
968443,2023-03-10,37029.2,36571.3,37124.8,36162.1,17139.0
968443,2023-03-21,38228.2,37850.0,38314.9,37744.75,23570.0
968443,2023-04-03,37789.25,38230.0,38230.0,37510.0,17092.0
968443,2023-04-11,36469.4,36796.0,36980.6,36366.1,17896.0
968443,2023-05-02,40229.1,40550.0,40590.0,39350.0,30917.0
968443,2023-05-26,37501.3,37008.7,37867.0,34952.65,415963.0
968443,2023-06-22,37958.95,38390.0,38399.95,37800.0,16950.0
968443,2023-08-10,40072.95,39050.0,40300.0,38522.0,66218.0
968443,2021-04-30,29660.6,29522.55,29975.0,29469.55,19104.0
968443,2021-05-10,29127.95,29630.0,29887.35,28956.2,29383.0
968443,2021-05-17,28170.4,28299.0,28499.95,27940.75,22214.0
968443,2021-05-24,30537.55,29498.0,30750.0,29266.45,63233.0
968443,2021-06-25,29455.45,29600.0,29738.9,29315.0,10705.0
968443,2021-07-07,30898.8,30180.5,30950.0,29908.0,28635.0
968443,2021-07-13,32909.05,33300.0,33385.0,32650.05,37173.0
968443,2021-08-06,32584.35,32778.0,32787.45,32320.1,6751.0
968443,2021-08-23,30908.65,31180.0,31180.0,30502.0,18611.0
968443,2021-09-09,32096.0,32040.0,32497.8,31860.15,18152.0
968443,2021-09-29,32338.6,32650.0,32899.9,32009.4,12605.0
968443,2021-10-26,37383.6,36695.0,38398.95,36451.0,33010.0
968443,2021-10-29,37636.05,37520.0,38988.8,36714.35,14414.0
968443,2021-11-18,40595.0,41000.0,41000.0,40418.35,19246.0
968443,2021-11-24,39792.2,40300.0,40699.85,39303.4,14067.0
968443,2021-12-06,38319.3,38599.9,38799.0,38023.15,39996.0
968443,2022-01-03,40929.3,40421.55,41050.0,40380.05,9614.0
968443,2022-01-07,44087.15,42076.5,44397.25,42000.0,61016.0
968443,2022-01-10,43635.35,44100.0,44251.0,43423.7,14317.0
968443,2022-01-28,41841.25,41256.0,43150.45,41249.85,23372.0
968443,2022-02-08,40884.2,40900.0,41426.6,40400.0,31879.0
968443,2022-03-23,42024.55,41826.0,42335.95,41711.2,17247.0
968443,2022-04-01,43147.5,43189.35,43278.35,42776.6,13199.0
968443,2022-04-06,44423.7,44000.05,44800.0,43930.4,14615.0
968443,2022-04-20,45121.85,45247.0,45830.9,45009.8,10866.0
968443,2022-05-04,45345.1,45800.0,46181.0,45075.0,23209.0
968443,2022-05-20,42568.6,42500.0,42912.0,42252.1,17876.0
968443,2022-06-10,41346.65,41300.0,41434.25,41000.0,9224.0
968443,2022-07-07,44014.3,43800.0,44250.0,43578.95,8650.0
968443,2022-07-11,43399.1,43450.0,43698.9,42925.35,15313.0
968443,2022-07-18,44074.8,44698.3,44698.3,43800.0,8279.0
968443,2022-09-21,51140.0,50210.1,51600.0,50000.25,28109.0
968443,2022-10-20,53795.8,52606.0,54109.0,51943.0,24580.0
968443,2022-10-21,52994.65,53800.0,54349.1,52800.0,15601.0
968443,2022-11-18,46139.45,46090.0,46350.0,45351.0,20051.0
968443,2022-12-22,43395.1,43500.0,43699.85,42960.8,17941.0
968443,2022-12-29,43264.35,44550.0,44550.0,43006.0,36774.0
968443,2023-01-04,42159.9,42170.0,42384.95,41730.65,23911.0
968443,2023-01-05,42302.9,42198.0,42385.0,41900.0,29884.0
968443,2023-03-20,37916.05,37230.05,38049.8,37200.0,20355.0
968443,2023-04-12,37798.95,36600.0,37999.9,36550.0,39576.0
968443,2023-04-25,40651.95,40689.9,40849.9,40344.1,14965.0
968443,2023-07-20,36568.9,36500.0,36922.7,36400.0,21230.0
968443,2023-07-28,37311.7,37364.0,37466.15,37225.0,23277.0
968443,2023-08-17,41270.75,41220.2,41495.45,40966.05,12819.0
968443,2023-08-22,40407.5,40624.9,40652.25,40278.95,13436.0
968443,2021-05-14,28033.7,28400.0,28400.0,27801.0,23147.0
968443,2021-05-28,31362.3,31780.05,32151.15,31129.35,59209.0
968443,2021-06-16,29981.85,30055.0,30234.95,29800.0,13469.0
968443,2021-08-26,30471.75,31000.0,31178.25,30312.65,27379.0
968443,2021-09-15,32685.55,32827.2,33215.8,32501.0,20550.0
968443,2021-10-20,37403.15,38499.5,38553.6,37220.0,48518.0
968443,2021-11-29,38031.05,38720.2,38969.9,37701.8,34698.0
968443,2021-12-31,40421.55,39633.8,40745.2,39593.2,18854.0
968443,2022-01-17,44450.45,44600.0,45600.0,44300.0,17938.0
968443,2022-01-20,43665.3,43344.4,43857.8,43127.55,14464.0
968443,2022-03-14,41686.7,41350.0,41835.4,40912.55,14668.0
968443,2022-05-16,42394.0,41815.2,42600.0,41743.7,12900.0
968443,2022-06-09,41512.9,41000.0,41574.65,40918.95,8618.0
968443,2022-07-08,43575.7,44014.3,44121.5,43411.0,11494.0
968443,2022-07-12,43088.85,43127.0,43396.0,42950.0,9906.0
968443,2022-07-21,45126.5,44000.0,45385.0,43759.4,17165.0
968443,2022-08-26,49937.6,49900.0,50340.0,49743.0,10970.0
968443,2022-09-29,49664.9,50240.0,50700.0,48976.0,26371.0
968443,2022-10-24,53222.2,53754.65,53754.65,53075.25,1529.0
968443,2022-10-27,50870.5,52200.0,52699.95,50400.0,21078.0
968443,2022-10-28,49224.95,51124.9,51500.0,49011.9,26419.0
968443,2022-11-11,47560.9,48666.0,49249.0,46906.15,39220.0
968443,2023-01-13,40250.25,40800.0,40800.0,40052.0,16099.0
968443,2023-01-19,40651.95,40673.0,41150.0,40400.0,7912.0
968443,2023-02-01,40447.1,40209.7,40950.0,39900.0,13744.0
968443,2023-03-09,36653.95,37449.0,37449.0,36550.5,13994.0
968443,2023-04-06,36462.65,37201.0,37366.95,36366.0,27468.0
968443,2023-04-26,41011.75,40651.95,41200.0,40384.85,26330.0
968443,2023-05-18,41739.2,42549.95,42703.7,41523.55,18748.0
968443,2023-07-10,36384.5,36895.95,36947.95,36351.0,16478.0
968443,2023-08-04,38910.3,38940.0,39071.45,38630.0,9260.0
968443,2021-07-01,29623.85,29550.0,29727.7,29470.0,10951.0
968443,2021-08-02,32465.45,31798.0,32579.95,31609.05,16604.0
968443,2021-08-05,32684.95,32880.0,32957.8,32426.6,9084.0
968443,2021-08-13,31183.45,32000.05,32299.95,31010.25,56177.0
968443,2021-09-21,32479.1,32705.0,32899.2,32070.0,13141.0
968443,2021-12-10,39992.0,39650.0,40149.65,39526.4,16553.0
968443,2022-02-15,41312.75,39343.65,41500.0,39297.15,34400.0
968443,2022-03-17,42674.1,42430.0,43099.95,42050.6,32302.0
968443,2022-06-03,42433.15,43950.0,44599.85,42131.5,27518.0
968443,2022-06-21,39232.4,40050.0,40150.0,38900.4,26810.0
968443,2022-07-13,43499.7,43300.0,43674.0,42952.1,14653.0
968443,2022-07-15,44368.5,43465.0,44533.95,43465.0,9745.0
968443,2022-07-22,45342.45,45130.4,46359.05,45100.0,14796.0
968443,2022-07-25,45616.8,45300.0,46200.0,45265.0,10650.0
968443,2022-07-28,47760.5,47500.0,48349.9,46931.2,37906.0
968443,2022-08-08,48627.1,48445.0,48727.95,48207.4,8967.0
968443,2022-10-18,52346.0,51511.0,52500.0,51441.4,12610.0
968443,2022-11-24,46585.55,47396.95,47396.95,46350.0,13975.0
968443,2022-12-06,46988.05,47400.0,47474.0,46801.0,9315.0
968443,2022-12-13,46779.3,46000.0,46847.95,46000.0,9971.0
968443,2022-12-14,45354.9,46779.95,46972.9,45000.0,48016.0
968443,2022-12-19,43998.8,42900.0,44125.0,42712.25,19871.0
968443,2023-03-24,37115.25,37516.35,37750.0,37010.0,12070.0
968443,2023-04-27,40709.85,40981.75,41219.95,40581.0,14805.0
968443,2023-05-22,41788.05,41670.0,42040.8,41580.0,8426.0
968443,2023-05-23,41793.0,41800.0,41907.4,41352.65,11028.0
968443,2023-06-02,38568.35,39201.05,39292.65,38460.6,33208.0
968443,2023-07-05,36721.6,37380.0,37380.0,36664.25,30541.0
968443,2023-07-06,36988.8,36680.35,37077.9,36351.0,25098.0
968443,2023-07-17,36626.05,36880.0,36950.0,36528.45,12981.0
968443,2023-07-18,36442.3,36790.0,36790.0,36250.1,16629.0
