stockid,date,close,open,high,low,volume
604782,2021-02-03,1055.35,1074.0,1074.0,1043.0,8403.0
604782,2021-02-26,1051.4,1000.0,1064.8,999.95,95926.0
604782,2021-03-01,1036.15,1085.0,1085.0,1031.05,4175.0
604782,2021-01-13,1134.55,1188.0,1200.0,1115.55,10379.0
604782,2021-01-20,1055.25,1058.0,1062.35,1042.0,28274.0
604782,2021-01-05,1097.4,1133.0,1133.0,1090.0,9464.0
604782,2021-01-12,1177.1,1129.85,1180.0,1124.5,14162.0
604782,2021-02-12,1032.0,1053.9,1053.9,1031.0,7033.0
604782,2021-02-01,1050.25,1030.95,1059.55,1006.2,2070.0
604782,2021-01-14,1123.5,1143.7,1143.7,1119.0,6047.0
604782,2021-02-10,1056.85,1046.25,1069.0,1035.35,31946.0
604782,2021-02-11,1049.1,1053.0,1068.2,1044.75,3896.0
604782,2021-02-17,1060.8,1043.4,1068.0,1028.0,8781.0
604782,2021-02-23,1095.9,1081.0,1130.0,1081.0,7488.0
604782,2021-02-25,1100.75,1114.9,1140.7,1081.2,19804.0
604782,2021-03-05,1038.7,1050.0,1050.0,1034.5,7323.0
604782,2021-01-06,1078.9,1102.85,1110.0,1071.0,19630.0
604782,2021-01-08,1175.5,1171.0,1185.25,1136.95,49345.0
604782,2021-01-27,1045.0,1030.9,1053.95,1018.45,2756.0
604782,2021-02-05,1057.85,1056.95,1069.9,1040.0,5944.0
604782,2021-02-08,1050.0,1072.2,1072.2,1033.15,39229.0
604782,2021-02-16,1037.95,1036.75,1054.95,1028.95,8235.0
604782,2021-02-02,1054.35,1069.0,1070.0,1034.95,2563.0
604782,2021-02-04,1044.3,1071.0,1071.0,1041.0,14673.0
604782,2021-02-18,1107.95,1055.0,1114.0,1055.0,22026.0
604782,2021-01-01,1085.55,1092.5,1110.95,1075.1,6558.0
604782,2021-01-04,1105.5,1099.8,1125.0,1081.05,82388.0
604782,2021-01-22,1051.8,1084.4,1084.4,1050.55,8812.0
604782,2021-01-25,1041.15,1050.1,1059.9,1021.2,2352.0
604782,2021-02-09,1046.2,1068.0,1068.0,1044.0,4502.0
604782,2021-01-28,1042.5,1037.1,1043.7,1033.05,3159.0
604782,2021-02-15,1031.35,1057.95,1079.8,1025.0,10005.0
604782,2021-03-03,1045.05,1046.0,1056.0,1040.0,5290.0
604782,2021-01-19,1036.9,1069.05,1089.55,1031.0,13084.0
604782,2021-01-21,1085.8,1089.8,1092.7,1055.2,10875.0
604782,2021-02-19,1121.25,1117.0,1139.9,1101.0,62170.0
604782,2021-02-22,1079.4,1126.0,1139.55,1070.15,6335.0
604782,2021-03-04,1040.15,1048.5,1048.5,1035.1,8495.0
604782,2021-01-07,1165.9,1084.25,1180.0,1082.05,58260.0
604782,2021-01-11,1124.3,1190.0,1196.0,1120.0,9114.0
604782,2021-01-18,1063.75,1106.0,1106.0,1051.1,7619.0
604782,2021-01-29,1039.05,1047.65,1055.0,1035.0,2387.0
604782,2021-01-15,1106.65,1142.0,1145.0,1101.0,3824.0
604782,2021-02-24,1109.1,1081.35,1129.85,1065.6,20192.0
604782,2021-03-02,1040.55,1054.0,1054.0,1034.0,3861.0
604782,2021-03-22,939.6,973.0,980.9,930.6,11315.0
604782,2021-03-23,949.35,949.0,960.0,940.0,3586.0
604782,2021-03-16,1005.45,1002.2,1024.0,993.05,17897.0
604782,2021-04-27,1084.7,1085.0,1097.0,1069.5,10633.0
604782,2021-06-01,1003.75,1029.95,1034.75,997.05,8478.0
604782,2021-06-24,1067.45,1067.0,1079.95,1065.0,4558.0
604782,2021-07-06,1144.05,1176.1,1194.0,1125.2,71452.0
604782,2021-07-14,1181.75,1182.0,1190.0,1151.3,13480.0
604782,2021-09-15,1171.55,1170.9,1193.1,1160.0,8395.0
604782,2021-09-17,1143.85,1185.0,1185.0,1135.6,5671.0
604782,2021-09-29,1152.05,1133.25,1157.05,1120.1,7742.0
604782,2021-10-05,1191.4,1200.0,1218.0,1186.2,8729.0
604782,2021-10-11,1215.6,1225.9,1225.9,1192.35,9801.0
604782,2021-10-13,1198.5,1199.35,1216.3,1195.05,7163.0
604782,2021-10-22,1123.85,1140.0,1172.35,1115.0,7524.0
604782,2021-10-25,1102.1,1125.0,1145.0,1092.25,7618.0
604782,2021-10-29,1075.05,1091.0,1103.6,1070.0,4859.0
604782,2021-11-11,1158.75,1123.3,1169.95,1123.3,20902.0
604782,2022-01-11,1118.65,1107.05,1153.7,1098.5,108210.0
604782,2022-02-17,1098.6,1065.1,1105.5,1065.1,8063.0
604782,2022-02-22,1107.2,1095.0,1128.8,1065.0,5037.0
604782,2022-03-03,952.2,937.0,968.0,937.0,5894.0
604782,2022-05-04,987.45,1015.95,1015.95,982.0,2931.0
604782,2022-06-16,1035.95,1074.95,1074.95,1032.4,124210.0
604782,2022-07-22,1141.2,1149.0,1169.3,1130.35,8134.0
604782,2022-07-28,1162.8,1129.0,1172.95,1122.75,5998.0
604782,2022-09-05,1428.95,1450.0,1476.7,1420.0,18133.0
604782,2022-09-08,1467.5,1452.65,1476.0,1440.1,13877.0
604782,2022-09-23,1603.6,1610.0,1629.9,1570.05,27544.0
604782,2021-04-29,1048.25,1022.35,1061.6,1014.25,16824.0
604782,2021-05-07,1031.1,1044.95,1055.7,1020.0,21552.0
604782,2021-05-10,1035.15,1031.1,1062.65,1031.0,19236.0
604782,2021-06-04,1106.0,1124.0,1171.95,1070.75,104381.0
604782,2021-06-08,1077.3,1114.9,1114.9,1072.1,18948.0
604782,2021-06-23,1069.3,1071.9,1085.0,1056.0,11556.0
604782,2021-07-29,1300.0,1214.0,1311.0,1214.0,64538.0
604782,2021-08-25,1170.4,1187.8,1187.8,1152.05,10166.0
604782,2021-08-26,1175.1,1160.0,1197.0,1160.0,8410.0
604782,2021-09-01,1196.65,1199.95,1207.1,1176.2,8388.0
604782,2021-09-14,1159.85,1182.45,1183.0,1149.8,4138.0
604782,2021-09-21,1136.8,1139.75,1147.4,1118.95,4135.0
604782,2021-09-23,1147.75,1158.0,1169.0,1133.1,10590.0
604782,2021-10-06,1184.2,1190.0,1219.8,1176.0,7333.0
604782,2021-11-29,1220.4,1211.3,1252.1,1207.55,19989.0
604782,2021-12-06,1151.4,1169.9,1169.9,1145.55,2383.0
604782,2021-12-09,1141.65,1178.0,1193.75,1138.0,6692.0
604782,2021-12-21,1072.6,1122.0,1122.0,1061.0,4762.0
604782,2022-02-07,1098.15,1138.2,1149.0,1092.5,8698.0
604782,2022-02-16,1070.6,1080.0,1098.45,1065.1,6671.0
604782,2022-02-25,981.85,998.3,999.0,954.15,48469.0
604782,2022-03-08,933.35,956.5,956.5,914.0,3979.0
604782,2022-03-17,1000.15,969.95,1010.0,957.75,395444.0
604782,2022-03-21,1027.7,1018.0,1048.0,1003.25,14662.0
604782,2022-04-20,1038.7,1039.9,1054.9,1035.05,2587.0
604782,2022-05-05,975.15,993.85,1002.25,965.0,3078.0
604782,2022-05-26,999.8,1008.9,1020.25,992.05,7511.0
604782,2022-06-15,1057.35,1030.3,1079.7,1030.3,2601.0
604782,2022-06-23,1033.15,1045.95,1046.0,1025.05,3458.0
604782,2022-07-14,1086.75,1093.35,1103.7,1080.25,5076.0
604782,2022-07-21,1144.65,1117.1,1150.0,1108.85,9560.0
604782,2022-08-03,1166.35,1179.0,1179.0,1137.05,5195.0
604782,2022-08-11,1167.35,1188.45,1195.9,1165.0,4848.0
604782,2021-03-31,963.25,965.0,973.8,952.25,7118.0
604782,2021-03-19,962.6,976.6,978.0,940.15,5078.0
604782,2021-03-12,1022.8,1054.0,1054.0,1018.0,10174.0
604782,2021-05-14,1029.85,1031.85,1048.85,1025.0,7955.0
604782,2021-06-07,1098.2,1117.95,1135.0,1091.2,22090.0
604782,2021-06-16,1090.55,1080.0,1140.0,1050.35,98666.0
604782,2021-08-04,1260.95,1290.0,1318.0,1257.2,30456.0
604782,2021-09-09,1153.1,1178.95,1179.0,1147.55,6049.0
604782,2021-09-16,1171.85,1169.25,1179.0,1160.05,6166.0
604782,2021-11-02,1117.75,1091.2,1130.0,1085.0,5952.0
604782,2021-11-03,1111.75,1129.0,1129.0,1080.0,17712.0
604782,2021-11-16,1209.9,1250.0,1250.0,1202.35,9450.0
604782,2021-11-26,1225.15,1238.1,1262.0,1206.0,20117.0
604782,2021-12-10,1151.55,1154.95,1157.1,1142.0,1819.0
604782,2022-01-04,1088.7,1085.55,1097.45,1081.65,1821.0
604782,2022-02-24,1023.95,1125.0,1125.0,1003.1,14037.0
604782,2022-03-10,992.75,988.0,1019.9,967.25,11380.0
604782,2022-04-06,1062.45,1050.0,1069.95,1038.0,5235.0
604782,2022-04-27,1021.0,1048.0,1048.0,1013.45,3955.0
604782,2022-05-30,1021.6,1014.1,1032.95,1008.55,5021.0
604782,2022-06-28,1047.15,1028.85,1050.0,1026.0,27345.0
604782,2022-07-12,1141.65,1173.7,1176.45,1132.25,3120.0
604782,2022-07-18,1099.45,1096.0,1132.0,1095.0,9293.0
604782,2022-09-15,1485.6,1481.0,1543.8,1465.0,34504.0
604782,2021-05-05,1039.9,1026.05,1047.55,1026.0,3053.0
604782,2021-06-29,1106.4,1090.1,1118.7,1089.0,19508.0
604782,2021-07-30,1318.5,1311.0,1364.0,1305.0,55093.0
604782,2021-08-17,1216.65,1205.05,1231.9,1205.05,13784.0
604782,2021-08-27,1196.2,1184.0,1215.0,1179.95,14785.0
604782,2021-08-31,1184.45,1229.75,1229.75,1179.75,6448.0
604782,2021-09-13,1171.65,1164.0,1177.15,1145.0,7731.0
604782,2021-09-30,1223.6,1159.0,1237.7,1159.0,59461.0
604782,2021-10-01,1200.2,1223.6,1247.0,1186.05,17336.0
604782,2021-10-19,1181.0,1198.6,1201.0,1180.0,6479.0
604782,2021-10-21,1138.8,1169.75,1176.9,1131.0,7601.0
604782,2021-10-28,1102.0,1099.5,1112.95,1070.05,6624.0
604782,2021-11-01,1075.05,1081.75,1092.0,1065.05,5919.0
604782,2021-11-10,1122.15,1120.05,1149.0,1116.5,23876.0
604782,2021-11-15,1233.75,1179.5,1244.9,1178.55,152497.0
604782,2021-11-30,1174.2,1235.0,1243.0,1162.2,5909.0
604782,2022-01-05,1098.7,1094.9,1100.1,1086.85,5995.0
604782,2022-02-04,1138.15,1108.6,1149.0,1108.6,25071.0
604782,2022-02-15,1076.25,1079.0,1082.0,1062.0,6444.0
604782,2022-03-09,972.35,944.0,979.0,932.35,7142.0
604782,2022-04-25,1017.95,1050.0,1050.0,1009.6,5349.0
604782,2022-06-21,1023.1,1028.0,1036.0,1014.35,11064.0
604782,2022-07-11,1162.1,1144.0,1175.55,1130.5,7313.0
604782,2022-08-17,1244.35,1247.0,1251.45,1212.0,11084.0
604782,2022-09-21,1617.45,1616.95,1634.95,1572.0,57939.0
604782,2021-04-09,1075.25,1073.0,1096.7,1058.35,18980.0
604782,2021-04-15,1009.7,1006.65,1030.35,991.2,5594.0
604782,2021-04-16,1021.75,1014.0,1026.0,1000.55,3660.0
604782,2021-04-23,1061.2,1053.0,1080.0,1050.25,11697.0
604782,2021-05-17,1034.1,1021.0,1039.95,1021.0,3647.0
604782,2021-05-26,1042.8,1042.05,1055.2,1032.8,6896.0
604782,2021-07-22,1209.9,1212.0,1230.0,1182.55,26563.0
604782,2021-07-28,1246.65,1222.5,1254.0,1200.0,15527.0
604782,2021-08-05,1236.0,1284.7,1284.7,1220.45,20599.0
604782,2021-10-04,1205.25,1235.0,1235.0,1191.2,5899.0
604782,2021-12-08,1168.25,1148.8,1171.0,1148.1,2581.0
604782,2021-12-15,1144.75,1153.4,1160.95,1140.2,4494.0
604782,2021-12-24,1063.05,1076.5,1082.95,1061.1,3812.0
604782,2021-12-27,1066.75,1065.0,1080.1,1060.0,2232.0
604782,2022-01-12,1118.3,1128.0,1128.0,1112.1,22135.0
604782,2022-01-25,1090.65,1096.95,1098.0,1080.1,3118.0
604782,2022-03-02,935.5,953.0,970.0,931.0,9624.0
604782,2022-05-02,1003.0,1024.9,1025.0,988.1,2654.0
604782,2022-06-01,1050.6,1039.3,1055.95,1018.3,20954.0
604782,2022-07-06,1146.2,1139.3,1153.6,1130.5,6943.0
604782,2022-07-13,1095.8,1126.3,1153.45,1091.3,26099.0
604782,2022-08-04,1177.4,1167.85,1193.0,1158.0,6063.0
604782,2022-08-22,1427.95,1395.05,1479.55,1367.0,125686.0
604782,2021-04-07,1048.25,1001.9,1085.0,994.85,55328.0
604782,2021-04-12,1015.0,1065.0,1071.55,1005.0,9907.0
604782,2021-04-20,1028.5,1030.05,1054.0,1022.9,4997.0
604782,2021-05-06,1035.3,1049.7,1049.7,1025.0,15547.0
604782,2021-06-03,1095.3,1106.95,1132.0,1075.0,67491.0
604782,2021-07-08,1156.95,1179.9,1190.0,1151.5,14220.0
604782,2021-08-11,1224.3,1165.05,1238.0,1102.35,54891.0
604782,2021-11-04,1124.85,1128.0,1133.75,1114.5,2675.0
604782,2021-11-09,1139.55,1146.95,1151.0,1125.05,7274.0
604782,2021-11-18,1225.35,1227.0,1259.0,1185.55,15781.0
604782,2022-01-13,1110.2,1127.9,1127.9,1106.0,17113.0
604782,2022-01-28,1097.35,1085.9,1109.95,1081.0,19074.0
604782,2022-02-08,1084.9,1118.95,1119.9,1082.0,6940.0
604782,2022-04-01,1031.6,1038.4,1048.0,1015.0,6117.0
604782,2022-04-05,1050.5,1050.0,1073.0,1038.65,6002.0
604782,2022-04-07,1053.05,1069.9,1085.95,1050.0,5616.0
604782,2022-04-21,1042.05,1030.3,1060.0,1030.3,2084.0
604782,2022-05-16,977.0,981.85,994.85,965.7,12403.0
604782,2022-05-19,1016.35,1018.8,1029.8,1004.95,3113.0
604782,2022-06-07,1073.6,1085.1,1102.8,1066.3,3328.0
604782,2022-06-27,1021.4,1026.1,1042.75,1015.0,1730.0
604782,2022-06-30,1028.9,1053.55,1055.0,1019.0,6595.0
604782,2022-07-19,1095.95,1095.3,1106.55,1088.1,4371.0
604782,2022-08-05,1149.6,1190.0,1208.9,1136.9,75699.0
604782,2022-09-01,1483.7,1450.0,1539.0,1421.2,63758.0
604782,2021-03-09,1038.7,1051.0,1053.8,1032.2,4508.0
604782,2021-05-20,1037.8,1022.85,1057.6,1022.1,8273.0
604782,2021-04-05,982.4,999.0,999.0,954.0,7160.0
604782,2021-04-08,1064.65,1034.0,1075.0,1028.3,20217.0
604782,2021-06-14,1075.55,1099.0,1099.0,1072.0,33249.0
604782,2021-06-30,1106.45,1110.0,1125.0,1100.0,16425.0
604782,2021-08-09,1216.65,1234.4,1257.95,1207.05,9523.0
604782,2021-08-10,1157.75,1224.25,1243.65,1110.05,21819.0
604782,2021-08-16,1207.65,1231.0,1241.05,1202.0,10806.0
604782,2021-09-08,1163.8,1164.2,1173.85,1152.2,2813.0
604782,2021-09-22,1149.7,1136.8,1173.95,1130.0,7929.0
604782,2021-10-26,1132.15,1112.85,1149.0,1101.15,9975.0
604782,2021-12-31,1083.45,1096.75,1107.4,1072.6,11382.0
604782,2022-01-18,1111.3,1114.9,1119.9,1103.7,6486.0
604782,2022-01-21,1108.65,1110.05,1115.8,1102.05,3354.0
604782,2022-02-01,1115.3,1080.15,1120.0,1080.1,6086.0
604782,2022-02-23,1129.7,1100.05,1144.3,1100.05,5742.0
604782,2022-03-22,997.2,1027.0,1046.4,967.0,19147.0
604782,2022-04-22,1043.6,1042.05,1053.75,1036.1,3364.0
604782,2022-07-25,1145.95,1140.3,1175.95,1135.0,6058.0
604782,2022-08-01,1168.9,1170.0,1204.9,1147.2,16264.0
604782,2022-08-10,1186.15,1181.0,1192.0,1163.0,3333.0
604782,2022-08-24,1478.45,1491.3,1534.95,1465.0,39912.0
604782,2022-08-29,1381.55,1370.0,1425.0,1355.4,33779.0
604782,2022-09-09,1460.35,1496.85,1497.0,1445.0,15956.0
604782,2021-05-21,1046.65,1045.0,1051.5,1032.0,6953.0
604782,2021-03-15,1005.05,1035.0,1035.0,990.35,10436.0
604782,2021-03-25,933.3,922.0,939.0,905.1,14352.0
604782,2021-05-25,1039.7,1061.05,1089.0,1035.85,21662.0
604782,2021-06-11,1060.85,1085.0,1099.0,1043.95,25835.0
604782,2021-06-17,1086.95,1090.6,1108.0,1081.6,19303.0
604782,2021-07-09,1158.1,1178.95,1178.95,1140.3,15893.0
604782,2021-08-03,1280.65,1287.5,1305.0,1269.05,13599.0
604782,2021-08-06,1234.4,1253.3,1253.3,1230.5,5711.0
604782,2021-09-02,1187.2,1200.9,1200.9,1184.05,5776.0
604782,2021-12-16,1150.7,1143.3,1154.95,1134.9,15623.0
604782,2021-12-28,1087.55,1076.85,1115.0,1063.6,5028.0
604782,2021-12-29,1084.1,1094.45,1096.0,1072.1,4233.0
604782,2022-02-09,1092.7,1092.8,1101.0,1085.0,3936.0
604782,2022-03-25,1001.45,1021.0,1021.0,996.9,4029.0
604782,2022-04-08,1044.55,1067.0,1067.0,1036.0,3620.0
604782,2022-04-11,1038.6,1053.0,1054.0,1032.35,1972.0
604782,2022-04-29,1014.1,1022.0,1032.05,1010.5,4283.0
604782,2022-05-12,990.7,989.05,1005.6,965.7,11397.0
604782,2022-07-01,1055.3,1017.55,1059.0,1016.45,18573.0
604782,2022-07-05,1131.85,1115.0,1159.0,1115.0,9667.0
604782,2022-08-16,1229.65,1245.0,1275.0,1215.25,68935.0
604782,2022-08-19,1393.1,1412.7,1441.0,1372.35,81963.0
604782,2022-08-23,1475.05,1430.35,1524.25,1417.95,99526.0
604782,2022-08-25,1434.4,1490.0,1494.75,1425.0,26489.0
604782,2022-09-12,1465.4,1477.0,1510.0,1451.55,19794.0
604782,2022-09-16,1460.5,1487.9,1540.0,1425.0,47790.0
604782,2021-03-08,1045.75,1049.0,1074.0,1040.0,8332.0
604782,2021-03-18,969.7,1009.95,1010.5,964.95,9989.0
604782,2021-03-30,958.2,943.0,970.0,932.0,5106.0
604782,2021-05-12,1023.45,1015.0,1039.95,1015.0,9034.0
604782,2021-05-28,1009.2,1049.0,1049.0,1001.0,16440.0
604782,2021-06-18,1075.75,1097.95,1098.0,1030.05,18060.0
604782,2021-06-21,1063.0,1060.0,1078.75,1050.35,22878.0
604782,2021-06-28,1091.15,1094.0,1115.0,1089.0,21179.0
604782,2021-07-13,1171.6,1179.0,1218.0,1163.0,25004.0
604782,2021-07-27,1222.3,1225.55,1230.35,1196.5,14477.0
604782,2021-08-12,1254.1,1238.8,1270.6,1211.95,15448.0
604782,2021-10-27,1099.5,1130.5,1148.8,1089.55,13410.0
604782,2021-11-08,1132.35,1130.0,1140.3,1116.0,1996.0
604782,2021-12-07,1140.95,1160.0,1162.75,1130.1,4843.0
604782,2022-01-27,1081.8,1092.0,1099.0,1077.25,5340.0
604782,2022-02-14,1068.7,1086.0,1086.0,1063.25,4761.0
604782,2022-03-31,1019.95,1032.05,1049.0,1018.0,3588.0
604782,2022-05-10,1026.05,1045.1,1090.0,1008.8,23426.0
604782,2022-06-02,1110.35,1042.3,1119.0,1042.3,16718.0
604782,2022-06-20,1018.8,1028.8,1031.05,1006.7,4917.0
604782,2022-07-07,1144.8,1150.3,1159.0,1131.25,6763.0
604782,2022-07-08,1144.1,1132.0,1150.0,1130.0,4040.0
604782,2022-07-26,1128.75,1150.0,1150.0,1125.0,2996.0
604782,2022-09-13,1462.25,1456.5,1498.95,1440.1,14738.0
604782,2021-07-19,1175.2,1186.0,1186.0,1160.95,11791.0
604782,2021-09-24,1161.25,1155.95,1169.85,1144.0,9471.0
604782,2021-09-28,1126.7,1141.55,1152.0,1116.0,6222.0
604782,2021-10-14,1193.8,1214.0,1216.6,1191.0,6152.0
604782,2021-10-20,1152.75,1180.0,1180.0,1143.5,6238.0
604782,2021-12-22,1090.0,1094.4,1110.0,1077.55,4424.0
604782,2022-03-14,962.65,990.0,1004.0,955.9,13018.0
604782,2022-03-23,990.2,1004.9,1008.0,982.2,4110.0
604782,2022-04-19,1035.4,1039.75,1049.0,1028.85,3927.0
604782,2022-07-15,1088.55,1094.95,1094.95,1080.0,2982.0
604782,2022-09-02,1455.4,1493.0,1514.9,1441.9,28570.0
604782,2022-09-14,1470.0,1445.0,1479.6,1437.1,5760.0
604782,2022-09-22,1603.9,1615.0,1640.0,1574.95,30523.0
604782,2021-03-26,931.0,939.0,939.0,920.2,5217.0
604782,2021-04-13,1006.65,1033.9,1035.0,997.0,6265.0
604782,2021-05-04,1036.4,1043.95,1055.0,1030.0,4436.0
604782,2021-05-11,1009.9,1034.95,1046.85,1002.3,10124.0
604782,2021-05-31,1014.55,1011.0,1035.0,1010.0,8009.0
604782,2021-06-10,1079.35,1071.0,1115.7,1071.0,21363.0
604782,2021-07-07,1159.15,1144.0,1177.0,1136.5,81869.0
604782,2021-07-20,1201.55,1167.0,1270.0,1153.1,193830.0
604782,2021-07-23,1223.45,1205.0,1228.0,1205.0,12128.0
604782,2021-08-20,1196.35,1209.15,1224.0,1190.0,7014.0
604782,2021-08-30,1208.45,1200.0,1225.0,1192.8,7056.0
604782,2021-09-20,1139.7,1143.85,1163.75,1135.0,4407.0
604782,2021-09-27,1150.25,1168.8,1172.25,1139.25,5179.0
604782,2021-10-12,1200.2,1220.9,1220.9,1190.65,7500.0
604782,2021-11-12,1179.5,1158.75,1195.0,1158.75,120582.0
604782,2021-11-24,1208.65,1214.95,1249.0,1202.1,8168.0
604782,2021-12-13,1148.55,1151.55,1169.8,1141.0,6516.0
604782,2022-01-03,1092.55,1098.0,1100.0,1081.55,3885.0
604782,2022-02-02,1119.6,1123.75,1131.0,1106.3,4559.0
604782,2022-02-21,1109.05,1144.0,1147.9,1105.0,4988.0
604782,2022-03-04,941.85,957.8,959.9,939.95,9421.0
604782,2022-03-07,940.65,930.0,944.75,900.0,20750.0
604782,2022-03-30,1032.05,1019.9,1065.0,1002.0,19413.0
604782,2022-04-28,1020.45,1007.55,1025.95,1007.55,1339.0
604782,2022-05-06,975.1,974.9,999.95,951.0,8715.0
604782,2022-05-09,1054.3,1050.0,1094.0,1040.2,128657.0
604782,2022-06-06,1087.4,1102.3,1108.05,1080.0,3932.0
604782,2022-06-08,1068.85,1069.95,1086.05,1065.0,1282.0
604782,2022-06-24,1026.9,1047.45,1051.0,1021.3,2064.0
604782,2022-06-29,1044.5,1035.8,1052.85,1035.8,3382.0
604782,2022-07-27,1126.9,1125.05,1135.0,1108.4,5039.0
604782,2022-09-06,1407.25,1430.0,1460.0,1399.0,12910.0
604782,2021-05-24,1060.45,1056.5,1070.1,1045.65,6078.0
604782,2021-07-15,1175.0,1181.6,1188.15,1157.05,16525.0
604782,2021-08-02,1270.95,1312.0,1357.9,1255.0,66085.0
604782,2021-08-18,1220.05,1222.45,1234.0,1205.0,33575.0
604782,2021-08-23,1136.75,1222.0,1233.9,1130.0,24662.0
604782,2021-08-24,1153.85,1154.0,1175.05,1099.3,77552.0
604782,2021-12-01,1162.6,1190.0,1190.0,1152.0,4603.0
604782,2021-12-03,1159.75,1150.45,1175.0,1141.45,7871.0
604782,2022-01-07,1095.75,1100.0,1123.9,1091.1,2256.0
604782,2022-01-19,1108.35,1110.5,1119.0,1101.15,5330.0
604782,2022-03-16,961.25,974.0,974.35,946.55,12749.0
604782,2022-03-28,1025.45,1016.9,1064.9,980.05,14978.0
604782,2022-04-12,1051.75,1045.0,1104.9,1022.75,20946.0
604782,2022-05-11,987.9,1041.45,1041.45,965.0,22840.0
604782,2022-05-20,1027.3,1020.05,1044.85,1017.0,3762.0
604782,2022-05-24,1015.45,1013.9,1034.95,1006.55,2786.0
604782,2022-05-25,1002.3,1037.95,1050.0,1001.1,11455.0
604782,2022-05-31,1023.25,1012.05,1045.0,1001.3,4293.0
604782,2022-06-03,1098.9,1120.0,1125.0,1089.95,6091.0
604782,2022-06-22,1047.15,1032.9,1074.0,1010.0,19617.0
604782,2022-08-02,1167.4,1184.0,1186.7,1155.0,4041.0
604782,2022-08-08,1177.9,1149.0,1190.0,1149.0,7312.0
604782,2021-03-17,994.75,1020.0,1038.9,985.0,10217.0
604782,2021-03-24,915.2,956.9,956.9,902.1,22205.0
604782,2021-03-10,1035.4,1046.35,1047.0,1032.8,2156.0
604782,2021-04-19,1041.65,1012.5,1054.5,1001.75,9749.0
604782,2021-04-30,1058.3,1052.0,1075.0,1045.0,10370.0
604782,2021-04-26,1077.65,1089.95,1089.95,1048.6,10010.0
604782,2021-05-27,1036.6,1054.95,1054.95,1034.55,2803.0
604782,2021-05-03,1033.5,1049.0,1051.8,1025.0,11294.0
604782,2021-06-02,1087.7,1018.95,1107.0,995.15,140337.0
604782,2021-05-18,1032.05,1044.0,1074.5,1026.0,20956.0
604782,2021-06-09,1068.9,1087.0,1127.95,1060.0,45670.0
604782,2021-06-15,1070.5,1085.0,1095.0,1066.05,18601.0
604782,2021-07-02,1141.45,1142.0,1162.9,1130.65,49650.0
604782,2021-07-12,1172.8,1162.0,1175.55,1141.0,18719.0
604782,2021-07-05,1164.95,1152.5,1178.0,1134.05,25894.0
604782,2021-09-03,1184.05,1199.95,1199.95,1180.0,4165.0
604782,2021-07-26,1225.55,1230.0,1238.95,1217.0,12893.0
604782,2021-10-07,1214.55,1206.8,1225.0,1185.0,9601.0
604782,2021-09-07,1163.65,1169.95,1187.95,1159.45,4636.0
604782,2021-10-18,1188.9,1209.0,1209.0,1182.0,5997.0
604782,2021-10-08,1213.9,1228.0,1229.0,1210.0,7620.0
604782,2021-11-22,1202.85,1264.9,1264.9,1185.25,6498.0
604782,2021-11-25,1242.35,1224.0,1272.0,1202.05,39075.0
604782,2021-12-20,1092.75,1132.95,1142.1,1081.9,5584.0
604782,2021-12-02,1159.8,1155.9,1170.6,1134.65,14150.0
604782,2021-12-23,1072.7,1097.95,1106.4,1071.0,8330.0
604782,2021-12-14,1145.1,1146.4,1154.0,1129.0,4185.0
604782,2022-01-10,1099.85,1110.0,1110.0,1088.0,7664.0
604782,2022-01-06,1098.55,1088.0,1103.25,1075.05,4499.0
604782,2022-03-11,984.85,1009.95,1012.9,981.35,3697.0
604782,2022-01-14,1105.8,1115.0,1115.0,1100.0,16449.0
604782,2022-01-17,1106.95,1094.05,1119.9,1094.05,15109.0
604782,2022-03-24,1009.75,1000.0,1020.7,990.0,15217.0
604782,2022-04-13,1042.9,1073.7,1073.9,1032.35,6353.0
604782,2022-01-31,1087.15,1097.9,1108.65,1081.55,6485.0
604782,2022-06-10,1076.15,1066.3,1085.0,1057.8,1596.0
604782,2022-02-03,1118.4,1111.7,1147.0,1111.7,9371.0
604782,2022-02-18,1144.0,1088.1,1152.9,1088.1,23452.0
604782,2022-02-28,952.9,975.0,978.15,951.0,12581.0
604782,2022-03-29,1003.6,1022.0,1045.0,999.95,10701.0
604782,2022-04-04,1038.65,1048.0,1049.0,1032.35,2324.0
604782,2022-04-18,1028.6,1058.0,1058.0,1024.0,3726.0
604782,2022-05-17,1000.85,982.3,1021.0,982.3,9310.0
604782,2022-05-23,1006.35,1049.0,1049.0,1001.0,5222.0
604782,2022-07-20,1105.0,1105.0,1154.95,1084.85,16755.0
604782,2022-08-18,1398.6,1250.0,1413.4,1240.0,222052.0
604782,2022-08-26,1419.35,1444.0,1465.0,1401.1,23608.0
604782,2021-05-19,1022.1,1035.0,1039.5,1015.45,3067.0
604782,2021-04-01,995.3,981.0,1010.95,980.0,12883.0
604782,2021-04-06,994.8,993.7,1000.0,980.0,13480.0
604782,2021-04-22,1052.25,1038.0,1083.9,1014.0,17292.0
604782,2021-04-28,1022.35,1051.5,1051.5,1015.0,27780.0
604782,2021-06-25,1082.6,1069.3,1096.75,1065.2,22256.0
604782,2021-07-01,1124.75,1113.0,1139.7,1105.0,25682.0
604782,2021-07-16,1175.3,1192.65,1192.65,1168.75,4666.0
604782,2021-08-13,1226.85,1331.0,1340.45,1210.0,36439.0
604782,2021-11-17,1227.05,1223.9,1265.0,1198.85,31090.0
604782,2021-11-23,1220.6,1215.9,1230.2,1187.3,5813.0
604782,2021-12-17,1132.95,1143.2,1146.15,1127.95,4412.0
604782,2022-01-24,1086.95,1112.0,1112.0,1080.0,8571.0
604782,2022-02-11,1088.6,1089.5,1093.0,1079.95,11049.0
604782,2022-03-15,955.35,973.0,975.05,948.2,14196.0
604782,2022-05-27,1007.35,1007.0,1012.8,1002.05,3318.0
604782,2022-06-09,1074.3,1074.95,1099.0,1048.1,3608.0
604782,2022-06-17,1018.35,1040.55,1040.55,1005.05,6606.0
604782,2022-07-04,1106.3,1058.0,1134.9,1050.0,18409.0
604782,2022-08-12,1185.0,1184.0,1198.95,1177.0,6770.0
604782,2022-09-19,1465.85,1465.7,1507.65,1437.2,28006.0
604782,2021-06-22,1065.4,1072.25,1090.0,1063.0,11670.0
604782,2021-09-06,1169.4,1184.05,1205.8,1152.0,6476.0
604782,2021-12-30,1081.3,1078.0,1092.35,1075.55,1223.0
604782,2022-01-20,1114.45,1100.25,1120.6,1100.25,10660.0
604782,2022-02-10,1088.3,1086.05,1096.9,1081.25,7481.0
604782,2022-04-26,1035.9,1039.0,1042.3,1025.0,4136.0
604782,2022-05-13,969.95,981.0,1012.0,962.35,5815.0
604782,2022-05-18,1030.4,1013.0,1042.0,1006.0,11603.0
604782,2022-06-13,1037.35,1066.95,1070.65,1035.0,4202.0
604782,2022-06-14,1035.4,1048.9,1060.0,1030.9,2024.0
604782,2022-07-29,1153.15,1174.45,1185.0,1146.0,7850.0
604782,2022-08-30,1439.8,1386.0,1456.0,1386.0,23853.0
604782,2022-09-07,1452.65,1425.0,1465.0,1396.6,19972.0
604782,2022-09-20,1597.5,1479.8,1619.7,1473.65,149512.0
604782,2022-10-03,1542.85,1562.0,1590.0,1531.0,10880.0
604782,2022-10-18,1438.8,1456.0,1469.9,1431.25,4733.0
604782,2022-10-04,1577.9,1560.0,1598.0,1560.0,9883.0
604782,2022-10-11,1470.85,1568.0,1568.0,1458.05,20529.0
604782,2022-10-12,1462.0,1477.0,1492.0,1408.5,31086.0
604782,2022-10-19,1513.75,1432.5,1525.9,1432.5,25482.0
604782,2022-11-23,1648.05,1646.5,1697.45,1643.0,18594.0
604782,2023-02-23,1722.55,1696.0,1729.0,1669.9,5851.0
604782,2023-03-03,1619.25,1622.0,1649.0,1611.0,10912.0
604782,2023-03-06,1619.55,1639.0,1644.2,1614.2,6800.0
604782,2023-03-08,1603.65,1628.5,1628.85,1600.0,5555.0
604782,2023-05-26,2402.95,2454.0,2467.9,2386.2,15067.0
604782,2023-05-30,2354.7,2389.45,2398.9,2311.3,7759.0
604782,2023-06-22,2297.55,2348.8,2348.8,2283.0,5799.0
604782,2023-07-19,2709.7,2573.0,2733.0,2573.0,35185.0
604782,2023-08-08,3400.1,3375.0,3548.0,3375.0,17839.0
604782,2023-08-09,3339.25,3430.0,3489.85,3333.3,23760.0
604782,2022-10-06,1636.65,1584.9,1684.3,1584.9,49973.0
604782,2022-11-02,1478.45,1481.05,1489.6,1456.75,3040.0
604782,2022-10-10,1553.85,1568.0,1568.0,1540.0,9391.0
604782,2022-10-24,1491.05,1478.0,1499.0,1451.65,1862.0
604782,2022-12-19,1704.45,1620.1,1715.0,1620.1,15519.0
604782,2022-12-26,1594.75,1550.0,1600.0,1546.55,5297.0
604782,2023-01-11,1600.0,1596.0,1604.0,1572.0,6611.0
604782,2023-02-28,1617.7,1810.0,1820.0,1600.0,147795.0
604782,2023-05-11,1899.3,1918.05,1947.0,1873.0,8278.0
604782,2023-05-15,1890.7,1980.0,1980.0,1831.0,43875.0
604782,2023-05-18,2326.1,2344.95,2369.0,2304.95,33705.0
604782,2023-05-31,2344.25,2354.7,2433.2,2335.0,11994.0
604782,2023-06-09,2292.6,2310.9,2350.0,2262.5,16500.0
604782,2023-07-18,2572.6,2671.0,2677.85,2564.0,17482.0
604782,2023-08-07,3373.85,3440.0,3486.1,3333.3,18627.0
604782,2022-11-01,1481.05,1484.0,1508.0,1452.35,4291.0
604782,2022-11-03,1497.25,1489.0,1514.0,1452.25,3834.0
604782,2022-11-29,1705.15,1731.0,1731.0,1700.0,7057.0
604782,2022-12-06,1734.8,1749.9,1768.95,1726.55,6138.0
604782,2023-01-19,1607.1,1625.0,1637.0,1603.05,6015.0
604782,2023-01-25,1656.95,1590.0,1668.8,1590.0,17538.0
604782,2023-02-14,1656.75,1667.9,1670.5,1610.0,5824.0
604782,2023-02-15,1628.8,1661.0,1665.95,1621.0,3367.0
604782,2023-02-20,1790.85,1817.0,1817.0,1760.0,15706.0
604782,2023-02-21,1794.45,1807.9,1816.2,1787.05,7091.0
604782,2023-02-27,1801.25,1770.95,1858.0,1749.95,44360.0
604782,2023-05-05,1796.35,1795.55,1803.7,1772.5,8979.0
604782,2023-05-22,2272.55,2270.0,2349.0,2262.25,14798.0
604782,2023-05-29,2375.0,2432.3,2432.3,2359.8,8504.0
604782,2023-06-06,2242.9,2370.95,2372.0,2193.25,56899.0
604782,2023-06-16,2308.8,2294.4,2358.0,2277.0,12735.0
604782,2023-06-23,2292.1,2292.0,2309.9,2271.05,4250.0
604782,2023-07-05,2401.85,2392.0,2419.0,2350.0,26874.0
604782,2023-07-11,2514.9,2530.05,2569.0,2490.3,42148.0
604782,2023-08-03,3464.7,3549.0,3549.0,3365.55,17818.0
604782,2022-11-30,1739.75,1711.0,1759.0,1705.55,16257.0
604782,2023-01-04,1614.35,1600.1,1623.8,1590.05,3709.0
604782,2023-01-16,1610.55,1610.8,1615.6,1600.0,1306.0
604782,2023-04-12,1695.7,1725.0,1725.0,1690.0,3706.0
604782,2023-04-24,1724.2,1710.0,1742.0,1698.0,11390.0
604782,2023-05-10,1918.05,1920.0,1949.0,1888.1,26448.0
604782,2023-05-19,2275.75,2326.1,2346.9,2230.1,19652.0
604782,2023-06-02,2363.95,2327.0,2379.95,2319.95,10715.0
604782,2022-10-14,1458.8,1479.9,1479.9,1445.0,3981.0
604782,2022-10-28,1471.6,1488.0,1488.0,1455.0,2938.0
604782,2022-12-01,1743.2,1742.0,1775.0,1735.0,25209.0
604782,2022-12-07,1731.0,1750.0,1768.0,1720.85,37455.0
604782,2022-12-08,1693.2,1739.15,1743.65,1689.95,9351.0
604782,2022-12-22,1605.35,1694.0,1694.0,1601.5,7814.0
604782,2022-12-23,1555.2,1605.0,1626.6,1532.25,23473.0
604782,2023-01-09,1591.1,1606.0,1613.6,1581.0,3746.0
604782,2023-01-10,1596.95,1614.0,1614.0,1565.1,5304.0
604782,2023-02-06,1611.75,1624.95,1627.0,1600.0,4340.0
604782,2023-02-17,1791.75,1824.0,1824.0,1765.1,30281.0
604782,2023-03-13,1589.6,1610.05,1639.0,1585.0,6316.0
604782,2023-03-16,1593.65,1575.0,1610.0,1527.2,8955.0
604782,2023-03-21,1607.35,1585.3,1624.2,1585.0,7188.0
604782,2023-03-22,1625.5,1614.0,1633.0,1601.25,3149.0
604782,2023-04-10,1698.55,1669.95,1710.0,1645.25,8564.0
604782,2023-04-13,1699.2,1700.0,1703.7,1689.85,3713.0
604782,2023-06-14,2286.3,2291.9,2315.6,2259.95,6916.0
604782,2023-06-30,2399.55,2285.0,2410.0,2254.05,48644.0
604782,2023-07-03,2512.5,2435.55,2543.2,2390.1,72859.0
604782,2023-07-10,2520.75,2512.0,2580.7,2474.1,44836.0
604782,2023-07-20,2709.1,2710.2,2735.45,2673.05,17621.0
604782,2023-07-27,3215.0,3100.0,3215.0,3010.0,82085.0
604782,2023-01-23,1580.95,1600.0,1605.0,1575.0,4690.0
604782,2023-02-03,1620.45,1607.2,1629.0,1580.1,9901.0
604782,2023-02-16,1797.75,1645.0,1855.0,1645.0,136732.0
604782,2023-04-05,1658.85,1634.0,1669.0,1626.15,6215.0
604782,2023-04-18,1698.55,1692.0,1725.95,1690.05,24161.0
604782,2023-04-19,1675.4,1698.55,1723.95,1663.2,7911.0
604782,2023-05-16,2268.8,2129.95,2268.8,2129.95,248680.0
604782,2023-05-17,2387.9,2289.95,2438.35,2272.35,239527.0
604782,2023-06-05,2341.45,2379.95,2411.2,2320.0,12791.0
604782,2023-06-26,2269.1,2310.0,2310.0,2265.0,3006.0
604782,2022-09-27,1562.95,1574.0,1581.45,1525.0,10512.0
604782,2022-09-29,1561.1,1545.0,1599.5,1541.3,23602.0
604782,2022-11-07,1565.8,1555.95,1600.0,1540.0,17351.0
604782,2022-11-18,1649.05,1671.65,1695.2,1641.2,13251.0
604782,2022-11-25,1736.9,1761.0,1779.0,1725.0,48767.0
604782,2023-01-02,1616.3,1607.55,1625.0,1588.65,9519.0
604782,2023-01-06,1590.1,1616.7,1617.0,1586.0,4330.0
604782,2023-01-12,1624.05,1612.0,1647.9,1580.0,17881.0
604782,2023-01-13,1613.2,1639.0,1639.0,1600.85,2965.0
604782,2023-02-10,1672.3,1708.95,1709.0,1662.05,3396.0
604782,2023-02-22,1694.8,1794.45,1807.0,1680.8,14485.0
604782,2023-03-20,1588.8,1610.0,1616.0,1579.3,7124.0
604782,2023-03-29,1613.7,1609.3,1629.8,1598.0,4052.0
604782,2023-06-07,2309.45,2259.9,2367.0,2259.9,23948.0
604782,2023-06-15,2283.25,2286.3,2323.0,2273.8,5387.0
604782,2023-07-07,2511.45,2450.0,2514.8,2449.9,23918.0
604782,2022-10-25,1479.4,1483.05,1511.9,1473.0,3780.0
604782,2022-10-07,1568.9,1648.9,1652.45,1552.9,20260.0
604782,2022-11-11,1554.45,1578.35,1617.9,1548.4,6017.0
604782,2022-12-05,1739.6,1747.0,1753.0,1707.05,7319.0
604782,2022-12-20,1715.2,1718.0,1725.0,1689.05,7686.0
604782,2023-02-13,1650.0,1689.1,1689.1,1640.1,3099.0
604782,2023-02-24,1750.2,1735.0,1791.0,1730.0,15016.0
604782,2023-03-09,1628.85,1619.0,1649.0,1607.8,9332.0
604782,2023-03-15,1571.05,1598.0,1603.85,1550.1,4637.0
604782,2023-03-24,1620.35,1625.95,1633.0,1603.8,4622.0
604782,2023-04-20,1685.95,1685.0,1706.45,1675.05,5951.0
604782,2023-04-25,1721.55,1737.0,1745.0,1706.55,6653.0
604782,2023-07-31,3664.2,3350.05,3699.8,3313.9,171565.0
604782,2023-08-11,3344.85,3301.0,3489.4,3301.0,32341.0
604782,2022-11-04,1540.65,1497.0,1575.0,1485.05,92457.0
604782,2022-11-10,1558.35,1550.65,1585.3,1525.0,9975.0
604782,2022-11-17,1662.0,1682.0,1738.4,1653.25,33231.0
604782,2022-12-14,1695.3,1684.0,1700.0,1662.6,4879.0
604782,2023-01-03,1607.8,1624.0,1660.0,1600.0,17142.0
604782,2023-01-05,1600.7,1612.0,1635.0,1591.3,4869.0
604782,2023-03-02,1610.45,1618.1,1630.75,1596.85,15510.0
604782,2023-03-23,1613.2,1633.9,1633.9,1604.0,2535.0
604782,2023-05-23,2276.7,2283.0,2345.0,2245.9,11860.0
604782,2023-06-01,2313.15,2354.0,2395.95,2191.0,49251.0
604782,2023-06-13,2290.4,2309.0,2368.0,2274.35,19214.0
604782,2023-08-01,3629.2,3700.0,3738.0,3587.6,59027.0
604782,2023-08-18,3398.6,3419.0,3444.0,3362.25,17086.0
604782,2022-12-13,1664.05,1669.0,1684.4,1651.55,4834.0
604782,2022-09-28,1540.3,1569.0,1569.9,1482.35,18193.0
604782,2022-10-20,1493.6,1498.6,1513.0,1484.55,10841.0
604782,2022-10-27,1473.25,1494.2,1494.2,1428.9,9472.0
604782,2022-11-14,1520.25,1577.75,1577.75,1481.5,13611.0
604782,2022-11-16,1682.95,1717.75,1725.0,1670.0,43205.0
604782,2022-11-28,1718.6,1749.0,1756.0,1711.0,29420.0
604782,2022-12-15,1668.55,1695.3,1698.95,1660.05,3445.0
604782,2023-01-24,1609.95,1578.05,1616.0,1578.05,3107.0
604782,2023-04-03,1629.95,1649.95,1649.95,1620.05,1886.0
604782,2023-04-21,1701.2,1680.0,1706.0,1680.0,3074.0
604782,2023-05-04,1795.55,1723.5,1804.0,1700.0,26837.0
604782,2023-07-13,2512.85,2491.0,2530.7,2489.0,11246.0
604782,2023-07-17,2671.2,2651.05,2698.0,2651.0,14471.0
604782,2023-07-28,3388.65,3400.0,3520.0,3313.25,369138.0
604782,2023-08-21,3418.8,3398.6,3480.0,3370.0,11667.0
604782,2022-12-09,1659.1,1693.2,1711.0,1651.95,11619.0
604782,2022-11-09,1566.3,1575.0,1585.0,1545.5,4305.0
604782,2022-12-27,1598.15,1616.0,1620.0,1570.05,10570.0
604782,2023-04-27,1694.8,1710.0,1725.0,1688.0,3880.0
604782,2023-01-20,1588.95,1581.25,1617.45,1581.25,2945.0
604782,2023-05-12,1923.15,1885.0,1939.0,1876.3,9430.0
604782,2023-06-21,2330.85,2355.0,2361.95,2312.4,7491.0
604782,2023-01-27,1614.75,1645.0,1658.7,1576.1,7252.0
604782,2023-06-27,2253.65,2270.0,2283.05,2240.5,8225.0
604782,2023-01-31,1627.5,1585.0,1647.0,1585.0,4479.0
604782,2023-06-28,2285.3,2281.0,2308.0,2270.0,8820.0
604782,2023-03-31,1637.5,1630.0,1649.0,1625.25,4946.0
604782,2023-08-16,3296.55,3374.95,3442.35,3252.2,17717.0
604782,2023-04-06,1647.5,1679.8,1690.55,1641.05,6729.0
604782,2023-08-17,3389.05,3348.9,3392.0,3334.55,10413.0
604782,2023-07-12,2492.9,2525.0,2538.0,2482.25,13119.0
604782,2023-08-04,3446.1,3485.0,3544.65,3435.0,9249.0
604782,2023-08-14,3353.5,3366.9,3421.6,3319.3,13874.0
604782,2023-04-17,1699.75,1700.0,1701.75,1680.0,5633.0
604782,2023-05-02,1647.1,1682.2,1703.7,1635.05,14528.0
604782,2023-05-09,1895.5,1845.0,1903.25,1832.0,39149.0
604782,2023-06-20,2340.1,2311.15,2448.0,2311.15,18349.0
604782,2023-08-10,3303.4,3375.95,3409.0,3280.85,23512.0
604782,2023-08-22,3519.65,3430.95,3548.0,3430.95,20858.0
604782,2022-10-13,1466.0,1469.9,1476.9,1450.1,4645.0
604782,2022-09-26,1566.5,1575.0,1593.6,1530.0,46685.0
604782,2022-11-22,1662.5,1660.0,1719.0,1646.05,31444.0
604782,2022-12-16,1619.6,1656.0,1676.8,1602.25,8316.0
604782,2022-12-29,1583.25,1589.9,1598.7,1574.95,3835.0
604782,2023-01-30,1589.75,1614.75,1620.1,1570.0,13804.0
604782,2023-02-08,1633.1,1617.0,1655.0,1611.35,3743.0
604782,2023-03-01,1613.0,1611.0,1641.95,1610.0,22846.0
604782,2023-03-14,1577.05,1599.95,1608.3,1543.3,8249.0
604782,2023-04-28,1688.1,1694.8,1708.7,1681.2,5085.0
604782,2023-05-24,2389.15,2298.45,2422.0,2265.0,21961.0
604782,2022-10-21,1463.95,1493.5,1525.0,1450.0,5656.0
604782,2022-10-31,1501.05,1457.05,1530.0,1457.05,9291.0
604782,2022-12-12,1676.2,1660.0,1705.0,1647.3,8784.0
604782,2022-12-21,1677.2,1705.05,1713.9,1660.0,6644.0
604782,2022-12-28,1589.9,1603.75,1621.2,1581.3,3862.0
604782,2022-12-30,1613.1,1608.0,1625.0,1586.6,6271.0
604782,2023-01-18,1625.2,1602.55,1635.0,1602.0,3308.0
604782,2023-02-09,1683.2,1649.9,1695.0,1642.25,9908.0
604782,2023-04-11,1721.3,1719.0,1732.95,1680.35,6081.0
604782,2023-05-08,1844.8,1777.0,1852.35,1777.0,21026.0
604782,2023-06-08,2291.05,2320.0,2338.0,2272.15,9823.0
604782,2023-06-19,2317.85,2315.0,2355.0,2306.0,6643.0
604782,2023-07-04,2373.25,2544.95,2544.95,2350.05,41005.0
604782,2023-07-14,2648.25,2528.95,2670.0,2517.15,48103.0
604782,2023-07-21,2745.6,2729.9,2792.35,2700.0,23340.0
604782,2023-07-24,2660.55,2750.0,2788.45,2630.1,17698.0
604782,2023-07-25,2611.55,2678.0,2722.35,2595.55,12988.0
604782,2023-08-02,3518.95,3601.0,3694.0,3475.0,19279.0
604782,2022-09-30,1564.2,1560.0,1601.0,1544.2,11256.0
604782,2022-10-17,1451.05,1444.25,1478.55,1432.0,4132.0
604782,2022-11-15,1701.6,1652.0,1728.9,1630.05,201078.0
604782,2022-11-21,1648.85,1650.0,1698.85,1644.95,34523.0
604782,2022-11-24,1709.55,1660.0,1747.0,1660.0,32753.0
604782,2022-12-02,1738.15,1739.0,1760.0,1728.05,10256.0
604782,2023-01-17,1612.05,1624.95,1625.0,1597.1,5338.0
604782,2023-02-01,1614.7,1648.0,1649.95,1600.0,11763.0
604782,2023-02-02,1624.7,1615.0,1636.2,1603.0,6081.0
604782,2023-02-07,1615.45,1624.95,1624.95,1610.1,2612.0
604782,2023-03-10,1601.05,1611.6,1628.8,1572.35,9394.0
604782,2023-03-17,1602.3,1600.05,1625.0,1590.8,4167.0
604782,2023-03-27,1580.35,1631.0,1631.0,1570.05,2599.0
604782,2023-03-28,1612.2,1571.3,1634.0,1566.1,10346.0
604782,2023-04-26,1704.3,1726.0,1726.0,1680.35,5865.0
604782,2023-05-03,1705.0,1640.0,1728.3,1635.0,19893.0
604782,2023-05-25,2447.9,2409.0,2504.65,2370.0,49726.0
604782,2023-06-12,2298.85,2304.4,2310.45,2283.25,15713.0
604782,2023-07-06,2449.65,2414.0,2468.95,2390.05,18736.0
604782,2023-07-26,2679.2,2634.9,2724.0,2633.5,20018.0
604782,2023-08-23,3592.0,3594.0,3630.0,3547.0,4639.0
