stockid,date,close,open,high,low,volume
412939,2021-01-29,59.8,60.1,62.3,59.25,2209530.0
412939,2021-02-02,64.7,63.35,65.1,63.2,5454705.0
412939,2021-02-04,65.95,64.1,66.6,62.95,4525237.0
412939,2021-03-19,62.15,61.8,62.5,59.5,3147734.0
412939,2021-05-14,66.2,67.55,68.4,66.1,1793578.0
412939,2021-02-17,66.8,65.55,67.9,65.45,4079130.0
412939,2021-06-09,63.65,64.0,65.15,63.55,1595004.0
412939,2021-02-25,69.3,71.95,71.95,68.1,4287979.0
412939,2021-07-05,61.4,61.9,62.2,61.05,974948.0
412939,2021-03-23,64.8,64.15,65.5,63.75,1490804.0
412939,2021-07-26,59.8,60.5,61.05,59.3,1042938.0
412939,2021-04-05,62.55,64.1,64.35,61.7,1452112.0
412939,2021-07-30,60.5,62.1,62.55,60.0,2061821.0
412939,2021-04-30,61.45,61.35,62.5,60.8,911364.0
412939,2021-05-03,60.8,60.9,61.5,60.4,922829.0
412939,2021-08-04,60.9,62.1,62.65,60.7,1405346.0
412939,2021-08-09,60.5,62.0,62.25,60.2,1813582.0
412939,2021-05-20,67.25,66.7,67.8,66.7,1161621.0
412939,2021-08-12,58.75,58.9,59.25,58.5,732866.0
412939,2021-06-15,63.85,64.2,64.75,63.7,1175658.0
412939,2021-08-26,52.15,52.25,52.75,51.9,627020.0
412939,2021-07-13,61.75,61.9,62.15,61.6,615607.0
412939,2021-08-27,60.85,52.3,62.55,51.85,14865257.0
412939,2021-07-15,62.25,62.2,62.75,61.9,1178560.0
412939,2021-08-13,58.9,59.05,59.2,58.75,618533.0
412939,2021-12-02,65.9,64.8,66.1,64.55,1243063.0
412939,2021-12-10,68.35,68.7,69.35,67.05,1245752.0
412939,2021-08-17,58.55,58.95,59.1,58.1,804368.0
412939,2021-09-17,72.0,74.0,74.0,69.0,7139234.0
412939,2021-10-28,70.4,72.8,72.95,69.25,2171076.0
412939,2021-05-18,67.1,67.75,68.8,66.7,1548713.0
412939,2021-05-25,70.85,72.05,72.55,70.5,2246942.0
412939,2021-06-11,63.35,64.15,64.5,63.25,1682154.0
412939,2021-06-17,63.15,62.9,64.1,62.75,922385.0
412939,2021-07-07,61.75,61.45,62.0,61.35,502830.0
412939,2021-07-14,62.0,61.7,62.15,61.7,861586.0
412939,2021-08-05,60.15,61.35,61.35,59.2,1401897.0
412939,2021-09-03,61.3,63.15,63.6,60.75,2388417.0
412939,2021-09-27,68.0,69.0,69.5,67.85,1206076.0
412939,2021-10-07,67.7,68.55,68.75,67.6,1385589.0
412939,2021-10-14,71.35,71.15,73.9,70.9,3985979.0
412939,2021-11-25,68.9,69.5,69.7,67.55,1463468.0
412939,2021-11-30,63.85,64.25,66.3,62.1,1884283.0
412939,2021-12-09,68.05,67.95,68.25,67.2,941916.0
412939,2021-12-21,61.15,61.2,62.6,60.9,994078.0
412939,2021-12-22,62.15,61.6,62.45,61.45,598831.0
412939,2021-03-02,67.9,68.45,68.7,67.7,1417722.0
412939,2021-03-05,68.45,71.0,71.75,67.05,3790517.0
412939,2021-03-12,67.3,68.65,68.8,67.05,1871681.0
412939,2021-04-20,59.6,58.1,60.1,58.1,1365937.0
412939,2021-04-27,61.35,61.0,61.8,60.0,997582.0
412939,2021-05-19,67.1,66.6,67.5,66.6,831592.0
412939,2021-06-08,64.2,65.05,65.3,63.85,1487951.0
412939,2021-07-02,61.6,61.85,62.15,61.5,581023.0
412939,2021-07-08,61.4,61.7,62.45,61.25,929869.0
412939,2021-07-28,57.55,59.2,59.75,56.65,3166025.0
412939,2021-07-29,62.45,57.9,64.35,57.7,8780531.0
412939,2021-08-23,51.95,54.2,55.0,51.6,1309299.0
412939,2021-09-08,63.3,62.8,64.65,61.5,3594798.0
412939,2021-09-30,68.15,67.95,69.9,67.55,2110460.0
412939,2021-10-27,72.8,71.2,73.5,71.1,3880075.0
412939,2021-11-17,74.65,74.5,76.5,74.2,2282402.0
412939,2021-11-22,68.1,72.75,72.75,67.15,3086568.0
412939,2021-01-18,63.35,66.0,66.2,63.0,3408716.0
412939,2021-05-17,67.1,66.8,67.65,66.25,1279635.0
412939,2021-05-26,71.95,71.25,72.3,70.65,2929754.0
412939,2021-06-04,65.2,63.8,65.75,63.6,4200667.0
412939,2021-07-01,61.65,62.6,62.7,61.6,865252.0
412939,2021-07-12,61.65,61.8,62.2,61.5,632138.0
412939,2021-07-23,60.5,61.2,61.3,60.15,735286.0
412939,2021-08-03,61.7,62.0,63.25,61.35,2103207.0
412939,2021-09-16,73.45,73.5,75.75,72.6,7293568.0
412939,2021-10-01,68.95,67.95,69.7,67.5,1441054.0
412939,2021-11-18,72.35,74.65,75.25,71.1,3550161.0
412939,2021-03-25,61.5,62.1,62.25,60.8,1730353.0
412939,2021-05-21,69.8,67.5,70.75,67.5,6149096.0
412939,2021-05-27,65.9,67.5,67.5,65.4,10152536.0
412939,2021-06-07,64.7,65.5,65.65,64.5,1746008.0
412939,2021-06-10,63.75,64.0,64.2,63.4,1177517.0
412939,2021-06-23,62.9,63.65,64.5,62.7,1457086.0
412939,2021-06-28,62.9,62.9,63.4,62.55,974597.0
412939,2021-07-16,62.55,62.55,63.25,62.1,1241871.0
412939,2021-07-19,61.4,62.4,62.4,61.25,881844.0
412939,2021-08-24,52.15,51.95,52.9,51.6,1280239.0
412939,2021-09-28,66.6,68.5,68.55,66.05,1529689.0
412939,2021-10-11,68.0,68.35,68.95,67.7,1331300.0
412939,2021-10-20,71.05,71.65,74.1,69.85,2794845.0
412939,2021-11-09,73.85,72.0,74.7,72.0,5483407.0
412939,2021-11-10,76.95,73.65,78.9,73.2,15114405.0
412939,2021-11-11,78.35,78.2,81.85,77.6,20089691.0
412939,2021-12-03,65.8,65.9,67.0,65.5,1258251.0
412939,2021-12-13,67.45,69.3,69.65,67.05,1108246.0
412939,2021-12-20,60.7,61.75,61.8,59.65,1269767.0
412939,2021-12-23,62.65,62.65,63.3,62.3,608166.0
412939,2021-02-10,65.0,65.85,66.35,64.65,1740487.0
412939,2021-02-12,65.25,65.7,66.4,65.05,1322955.0
412939,2021-03-03,68.9,68.0,69.75,68.0,2244504.0
412939,2021-03-10,68.05,68.35,68.7,67.6,1875188.0
412939,2021-03-18,62.55,64.3,64.75,61.2,2477984.0
412939,2021-03-24,62.15,64.3,64.3,61.85,2358875.0
412939,2021-04-23,60.55,58.9,61.25,58.8,1498920.0
412939,2021-05-06,62.5,62.95,63.25,62.1,811866.0
412939,2021-06-21,62.8,61.8,63.55,61.3,2162979.0
412939,2021-06-29,62.6,63.1,63.25,62.5,577029.0
412939,2021-09-01,64.35,61.6,65.3,61.3,8761107.0
412939,2021-09-07,62.7,60.9,64.6,59.35,4980197.0
412939,2021-09-24,68.35,70.4,70.9,68.0,1245666.0
412939,2021-10-21,70.45,71.95,72.8,69.25,2683541.0
412939,2021-10-22,68.75,71.0,72.8,68.5,2846942.0
412939,2021-11-08,71.7,71.2,72.45,70.7,2350034.0
412939,2021-11-23,71.1,68.0,71.45,67.45,2186147.0
412939,2021-12-07,66.95,66.0,67.5,64.95,1387939.0
412939,2021-01-05,60.4,58.05,60.9,58.05,4663768.0
412939,2021-01-06,62.75,62.15,63.85,62.05,11051025.0
412939,2021-01-20,63.9,63.95,64.35,63.05,1923903.0
412939,2021-04-26,60.9,60.9,62.0,60.55,665187.0
412939,2021-05-05,62.7,63.35,63.9,62.55,1089459.0
412939,2021-05-28,64.15,66.5,66.9,63.65,4291075.0
412939,2021-06-02,63.3,63.7,63.95,63.0,1797582.0
412939,2021-07-09,61.6,61.5,61.95,61.15,1057610.0
412939,2021-07-22,60.9,61.5,61.8,60.8,752855.0
412939,2021-08-10,59.05,60.5,60.55,58.0,1163024.0
412939,2021-08-11,58.45,59.3,59.7,57.65,1114321.0
412939,2021-10-25,69.55,69.4,71.2,67.7,3178792.0
412939,2021-11-15,77.25,78.0,79.7,76.65,4436114.0
412939,2021-11-26,67.25,68.25,68.8,67.0,1880968.0
412939,2021-12-16,65.05,66.8,66.8,64.35,845519.0
412939,2021-01-08,64.25,64.75,65.2,62.5,3997622.0
412939,2021-01-13,66.95,68.45,68.85,65.3,12196462.0
412939,2021-01-14,67.25,67.15,67.9,66.25,5750325.0
412939,2021-01-22,61.35,62.6,63.45,61.0,2135759.0
412939,2021-02-01,62.65,60.25,63.0,59.75,2574919.0
412939,2021-02-03,64.0,65.1,65.5,63.55,2845249.0
412939,2021-02-08,66.95,68.3,69.1,66.2,2540444.0
412939,2021-02-11,65.3,64.9,65.95,64.7,1150592.0
412939,2021-02-15,64.8,65.5,66.4,64.55,1260148.0
412939,2021-04-13,61.55,61.1,62.4,60.85,1305712.0
412939,2021-04-15,60.5,61.55,62.1,60.05,2021695.0
412939,2021-04-16,61.15,60.55,61.9,60.55,927182.0
412939,2021-05-04,62.8,61.1,64.4,61.1,3023536.0
412939,2021-09-20,67.5,70.85,71.65,66.85,3707710.0
412939,2021-11-29,63.95,67.25,67.35,63.55,2249531.0
412939,2021-12-08,67.3,67.45,68.4,66.7,1244931.0
412939,2021-12-27,61.6,61.85,61.85,61.0,405015.0
412939,2021-01-07,64.05,63.8,65.25,63.2,7180529.0
412939,2021-01-12,67.75,64.7,71.3,64.2,25381845.0
412939,2021-01-28,59.7,59.0,60.5,58.1,2077200.0
412939,2021-02-05,67.65,66.25,70.45,66.25,9558401.0
412939,2021-02-23,66.5,67.3,67.6,66.0,1833028.0
412939,2021-03-17,63.3,65.85,66.35,62.95,1634388.0
412939,2021-03-31,61.1,60.3,62.35,60.15,1848649.0
412939,2021-04-08,63.15,63.2,64.2,62.95,1211900.0
412939,2021-04-19,58.85,60.05,60.5,58.6,1353181.0
412939,2021-04-29,61.5,62.7,63.1,61.2,952093.0
412939,2021-05-12,66.85,65.65,68.55,65.5,4236992.0
412939,2021-08-06,60.3,60.5,61.0,60.05,937719.0
412939,2021-09-14,66.7,68.4,68.8,66.25,2543583.0
412939,2021-09-15,72.95,67.0,75.4,67.0,22377922.0
412939,2021-09-22,70.4,69.1,71.9,68.65,3382779.0
412939,2021-10-19,71.65,74.6,75.0,71.0,3178570.0
412939,2021-11-03,69.65,70.0,72.0,69.5,2012528.0
412939,2021-11-04,70.4,70.2,71.2,69.85,410492.0
412939,2021-01-15,65.9,67.3,67.6,65.2,3914901.0
412939,2021-02-22,66.75,68.05,68.95,66.15,3745993.0
412939,2021-03-30,60.3,60.8,61.6,60.05,1465157.0
412939,2021-05-10,63.25,62.75,63.75,62.75,1117862.0
412939,2021-05-11,65.15,62.6,65.7,62.5,2082318.0
412939,2021-05-24,71.4,71.2,73.8,70.2,4661296.0
412939,2021-06-01,63.6,64.25,64.75,63.45,1433255.0
412939,2021-06-22,63.35,63.15,64.2,63.15,1251890.0
412939,2021-06-30,62.3,62.85,63.1,62.25,809240.0
412939,2021-08-25,51.9,52.5,53.4,51.7,1975445.0
412939,2021-09-02,63.15,64.3,64.5,62.75,2547343.0
412939,2021-09-21,69.5,68.1,69.9,64.5,5607513.0
412939,2021-10-06,67.9,71.6,71.6,67.3,2022881.0
412939,2021-01-04,58.8,58.95,59.95,58.5,2471063.0
412939,2021-02-18,69.95,67.4,72.8,67.25,15817378.0
412939,2021-06-18,62.55,63.3,63.65,61.5,1349829.0
412939,2021-06-25,62.6,63.1,63.25,62.5,803743.0
412939,2021-08-30,60.95,62.4,62.4,59.1,7470768.0
412939,2021-08-31,61.7,61.0,62.85,60.85,6006540.0
412939,2021-09-06,60.2,61.65,62.2,59.65,1369354.0
412939,2021-10-18,73.6,72.25,74.8,71.6,5855563.0
412939,2021-11-24,69.3,71.9,72.05,67.2,2436722.0
412939,2021-02-16,65.4,65.3,66.9,64.9,2918079.0
412939,2021-03-04,71.75,68.1,73.5,68.0,10616768.0
412939,2021-03-15,66.25,67.5,67.9,65.55,1609673.0
412939,2021-04-06,62.2,62.7,63.3,61.85,896203.0
412939,2021-04-09,64.2,63.7,65.0,63.05,1647955.0
412939,2021-05-31,64.0,64.8,64.8,63.6,2238212.0
412939,2021-06-03,63.6,63.45,64.2,63.35,1291784.0
412939,2021-06-16,63.25,63.95,64.4,63.15,928003.0
412939,2021-06-24,62.75,63.05,63.25,62.6,726801.0
412939,2021-08-16,58.75,59.1,59.15,58.5,465307.0
412939,2021-08-18,57.0,58.0,58.05,56.4,777574.0
412939,2021-08-20,53.9,56.85,56.85,53.65,1850616.0
412939,2021-09-13,68.3,67.2,69.7,66.1,5704160.0
412939,2021-10-04,70.35,69.4,71.9,69.2,2068813.0
412939,2021-10-12,69.4,68.45,70.4,68.1,2845283.0
412939,2021-10-29,68.1,69.5,69.5,66.3,2896952.0
412939,2021-12-15,66.05,66.65,67.05,65.85,765848.0
412939,2021-01-19,63.95,63.85,64.95,63.6,2073240.0
412939,2021-01-25,60.35,61.55,62.2,58.7,2060954.0
412939,2021-01-27,59.85,60.0,60.9,58.7,1923837.0
412939,2021-03-08,68.0,68.9,70.7,67.65,1779787.0
412939,2021-03-22,64.1,62.3,65.0,61.85,1996624.0
412939,2021-03-26,60.45,62.0,62.9,60.0,1491782.0
412939,2021-04-07,62.75,62.3,63.5,62.0,1420634.0
412939,2021-04-22,59.0,59.0,59.7,58.55,1002620.0
412939,2021-04-28,62.05,61.7,62.2,61.6,704935.0
412939,2021-09-09,67.05,63.3,69.2,63.2,15477524.0
412939,2021-10-26,70.8,70.25,71.5,69.8,2678500.0
412939,2021-11-12,77.2,79.2,79.25,76.3,5172650.0
412939,2021-12-01,64.8,63.95,65.2,63.65,1966931.0
412939,2021-12-06,64.7,66.5,66.5,64.5,1357117.0
412939,2021-01-11,64.15,65.75,65.75,62.4,3680668.0
412939,2021-02-09,65.85,66.7,67.3,65.5,1866125.0
412939,2021-02-19,69.5,70.0,72.6,67.4,8820829.0
412939,2021-02-24,70.75,66.6,72.25,66.6,5184578.0
412939,2021-02-26,67.8,68.4,69.25,67.35,2546844.0
412939,2021-03-01,67.8,68.15,68.9,67.5,1876726.0
412939,2021-03-09,67.8,68.6,69.35,67.2,2620490.0
412939,2021-03-16,65.8,66.6,66.8,65.5,1218975.0
412939,2021-04-12,61.4,64.2,64.2,60.45,2922186.0
412939,2021-05-07,62.6,62.7,63.8,62.25,1100335.0
412939,2021-06-14,64.15,63.45,64.7,62.6,1667829.0
412939,2021-07-06,61.55,61.4,62.15,61.4,913350.0
412939,2021-07-20,60.75,61.4,61.85,60.0,1140759.0
412939,2021-09-23,70.05,70.5,71.3,69.5,2602113.0
412939,2021-09-29,67.45,66.45,68.45,66.1,2072800.0
412939,2021-11-02,69.7,70.05,70.6,69.25,1375349.0
412939,2021-11-16,74.6,77.3,77.6,74.1,3131902.0
412939,2021-12-14,66.45,67.05,68.0,66.25,1004695.0
412939,2021-12-24,61.9,62.8,62.85,61.1,598103.0
412939,2021-12-28,61.2,61.85,62.3,60.85,1037179.0
412939,2021-01-01,58.35,58.0,59.3,57.75,2278422.0
412939,2021-01-21,62.85,64.05,65.2,62.45,1899358.0
412939,2021-04-01,65.05,61.5,65.6,61.4,2989351.0
412939,2021-07-27,59.3,60.05,60.9,59.05,960689.0
412939,2021-08-02,62.15,61.0,63.05,60.6,2150272.0
412939,2021-10-05,70.8,70.4,71.6,69.95,1730798.0
412939,2021-10-08,67.9,68.35,69.45,67.4,1701934.0
412939,2021-10-13,70.95,70.0,71.35,70.0,2980882.0
412939,2021-11-01,69.8,68.5,70.7,68.0,2015506.0
412939,2021-12-17,62.4,64.7,64.9,62.15,1518285.0
412939,2022-01-13,66.65,65.4,67.3,65.0,1857787.0
412939,2022-01-20,66.6,65.25,66.9,65.25,1367254.0
412939,2022-02-14,62.6,64.85,64.85,62.1,2049920.0
412939,2021-12-30,60.8,61.0,61.1,60.65,497563.0
412939,2022-01-04,63.1,64.0,64.5,62.9,1399468.0
412939,2022-01-12,65.0,66.1,67.2,64.35,1759470.0
412939,2022-01-24,63.25,65.6,66.1,61.8,1038881.0
412939,2022-02-08,66.6,67.75,68.4,64.1,2197603.0
412939,2022-02-25,60.1,57.6,63.45,57.6,1264372.0
412939,2022-03-03,59.0,59.55,60.25,58.8,719740.0
412939,2022-03-04,57.6,58.75,58.75,57.15,841369.0
412939,2022-03-11,58.1,58.15,58.75,57.55,786885.0
412939,2022-03-28,56.6,57.85,57.85,56.5,1348730.0
412939,2022-03-30,56.35,55.75,57.4,55.75,1224665.0
412939,2022-05-02,62.4,62.25,62.7,61.2,1268119.0
412939,2022-05-06,63.0,63.9,63.9,62.1,1525086.0
412939,2022-05-30,65.3,63.0,65.85,63.0,3415502.0
412939,2022-06-10,65.05,65.6,65.8,64.85,639605.0
412939,2022-06-28,64.85,64.95,65.05,64.55,625229.0
412939,2022-08-02,72.25,72.0,73.05,71.65,1325640.0
412939,2022-09-27,78.15,79.4,79.8,77.1,1499456.0
412939,2022-10-11,82.6,85.7,85.8,81.9,799978.0
412939,2022-11-23,144.2,139.4,149.9,139.25,13596818.0
412939,2022-11-24,143.1,145.6,145.95,141.5,4048354.0
412939,2023-01-30,140.05,136.3,142.75,132.5,809201.0
412939,2023-03-08,151.2,149.0,152.5,148.5,686831.0
412939,2023-03-10,148.6,153.0,154.35,147.15,1439327.0
412939,2023-04-27,130.7,128.6,131.85,128.35,1523905.0
412939,2023-05-05,133.0,135.9,137.5,132.5,1456019.0
412939,2023-05-10,131.45,130.75,131.95,129.7,704792.0
412939,2023-05-16,128.65,130.1,132.25,128.3,1100818.0
412939,2023-06-08,149.1,151.0,151.7,148.5,980259.0
412939,2023-07-20,212.8,210.5,213.9,207.0,2903773.0
412939,2023-08-11,229.55,226.4,232.9,225.35,4482266.0
412939,2023-08-14,225.85,229.55,229.7,219.05,3024887.0
412939,2023-08-21,228.9,228.85,234.6,228.25,2971688.0
412939,2022-02-22,60.25,60.4,60.65,59.5,1580272.0
412939,2022-05-27,60.3,60.3,61.0,59.2,481073.0
412939,2022-01-03,62.9,61.7,63.3,61.65,1130535.0
412939,2022-06-08,66.5,65.7,67.55,65.2,1651892.0
412939,2022-01-11,65.95,67.0,67.25,65.8,948288.0
412939,2022-02-03,67.9,67.75,69.7,67.2,2205814.0
412939,2022-06-23,65.05,64.7,65.25,64.4,573248.0
412939,2022-03-16,58.05,58.05,58.35,57.75,779185.0
412939,2022-03-25,57.6,58.15,58.5,57.4,1045588.0
412939,2022-07-06,66.35,66.95,66.95,66.2,382948.0
412939,2022-04-22,62.9,62.7,63.5,62.4,1125321.0
412939,2022-07-11,70.5,67.4,71.8,67.25,1557571.0
412939,2022-05-09,62.95,62.8,63.4,61.7,946835.0
412939,2022-07-18,70.15,69.9,70.9,69.15,788288.0
412939,2022-05-18,62.15,62.2,62.95,61.7,760354.0
412939,2022-06-03,66.3,68.1,68.4,65.6,1291634.0
412939,2022-09-13,77.25,76.5,78.45,76.5,2034330.0
412939,2022-09-26,78.75,82.7,83.05,78.2,2389565.0
412939,2022-06-16,64.9,65.25,65.9,63.95,1698978.0
412939,2022-10-03,77.45,78.8,79.35,77.3,1171387.0
412939,2022-07-14,68.5,69.9,69.9,68.0,779402.0
412939,2022-07-21,71.7,70.0,72.45,70.0,1390645.0
412939,2022-10-21,88.5,91.6,91.95,87.3,3874165.0
412939,2022-11-25,144.3,143.1,146.3,142.2,3853947.0
412939,2022-12-12,155.05,152.5,155.85,149.2,2134839.0
412939,2022-07-28,68.45,68.5,68.75,67.9,625192.0
412939,2023-04-25,128.7,128.65,131.2,128.15,1716257.0
412939,2023-05-09,130.75,133.5,135.0,130.2,1077187.0
412939,2022-08-03,71.85,72.75,73.15,71.25,1057635.0
412939,2022-08-12,78.5,76.4,78.95,76.4,2630286.0
412939,2022-08-23,71.95,71.25,72.4,70.8,1035209.0
412939,2023-05-25,137.85,137.5,138.25,137.1,696025.0
412939,2022-09-19,89.25,85.4,90.7,84.35,10604676.0
412939,2022-09-22,87.65,88.65,89.7,85.8,2163227.0
412939,2023-06-09,148.25,149.45,150.0,147.2,730641.0
412939,2023-06-26,151.1,152.0,153.15,149.55,976356.0
412939,2022-10-06,83.1,84.7,84.9,82.65,1243488.0
412939,2023-07-31,208.35,204.7,212.9,203.3,2787711.0
412939,2022-11-14,131.4,135.15,135.15,129.5,3381266.0
412939,2023-08-04,214.25,219.95,223.5,213.0,5638534.0
412939,2022-11-17,134.8,137.8,137.8,134.1,3052716.0
412939,2022-12-19,160.05,153.45,163.0,151.35,2637794.0
412939,2022-12-21,153.15,163.4,164.95,152.3,2871956.0
412939,2022-12-28,150.75,147.4,152.5,145.2,2812619.0
412939,2023-01-24,145.95,149.1,150.2,145.15,679908.0
412939,2023-01-25,142.55,146.0,147.0,141.75,936316.0
412939,2023-02-09,145.25,149.5,150.5,145.0,891169.0
412939,2023-03-03,148.25,143.1,150.0,143.1,1771970.0
412939,2023-04-06,129.85,131.65,132.2,129.3,1315653.0
412939,2023-04-19,131.0,133.35,134.7,130.0,1061899.0
412939,2023-05-15,129.5,130.3,131.15,128.9,1088555.0
412939,2023-05-31,151.4,152.2,152.5,149.7,2169335.0
412939,2023-07-07,193.0,197.2,200.7,191.1,4532183.0
412939,2023-07-14,201.15,200.4,203.0,199.5,2081045.0
412939,2023-08-08,223.6,216.0,227.3,215.55,8151640.0
412939,2022-01-14,66.25,66.7,67.15,66.1,760691.0
412939,2022-02-07,67.75,67.0,69.5,66.75,2261213.0
412939,2022-02-09,66.65,67.0,67.4,66.1,809249.0
412939,2022-03-21,58.1,59.0,59.0,58.0,611059.0
412939,2022-04-01,57.5,55.65,57.65,55.65,1659434.0
412939,2022-04-07,61.8,61.7,63.4,61.25,2783556.0
412939,2022-06-06,65.5,66.1,66.25,64.75,996428.0
412939,2022-09-01,74.75,74.4,75.25,73.95,1101578.0
412939,2022-09-06,75.65,76.0,76.75,75.3,1329485.0
412939,2022-10-20,89.75,86.0,90.5,84.5,2530361.0
412939,2022-10-25,91.65,92.1,92.85,90.7,2935392.0
412939,2022-11-29,143.95,145.95,146.4,141.05,3484879.0
412939,2023-01-03,158.0,157.1,162.0,157.1,3782297.0
412939,2023-01-05,154.95,157.0,157.0,152.85,1054041.0
412939,2023-01-18,150.55,151.85,152.5,149.7,513214.0
412939,2023-03-06,151.4,150.0,153.4,149.15,1720977.0
412939,2023-04-24,128.05,129.1,129.4,127.0,969552.0
412939,2023-05-29,146.6,146.6,153.5,144.5,9201959.0
412939,2023-06-01,150.5,152.0,152.0,150.05,1887183.0
412939,2023-07-18,204.95,200.95,209.0,200.0,6255070.0
412939,2023-08-07,215.4,216.0,218.3,214.3,1599679.0
412939,2023-08-16,225.0,226.0,228.55,222.55,1912164.0
412939,2022-02-11,65.8,66.45,66.65,65.65,581063.0
412939,2022-03-24,57.7,57.75,58.3,57.65,662929.0
412939,2022-04-27,62.4,62.7,62.9,62.1,660278.0
412939,2022-05-11,61.1,61.65,62.45,59.5,1487622.0
412939,2022-05-31,67.15,65.0,67.65,64.55,2534501.0
412939,2022-07-08,67.5,68.95,69.65,67.2,1004614.0
412939,2022-07-22,71.95,71.7,72.6,71.5,1014903.0
412939,2022-08-17,80.5,81.2,81.3,79.2,4316374.0
412939,2022-08-18,76.6,76.95,78.4,76.3,2462759.0
412939,2022-08-19,73.6,76.75,76.75,73.45,1765329.0
412939,2022-08-22,71.7,73.5,73.55,71.6,1254551.0
412939,2022-08-25,74.35,73.5,75.75,73.4,2231810.0
412939,2022-09-12,76.1,76.7,77.3,75.8,1314578.0
412939,2022-10-31,96.6,96.05,97.65,94.5,3700709.0
412939,2022-11-04,138.2,119.85,143.0,118.25,67305656.0
412939,2022-11-28,144.8,144.85,147.95,144.2,3131778.0
412939,2022-12-06,154.4,156.8,159.4,150.35,6196371.0
412939,2022-12-07,156.5,154.5,159.15,150.25,4282865.0
412939,2023-01-27,136.35,142.95,143.0,131.25,1539660.0
412939,2023-01-31,142.9,141.0,144.25,138.5,766401.0
412939,2023-03-14,139.55,142.9,144.8,137.6,1378089.0
412939,2023-05-08,132.65,134.0,135.3,132.05,1015110.0
412939,2023-06-14,149.25,148.5,149.6,147.65,1001842.0
412939,2023-07-04,188.3,193.0,195.65,185.05,5368525.0
412939,2023-07-10,190.35,194.0,195.5,188.45,2618525.0
412939,2022-02-24,56.9,59.95,59.95,56.65,2225422.0
412939,2022-03-07,55.55,56.9,56.9,55.25,1332315.0
412939,2022-03-23,57.9,58.25,58.8,57.6,907115.0
412939,2022-06-20,63.95,65.05,65.6,62.9,1353197.0
412939,2022-06-22,64.65,65.2,65.25,64.25,918291.0
412939,2022-06-30,65.0,65.1,65.35,64.25,739076.0
412939,2022-07-15,69.2,68.85,69.7,68.1,521120.0
412939,2022-07-26,67.65,69.0,69.0,67.1,1173874.0
412939,2022-12-09,152.45,156.5,162.65,147.2,5565127.0
412939,2022-12-14,162.8,165.0,168.5,159.0,4427845.0
412939,2022-12-16,153.15,160.25,160.4,152.95,3597778.0
412939,2022-12-23,129.05,138.0,141.75,128.25,5317069.0
412939,2023-01-23,148.55,149.1,150.95,148.05,623330.0
412939,2023-02-27,136.45,136.05,137.2,134.35,728393.0
412939,2023-03-17,138.55,142.0,142.95,136.8,1171775.0
412939,2023-05-12,130.05,131.5,132.7,129.2,884435.0
412939,2023-06-02,153.1,151.6,155.9,151.15,3092827.0
412939,2023-06-07,150.5,151.15,152.05,150.05,995681.0
412939,2023-07-03,192.3,190.75,196.85,189.5,11754637.0
412939,2023-08-23,229.6,226.45,231.95,226.0,830570.0
412939,2022-01-17,66.65,66.4,67.1,66.3,790809.0
412939,2022-01-27,65.7,62.9,66.85,62.45,2558579.0
412939,2022-02-23,61.0,60.85,62.95,60.25,847292.0
412939,2022-03-09,57.25,57.0,57.9,56.5,1197928.0
412939,2022-03-17,58.5,58.55,59.3,58.25,1428221.0
412939,2022-04-12,62.55,63.9,63.9,61.75,1374649.0
412939,2022-04-18,63.4,62.9,63.6,62.1,1173009.0
412939,2022-04-21,62.75,63.05,63.5,62.0,1236599.0
412939,2022-05-05,64.65,62.7,66.3,62.5,3425235.0
412939,2022-05-10,62.15,62.3,64.55,62.0,2205702.0
412939,2022-06-09,66.0,65.95,66.25,65.65,431107.0
412939,2022-06-21,65.05,64.25,65.3,64.25,788134.0
412939,2022-06-27,65.05,65.4,65.8,64.95,500174.0
412939,2022-07-13,69.95,70.65,71.25,69.5,818114.0
412939,2022-08-29,74.65,74.7,75.35,73.65,996515.0
412939,2022-09-07,75.9,75.35,76.1,74.9,800145.0
412939,2022-09-29,77.75,78.2,78.9,77.1,925779.0
412939,2022-10-24,92.05,89.7,92.9,89.5,1779851.0
412939,2022-11-09,131.95,137.75,138.45,130.5,7954942.0
412939,2023-01-20,148.85,149.05,151.5,148.4,439175.0
412939,2023-03-21,136.75,135.5,138.8,133.1,1350139.0
412939,2023-04-12,129.25,130.7,131.0,129.0,945344.0
412939,2023-04-17,130.6,131.0,132.3,129.35,1366990.0
412939,2023-05-02,133.1,137.0,138.3,132.3,2338773.0
412939,2023-05-04,135.3,132.5,135.9,132.5,1399854.0
412939,2023-05-17,130.4,129.0,131.05,128.3,1014988.0
412939,2023-06-13,147.3,146.5,149.65,146.4,1020207.0
412939,2023-07-21,208.55,212.9,213.4,207.2,2441349.0
412939,2023-08-01,209.65,209.45,212.6,207.1,2218389.0
412939,2021-12-29,61.0,61.3,61.95,60.75,748430.0
412939,2021-12-31,61.55,60.8,61.85,60.8,738912.0
412939,2022-01-07,66.05,66.5,67.25,65.6,1441656.0
412939,2022-01-06,65.9,63.4,66.2,63.3,2097166.0
412939,2022-02-15,62.95,62.8,63.75,60.5,2253203.0
412939,2022-04-08,62.35,62.0,62.8,61.9,1130268.0
412939,2022-04-19,63.2,63.4,64.45,62.9,1428449.0
412939,2022-02-28,60.0,58.6,60.35,58.5,815468.0
412939,2022-04-25,62.4,62.4,62.65,62.0,661488.0
412939,2022-04-11,64.1,62.5,65.25,62.35,3097399.0
412939,2022-07-20,70.3,71.0,72.2,69.8,1104611.0
412939,2022-04-13,63.15,62.75,63.75,62.1,1653605.0
412939,2022-04-29,62.8,63.5,63.75,60.0,1200022.0
412939,2022-09-14,79.4,76.2,80.1,75.75,4177093.0
412939,2022-05-04,62.4,62.5,63.25,62.05,1329686.0
412939,2022-07-04,66.65,65.65,67.5,65.3,881831.0
412939,2022-10-14,83.1,83.05,85.0,82.75,1089469.0
412939,2022-07-19,70.45,69.85,71.0,69.65,589689.0
412939,2022-08-05,73.15,72.05,74.0,72.05,1826873.0
412939,2022-11-10,132.95,131.05,136.8,130.2,7140723.0
412939,2022-08-24,73.1,72.0,73.8,72.0,1041355.0
412939,2022-11-18,138.2,135.5,138.9,133.3,5311413.0
412939,2022-09-05,75.3,73.9,76.55,72.75,2431891.0
412939,2022-12-01,148.5,145.4,151.5,144.35,8263945.0
412939,2022-12-26,141.95,130.0,141.95,130.0,4017934.0
412939,2022-09-15,82.45,80.5,84.8,79.5,7394920.0
412939,2023-01-02,154.3,153.9,155.4,152.0,1167179.0
412939,2022-09-16,84.25,82.0,85.3,80.5,5594739.0
412939,2023-01-10,148.85,153.35,153.35,147.0,1147632.0
412939,2022-10-18,87.85,86.0,88.7,85.6,2689907.0
412939,2023-01-17,150.95,152.7,156.0,148.05,1369814.0
412939,2023-02-17,144.0,144.5,145.8,142.85,433924.0
412939,2022-10-27,94.65,92.25,95.9,91.85,4648429.0
412939,2022-12-13,164.1,155.5,165.85,155.2,7833804.0
412939,2023-03-09,155.7,151.9,158.0,151.5,2085868.0
412939,2023-02-21,140.95,144.0,144.0,140.55,448708.0
412939,2023-03-29,133.0,126.65,134.65,126.25,1742077.0
412939,2023-02-23,138.6,138.1,140.0,137.0,466011.0
412939,2023-03-31,135.7,135.25,139.0,134.25,1852587.0
412939,2023-06-20,163.55,157.2,164.35,157.2,5928176.0
412939,2023-04-21,128.1,129.4,130.25,127.65,774520.0
412939,2023-06-21,160.5,164.9,165.9,160.0,2262744.0
412939,2023-04-26,128.0,129.35,129.4,127.75,1016179.0
412939,2023-04-28,134.65,131.0,136.45,131.0,2520745.0
412939,2023-07-12,205.05,199.0,207.8,197.5,6535328.0
412939,2023-07-19,210.2,205.2,215.3,202.8,7185882.0
412939,2023-05-03,132.5,132.3,134.5,131.4,1226749.0
412939,2023-08-18,227.65,229.15,229.6,226.0,1730299.0
412939,2023-07-11,197.4,191.1,198.7,191.05,3143679.0
412939,2023-08-22,226.4,224.8,227.45,223.05,1757305.0
412939,2022-01-10,66.65,66.9,67.45,66.05,1421853.0
412939,2022-01-19,65.25,66.05,66.45,64.9,1354936.0
412939,2022-04-05,62.25,62.0,62.9,61.0,1937214.0
412939,2022-05-17,62.1,60.65,62.45,60.5,459224.0
412939,2022-06-17,65.1,64.25,65.3,64.25,930559.0
412939,2022-06-24,64.85,65.2,65.5,64.5,837490.0
412939,2022-10-13,82.35,83.65,83.65,81.3,874759.0
412939,2023-02-06,148.8,153.95,154.8,148.05,2007082.0
412939,2023-02-07,150.0,149.65,154.8,148.65,1510331.0
412939,2023-02-20,141.8,144.75,145.55,141.0,514534.0
412939,2023-02-28,141.5,136.45,145.9,133.7,3753062.0
412939,2023-03-15,138.85,141.0,145.0,138.1,761972.0
412939,2023-05-24,137.2,137.1,138.9,136.3,1160088.0
412939,2023-05-26,143.75,138.8,145.75,137.75,4954223.0
412939,2023-05-30,151.85,147.4,152.85,146.0,4557782.0
412939,2023-06-06,150.6,152.6,152.6,147.75,1751408.0
412939,2023-07-25,203.5,208.1,209.2,201.7,1399650.0
412939,2023-08-02,204.15,208.8,209.3,200.3,2153114.0
412939,2023-08-09,223.2,224.9,225.55,221.05,3119550.0
412939,2022-02-04,66.75,68.25,68.5,66.05,1181752.0
412939,2022-03-02,59.05,59.9,60.35,58.8,653597.0
412939,2022-03-31,55.45,56.5,56.85,55.2,1103611.0
412939,2022-04-20,63.05,63.4,63.6,62.85,861500.0
412939,2022-05-25,59.55,60.8,61.3,59.4,493589.0
412939,2022-06-07,65.6,65.2,65.8,64.55,853088.0
412939,2022-08-08,73.75,73.15,74.6,73.0,1633880.0
412939,2022-08-16,80.6,79.45,81.5,79.15,3774718.0
412939,2022-09-21,89.2,89.25,90.55,88.5,3383935.0
412939,2022-10-04,83.55,83.45,84.0,81.75,4597951.0
412939,2022-11-22,138.7,139.0,141.3,137.0,3342993.0
412939,2022-12-02,151.3,149.25,152.7,146.3,4445956.0
412939,2022-12-29,153.8,148.9,154.4,146.05,2338145.0
412939,2023-01-12,149.0,147.8,149.3,146.35,813120.0
412939,2023-01-19,149.25,150.0,151.85,148.0,572749.0
412939,2023-02-01,138.25,144.4,148.0,136.0,1246243.0
412939,2023-02-16,144.75,144.0,148.15,143.55,903992.0
412939,2023-03-13,143.45,146.75,149.65,141.3,1819710.0
412939,2023-03-16,139.25,138.85,141.9,136.0,1063069.0
412939,2023-03-20,134.45,140.0,140.05,133.05,1110802.0
412939,2023-03-22,137.05,138.0,139.45,136.5,628420.0
412939,2023-03-23,136.55,136.0,139.4,135.6,848760.0
412939,2023-05-19,135.35,138.9,139.8,133.5,1629906.0
412939,2023-08-10,225.3,224.35,227.7,222.1,3241065.0
412939,2022-01-18,66.05,67.2,68.85,65.75,2296979.0
412939,2022-01-21,65.8,66.35,67.2,65.5,1083517.0
412939,2022-02-17,63.15,64.1,64.7,63.0,567694.0
412939,2022-03-22,58.05,58.1,58.4,57.0,641798.0
412939,2022-04-26,63.0,63.0,63.45,62.7,645700.0
412939,2022-04-28,63.3,62.65,63.8,62.3,952456.0
412939,2022-05-16,60.45,60.6,60.75,59.6,740065.0
412939,2022-05-20,61.0,60.85,61.9,60.6,407048.0
412939,2022-06-01,66.6,66.9,67.85,65.8,1603764.0
412939,2022-07-01,65.2,64.85,65.45,64.55,302035.0
412939,2022-08-11,76.1,75.7,77.3,75.3,2576159.0
412939,2022-10-12,83.5,83.0,84.55,82.45,991019.0
412939,2022-11-01,93.9,96.6,97.3,92.6,2974663.0
412939,2022-12-15,159.9,163.2,165.2,156.5,2901993.0
412939,2023-01-06,150.4,154.95,154.95,149.0,1523204.0
412939,2023-01-16,152.0,150.65,154.3,150.05,1396652.0
412939,2023-02-02,138.25,140.65,142.35,136.9,882125.0
412939,2023-02-08,149.45,150.6,151.8,148.75,794058.0
412939,2023-02-24,137.5,139.0,141.25,137.0,515464.0
412939,2023-03-24,132.3,136.55,137.5,131.0,622225.0
412939,2023-04-11,129.85,130.5,131.9,129.4,920118.0
412939,2023-04-18,132.85,131.05,134.5,131.05,2009480.0
412939,2023-05-18,137.75,131.4,141.65,130.9,5882481.0
412939,2023-06-22,156.4,161.0,161.65,155.35,1700587.0
412939,2023-07-05,199.6,188.5,204.9,188.5,15222602.0
412939,2023-08-03,216.45,204.4,219.5,202.2,7905127.0
412939,2022-02-18,62.55,63.0,63.4,62.1,1051520.0
412939,2022-01-05,64.4,63.2,65.9,62.75,2486621.0
412939,2022-03-08,56.5,55.7,56.9,55.4,920857.0
412939,2022-03-15,57.45,58.2,59.2,57.1,1133338.0
412939,2022-03-29,55.7,56.7,57.2,55.3,1807399.0
412939,2022-04-06,61.75,61.9,62.7,60.75,2535003.0
412939,2022-05-19,60.55,61.3,61.65,60.2,946655.0
412939,2022-05-23,61.45,61.15,61.8,61.0,478089.0
412939,2022-05-24,60.85,61.5,61.75,60.6,348818.0
412939,2022-06-13,64.1,64.2,64.55,63.6,1156468.0
412939,2022-06-29,65.1,64.4,65.25,64.3,415024.0
412939,2022-07-07,68.35,66.9,69.05,66.75,1630763.0
412939,2022-07-12,70.45,71.0,72.1,69.9,1507071.0
412939,2022-07-27,67.9,67.35,68.3,67.35,571477.0
412939,2022-08-01,72.05,70.95,72.4,70.9,1331147.0
412939,2022-08-10,75.1,74.4,75.5,73.75,1997136.0
412939,2022-09-28,76.7,77.7,77.75,76.25,1293825.0
412939,2022-10-19,86.5,88.45,89.55,86.1,1827147.0
412939,2022-12-20,162.15,160.45,164.0,156.6,2172561.0
412939,2023-02-15,143.2,141.45,143.95,140.0,530836.0
412939,2023-04-13,130.35,130.25,131.0,128.6,1098019.0
412939,2023-04-20,130.25,131.0,132.3,130.0,883541.0
412939,2023-06-12,146.3,148.5,149.5,145.95,1121004.0
412939,2023-06-23,151.6,156.7,156.7,151.0,1720560.0
412939,2023-06-27,157.4,152.55,158.4,152.3,2007605.0
412939,2023-07-13,199.6,205.95,207.25,198.5,3965360.0
412939,2023-07-24,207.15,208.9,211.8,206.1,1719411.0
412939,2023-07-26,205.6,202.15,207.45,202.15,1581583.0
412939,2023-07-27,204.65,206.0,207.2,203.2,916178.0
412939,2023-07-28,203.8,205.0,207.65,202.3,1274133.0
412939,2022-01-28,64.5,66.0,67.2,61.1,1707604.0
412939,2022-02-01,65.55,64.45,66.5,64.15,1667235.0
412939,2022-02-16,64.0,63.7,64.6,63.2,1066388.0
412939,2022-03-10,58.2,58.5,59.3,58.0,1089355.0
412939,2022-03-14,57.8,58.1,58.4,57.5,677956.0
412939,2022-06-14,65.15,64.0,65.5,63.65,696374.0
412939,2022-06-15,65.0,65.4,65.8,64.95,379167.0
412939,2022-07-25,67.9,72.0,72.0,67.5,2399292.0
412939,2022-07-29,70.45,68.75,70.8,68.75,1334215.0
412939,2022-08-30,74.8,75.0,75.55,74.4,903758.0
412939,2022-09-02,73.55,75.0,75.25,73.0,859419.0
412939,2022-09-08,75.25,76.5,76.95,72.6,1375155.0
412939,2022-09-30,78.5,77.75,80.15,77.3,1638656.0
412939,2022-10-10,84.9,85.05,86.15,84.3,1188523.0
412939,2022-11-11,135.15,135.0,136.0,132.65,6032032.0
412939,2022-11-15,131.65,131.85,133.8,129.5,4185210.0
412939,2022-11-16,136.6,131.65,141.95,131.35,13949581.0
412939,2023-01-04,155.6,159.5,159.5,152.7,1795926.0
412939,2023-01-09,152.85,152.25,155.0,152.25,1227655.0
412939,2023-01-11,146.85,149.2,150.4,144.05,1284303.0
412939,2023-02-10,144.6,144.9,148.8,143.7,903067.0
412939,2023-02-14,141.5,141.4,142.25,139.05,435222.0
412939,2023-02-22,137.4,140.85,140.85,136.0,858346.0
412939,2023-03-02,144.4,146.55,148.0,143.05,1045075.0
412939,2023-03-28,126.1,129.6,130.8,124.5,1668480.0
412939,2023-04-03,129.05,132.85,132.85,128.1,2839275.0
412939,2023-04-05,130.25,129.9,132.4,128.75,1482175.0
412939,2023-06-30,189.35,172.0,194.5,168.7,30271527.0
412939,2023-08-17,228.7,226.0,229.7,225.1,2570120.0
412939,2022-01-31,63.8,65.85,66.3,63.6,1723263.0
412939,2022-02-02,67.6,65.8,68.0,65.65,2667306.0
412939,2022-02-21,61.1,61.1,62.3,60.6,1470979.0
412939,2022-04-04,61.3,58.85,61.75,58.55,4318120.0
412939,2022-05-12,59.8,60.7,60.8,59.5,1030018.0
412939,2022-05-13,59.9,60.25,60.95,59.25,1747584.0
412939,2022-06-02,67.6,66.8,68.25,66.6,1797820.0
412939,2022-08-04,72.0,72.25,73.0,71.2,1108527.0
412939,2022-08-26,75.6,75.1,76.5,75.0,1351186.0
412939,2022-09-23,83.55,87.85,87.95,83.05,2223090.0
412939,2022-10-07,86.8,83.0,87.75,82.45,2262839.0
412939,2022-10-17,84.95,83.5,85.9,82.1,1905834.0
412939,2022-10-28,95.25,95.65,96.6,94.1,3221199.0
412939,2022-11-02,112.65,107.0,112.65,105.05,20136658.0
412939,2022-11-07,137.05,140.0,144.25,134.0,18336583.0
412939,2022-11-30,144.25,144.65,145.4,142.95,2021945.0
412939,2022-12-05,156.8,152.1,164.45,151.1,14894319.0
412939,2022-12-08,156.9,157.25,159.4,154.45,2846179.0
412939,2022-12-30,152.15,156.0,158.4,151.15,1855927.0
412939,2023-01-13,149.85,149.45,150.85,148.4,628597.0
412939,2023-02-03,152.05,146.25,152.05,144.0,6315837.0
412939,2023-02-13,140.5,145.1,146.45,138.5,1014580.0
412939,2023-03-01,148.05,145.0,149.15,143.4,1454152.0
412939,2023-03-27,129.6,133.0,133.35,128.6,1003362.0
412939,2023-04-10,129.2,129.9,130.45,128.75,597257.0
412939,2023-05-22,137.85,136.0,138.65,135.4,1488477.0
412939,2023-05-23,137.55,138.85,138.95,136.7,728561.0
412939,2023-06-16,154.4,152.2,155.2,152.2,2670763.0
412939,2023-07-06,197.6,200.5,201.7,196.0,3926924.0
412939,2022-01-25,63.25,62.9,64.6,61.6,1271734.0
412939,2022-02-10,66.9,67.0,67.4,66.5,652577.0
412939,2022-05-26,59.75,59.9,60.1,57.7,597526.0
412939,2022-07-05,66.8,67.0,67.3,66.3,534569.0
412939,2022-09-09,75.85,75.75,77.2,75.6,1514383.0
412939,2022-09-20,89.0,90.5,91.35,88.5,3739547.0
412939,2022-11-03,120.45,116.1,123.0,114.15,45452515.0
412939,2022-11-21,139.7,138.5,142.2,137.5,6946134.0
412939,2022-12-22,142.45,154.55,156.95,140.6,5411241.0
412939,2022-12-27,147.55,145.0,152.4,145.0,3855138.0
412939,2023-05-11,131.8,132.0,133.2,131.45,684039.0
412939,2023-06-05,152.0,154.35,154.8,151.5,1438642.0
412939,2023-06-15,151.55,150.0,153.9,149.65,4020977.0
412939,2023-06-19,157.1,155.65,159.9,154.9,3015408.0
412939,2023-06-28,171.9,158.75,173.75,157.6,16940202.0
412939,2023-07-17,200.05,201.6,202.4,198.35,1959729.0
