stockid,date,close,open,high,low,volume
980842,2021-01-28,74.05,73.3,75.5,72.8,1652369.0
980842,2021-02-04,72.25,71.65,73.65,71.65,2268906.0
980842,2021-04-13,96.55,93.1,98.2,92.5,9864548.0
980842,2021-07-07,167.1,165.0,168.5,163.0,2516440.0
980842,2021-07-08,167.1,167.9,174.4,166.3,5538562.0
980842,2021-01-18,72.3,75.75,75.8,71.4,3489073.0
980842,2021-02-16,75.0,76.4,76.75,74.05,2764907.0
980842,2021-03-22,86.25,85.5,87.4,85.05,5497499.0
980842,2021-03-31,87.85,87.9,90.2,87.0,4573064.0
980842,2021-04-27,106.15,106.9,107.6,105.0,6432992.0
980842,2021-05-07,116.8,117.55,118.45,115.25,4541538.0
980842,2021-05-24,116.9,118.0,119.5,115.0,3916913.0
980842,2021-06-18,157.95,161.2,162.4,145.3,8466559.0
980842,2021-06-22,162.1,159.9,163.9,158.1,2636529.0
980842,2021-06-23,161.4,162.85,164.5,158.4,3034070.0
980842,2021-06-25,153.85,159.0,159.95,152.2,2071515.0
980842,2021-01-07,67.55,68.3,68.3,67.3,850988.0
980842,2021-01-25,72.7,74.75,75.15,71.3,2795114.0
980842,2021-02-15,75.85,75.45,77.8,74.5,3056676.0
980842,2021-04-22,99.65,101.4,102.7,99.0,8745101.0
980842,2021-06-04,135.1,137.8,137.8,133.5,5751647.0
980842,2021-06-14,155.7,156.95,157.3,150.25,6187139.0
980842,2021-01-01,66.8,67.8,68.5,66.0,1642085.0
980842,2021-02-11,77.6,73.05,77.9,72.8,8928195.0
980842,2021-03-02,86.2,76.0,88.5,76.0,37918014.0
980842,2021-03-15,85.9,85.5,86.65,82.45,5374431.0
980842,2021-03-19,84.8,82.5,85.65,80.2,3882688.0
980842,2021-03-26,87.5,84.2,88.15,83.7,10931102.0
980842,2021-04-06,85.65,87.2,88.45,85.25,4786275.0
980842,2021-04-12,92.9,97.85,98.8,86.7,23168073.0
980842,2021-04-15,95.85,95.8,96.9,91.8,5329479.0
980842,2021-04-29,109.0,107.9,111.5,106.45,9779976.0
980842,2021-06-03,136.15,131.6,147.8,131.6,14919528.0
980842,2021-06-09,145.35,144.5,156.7,142.0,18183827.0
980842,2021-07-02,168.3,176.35,176.35,167.55,4392760.0
980842,2021-01-20,77.35,74.55,79.1,73.65,12790058.0
980842,2021-01-22,74.05,74.45,76.8,73.5,3083816.0
980842,2021-02-22,71.8,73.95,74.0,71.05,1381550.0
980842,2021-03-10,86.85,84.75,89.0,84.5,11468549.0
980842,2021-03-16,85.85,85.95,88.85,84.15,8836563.0
980842,2021-03-24,83.3,85.1,86.45,81.8,2405782.0
980842,2021-04-23,102.5,99.9,103.95,99.15,6366157.0
980842,2021-05-06,116.5,120.0,120.5,115.0,8918722.0
980842,2021-05-18,115.75,113.8,117.0,113.4,3843428.0
980842,2021-05-19,117.8,116.55,119.45,115.9,4025817.0
980842,2021-06-02,130.85,126.75,132.4,125.3,24131604.0
980842,2021-06-07,140.15,136.4,143.0,136.4,8021062.0
980842,2021-06-17,161.05,163.25,166.0,157.8,6163325.0
980842,2021-06-30,167.75,164.5,171.65,161.4,7000630.0
980842,2021-02-05,70.8,72.65,72.65,70.0,2930517.0
980842,2021-02-24,72.85,73.5,75.4,72.25,1299058.0
980842,2021-01-04,67.9,67.25,68.8,67.15,1589390.0
980842,2021-04-07,89.4,86.2,90.0,85.55,7078339.0
980842,2021-04-20,100.8,102.0,104.7,99.1,10999733.0
980842,2021-01-13,73.2,75.7,76.0,70.2,9357500.0
980842,2021-01-15,75.05,71.55,75.75,71.0,8958267.0
980842,2021-06-08,143.6,140.9,146.9,139.05,8122292.0
980842,2021-01-21,74.35,77.5,78.3,73.45,2909912.0
980842,2021-07-09,167.8,167.1,170.65,164.5,5156068.0
980842,2021-01-29,72.25,74.65,76.2,71.0,4652567.0
980842,2021-02-01,71.0,71.5,71.9,69.25,2340937.0
980842,2021-03-17,83.65,85.25,86.7,81.5,4030484.0
980842,2021-05-04,110.2,114.95,116.0,106.5,11596859.0
980842,2021-06-21,158.7,154.0,161.4,151.5,3010957.0
980842,2021-07-15,188.9,174.0,190.0,172.5,8459093.0
980842,2021-01-08,67.05,68.2,68.2,66.85,1678181.0
980842,2021-03-08,87.15,81.85,91.0,81.5,30613602.0
980842,2021-03-23,86.3,86.75,87.7,85.1,3274029.0
980842,2021-03-25,83.65,84.5,84.65,81.1,2751111.0
980842,2021-03-30,87.3,89.0,90.4,86.6,6597444.0
980842,2021-04-19,100.25,95.2,101.6,94.15,9070828.0
980842,2021-05-11,120.75,117.8,125.5,117.25,7382591.0
980842,2021-05-12,117.6,121.7,121.8,115.6,5540148.0
980842,2021-05-17,113.45,115.0,115.8,111.4,4385175.0
980842,2021-05-21,117.1,118.2,118.5,115.7,3135122.0
980842,2021-07-27,252.6,242.0,255.95,235.0,7374498.0
980842,2021-01-19,74.65,72.75,74.95,72.6,3308483.0
980842,2021-01-27,74.2,72.5,74.95,71.6,2002537.0
980842,2021-02-03,71.7,72.3,72.6,71.3,1719315.0
980842,2021-07-26,241.05,240.95,255.0,232.45,9028915.0
980842,2021-02-12,74.65,77.1,77.5,74.0,2679065.0
980842,2021-02-26,71.9,72.8,73.85,71.15,2199673.0
980842,2021-03-01,74.3,72.5,75.4,71.9,2948364.0
980842,2021-03-03,84.15,89.9,92.4,82.25,25169387.0
980842,2021-03-09,83.7,88.0,89.4,82.4,11716480.0
980842,2021-03-12,85.6,86.2,87.8,84.6,6173267.0
980842,2021-05-14,114.15,118.4,118.7,110.1,5914784.0
980842,2021-05-31,117.75,117.0,119.65,116.05,6116040.0
980842,2021-06-01,126.0,118.0,127.7,117.5,31706605.0
980842,2021-06-28,153.6,154.1,157.25,152.0,3402837.0
980842,2021-07-13,168.1,172.0,172.65,167.3,2303881.0
980842,2021-07-22,217.25,203.1,221.05,202.2,7537436.0
980842,2021-07-23,240.75,219.25,246.4,217.25,16299716.0
980842,2021-01-05,67.45,67.8,68.05,67.0,911999.0
980842,2021-02-19,73.95,74.85,75.75,72.0,3861934.0
980842,2021-02-23,73.4,72.35,75.25,71.25,3909384.0
980842,2021-03-05,81.2,85.0,86.5,80.45,6758193.0
980842,2021-04-26,105.9,104.1,107.15,103.6,9821565.0
980842,2021-04-30,109.6,108.3,111.4,107.5,9324766.0
980842,2021-01-06,67.3,68.0,68.5,66.8,2832539.0
980842,2021-01-14,71.9,73.05,73.8,71.25,2354829.0
980842,2021-02-02,71.95,71.45,72.95,69.8,2020022.0
980842,2021-02-09,70.55,71.5,73.4,70.0,2823816.0
980842,2021-03-18,84.15,85.0,86.45,83.0,4897087.0
980842,2021-04-01,90.7,88.6,92.8,87.85,12835744.0
980842,2021-04-09,100.45,89.0,102.4,88.0,47767621.0
980842,2021-05-10,119.15,117.7,119.9,115.65,4861751.0
980842,2021-05-27,115.7,115.5,118.4,114.95,4853113.0
980842,2021-05-28,116.15,116.6,118.5,115.25,3652280.0
980842,2021-06-11,153.55,151.4,156.4,151.25,6690636.0
980842,2021-07-01,174.35,168.4,177.0,163.35,5930910.0
980842,2021-02-08,71.65,70.85,72.75,70.55,2297894.0
980842,2021-04-05,86.55,90.0,90.4,85.0,5031925.0
980842,2021-04-16,99.85,96.2,103.7,94.7,19201032.0
980842,2021-06-10,150.55,146.45,152.0,144.0,5691527.0
980842,2021-06-15,153.55,156.5,157.75,152.2,2612528.0
980842,2021-07-19,196.5,191.5,202.0,189.25,7088387.0
980842,2021-07-28,253.45,254.4,258.3,241.3,6488538.0
980842,2021-01-11,66.9,67.6,67.75,66.0,1838451.0
980842,2021-02-17,74.65,75.0,75.6,74.05,1806761.0
980842,2021-02-18,75.4,74.9,77.0,72.1,5751654.0
980842,2021-04-28,107.1,107.45,109.5,106.1,5949477.0
980842,2021-06-29,162.65,153.0,165.0,148.25,6190571.0
980842,2021-07-12,170.95,168.0,172.5,167.35,4441099.0
980842,2021-07-14,173.25,168.2,175.0,167.1,4698964.0
980842,2021-07-16,194.05,190.0,195.3,185.35,5148455.0
980842,2021-08-02,243.5,252.0,254.95,240.6,5406689.0
980842,2021-01-12,74.85,66.9,76.0,66.45,20949427.0
980842,2021-03-04,84.4,82.0,87.7,81.8,11193512.0
980842,2021-05-20,117.4,116.5,118.3,115.25,2709559.0
980842,2021-05-25,118.1,117.2,119.4,117.0,2754612.0
980842,2021-05-26,115.1,118.0,118.1,114.2,2214904.0
980842,2021-06-16,164.95,153.9,168.3,153.05,8972509.0
980842,2021-07-05,169.15,169.65,171.35,165.7,2054339.0
980842,2021-02-10,72.65,70.8,74.0,70.45,3108574.0
980842,2021-02-25,73.2,73.4,74.75,72.75,2635963.0
980842,2021-04-08,88.65,90.0,90.25,87.5,5101227.0
980842,2021-05-03,110.55,109.6,113.3,109.0,6015317.0
980842,2021-05-05,119.4,111.3,120.95,109.2,30820206.0
980842,2021-06-24,158.15,161.8,162.35,157.1,1650940.0
980842,2021-07-06,165.1,169.8,169.9,162.6,3408453.0
980842,2021-07-20,201.55,197.0,204.4,190.55,5568173.0
980842,2021-09-07,254.6,253.05,257.9,252.5,1892356.0
980842,2021-08-16,247.3,242.5,249.2,232.0,1220894.0
980842,2021-08-04,247.05,245.15,249.85,241.0,2006269.0
980842,2021-08-17,250.15,245.3,252.5,239.5,2171624.0
980842,2021-08-05,246.15,249.0,249.0,244.1,1660741.0
980842,2021-08-23,225.1,235.9,237.65,225.1,1292584.0
980842,2021-09-21,338.0,334.8,339.75,321.0,1147063.0
980842,2021-09-23,350.9,345.7,354.4,336.1,1117244.0
980842,2021-10-11,389.05,381.75,393.0,375.1,647563.0
980842,2021-11-09,318.15,309.0,331.0,309.0,2171870.0
980842,2021-11-26,301.9,314.5,316.5,301.15,1503290.0
980842,2022-01-05,295.9,304.2,305.0,288.05,1499420.0
980842,2022-01-07,307.45,305.1,309.5,302.25,626300.0
980842,2021-09-09,279.2,268.0,279.2,267.0,1388345.0
980842,2021-09-28,366.8,345.0,367.55,344.5,1604094.0
980842,2021-10-05,388.75,388.7,389.95,372.0,2181900.0
980842,2021-10-06,380.65,390.0,391.65,378.0,452407.0
980842,2021-10-08,381.75,386.95,389.0,375.0,441139.0
980842,2021-11-17,310.8,322.4,325.0,307.0,2003258.0
980842,2021-12-03,323.1,323.45,325.0,315.0,1129119.0
980842,2021-12-30,299.35,308.9,309.0,298.0,392720.0
980842,2022-01-13,308.55,311.0,313.9,302.05,174325.0
980842,2021-08-10,234.85,249.0,249.0,234.75,2334047.0
980842,2021-08-25,226.65,216.0,226.65,216.0,3626227.0
980842,2021-09-08,265.95,256.95,267.3,253.5,1661159.0
980842,2021-09-17,323.45,314.0,326.9,312.0,5732937.0
980842,2021-11-03,331.1,340.0,342.8,326.0,1802507.0
980842,2021-12-07,307.0,308.0,318.7,305.0,1535829.0
980842,2021-12-14,295.5,292.55,299.0,285.25,445411.0
980842,2021-12-15,291.1,296.9,296.9,290.0,439721.0
980842,2022-01-12,310.95,308.0,313.0,305.75,326461.0
980842,2022-01-18,303.7,318.0,318.0,302.8,214946.0
980842,2021-08-09,247.1,253.0,253.0,245.7,2293938.0
980842,2021-08-20,236.9,239.9,243.0,234.1,2030309.0
980842,2021-08-11,228.35,230.25,233.0,223.15,2333799.0
980842,2021-09-01,255.3,268.3,268.5,253.1,965291.0
980842,2021-09-14,307.8,307.75,307.8,299.05,2077692.0
980842,2021-11-08,317.3,332.5,332.5,316.2,1728428.0
980842,2021-11-01,342.25,335.15,353.3,335.0,1513367.0
980842,2021-12-22,296.65,294.0,297.45,291.0,500727.0
980842,2021-11-23,307.85,290.0,309.0,290.0,768808.0
980842,2021-12-29,306.05,311.95,312.75,303.7,736922.0
980842,2021-11-30,287.3,286.05,304.75,281.0,5970436.0
980842,2022-01-03,299.0,305.0,305.7,297.75,1017541.0
980842,2021-12-08,307.95,309.0,312.9,306.0,1151938.0
980842,2022-01-24,301.2,308.85,311.0,296.0,1996809.0
980842,2021-12-10,299.35,300.0,304.85,295.0,454901.0
980842,2022-01-27,298.85,304.95,312.0,297.1,2092241.0
980842,2021-12-13,300.25,304.4,304.55,298.4,254986.0
980842,2022-02-03,301.6,304.8,305.0,298.0,187621.0
980842,2022-01-11,314.05,321.0,321.45,310.0,371665.0
980842,2022-01-19,313.8,303.7,318.85,292.55,661936.0
980842,2022-01-25,304.45,295.0,313.7,292.2,1783682.0
980842,2021-08-24,215.9,213.85,221.4,213.85,1223577.0
980842,2021-09-16,311.35,319.0,319.0,305.0,1763401.0
980842,2021-10-19,379.2,394.85,396.0,372.3,1171995.0
980842,2021-11-22,294.3,280.55,302.0,280.55,2051183.0
980842,2021-12-17,286.8,295.0,305.0,283.0,833669.0
980842,2021-12-23,297.15,298.0,299.95,289.0,775563.0
980842,2022-01-10,317.4,307.45,318.0,306.5,413701.0
980842,2022-02-01,307.75,306.45,309.55,300.0,198942.0
980842,2021-08-12,239.45,231.0,239.75,230.0,2455798.0
980842,2021-08-06,248.85,248.35,251.55,244.8,3586936.0
980842,2021-08-27,249.2,242.7,249.8,236.0,2115525.0
980842,2021-11-15,322.3,322.6,324.95,312.75,1725300.0
980842,2021-11-16,322.4,328.4,332.8,319.0,1607852.0
980842,2022-01-06,299.75,292.05,303.0,289.6,359015.0
980842,2022-02-02,303.35,309.0,309.7,297.0,381882.0
980842,2021-09-13,293.15,293.0,293.15,285.0,848746.0
980842,2021-08-18,245.25,246.0,250.0,241.15,970640.0
980842,2021-09-20,330.8,318.4,339.6,315.95,1603798.0
980842,2021-09-03,255.0,256.0,257.0,250.1,504476.0
980842,2021-09-22,339.7,342.0,345.75,333.0,768694.0
980842,2021-09-24,350.05,350.9,352.9,340.0,644782.0
980842,2021-10-13,398.8,385.0,398.8,380.1,1996970.0
980842,2021-10-21,370.95,380.0,384.8,365.0,3415208.0
980842,2021-12-06,310.7,325.0,325.0,308.0,851202.0
980842,2021-12-16,294.65,290.0,300.0,280.1,446304.0
980842,2021-12-21,292.65,286.5,294.6,279.05,962432.0
980842,2021-12-24,302.35,295.0,304.95,288.6,1072241.0
980842,2021-10-26,369.75,374.95,379.0,360.0,1329276.0
980842,2021-11-11,333.55,321.0,335.55,319.0,1031634.0
980842,2021-12-02,316.65,307.0,316.7,305.0,1005437.0
980842,2022-01-14,307.6,310.0,313.0,305.75,277965.0
980842,2022-01-20,317.35,313.8,319.3,304.7,603825.0
980842,2021-11-18,295.3,310.0,314.9,295.3,1172709.0
980842,2021-11-25,317.0,307.0,323.15,299.9,1549457.0
980842,2021-12-27,311.35,301.0,312.9,296.05,728399.0
980842,2022-01-21,308.85,319.95,319.95,304.3,1221969.0
980842,2021-09-06,256.7,256.0,259.9,251.0,1647413.0
980842,2021-10-07,379.15,375.1,385.0,372.85,641771.0
980842,2021-10-14,394.0,398.85,408.0,390.5,1142176.0
980842,2021-11-02,336.7,342.25,348.0,326.75,1433687.0
980842,2021-11-24,307.8,315.0,319.9,302.6,1725189.0
980842,2021-11-29,290.25,293.0,295.0,286.85,1539194.0
980842,2021-12-09,295.5,311.5,312.0,294.4,523096.0
980842,2022-02-04,297.75,298.2,303.55,295.25,263628.0
980842,2021-08-03,245.15,244.0,251.3,240.0,2501313.0
980842,2021-10-18,391.85,401.9,401.9,385.0,1297679.0
980842,2021-12-31,300.5,308.0,308.0,298.0,651780.0
980842,2021-10-01,385.2,392.0,398.45,378.1,1184548.0
980842,2021-10-12,379.85,389.0,394.7,376.0,773623.0
980842,2021-10-20,376.2,375.0,391.9,363.0,1776301.0
980842,2021-12-01,301.65,297.95,301.65,290.0,1299847.0
980842,2022-01-04,303.2,298.0,304.8,295.1,982954.0
980842,2021-08-13,239.75,244.5,249.3,238.0,1692158.0
980842,2021-08-26,237.95,228.95,237.95,226.0,1641090.0
980842,2021-10-28,348.25,368.95,369.7,348.25,1940942.0
980842,2021-11-10,319.6,324.0,326.9,315.0,1149014.0
980842,2021-12-20,283.55,282.95,286.75,272.5,459926.0
980842,2021-12-28,309.75,311.7,313.0,305.25,198685.0
980842,2022-01-28,295.55,305.85,308.0,292.0,255758.0
980842,2021-08-31,264.65,253.0,264.8,248.4,2262055.0
980842,2021-09-27,350.05,345.2,351.5,339.55,1013657.0
980842,2021-09-30,389.9,390.8,395.5,385.0,1297879.0
980842,2021-10-29,348.65,345.0,356.0,337.5,2800654.0
980842,2022-01-17,312.55,308.0,315.0,308.0,258297.0
980842,2022-01-31,306.45,305.0,309.5,291.0,451596.0
980842,2021-08-30,252.2,251.0,256.25,242.0,2070915.0
980842,2021-09-02,254.15,258.4,262.5,252.0,401094.0
980842,2021-09-15,309.95,319.3,319.3,295.1,2152545.0
980842,2021-09-29,385.05,379.0,385.1,360.0,1545461.0
980842,2021-10-04,379.15,389.0,393.4,373.8,987497.0
980842,2021-10-22,380.85,375.1,384.0,373.0,1521334.0
980842,2021-10-25,373.85,387.0,388.0,367.1,1273131.0
980842,2021-10-27,366.55,369.0,378.0,364.0,2074768.0
980842,2021-11-04,332.5,336.0,339.7,328.8,193200.0
980842,2021-11-12,322.6,334.0,334.0,319.75,1189748.0
980842,2022-02-14,324.35,338.0,338.0,324.25,452321.0
980842,2022-02-16,331.2,325.0,334.0,320.1,631795.0
980842,2022-02-21,339.35,338.2,342.0,333.0,941762.0
980842,2022-02-23,337.1,327.0,340.5,327.0,746117.0
980842,2022-03-09,313.1,307.85,313.1,301.0,583005.0
980842,2022-03-16,307.55,311.0,314.65,303.5,164017.0
980842,2022-05-05,306.9,314.7,318.3,301.0,812041.0
980842,2022-06-09,243.5,245.55,250.5,242.0,695546.0
980842,2022-06-14,226.7,230.0,236.75,222.25,895076.0
980842,2022-06-15,225.5,229.8,229.8,224.0,522907.0
980842,2022-07-01,204.25,204.3,207.75,199.0,662114.0
980842,2022-07-13,228.35,234.0,235.8,225.0,861346.0
980842,2022-09-19,344.3,328.7,348.7,319.35,1790520.0
980842,2022-09-28,292.05,295.0,300.7,290.1,837890.0
980842,2022-10-17,324.35,318.6,328.5,311.75,1316773.0
980842,2022-10-21,312.35,318.0,319.75,310.2,576479.0
980842,2022-03-10,315.3,318.4,323.9,312.4,559976.0
980842,2022-02-24,320.25,327.5,327.5,320.25,589472.0
980842,2022-02-08,308.25,304.9,309.9,301.0,419619.0
980842,2022-05-10,279.25,280.5,301.5,273.0,607153.0
980842,2022-05-13,247.15,257.0,265.0,244.0,633676.0
980842,2022-06-02,264.0,266.4,273.2,262.6,588416.0
980842,2022-07-20,241.65,238.0,248.8,234.1,1474605.0
980842,2022-07-25,229.65,236.4,237.8,229.0,1356884.0
980842,2022-07-27,227.75,222.8,229.7,222.1,1008902.0
980842,2022-08-02,261.6,247.0,263.9,242.65,4640147.0
980842,2022-09-12,348.7,351.25,354.9,348.0,785552.0
980842,2022-09-14,344.8,341.8,356.2,337.0,1812598.0
980842,2022-09-15,340.45,348.4,348.4,337.3,1087535.0
980842,2022-09-22,331.65,335.5,340.25,329.05,905620.0
980842,2022-09-27,299.25,297.75,308.6,296.55,1112025.0
980842,2022-10-27,314.6,312.3,318.65,311.1,611804.0
980842,2022-11-15,318.35,318.45,320.45,314.15,432501.0
980842,2022-11-22,297.85,304.6,307.3,297.0,572372.0
980842,2022-03-22,301.15,304.7,306.0,300.0,166238.0
980842,2022-03-23,298.15,301.15,305.0,297.0,148098.0
980842,2022-04-07,327.9,342.0,346.0,321.9,514525.0
980842,2022-05-11,258.5,280.1,289.0,251.35,1065839.0
980842,2022-05-25,273.5,295.9,299.0,270.05,952281.0
980842,2022-05-30,284.45,285.8,290.95,282.0,375857.0
980842,2022-06-13,230.75,246.5,247.2,227.7,966170.0
980842,2022-08-11,317.65,322.0,323.35,311.0,2611720.0
980842,2022-08-29,318.05,309.0,325.0,307.55,805956.0
980842,2022-09-21,337.3,340.0,347.45,333.25,1234141.0
980842,2022-10-18,322.05,326.8,328.2,320.25,1121641.0
980842,2022-10-31,337.65,325.5,339.8,325.5,6728426.0
980842,2022-11-07,332.4,326.55,343.5,326.0,2276682.0
980842,2022-11-21,304.0,304.2,307.5,301.7,335832.0
980842,2022-05-19,267.0,273.5,276.6,265.0,506850.0
980842,2022-06-03,260.55,268.4,271.7,258.0,645889.0
980842,2022-06-17,210.15,212.0,219.45,204.85,1159197.0
980842,2022-06-21,211.35,199.8,213.7,192.0,1263216.0
980842,2022-07-11,227.2,211.6,232.0,210.85,1344314.0
980842,2022-07-14,231.95,231.9,234.7,228.2,1196521.0
980842,2022-08-12,320.05,313.0,321.5,312.1,1347487.0
980842,2022-09-16,329.35,342.55,345.7,322.0,1479202.0
980842,2022-09-20,339.05,346.0,353.8,336.0,1953803.0
980842,2022-09-30,300.35,296.3,305.0,292.0,1254492.0
980842,2022-11-18,304.9,311.3,312.5,302.9,472233.0
980842,2022-03-02,339.15,340.5,353.0,335.0,1172222.0
980842,2022-02-10,325.05,307.0,325.05,302.1,1362602.0
980842,2022-03-17,298.7,314.8,317.0,293.15,514296.0
980842,2022-02-17,337.85,325.1,340.0,325.1,1018659.0
980842,2022-04-12,341.85,353.0,354.0,341.85,458894.0
980842,2022-02-18,340.1,338.0,343.7,327.0,784236.0
980842,2022-03-15,309.1,317.9,317.9,306.2,144890.0
980842,2022-05-16,252.95,258.0,258.45,242.6,420698.0
980842,2022-04-21,340.1,334.0,348.0,334.0,439219.0
980842,2022-06-28,219.45,217.75,225.0,211.8,892784.0
980842,2022-05-17,273.2,258.4,278.0,250.05,810027.0
980842,2022-08-01,246.15,239.95,247.0,236.0,1808852.0
980842,2022-05-23,310.4,295.15,325.0,286.1,2777695.0
980842,2022-09-07,352.8,359.55,366.8,350.7,1618180.0
980842,2022-07-21,235.55,241.65,243.95,232.65,776973.0
980842,2022-09-23,319.1,328.5,333.25,316.2,846315.0
980842,2022-08-25,321.6,325.65,327.7,318.45,776592.0
980842,2022-10-10,345.25,340.6,346.95,333.85,3215967.0
980842,2022-10-06,330.65,300.0,334.2,298.15,10887764.0
980842,2022-10-20,317.25,316.25,319.7,311.4,678774.0
980842,2022-10-14,320.5,325.7,329.1,318.5,863436.0
980842,2022-10-25,310.4,318.0,319.25,308.45,454295.0
980842,2022-02-09,309.6,308.7,311.35,305.0,745184.0
980842,2022-04-01,309.2,302.0,315.0,295.2,280516.0
980842,2022-02-11,341.3,328.0,341.3,327.05,1096398.0
980842,2022-06-22,205.8,211.25,213.4,203.6,957767.0
980842,2022-07-12,232.85,228.3,238.7,227.2,2108724.0
980842,2022-07-18,234.05,232.5,236.75,228.4,854760.0
980842,2022-08-17,332.2,334.5,342.0,330.6,1841567.0
980842,2022-08-19,316.2,326.5,328.55,314.0,999036.0
980842,2022-08-22,304.6,312.0,315.5,303.0,920434.0
980842,2022-09-08,351.6,355.05,359.9,348.0,1130766.0
980842,2022-02-28,340.2,330.0,342.0,321.0,493811.0
980842,2022-03-07,312.7,318.05,322.25,312.6,865738.0
980842,2022-03-30,299.5,299.4,303.3,294.0,397706.0
980842,2022-04-13,325.9,340.0,340.05,325.0,452612.0
980842,2022-03-04,329.05,337.5,341.75,325.1,849481.0
980842,2022-05-09,285.9,299.0,301.0,281.0,709410.0
980842,2022-03-28,302.5,290.0,305.75,289.0,622487.0
980842,2022-05-24,294.1,316.0,322.0,291.55,1197003.0
980842,2022-06-16,212.4,229.95,234.0,210.55,877792.0
980842,2022-05-04,309.1,320.0,320.15,302.05,1997888.0
980842,2022-07-26,222.8,229.8,231.5,220.55,878716.0
980842,2022-08-03,264.5,260.0,266.7,254.5,2350467.0
980842,2022-05-18,278.6,276.4,295.95,275.95,1365433.0
980842,2022-08-10,321.2,316.1,323.7,303.2,7423497.0
980842,2022-09-01,353.25,342.0,358.5,342.0,4276033.0
980842,2022-06-06,255.7,265.0,265.0,254.0,580231.0
980842,2022-09-26,296.15,310.3,316.0,293.25,2040218.0
980842,2022-10-03,291.9,300.0,304.9,289.1,835125.0
980842,2022-06-20,195.5,210.15,210.15,182.05,2723526.0
980842,2022-06-27,218.3,210.0,220.95,210.0,1366723.0
980842,2022-10-07,345.0,330.0,347.75,328.0,5553133.0
980842,2022-06-30,207.95,216.85,218.95,205.1,729535.0
980842,2022-08-05,285.8,273.0,288.4,270.0,3533874.0
980842,2022-11-01,348.35,339.0,351.4,339.0,4103447.0
980842,2022-11-17,309.75,313.9,315.7,308.5,397779.0
980842,2022-11-02,337.75,349.9,350.0,334.95,1235532.0
980842,2022-02-07,304.1,296.0,305.0,296.0,362558.0
980842,2022-02-15,328.8,317.0,334.0,308.15,462027.0
980842,2022-04-08,342.75,332.45,343.85,330.0,879778.0
980842,2022-03-29,294.25,304.85,304.85,292.05,339864.0
980842,2022-04-22,343.7,345.5,354.0,342.0,340736.0
980842,2022-04-05,340.85,340.85,340.85,330.0,1338220.0
980842,2022-05-12,251.75,259.7,261.95,237.0,883676.0
980842,2022-05-26,278.2,274.0,284.9,256.8,1423316.0
980842,2022-06-10,247.75,242.85,259.75,239.55,2392238.0
980842,2022-05-31,276.65,283.0,284.0,274.0,530814.0
980842,2022-06-01,264.6,278.0,278.6,262.65,933175.0
980842,2022-07-22,237.55,249.9,249.9,235.0,4990234.0
980842,2022-07-19,237.0,234.75,241.0,234.25,909153.0
980842,2022-08-24,325.1,320.55,327.8,317.85,1465882.0
980842,2022-08-08,311.65,287.2,317.0,284.1,8528443.0
980842,2022-11-10,323.2,327.0,329.7,318.95,599388.0
980842,2022-08-26,319.45,322.35,326.9,317.05,615739.0
980842,2022-11-11,321.45,325.1,329.45,320.05,723342.0
980842,2022-08-30,341.05,319.65,346.0,319.65,7895354.0
980842,2022-09-05,355.9,351.5,369.0,344.0,3289495.0
980842,2022-09-13,344.05,350.6,351.25,342.1,932338.0
980842,2022-10-11,326.85,345.0,351.5,322.1,1964849.0
980842,2022-11-04,324.9,331.2,337.7,323.5,1085703.0
980842,2022-04-20,334.95,338.0,342.0,327.6,309882.0
980842,2022-06-24,208.6,206.8,211.4,202.0,812251.0
980842,2022-08-04,273.7,265.75,274.7,255.0,2866873.0
980842,2022-08-18,326.9,332.95,334.4,320.2,1328170.0
980842,2022-10-04,293.25,296.5,299.7,292.0,1112848.0
980842,2022-10-12,329.2,328.2,332.0,317.1,1143516.0
980842,2022-11-14,318.45,322.15,323.65,317.3,436733.0
980842,2022-02-22,327.65,330.5,335.0,323.0,1085820.0
980842,2022-03-03,337.35,344.4,346.0,330.5,989478.0
980842,2022-02-25,334.0,310.0,336.0,310.0,481528.0
980842,2022-03-31,302.2,301.9,303.0,294.95,483205.0
980842,2022-04-04,324.65,314.0,324.65,314.0,616423.0
980842,2022-06-08,248.05,255.0,255.5,247.0,410838.0
980842,2022-06-23,203.65,206.1,211.2,197.35,736463.0
980842,2022-06-29,216.2,214.0,221.0,211.45,478945.0
980842,2022-07-28,242.8,229.0,244.4,227.5,2838382.0
980842,2022-08-23,318.95,301.95,322.5,300.0,1916328.0
980842,2022-03-08,298.2,312.0,318.7,297.1,974992.0
980842,2022-03-14,315.55,312.0,317.3,307.0,152120.0
980842,2022-03-21,304.7,304.8,307.0,298.0,143218.0
980842,2022-03-24,301.95,297.75,303.7,295.75,164892.0
980842,2022-05-06,301.35,300.0,308.55,294.3,711469.0
980842,2022-07-05,202.25,206.6,210.0,201.1,558188.0
980842,2022-07-06,208.15,202.3,209.9,198.0,780800.0
980842,2022-07-07,215.2,210.95,216.65,210.95,690596.0
980842,2022-08-16,333.55,321.7,335.75,315.15,2080290.0
980842,2022-09-02,348.8,356.45,358.8,343.25,1707653.0
980842,2022-09-09,348.95,353.45,355.0,346.0,875563.0
980842,2022-09-29,299.05,299.0,302.0,286.35,1167601.0
980842,2022-10-13,320.2,326.8,328.05,318.0,1018422.0
980842,2022-11-03,330.9,332.6,336.8,329.5,826538.0
980842,2022-11-09,328.5,334.8,338.4,325.5,968954.0
980842,2022-04-06,338.8,339.0,347.8,335.0,1184031.0
980842,2022-03-11,313.5,315.45,318.0,308.2,467934.0
980842,2022-05-20,293.35,272.7,293.7,269.2,1806701.0
980842,2022-05-27,283.4,282.7,288.9,280.1,602063.0
980842,2022-06-07,252.9,254.0,258.0,251.1,438933.0
980842,2022-07-08,212.25,217.4,218.05,210.4,486087.0
980842,2022-07-15,228.75,232.2,233.15,225.3,553800.0
980842,2022-10-28,318.25,316.2,325.5,314.6,1209176.0
980842,2022-11-16,314.65,317.0,319.7,314.0,308672.0
980842,2022-03-25,296.5,300.5,303.95,295.0,398749.0
980842,2022-04-11,359.8,346.9,359.85,335.35,883467.0
980842,2022-04-18,342.15,325.0,342.15,315.0,649259.0
980842,2022-04-19,337.65,348.0,354.95,325.05,859110.0
980842,2022-04-29,317.65,330.4,334.5,315.0,452237.0
980842,2022-05-02,304.95,314.2,314.85,301.8,1030502.0
980842,2022-07-04,204.7,205.7,207.8,201.35,444168.0
980842,2022-07-29,238.75,243.3,248.25,236.5,1962690.0
980842,2022-09-06,359.15,358.75,364.8,351.1,1940314.0
980842,2022-10-19,318.55,323.0,324.0,315.15,1294101.0
980842,2022-10-24,316.6,315.45,317.8,313.0,142452.0
980842,2022-12-02,308.4,309.7,312.5,307.5,470707.0
980842,2022-12-19,279.9,287.0,287.5,278.35,790238.0
980842,2022-11-23,301.6,298.7,312.8,298.5,1522830.0
980842,2023-01-19,265.75,266.2,270.0,265.0,785321.0
980842,2023-01-02,293.55,288.95,297.9,288.0,1005459.0
980842,2022-11-28,311.9,307.8,318.35,306.3,1159293.0
980842,2023-02-15,227.65,222.45,229.4,222.0,776323.0
980842,2023-04-24,259.2,254.0,261.2,250.2,1193931.0
980842,2023-04-27,256.55,258.8,261.3,254.55,1004465.0
980842,2023-05-31,254.05,262.35,264.7,253.0,1309255.0
980842,2023-02-01,235.2,240.0,248.85,231.0,950636.0
980842,2023-02-06,224.9,221.75,228.8,221.15,438693.0
980842,2023-02-13,224.55,230.75,231.65,224.0,265229.0
980842,2023-03-08,278.1,265.0,282.0,261.25,5458331.0
980842,2023-05-15,256.05,259.0,260.7,255.6,526815.0
980842,2023-05-16,254.9,256.05,259.6,253.85,565802.0
980842,2023-06-08,264.1,268.0,273.9,262.3,2449975.0
980842,2023-07-24,286.4,289.4,292.5,285.0,2025699.0
980842,2023-08-07,291.85,294.75,296.5,291.0,2047378.0
980842,2023-08-08,290.85,292.9,294.7,289.1,1196616.0
980842,2023-08-17,352.55,368.5,368.7,351.0,7639230.0
980842,2022-12-07,304.3,311.6,311.6,303.0,707531.0
980842,2022-12-13,297.85,301.0,304.55,296.5,546603.0
980842,2022-12-20,278.75,280.0,280.4,271.95,788992.0
980842,2023-01-04,284.45,290.0,291.5,283.4,390570.0
980842,2023-01-05,281.0,284.9,285.8,278.3,321335.0
980842,2022-12-22,270.05,269.0,275.0,257.5,1304419.0
980842,2023-03-02,228.85,230.0,232.85,226.8,1152491.0
980842,2022-12-29,286.5,285.85,292.25,284.0,1640805.0
980842,2023-03-17,251.9,257.0,264.65,248.25,1426124.0
980842,2022-12-30,287.6,288.2,289.9,286.0,464511.0
980842,2023-05-18,246.75,249.4,250.85,245.05,560835.0
980842,2023-01-27,236.5,242.15,242.2,230.0,603138.0
980842,2023-05-24,249.7,240.0,255.75,240.0,2421319.0
980842,2023-01-31,238.35,229.8,239.75,229.5,575505.0
980842,2023-06-06,263.35,250.9,265.0,250.3,4108109.0
980842,2023-02-09,236.35,225.95,238.7,224.0,1309389.0
980842,2023-06-09,261.4,264.15,267.0,260.05,967627.0
980842,2023-03-13,258.85,268.35,273.65,255.15,1268834.0
980842,2023-06-13,261.05,258.0,265.1,257.65,1902429.0
980842,2023-04-06,252.0,252.0,255.5,250.5,701373.0
980842,2023-06-15,262.35,264.4,268.0,261.05,1623765.0
980842,2023-04-11,242.0,248.8,250.35,241.25,878776.0
980842,2023-07-05,301.75,295.95,309.9,293.25,7466830.0
980842,2023-08-09,314.25,290.85,317.4,290.05,15884418.0
980842,2023-07-26,292.5,295.7,296.8,289.6,2698488.0
980842,2022-12-08,301.3,305.6,308.2,300.05,688245.0
980842,2023-01-03,289.95,295.3,295.4,289.0,365518.0
980842,2023-01-17,265.8,268.95,270.15,265.0,454274.0
980842,2023-03-09,269.75,277.0,277.0,267.5,2088735.0
980842,2023-03-10,268.35,265.0,273.0,262.55,1994714.0
980842,2023-07-19,295.5,291.0,301.3,288.65,5238041.0
980842,2023-08-04,293.3,289.0,295.7,288.4,1643906.0
980842,2023-01-11,279.35,283.0,283.4,278.1,299816.0
980842,2023-01-23,246.85,255.0,255.0,245.85,1595040.0
980842,2023-01-25,241.8,248.0,248.95,240.05,415539.0
980842,2023-02-10,229.95,235.6,236.0,228.3,483581.0
980842,2023-03-06,269.45,243.8,274.0,242.7,9063044.0
980842,2023-03-14,250.55,260.15,265.5,247.8,1794884.0
980842,2023-03-23,247.95,249.5,252.35,246.5,670337.0
980842,2023-04-20,259.45,249.05,261.9,247.7,3103454.0
980842,2023-05-12,259.95,262.8,266.8,259.0,938972.0
980842,2023-05-25,258.7,249.5,262.3,248.05,2524854.0
980842,2023-07-10,304.55,308.55,319.95,298.35,5081651.0
980842,2023-07-13,298.9,313.0,314.15,293.4,3594702.0
980842,2023-07-31,288.7,293.0,293.6,287.45,1135620.0
980842,2022-12-23,253.3,265.95,267.8,248.0,1725307.0
980842,2023-02-03,220.65,226.2,228.2,216.7,671776.0
980842,2023-01-20,262.35,267.25,268.85,261.8,450520.0
980842,2023-02-02,225.5,235.0,238.8,224.5,705234.0
980842,2023-02-08,224.0,221.5,225.85,219.15,430606.0
980842,2023-02-17,226.0,223.9,228.5,222.0,643637.0
980842,2023-02-22,219.75,221.75,226.0,219.0,470435.0
980842,2023-03-20,246.0,251.9,255.75,244.0,1144417.0
980842,2023-03-22,251.1,252.05,256.25,248.8,1821148.0
980842,2023-04-05,253.0,252.55,256.75,249.0,2125823.0
980842,2023-04-17,248.35,244.5,251.0,243.25,811878.0
980842,2023-04-25,259.9,259.9,266.05,256.65,1795555.0
980842,2023-05-02,257.7,261.0,263.85,256.5,584951.0
980842,2023-05-29,252.7,257.8,258.3,251.0,669161.0
980842,2023-06-19,253.6,257.9,258.9,253.0,1156392.0
980842,2023-06-26,272.05,262.7,273.5,256.35,3413288.0
980842,2023-06-28,271.75,272.0,274.35,268.6,1769865.0
980842,2023-07-25,294.05,286.8,295.0,285.95,3578436.0
980842,2023-03-21,252.05,248.5,255.55,247.3,1456100.0
980842,2023-04-12,244.35,243.3,247.8,241.0,946572.0
980842,2023-04-13,245.45,244.45,247.4,243.0,495055.0
980842,2023-05-11,262.8,268.0,271.0,261.1,1063925.0
980842,2023-05-19,243.8,247.3,248.25,241.05,536788.0
980842,2023-06-05,249.6,252.1,254.65,249.0,939922.0
980842,2023-07-04,294.3,290.0,299.0,289.9,7431298.0
980842,2023-08-10,336.55,316.0,340.0,314.65,15505766.0
980842,2023-08-11,342.05,338.0,344.45,325.1,7475933.0
980842,2023-08-22,360.6,362.9,366.95,358.8,2409130.0
980842,2022-11-29,308.9,312.8,315.9,307.75,521024.0
980842,2022-11-30,308.15,310.4,310.75,306.35,413774.0
980842,2022-11-24,300.9,303.35,306.6,299.4,781772.0
980842,2022-12-12,299.55,295.0,301.8,292.0,617547.0
980842,2022-12-15,294.4,295.45,299.0,293.4,376430.0
980842,2023-01-18,264.85,267.1,269.8,263.0,513501.0
980842,2023-02-07,220.45,224.8,228.3,219.1,421057.0
980842,2023-02-21,223.55,222.5,231.0,220.0,1058169.0
980842,2023-02-24,211.75,214.4,218.6,210.1,586453.0
980842,2023-03-28,222.3,227.1,230.5,221.0,1641542.0
980842,2023-04-18,247.7,249.45,251.7,246.2,497794.0
980842,2023-05-04,258.85,260.55,265.0,256.65,871466.0
980842,2023-06-02,250.9,254.7,255.8,249.8,1257856.0
980842,2023-06-21,274.3,258.5,276.9,258.05,10555923.0
980842,2023-07-06,310.0,303.0,311.8,303.0,4899288.0
980842,2023-07-07,306.65,309.75,315.8,304.5,3372051.0
980842,2023-07-20,294.6,296.0,301.3,291.4,5447722.0
980842,2023-08-18,362.35,352.0,364.75,348.8,3816293.0
980842,2022-12-27,269.95,268.4,271.0,262.95,699682.0
980842,2023-01-06,278.8,281.0,282.4,276.4,240805.0
980842,2023-01-12,273.4,279.65,279.65,270.9,295618.0
980842,2023-02-28,234.65,209.8,236.8,208.15,7270738.0
980842,2023-03-01,233.7,230.5,242.05,228.2,3902719.0
980842,2023-03-27,227.1,237.85,238.75,225.05,1022382.0
980842,2023-04-10,248.65,253.0,255.6,247.2,593191.0
980842,2023-05-17,248.8,255.65,256.1,247.15,550416.0
980842,2023-06-30,272.75,272.45,279.4,271.1,3591725.0
980842,2023-07-03,289.0,275.0,291.8,275.0,9158207.0
980842,2023-07-18,289.7,293.3,296.4,283.25,4778733.0
980842,2023-07-28,292.1,289.2,294.85,288.0,2947702.0
980842,2023-08-23,361.9,361.2,362.8,359.0,301999.0
980842,2022-12-01,309.7,308.9,313.9,304.05,1369255.0
980842,2023-01-16,268.2,269.0,278.8,265.0,1018965.0
980842,2023-03-24,236.7,247.95,249.45,234.55,938094.0
980842,2023-06-01,253.45,255.05,258.95,252.55,1119477.0
980842,2023-06-07,268.0,264.7,274.0,264.35,4613115.0
980842,2023-07-11,309.55,304.75,311.0,301.5,2109143.0
980842,2023-07-27,289.4,293.5,294.95,287.1,2487865.0
980842,2023-08-16,368.0,359.0,369.9,352.1,12692854.0
980842,2022-12-05,309.8,309.9,314.5,306.0,665114.0
980842,2022-11-25,307.6,301.45,309.55,298.55,1183231.0
980842,2022-12-16,286.1,293.5,295.25,285.0,607175.0
980842,2023-01-24,247.3,248.55,251.85,246.55,700290.0
980842,2023-01-30,229.55,237.25,241.15,226.9,616187.0
980842,2023-02-14,222.5,226.4,227.2,221.0,315373.0
980842,2023-02-23,214.35,220.0,221.5,212.5,865514.0
980842,2023-03-15,256.2,252.8,261.35,251.0,1748338.0
980842,2023-03-16,254.65,256.0,257.45,247.2,1438489.0
980842,2023-04-21,253.65,260.0,260.0,250.55,1115255.0
980842,2023-05-09,260.5,264.25,266.2,258.2,704715.0
980842,2023-05-22,245.15,243.75,248.65,242.1,580992.0
980842,2023-05-23,248.15,246.2,254.2,245.85,1027848.0
980842,2023-06-14,265.8,262.3,269.0,262.05,1954154.0
980842,2023-06-20,257.05,254.4,257.95,251.55,1606006.0
980842,2023-07-17,293.3,295.0,298.85,291.5,5326680.0
980842,2022-12-06,310.4,312.0,319.8,308.55,1150204.0
980842,2022-12-09,295.85,302.85,306.1,294.05,732360.0
980842,2023-02-20,222.2,225.0,226.9,221.75,519662.0
980842,2023-03-03,242.65,230.0,249.65,229.1,5060986.0
980842,2023-04-19,248.05,247.75,252.35,246.0,765711.0
980842,2023-06-16,256.6,262.5,263.5,255.15,1664604.0
980842,2023-06-27,270.85,272.8,275.7,269.1,2005672.0
980842,2023-07-14,304.6,299.8,307.7,299.8,2450451.0
980842,2023-08-03,287.1,288.55,294.2,286.0,1658733.0
980842,2023-01-13,267.9,273.75,276.0,265.95,579064.0
980842,2023-02-16,224.0,229.85,232.45,223.3,550661.0
980842,2023-03-31,240.85,244.0,250.4,238.1,2474772.0
980842,2023-04-28,260.7,258.45,262.25,257.1,779466.0
980842,2023-05-30,261.15,253.85,269.3,251.55,5852335.0
980842,2023-08-01,295.85,288.9,298.7,288.7,3478387.0
980842,2022-12-21,268.05,279.75,283.7,265.0,617155.0
980842,2022-12-26,263.7,253.3,268.3,245.9,735578.0
980842,2022-12-28,283.9,271.75,293.4,269.9,1907671.0
980842,2023-01-09,284.5,281.1,286.75,278.6,437619.0
980842,2023-02-27,208.25,211.65,211.65,204.65,600032.0
980842,2023-03-29,236.65,223.0,240.0,223.0,2732107.0
980842,2023-04-26,258.3,260.75,262.75,257.0,489752.0
980842,2023-05-10,264.85,260.5,268.6,260.5,894094.0
980842,2023-06-12,257.2,261.95,262.3,256.2,1103057.0
980842,2023-06-22,272.1,277.0,285.0,270.3,9547731.0
980842,2023-07-21,288.1,295.5,295.55,285.5,3864811.0
980842,2022-12-14,295.8,299.6,300.25,295.2,437588.0
980842,2023-01-10,283.3,284.55,285.55,277.1,262145.0
980842,2023-04-03,250.3,242.75,253.85,240.55,1417582.0
980842,2023-05-03,261.6,257.7,264.3,256.15,958138.0
980842,2023-05-05,260.45,259.0,263.3,257.0,668019.0
980842,2023-05-08,263.1,261.0,273.0,259.6,2756977.0
980842,2023-05-26,255.9,257.55,261.5,254.3,777989.0
980842,2023-06-23,261.4,272.4,272.4,260.0,2399179.0
980842,2023-07-12,312.95,310.55,316.05,307.5,2766745.0
980842,2023-08-02,290.85,296.0,298.2,287.55,1245165.0
980842,2023-08-14,347.25,345.0,356.6,340.0,17052699.0
980842,2023-08-21,361.25,362.8,366.45,356.5,2141566.0
