stockid,date,close,open,high,low,volume
329828,2021-01-15,21.7,22.95,22.95,21.45,4349847.0
329828,2021-02-03,19.65,20.5,20.85,19.5,3321426.0
329828,2021-02-05,19.7,20.25,20.5,19.6,1763161.0
329828,2021-05-24,21.95,22.6,22.95,21.75,2875517.0
329828,2021-05-25,21.45,21.95,22.3,21.15,3164943.0
329828,2021-06-07,25.4,24.6,26.0,23.45,10342050.0
329828,2021-07-09,31.8,32.0,32.3,31.3,3261120.0
329828,2021-07-26,32.45,32.95,33.6,31.9,2553216.0
329828,2021-09-03,31.85,31.5,31.85,31.25,2599928.0
329828,2021-09-21,35.35,35.0,35.65,33.95,2521302.0
329828,2021-09-23,36.55,37.7,37.9,36.3,2640762.0
329828,2021-10-12,51.25,48.7,52.05,47.0,13937954.0
329828,2021-11-03,43.9,44.4,44.7,43.5,1652309.0
329828,2021-11-22,38.6,40.6,40.7,38.6,4181905.0
329828,2021-12-17,39.3,42.3,42.4,38.0,2414801.0
329828,2022-01-19,46.2,46.95,47.15,45.2,2898626.0
329828,2022-03-11,40.85,40.45,41.7,40.25,1705897.0
329828,2022-03-30,41.95,40.6,42.9,40.6,6881053.0
329828,2022-04-26,41.8,42.9,43.15,41.55,1758724.0
329828,2022-05-09,38.0,38.7,38.9,36.45,3320907.0
329828,2022-05-10,35.95,37.9,38.75,34.2,2815756.0
329828,2022-05-27,37.0,36.4,37.4,36.4,1123640.0
329828,2022-06-23,40.1,41.85,42.0,39.3,10306610.0
329828,2022-07-20,34.7,35.5,35.55,34.4,1508949.0
329828,2022-09-13,42.65,42.65,44.2,42.5,3341676.0
329828,2022-11-17,32.45,33.2,33.4,32.35,1835607.0
329828,2022-11-29,33.25,33.55,33.7,33.2,692902.0
329828,2022-12-07,34.7,33.5,35.95,33.45,5637252.0
329828,2022-12-21,33.2,34.7,34.8,32.9,2606538.0
329828,2023-03-09,29.6,30.4,30.9,29.15,3013141.0
329828,2023-05-19,37.9,38.4,38.4,37.3,2301115.0
329828,2023-06-08,40.7,40.65,41.75,40.05,5790513.0
329828,2023-06-21,40.95,41.75,42.15,40.5,4647046.0
329828,2023-06-27,40.25,40.25,40.85,39.85,2884556.0
329828,2023-07-06,41.8,40.5,42.15,40.4,7526162.0
329828,2023-07-10,42.65,41.45,42.95,40.5,7298584.0
329828,2021-01-07,21.3,22.4,22.4,20.5,14789716.0
329828,2021-01-18,20.8,21.7,21.9,20.65,2566624.0
329828,2021-02-22,18.75,19.55,19.65,18.5,1885203.0
329828,2021-04-16,17.3,17.35,17.65,17.0,1950839.0
329828,2021-05-10,19.2,19.05,19.35,18.7,2147975.0
329828,2021-05-20,22.05,22.25,23.0,21.75,8123854.0
329828,2021-06-01,20.95,21.55,22.0,20.65,4049815.0
329828,2021-06-03,23.0,23.0,23.0,23.0,1223341.0
329828,2021-06-04,24.1,24.0,24.15,22.8,12271013.0
329828,2021-07-14,34.85,33.0,34.85,32.65,7517879.0
329828,2021-10-25,41.75,44.0,44.65,41.6,2872890.0
329828,2021-11-29,39.55,39.05,40.0,38.4,4887667.0
329828,2021-12-09,42.8,44.35,44.45,42.5,1892802.0
329828,2021-12-28,42.4,38.95,42.4,38.85,4133042.0
329828,2022-01-07,48.2,49.0,50.4,47.25,7646091.0
329828,2022-01-11,46.65,48.95,48.95,46.15,2631353.0
329828,2022-03-14,40.5,40.9,41.3,40.0,2681535.0
329828,2022-03-22,42.0,41.65,43.1,41.35,2779990.0
329828,2022-04-19,44.6,44.7,46.4,44.25,3960976.0
329828,2022-04-28,41.15,42.0,42.7,40.95,1657575.0
329828,2022-05-24,37.35,38.9,39.05,37.05,1694442.0
329828,2022-05-25,35.55,37.0,37.65,35.2,1267972.0
329828,2022-08-01,35.95,35.8,36.3,35.35,1500247.0
329828,2022-08-17,37.9,36.05,38.7,36.0,7824458.0
329828,2022-09-27,38.85,38.5,39.7,38.15,2438102.0
329828,2022-10-11,36.45,37.1,37.4,36.25,1271021.0
329828,2022-11-15,33.85,32.85,34.15,32.6,1873960.0
329828,2022-11-18,32.75,32.65,33.4,32.25,1513517.0
329828,2022-11-21,32.75,32.75,33.4,32.55,1125038.0
329828,2022-12-20,34.55,35.0,35.15,34.25,1886067.0
329828,2023-02-16,29.0,29.15,29.7,28.65,1501789.0
329828,2023-03-13,27.05,28.65,28.95,26.85,2682833.0
329828,2023-03-27,30.75,31.5,31.6,29.85,2298912.0
329828,2023-04-25,35.35,36.25,36.25,35.25,1568422.0
329828,2023-05-15,38.9,39.8,40.65,38.4,3142714.0
329828,2023-05-26,39.9,40.05,40.9,38.3,10500171.0
329828,2023-06-06,39.85,40.25,40.75,39.2,5769836.0
329828,2023-06-20,41.6,42.25,42.95,41.1,8739998.0
329828,2021-02-02,20.3,20.5,21.1,20.2,2267854.0
329828,2021-02-26,19.0,19.1,19.65,18.75,1828279.0
329828,2021-03-12,23.7,25.25,25.45,23.7,3391561.0
329828,2021-01-21,20.75,21.8,21.8,20.65,2693688.0
329828,2021-03-25,19.1,20.0,20.0,19.05,3228372.0
329828,2021-03-31,18.4,18.6,19.05,18.2,2192037.0
329828,2021-03-09,25.2,25.9,26.35,24.15,13325054.0
329828,2021-04-01,19.3,18.8,19.3,18.6,2431937.0
329828,2021-03-30,18.6,19.35,19.7,18.5,2431011.0
329828,2021-04-05,19.15,19.5,19.85,18.4,3584569.0
329828,2021-04-20,16.55,16.0,17.25,16.0,3237468.0
329828,2021-04-12,18.25,18.9,18.9,18.25,1558679.0
329828,2021-08-03,33.8,32.05,33.8,32.05,6553370.0
329828,2021-04-27,19.1,19.1,19.1,19.1,533822.0
329828,2021-08-20,27.25,27.4,28.2,26.15,2616252.0
329828,2021-10-26,43.8,41.85,43.8,41.85,2337800.0
329828,2021-05-06,18.7,19.1,19.1,18.45,972064.0
329828,2021-05-21,22.55,22.3,23.1,22.15,4122995.0
329828,2021-11-08,44.45,44.25,45.25,43.25,2291539.0
329828,2021-06-17,25.8,24.25,26.95,24.25,7802551.0
329828,2021-11-09,44.6,44.45,45.3,43.9,1910753.0
329828,2021-07-02,31.35,30.55,31.35,29.35,15997962.0
329828,2022-01-17,48.0,49.35,50.25,47.4,5862016.0
329828,2021-08-16,30.7,31.0,31.7,30.3,2385878.0
329828,2022-02-07,44.0,43.85,45.75,43.25,3832796.0
329828,2021-09-09,38.6,38.6,38.6,37.1,23609178.0
329828,2022-02-14,38.75,43.0,43.0,38.3,6943339.0
329828,2022-02-28,39.85,38.0,40.4,37.25,2455584.0
329828,2021-09-14,36.1,36.4,38.2,35.15,9630834.0
329828,2021-09-20,35.05,37.1,37.1,35.05,3703895.0
329828,2022-03-23,41.65,42.3,43.0,41.5,1870082.0
329828,2021-09-28,35.6,36.5,37.0,35.0,2097607.0
329828,2022-03-24,41.5,41.2,42.1,41.15,1534417.0
329828,2021-10-01,36.35,35.85,37.1,35.85,2807658.0
329828,2022-04-04,44.05,42.4,45.3,42.4,9829558.0
329828,2022-01-03,43.55,41.7,45.4,41.65,4963392.0
329828,2022-04-22,44.1,44.4,45.9,43.6,3540919.0
329828,2022-02-08,42.25,44.35,44.6,41.3,3029946.0
329828,2022-05-16,33.8,33.9,34.4,33.15,1142603.0
329828,2022-02-10,43.55,43.5,44.2,42.8,1847367.0
329828,2022-02-17,40.35,41.0,41.4,40.0,2407054.0
329828,2022-06-30,36.75,37.0,37.95,36.55,1323855.0
329828,2022-07-05,35.85,35.55,36.2,34.75,1848741.0
329828,2022-02-18,39.55,40.5,40.8,39.2,1236336.0
329828,2022-07-22,35.9,36.0,36.6,35.45,1786925.0
329828,2022-02-22,36.95,37.0,37.75,34.25,2711898.0
329828,2022-08-30,40.8,41.15,41.6,40.6,2733794.0
329828,2022-03-07,37.65,37.5,39.2,36.75,2776900.0
329828,2022-09-12,42.65,42.9,43.7,42.5,2461927.0
329828,2022-03-16,40.7,41.0,41.15,39.8,2624784.0
329828,2022-09-29,37.15,38.05,38.35,36.85,1337231.0
329828,2022-04-12,44.15,45.5,45.65,44.0,2994388.0
329828,2022-09-30,36.9,36.95,39.4,36.25,4793606.0
329828,2022-04-21,44.75,45.1,45.6,44.55,1706997.0
329828,2022-10-03,36.95,36.9,38.0,36.8,1468619.0
329828,2022-04-29,41.45,41.75,42.15,41.25,2260066.0
329828,2022-10-24,36.2,36.6,36.75,35.9,513732.0
329828,2022-06-03,37.8,40.0,41.0,37.5,1785321.0
329828,2022-12-27,31.65,31.2,31.85,30.85,2553625.0
329828,2022-06-15,35.55,36.0,36.35,35.3,627229.0
329828,2023-01-12,33.5,34.5,34.6,33.15,1870166.0
329828,2022-07-14,34.2,35.2,35.2,34.0,1440532.0
329828,2023-01-18,33.75,34.35,34.55,33.5,2721340.0
329828,2022-08-24,38.6,38.5,39.3,38.4,2287324.0
329828,2023-01-30,28.9,30.0,30.8,28.5,3401566.0
329828,2022-09-20,42.1,43.1,43.55,41.8,2133282.0
329828,2023-02-15,29.05,28.85,29.4,28.75,890924.0
329828,2022-10-12,36.1,36.6,36.9,35.6,1359229.0
329828,2022-11-10,36.0,37.05,37.4,35.9,1631537.0
329828,2023-04-17,35.0,35.9,35.9,34.85,1976531.0
329828,2023-04-18,34.95,35.2,36.1,34.75,3448597.0
329828,2022-11-22,32.75,32.9,33.1,32.65,829266.0
329828,2023-05-25,39.9,38.5,40.35,38.35,7710364.0
329828,2022-11-28,33.4,33.5,33.95,33.2,1531811.0
329828,2022-12-13,33.65,33.45,34.5,33.45,2140653.0
329828,2023-06-01,41.3,39.3,41.95,39.3,9050877.0
329828,2022-12-14,34.6,33.8,35.9,33.7,5812119.0
329828,2023-06-30,39.1,39.8,40.1,39.0,3241284.0
329828,2022-12-23,29.8,31.8,31.8,29.4,3609399.0
329828,2023-01-02,33.35,33.7,33.8,33.0,1549568.0
329828,2023-01-03,33.45,32.9,34.1,32.9,1127711.0
329828,2023-01-20,33.15,33.6,34.05,32.9,1729557.0
329828,2023-02-14,28.9,29.75,29.75,28.65,956266.0
329828,2023-03-22,32.85,32.95,33.35,32.55,2475498.0
329828,2023-03-28,29.45,30.5,30.8,29.1,2997366.0
329828,2023-05-16,38.4,39.0,39.75,38.1,3029988.0
329828,2023-05-23,38.4,38.7,39.1,38.1,2452296.0
329828,2021-02-12,20.25,20.1,20.5,20.1,1093592.0
329828,2021-01-06,21.35,21.35,21.35,21.35,1633150.0
329828,2021-02-15,20.2,20.75,20.95,19.95,1337979.0
329828,2021-02-18,19.8,20.0,20.45,19.55,1278309.0
329828,2021-01-29,20.95,20.45,21.2,20.45,2250394.0
329828,2021-02-04,19.95,19.7,20.2,19.35,2475054.0
329828,2021-02-19,19.35,19.8,20.1,19.05,1676261.0
329828,2021-02-24,19.5,19.25,19.55,18.45,849217.0
329828,2021-03-22,20.15,21.5,21.7,20.05,2924891.0
329828,2021-04-30,19.1,19.0,19.65,18.9,1096568.0
329828,2021-05-17,20.45,19.9,20.5,19.1,3286187.0
329828,2021-05-19,21.95,20.95,21.95,20.5,9382374.0
329828,2021-06-25,25.75,26.25,26.25,25.35,2347494.0
329828,2021-07-01,28.5,28.5,28.5,27.1,14806230.0
329828,2021-05-27,23.0,22.35,23.15,22.0,8557430.0
329828,2021-06-08,27.15,25.55,27.9,24.55,14514243.0
329828,2021-07-19,34.65,33.3,34.9,33.0,3669854.0
329828,2021-06-23,25.5,25.55,26.2,24.75,4038767.0
329828,2021-11-01,44.6,42.8,44.6,42.8,2494315.0
329828,2021-07-12,31.65,31.9,32.6,31.4,3609604.0
329828,2021-11-02,44.55,44.45,45.75,43.6,3046822.0
329828,2021-07-15,33.8,35.7,36.2,33.2,6386482.0
329828,2021-11-24,42.5,40.85,42.5,40.6,2378629.0
329828,2021-09-15,37.9,36.3,37.9,36.3,3229196.0
329828,2021-12-15,43.3,43.45,44.8,41.6,2653128.0
329828,2021-10-21,44.95,45.0,46.2,44.2,1979147.0
329828,2021-12-16,41.9,43.85,43.95,41.6,1668529.0
329828,2021-12-01,39.8,39.8,41.0,38.9,3450887.0
329828,2022-01-31,41.4,43.0,43.2,41.2,1967360.0
329828,2022-03-10,40.65,41.25,42.2,40.4,2978669.0
329828,2022-03-04,38.95,38.1,40.2,38.1,2032323.0
329828,2022-03-31,40.85,42.0,42.25,40.6,2717269.0
329828,2022-06-08,36.15,36.85,37.65,36.0,1708565.0
329828,2022-04-25,42.3,43.7,43.9,41.9,2049579.0
329828,2022-06-16,34.05,36.0,36.15,33.65,1331145.0
329828,2022-05-26,36.05,35.8,36.9,34.35,1848468.0
329828,2022-06-24,38.8,40.2,41.1,38.3,5100985.0
329828,2022-06-06,36.65,37.75,37.95,36.2,1462825.0
329828,2022-06-27,38.35,39.8,40.3,38.1,2902079.0
329828,2022-07-27,34.7,34.9,35.25,34.55,1159668.0
329828,2022-06-20,31.25,33.35,33.5,30.3,1481541.0
329828,2022-07-04,35.4,36.8,36.9,35.2,1404308.0
329828,2022-08-29,40.75,39.0,42.3,38.1,4110667.0
329828,2022-07-07,35.45,35.65,35.9,35.0,930387.0
329828,2022-09-16,40.5,42.2,42.85,40.0,2816304.0
329828,2022-07-18,35.55,35.0,36.2,34.5,2093726.0
329828,2022-10-21,36.25,37.1,37.6,36.05,1939024.0
329828,2022-08-25,40.6,38.95,42.0,38.65,9414279.0
329828,2022-10-27,36.3,36.05,36.75,36.05,1250010.0
329828,2022-09-06,45.2,43.4,45.45,42.6,12447542.0
329828,2022-11-07,37.1,36.1,37.4,35.9,2355824.0
329828,2022-09-09,42.55,44.4,44.6,42.45,3292523.0
329828,2022-11-16,33.25,33.75,34.4,32.9,1521298.0
329828,2022-10-07,37.75,37.1,38.05,36.8,2415403.0
329828,2022-12-02,34.35,33.25,34.7,32.95,2744940.0
329828,2022-10-18,36.15,36.4,36.6,35.9,659594.0
329828,2022-12-08,34.55,34.95,35.3,34.1,2285236.0
329828,2022-11-30,33.2,33.05,33.7,33.05,938148.0
329828,2022-12-30,33.6,33.7,34.0,33.3,1171762.0
329828,2022-12-12,33.3,33.5,33.9,33.1,1591441.0
329828,2023-01-06,31.75,32.45,32.5,31.65,889670.0
329828,2023-01-13,34.15,33.6,34.8,33.5,2455506.0
329828,2023-01-19,33.6,33.75,33.85,33.35,1158546.0
329828,2023-01-27,29.8,31.65,32.0,29.5,3933718.0
329828,2023-04-03,35.15,34.45,35.4,34.45,4304020.0
329828,2023-02-07,28.55,29.25,29.35,28.35,1457786.0
329828,2023-04-11,35.35,36.25,36.45,34.85,2339827.0
329828,2023-04-13,35.75,34.85,35.95,34.5,2620202.0
329828,2023-04-10,36.2,36.7,36.8,35.6,1994984.0
329828,2023-04-20,35.75,35.15,35.9,35.05,2231310.0
329828,2023-04-28,35.35,35.4,36.3,34.95,2860247.0
329828,2023-04-21,36.4,36.0,37.7,36.0,6195141.0
329828,2023-05-02,35.75,35.55,36.2,35.3,3098258.0
329828,2023-05-10,40.85,39.6,41.2,39.1,4356933.0
329828,2023-05-09,39.9,41.2,41.7,39.1,5299942.0
329828,2023-06-14,41.15,39.45,41.45,39.3,8510279.0
329828,2023-05-18,38.25,38.25,39.35,38.05,2272843.0
329828,2023-06-28,39.6,40.45,40.65,39.3,2245511.0
329828,2023-06-22,39.9,41.0,41.3,39.6,4421061.0
329828,2023-06-26,40.1,39.15,40.55,38.25,5350248.0
329828,2023-07-03,38.8,39.35,39.75,38.6,4544037.0
329828,2021-03-04,23.15,22.65,24.3,22.1,10812862.0
329828,2021-04-13,17.9,17.5,18.25,17.5,2205028.0
329828,2021-05-05,18.8,19.3,19.3,18.7,1182348.0
329828,2021-06-10,28.55,28.8,29.5,27.65,9321423.0
329828,2021-06-28,25.45,25.95,26.25,25.3,4756699.0
329828,2021-07-05,34.45,33.0,34.45,32.25,12130357.0
329828,2021-07-27,31.25,32.85,32.85,30.9,2057054.0
329828,2021-08-13,30.75,31.55,32.1,30.65,2743219.0
329828,2021-08-25,30.55,29.15,30.55,29.05,5772597.0
329828,2021-08-31,31.1,32.2,32.35,30.7,2804789.0
329828,2021-09-01,30.25,31.05,31.4,29.85,2151582.0
329828,2021-09-24,35.95,36.9,37.75,35.5,3718457.0
329828,2021-10-06,39.85,39.9,39.9,38.55,15521351.0
329828,2021-10-19,47.25,50.0,50.0,47.0,3398457.0
329828,2021-10-27,45.95,45.3,45.95,44.6,4349269.0
329828,2021-11-18,40.6,43.4,43.4,40.35,4092666.0
329828,2021-12-02,39.95,40.0,40.8,39.5,2166383.0
329828,2021-12-27,38.55,39.2,39.25,35.25,1295686.0
329828,2022-01-18,46.85,48.25,49.5,46.55,4030033.0
329828,2022-02-16,40.7,41.0,42.35,40.35,3801369.0
329828,2022-03-15,40.3,40.75,41.4,39.9,2498721.0
329828,2022-04-11,45.8,46.25,46.9,45.6,3370090.0
329828,2022-05-30,37.8,37.0,38.25,37.0,1284594.0
329828,2022-08-04,35.8,35.8,36.25,35.15,1013577.0
329828,2022-08-05,34.9,36.0,36.0,34.75,1500549.0
329828,2022-09-01,41.4,40.5,42.3,40.3,3250659.0
329828,2022-09-05,42.9,41.95,44.0,41.55,6985198.0
329828,2022-09-07,45.85,44.75,46.7,44.5,8831692.0
329828,2022-09-23,40.15,41.5,41.5,39.85,1644358.0
329828,2022-10-14,36.15,36.2,36.75,35.8,1004315.0
329828,2022-12-06,33.25,33.65,33.95,32.85,1944816.0
329828,2023-01-23,33.1,33.4,33.45,32.8,1546404.0
329828,2023-01-31,30.85,29.8,31.25,29.05,1849559.0
329828,2023-03-01,27.1,26.85,27.7,26.55,2013469.0
329828,2023-03-08,30.1,27.9,30.75,27.6,4627798.0
329828,2023-03-14,27.55,27.3,28.85,26.8,4403722.0
329828,2023-04-12,34.85,35.25,35.8,34.35,2234994.0
329828,2023-05-12,39.65,40.4,40.5,39.45,2981104.0
329828,2023-05-29,40.45,40.85,41.35,39.95,6534447.0
329828,2023-05-31,39.3,39.45,40.0,38.85,2312759.0
329828,2023-06-12,39.3,40.3,40.3,39.05,2581728.0
329828,2021-01-14,22.45,22.35,22.9,21.4,4215553.0
329828,2021-02-09,20.5,21.4,21.65,20.35,3506621.0
329828,2021-03-08,25.1,23.3,25.1,23.0,10456442.0
329828,2021-03-10,24.9,25.4,26.0,23.95,8856569.0
329828,2021-05-11,19.35,19.0,19.55,18.6,1637659.0
329828,2021-06-15,26.0,26.95,27.4,25.75,4030462.0
329828,2021-06-21,25.3,24.55,26.2,24.3,3792834.0
329828,2021-06-22,25.3,25.7,26.55,25.05,3760155.0
329828,2021-07-23,32.3,33.3,34.05,32.1,2427128.0
329828,2021-09-07,35.05,34.85,35.05,32.9,16705915.0
329828,2021-09-17,36.85,37.5,38.0,35.7,3643110.0
329828,2021-09-29,36.6,35.1,37.0,35.05,2294025.0
329828,2021-10-11,47.9,44.35,47.95,44.25,12197648.0
329828,2021-11-25,42.45,43.8,44.0,42.0,2795299.0
329828,2021-12-22,39.7,39.15,40.5,39.15,1291439.0
329828,2021-12-24,39.0,40.0,40.05,38.6,1217796.0
329828,2021-12-29,40.75,43.0,43.95,40.3,4334727.0
329828,2022-01-05,44.25,45.45,45.9,43.95,2423700.0
329828,2022-01-13,44.85,46.6,46.75,44.3,3067980.0
329828,2022-01-28,41.55,42.0,43.4,41.1,3372794.0
329828,2022-05-05,38.85,39.75,40.25,38.5,1481917.0
329828,2022-05-06,38.65,38.4,39.45,38.1,2354567.0
329828,2022-06-13,36.0,35.0,36.8,35.0,3857479.0
329828,2022-06-21,37.5,31.8,37.5,31.75,5730288.0
329828,2022-07-12,35.15,35.2,36.0,35.0,1664836.0
329828,2022-07-28,34.9,34.9,35.3,34.7,979923.0
329828,2022-08-26,40.55,41.05,41.55,40.3,2710971.0
329828,2022-09-19,42.6,40.5,44.45,39.85,5579160.0
329828,2022-10-10,36.95,37.3,37.4,36.7,1631509.0
329828,2022-12-16,35.6,35.45,37.0,35.4,5199290.0
329828,2022-12-26,30.75,30.0,31.2,29.6,2597267.0
329828,2023-01-11,34.35,32.9,35.3,32.45,4521495.0
329828,2023-01-25,32.0,32.7,32.7,31.7,1243087.0
329828,2023-04-05,36.05,35.25,36.9,34.9,6226853.0
329828,2023-04-26,35.35,35.45,35.6,34.35,2251281.0
329828,2023-06-13,39.3,39.3,40.2,39.05,4094151.0
329828,2021-01-05,20.35,19.0,20.35,18.9,6507965.0
329828,2021-07-06,32.75,36.15,36.15,32.75,27549582.0
329828,2021-07-08,31.85,30.25,32.7,30.25,7585597.0
329828,2021-07-13,33.2,32.0,33.2,30.75,9514312.0
329828,2021-07-22,33.25,34.25,34.65,33.05,1774763.0
329828,2021-09-02,30.35,30.5,31.4,30.2,2261040.0
329828,2021-09-22,37.1,35.75,37.1,35.35,5047379.0
329828,2021-10-07,41.95,40.5,43.8,39.25,23281308.0
329828,2021-10-18,49.3,52.0,53.5,48.8,5434647.0
329828,2021-11-04,43.9,44.0,44.4,43.55,545512.0
329828,2021-12-03,41.55,40.0,41.9,39.75,5494113.0
329828,2021-12-06,43.55,42.0,43.6,41.25,3510926.0
329828,2021-12-30,40.95,40.75,42.5,40.5,2349110.0
329828,2022-01-04,45.65,43.95,46.8,43.95,7855629.0
329828,2022-02-04,43.25,43.15,44.2,42.9,2399231.0
329828,2022-02-23,40.0,37.5,41.25,37.5,3083277.0
329828,2022-03-28,40.75,41.0,45.2,40.1,4143263.0
329828,2022-04-27,41.65,41.7,42.3,41.3,2136561.0
329828,2022-05-04,39.4,40.85,40.85,39.1,1180148.0
329828,2022-05-18,38.15,35.65,39.6,35.4,3994712.0
329828,2022-05-19,37.05,37.0,38.7,36.55,2305218.0
329828,2022-08-11,35.65,36.45,36.5,35.0,1275183.0
329828,2022-09-08,44.1,46.35,46.45,43.9,4107301.0
329828,2022-11-03,36.0,35.85,36.25,35.7,1613908.0
329828,2022-12-22,31.85,33.3,33.5,31.1,3439375.0
329828,2023-01-04,32.55,33.7,33.75,32.4,1415910.0
329828,2023-02-10,30.5,28.65,31.2,28.6,3378851.0
329828,2023-03-16,31.6,28.7,32.5,28.4,22345204.0
329828,2023-03-24,30.95,32.65,32.95,30.55,3264913.0
329828,2023-03-29,32.9,29.85,33.5,29.55,6018502.0
329828,2023-05-24,38.5,38.5,39.0,38.15,2346400.0
329828,2023-06-05,40.1,41.8,42.2,39.85,6416510.0
329828,2023-06-23,39.1,40.1,40.1,38.9,4605972.0
329828,2021-01-01,19.0,19.25,19.6,18.8,2063282.0
329828,2021-01-25,19.95,20.65,21.1,19.5,3870492.0
329828,2021-02-17,19.9,20.05,20.2,19.4,1666497.0
329828,2021-04-07,19.4,19.2,19.6,19.0,1246727.0
329828,2021-04-29,19.5,20.35,20.45,19.05,3211098.0
329828,2021-05-14,19.55,20.25,20.25,19.2,2908807.0
329828,2021-05-28,22.25,23.25,23.6,22.15,4988887.0
329828,2021-06-11,26.8,28.8,29.65,26.25,10761393.0
329828,2021-06-16,24.85,26.25,26.5,24.55,7077527.0
329828,2021-06-29,25.9,25.3,26.75,25.3,5223586.0
329828,2021-08-06,31.35,32.15,32.35,30.45,4021013.0
329828,2021-08-27,31.95,29.85,32.05,29.2,5909706.0
329828,2021-09-16,37.55,39.4,39.4,37.35,4650328.0
329828,2021-10-20,44.9,47.5,48.45,44.9,4167607.0
329828,2021-10-22,43.75,45.8,46.2,43.4,1915119.0
329828,2021-11-26,40.4,41.3,42.45,40.35,3156958.0
329828,2022-01-12,45.95,47.0,47.5,45.75,1856334.0
329828,2022-02-11,45.0,43.85,46.0,43.3,5509625.0
329828,2022-05-12,32.4,34.1,34.6,32.0,2892596.0
329828,2022-05-13,33.45,33.4,34.35,33.1,1683562.0
329828,2022-05-17,35.05,34.25,35.8,34.0,1920738.0
329828,2022-05-20,39.05,37.6,39.6,37.6,2721586.0
329828,2022-05-23,38.85,39.1,40.3,38.2,2244066.0
329828,2022-06-01,38.95,40.5,40.85,38.7,1473537.0
329828,2022-06-02,39.55,38.85,41.0,38.25,2613978.0
329828,2022-06-17,33.05,33.8,34.15,32.15,1484456.0
329828,2022-07-13,34.9,35.75,35.75,34.75,1010250.0
329828,2022-08-02,36.0,35.95,36.7,35.65,1647180.0
329828,2022-08-10,35.85,35.05,36.5,34.8,1705700.0
329828,2022-09-15,42.2,43.6,43.7,42.1,1952124.0
329828,2022-09-21,41.2,42.15,42.6,40.9,2481489.0
329828,2022-10-04,37.25,37.65,38.2,36.95,1590930.0
329828,2022-11-01,35.8,35.85,36.25,35.7,618858.0
329828,2022-11-04,36.0,36.2,36.5,35.7,961665.0
329828,2022-12-15,35.45,34.5,36.0,34.4,4092133.0
329828,2023-02-01,29.85,31.25,32.25,29.1,2532338.0
329828,2023-02-17,28.65,28.85,29.1,28.6,1127501.0
329828,2023-02-28,26.65,27.15,27.45,26.5,1174121.0
329828,2023-03-20,31.3,32.9,33.85,30.75,5943412.0
329828,2023-06-07,40.45,39.55,41.25,39.55,5142136.0
329828,2023-07-05,40.4,39.6,40.9,39.3,4835972.0
329828,2021-01-08,22.3,21.6,22.35,21.05,13496001.0
329828,2021-01-20,21.6,22.05,22.55,21.4,3329700.0
329828,2021-02-25,19.5,19.7,19.9,19.0,1669621.0
329828,2021-03-19,21.1,19.55,21.25,19.25,4225917.0
329828,2021-03-23,20.75,20.2,21.15,20.15,4059379.0
329828,2021-04-09,19.2,19.45,19.9,19.05,1424439.0
329828,2021-05-04,19.0,19.1,19.65,18.85,2950502.0
329828,2021-05-18,20.95,21.1,21.45,20.5,7195966.0
329828,2021-06-18,25.3,26.25,26.65,23.45,6156090.0
329828,2021-08-02,32.2,32.7,32.75,31.75,3409348.0
329828,2021-08-04,32.9,34.7,35.45,32.4,7352690.0
329828,2021-08-24,27.8,25.25,27.8,25.0,2819173.0
329828,2021-10-29,42.5,43.95,44.4,42.0,3180510.0
329828,2021-11-30,39.05,39.35,41.5,38.55,3113673.0
329828,2021-12-20,37.7,39.4,39.4,36.4,2779840.0
329828,2022-01-10,48.6,49.4,49.7,48.25,2992191.0
329828,2022-01-21,44.05,45.1,45.7,43.35,3333827.0
329828,2022-01-27,41.2,39.5,41.7,39.5,2512721.0
329828,2022-02-03,42.7,42.55,44.1,41.95,2924635.0
329828,2022-03-09,40.0,38.25,40.35,38.1,2237406.0
329828,2022-03-29,40.3,41.05,41.95,39.7,4191234.0
329828,2022-06-07,36.65,36.75,37.4,36.4,1753992.0
329828,2022-07-21,35.85,34.65,37.55,34.55,7237160.0
329828,2022-07-25,35.5,35.75,35.9,35.25,676354.0
329828,2022-07-29,35.45,35.3,35.9,35.1,1500108.0
329828,2022-08-16,35.85,35.45,36.45,34.8,2598989.0
329828,2022-08-19,38.6,38.25,39.4,38.1,3620334.0
329828,2022-10-28,35.85,36.5,36.5,35.75,883966.0
329828,2022-10-31,35.65,36.1,36.15,35.5,1080714.0
329828,2022-11-25,33.7,34.25,34.5,33.65,1156091.0
329828,2022-12-09,33.6,34.7,34.75,33.0,2182955.0
329828,2022-12-19,35.05,35.9,36.65,34.8,2442324.0
329828,2023-01-09,32.1,32.35,32.6,31.8,2410926.0
329828,2023-01-10,32.7,32.2,32.8,31.95,2648483.0
329828,2023-02-21,29.0,28.9,29.35,28.7,1127774.0
329828,2023-03-23,32.65,32.9,33.1,32.2,2212331.0
329828,2023-06-15,41.0,41.25,41.85,40.4,7069692.0
329828,2023-06-16,41.9,41.2,43.0,40.9,12485682.0
329828,2021-01-12,23.6,23.75,24.3,22.85,7709878.0
329828,2021-01-28,20.35,20.0,20.6,19.65,2730952.0
329828,2021-02-01,20.25,21.3,21.65,20.0,3340544.0
329828,2021-02-23,18.85,18.75,19.4,18.45,1657265.0
329828,2021-03-02,20.1,18.6,20.1,18.5,5307201.0
329828,2021-03-26,18.8,18.75,19.6,18.55,5531733.0
329828,2021-04-19,16.45,17.15,17.15,16.45,1316613.0
329828,2021-05-12,20.2,19.4,20.3,19.25,4844589.0
329828,2021-06-09,28.15,28.0,29.45,26.65,21708664.0
329828,2021-10-08,43.6,42.45,45.5,42.25,12974453.0
329828,2021-10-28,44.0,46.4,46.4,43.8,2766858.0
329828,2021-11-12,45.9,47.5,47.8,45.2,2307486.0
329828,2021-11-15,43.7,45.85,46.25,43.65,4283623.0
329828,2021-11-17,42.45,44.0,44.7,42.1,1818439.0
329828,2021-12-31,41.6,40.75,42.15,40.75,1863942.0
329828,2022-02-02,42.3,41.5,43.7,41.0,4090547.0
329828,2022-02-15,40.65,40.0,41.3,38.25,4237175.0
329828,2022-02-24,35.7,37.0,38.85,35.35,6405986.0
329828,2022-04-08,46.0,46.25,47.25,45.85,3347464.0
329828,2022-04-13,44.25,44.45,45.3,44.0,1839714.0
329828,2022-07-06,35.25,35.85,35.95,35.15,999372.0
329828,2022-07-26,34.9,35.6,35.9,34.75,1195287.0
329828,2022-08-03,35.65,36.0,36.2,35.4,881063.0
329828,2022-08-12,35.85,35.7,36.65,35.5,1729005.0
329828,2022-09-22,41.2,41.0,42.1,40.8,1139400.0
329828,2022-09-28,37.6,38.4,38.5,37.4,2225293.0
329828,2022-10-13,35.85,36.1,36.3,35.75,703300.0
329828,2022-10-19,36.7,36.4,37.7,36.35,1582497.0
329828,2022-10-25,35.9,36.35,36.65,35.6,1517025.0
329828,2022-12-05,33.65,34.5,34.65,33.4,2410024.0
329828,2023-01-24,32.75,33.1,33.2,32.65,1024604.0
329828,2023-02-03,29.0,29.95,30.3,28.25,2480920.0
329828,2023-02-06,29.15,29.05,29.6,28.9,1582920.0
329828,2023-02-09,28.7,29.0,29.1,28.4,1701980.0
329828,2023-02-20,28.8,28.85,29.45,28.3,1153718.0
329828,2023-03-03,28.9,27.0,29.4,26.95,3312621.0
329828,2023-03-06,28.0,29.0,29.25,27.85,1701629.0
329828,2023-03-10,28.65,29.4,29.45,28.45,1747688.0
329828,2023-03-21,32.75,31.45,33.6,30.7,6981406.0
329828,2023-03-31,34.25,34.05,35.85,33.6,9862462.0
329828,2023-05-11,40.4,40.5,40.8,39.9,2017438.0
329828,2023-07-07,41.35,41.55,42.25,40.65,5922344.0
329828,2021-01-11,23.4,23.4,23.4,21.8,14588087.0
329828,2021-01-13,22.45,23.95,23.95,22.45,3785154.0
329828,2021-01-22,20.1,20.35,21.1,19.85,2327959.0
329828,2021-02-10,20.3,20.8,20.85,20.2,1064331.0
329828,2021-02-16,20.1,20.25,20.45,19.95,1465966.0
329828,2021-03-01,18.3,19.0,19.3,18.2,3180061.0
329828,2021-01-19,21.8,21.05,21.8,20.95,2533108.0
329828,2021-01-27,20.0,20.0,20.75,19.35,2250216.0
329828,2021-03-03,22.1,21.15,22.1,20.65,5038572.0
329828,2021-02-11,20.3,20.3,20.6,20.05,1517380.0
329828,2021-03-16,22.35,21.6,23.15,21.6,3815802.0
329828,2021-04-08,19.25,19.1,19.55,19.1,1330916.0
329828,2021-03-17,21.3,22.35,22.65,21.25,3510843.0
329828,2021-05-03,18.75,19.0,19.15,18.5,1444877.0
329828,2021-03-18,20.25,21.4,22.05,20.25,2598921.0
329828,2021-05-07,19.05,19.0,19.25,18.6,1751301.0
329828,2021-05-26,22.05,22.0,22.3,21.55,2473370.0
329828,2021-03-24,20.05,20.8,20.8,19.9,2500876.0
329828,2021-04-22,16.55,16.35,16.85,16.25,1550801.0
329828,2021-06-02,21.95,20.7,21.95,20.7,1748691.0
329828,2021-04-26,18.2,18.2,18.2,18.2,304956.0
329828,2021-08-11,30.8,31.25,31.75,29.5,3094036.0
329828,2021-06-14,26.7,27.9,27.95,25.4,7592586.0
329828,2021-08-26,29.15,30.65,31.1,29.0,3703130.0
329828,2021-07-20,33.5,35.1,35.2,33.05,3925233.0
329828,2021-09-27,36.1,37.0,37.3,35.8,2041173.0
329828,2021-07-29,31.75,30.65,31.75,30.45,1582315.0
329828,2021-09-30,35.8,36.6,36.85,35.7,1157758.0
329828,2021-08-10,31.0,30.9,32.9,29.5,5290605.0
329828,2021-08-12,31.7,31.25,32.5,31.0,2713483.0
329828,2021-10-04,36.2,36.55,36.8,36.0,2884745.0
329828,2021-10-13,48.85,52.9,53.5,48.7,10553504.0
329828,2021-12-14,42.95,43.2,43.5,42.15,1244726.0
329828,2021-08-17,29.6,30.85,31.2,29.3,2119143.0
329828,2021-12-23,39.55,40.7,40.7,39.0,1443185.0
329828,2022-01-20,45.55,46.65,46.8,45.3,2077585.0
329828,2021-08-23,25.3,27.5,28.0,25.0,2471775.0
329828,2021-09-06,33.4,33.4,33.4,32.7,7720514.0
329828,2021-09-08,36.8,36.8,36.8,36.8,1843108.0
329828,2022-02-01,41.15,41.9,42.7,40.6,2510954.0
329828,2021-10-05,38.0,36.3,38.0,36.15,4902320.0
329828,2022-03-17,42.5,41.2,43.95,40.75,5462640.0
329828,2021-11-10,46.8,44.4,46.8,44.3,2755182.0
329828,2022-03-25,40.65,41.5,41.8,40.5,2368106.0
329828,2021-11-23,40.5,37.5,40.5,36.7,5109991.0
329828,2022-04-06,45.65,42.95,46.2,42.9,5927499.0
329828,2022-02-21,38.45,39.4,40.2,38.05,2563659.0
329828,2022-04-07,45.85,46.1,48.25,45.2,10499535.0
329828,2022-02-25,38.5,38.9,39.9,37.5,4222248.0
329828,2022-03-02,40.15,39.65,40.5,39.05,2589702.0
329828,2022-04-18,44.5,43.6,44.9,43.2,5566464.0
329828,2022-04-20,44.8,45.25,45.95,44.55,3099865.0
329828,2022-05-11,33.9,36.25,36.8,33.3,2776995.0
329828,2022-06-28,37.35,38.0,38.6,37.15,2215457.0
329828,2022-06-10,35.55,35.4,36.0,35.0,1174291.0
329828,2022-07-15,34.2,34.4,34.55,32.8,2742620.0
329828,2022-07-01,36.4,36.75,37.1,36.1,1023232.0
329828,2022-08-18,37.95,38.1,38.5,37.4,3357295.0
329828,2022-08-22,38.8,39.2,39.7,38.5,3878138.0
329828,2022-07-08,35.4,35.6,35.85,35.3,1393634.0
329828,2022-09-02,41.55,41.7,42.8,41.35,4439458.0
329828,2022-10-20,36.85,36.3,37.4,36.15,737282.0
329828,2022-09-26,37.95,39.7,40.0,36.85,2468591.0
329828,2022-11-09,37.25,37.4,37.85,37.05,1752926.0
329828,2022-10-06,37.05,37.7,38.0,36.95,1738794.0
329828,2022-12-01,33.15,33.35,33.95,32.9,1674268.0
329828,2022-11-11,35.2,36.5,36.8,34.95,2438836.0
329828,2022-11-14,32.8,34.5,34.9,32.55,5648232.0
329828,2022-12-29,33.45,31.75,34.6,31.5,4042736.0
329828,2023-01-05,32.25,32.75,32.9,32.1,1728763.0
329828,2022-11-24,34.1,34.55,34.95,33.95,1401203.0
329828,2023-02-24,27.65,27.95,28.3,27.5,862925.0
329828,2023-04-19,34.95,35.15,35.45,34.8,1281767.0
329828,2023-01-16,34.05,34.3,34.45,33.6,2285335.0
329828,2023-05-04,41.0,39.0,42.5,38.3,18925356.0
329828,2023-05-05,40.3,40.6,42.15,39.5,6533180.0
329828,2023-02-02,29.9,30.3,30.5,29.6,1319870.0
329828,2023-02-08,29.0,28.65,29.25,28.5,1648007.0
329828,2023-05-30,39.55,40.55,40.55,39.3,3212598.0
329828,2023-02-13,29.6,31.0,31.2,29.25,1675289.0
329828,2023-07-04,39.5,38.9,40.15,38.8,4250673.0
329828,2023-05-03,38.65,35.7,39.3,35.35,10404486.0
329828,2023-05-08,41.05,41.45,41.5,40.2,3813931.0
329828,2023-06-09,40.0,40.9,41.15,39.75,5477500.0
329828,2021-01-04,19.4,19.05,19.8,18.5,4367766.0
329828,2021-02-08,21.2,19.75,21.65,19.65,7091888.0
329828,2021-03-05,22.85,23.0,24.15,22.2,7077367.0
329828,2021-03-15,22.55,23.4,23.5,22.55,1548936.0
329828,2021-04-06,19.05,19.25,19.6,18.95,1301873.0
329828,2021-04-15,17.2,18.2,18.2,17.05,2751759.0
329828,2021-06-30,25.95,26.0,26.65,25.65,4909458.0
329828,2021-07-07,31.15,31.15,31.95,31.15,13186274.0
329828,2021-08-05,31.45,33.0,33.45,31.3,4827148.0
329828,2021-09-13,37.0,40.5,40.5,36.7,15698622.0
329828,2021-10-14,51.25,49.1,51.25,48.8,5343679.0
329828,2021-12-08,43.9,44.65,45.0,43.5,1990826.0
329828,2021-12-13,43.15,44.0,45.0,42.95,1362920.0
329828,2022-01-14,48.95,45.1,49.3,44.85,7959134.0
329828,2022-01-24,40.2,43.9,44.35,39.65,6562312.0
329828,2022-01-25,40.95,40.8,41.9,39.25,4225529.0
329828,2022-02-09,43.5,42.6,44.2,42.1,1826731.0
329828,2022-04-01,42.15,41.0,42.9,40.8,4277748.0
329828,2022-04-05,43.15,44.5,44.65,42.8,4229848.0
329828,2022-05-31,40.25,42.0,42.0,39.75,6535340.0
329828,2022-06-09,35.75,36.1,36.35,35.5,1329615.0
329828,2022-06-14,35.95,36.1,36.8,35.5,1934097.0
329828,2022-06-29,36.7,37.0,37.3,36.3,2768792.0
329828,2022-07-19,34.95,35.55,35.85,34.7,1194510.0
329828,2022-10-17,36.15,35.9,36.5,35.75,910472.0
329828,2023-01-17,34.05,34.15,34.25,33.5,1732412.0
329828,2023-02-22,28.25,28.8,29.0,27.35,2057437.0
329828,2023-02-27,26.95,27.65,27.65,26.9,828100.0
329828,2023-04-27,35.15,35.4,36.25,35.05,1823181.0
329828,2023-05-17,38.25,38.3,38.85,37.65,2227107.0
329828,2023-05-22,38.7,38.05,38.85,36.95,2793894.0
329828,2023-06-19,42.25,42.15,43.8,42.0,12287576.0
329828,2021-04-23,17.35,16.55,17.35,16.55,1093239.0
329828,2021-04-28,20.05,20.05,20.05,19.15,8231291.0
329828,2021-05-31,21.7,22.0,22.15,21.25,2416194.0
329828,2021-06-24,25.5,26.1,26.35,25.1,2443822.0
329828,2021-07-16,33.9,33.5,35.0,33.2,3579476.0
329828,2021-07-28,30.25,31.55,31.95,29.7,3742010.0
329828,2021-07-30,32.35,32.9,33.3,31.55,4292271.0
329828,2021-08-09,30.7,31.7,32.1,30.45,2245278.0
329828,2021-08-18,27.85,29.95,30.0,27.5,3337869.0
329828,2021-08-30,32.25,32.5,33.3,31.3,5297610.0
329828,2021-11-11,47.4,48.0,48.2,46.0,4472108.0
329828,2021-11-16,43.85,43.7,45.35,43.1,2106152.0
329828,2021-12-07,44.25,44.8,46.55,43.6,3981603.0
329828,2021-12-10,43.4,43.7,44.3,42.0,2714416.0
329828,2021-12-21,38.9,38.05,39.9,38.05,1543845.0
329828,2022-01-06,48.65,43.75,48.65,43.0,8333936.0
329828,2022-03-03,40.55,40.6,41.25,40.0,1843047.0
329828,2022-03-08,38.05,38.1,39.55,36.95,2611049.0
329828,2022-03-21,41.65,42.7,43.25,41.25,2345243.0
329828,2022-05-02,40.5,40.5,41.3,40.3,1096501.0
329828,2022-06-22,41.45,41.2,43.8,39.85,42539868.0
329828,2022-07-11,35.15,35.2,35.6,34.95,1124532.0
329828,2022-08-08,34.8,35.0,35.35,34.75,1052449.0
329828,2022-08-23,38.65,38.8,39.3,38.15,2698780.0
329828,2022-09-14,43.25,41.65,43.6,41.65,3291822.0
329828,2022-11-02,35.9,35.85,36.6,35.7,1222634.0
329828,2022-11-23,34.1,32.8,34.4,32.75,2596857.0
329828,2022-12-28,31.85,31.65,32.4,31.5,2028490.0
329828,2023-02-23,27.8,28.4,28.8,27.65,934560.0
329828,2023-03-02,26.8,27.2,27.3,26.7,877589.0
329828,2023-03-15,28.7,28.3,29.4,27.7,3446686.0
329828,2023-03-17,32.85,31.45,33.45,31.3,12437135.0
329828,2023-04-06,36.45,36.0,36.65,35.4,3239675.0
329828,2023-04-24,36.4,36.15,37.15,35.7,2465654.0
329828,2023-06-02,41.55,41.5,43.4,41.25,11852335.0
329828,2023-07-13,40.75,42.2,42.8,40.3,4409913.0
329828,2023-07-11,42.1,42.75,43.5,41.7,6230028.0
329828,2023-07-26,45.9,45.75,47.45,45.1,13193950.0
329828,2023-08-08,47.15,48.0,50.65,46.05,18537830.0
329828,2023-07-21,41.25,41.4,41.75,41.05,2359858.0
329828,2023-07-12,42.15,42.25,43.2,41.85,4388251.0
329828,2023-07-24,44.75,41.25,45.8,41.15,22619608.0
329828,2023-07-28,44.55,44.7,44.95,43.8,5196206.0
329828,2023-08-17,56.25,56.2,57.75,55.5,15147374.0
329828,2023-08-18,54.2,56.5,56.5,53.3,11317246.0
329828,2023-07-18,41.7,41.75,42.0,40.85,3145254.0
329828,2023-07-25,45.55,45.0,46.0,44.25,13110833.0
329828,2023-07-31,44.25,44.5,45.0,44.0,5048527.0
329828,2023-08-07,47.8,48.3,49.55,47.55,7460445.0
329828,2023-07-14,41.8,40.95,42.15,40.25,4070043.0
329828,2023-07-20,41.7,41.65,42.4,41.4,2990630.0
329828,2023-07-19,41.75,41.8,42.85,41.6,4852567.0
329828,2023-08-10,50.35,50.0,53.6,49.75,24109394.0
329828,2023-07-27,44.7,45.95,46.3,44.1,4615408.0
329828,2023-08-14,52.5,50.5,53.1,48.75,12899030.0
329828,2023-08-21,58.25,54.6,58.8,54.4,13937059.0
329828,2023-08-03,44.55,43.65,44.8,43.55,4417831.0
329828,2023-07-17,41.55,41.9,42.15,41.4,2550432.0
329828,2023-08-04,47.9,44.9,49.0,44.9,23900505.0
329828,2023-08-09,49.9,48.0,50.2,47.8,13391893.0
329828,2023-08-16,55.8,52.5,56.7,52.1,20365421.0
329828,2023-08-23,61.9,59.3,62.25,59.2,7434511.0
329828,2023-08-01,46.25,44.5,46.55,44.1,9464245.0
329828,2023-08-11,50.35,50.7,52.25,50.0,7055545.0
329828,2023-08-22,58.9,58.85,59.7,58.0,10889173.0
329828,2023-08-02,43.65,45.7,46.05,43.1,8098734.0
