stockid,date,close,open,high,low,volume
1003740,2022-11-29,434.65,426.0,446.8,418.9,6168593.0
1003740,2022-12-06,395.6,400.3,406.25,391.25,560446.0
1003740,2022-12-15,387.45,388.7,397.95,385.05,432752.0
1003740,2022-11-30,416.45,431.7,441.95,412.95,3126303.0
1003740,2022-11-18,317.5,322.8,324.45,303.0,2754410.0
1003740,2023-01-05,412.1,417.2,420.65,407.0,229665.0
1003740,2023-02-14,384.75,383.15,387.4,375.0,288922.0
1003740,2023-02-15,377.9,386.7,386.7,377.0,81328.0
1003740,2023-01-06,409.2,412.65,421.9,405.25,257367.0
1003740,2023-03-15,359.05,366.0,366.0,355.75,160283.0
1003740,2023-01-10,393.25,405.0,405.0,391.1,252122.0
1003740,2023-04-10,352.7,358.55,360.8,348.35,83202.0
1003740,2023-04-11,350.7,354.95,356.05,349.85,76378.0
1003740,2023-05-11,385.7,374.0,390.0,363.05,929186.0
1003740,2023-04-17,359.25,357.95,369.0,355.35,120891.0
1003740,2023-05-12,372.7,388.0,390.0,369.0,2191914.0
1003740,2023-06-06,380.15,381.7,383.0,375.6,167562.0
1003740,2023-04-21,366.3,376.0,376.8,362.1,192768.0
1003740,2023-06-30,417.8,422.9,426.0,416.5,312583.0
1003740,2023-07-06,415.8,412.0,418.0,410.25,210662.0
1003740,2023-07-31,485.0,475.0,486.9,473.5,461829.0
1003740,2023-08-16,479.65,488.65,489.45,477.4,168544.0
1003740,2023-01-16,421.6,431.45,431.85,418.5,214000.0
1003740,2023-02-03,373.65,388.9,388.9,368.0,281638.0
1003740,2023-02-16,380.2,379.75,383.35,378.0,213439.0
1003740,2023-02-20,373.35,378.95,380.0,372.25,57232.0
1003740,2023-02-21,374.25,374.5,379.0,369.85,113593.0
1003740,2023-03-08,365.65,364.75,372.3,361.85,157662.0
1003740,2023-03-20,346.3,348.1,355.95,341.3,97016.0
1003740,2023-04-20,374.9,375.55,378.5,369.05,393634.0
1003740,2023-01-11,403.15,395.4,412.9,394.75,327706.0
1003740,2023-01-03,425.75,423.45,442.35,414.9,842251.0
1003740,2022-11-16,317.45,322.8,334.7,314.2,27437210.0
1003740,2023-01-17,419.8,421.85,434.7,416.1,286514.0
1003740,2023-02-10,380.55,379.4,385.0,376.2,327853.0
1003740,2023-03-28,348.9,349.85,352.95,346.9,69688.0
1003740,2023-04-28,375.2,377.8,378.1,371.7,109468.0
1003740,2023-05-02,374.05,376.05,378.4,373.55,66934.0
1003740,2023-05-26,375.75,383.8,394.35,372.25,664101.0
1003740,2023-05-29,380.0,379.95,389.5,372.3,535303.0
1003740,2023-05-31,381.95,379.4,385.1,374.0,1123857.0
1003740,2023-06-14,415.4,417.0,421.05,409.0,304059.0
1003740,2023-07-12,416.0,408.4,418.75,408.4,357303.0
1003740,2023-08-07,483.5,479.0,487.1,477.0,367320.0
1003740,2023-08-18,478.7,476.0,485.8,475.0,1018027.0
1003740,2023-01-19,416.45,416.45,426.55,414.15,171384.0
1003740,2023-02-02,384.6,393.95,393.95,383.0,136935.0
1003740,2023-03-01,359.8,358.9,362.9,358.55,190854.0
1003740,2023-04-24,365.75,366.3,368.95,360.5,96298.0
1003740,2023-04-25,360.55,366.25,366.6,358.8,140482.0
1003740,2023-05-05,372.3,371.7,375.7,370.0,74196.0
1003740,2023-05-09,369.35,377.05,377.05,368.0,70372.0
1003740,2023-05-16,369.85,374.0,374.0,368.2,189776.0
1003740,2023-05-19,384.2,382.0,384.65,376.8,151370.0
1003740,2023-05-22,383.7,394.7,394.7,380.0,212010.0
1003740,2023-06-16,409.25,413.25,416.7,405.0,136075.0
1003740,2023-07-20,454.7,453.0,467.7,450.0,1316435.0
1003740,2023-01-13,433.45,431.0,437.0,418.5,745337.0
1003740,2023-01-23,426.7,420.5,440.05,420.0,1409332.0
1003740,2023-01-27,420.9,440.0,441.5,420.9,539492.0
1003740,2023-03-29,361.9,348.0,370.0,348.0,167350.0
1003740,2023-04-27,374.8,374.5,380.7,360.1,334144.0
1003740,2023-05-08,372.65,373.95,378.9,370.25,83643.0
1003740,2023-06-05,381.9,382.3,385.0,378.0,247742.0
1003740,2023-06-08,389.25,382.25,393.6,378.85,1216057.0
1003740,2023-07-19,448.65,428.0,468.9,426.6,4659498.0
1003740,2023-08-04,476.05,484.25,484.5,475.75,272241.0
1003740,2022-12-12,394.6,394.6,398.95,391.0,415159.0
1003740,2022-12-13,384.0,396.0,396.4,381.6,362195.0
1003740,2022-12-21,369.05,382.15,384.0,361.2,389627.0
1003740,2023-01-04,414.85,427.85,429.0,412.3,343325.0
1003740,2023-01-18,418.7,421.95,424.45,417.5,124538.0
1003740,2023-01-20,419.1,418.9,426.95,417.2,182600.0
1003740,2023-01-24,426.1,427.05,436.8,421.0,385256.0
1003740,2023-02-07,377.65,382.3,384.95,375.0,180992.0
1003740,2023-02-22,375.4,373.7,383.85,372.05,375570.0
1003740,2023-02-23,371.35,376.7,380.0,370.0,149509.0
1003740,2023-03-09,369.0,367.25,374.55,361.05,251775.0
1003740,2023-03-17,353.0,355.55,356.25,348.1,90962.0
1003740,2023-04-05,357.6,360.45,360.5,355.2,58854.0
1003740,2023-05-23,384.6,385.9,391.0,382.2,232856.0
1003740,2023-05-24,381.8,393.0,403.0,379.05,833955.0
1003740,2023-06-02,382.25,382.9,385.0,380.1,107698.0
1003740,2023-07-28,473.5,473.0,476.95,462.55,313925.0
1003740,2023-08-22,489.5,483.9,499.8,481.95,949159.0
1003740,2022-12-26,367.65,347.0,367.65,347.0,210930.0
1003740,2022-11-28,427.35,387.0,431.0,387.0,6560933.0
1003740,2022-12-14,390.25,385.0,403.2,380.3,1222965.0
1003740,2023-03-13,361.5,366.0,367.25,361.0,85276.0
1003740,2023-03-16,353.75,358.2,358.6,348.5,426126.0
1003740,2023-03-27,348.1,354.95,356.8,345.9,271665.0
1003740,2023-05-15,370.35,369.0,374.7,364.05,352536.0
1003740,2023-06-09,396.5,390.7,401.5,388.75,671826.0
1003740,2023-07-07,415.45,417.45,417.45,410.0,910403.0
1003740,2023-08-10,489.6,493.4,495.1,483.25,315352.0
1003740,2022-11-21,310.9,315.1,315.75,306.1,1119849.0
1003740,2023-01-02,421.3,436.2,444.25,417.15,476079.0
1003740,2023-01-30,399.85,407.25,416.95,399.85,387973.0
1003740,2023-01-12,423.3,404.0,423.3,398.6,716466.0
1003740,2023-03-24,354.5,362.25,365.2,351.65,129122.0
1003740,2023-04-19,374.5,361.65,395.7,360.8,2121111.0
1003740,2023-02-09,380.0,378.3,380.9,369.95,495790.0
1003740,2023-06-20,416.15,416.4,417.0,409.9,176327.0
1003740,2023-02-24,363.4,369.2,374.35,361.2,1149939.0
1003740,2023-06-23,426.8,428.4,432.4,416.05,459208.0
1003740,2023-02-27,353.05,363.25,363.9,347.85,264596.0
1003740,2023-07-03,408.9,419.8,420.9,408.1,267127.0
1003740,2023-03-22,344.6,348.0,350.0,343.05,130343.0
1003740,2023-07-10,410.4,417.0,417.0,405.0,171264.0
1003740,2023-03-23,360.4,343.45,362.75,343.05,186101.0
1003740,2023-07-18,426.3,448.0,448.0,414.35,472829.0
1003740,2023-04-03,358.7,362.6,362.6,356.6,52264.0
1003740,2023-05-04,371.15,375.95,380.55,370.05,121223.0
1003740,2023-08-03,481.3,475.1,485.8,475.1,492313.0
1003740,2023-08-09,491.55,484.9,496.85,482.5,822541.0
1003740,2023-06-13,416.05,418.4,419.0,408.1,867606.0
1003740,2023-06-15,413.25,415.7,416.9,409.1,232652.0
1003740,2023-08-02,472.4,504.05,509.0,465.0,2065069.0
1003740,2022-12-16,385.05,385.0,392.8,376.0,1353175.0
1003740,2022-12-22,363.3,369.05,373.85,351.25,435880.0
1003740,2023-01-09,405.95,415.1,417.65,400.8,296782.0
1003740,2023-02-08,378.3,379.45,384.85,376.2,154376.0
1003740,2023-04-12,352.15,353.2,360.0,349.5,222818.0
1003740,2023-05-30,378.15,382.0,382.65,377.0,164169.0
1003740,2023-06-19,415.2,410.0,416.45,405.2,196769.0
1003740,2023-06-26,419.5,429.9,431.0,416.65,161177.0
1003740,2023-06-28,424.1,432.0,447.3,420.6,9329920.0
1003740,2023-07-04,408.9,411.6,414.35,403.3,297868.0
1003740,2023-07-14,429.2,417.0,432.7,410.1,741468.0
1003740,2023-08-14,487.5,489.6,490.0,472.0,196914.0
1003740,2023-08-17,476.25,483.0,483.0,474.15,172670.0
1003740,2022-11-17,321.25,320.0,334.7,320.0,4548853.0
1003740,2022-11-22,313.45,312.0,316.0,309.05,1194243.0
1003740,2022-11-25,391.85,387.1,410.0,368.1,9386769.0
1003740,2022-12-07,412.65,410.0,415.35,405.0,2545980.0
1003740,2022-12-29,425.55,425.55,425.55,420.6,578705.0
1003740,2023-02-01,387.1,399.7,401.0,381.0,244369.0
1003740,2023-03-02,361.65,361.3,366.1,357.1,53619.0
1003740,2023-04-18,359.75,358.25,362.2,358.0,56911.0
1003740,2023-04-26,370.55,360.85,382.0,358.05,480569.0
1003740,2023-05-03,373.9,373.0,375.9,368.85,220167.0
1003740,2023-06-07,380.05,381.05,383.65,378.5,377157.0
1003740,2023-06-22,422.3,410.95,425.0,406.4,525295.0
1003740,2023-07-05,409.75,409.0,411.9,405.0,143985.0
1003740,2023-07-27,472.3,475.1,482.0,468.5,278005.0
1003740,2022-12-01,408.05,420.0,430.65,403.4,1318502.0
1003740,2022-12-02,411.9,410.0,417.95,407.5,829068.0
1003740,2022-12-09,393.3,409.1,409.1,391.0,570979.0
1003740,2022-12-23,350.15,356.0,356.4,345.15,856994.0
1003740,2023-03-06,365.5,364.55,368.05,363.9,181434.0
1003740,2023-04-06,358.55,357.1,364.1,355.1,71959.0
1003740,2023-05-17,387.25,369.95,389.9,368.3,890774.0
1003740,2023-05-25,381.2,382.2,392.4,379.8,483611.0
1003740,2023-07-17,430.4,430.0,439.0,424.0,505770.0
1003740,2023-07-21,462.7,454.0,464.95,448.0,739923.0
1003740,2023-08-08,482.7,484.4,489.1,467.3,1023153.0
1003740,2022-11-23,344.75,314.0,344.75,310.55,4006812.0
1003740,2022-11-24,379.2,351.6,379.2,351.6,9697965.0
1003740,2022-12-28,405.3,405.0,405.3,400.0,499502.0
1003740,2023-01-25,443.05,426.75,447.4,415.0,713196.0
1003740,2023-02-06,381.6,375.9,384.8,374.55,154525.0
1003740,2023-03-10,367.3,363.05,370.05,360.95,101570.0
1003740,2023-03-31,362.6,362.25,370.0,359.3,148795.0
1003740,2023-04-13,357.25,351.1,361.2,351.1,133290.0
1003740,2023-06-01,381.95,382.0,386.0,381.0,177958.0
1003740,2023-06-12,414.15,396.35,417.5,389.8,1299769.0
1003740,2023-07-13,411.5,418.85,424.0,406.0,298501.0
1003740,2023-07-26,474.15,489.05,490.0,462.3,709851.0
1003740,2023-08-01,484.2,488.0,491.4,481.25,300723.0
1003740,2023-08-21,480.95,482.3,484.2,478.0,495127.0
1003740,2022-12-08,407.1,412.45,415.5,403.0,957992.0
1003740,2022-12-19,385.3,386.65,388.0,379.7,252839.0
1003740,2022-12-30,436.2,446.8,446.8,405.4,1871999.0
1003740,2023-03-14,359.7,363.3,363.3,357.05,81477.0
1003740,2023-06-21,409.95,418.0,419.95,407.6,103073.0
1003740,2023-07-24,470.95,465.75,479.5,465.5,893576.0
1003740,2023-08-11,488.15,492.95,493.0,482.0,160623.0
1003740,2022-12-05,398.3,414.0,415.45,396.0,552058.0
1003740,2022-12-20,380.2,380.05,384.9,378.85,161483.0
1003740,2022-12-27,386.0,375.25,386.0,375.25,290085.0
1003740,2023-01-31,392.9,400.0,404.9,379.85,1336592.0
1003740,2023-02-13,381.3,382.5,384.25,379.05,159821.0
1003740,2023-02-17,377.35,379.8,382.4,376.0,143630.0
1003740,2023-02-28,357.3,354.8,360.85,353.3,113951.0
1003740,2023-03-03,363.15,363.4,366.3,361.95,64016.0
1003740,2023-03-21,347.35,346.3,350.0,343.0,82919.0
1003740,2023-05-10,370.3,367.0,372.3,367.0,109281.0
1003740,2023-05-18,381.1,393.0,393.95,379.6,284087.0
1003740,2023-06-27,429.1,420.9,440.0,414.0,505952.0
1003740,2023-07-11,407.0,409.0,410.9,404.05,263236.0
1003740,2023-07-25,487.8,473.0,491.9,469.75,1156421.0
1003740,2023-08-23,484.25,490.7,493.4,484.0,55745.0
