stockid,date,close,open,high,low,volume
407518,2021-01-19,237.55,245.4,258.55,235.1,11226.0
407518,2021-02-04,247.7,246.0,248.0,245.0,1243.0
407518,2021-01-11,254.9,255.0,259.85,247.6,3447.0
407518,2021-01-28,245.0,230.2,248.1,230.0,2326.0
407518,2021-02-03,248.5,250.75,250.75,244.05,1661.0
407518,2021-03-22,279.55,289.95,289.95,276.05,4450.0
407518,2021-04-05,261.2,271.05,271.95,249.95,8223.0
407518,2021-04-22,348.0,362.0,365.2,337.35,100723.0
407518,2021-05-11,300.9,303.05,305.05,298.45,5159.0
407518,2021-07-22,349.05,362.25,373.95,345.05,9102.0
407518,2021-07-27,364.6,367.0,367.0,346.35,9104.0
407518,2021-08-04,367.5,380.0,382.0,365.2,15344.0
407518,2021-08-05,353.0,367.05,367.05,350.25,8569.0
407518,2021-10-01,442.25,431.1,449.9,426.2,6125.0
407518,2021-11-23,648.75,615.8,661.7,603.95,29363.0
407518,2021-11-29,618.45,605.1,643.3,589.45,25501.0
407518,2021-12-02,869.35,900.0,948.4,851.45,370748.0
407518,2021-12-06,896.85,839.95,960.0,839.95,177038.0
407518,2021-12-22,829.85,833.8,849.3,815.05,40138.0
407518,2021-12-24,800.95,807.1,820.7,790.75,21148.0
407518,2022-01-18,958.5,1005.45,1005.45,932.25,24446.0
407518,2022-01-19,985.05,969.0,1000.2,930.6,35142.0
407518,2022-01-21,977.55,987.1,992.0,953.05,20441.0
407518,2022-01-27,985.55,998.0,1015.0,973.75,20211.0
407518,2022-02-14,950.4,1001.0,1010.15,934.25,31692.0
407518,2022-03-09,842.65,823.0,862.0,802.1,12601.0
407518,2022-04-01,1040.35,979.9,1050.45,975.0,44089.0
407518,2022-04-18,1080.0,1088.0,1142.2,1045.0,28730.0
407518,2022-05-06,902.85,880.5,918.4,856.25,5460.0
407518,2022-06-17,634.0,634.95,656.65,594.15,10092.0
407518,2022-07-15,666.05,669.95,670.3,653.3,1430.0
407518,2022-08-12,778.65,767.95,802.4,767.9,12158.0
407518,2022-09-08,943.8,972.0,975.0,937.0,30848.0
407518,2022-09-15,908.25,939.85,960.0,899.95,16002.0
407518,2022-10-04,1044.6,978.0,1073.95,970.55,72115.0
407518,2022-10-17,1086.95,1061.4,1099.1,1049.0,22348.0
407518,2021-01-06,254.25,227.45,270.0,213.4,38038.0
407518,2021-01-14,247.3,243.85,248.95,243.75,1528.0
407518,2021-01-27,239.2,246.3,247.4,235.0,4656.0
407518,2021-02-11,249.45,239.0,255.0,239.0,4488.0
407518,2021-03-16,274.05,280.75,291.95,271.35,2401.0
407518,2021-04-09,283.75,273.85,285.0,273.0,10301.0
407518,2021-05-03,309.75,315.0,315.0,306.5,14869.0
407518,2021-05-25,284.55,276.0,290.0,276.0,10171.0
407518,2021-06-30,334.2,336.0,348.0,330.25,1901.0
407518,2021-07-05,326.75,336.0,336.85,325.0,2134.0
407518,2021-08-20,369.1,356.15,384.5,349.95,12291.0
407518,2021-09-09,417.9,447.95,447.95,410.05,5150.0
407518,2021-09-27,452.7,425.0,457.5,425.0,25185.0
407518,2021-10-07,440.9,437.95,445.8,429.6,2035.0
407518,2021-10-25,479.65,482.75,512.2,463.5,66833.0
407518,2021-11-04,602.8,582.0,629.9,582.0,17469.0
407518,2021-11-17,702.95,602.0,715.9,580.1,327750.0
407518,2021-12-15,889.5,871.95,912.0,856.85,61035.0
407518,2021-12-28,835.9,800.0,850.0,800.0,21444.0
407518,2022-01-12,1008.75,991.0,1030.0,970.0,44288.0
407518,2022-01-31,1029.1,1130.9,1130.9,1020.0,61590.0
407518,2022-04-05,996.2,1020.0,1049.95,990.0,11600.0
407518,2022-04-11,1018.15,1018.8,1025.0,1004.0,4978.0
407518,2022-04-21,1038.0,1021.0,1055.0,1019.3,5211.0
407518,2022-04-29,939.5,984.95,1071.4,930.0,15711.0
407518,2022-05-16,823.45,844.95,862.5,815.5,3289.0
407518,2022-05-17,887.95,856.5,900.0,851.45,16130.0
407518,2022-06-10,717.65,680.3,717.65,667.25,16792.0
407518,2022-06-23,686.4,645.3,689.0,645.3,6134.0
407518,2022-06-29,684.25,694.4,697.75,680.0,581.0
407518,2022-07-05,661.25,668.05,675.9,660.0,1977.0
407518,2022-07-14,665.75,684.95,697.4,660.1,3740.0
407518,2022-07-28,756.25,819.0,821.55,750.0,14826.0
407518,2022-08-16,804.7,790.35,827.9,779.0,10723.0
407518,2022-08-25,849.95,850.0,858.9,821.85,298571.0
407518,2022-08-26,902.65,893.0,999.0,882.05,148293.0
407518,2022-09-05,933.2,932.0,943.3,930.0,11825.0
407518,2022-10-14,1057.3,1100.0,1104.95,1051.0,17485.0
407518,2022-11-07,998.55,1032.1,1032.1,956.7,74235.0
407518,2022-12-08,1023.65,1024.0,1043.9,1004.15,19460.0
407518,2021-03-04,282.65,302.0,302.0,276.25,8997.0
407518,2021-04-15,300.4,282.0,305.0,273.05,10643.0
407518,2021-04-16,360.45,310.95,360.45,303.0,39030.0
407518,2021-04-20,372.65,404.95,435.0,369.85,208896.0
407518,2021-05-21,290.95,295.0,299.95,285.65,17352.0
407518,2021-06-01,282.8,283.65,284.7,280.55,3512.0
407518,2021-06-09,334.55,332.5,348.5,325.65,31107.0
407518,2021-06-15,356.3,375.0,380.0,352.4,10706.0
407518,2021-07-28,362.0,366.0,366.25,355.0,9608.0
407518,2021-08-02,368.4,375.9,375.9,365.05,10608.0
407518,2021-08-30,397.15,417.75,417.75,372.25,6115.0
407518,2021-10-11,461.7,454.05,468.0,451.05,6357.0
407518,2021-10-13,441.4,452.35,456.0,441.05,4773.0
407518,2021-10-18,520.55,525.0,533.8,493.0,54358.0
407518,2021-10-20,485.15,512.85,521.55,480.0,9355.0
407518,2021-10-29,601.3,635.0,635.0,592.25,86821.0
407518,2021-11-10,601.25,609.95,615.0,586.0,22573.0
407518,2021-11-16,596.6,602.85,613.0,585.55,11307.0
407518,2021-11-24,654.2,658.9,679.05,648.15,28994.0
407518,2021-11-30,673.1,629.0,682.0,626.3,43678.0
407518,2021-12-17,897.3,928.0,949.5,886.0,39075.0
407518,2022-01-20,983.05,966.0,996.65,944.05,23728.0
407518,2022-02-17,901.4,925.0,951.2,881.15,10458.0
407518,2022-03-25,933.7,943.0,943.0,920.0,5521.0
407518,2022-04-12,1018.35,1029.0,1032.05,986.5,4718.0
407518,2022-04-13,1086.9,1011.3,1097.55,1011.3,44619.0
407518,2022-04-22,1029.65,1020.5,1064.8,1003.65,4022.0
407518,2022-05-24,735.1,759.9,789.55,729.0,10878.0
407518,2022-06-07,656.75,689.0,689.0,644.0,6547.0
407518,2022-06-16,625.4,628.0,655.0,606.05,6271.0
407518,2022-07-20,692.85,690.25,700.95,686.0,4053.0
407518,2022-09-02,933.3,935.0,944.95,930.0,7326.0
407518,2022-09-29,949.65,923.9,955.0,918.0,51638.0
407518,2022-10-21,1012.35,1064.65,1073.35,1001.35,40183.0
407518,2022-11-10,997.75,990.0,1009.0,984.1,88565.0
407518,2022-11-21,941.65,944.0,960.25,934.0,9405.0
407518,2022-11-25,969.95,963.8,978.7,949.6,18161.0
407518,2022-12-05,970.55,1015.0,1018.0,958.55,30509.0
407518,2021-02-09,241.2,238.25,250.0,238.25,3090.0
407518,2021-02-15,270.95,264.0,279.85,259.95,11569.0
407518,2021-03-08,286.4,286.75,293.9,280.4,3296.0
407518,2021-05-04,305.4,315.95,315.95,300.05,13212.0
407518,2021-05-06,303.15,310.6,310.6,300.3,4418.0
407518,2021-06-25,349.4,340.1,350.0,335.0,4539.0
407518,2021-07-16,345.35,349.5,349.5,328.1,5526.0
407518,2021-08-26,407.65,379.9,407.65,357.0,26140.0
407518,2021-09-01,407.7,385.85,422.8,385.5,16989.0
407518,2021-09-06,446.65,449.3,472.9,439.25,29849.0
407518,2021-12-14,866.3,835.0,899.0,828.0,60946.0
407518,2021-12-21,826.3,860.0,884.15,805.65,22748.0
407518,2022-01-05,937.6,987.95,991.0,920.6,60041.0
407518,2022-01-07,975.9,969.4,992.65,964.15,20847.0
407518,2022-02-01,991.8,1030.0,1060.0,984.8,35805.0
407518,2022-02-07,1068.85,1084.8,1129.65,1060.0,13234.0
407518,2022-03-04,810.95,829.0,829.0,784.9,20833.0
407518,2022-05-23,757.5,836.7,836.7,753.05,19501.0
407518,2022-09-07,959.55,950.0,973.0,943.8,35360.0
407518,2022-09-19,889.55,904.6,904.6,865.0,7486.0
407518,2022-10-13,1076.7,1098.0,1129.0,1065.0,33805.0
407518,2022-11-17,966.2,1005.75,1005.75,956.7,17572.0
407518,2021-01-18,225.1,235.35,236.0,224.0,3428.0
407518,2021-02-18,282.3,272.4,294.4,267.3,16817.0
407518,2021-03-15,281.0,294.8,294.8,275.55,2847.0
407518,2021-03-25,275.75,284.9,284.9,265.0,4553.0
407518,2021-04-13,286.0,275.0,298.65,270.05,5499.0
407518,2021-05-18,302.0,302.0,309.45,295.25,4568.0
407518,2021-06-02,279.45,289.5,289.5,275.1,3728.0
407518,2021-07-07,330.0,339.85,339.85,325.0,480.0
407518,2021-07-12,325.95,337.95,337.95,324.0,1075.0
407518,2021-08-06,334.4,362.95,362.95,326.5,14348.0
407518,2021-08-31,390.95,407.5,407.5,376.0,5806.0
407518,2021-09-03,441.7,457.0,459.0,426.6,45879.0
407518,2021-09-07,439.25,446.85,455.65,427.4,9531.0
407518,2021-09-14,420.7,425.0,425.0,408.0,7896.0
407518,2021-09-23,419.05,439.35,439.35,412.0,18870.0
407518,2021-09-28,463.7,460.0,488.0,458.0,47661.0
407518,2021-09-30,431.1,444.0,444.0,421.15,12358.0
407518,2021-10-04,441.15,448.9,468.3,436.0,5181.0
407518,2021-11-02,593.6,561.0,604.55,560.0,25952.0
407518,2021-11-26,623.7,630.9,640.0,612.35,21477.0
407518,2021-12-01,807.7,684.7,807.7,667.7,193299.0
407518,2021-12-13,845.5,879.05,887.25,840.55,24244.0
407518,2022-01-14,995.45,978.0,1000.0,977.6,12080.0
407518,2022-01-25,988.05,930.4,997.5,911.0,20907.0
407518,2022-02-02,1090.95,1019.9,1090.95,1011.05,34351.0
407518,2022-02-21,905.75,958.9,958.9,893.35,10082.0
407518,2022-03-08,806.95,765.5,817.5,765.5,24396.0
407518,2022-04-27,989.05,979.8,1003.2,967.0,6775.0
407518,2022-05-02,902.25,912.2,938.85,875.55,8396.0
407518,2022-05-09,848.9,891.5,900.85,836.0,14924.0
407518,2022-07-04,667.5,669.5,675.5,656.4,1015.0
407518,2022-07-07,681.15,677.4,690.55,675.0,2981.0
407518,2022-08-08,796.4,771.3,834.95,771.05,11101.0
407518,2022-08-18,798.25,801.0,805.0,785.75,7543.0
407518,2022-08-23,802.05,775.0,834.0,775.0,43120.0
407518,2022-09-14,934.5,907.0,949.7,906.5,14875.0
407518,2022-10-19,1065.75,1090.85,1155.9,1041.8,142219.0
407518,2022-11-29,1027.8,995.9,1035.0,992.7,30233.0
407518,2022-12-12,1003.0,1034.8,1034.8,991.0,13134.0
407518,2021-01-05,227.45,226.15,232.95,222.35,4616.0
407518,2021-01-25,255.5,259.0,263.75,246.1,4585.0
407518,2021-02-22,300.05,322.0,322.0,297.4,12134.0
407518,2021-04-19,410.9,379.8,423.4,372.5,298317.0
407518,2021-05-14,297.5,305.25,305.25,295.1,3992.0
407518,2021-05-19,297.4,309.95,309.95,296.1,4073.0
407518,2021-06-03,286.8,280.5,292.05,278.0,10544.0
407518,2021-08-10,339.45,350.0,362.45,332.1,14127.0
407518,2021-08-17,359.8,365.35,365.45,356.5,4669.0
407518,2021-09-16,439.65,438.45,454.5,430.5,6177.0
407518,2021-10-08,453.05,448.1,458.6,435.45,5905.0
407518,2021-10-14,517.9,458.75,529.65,438.3,208042.0
407518,2021-12-16,928.7,899.45,942.0,885.0,119451.0
407518,2022-02-15,926.85,920.2,969.95,915.55,32129.0
407518,2022-04-08,1000.45,976.9,1009.1,976.9,6786.0
407518,2022-05-04,892.3,899.0,909.95,882.05,6067.0
407518,2022-05-20,836.7,888.95,896.0,831.05,6261.0
407518,2022-06-14,647.75,662.65,674.1,647.75,10346.0
407518,2022-06-24,691.7,693.65,705.55,680.1,4699.0
407518,2022-08-03,822.5,838.0,849.95,790.15,12365.0
407518,2022-08-30,933.2,907.0,987.9,907.0,27424.0
407518,2022-09-27,932.5,893.0,940.0,893.0,34189.0
407518,2022-09-28,922.85,933.0,960.5,902.0,36502.0
407518,2022-09-30,935.55,924.0,960.3,924.0,29139.0
407518,2022-11-24,949.55,941.85,958.95,941.15,27560.0
407518,2021-02-25,300.6,301.05,304.95,300.0,3773.0
407518,2021-02-26,292.7,296.05,301.45,290.0,3084.0
407518,2021-03-09,289.0,287.2,307.65,284.2,2881.0
407518,2021-04-27,319.15,320.05,329.2,309.0,22635.0
407518,2021-05-10,302.1,303.05,305.5,299.9,9391.0
407518,2021-05-24,281.3,290.95,290.95,276.45,20802.0
407518,2021-06-10,351.25,337.9,351.25,330.05,25441.0
407518,2021-07-13,322.35,316.25,334.4,310.0,3429.0
407518,2021-09-20,419.55,430.25,446.05,412.1,17811.0
407518,2021-09-21,433.85,439.0,444.0,411.0,9622.0
407518,2021-10-06,428.65,461.8,461.8,426.85,4550.0
407518,2021-10-26,470.1,483.0,485.0,467.05,19715.0
407518,2021-11-25,648.65,657.0,669.0,634.25,19389.0
407518,2021-12-30,871.35,880.55,898.0,860.0,19266.0
407518,2022-02-10,1037.85,1060.0,1067.75,1035.0,7687.0
407518,2022-03-30,972.2,1020.0,1024.9,957.0,22148.0
407518,2022-04-07,975.5,990.0,1016.75,969.0,6061.0
407518,2022-06-22,656.5,679.9,679.9,632.8,6904.0
407518,2022-07-13,690.5,688.75,699.15,681.0,3182.0
407518,2022-07-29,794.05,794.05,794.05,794.05,3225.0
407518,2022-09-26,923.6,873.75,950.0,831.85,485278.0
407518,2022-10-10,1069.1,1069.95,1115.0,1055.0,64183.0
407518,2022-10-24,992.7,1030.5,1039.9,973.15,9934.0
407518,2022-10-28,1010.5,990.25,1017.65,990.25,10630.0
407518,2022-11-03,1037.5,1018.0,1045.0,1013.65,16534.0
407518,2022-11-09,990.7,1000.0,1005.0,980.0,108762.0
407518,2021-01-15,237.4,243.0,247.9,236.05,1147.0
407518,2021-01-20,241.9,251.0,251.0,237.55,2415.0
407518,2021-01-29,238.45,246.1,246.1,235.9,1463.0
407518,2021-02-17,266.0,255.0,292.0,255.0,19944.0
407518,2021-03-24,276.95,280.4,281.05,273.75,7521.0
407518,2021-03-30,265.9,285.0,285.0,263.05,2603.0
407518,2021-04-26,317.05,331.0,337.4,310.25,26822.0
407518,2021-04-30,314.65,308.5,319.45,306.8,12064.0
407518,2021-06-07,316.15,315.95,316.15,310.0,4223.0
407518,2021-06-11,368.65,363.95,368.8,353.0,22061.0
407518,2021-07-02,337.0,334.0,341.0,327.0,2303.0
407518,2021-07-19,345.0,330.5,350.0,330.5,2814.0
407518,2021-07-26,362.0,351.05,366.0,341.8,6767.0
407518,2021-11-15,596.9,618.0,619.95,585.5,22383.0
407518,2021-12-29,871.25,838.5,882.25,825.1,45435.0
407518,2022-01-03,999.25,920.5,1010.0,911.0,102289.0
407518,2022-02-11,1033.55,1031.5,1057.0,1008.9,13137.0
407518,2022-02-18,949.8,907.6,980.0,885.0,46599.0
407518,2022-02-22,863.65,904.0,904.0,852.8,11216.0
407518,2022-03-14,825.45,859.95,859.95,820.0,4016.0
407518,2022-03-28,969.25,957.75,987.85,935.05,19461.0
407518,2022-03-31,966.1,979.8,995.65,962.1,8701.0
407518,2022-05-31,764.55,739.0,764.55,727.7,5376.0
407518,2022-06-08,661.6,679.0,687.65,652.2,9078.0
407518,2022-06-21,649.75,627.85,649.75,627.85,9447.0
407518,2022-08-05,781.5,800.0,801.35,765.0,15288.0
407518,2022-08-22,768.45,790.25,793.1,755.0,8676.0
407518,2022-09-21,889.6,923.0,929.15,873.25,12864.0
407518,2022-10-07,1083.25,1074.9,1140.0,1065.05,170512.0
407518,2022-11-15,996.0,965.85,1006.3,941.45,27914.0
407518,2021-01-13,249.4,251.5,255.0,241.1,7515.0
407518,2021-02-08,238.0,249.55,249.55,236.0,1207.0
407518,2021-01-07,261.2,269.5,274.8,245.0,12736.0
407518,2021-04-01,266.35,256.7,279.0,254.65,1351.0
407518,2021-04-08,272.3,265.5,280.0,264.75,7026.0
407518,2021-04-23,331.7,340.0,358.75,328.05,23932.0
407518,2021-05-27,283.6,285.2,287.05,281.55,4979.0
407518,2021-06-08,331.95,331.95,331.95,315.8,39738.0
407518,2021-06-28,349.95,337.05,350.0,337.05,721.0
407518,2021-07-14,334.8,325.0,335.0,309.75,5667.0
407518,2021-08-13,354.7,352.9,360.0,341.7,5897.0
407518,2021-09-15,437.2,431.95,453.0,413.65,12942.0
407518,2021-09-17,426.85,439.65,441.95,415.85,12185.0
407518,2021-09-29,444.85,452.1,464.95,440.15,7855.0
407518,2021-10-22,484.9,460.2,558.6,460.2,245726.0
407518,2021-11-09,613.05,612.8,626.0,601.55,24000.0
407518,2021-12-23,811.7,835.0,845.0,803.45,38639.0
407518,2022-02-16,925.55,934.75,955.0,920.2,7014.0
407518,2022-03-03,819.85,829.0,850.0,811.0,11792.0
407518,2022-06-20,618.85,619.6,647.75,610.3,4489.0
407518,2022-08-29,896.35,898.0,917.6,855.05,45760.0
407518,2022-10-06,1063.5,1076.0,1119.8,1050.0,151718.0
407518,2022-11-16,1006.25,1000.0,1015.45,991.0,20310.0
407518,2021-04-12,275.0,268.0,310.95,268.0,18616.0
407518,2021-05-07,303.0,309.8,309.8,299.65,3680.0
407518,2021-05-20,293.8,303.4,303.4,282.6,10241.0
407518,2021-07-09,326.0,328.0,335.0,320.0,1653.0
407518,2021-07-23,350.05,349.25,357.0,342.25,6095.0
407518,2021-08-25,370.6,362.5,374.9,357.85,7592.0
407518,2021-09-02,448.45,424.9,448.45,408.35,52472.0
407518,2021-09-08,433.5,436.0,444.8,430.05,5600.0
407518,2021-11-01,571.45,591.15,595.0,550.1,35518.0
407518,2021-12-07,898.85,926.0,938.0,866.0,78494.0
407518,2022-01-11,980.1,976.95,1004.8,971.3,21742.0
407518,2022-02-03,1115.5,1102.0,1191.0,1055.0,85254.0
407518,2022-02-04,1079.45,1125.7,1131.05,1071.05,13957.0
407518,2022-03-17,900.8,860.0,911.0,860.0,17958.0
407518,2022-03-23,881.4,878.4,888.0,867.5,2910.0
407518,2022-05-30,728.15,707.05,741.0,707.05,11378.0
407518,2022-06-09,683.5,668.95,689.55,658.0,4919.0
407518,2022-06-15,628.15,649.8,650.0,618.15,5396.0
407518,2022-06-28,692.85,685.55,703.0,685.55,1295.0
407518,2022-07-22,723.35,702.0,726.85,696.05,12497.0
407518,2022-07-25,732.45,724.05,743.9,720.05,11865.0
407518,2022-09-01,935.25,935.05,950.0,921.05,14476.0
407518,2022-10-03,973.4,949.6,994.8,949.6,60792.0
407518,2022-10-11,1039.6,1069.35,1096.0,1030.35,30757.0
407518,2022-10-31,1001.75,1014.0,1014.0,993.35,7092.0
407518,2022-11-14,951.6,973.9,976.15,906.6,44319.0
407518,2021-01-01,225.8,230.25,239.95,225.0,4592.0
407518,2021-02-01,241.95,238.6,248.0,236.85,1130.0
407518,2021-02-12,258.3,254.75,275.0,245.45,8953.0
407518,2021-02-24,298.85,307.15,308.5,292.1,2434.0
407518,2021-03-31,262.55,266.2,268.0,259.0,2587.0
407518,2021-05-26,285.2,286.8,287.2,281.45,5893.0
407518,2021-05-28,282.15,282.15,286.5,280.5,6059.0
407518,2021-06-21,360.35,360.0,370.0,342.1,2859.0
407518,2021-08-12,351.3,331.55,352.9,331.55,8188.0
407518,2021-08-24,359.8,355.05,364.45,355.05,403.0
407518,2021-12-09,875.8,905.0,919.95,871.3,34875.0
407518,2021-12-10,872.7,875.0,899.0,852.65,17983.0
407518,2021-12-27,794.55,805.0,811.75,760.1,8860.0
407518,2022-01-13,987.7,1007.8,1007.8,982.5,11611.0
407518,2022-02-28,826.35,814.0,830.1,794.45,5229.0
407518,2022-04-04,1017.7,1040.35,1041.45,994.1,18338.0
407518,2022-04-19,1038.55,1080.0,1123.25,1035.05,16057.0
407518,2022-05-05,902.95,895.0,931.15,895.0,9692.0
407518,2022-05-12,800.2,815.0,844.7,770.0,8347.0
407518,2022-05-13,851.5,804.95,880.2,804.95,11668.0
407518,2022-05-19,849.25,881.95,881.95,825.55,8010.0
407518,2022-05-26,693.05,724.55,735.25,677.3,11718.0
407518,2022-06-13,681.8,712.05,712.05,681.8,9283.0
407518,2022-06-30,656.0,696.8,696.8,650.2,3977.0
407518,2022-07-06,672.65,672.55,684.4,652.5,3610.0
407518,2022-07-11,698.05,675.0,705.0,674.95,4662.0
407518,2022-08-01,833.75,833.75,833.75,833.75,2613.0
407518,2022-09-16,891.35,904.5,912.75,850.0,13544.0
407518,2022-10-18,1078.5,1093.35,1120.0,1073.0,30338.0
407518,2022-10-20,1055.0,1062.9,1088.1,1045.0,26592.0
407518,2022-10-27,1002.45,1007.7,1016.65,981.9,13899.0
407518,2022-12-02,1012.7,1003.0,1018.95,992.0,8177.0
407518,2021-03-03,296.7,306.95,310.2,292.6,5910.0
407518,2021-03-12,284.95,292.3,294.05,283.0,8579.0
407518,2021-03-17,275.25,278.9,282.85,273.6,3630.0
407518,2021-05-31,283.9,285.2,287.0,271.55,11615.0
407518,2021-06-16,374.1,357.0,374.1,345.15,15540.0
407518,2021-06-24,343.7,333.1,354.0,333.1,2759.0
407518,2021-07-30,366.5,370.0,370.0,364.0,2505.0
407518,2021-08-18,362.2,355.05,371.65,355.05,9523.0
407518,2021-09-24,420.0,423.05,432.65,412.0,9177.0
407518,2021-10-05,441.4,447.0,448.75,434.0,7714.0
407518,2021-10-12,453.3,470.0,470.0,439.95,3328.0
407518,2021-11-22,618.95,673.0,673.0,612.6,40949.0
407518,2021-12-31,923.05,876.0,929.85,862.0,41825.0
407518,2022-01-28,1028.45,1000.0,1049.0,965.85,41115.0
407518,2022-03-10,846.9,856.0,873.9,835.0,9048.0
407518,2022-03-16,840.7,837.5,852.45,834.0,9868.0
407518,2022-06-01,729.2,784.8,798.95,726.35,20519.0
407518,2022-07-08,676.9,679.95,688.95,670.0,3119.0
407518,2022-07-21,692.25,702.0,702.0,681.0,5121.0
407518,2022-08-10,791.25,804.0,822.75,775.0,13666.0
407518,2022-08-11,767.9,790.95,805.5,750.5,18908.0
407518,2022-08-19,796.9,802.0,805.5,785.55,8972.0
407518,2022-09-13,922.8,948.95,955.0,919.0,8566.0
407518,2022-09-20,913.7,905.0,922.5,901.0,50694.0
407518,2022-09-22,882.9,881.05,914.65,872.35,9911.0
407518,2022-09-23,875.7,890.1,897.45,874.95,4938.0
407518,2022-11-01,985.6,1000.05,1010.0,967.1,24846.0
407518,2022-11-02,1021.0,981.05,1038.45,967.0,26117.0
407518,2022-11-28,995.9,970.0,1000.0,969.4,18187.0
407518,2022-11-30,1001.5,1031.95,1051.1,996.0,25705.0
407518,2021-01-08,258.85,250.8,264.5,250.0,4605.0
407518,2021-02-05,241.4,246.45,246.55,238.0,1878.0
407518,2021-02-16,267.4,270.95,274.45,260.0,4450.0
407518,2021-02-23,308.2,310.0,310.0,299.0,6086.0
407518,2021-03-10,286.55,295.7,299.9,285.45,3751.0
407518,2021-03-18,276.75,279.0,290.0,270.8,6647.0
407518,2021-04-07,263.25,265.25,271.0,258.75,3409.0
407518,2021-05-05,309.85,317.8,317.85,301.6,8469.0
407518,2021-05-12,301.2,300.9,304.45,297.2,4307.0
407518,2021-05-17,304.25,297.5,305.0,296.1,4858.0
407518,2021-06-22,350.8,360.35,378.0,345.1,18506.0
407518,2021-06-23,350.1,350.0,358.0,333.35,5304.0
407518,2021-07-01,333.65,334.25,343.0,325.0,675.0
407518,2021-07-06,329.95,326.75,331.4,321.0,2375.0
407518,2021-08-11,338.3,340.0,343.95,326.05,10907.0
407518,2021-08-27,410.75,415.0,430.0,397.0,25873.0
407518,2021-10-28,602.8,555.5,620.0,541.35,176066.0
407518,2022-01-24,942.65,984.2,1010.0,911.0,41649.0
407518,2022-02-23,845.75,863.75,869.55,833.0,15044.0
407518,2022-03-07,759.5,780.0,795.1,751.35,10866.0
407518,2022-03-21,891.5,909.45,909.45,865.25,8044.0
407518,2022-03-24,933.0,885.0,942.0,875.9,25060.0
407518,2022-04-20,1021.0,1045.0,1069.4,1020.2,6597.0
407518,2022-04-26,980.9,1025.0,1049.5,974.1,14549.0
407518,2022-05-25,703.35,745.0,769.45,699.0,6437.0
407518,2022-06-03,680.4,728.9,736.85,680.4,15178.0
407518,2022-08-24,833.05,802.05,865.0,802.05,28536.0
407518,2022-11-04,1058.1,1065.0,1072.0,1021.35,60646.0
407518,2022-12-09,1019.5,1015.4,1039.65,986.15,17059.0
407518,2021-01-04,230.25,241.9,241.9,230.0,5394.0
407518,2021-01-12,251.5,251.0,256.0,243.35,4789.0
407518,2021-02-02,248.0,241.7,257.9,238.0,3136.0
407518,2021-02-19,294.5,286.8,310.0,285.35,39749.0
407518,2021-03-26,273.25,275.0,285.0,267.45,6560.0
407518,2021-04-28,318.45,325.9,333.95,315.55,17693.0
407518,2021-06-04,301.1,290.05,301.1,287.15,13852.0
407518,2021-07-29,365.85,361.5,370.0,360.55,4588.0
407518,2021-09-13,418.1,422.9,432.25,412.15,7991.0
407518,2021-09-22,420.8,443.65,443.65,416.0,4940.0
407518,2021-10-21,465.5,475.45,494.0,456.8,13256.0
407518,2021-10-27,552.4,471.6,563.3,468.05,133468.0
407518,2021-11-03,582.05,596.0,615.0,576.05,18456.0
407518,2021-11-11,601.5,589.25,630.0,572.95,42374.0
407518,2021-11-12,597.15,605.65,614.15,590.5,17339.0
407518,2021-12-03,835.65,860.0,894.0,825.0,83862.0
407518,2021-12-20,838.9,894.0,894.95,818.0,23900.0
407518,2022-02-09,1048.75,1018.2,1075.55,1010.0,22074.0
407518,2022-03-11,835.15,840.05,850.45,820.1,4867.0
407518,2022-04-06,993.95,1008.0,1019.0,982.3,7757.0
407518,2022-06-02,716.2,740.1,752.4,706.1,20583.0
407518,2022-07-26,745.2,745.0,752.05,720.0,9656.0
407518,2022-07-27,782.45,753.8,782.45,751.05,13879.0
407518,2022-09-06,949.9,942.45,963.0,931.25,28863.0
407518,2022-11-18,953.25,983.0,984.0,943.05,10418.0
407518,2022-12-07,1017.05,998.0,1040.0,988.3,41271.0
407518,2021-03-01,316.1,296.2,319.85,292.05,7708.0
407518,2021-03-02,305.4,322.45,322.45,302.05,6331.0
407518,2021-03-05,287.5,284.1,289.85,280.0,2301.0
407518,2021-03-19,275.0,276.75,278.35,267.0,1065.0
407518,2021-03-23,274.95,282.9,295.0,273.0,9834.0
407518,2021-04-06,267.05,261.05,268.0,261.05,1706.0
407518,2021-04-29,312.65,324.65,324.65,310.25,10546.0
407518,2021-07-08,328.0,330.0,335.0,315.3,1390.0
407518,2021-07-15,344.1,335.1,346.0,330.1,3136.0
407518,2021-08-03,379.4,367.35,386.7,366.65,21641.0
407518,2021-08-09,347.4,332.0,359.85,322.5,24272.0
407518,2021-10-19,512.85,521.0,527.95,495.55,10342.0
407518,2021-11-08,609.85,600.8,629.6,584.4,55478.0
407518,2021-11-18,662.25,705.0,705.0,641.15,108998.0
407518,2021-12-08,872.6,904.0,904.95,866.0,32643.0
407518,2022-01-04,987.95,1025.95,1042.0,981.0,87754.0
407518,2022-01-06,964.4,940.0,995.0,930.0,32673.0
407518,2022-01-10,976.95,998.0,1009.0,970.0,21636.0
407518,2022-01-17,1004.95,988.0,1020.0,988.0,28358.0
407518,2022-02-24,778.7,818.0,832.25,762.0,23362.0
407518,2022-04-25,989.1,1005.0,1016.2,951.15,8711.0
407518,2022-04-28,974.4,993.05,998.0,965.05,2796.0
407518,2022-05-18,892.1,905.0,924.0,886.05,7072.0
407518,2022-06-06,657.1,680.0,704.65,652.5,12554.0
407518,2022-07-12,691.15,702.0,710.05,673.1,4653.0
407518,2022-07-18,669.5,669.7,689.95,655.1,4520.0
407518,2022-07-19,686.4,676.0,702.95,664.25,8185.0
407518,2022-08-02,830.6,869.9,869.9,822.65,22409.0
407518,2022-08-04,797.25,816.0,819.9,790.0,44286.0
407518,2022-08-17,798.25,810.0,817.9,785.7,6885.0
407518,2022-09-12,936.45,935.95,950.0,917.5,15346.0
407518,2022-11-23,949.5,957.95,958.95,932.15,10538.0
407518,2022-12-01,1003.05,1013.35,1020.9,994.0,16321.0
407518,2022-12-06,995.35,969.9,999.4,960.25,13936.0
407518,2021-01-21,241.35,249.15,249.15,237.2,4320.0
407518,2021-01-22,256.55,238.9,284.8,235.55,25985.0
407518,2021-02-10,239.05,247.65,247.65,237.0,1519.0
407518,2021-06-14,368.8,369.0,384.0,350.25,18335.0
407518,2021-06-29,340.95,340.05,349.85,340.0,731.0
407518,2021-08-16,362.05,354.7,366.9,354.0,16724.0
407518,2021-08-23,358.8,373.8,382.9,355.05,5781.0
407518,2022-02-08,1024.35,1077.4,1115.35,1004.5,20331.0
407518,2022-02-25,820.85,804.0,832.05,794.65,16129.0
407518,2022-03-02,808.95,825.3,842.4,780.0,27654.0
407518,2022-03-15,833.0,849.95,849.95,821.05,8058.0
407518,2022-03-22,870.7,910.0,910.0,866.3,5102.0
407518,2022-03-29,999.95,985.6,1011.0,964.3,18373.0
407518,2022-05-10,823.2,847.85,855.5,810.0,6071.0
407518,2022-05-11,817.35,834.5,887.0,811.0,3343.0
407518,2022-05-27,706.65,690.05,715.0,690.05,4602.0
407518,2022-06-27,694.6,715.35,715.4,687.5,2665.0
407518,2022-07-01,659.4,640.9,674.6,640.3,1944.0
407518,2022-09-09,922.1,943.0,952.0,916.5,18071.0
407518,2022-10-12,1093.15,1050.0,1120.0,1049.0,136305.0
407518,2022-10-25,997.5,993.05,1028.7,993.0,28718.0
407518,2022-11-11,959.5,1006.5,1008.55,951.95,47521.0
407518,2022-11-22,937.05,951.1,955.4,932.65,10225.0
407518,2022-12-30,1049.45,1046.0,1079.75,1042.4,12023.0
407518,2022-12-22,1018.75,1040.0,1057.6,1002.25,25309.0
407518,2022-12-26,985.55,965.9,1000.0,949.25,22158.0
407518,2023-02-10,1117.05,1075.0,1125.0,1073.85,35144.0
407518,2023-02-27,1020.55,1108.0,1108.95,1007.0,48341.0
407518,2023-06-20,1346.5,1378.0,1387.0,1334.0,32505.0
407518,2023-06-28,1383.05,1375.15,1391.0,1372.85,16630.0
407518,2023-07-04,1380.5,1392.9,1404.95,1370.25,12133.0
407518,2023-01-16,1060.6,1064.0,1092.8,1039.6,49826.0
407518,2023-03-14,1005.45,1037.45,1037.45,998.0,10669.0
407518,2023-02-16,1166.4,1155.0,1205.0,1125.0,86013.0
407518,2023-03-31,1025.5,1001.05,1038.3,992.0,10275.0
407518,2023-05-03,1170.05,1175.0,1210.0,1155.0,33636.0
407518,2023-02-24,1105.7,1074.75,1109.85,1074.75,44609.0
407518,2023-05-26,1123.35,1110.95,1133.05,1075.05,30645.0
407518,2023-03-06,1074.85,1084.9,1087.95,1061.0,15821.0
407518,2023-06-06,1282.95,1321.0,1321.0,1275.0,51664.0
407518,2023-03-16,1006.0,1009.35,1014.45,976.15,20786.0
407518,2023-06-26,1362.55,1372.5,1390.0,1350.1,26786.0
407518,2023-03-21,1038.05,1042.45,1060.0,1034.5,12371.0
407518,2023-07-12,1479.95,1476.05,1520.0,1470.0,25500.0
407518,2023-04-05,1082.5,1044.95,1110.0,1039.65,51205.0
407518,2023-07-18,1474.2,1485.7,1504.55,1462.5,16337.0
407518,2023-04-11,1087.0,1084.6,1094.25,1072.65,8139.0
407518,2023-08-04,1598.1,1596.4,1617.9,1585.1,14954.0
407518,2023-08-08,1755.2,1729.95,1760.95,1715.0,26247.0
407518,2023-08-07,1715.0,1619.0,1790.95,1581.35,81031.0
407518,2023-08-21,1918.0,1958.0,1968.0,1882.05,25541.0
407518,2022-12-13,1035.7,1028.65,1050.0,991.55,13117.0
407518,2022-12-14,1026.35,1035.1,1079.0,1020.0,19122.0
407518,2022-12-15,1033.7,1028.8,1055.9,1012.3,16138.0
407518,2022-12-19,1006.45,1020.25,1035.95,1000.1,19545.0
407518,2022-12-28,1033.85,1027.25,1053.0,1025.45,6376.0
407518,2023-01-06,1031.5,1028.95,1075.0,1004.05,11763.0
407518,2023-01-13,1033.15,1035.0,1039.0,1017.6,3298.0
407518,2023-01-18,1067.95,1088.45,1088.45,1063.1,16309.0
407518,2023-02-09,1071.8,1046.0,1100.95,1046.0,43127.0
407518,2023-03-15,1010.35,1020.0,1028.9,1001.0,7733.0
407518,2023-04-13,1084.3,1088.0,1100.95,1068.7,8225.0
407518,2023-05-24,1094.85,1068.8,1099.0,1055.25,33205.0
407518,2023-05-25,1094.55,1094.9,1102.0,1070.0,25810.0
407518,2023-07-06,1478.65,1459.7,1518.8,1441.05,59450.0
407518,2023-02-17,1170.25,1160.0,1182.0,1141.8,27377.0
407518,2023-03-08,1064.65,1084.0,1084.0,1060.1,8109.0
407518,2023-03-23,1074.1,1070.0,1087.45,1044.4,14764.0
407518,2023-05-05,1154.95,1175.3,1274.95,1131.2,70806.0
407518,2023-05-16,1101.2,1102.0,1127.7,1090.0,29807.0
407518,2023-07-31,1603.75,1581.9,1627.2,1561.45,16093.0
407518,2023-08-11,1845.6,1792.25,1863.0,1767.7,34561.0
407518,2022-12-21,1037.9,1035.95,1125.0,1022.0,113894.0
407518,2023-01-03,1049.8,1058.0,1063.15,1035.0,6558.0
407518,2023-01-05,1028.95,1045.0,1058.1,1017.15,9774.0
407518,2023-01-23,1031.95,1034.3,1050.0,1023.9,7427.0
407518,2023-04-17,1115.25,1083.05,1141.0,1077.5,64022.0
407518,2023-04-19,1114.25,1109.95,1129.95,1084.0,14802.0
407518,2023-05-02,1168.7,1129.75,1216.0,1129.7,49153.0
407518,2023-05-31,1101.9,1083.6,1120.0,1083.6,8423.0
407518,2023-07-11,1476.05,1472.7,1495.9,1465.15,23478.0
407518,2023-08-09,1780.8,1755.15,1814.95,1755.15,21080.0
407518,2023-01-09,1022.95,1025.8,1047.95,1016.55,9635.0
407518,2023-01-24,1031.1,1046.25,1046.75,1024.05,5543.0
407518,2023-05-17,1120.2,1109.45,1151.95,1107.0,20638.0
407518,2023-05-23,1069.5,1060.5,1075.2,1056.9,22314.0
407518,2023-06-21,1351.45,1357.9,1396.4,1343.95,44368.0
407518,2022-12-23,983.2,1020.0,1024.85,974.15,19062.0
407518,2023-01-04,1048.25,1043.0,1077.75,1038.4,16048.0
407518,2023-03-22,1065.5,1040.15,1069.15,1024.0,12271.0
407518,2023-04-18,1085.5,1115.0,1127.9,1071.1,18789.0
407518,2023-05-19,1058.6,1128.0,1135.0,1047.0,43097.0
407518,2023-06-12,1363.3,1390.9,1420.0,1355.0,45596.0
407518,2023-07-03,1384.9,1381.75,1397.0,1370.05,24916.0
407518,2023-07-07,1470.2,1488.0,1507.0,1451.05,30735.0
407518,2023-07-24,1553.25,1444.85,1575.0,1444.85,46808.0
407518,2023-08-16,1908.7,1951.25,1959.95,1875.1,44301.0
407518,2023-08-22,1949.45,1927.5,1985.95,1911.7,28361.0
407518,2023-01-11,1025.7,1025.7,1031.0,1017.95,3604.0
407518,2023-02-20,1177.5,1178.8,1202.95,1163.3,31522.0
407518,2023-02-22,1177.25,1199.9,1216.2,1164.7,40389.0
407518,2023-02-23,1064.1,1180.2,1183.2,1041.15,83079.0
407518,2023-03-09,1049.2,1080.0,1130.9,1035.65,25911.0
407518,2023-04-26,1109.0,1092.2,1115.0,1080.05,9084.0
407518,2023-05-04,1174.25,1171.0,1200.0,1161.0,20288.0
407518,2023-05-15,1114.55,1228.0,1228.0,1096.15,46752.0
407518,2023-06-09,1390.9,1362.0,1404.85,1352.85,54995.0
407518,2023-07-17,1471.2,1488.1,1521.0,1460.75,21877.0
407518,2023-07-19,1476.9,1488.0,1488.15,1468.5,8707.0
407518,2023-07-27,1587.8,1599.9,1619.95,1550.15,15761.0
407518,2023-08-01,1551.9,1614.65,1663.3,1536.0,38628.0
407518,2023-08-10,1805.1,1804.9,1828.45,1781.05,12514.0
407518,2023-02-03,1047.15,1064.0,1070.0,1042.0,64251.0
407518,2023-02-06,1045.6,1062.85,1070.0,1034.5,26934.0
407518,2023-02-21,1196.6,1180.8,1210.0,1162.1,58997.0
407518,2023-03-13,1027.2,1055.0,1065.0,1021.05,14495.0
407518,2023-04-27,1097.15,1103.1,1115.0,1090.0,11821.0
407518,2023-04-28,1121.8,1096.05,1149.0,1096.05,30485.0
407518,2023-05-12,1176.7,1175.0,1199.7,1150.55,15924.0
407518,2023-05-22,1056.9,1061.0,1080.0,1032.0,26369.0
407518,2023-05-30,1089.35,1090.15,1117.5,1080.0,14740.0
407518,2023-06-22,1335.35,1362.9,1384.0,1312.05,51296.0
407518,2023-08-14,1951.25,2099.85,2149.9,1900.05,199612.0
407518,2023-08-17,1883.2,1919.7,1935.3,1871.3,23102.0
407518,2022-12-27,1037.65,1024.9,1049.95,1002.15,13414.0
407518,2023-01-12,1024.2,1024.7,1035.95,1009.35,6494.0
407518,2023-01-27,1036.7,1055.0,1057.9,1012.1,56974.0
407518,2023-03-02,1030.8,1041.1,1049.0,1022.0,18466.0
407518,2023-03-17,1037.8,1006.35,1045.0,999.1,17825.0
407518,2023-04-24,1098.9,1094.0,1109.95,1084.95,10459.0
407518,2023-05-29,1084.2,1075.8,1104.0,1070.2,35018.0
407518,2023-06-13,1440.65,1365.8,1485.0,1358.75,112495.0
407518,2023-06-27,1376.5,1374.1,1391.0,1366.5,15722.0
407518,2023-06-30,1367.7,1396.95,1398.0,1362.0,18181.0
407518,2023-08-03,1572.8,1614.8,1629.9,1555.05,26904.0
407518,2023-08-18,1941.65,1883.2,1970.0,1883.2,35016.0
407518,2023-01-19,1023.1,1048.95,1055.25,1019.3,15624.0
407518,2023-01-30,1053.2,1031.0,1059.0,1024.05,27016.0
407518,2023-01-31,1051.25,1045.0,1065.0,1045.0,10406.0
407518,2023-02-14,1155.05,1167.0,1211.85,1135.2,33324.0
407518,2023-03-10,1065.55,1056.0,1077.85,1035.0,13234.0
407518,2023-03-27,1019.95,1031.1,1041.95,1004.25,24110.0
407518,2023-05-09,1153.7,1183.0,1194.0,1138.5,16097.0
407518,2023-05-18,1128.2,1126.35,1144.95,1115.0,7360.0
407518,2023-06-01,1104.7,1112.9,1150.0,1070.0,488256.0
407518,2023-07-10,1472.7,1484.75,1510.0,1450.95,36700.0
407518,2023-07-13,1478.1,1487.85,1510.0,1454.3,20582.0
407518,2023-07-20,1475.9,1488.8,1488.8,1460.5,12559.0
407518,2022-12-20,1023.9,1004.35,1030.9,990.0,10552.0
407518,2022-12-16,1026.9,1029.95,1040.85,1015.55,11030.0
407518,2023-01-17,1074.9,1077.0,1078.0,1055.95,27817.0
407518,2023-02-13,1182.25,1149.1,1233.05,1145.05,102844.0
407518,2023-02-15,1138.75,1139.0,1178.0,1128.1,18570.0
407518,2023-03-01,1041.05,1053.75,1102.0,1033.0,24811.0
407518,2023-03-20,1042.45,1030.9,1049.0,990.15,31525.0
407518,2023-03-28,1011.7,1016.0,1032.9,988.0,18091.0
407518,2023-04-10,1081.85,1086.05,1095.2,1062.0,8565.0
407518,2023-05-10,1120.05,1162.35,1164.45,1115.0,17483.0
407518,2023-06-02,1302.8,1155.0,1325.6,1144.75,555153.0
407518,2023-06-05,1315.35,1351.0,1351.0,1285.5,190754.0
407518,2023-06-14,1390.55,1449.85,1467.95,1382.0,69842.0
407518,2023-07-05,1462.5,1389.9,1494.95,1354.55,178812.0
407518,2023-01-02,1043.45,1055.0,1058.6,1035.5,7249.0
407518,2023-01-10,1020.25,1038.3,1038.3,1007.55,8757.0
407518,2023-01-20,1034.3,1038.95,1050.0,1020.7,10852.0
407518,2023-02-08,1056.4,1065.35,1087.9,1042.85,32723.0
407518,2023-04-25,1095.25,1095.35,1119.0,1085.0,12098.0
407518,2023-05-08,1172.25,1158.7,1194.95,1155.15,22479.0
407518,2023-06-07,1347.6,1290.0,1385.0,1290.0,153285.0
407518,2023-06-15,1378.85,1397.95,1424.0,1365.35,36324.0
407518,2023-06-16,1358.55,1390.0,1418.95,1350.0,42642.0
407518,2023-06-19,1365.55,1376.0,1394.35,1349.0,37816.0
407518,2023-07-28,1567.1,1569.35,1610.4,1546.05,15266.0
407518,2023-01-25,1042.25,1027.95,1052.0,1007.5,12401.0
407518,2023-02-01,1069.65,1052.0,1124.85,1052.0,75011.0
407518,2023-02-07,1069.0,1046.35,1088.0,1043.05,22104.0
407518,2023-02-28,1069.8,1030.75,1079.0,1030.75,37559.0
407518,2023-03-03,1075.25,1041.1,1081.0,1031.15,24233.0
407518,2023-03-24,1035.65,1066.65,1069.0,1021.0,6341.0
407518,2023-03-29,1014.45,1019.05,1026.0,997.75,15773.0
407518,2023-04-12,1095.6,1097.85,1124.85,1082.0,7837.0
407518,2023-04-20,1111.65,1108.0,1147.0,1098.0,15501.0
407518,2023-05-11,1169.95,1121.0,1177.2,1121.0,14832.0
407518,2023-06-08,1352.5,1359.8,1384.95,1320.0,44788.0
407518,2023-06-23,1359.2,1348.0,1362.0,1324.85,16260.0
407518,2023-07-14,1469.95,1490.0,1500.95,1462.05,20020.0
407518,2023-07-25,1594.25,1560.0,1624.95,1547.05,61784.0
407518,2022-12-29,1051.55,1034.0,1058.05,1034.0,13955.0
407518,2023-02-02,1052.5,1051.95,1070.0,1044.65,48975.0
407518,2023-04-03,1038.15,1034.0,1044.0,1020.55,8446.0
407518,2023-04-06,1080.1,1093.3,1093.55,1071.15,5242.0
407518,2023-04-21,1089.2,1110.0,1129.95,1077.3,11535.0
407518,2023-07-21,1454.85,1453.0,1474.8,1445.05,14713.0
407518,2023-07-26,1588.3,1595.0,1625.8,1573.35,23696.0
407518,2023-08-02,1625.05,1548.5,1634.95,1501.0,59759.0
407518,2023-08-23,1948.95,1968.7,1973.7,1857.0,5376.0
