stockid,date,close,open,high,low,volume
337147,2021-01-19,32.6,31.95,32.6,30.9,25542.0
337147,2021-02-08,43.85,45.55,46.8,43.5,53368.0
337147,2021-02-22,46.2,46.0,46.2,43.6,48363.0
337147,2021-05-06,73.65,74.05,75.5,73.0,48181.0
337147,2021-07-01,93.45,93.8,95.8,90.75,40360.0
337147,2021-07-08,103.2,103.0,103.5,97.0,48446.0
337147,2021-09-20,159.1,167.0,167.0,158.9,81429.0
337147,2021-09-22,150.4,149.0,160.0,149.0,63138.0
337147,2021-10-04,172.95,174.0,175.0,168.9,53615.0
337147,2021-10-25,192.45,203.0,207.0,191.95,50408.0
337147,2021-12-28,202.0,192.5,202.65,192.5,108836.0
337147,2022-01-10,222.05,218.85,225.4,216.0,123330.0
337147,2022-01-17,209.0,205.0,214.0,204.85,49808.0
337147,2022-02-24,177.4,184.95,187.0,174.0,107332.0
337147,2022-04-05,287.8,266.0,289.15,266.0,315216.0
337147,2021-01-05,34.8,34.8,34.8,34.8,28448.0
337147,2021-01-12,32.05,34.25,34.25,31.6,63570.0
337147,2021-01-27,41.45,41.45,41.45,37.55,413242.0
337147,2021-02-10,43.5,43.6,43.95,42.6,19689.0
337147,2021-04-30,70.2,70.1,71.6,67.0,32417.0
337147,2021-05-14,65.5,65.65,69.9,65.1,37074.0
337147,2021-06-28,93.4,90.95,93.7,88.2,15086.0
337147,2021-07-06,100.0,101.0,104.15,96.0,49841.0
337147,2021-07-12,109.65,107.0,112.4,101.7,51770.0
337147,2021-07-30,107.25,111.5,114.95,106.35,44749.0
337147,2021-10-13,217.8,211.0,218.1,203.1,396973.0
337147,2021-10-28,203.2,210.4,210.4,201.5,34281.0
337147,2021-11-02,216.05,208.9,216.15,202.3,103795.0
337147,2021-12-10,190.15,192.45,195.95,187.0,79983.0
337147,2021-12-31,209.05,205.25,213.5,205.25,40942.0
337147,2022-01-11,211.5,224.9,228.0,210.95,182613.0
337147,2022-01-20,197.0,203.85,203.85,196.0,27843.0
337147,2022-02-02,193.25,193.5,197.85,192.15,22731.0
337147,2021-01-07,35.9,35.85,35.9,34.95,35774.0
337147,2021-01-08,35.0,35.05,37.15,34.25,49837.0
337147,2021-01-14,33.0,31.35,33.4,31.2,43158.0
337147,2021-02-09,42.35,42.55,43.75,42.15,38113.0
337147,2021-02-03,48.9,51.45,52.25,48.05,147325.0
337147,2021-02-16,41.75,42.5,42.5,40.6,18958.0
337147,2021-02-04,48.0,48.9,50.35,47.5,41233.0
337147,2021-03-05,55.65,54.05,57.1,54.0,37292.0
337147,2021-03-15,51.45,53.4,53.4,51.1,16392.0
337147,2021-04-20,73.4,70.9,74.85,70.9,45119.0
337147,2021-04-08,74.3,74.3,74.3,70.9,202190.0
337147,2021-04-22,67.15,70.55,71.85,66.4,82867.0
337147,2021-05-28,59.5,64.85,67.2,57.6,159619.0
337147,2021-05-20,61.45,65.35,65.35,61.0,31138.0
337147,2021-06-24,92.15,94.7,97.4,92.0,12116.0
337147,2021-06-02,79.1,78.95,79.1,77.95,113020.0
337147,2021-07-02,95.0,95.4,98.1,91.1,54875.0
337147,2021-08-09,116.2,118.0,118.0,112.05,34084.0
337147,2021-08-02,108.4,108.9,112.0,106.4,29403.0
337147,2021-09-02,130.05,127.0,138.9,125.05,335699.0
337147,2021-08-12,116.5,115.7,117.85,114.05,17856.0
337147,2021-10-08,200.95,197.0,200.95,195.15,273888.0
337147,2021-11-16,216.95,215.0,222.65,213.05,80501.0
337147,2021-09-09,158.0,153.9,161.0,150.35,185159.0
337147,2021-09-15,176.35,165.0,182.0,165.0,395156.0
337147,2021-11-17,218.45,217.95,222.5,215.1,60328.0
337147,2021-09-27,158.75,158.15,166.85,158.15,38634.0
337147,2021-12-17,200.95,207.5,213.0,198.5,199090.0
337147,2021-10-12,207.75,202.5,211.5,196.1,254459.0
337147,2022-03-11,203.1,207.85,208.35,200.7,35600.0
337147,2022-03-29,257.4,264.9,267.7,251.05,128681.0
337147,2021-10-26,202.05,195.0,202.05,189.0,83328.0
337147,2021-11-09,213.45,223.0,223.0,210.25,36095.0
337147,2021-12-13,181.1,192.8,194.75,180.65,119676.0
337147,2021-12-29,203.25,201.65,211.0,200.0,74818.0
337147,2022-01-19,198.8,199.95,203.25,196.1,39739.0
337147,2022-02-17,204.2,206.1,211.5,202.0,23838.0
337147,2021-02-18,42.25,41.3,42.25,41.3,37708.0
337147,2021-03-23,61.3,59.85,61.3,58.4,81068.0
337147,2021-03-30,53.0,56.3,56.3,52.65,39026.0
337147,2021-04-06,64.35,64.35,64.35,64.35,67889.0
337147,2021-04-15,81.05,84.7,87.0,78.0,125448.0
337147,2021-04-26,68.65,64.25,70.85,64.2,91767.0
337147,2021-06-15,103.4,103.4,103.4,103.4,32650.0
337147,2021-06-25,89.35,91.5,93.9,89.0,30642.0
337147,2021-07-27,108.85,115.05,117.35,107.55,87556.0
337147,2021-08-11,116.5,114.1,118.0,106.0,77292.0
337147,2021-08-30,133.05,137.0,141.55,131.05,190077.0
337147,2021-09-30,165.95,161.9,167.0,159.05,111323.0
337147,2021-12-16,206.7,196.5,208.9,196.05,129956.0
337147,2021-12-27,193.0,186.0,193.0,182.3,79875.0
337147,2022-01-27,181.65,186.8,189.0,179.35,23766.0
337147,2022-03-09,204.65,204.2,210.9,201.05,87768.0
337147,2021-01-01,31.6,31.4,31.75,30.95,17113.0
337147,2021-01-06,34.2,36.45,36.5,33.6,94895.0
337147,2021-02-17,40.25,41.6,41.6,40.15,35563.0
337147,2021-02-23,48.5,48.35,48.5,46.15,25127.0
337147,2021-02-26,56.05,55.8,56.05,52.05,166476.0
337147,2021-03-02,60.55,60.0,61.7,56.0,190481.0
337147,2021-04-27,67.45,71.65,71.65,66.05,25482.0
337147,2021-05-12,65.55,70.35,70.35,65.0,61811.0
337147,2021-05-26,66.55,65.0,67.5,65.0,37634.0
337147,2021-06-03,87.0,87.0,87.0,82.3,209642.0
337147,2021-06-10,89.4,91.85,93.5,89.0,47230.0
337147,2021-07-07,98.6,100.0,102.45,96.55,8114.0
337147,2021-08-23,118.75,121.7,123.9,115.95,96652.0
337147,2021-08-27,134.85,121.2,134.85,121.2,126648.0
337147,2021-09-03,142.9,130.0,143.05,128.0,486641.0
337147,2021-10-05,175.0,173.8,176.0,168.5,60473.0
337147,2021-10-18,212.95,230.0,230.0,211.95,136573.0
337147,2021-12-02,186.9,187.35,196.0,183.2,94190.0
337147,2021-12-03,195.6,187.95,196.2,182.0,130023.0
337147,2022-01-18,200.45,212.85,212.85,198.55,45419.0
337147,2022-02-11,221.5,220.0,225.0,207.75,77483.0
337147,2021-01-29,45.65,45.65,45.65,45.65,19494.0
337147,2021-03-08,53.5,55.95,58.4,53.1,27403.0
337147,2021-03-09,53.15,55.8,56.0,52.0,37613.0
337147,2021-04-19,70.65,74.1,77.5,68.75,78338.0
337147,2021-04-29,70.0,68.85,71.0,64.25,125801.0
337147,2021-05-11,67.9,69.35,69.35,66.0,51827.0
337147,2021-07-09,107.05,103.2,108.35,99.15,220601.0
337147,2021-07-19,125.5,130.7,130.7,124.35,62923.0
337147,2021-10-29,196.1,200.0,203.5,194.15,72822.0
337147,2021-11-11,206.85,211.85,214.0,206.25,23862.0
337147,2021-11-12,209.6,202.05,212.25,202.05,65822.0
337147,2021-11-15,215.75,212.0,219.0,205.5,78044.0
337147,2021-12-14,190.1,180.0,190.15,177.5,155462.0
337147,2021-12-21,194.6,192.65,198.1,187.05,47431.0
337147,2022-02-01,191.65,187.95,194.0,186.5,32390.0
337147,2022-02-10,220.95,222.85,223.05,217.75,40524.0
337147,2022-03-22,259.25,220.0,259.25,213.4,650502.0
337147,2022-03-28,260.35,260.3,272.0,255.1,131617.0
337147,2022-04-06,282.7,285.05,294.9,276.8,250139.0
337147,2022-04-11,266.25,270.2,280.8,262.0,114653.0
337147,2021-01-04,33.15,32.05,33.15,31.25,72395.0
337147,2021-01-28,43.5,42.0,43.5,41.5,118125.0
337147,2021-02-11,41.7,41.85,43.9,41.65,25896.0
337147,2021-03-16,50.15,52.2,52.25,49.75,19301.0
337147,2021-05-18,64.85,66.85,67.55,64.5,33388.0
337147,2021-06-07,94.1,95.9,95.9,86.8,436674.0
337147,2021-07-15,124.75,122.0,126.15,122.0,198735.0
337147,2021-07-29,111.6,108.0,111.6,103.65,33626.0
337147,2021-08-16,125.55,124.75,128.0,119.0,93058.0
337147,2021-08-18,130.7,124.5,134.75,122.2,175879.0
337147,2021-09-13,162.7,160.25,168.7,152.0,237113.0
337147,2021-10-19,202.35,205.3,213.8,202.35,63544.0
337147,2021-10-22,202.05,209.7,211.8,195.0,103751.0
337147,2021-11-01,205.9,199.7,205.9,198.2,67342.0
337147,2021-11-08,218.05,224.6,225.0,217.0,58963.0
337147,2021-12-08,185.85,196.0,198.05,184.15,84731.0
337147,2021-12-15,199.6,191.9,199.6,188.5,85563.0
337147,2021-12-23,190.25,191.0,195.25,186.1,66379.0
337147,2022-01-04,218.65,219.0,224.0,215.25,91751.0
337147,2022-01-24,184.1,195.0,195.0,181.8,39425.0
337147,2022-03-03,221.65,212.4,222.9,210.05,150191.0
337147,2022-03-04,214.2,218.0,219.8,210.6,75209.0
337147,2022-04-08,270.2,277.0,281.55,268.0,149141.0
337147,2021-01-18,31.05,32.1,32.4,30.8,21585.0
337147,2021-03-12,53.6,54.3,55.7,51.25,260659.0
337147,2021-03-24,60.45,63.5,63.5,59.1,90064.0
337147,2021-01-20,34.2,32.7,34.2,32.7,30862.0
337147,2021-03-25,57.85,58.55,60.75,57.45,66154.0
337147,2021-01-25,39.5,39.5,39.5,39.5,47999.0
337147,2021-04-23,64.7,67.75,68.25,63.9,74030.0
337147,2021-02-01,47.9,47.9,47.9,47.9,30752.0
337147,2021-04-28,66.55,71.45,71.45,65.15,22567.0
337147,2021-02-02,50.25,50.25,50.25,45.55,419953.0
337147,2021-06-08,90.45,93.95,93.95,89.4,121770.0
337147,2021-05-03,72.8,68.1,74.0,66.75,107004.0
337147,2021-07-28,106.3,107.55,109.8,105.25,29673.0
337147,2021-05-05,75.1,74.45,76.0,72.0,51866.0
337147,2021-10-06,182.3,176.6,183.5,172.25,218073.0
337147,2021-05-25,64.55,62.6,65.45,60.5,63722.0
337147,2021-06-21,101.25,98.0,106.5,96.45,12426.0
337147,2021-10-20,192.4,194.0,200.2,192.25,133665.0
337147,2021-11-04,221.8,216.7,223.05,216.7,107838.0
337147,2021-08-06,115.05,117.95,117.95,114.4,35433.0
337147,2021-11-30,201.3,204.25,209.05,201.3,148664.0
337147,2021-08-17,125.95,125.55,127.75,121.0,57894.0
337147,2022-01-14,204.8,207.0,208.0,201.5,28600.0
337147,2021-08-20,123.95,132.55,132.55,121.25,108387.0
337147,2022-01-21,191.35,197.0,197.0,188.55,43263.0
337147,2021-09-06,156.95,144.9,157.15,139.25,548549.0
337147,2021-09-14,165.95,164.5,171.0,163.15,146402.0
337147,2022-01-28,185.2,184.85,190.7,182.0,39899.0
337147,2022-01-31,186.5,185.25,189.9,183.1,16086.0
337147,2021-11-29,211.85,212.0,218.0,211.85,82569.0
337147,2022-02-21,193.9,196.8,200.85,191.55,43887.0
337147,2021-12-01,191.25,193.05,198.15,191.25,64694.0
337147,2022-02-23,186.95,193.7,193.7,184.0,31078.0
337147,2022-04-21,303.95,304.75,308.7,296.9,138871.0
337147,2022-01-03,216.05,210.65,218.0,210.05,118396.0
337147,2022-01-05,216.05,215.0,220.0,214.9,37548.0
337147,2022-01-07,216.55,218.5,223.0,211.6,67120.0
337147,2022-01-25,186.75,184.1,190.3,177.65,34047.0
337147,2022-03-31,266.2,270.0,275.2,261.0,116271.0
337147,2022-04-04,262.9,264.35,276.05,253.35,115782.0
337147,2021-04-13,82.45,77.5,85.45,75.0,277813.0
337147,2021-05-24,60.75,62.75,62.75,60.1,22045.0
337147,2021-06-23,94.7,97.8,100.0,94.35,14159.0
337147,2021-07-14,120.15,116.95,120.6,114.0,108920.0
337147,2021-07-16,130.85,130.95,130.95,125.0,91740.0
337147,2021-08-10,116.25,118.0,121.45,111.2,91155.0
337147,2021-08-13,124.35,114.35,128.0,113.35,117692.0
337147,2021-08-26,122.6,117.05,124.85,115.05,45026.0
337147,2021-08-31,128.95,133.95,134.3,128.0,29449.0
337147,2021-09-16,175.9,181.0,184.1,172.35,164269.0
337147,2021-09-17,167.25,175.0,177.5,167.15,91789.0
337147,2021-09-23,157.9,152.7,157.9,151.85,109663.0
337147,2021-09-29,159.2,153.0,160.5,152.5,39704.0
337147,2021-11-03,212.45,219.5,222.8,210.3,123261.0
337147,2021-12-22,190.1,197.9,198.6,189.1,55677.0
337147,2022-03-10,204.55,205.1,210.0,200.6,60329.0
337147,2022-03-17,204.95,198.0,207.35,195.45,129237.0
337147,2022-04-01,264.35,264.7,272.0,261.85,64466.0
337147,2021-01-15,32.05,34.4,34.4,31.75,30672.0
337147,2021-02-15,41.45,41.95,43.35,40.75,33839.0
337147,2021-02-19,44.0,43.8,44.35,43.1,61738.0
337147,2021-02-25,53.4,53.4,53.4,53.35,35455.0
337147,2021-03-01,58.8,58.85,58.85,57.05,99982.0
337147,2021-03-04,55.45,56.05,56.85,54.7,55841.0
337147,2021-03-18,53.0,51.95,54.4,51.95,106369.0
337147,2021-03-26,55.0,58.9,59.0,55.0,29808.0
337147,2021-04-12,77.8,82.75,88.0,73.55,306285.0
337147,2021-05-04,73.7,69.05,74.1,69.05,78874.0
337147,2021-05-10,68.45,74.0,75.15,67.5,124583.0
337147,2021-05-19,64.15,65.0,65.4,63.6,24688.0
337147,2021-06-04,91.35,91.35,91.35,91.35,45248.0
337147,2021-06-11,93.85,91.95,93.85,88.5,91689.0
337147,2021-06-30,93.8,91.0,97.1,91.0,29852.0
337147,2021-08-05,114.7,119.0,119.0,113.8,21336.0
337147,2021-09-07,144.15,160.0,161.9,143.15,282881.0
337147,2021-09-21,153.0,158.75,158.75,151.15,72327.0
337147,2021-11-25,234.7,240.0,242.95,232.15,231420.0
337147,2022-02-03,197.35,200.0,201.25,195.4,35812.0
337147,2022-02-09,219.5,222.9,229.35,215.0,185717.0
337147,2022-02-16,204.8,213.95,214.4,201.2,32011.0
337147,2022-02-18,203.4,201.8,208.0,200.0,28238.0
337147,2022-03-02,210.05,201.25,211.0,201.25,85360.0
337147,2022-03-14,199.35,207.0,208.0,195.0,43284.0
337147,2022-03-15,194.9,204.0,204.85,193.0,27444.0
337147,2022-03-25,260.3,284.7,284.9,254.7,309108.0
337147,2022-03-30,268.6,260.0,271.8,254.0,227699.0
337147,2022-04-13,277.75,266.85,281.0,263.1,211611.0
337147,2022-04-18,289.15,272.05,295.9,269.0,383449.0
337147,2021-02-12,42.15,40.55,42.75,39.65,72224.0
337147,2021-03-10,53.2,52.65,55.45,51.5,33917.0
337147,2021-04-01,58.4,57.9,58.4,57.9,14555.0
337147,2021-06-14,98.5,98.5,98.5,95.3,113326.0
337147,2021-07-05,99.2,96.0,99.75,94.5,34706.0
337147,2021-08-03,113.8,110.6,113.8,108.55,44508.0
337147,2021-08-24,114.2,117.3,119.9,112.75,84934.0
337147,2021-09-24,162.7,159.8,165.7,153.4,109459.0
337147,2021-09-28,156.15,164.4,164.4,154.0,45159.0
337147,2021-10-14,223.1,222.0,228.65,210.35,587299.0
337147,2021-10-27,207.4,204.0,212.15,203.45,82394.0
337147,2021-11-10,208.35,215.5,215.5,205.7,28704.0
337147,2021-11-26,223.0,234.9,236.25,223.0,149506.0
337147,2021-12-09,190.75,187.9,192.85,187.0,47524.0
337147,2022-01-06,216.95,208.1,221.0,208.1,52760.0
337147,2022-01-13,204.55,211.8,212.6,202.3,33680.0
337147,2022-02-08,219.1,215.7,224.45,212.15,141715.0
337147,2022-02-25,202.8,180.0,208.0,180.0,167157.0
337147,2022-03-23,254.3,268.7,298.45,249.35,2259311.0
337147,2022-04-07,275.3,284.9,288.75,263.35,198749.0
337147,2021-01-11,33.25,35.0,35.85,33.25,32627.0
337147,2021-03-03,57.55,62.0,62.0,57.55,98446.0
337147,2021-03-19,55.65,52.5,55.65,50.35,124321.0
337147,2021-03-22,58.4,56.0,58.4,56.0,41648.0
337147,2021-04-07,67.55,67.55,67.55,67.55,22739.0
337147,2021-04-16,76.35,80.25,82.85,75.9,48991.0
337147,2021-05-07,74.3,72.15,75.8,70.9,71613.0
337147,2021-05-21,62.15,62.9,64.5,61.6,23072.0
337147,2021-06-16,101.8,103.75,103.75,99.25,123090.0
337147,2021-06-22,97.7,102.0,102.0,97.0,18028.0
337147,2021-07-22,115.05,121.95,125.9,114.15,63585.0
337147,2021-10-11,206.4,205.0,210.95,201.05,371235.0
337147,2021-11-18,220.8,220.0,227.65,210.25,92587.0
337147,2021-11-24,232.15,222.95,232.75,220.0,355224.0
337147,2021-12-07,193.0,190.05,195.0,186.0,50660.0
337147,2021-12-30,207.7,200.0,210.0,200.0,47017.0
337147,2022-02-04,207.2,199.15,207.2,194.6,57042.0
337147,2022-02-15,211.05,207.1,216.8,205.1,75878.0
337147,2022-03-24,279.0,249.9,284.0,249.9,558716.0
337147,2022-04-20,302.7,293.5,304.95,290.25,94918.0
337147,2021-02-05,45.65,49.9,50.25,45.6,96329.0
337147,2021-02-24,50.9,50.0,50.9,50.0,30801.0
337147,2021-03-17,51.95,51.05,52.65,49.1,77994.0
337147,2021-05-31,65.45,59.1,65.45,59.05,59006.0
337147,2021-06-01,71.95,68.95,71.95,68.2,118587.0
337147,2021-06-09,91.8,91.9,94.95,88.05,201741.0
337147,2021-06-29,94.1,94.0,95.9,91.0,28287.0
337147,2021-07-13,114.9,109.65,115.1,106.0,87909.0
337147,2021-09-01,126.3,130.0,131.5,125.25,31630.0
337147,2021-09-08,153.65,144.0,156.7,141.5,205788.0
337147,2021-10-01,171.75,166.95,173.9,161.5,76348.0
337147,2021-11-22,215.1,221.95,221.95,209.8,85904.0
337147,2021-12-24,183.85,191.0,193.75,181.1,81005.0
337147,2022-02-14,210.0,212.2,218.0,205.85,76329.0
337147,2022-03-07,192.85,205.3,208.0,188.75,110707.0
337147,2022-03-16,196.45,199.2,203.0,195.25,33913.0
337147,2022-03-21,216.05,205.0,218.75,204.5,170216.0
337147,2022-04-12,265.15,268.0,272.0,259.95,135302.0
337147,2021-01-13,32.2,33.0,33.25,31.5,50048.0
337147,2021-01-21,35.9,35.9,35.9,35.9,18030.0
337147,2021-01-22,37.65,37.65,37.65,37.65,49190.0
337147,2021-03-31,55.65,53.0,55.65,51.9,29022.0
337147,2021-04-05,61.3,61.3,61.3,61.3,21305.0
337147,2021-04-09,81.7,77.0,81.7,75.0,329247.0
337147,2021-05-17,66.15,65.9,67.0,65.05,19340.0
337147,2021-05-27,63.45,67.7,67.75,62.55,33696.0
337147,2021-07-23,110.65,114.0,114.0,109.3,36090.0
337147,2021-07-26,113.2,109.9,115.95,108.15,32697.0
337147,2021-08-04,119.35,114.95,119.45,110.0,211026.0
337147,2021-08-25,116.05,114.2,117.5,112.45,29636.0
337147,2021-10-07,191.4,185.0,191.4,177.4,412510.0
337147,2021-10-21,202.0,188.25,202.0,188.25,87154.0
337147,2021-11-23,221.7,211.15,224.35,210.45,127766.0
337147,2021-12-06,186.95,199.0,205.05,185.85,94358.0
337147,2021-12-20,192.65,195.25,198.7,190.95,83852.0
337147,2022-01-12,209.35,212.05,215.95,204.2,68689.0
337147,2022-02-07,214.95,209.9,218.0,198.3,216977.0
337147,2022-02-22,187.95,185.1,191.3,180.85,59268.0
337147,2022-02-28,202.95,205.45,212.0,197.45,150531.0
337147,2022-03-08,200.35,195.0,210.3,193.25,120807.0
337147,2022-04-19,294.6,294.5,309.0,291.0,454334.0
337147,2022-05-20,289.75,276.85,291.9,270.0,151757.0
337147,2022-04-29,307.1,305.95,309.0,298.45,131652.0
337147,2022-08-22,316.2,323.0,326.8,315.0,52726.0
337147,2022-04-25,303.95,300.0,313.95,292.85,233470.0
337147,2022-04-26,307.3,304.5,312.0,302.0,101015.0
337147,2022-05-16,268.25,270.0,276.7,262.0,37468.0
337147,2022-07-26,294.15,299.5,304.35,290.55,20812.0
337147,2022-07-29,299.0,303.25,306.0,297.0,24166.0
337147,2022-09-05,383.0,360.05,393.0,359.0,174245.0
337147,2022-10-03,362.0,355.1,369.75,353.0,87479.0
337147,2022-10-12,390.45,380.5,394.7,372.8,72599.0
337147,2022-10-19,392.25,395.9,401.0,387.05,64977.0
337147,2022-11-24,342.9,340.55,345.0,336.3,28736.0
337147,2022-11-29,337.0,343.9,349.0,333.0,34940.0
337147,2022-12-01,342.15,342.35,348.8,340.0,6285.0
337147,2023-01-10,371.8,374.1,379.95,370.1,28190.0
337147,2023-01-18,365.7,374.5,380.0,364.2,35052.0
337147,2023-01-23,368.8,374.9,375.85,366.9,16679.0
337147,2023-02-01,319.3,358.85,358.85,315.1,107413.0
337147,2023-02-10,351.6,350.0,353.05,348.05,9173.0
337147,2023-03-03,325.45,315.0,327.7,314.1,32210.0
337147,2023-03-22,309.5,305.55,314.45,305.55,15374.0
337147,2023-05-03,329.6,328.3,332.7,328.1,6193.0
337147,2023-06-07,360.65,356.65,362.8,354.0,21764.0
337147,2023-08-09,445.9,443.95,455.5,438.0,61461.0
337147,2022-05-26,259.6,259.9,273.0,243.7,46473.0
337147,2022-06-15,277.6,273.3,279.75,270.05,37567.0
337147,2022-07-18,302.0,326.95,328.0,298.0,262228.0
337147,2022-08-08,317.65,319.3,321.45,315.0,39981.0
337147,2022-08-26,351.8,356.6,361.85,349.15,99511.0
337147,2022-09-09,390.95,390.0,403.4,388.0,108751.0
337147,2022-09-21,372.45,381.95,384.45,370.05,52732.0
337147,2022-10-06,379.3,373.95,384.25,372.55,34303.0
337147,2022-10-11,380.6,391.0,391.0,379.15,35895.0
337147,2022-10-17,386.7,380.1,389.0,379.55,81687.0
337147,2022-11-03,343.1,354.9,357.0,342.0,23286.0
337147,2022-11-16,344.5,341.4,345.5,338.1,30173.0
337147,2022-11-30,339.35,338.95,343.6,336.15,16523.0
337147,2022-12-12,354.95,341.7,359.7,339.5,63537.0
337147,2022-12-13,358.55,359.65,362.95,352.05,26859.0
337147,2023-01-05,368.6,365.0,371.0,358.95,72528.0
337147,2023-01-12,389.5,385.0,393.1,374.95,81389.0
337147,2023-03-10,325.35,329.0,329.0,320.0,9485.0
337147,2023-03-20,310.3,317.0,317.0,309.0,18721.0
337147,2023-06-14,361.1,353.05,363.0,353.05,14657.0
337147,2023-06-16,364.05,350.0,375.6,344.05,75241.0
337147,2023-07-28,459.9,469.4,477.0,456.25,123846.0
337147,2022-10-25,387.15,387.95,389.0,382.6,15544.0
337147,2022-11-07,352.5,355.0,358.3,346.0,20547.0
337147,2022-11-11,351.15,354.0,356.75,348.1,23504.0
337147,2022-12-08,343.2,343.0,347.0,341.0,10929.0
337147,2022-12-15,343.55,365.3,365.3,339.2,47318.0
337147,2023-01-03,364.3,362.9,367.1,362.0,27270.0
337147,2023-03-17,312.9,315.35,322.6,311.2,25375.0
337147,2023-03-27,286.35,307.6,307.6,283.6,34880.0
337147,2023-06-05,363.2,370.0,376.65,361.6,51689.0
337147,2023-07-06,407.85,414.0,422.0,406.3,132373.0
337147,2023-07-27,467.25,469.7,477.7,465.1,87631.0
337147,2022-05-25,257.8,272.0,278.45,255.0,71586.0
337147,2022-06-28,265.15,264.9,268.0,257.0,22921.0
337147,2022-07-12,293.4,300.0,319.75,289.65,281579.0
337147,2022-08-05,319.3,313.4,328.0,312.0,165983.0
337147,2022-08-18,327.0,332.3,337.8,325.25,41824.0
337147,2022-08-19,320.9,330.0,339.0,315.7,116953.0
337147,2022-08-30,357.1,360.0,364.7,351.45,59006.0
337147,2022-09-07,378.3,385.9,391.5,375.9,68170.0
337147,2022-10-10,389.65,378.45,397.95,376.0,78221.0
337147,2022-10-24,386.15,381.45,391.0,370.0,29774.0
337147,2022-12-05,344.8,340.0,347.9,336.6,8070.0
337147,2023-01-09,377.5,373.0,386.15,373.0,72707.0
337147,2023-01-17,375.45,389.95,389.95,370.0,38043.0
337147,2023-02-07,349.4,345.0,351.9,331.0,70162.0
337147,2023-02-09,348.5,346.0,353.0,343.0,20636.0
337147,2023-05-15,357.2,354.85,360.0,354.05,7790.0
337147,2023-06-02,368.55,357.2,370.0,357.2,24648.0
337147,2023-08-11,434.7,447.7,447.7,432.7,44847.0
337147,2023-08-16,425.6,416.0,442.0,416.0,74751.0
337147,2023-08-21,428.9,422.5,436.95,421.2,36279.0
337147,2022-05-13,269.95,276.0,282.7,265.0,97469.0
337147,2022-04-27,294.0,306.7,311.0,290.25,86370.0
337147,2022-06-02,285.95,286.0,297.05,281.5,64597.0
337147,2022-06-13,268.3,271.0,277.0,266.4,41105.0
337147,2022-07-21,309.65,310.65,316.1,306.2,35611.0
337147,2022-06-06,283.85,278.5,287.05,272.65,26695.0
337147,2022-08-17,331.4,326.15,339.95,326.15,43097.0
337147,2022-07-06,255.55,259.75,259.75,251.8,11219.0
337147,2022-09-26,336.1,346.0,349.0,331.9,76510.0
337147,2022-08-03,305.6,310.9,311.0,304.0,36751.0
337147,2022-10-18,394.4,382.05,399.6,382.05,161780.0
337147,2022-08-12,333.3,327.45,335.0,323.6,59707.0
337147,2022-11-17,344.0,344.5,349.0,342.5,8733.0
337147,2022-11-21,345.95,350.85,350.85,342.5,9099.0
337147,2022-09-15,383.95,398.0,401.35,378.75,72151.0
337147,2023-01-06,371.35,369.6,372.8,363.4,44387.0
337147,2022-10-04,370.95,365.25,372.6,365.25,38077.0
337147,2023-01-31,350.85,342.8,353.0,335.05,42193.0
337147,2022-11-09,354.35,350.0,357.5,349.0,39735.0
337147,2023-02-17,328.45,327.1,332.2,323.35,44416.0
337147,2022-12-22,331.05,327.1,343.85,321.0,102418.0
337147,2023-02-28,326.55,317.0,327.9,309.05,42084.0
337147,2022-12-29,345.15,347.75,356.85,339.0,39231.0
337147,2023-03-14,321.7,318.45,325.0,315.15,21128.0
337147,2023-03-15,325.8,325.0,328.0,321.1,17703.0
337147,2023-01-20,368.8,383.65,384.95,360.35,89226.0
337147,2023-03-24,301.55,309.0,310.05,295.0,14595.0
337147,2023-04-13,336.95,328.0,340.0,328.0,30974.0
337147,2023-02-20,324.35,325.15,331.85,320.0,23202.0
337147,2023-04-18,330.5,341.05,341.05,325.0,25136.0
337147,2023-04-19,326.2,335.0,335.0,326.0,7776.0
337147,2023-04-20,326.2,328.0,331.0,324.15,8666.0
337147,2023-05-25,346.5,351.5,351.5,343.6,5307.0
337147,2023-05-12,354.85,361.45,362.0,354.05,13122.0
337147,2023-07-07,408.25,412.0,416.45,404.9,60599.0
337147,2023-07-17,413.8,411.8,425.95,407.3,172271.0
337147,2023-06-15,347.9,362.9,362.9,347.0,36316.0
337147,2023-06-20,364.1,372.5,372.5,362.4,10730.0
337147,2023-06-28,377.25,384.0,384.0,369.9,38015.0
337147,2023-07-13,387.9,402.0,403.0,387.0,60217.0
337147,2023-07-21,446.75,446.0,459.9,440.65,232003.0
337147,2023-08-14,417.4,434.05,436.7,414.15,62074.0
337147,2022-06-20,232.6,257.7,260.0,231.95,64708.0
337147,2022-10-13,382.8,388.2,389.95,380.45,29388.0
337147,2022-11-04,349.95,345.6,353.0,343.0,30814.0
337147,2022-12-02,340.25,343.5,343.5,337.7,6399.0
337147,2022-12-14,361.7,356.6,372.0,353.5,46878.0
337147,2023-01-11,381.55,371.75,399.9,370.05,115740.0
337147,2023-01-13,381.25,390.0,399.0,378.5,165187.0
337147,2023-01-30,339.4,339.4,345.85,325.0,50708.0
337147,2023-02-24,327.85,316.9,329.65,315.65,42002.0
337147,2023-04-12,331.85,328.55,336.95,326.05,40707.0
337147,2023-05-08,346.7,334.7,351.0,331.1,31001.0
337147,2023-05-11,360.1,368.6,369.95,360.0,17115.0
337147,2023-05-17,357.35,353.0,359.0,350.5,13371.0
337147,2023-06-09,362.7,360.7,364.8,355.15,14273.0
337147,2023-08-17,431.95,428.5,436.4,424.3,31047.0
337147,2022-05-17,273.35,268.9,279.1,265.7,47873.0
337147,2022-05-31,261.8,267.8,267.8,260.0,21666.0
337147,2022-06-03,278.6,289.9,292.7,277.25,26432.0
337147,2022-07-27,302.75,294.9,306.0,291.6,25879.0
337147,2022-11-25,342.85,345.7,345.7,340.4,6545.0
337147,2022-12-19,333.55,330.0,337.35,327.05,35613.0
337147,2022-12-26,337.35,322.9,343.0,319.55,48247.0
337147,2023-01-24,363.9,365.6,371.25,361.2,23121.0
337147,2023-02-22,309.4,319.8,320.0,307.65,19473.0
337147,2023-02-23,313.8,309.0,316.9,308.45,25915.0
337147,2023-03-09,326.9,323.25,329.65,319.6,19272.0
337147,2023-03-29,266.6,285.7,285.7,262.1,83693.0
337147,2023-05-02,329.95,328.05,334.5,328.0,12099.0
337147,2023-05-23,349.55,354.25,354.25,348.0,15210.0
337147,2023-06-27,377.75,376.75,384.95,373.15,73160.0
337147,2023-07-11,385.6,380.0,396.0,380.0,66032.0
337147,2023-07-18,469.85,417.2,492.0,388.2,4535429.0
337147,2023-07-26,467.3,461.8,475.0,461.2,89612.0
337147,2023-08-04,438.3,442.75,448.9,434.1,54955.0
337147,2023-08-08,441.25,440.0,444.95,436.5,39024.0
337147,2022-05-02,302.6,305.05,305.05,290.45,76124.0
337147,2022-05-18,274.1,275.0,277.45,270.25,32030.0
337147,2022-06-10,281.2,284.9,287.65,275.15,9714.0
337147,2022-06-17,257.7,269.9,269.9,252.8,30558.0
337147,2022-06-29,259.4,263.9,265.0,256.05,12461.0
337147,2022-06-30,253.45,263.0,264.5,248.1,19443.0
337147,2022-07-28,300.2,302.75,309.0,299.65,19201.0
337147,2022-08-02,308.25,299.6,315.45,299.6,50470.0
337147,2022-08-11,328.65,340.15,341.4,324.5,121187.0
337147,2022-09-08,388.65,382.6,392.5,380.75,62502.0
337147,2022-09-19,378.0,384.0,395.05,371.05,66983.0
337147,2022-10-14,381.15,385.65,391.0,378.9,48470.0
337147,2023-03-01,324.85,325.0,335.0,322.1,33201.0
337147,2023-03-06,321.0,321.0,326.75,319.0,18292.0
337147,2023-03-08,322.45,322.0,323.3,320.0,6364.0
337147,2023-03-13,320.4,324.1,327.05,314.05,12620.0
337147,2023-03-28,284.25,281.15,286.3,277.55,38316.0
337147,2023-04-25,320.55,323.4,323.4,319.7,9243.0
337147,2023-04-27,315.05,313.25,320.0,313.25,6192.0
337147,2023-05-05,332.2,334.0,338.3,329.0,23589.0
337147,2023-05-09,362.5,346.7,398.9,342.6,354511.0
337147,2023-05-10,366.7,362.5,370.9,353.0,55819.0
337147,2023-05-31,363.9,360.9,365.95,355.1,38865.0
337147,2023-06-01,359.65,367.9,370.0,356.25,31909.0
337147,2023-07-19,472.6,475.0,485.9,461.55,1004844.0
337147,2023-07-24,469.05,457.0,478.5,447.0,387329.0
337147,2022-05-05,271.45,281.45,281.5,262.65,177869.0
337147,2022-05-04,283.5,304.9,306.7,275.1,98070.0
337147,2022-04-22,302.8,299.0,308.5,297.9,82445.0
337147,2022-05-12,269.9,277.75,283.0,262.4,146152.0
337147,2022-07-01,246.05,247.6,258.0,240.3,18280.0
337147,2022-07-04,250.3,251.65,252.55,245.9,7752.0
337147,2022-07-05,255.75,253.95,258.9,249.45,23219.0
337147,2022-07-11,300.7,271.5,305.0,271.5,170368.0
337147,2022-07-25,304.0,303.25,308.0,293.0,44219.0
337147,2022-10-07,384.2,382.9,390.75,381.0,40195.0
337147,2022-11-14,344.2,353.05,353.05,343.05,12560.0
337147,2022-12-23,320.1,335.05,348.0,316.95,139898.0
337147,2023-01-16,380.9,378.2,387.6,356.65,125520.0
337147,2023-02-15,326.1,329.7,334.95,324.0,21704.0
337147,2023-02-21,317.4,327.5,327.8,315.65,25823.0
337147,2023-03-02,314.4,327.7,327.7,313.05,17411.0
337147,2022-04-28,301.15,296.0,302.8,290.3,102303.0
337147,2023-04-06,301.05,292.1,305.0,290.0,48810.0
337147,2023-05-22,351.2,356.0,356.0,343.8,31291.0
337147,2023-06-23,363.75,365.0,365.6,357.65,14784.0
337147,2023-06-26,372.9,368.0,377.9,358.65,54754.0
337147,2023-08-23,439.1,443.75,445.6,437.0,6476.0
337147,2022-05-11,276.5,282.05,286.0,252.25,134566.0
337147,2022-05-23,276.1,298.05,298.05,270.1,46613.0
337147,2022-06-16,265.45,287.0,287.0,264.4,37371.0
337147,2022-07-13,302.05,298.5,310.0,294.55,43828.0
337147,2022-07-22,303.25,312.85,312.85,301.7,36311.0
337147,2022-09-13,389.35,399.0,405.0,385.0,94427.0
337147,2022-09-23,356.5,376.55,381.0,353.0,86462.0
337147,2022-10-20,382.8,390.75,396.25,381.0,44270.0
337147,2022-10-28,360.75,379.0,380.5,356.25,49029.0
337147,2022-11-01,347.35,345.45,358.95,341.1,66915.0
337147,2022-12-07,342.25,342.0,345.55,340.0,9443.0
337147,2023-02-03,343.5,334.0,345.45,304.95,105290.0
337147,2023-03-21,307.75,314.0,314.0,306.0,14631.0
337147,2023-05-16,349.55,359.0,361.3,348.0,7249.0
337147,2023-05-30,357.55,359.7,361.95,355.0,6296.0
337147,2023-07-04,413.95,384.7,417.8,377.25,472345.0
337147,2023-07-05,413.55,424.0,436.5,408.65,477148.0
337147,2022-05-27,261.5,265.0,268.0,261.0,8226.0
337147,2022-06-09,286.35,292.0,292.0,283.85,9001.0
337147,2022-06-14,270.45,272.9,276.0,267.1,12760.0
337147,2022-07-08,279.9,259.5,281.4,258.5,103622.0
337147,2022-08-29,358.5,344.5,364.0,325.05,78695.0
337147,2022-09-06,387.4,399.0,400.4,377.0,241966.0
337147,2022-09-29,351.65,347.0,353.15,335.55,63871.0
337147,2023-02-14,329.8,344.8,345.55,327.9,23234.0
337147,2023-03-23,306.3,313.2,313.2,305.25,19686.0
337147,2023-03-31,268.15,268.05,282.55,266.1,34928.0
337147,2023-07-14,407.4,390.0,410.35,388.0,101119.0
337147,2023-07-31,448.0,462.7,473.95,444.0,156115.0
337147,2023-08-02,437.05,448.7,451.0,428.0,119787.0
337147,2023-08-22,438.85,432.95,443.75,428.05,60963.0
337147,2022-05-10,276.5,290.0,298.7,261.6,191613.0
337147,2022-06-08,286.7,284.2,289.0,277.95,51028.0
337147,2022-06-22,247.35,249.95,252.0,241.05,12657.0
337147,2022-07-15,317.1,307.8,323.95,298.55,104279.0
337147,2022-07-19,305.3,297.5,316.5,297.5,66502.0
337147,2022-07-20,310.65,308.0,314.7,301.0,76240.0
337147,2022-08-24,335.55,332.5,345.0,330.9,161718.0
337147,2022-09-16,384.0,386.5,398.85,371.25,90936.0
337147,2022-09-20,379.3,383.05,390.8,375.5,37451.0
337147,2022-11-28,342.45,342.0,345.95,341.05,7521.0
337147,2022-12-20,334.9,337.0,337.0,334.0,11135.0
337147,2022-12-27,350.3,342.0,358.0,337.4,55194.0
337147,2023-02-08,346.6,352.35,354.9,346.0,26474.0
337147,2023-03-16,313.5,320.45,326.25,305.3,57733.0
337147,2023-04-05,289.2,284.95,294.4,277.55,58321.0
337147,2023-04-24,321.2,328.35,328.35,320.0,9534.0
337147,2023-04-26,315.05,320.55,320.55,313.0,9758.0
337147,2023-05-19,350.6,359.0,360.0,345.55,18495.0
337147,2023-06-06,357.35,366.5,366.5,351.25,35190.0
337147,2023-06-30,372.6,382.5,383.0,371.1,12075.0
337147,2023-07-03,381.85,375.1,389.95,375.0,58873.0
337147,2023-07-10,381.05,410.85,412.0,378.0,157642.0
337147,2023-07-20,449.6,470.15,470.15,447.1,255742.0
337147,2022-05-19,267.2,266.0,271.65,266.0,26323.0
337147,2022-05-30,262.35,260.4,272.0,255.55,37739.0
337147,2022-06-07,284.2,285.95,286.95,278.35,13375.0
337147,2022-08-01,304.45,302.5,307.55,296.55,43221.0
337147,2022-08-04,310.75,307.2,314.7,306.25,56572.0
337147,2022-08-10,335.85,319.5,337.8,318.05,284170.0
337147,2022-08-23,330.0,314.95,339.75,305.3,121157.0
337147,2022-08-25,354.55,339.4,367.1,338.15,346913.0
337147,2022-10-27,378.35,389.0,391.0,376.5,10717.0
337147,2022-11-22,344.25,346.0,348.45,343.0,5123.0
337147,2022-12-09,341.25,346.5,347.95,335.8,10441.0
337147,2023-02-06,340.45,343.5,345.0,335.0,27947.0
337147,2023-04-03,277.85,284.85,284.85,267.1,57222.0
337147,2023-04-21,326.4,324.5,328.7,321.35,13375.0
337147,2023-05-18,353.9,357.35,358.9,352.15,6542.0
337147,2023-06-12,356.55,363.95,363.95,351.1,20581.0
337147,2023-06-13,356.4,360.6,360.6,355.0,6240.0
337147,2023-06-21,362.1,366.45,369.7,361.2,12535.0
337147,2023-06-22,364.5,364.35,375.6,356.5,46403.0
337147,2023-07-25,464.0,469.05,483.0,455.25,225569.0
337147,2023-08-10,443.3,448.0,450.0,440.0,39880.0
337147,2022-05-24,274.65,275.75,281.65,270.65,30148.0
337147,2022-06-01,283.35,262.0,287.95,262.0,124823.0
337147,2022-06-23,252.7,247.4,255.05,244.9,14931.0
337147,2022-08-16,331.15,336.9,341.4,326.75,86028.0
337147,2022-09-01,360.3,357.8,367.9,351.5,91491.0
337147,2022-09-02,357.7,364.0,365.9,351.0,109952.0
337147,2022-09-27,335.1,338.15,343.85,331.0,33235.0
337147,2022-09-30,360.6,351.0,364.0,346.7,46670.0
337147,2022-10-21,377.15,385.0,385.0,371.05,41248.0
337147,2022-10-31,346.9,364.3,364.3,344.0,35616.0
337147,2022-11-02,356.15,346.7,358.0,345.6,32202.0
337147,2022-11-18,345.65,347.0,351.05,340.9,13074.0
337147,2022-11-23,342.6,346.0,346.0,333.0,21498.0
337147,2022-12-06,343.05,346.6,346.6,342.0,5100.0
337147,2022-12-28,347.7,355.0,363.55,341.15,58683.0
337147,2022-12-30,348.5,346.0,362.9,346.0,52331.0
337147,2023-01-19,378.15,368.75,387.95,366.8,143146.0
337147,2023-01-27,337.55,351.4,351.4,335.1,39029.0
337147,2023-02-02,324.75,315.2,328.9,308.6,59041.0
337147,2023-02-13,343.45,351.6,353.15,342.05,11686.0
337147,2023-02-16,327.85,326.2,329.0,323.6,14065.0
337147,2023-02-27,312.6,328.95,328.95,310.25,26933.0
337147,2023-04-11,325.4,318.1,332.0,318.1,65712.0
337147,2023-05-04,332.65,328.2,336.0,324.95,24296.0
337147,2023-05-24,348.1,352.9,352.9,344.0,11793.0
337147,2023-06-08,357.2,360.5,369.0,351.4,21059.0
337147,2023-06-19,367.15,369.9,374.8,360.45,31366.0
337147,2023-08-07,435.95,443.7,445.5,430.0,53380.0
337147,2022-05-06,264.4,269.7,269.7,260.0,79837.0
337147,2022-05-09,284.35,256.6,290.8,252.95,260522.0
337147,2022-06-21,245.65,237.9,248.85,229.5,49690.0
337147,2022-06-24,258.2,255.55,260.6,252.0,11995.0
337147,2022-06-27,262.45,264.5,267.0,258.0,27374.0
337147,2022-07-07,257.5,258.0,261.0,249.9,24724.0
337147,2022-07-14,305.1,304.9,314.0,300.35,104022.0
337147,2022-09-12,398.45,399.0,407.0,396.0,74116.0
337147,2022-09-14,394.85,380.0,398.0,369.45,56221.0
337147,2022-09-22,376.55,372.9,379.65,365.0,55974.0
337147,2022-09-28,343.9,334.0,347.0,331.15,49494.0
337147,2022-11-10,353.35,354.35,356.0,348.15,13163.0
337147,2022-11-15,343.65,344.2,346.9,339.0,14956.0
337147,2022-12-16,329.65,344.9,349.1,325.9,44349.0
337147,2022-12-21,327.1,333.75,335.1,325.25,14896.0
337147,2023-01-02,361.5,348.1,367.0,342.0,52136.0
337147,2023-01-04,361.4,364.45,369.0,352.0,38156.0
337147,2023-01-25,348.0,366.9,366.9,339.5,68803.0
337147,2023-04-10,319.95,299.0,324.0,299.0,63234.0
337147,2023-04-17,339.95,339.95,342.0,330.05,14041.0
337147,2023-04-28,329.35,317.95,332.8,310.35,27919.0
337147,2023-05-26,354.9,348.0,370.0,344.75,62774.0
337147,2023-05-29,357.1,355.7,366.0,352.0,25006.0
337147,2023-07-12,393.75,390.95,398.4,383.05,60673.0
337147,2023-08-01,446.5,451.9,459.45,437.6,125555.0
337147,2023-08-03,440.45,436.7,444.95,433.7,62460.0
337147,2023-08-18,425.0,431.95,431.95,416.05,52506.0
