stockid,date,close,open,high,low,volume
1002872,2021-02-17,703.1,696.0,711.5,693.0,3533494.0
1002872,2021-04-08,701.45,700.0,706.0,697.3,1817393.0
1002872,2021-05-14,670.6,679.9,679.9,666.4,1580599.0
1002872,2021-07-13,693.4,686.5,694.55,683.55,3119430.0
1002872,2021-08-13,670.5,675.0,678.2,668.6,1358720.0
1002872,2021-11-03,692.3,695.05,698.5,685.8,1256308.0
1002872,2021-11-10,706.5,705.5,708.0,700.6,2077910.0
1002872,2021-12-08,686.4,698.1,698.85,684.7,3678237.0
1002872,2021-12-20,633.6,654.0,654.0,627.0,2473370.0
1002872,2021-12-28,642.3,641.75,643.65,639.0,1217603.0
1002872,2021-12-31,649.55,645.35,655.0,642.15,1592842.0
1002872,2021-02-18,713.45,703.5,715.95,702.0,2949918.0
1002872,2021-02-26,700.65,725.95,730.9,693.95,13122512.0
1002872,2021-04-06,697.15,686.45,701.05,680.55,1427470.0
1002872,2021-04-23,686.35,679.0,691.4,676.35,3140377.0
1002872,2021-04-29,674.65,678.0,681.35,672.15,3939217.0
1002872,2021-05-07,672.65,678.0,680.5,671.05,1913550.0
1002872,2021-05-20,667.5,669.0,679.0,665.7,4316905.0
1002872,2021-05-24,670.25,670.7,673.3,667.35,1785392.0
1002872,2021-06-24,719.6,715.0,722.45,712.05,1652982.0
1002872,2021-07-19,678.7,696.5,696.5,677.0,2866929.0
1002872,2021-08-16,673.55,670.0,675.5,666.0,1058059.0
1002872,2021-08-23,668.8,670.0,672.8,662.3,2173978.0
1002872,2021-08-24,671.1,671.0,675.45,668.1,3051984.0
1002872,2021-08-30,712.35,709.0,713.2,706.1,3023655.0
1002872,2021-09-21,735.8,729.7,737.7,724.25,1850978.0
1002872,2021-10-28,683.1,693.85,695.7,680.2,1471621.0
1002872,2021-12-02,705.3,696.0,706.75,694.0,2331496.0
1002872,2021-12-14,669.5,678.0,678.0,665.65,2093071.0
1002872,2021-12-30,640.9,644.75,645.35,640.1,1280995.0
1002872,2021-01-15,704.85,708.4,717.0,702.2,2417123.0
1002872,2021-03-04,720.5,721.0,728.5,713.0,2122634.0
1002872,2021-03-31,696.2,688.0,697.8,681.0,2368424.0
1002872,2021-04-15,694.45,713.15,713.7,688.0,2566125.0
1002872,2021-05-06,671.8,672.0,679.9,669.0,2269126.0
1002872,2021-06-30,686.3,690.0,695.65,685.0,3432606.0
1002872,2021-07-01,685.75,689.5,692.6,682.8,2556547.0
1002872,2021-07-02,687.5,689.35,690.05,678.85,7942326.0
1002872,2021-07-14,688.5,696.0,697.05,688.0,2303846.0
1002872,2021-07-26,663.1,665.0,665.4,660.35,2503714.0
1002872,2021-09-01,718.55,720.0,724.6,707.3,4991772.0
1002872,2021-09-02,759.0,722.45,775.65,720.0,16281725.0
1002872,2021-09-03,734.4,738.95,747.75,727.2,15600504.0
1002872,2021-09-14,739.2,737.8,744.0,736.1,1974670.0
1002872,2021-11-18,704.5,711.05,715.0,702.3,1708655.0
1002872,2021-11-22,688.85,706.9,709.75,684.3,2109072.0
1002872,2021-12-01,693.85,680.0,695.0,678.05,3209799.0
1002872,2021-12-09,683.15,689.9,690.3,681.2,1650779.0
1002872,2021-01-14,706.9,713.0,718.55,702.55,1995368.0
1002872,2021-01-18,693.95,703.0,709.3,689.0,2381523.0
1002872,2021-01-28,671.8,679.5,683.05,670.1,1964058.0
1002872,2021-02-03,689.2,685.0,695.0,679.0,2902411.0
1002872,2021-03-16,703.05,707.7,710.6,700.0,1619213.0
1002872,2021-04-30,665.1,670.0,678.0,660.7,2742166.0
1002872,2021-08-02,670.35,669.0,671.45,665.4,2613866.0
1002872,2021-09-13,734.9,736.95,742.7,723.45,2883674.0
1002872,2021-10-01,729.45,720.0,730.5,714.3,1852758.0
1002872,2021-10-04,726.65,725.4,733.35,725.0,1615207.0
1002872,2021-10-05,733.15,724.2,735.95,722.05,2236948.0
1002872,2021-11-11,702.6,706.0,706.9,700.15,1102633.0
1002872,2021-12-29,644.75,645.0,646.75,639.1,1505964.0
1002872,2021-01-11,725.1,720.9,731.0,715.7,3216546.0
1002872,2021-05-19,666.15,668.0,671.6,665.0,2252486.0
1002872,2021-05-26,658.5,663.5,666.4,657.15,1938680.0
1002872,2021-06-09,684.9,695.0,696.9,681.5,3041695.0
1002872,2021-06-18,709.2,704.0,711.0,692.6,6580504.0
1002872,2021-09-29,734.75,724.7,738.0,721.0,5200234.0
1002872,2021-10-18,703.6,700.0,706.05,689.05,4597120.0
1002872,2021-10-20,703.4,703.4,709.5,695.3,2606119.0
1002872,2021-11-16,713.6,718.0,719.4,711.25,1900114.0
1002872,2021-01-01,678.4,676.5,680.8,675.0,1264311.0
1002872,2021-01-06,719.05,713.0,720.5,705.4,3582162.0
1002872,2021-01-12,718.4,727.0,727.0,714.2,1607350.0
1002872,2021-02-02,681.05,710.5,712.0,674.5,6702065.0
1002872,2021-02-10,719.05,710.05,723.9,710.0,8514545.0
1002872,2021-03-08,722.95,721.9,736.95,715.0,3203722.0
1002872,2021-03-30,687.75,675.5,693.3,675.0,3467886.0
1002872,2021-06-10,689.25,689.0,691.7,684.25,2217208.0
1002872,2021-06-17,700.3,685.95,703.85,682.3,3796926.0
1002872,2021-07-09,683.25,680.0,683.95,677.0,2570371.0
1002872,2021-07-22,662.1,664.0,669.4,661.1,4062964.0
1002872,2021-09-09,737.35,742.55,746.15,735.0,2867987.0
1002872,2021-09-23,724.65,733.75,735.85,722.2,2336977.0
1002872,2021-11-02,692.65,694.0,697.65,691.25,1898373.0
1002872,2021-12-10,684.75,684.9,686.0,680.25,1011025.0
1002872,2021-01-20,702.95,700.0,711.85,700.0,2495461.0
1002872,2021-03-23,683.55,683.85,689.45,680.65,2207365.0
1002872,2021-04-09,694.85,700.0,703.2,690.5,1586783.0
1002872,2021-06-11,682.6,689.25,690.15,681.55,1716481.0
1002872,2021-06-15,692.55,681.35,694.0,680.3,2613877.0
1002872,2021-06-23,717.75,721.0,723.65,716.35,1893116.0
1002872,2021-08-12,674.95,666.5,675.9,665.4,1822952.0
1002872,2021-09-16,755.15,747.0,756.2,743.5,3209102.0
1002872,2021-09-22,733.05,733.4,740.05,731.0,1150957.0
1002872,2021-09-30,722.4,740.0,740.0,720.7,3235673.0
1002872,2021-02-05,681.55,682.6,684.95,672.4,2759333.0
1002872,2021-02-12,710.95,713.95,720.0,708.25,1760221.0
1002872,2021-03-09,740.2,732.0,746.0,732.0,5412952.0
1002872,2021-03-17,689.8,706.5,707.1,687.5,2100094.0
1002872,2021-05-17,666.3,671.6,675.3,662.85,2453864.0
1002872,2021-05-21,670.7,669.0,674.9,667.0,1629616.0
1002872,2021-06-08,689.7,684.05,692.0,681.0,3425861.0
1002872,2021-07-06,680.05,678.6,687.0,675.0,6442552.0
1002872,2021-07-16,698.0,695.95,702.0,692.15,2000951.0
1002872,2021-09-28,725.8,722.0,733.35,721.5,2407512.0
1002872,2021-10-07,725.35,730.0,732.35,719.3,2453970.0
1002872,2021-01-27,682.85,685.0,695.0,673.05,3629780.0
1002872,2021-04-16,690.65,694.5,701.3,689.1,2784995.0
1002872,2021-04-22,679.05,672.0,682.8,672.0,2526780.0
1002872,2021-04-28,672.6,682.5,682.5,671.15,4011121.0
1002872,2021-05-05,674.4,670.05,675.8,667.0,2249063.0
1002872,2021-05-10,680.05,670.25,685.95,670.25,4342679.0
1002872,2021-05-27,664.05,661.05,667.0,657.35,3565457.0
1002872,2021-06-02,675.9,664.0,677.95,662.9,4979822.0
1002872,2021-06-16,692.15,696.2,698.1,690.0,3092360.0
1002872,2021-06-25,725.95,722.0,731.5,718.3,2833717.0
1002872,2021-06-29,686.5,680.25,702.5,680.05,30820343.0
1002872,2021-07-05,677.9,690.0,691.0,676.75,6776797.0
1002872,2021-07-30,664.05,664.5,672.0,661.35,2640763.0
1002872,2021-08-11,666.65,669.6,671.9,661.35,1361893.0
1002872,2021-08-31,717.75,712.35,719.0,704.1,3854510.0
1002872,2021-10-14,693.8,702.5,702.7,693.0,4077281.0
1002872,2021-10-19,702.8,708.0,709.05,698.55,2137420.0
1002872,2021-10-25,683.25,690.75,693.55,676.5,2786630.0
1002872,2021-11-09,706.45,709.7,709.95,698.8,2647708.0
1002872,2021-11-23,695.4,688.8,699.4,686.0,2081366.0
1002872,2021-12-03,690.95,707.25,707.25,688.15,1878712.0
1002872,2021-02-01,699.05,678.3,713.3,668.5,8383807.0
1002872,2021-02-19,710.65,715.3,723.45,703.1,3787638.0
1002872,2021-02-22,690.6,711.0,713.65,688.05,3110151.0
1002872,2021-03-02,720.8,714.95,727.8,706.25,2446910.0
1002872,2021-03-12,710.8,739.8,739.8,710.0,3271450.0
1002872,2021-05-18,666.7,669.6,672.8,666.0,1809231.0
1002872,2021-06-03,678.45,679.75,683.3,676.6,2861563.0
1002872,2021-07-07,685.2,680.0,685.8,678.0,3025732.0
1002872,2021-08-27,704.1,700.35,707.0,698.85,3396769.0
1002872,2021-09-27,721.0,729.4,730.25,718.3,1906863.0
1002872,2021-10-22,690.75,700.0,702.0,678.0,3533890.0
1002872,2021-11-15,714.6,723.95,723.95,711.2,1917369.0
1002872,2021-12-07,694.4,688.0,696.2,683.85,2459318.0
1002872,2021-12-13,674.4,685.0,688.4,673.0,2026297.0
1002872,2021-12-24,637.35,641.2,643.0,634.15,1183083.0
1002872,2021-01-13,713.25,718.45,724.7,708.55,2639680.0
1002872,2021-02-08,684.05,685.85,691.4,677.25,3887493.0
1002872,2021-03-10,731.35,743.15,746.0,725.1,2422642.0
1002872,2021-03-19,688.45,679.95,690.0,673.85,3146999.0
1002872,2021-03-26,671.7,672.4,676.8,666.55,1761492.0
1002872,2021-04-05,682.15,697.9,698.0,676.1,2074674.0
1002872,2021-04-13,706.1,689.15,710.7,685.0,4171978.0
1002872,2021-07-28,664.85,674.45,674.45,661.15,2686658.0
1002872,2021-08-09,667.0,674.15,677.95,666.0,1468932.0
1002872,2021-08-26,698.85,693.4,702.0,690.0,7671524.0
1002872,2021-09-08,743.65,739.0,747.0,733.85,3070612.0
1002872,2021-01-07,704.3,720.0,723.8,702.5,3284785.0
1002872,2021-01-21,700.5,710.0,711.9,699.0,2254977.0
1002872,2021-02-09,704.9,688.7,710.2,687.95,7331068.0
1002872,2021-02-16,695.35,696.4,704.0,686.95,3066134.0
1002872,2021-02-25,733.5,724.0,744.0,721.0,5635556.0
1002872,2021-03-03,727.5,724.0,731.5,721.1,1714037.0
1002872,2021-04-12,687.3,685.0,690.0,679.6,3457470.0
1002872,2021-04-19,665.95,682.05,684.45,661.55,4936620.0
1002872,2021-04-26,704.45,693.0,708.15,687.2,3274660.0
1002872,2021-04-27,678.75,711.05,719.0,677.0,10860187.0
1002872,2021-05-03,671.9,660.0,674.5,657.15,4908079.0
1002872,2021-05-25,659.15,673.7,674.0,657.1,3425396.0
1002872,2021-06-04,680.9,678.75,688.75,677.6,2532605.0
1002872,2021-06-28,696.2,728.0,728.0,694.2,7428147.0
1002872,2021-08-25,687.55,675.1,692.0,673.0,7608915.0
1002872,2021-11-01,689.8,680.45,693.45,680.35,1575508.0
1002872,2021-11-17,711.05,714.2,722.4,708.4,2453920.0
1002872,2021-01-22,687.4,702.7,708.8,684.1,2644349.0
1002872,2021-03-05,717.25,723.0,724.75,711.3,2140241.0
1002872,2021-05-04,667.85,677.0,680.85,665.5,4118750.0
1002872,2021-05-31,665.9,670.7,670.7,662.45,3123672.0
1002872,2021-07-12,682.95,684.5,686.65,680.1,1383135.0
1002872,2021-08-06,673.4,670.05,675.5,669.0,1749643.0
1002872,2021-08-18,671.05,668.95,675.15,668.5,1968944.0
1002872,2021-09-15,746.3,740.9,752.0,740.0,3172198.0
1002872,2021-09-17,747.75,759.0,759.6,740.0,11661592.0
1002872,2021-10-06,725.65,736.0,741.7,724.0,1939154.0
1002872,2021-10-11,717.3,724.9,724.9,714.9,3007329.0
1002872,2021-12-23,640.5,641.05,644.6,636.8,2150523.0
1002872,2021-12-27,639.75,635.0,642.35,630.1,1185438.0
1002872,2021-01-04,695.85,680.35,697.6,680.35,5031655.0
1002872,2021-01-25,680.4,695.0,699.5,665.65,3532317.0
1002872,2021-02-23,705.7,693.5,712.85,690.15,4693570.0
1002872,2021-02-24,718.8,712.05,721.5,697.0,2362499.0
1002872,2021-03-15,704.15,712.0,715.0,695.5,2394247.0
1002872,2021-04-01,691.0,699.8,704.35,682.3,3443437.0
1002872,2021-05-11,671.25,678.0,681.5,669.9,2430724.0
1002872,2021-06-21,718.75,707.25,720.0,704.6,6100487.0
1002872,2021-06-22,716.75,720.0,724.0,713.25,2451368.0
1002872,2021-07-08,681.3,685.3,689.3,678.4,3568036.0
1002872,2021-07-15,693.65,690.0,699.5,688.1,2774718.0
1002872,2021-07-20,663.45,678.7,681.5,661.95,3629414.0
1002872,2021-08-04,675.3,676.0,679.65,672.65,3077649.0
1002872,2021-08-05,669.5,678.0,678.0,668.2,1985164.0
1002872,2021-09-24,725.8,728.9,731.3,720.75,2219394.0
1002872,2021-11-08,703.25,702.5,704.95,692.0,2429656.0
1002872,2021-11-29,683.65,669.6,686.0,658.8,4901166.0
1002872,2021-10-08,722.1,729.0,731.45,720.3,1573419.0
1002872,2021-10-13,700.9,704.3,709.8,700.0,3092746.0
1002872,2021-10-29,680.45,682.5,689.0,675.5,2021722.0
1002872,2021-11-24,687.2,698.4,704.45,682.85,2093430.0
1002872,2021-11-30,680.8,682.0,689.75,672.65,11535239.0
1002872,2021-01-05,713.75,691.1,715.0,690.25,6955494.0
1002872,2021-01-19,698.55,695.0,701.55,693.7,2016585.0
1002872,2021-01-29,677.95,673.65,684.95,668.15,4598451.0
1002872,2021-02-04,680.4,685.25,690.65,678.15,3379697.0
1002872,2021-03-01,705.25,711.3,713.5,700.15,2210665.0
1002872,2021-03-18,680.85,695.1,699.25,675.1,2124421.0
1002872,2021-03-24,676.5,679.2,686.85,675.05,1735370.0
1002872,2021-03-25,667.0,676.5,677.55,662.0,2743208.0
1002872,2021-04-20,685.2,670.1,689.0,670.1,5373233.0
1002872,2021-05-12,668.8,671.25,673.95,665.1,2428984.0
1002872,2021-05-28,668.95,665.0,674.4,662.75,3030073.0
1002872,2021-06-01,665.25,668.6,670.95,663.65,1731330.0
1002872,2021-07-23,665.35,662.1,667.95,661.8,2796725.0
1002872,2021-07-29,662.65,666.05,669.95,661.0,1981009.0
1002872,2021-08-10,670.3,671.85,674.55,663.3,2024406.0
1002872,2021-09-06,736.05,740.0,743.75,728.7,8084343.0
1002872,2021-09-07,734.25,737.0,743.4,730.6,2891731.0
1002872,2021-10-26,690.05,685.0,695.0,684.1,2616174.0
1002872,2021-11-04,696.4,699.9,699.9,695.0,409164.0
1002872,2021-11-12,720.6,708.85,722.0,704.8,5345270.0
1002872,2021-11-25,688.8,690.0,694.5,685.5,1943112.0
1002872,2021-11-26,670.65,685.0,689.0,667.1,2236662.0
1002872,2021-12-15,672.85,670.0,675.3,665.1,1981529.0
1002872,2021-12-17,656.6,667.0,669.95,654.4,2377387.0
1002872,2021-12-22,639.9,640.05,643.3,636.0,1212183.0
1002872,2021-01-08,717.0,715.4,721.95,708.1,2841346.0
1002872,2021-02-11,714.2,721.0,726.45,710.3,3044979.0
1002872,2021-02-15,695.25,713.5,717.35,694.2,3871100.0
1002872,2021-03-22,679.85,689.45,694.75,678.25,2585880.0
1002872,2021-04-07,699.85,704.45,705.0,695.2,2890361.0
1002872,2021-06-07,680.1,682.3,684.5,675.0,1746210.0
1002872,2021-06-14,681.7,682.6,685.0,674.3,1151855.0
1002872,2021-07-27,668.75,666.0,674.8,662.9,3512513.0
1002872,2021-08-03,673.8,672.0,675.0,666.6,2936646.0
1002872,2021-08-17,669.4,673.0,676.55,668.1,2151413.0
1002872,2021-08-20,667.85,664.0,674.8,656.0,4035337.0
1002872,2021-09-20,730.15,739.05,746.9,727.0,1447672.0
1002872,2021-10-12,703.4,716.9,717.95,699.0,3241303.0
1002872,2021-10-21,694.55,706.95,711.0,691.0,3427729.0
1002872,2021-10-27,693.85,689.9,699.95,688.35,2103049.0
1002872,2021-12-06,684.2,691.0,693.75,682.5,1393577.0
1002872,2021-12-16,669.5,674.2,677.45,667.95,1404782.0
1002872,2021-12-21,638.75,640.0,643.95,633.0,1640601.0
1002872,2022-01-24,627.6,639.85,639.85,619.1,2628472.0
1002872,2022-01-03,650.5,654.0,654.65,646.3,1892087.0
1002872,2022-05-13,550.75,555.0,565.85,548.05,3154166.0
1002872,2022-06-09,604.9,595.5,606.9,592.0,2320898.0
1002872,2022-04-06,555.85,567.0,568.0,553.75,5626902.0
1002872,2022-06-10,593.1,601.8,603.8,591.55,1988641.0
1002872,2022-07-27,521.25,525.0,532.55,520.05,8672870.0
1002872,2022-04-28,571.4,550.9,575.35,546.5,14954957.0
1002872,2022-05-16,549.7,552.1,557.75,544.2,1260662.0
1002872,2022-08-23,565.85,560.0,571.3,560.0,2725513.0
1002872,2022-05-26,578.05,568.1,581.0,563.15,3444955.0
1002872,2022-08-24,566.65,567.9,574.25,563.15,3475352.0
1002872,2022-06-15,579.75,577.0,582.2,571.15,2601467.0
1002872,2022-09-28,514.45,518.35,520.25,510.0,3564554.0
1002872,2022-06-27,558.0,564.25,572.5,556.6,2738127.0
1002872,2022-10-10,533.2,525.8,534.5,520.0,2979552.0
1002872,2022-07-01,565.45,549.95,567.3,540.55,2052291.0
1002872,2022-10-11,522.55,534.0,535.0,521.3,2358152.0
1002872,2022-09-13,587.05,605.0,605.9,585.0,10170913.0
1002872,2022-10-14,523.0,534.4,534.4,521.8,2214367.0
1002872,2022-09-16,546.75,568.0,568.85,544.9,7125860.0
1002872,2022-11-01,544.55,543.05,550.9,539.9,2726938.0
1002872,2022-09-26,522.75,535.0,536.45,520.0,3974804.0
1002872,2022-11-15,532.9,539.8,540.95,530.15,2529334.0
1002872,2022-11-18,531.55,533.0,534.75,528.05,1947066.0
1002872,2022-12-05,588.9,591.9,593.8,584.8,2199625.0
1002872,2022-11-30,590.6,586.2,593.0,585.05,3502958.0
1002872,2022-12-14,580.35,583.0,585.55,579.1,2800824.0
1002872,2022-12-20,579.8,583.0,585.0,578.55,2166279.0
1002872,2022-12-16,575.2,579.2,585.7,573.6,2787126.0
1002872,2022-12-22,577.85,576.4,582.8,574.0,3424491.0
1002872,2022-12-21,575.4,585.0,589.9,571.3,2694392.0
1002872,2023-05-05,539.7,543.0,548.75,537.5,2159574.0
1002872,2022-12-29,571.0,566.0,573.2,559.15,3393061.0
1002872,2023-01-03,595.6,570.0,600.0,569.5,10096217.0
1002872,2023-05-09,552.05,552.5,557.45,549.6,1927306.0
1002872,2023-06-06,579.7,574.15,582.75,567.9,3334157.0
1002872,2023-06-13,584.8,582.25,587.0,581.0,3288950.0
1002872,2023-01-12,598.4,602.45,605.8,594.6,2358813.0
1002872,2023-07-26,658.6,652.0,660.0,648.0,1841832.0
1002872,2023-08-09,645.8,646.0,652.0,643.15,2176168.0
1002872,2023-03-03,489.95,485.3,492.55,481.6,2983486.0
1002872,2023-04-20,530.25,525.0,531.6,522.8,1561641.0
1002872,2023-06-21,642.5,645.0,659.95,640.05,7689046.0
1002872,2023-07-21,647.3,662.5,662.5,633.65,5964750.0
1002872,2023-07-28,659.3,663.0,664.45,654.5,1664766.0
1002872,2022-02-21,582.0,583.55,589.4,576.55,2415405.0
1002872,2022-03-25,519.55,524.1,528.0,517.85,2874297.0
1002872,2022-04-07,559.0,560.0,560.55,552.85,3159512.0
1002872,2022-04-18,574.3,560.5,576.85,555.25,5765896.0
1002872,2022-05-31,598.95,607.0,607.5,596.1,5609885.0
1002872,2022-06-24,561.45,558.15,565.3,558.15,1021604.0
1002872,2022-08-08,536.75,541.0,543.4,535.8,2560379.0
1002872,2022-08-22,566.65,576.65,576.65,565.6,2575136.0
1002872,2022-09-29,528.0,518.0,529.75,517.0,5428542.0
1002872,2022-09-30,530.45,526.0,532.4,521.5,3216079.0
1002872,2022-10-12,526.6,520.1,528.6,520.1,1768526.0
1002872,2022-11-09,531.75,536.75,538.2,530.9,2253327.0
1002872,2022-11-22,539.95,533.8,540.6,532.3,2913409.0
1002872,2022-12-02,589.85,594.95,594.95,586.95,2788220.0
1002872,2022-12-15,580.2,582.9,587.25,576.15,1991517.0
1002872,2022-12-28,568.2,569.7,571.75,566.35,1452719.0
1002872,2023-01-04,598.6,599.0,609.9,595.0,7722662.0
1002872,2023-01-23,589.2,595.0,596.45,585.2,3884783.0
1002872,2023-02-22,494.45,500.6,501.75,492.5,2728046.0
1002872,2023-02-23,486.85,494.45,494.95,486.15,4158416.0
1002872,2023-08-16,625.15,627.1,629.8,619.65,1800138.0
1002872,2022-02-07,603.25,620.1,623.7,600.0,3030728.0
1002872,2022-02-25,538.9,540.0,545.55,533.85,5087685.0
1002872,2022-03-11,518.8,518.55,524.2,514.75,2924919.0
1002872,2022-03-29,523.0,517.0,525.7,514.4,3428962.0
1002872,2022-04-19,546.7,576.9,579.9,542.0,2958108.0
1002872,2022-05-02,579.85,577.45,585.75,574.7,3025011.0
1002872,2022-05-06,565.95,555.0,573.75,555.0,3969111.0
1002872,2022-06-02,607.9,604.0,609.55,591.2,5252011.0
1002872,2022-08-29,560.95,555.0,565.0,554.1,2582228.0
1002872,2022-09-06,573.5,576.4,580.8,571.65,3339197.0
1002872,2022-10-21,541.95,539.9,548.3,536.7,4221644.0
1002872,2022-11-11,542.65,535.0,553.0,532.45,6425663.0
1002872,2022-12-01,596.45,590.6,600.9,589.1,3187533.0
1002872,2022-12-30,566.25,572.05,573.0,565.2,1690896.0
1002872,2023-01-02,570.3,565.0,571.4,561.25,841928.0
1002872,2023-01-19,605.25,601.15,611.0,600.75,3615736.0
1002872,2023-01-24,589.55,591.0,594.75,588.15,2219052.0
1002872,2023-02-13,514.5,522.55,526.0,512.15,3063664.0
1002872,2023-03-01,489.75,488.9,490.85,484.4,1591916.0
1002872,2023-03-28,489.7,495.45,498.5,486.85,2494157.0
1002872,2023-04-03,503.7,502.05,508.5,501.25,2394944.0
1002872,2023-05-03,538.7,544.0,547.85,535.1,2875460.0
1002872,2023-05-12,560.65,567.4,569.0,558.65,1433810.0
1002872,2023-05-19,557.6,564.9,564.9,554.95,1484899.0
1002872,2023-06-07,594.45,583.0,595.5,582.7,3440284.0
1002872,2023-06-19,626.55,609.95,629.0,602.1,7087287.0
1002872,2023-06-30,651.2,652.0,657.5,638.5,8681796.0
1002872,2023-07-07,658.1,660.6,679.0,656.7,5425784.0
1002872,2023-07-10,668.25,660.0,674.75,659.05,3676990.0
1002872,2023-07-11,672.55,671.0,684.8,670.75,5004622.0
1002872,2023-07-12,671.7,675.9,677.5,669.75,2912240.0
1002872,2023-07-14,670.05,683.85,684.8,660.55,6273380.0
1002872,2022-01-12,673.25,658.3,674.25,658.3,2091488.0
1002872,2022-01-20,649.45,654.6,660.6,647.55,1429228.0
1002872,2022-02-04,624.35,637.0,637.0,622.1,1909456.0
1002872,2022-01-28,620.45,621.35,632.9,619.05,1317526.0
1002872,2022-02-03,634.4,646.05,647.3,631.05,2076930.0
1002872,2022-02-24,532.95,559.0,560.0,529.05,5515851.0
1002872,2022-03-23,525.85,531.9,534.0,524.15,2654149.0
1002872,2022-05-04,567.6,570.3,580.55,564.4,3587834.0
1002872,2022-05-05,569.75,570.5,577.4,563.5,3860357.0
1002872,2022-05-18,550.0,555.0,558.55,547.55,2377852.0
1002872,2022-06-16,570.55,582.0,585.85,567.65,2366283.0
1002872,2022-08-03,535.35,540.0,540.55,526.5,4152018.0
1002872,2022-08-05,539.25,537.6,545.55,536.55,5466554.0
1002872,2022-08-12,544.95,542.0,548.35,540.15,2904816.0
1002872,2022-10-18,531.25,526.1,532.4,523.75,2757284.0
1002872,2022-11-07,536.0,540.0,543.5,534.7,2976001.0
1002872,2022-11-24,572.55,551.9,573.55,550.1,10593189.0
1002872,2022-12-19,584.45,574.95,586.75,574.2,1960076.0
1002872,2023-01-10,600.2,608.5,613.05,599.55,4073524.0
1002872,2023-01-17,609.45,607.0,610.6,601.2,1807515.0
1002872,2023-02-03,488.9,496.0,499.0,481.0,10593983.0
1002872,2023-02-27,488.7,482.85,490.9,478.0,2587409.0
1002872,2023-03-17,471.25,464.05,477.3,464.0,7640040.0
1002872,2023-03-22,497.45,483.0,498.5,483.0,5604187.0
1002872,2023-05-04,546.5,539.8,549.75,536.55,2312821.0
1002872,2023-05-15,559.3,559.9,563.05,556.3,1984609.0
1002872,2023-05-23,562.7,567.7,573.75,561.15,3425506.0
1002872,2023-05-30,585.15,576.0,589.0,571.0,2653926.0
1002872,2023-06-02,576.4,585.3,586.0,572.95,3192761.0
1002872,2023-06-26,630.25,619.95,632.35,616.75,3749962.0
1002872,2023-08-14,632.75,632.1,638.0,625.6,1927044.0
1002872,2022-01-17,674.15,671.0,675.55,668.0,1255654.0
1002872,2022-02-01,623.9,626.25,638.55,617.6,4159628.0
1002872,2022-02-14,557.3,588.0,589.8,555.0,7168038.0
1002872,2022-02-18,590.95,590.0,597.5,587.45,2613689.0
1002872,2022-03-10,521.3,524.0,529.75,515.85,5059007.0
1002872,2022-03-28,512.6,516.1,520.7,505.1,4968964.0
1002872,2022-03-30,542.3,526.0,543.35,526.0,6695548.0
1002872,2022-04-20,559.3,548.0,560.75,541.0,3278202.0
1002872,2022-04-21,570.95,560.5,575.7,557.05,3111307.0
1002872,2022-05-10,559.2,561.0,572.9,558.0,3953646.0
1002872,2022-05-11,563.55,559.5,575.7,559.5,4283207.0
1002872,2022-05-12,547.25,560.1,564.65,544.3,3079554.0
1002872,2022-05-17,554.85,549.85,556.85,542.5,2057634.0
1002872,2022-05-30,608.9,605.65,613.4,599.3,5399271.0
1002872,2022-06-06,606.1,601.95,614.5,601.05,3348790.0
1002872,2022-07-19,535.9,541.0,544.8,535.0,4654412.0
1002872,2022-07-21,529.1,525.3,532.35,519.05,5528757.0
1002872,2022-07-28,531.6,524.0,536.0,519.65,11504269.0
1002872,2022-08-01,546.05,560.0,560.2,544.4,4482787.0
1002872,2022-09-01,575.6,576.85,581.0,569.05,3491926.0
1002872,2022-09-14,576.35,580.0,586.2,575.05,3032306.0
1002872,2022-10-31,540.45,532.8,541.3,532.1,1625350.0
1002872,2022-11-03,545.4,540.4,548.3,538.15,1782757.0
1002872,2022-11-16,528.1,527.1,532.15,525.6,2993826.0
1002872,2022-12-07,581.8,590.9,590.9,580.1,2831232.0
1002872,2023-02-10,522.55,519.8,528.4,518.3,7239045.0
1002872,2023-02-16,514.6,519.0,522.0,512.7,1983991.0
1002872,2023-04-19,524.8,532.5,532.95,523.35,1622301.0
1002872,2023-08-11,633.6,640.0,641.9,632.0,1288176.0
1002872,2022-02-17,592.6,586.1,595.4,581.25,3542326.0
1002872,2022-02-22,572.75,577.0,577.0,565.0,2952243.0
1002872,2022-03-17,530.15,523.0,532.9,520.5,11303983.0
1002872,2022-04-01,550.35,538.0,551.4,536.4,3675121.0
1002872,2022-04-04,571.8,560.0,597.55,553.8,23976331.0
1002872,2022-04-12,562.3,566.5,572.8,560.45,4518691.0
1002872,2022-04-25,540.0,552.0,552.0,536.0,3225681.0
1002872,2022-05-23,551.15,544.0,556.2,542.65,3094798.0
1002872,2022-06-13,582.0,581.55,590.0,579.55,2280937.0
1002872,2022-11-14,538.85,545.0,545.2,536.35,2050388.0
1002872,2022-11-25,586.6,575.0,590.0,574.0,9556330.0
1002872,2022-12-13,582.35,578.2,583.8,577.3,3212182.0
1002872,2022-12-23,565.45,574.95,578.95,564.15,3234932.0
1002872,2023-05-26,577.2,572.0,578.85,569.35,1467444.0
1002872,2023-06-09,581.7,587.95,593.7,576.75,3023579.0
1002872,2023-07-05,673.6,647.0,675.95,645.05,5871642.0
1002872,2023-07-17,667.15,672.95,674.85,662.1,2439405.0
1002872,2023-08-02,642.85,642.75,644.9,637.0,2536221.0
1002872,2022-03-07,503.5,505.0,520.0,498.0,9156126.0
1002872,2022-06-23,558.1,553.1,560.0,549.65,1592871.0
1002872,2022-07-05,564.85,581.0,581.2,563.25,2528269.0
1002872,2022-07-13,539.5,542.45,545.75,538.55,1169625.0
1002872,2022-08-02,538.5,545.0,545.0,534.65,5856552.0
1002872,2022-09-19,548.1,550.0,557.0,543.0,4657454.0
1002872,2022-09-21,551.4,558.0,561.8,549.5,2075187.0
1002872,2022-09-23,539.45,542.75,545.0,537.1,2118150.0
1002872,2022-10-06,529.65,535.0,539.2,528.8,3033739.0
1002872,2022-10-20,537.2,531.0,538.0,527.0,2285817.0
1002872,2022-10-25,533.45,544.35,544.8,531.5,2362781.0
1002872,2022-12-27,569.8,572.0,574.2,567.45,1511387.0
1002872,2023-01-25,585.05,590.0,591.75,580.1,1443501.0
1002872,2023-01-27,587.7,586.45,593.9,578.05,3632289.0
1002872,2023-02-07,482.95,483.9,491.5,482.0,7117626.0
1002872,2023-02-15,519.1,510.75,520.0,509.65,2497424.0
1002872,2023-04-05,507.75,503.7,511.95,503.7,4270479.0
1002872,2023-04-27,517.85,530.1,530.1,516.05,7978904.0
1002872,2023-05-08,549.55,542.0,551.0,540.0,1970280.0
1002872,2023-05-25,572.05,566.0,573.7,563.05,1307797.0
1002872,2023-06-12,584.4,585.95,591.0,581.45,3327440.0
1002872,2023-07-18,656.55,667.0,667.0,653.35,5855926.0
1002872,2023-08-03,632.7,637.1,640.95,629.1,2670399.0
1002872,2023-08-04,642.2,635.95,644.25,635.15,2032172.0
1002872,2022-01-11,658.15,662.95,665.9,656.25,1484964.0
1002872,2022-02-02,644.15,624.1,645.8,624.1,2989002.0
1002872,2022-02-09,600.2,606.75,606.75,596.1,2644690.0
1002872,2022-02-16,586.35,577.0,592.9,576.3,6991082.0
1002872,2022-03-14,512.45,520.0,521.15,510.05,4517379.0
1002872,2022-04-26,549.85,541.1,556.0,537.95,4153518.0
1002872,2022-04-27,547.65,552.0,558.45,537.25,4744055.0
1002872,2022-06-01,607.15,598.95,609.0,596.65,4893225.0
1002872,2022-06-22,551.8,561.0,563.85,550.35,1215189.0
1002872,2022-07-29,555.5,540.0,560.0,534.2,14236016.0
1002872,2022-08-11,541.55,543.65,545.5,539.25,2333537.0
1002872,2022-08-30,575.2,563.5,576.5,562.15,3057037.0
1002872,2022-10-28,530.1,532.7,536.5,528.3,1207153.0
1002872,2022-11-28,586.0,584.7,593.0,582.15,5799007.0
1002872,2023-01-11,599.85,600.0,605.55,594.35,3576811.0
1002872,2023-01-31,578.85,587.95,589.5,572.95,3073978.0
1002872,2023-02-21,501.05,510.9,514.8,500.05,2669387.0
1002872,2023-02-24,482.85,488.5,490.0,482.0,2436219.0
1002872,2023-05-18,561.55,564.0,568.8,559.3,1745334.0
1002872,2023-06-14,585.05,584.8,589.45,581.8,5344073.0
1002872,2023-06-28,651.95,667.2,671.95,641.55,21909643.0
1002872,2023-07-03,650.7,651.0,657.0,644.05,2795761.0
1002872,2023-08-17,628.4,625.15,630.95,622.2,1800092.0
1002872,2022-01-21,641.45,645.0,646.95,633.35,2963518.0
1002872,2022-01-06,646.9,651.0,651.95,644.9,2548339.0
1002872,2022-01-04,653.15,652.4,655.0,649.05,2293391.0
1002872,2022-01-10,662.95,666.0,669.7,660.0,1480419.0
1002872,2022-01-13,670.35,673.9,676.4,668.4,1807858.0
1002872,2022-02-23,569.05,572.75,578.0,565.5,1929381.0
1002872,2022-01-18,669.1,678.0,678.8,666.75,979679.0
1002872,2022-01-27,621.5,625.8,625.9,617.15,1914985.0
1002872,2022-03-24,522.35,524.0,526.0,519.0,3192575.0
1002872,2022-02-15,573.6,564.0,574.5,551.6,4282324.0
1002872,2022-04-11,567.4,564.95,571.7,560.6,3034500.0
1002872,2022-03-04,521.5,528.9,528.9,514.25,4687979.0
1002872,2022-04-22,554.05,568.9,568.9,552.0,2703271.0
1002872,2022-03-08,513.05,500.0,514.95,497.05,7443036.0
1002872,2022-05-27,598.1,582.0,604.3,577.4,8795852.0
1002872,2022-03-16,517.3,507.05,521.35,507.05,6339842.0
1002872,2022-06-28,565.95,559.95,569.0,549.35,2194297.0
1002872,2022-04-13,564.85,565.0,568.75,562.0,2313264.0
1002872,2022-06-08,599.95,602.3,608.9,596.05,2129427.0
1002872,2022-08-17,589.35,572.0,591.7,570.0,8775717.0
1002872,2022-10-07,526.85,529.95,533.5,525.9,2762228.0
1002872,2022-06-20,553.15,551.0,558.45,545.85,1278783.0
1002872,2022-10-24,541.55,546.8,547.0,539.7,389166.0
1002872,2022-07-11,546.65,543.0,549.1,540.2,1848324.0
1002872,2022-07-20,525.2,540.0,541.1,522.0,9053768.0
1002872,2022-11-29,584.85,583.5,587.5,582.55,3215187.0
1002872,2022-07-25,526.75,534.0,536.0,526.0,3800562.0
1002872,2022-09-02,574.85,575.0,586.1,571.25,3282784.0
1002872,2022-12-06,586.8,588.0,595.4,585.1,2751347.0
1002872,2023-01-30,587.95,586.8,592.35,583.3,2843943.0
1002872,2023-05-22,567.0,557.0,569.2,554.5,1975841.0
1002872,2022-10-13,520.65,525.0,526.0,518.0,1463375.0
1002872,2023-06-08,593.9,594.45,597.4,589.8,1675907.0
1002872,2022-10-27,533.0,533.0,537.95,529.65,4849578.0
1002872,2023-06-16,609.55,577.8,615.0,576.6,11422524.0
1002872,2023-01-18,601.05,610.0,610.05,598.45,3291651.0
1002872,2023-06-23,626.9,642.45,643.0,623.8,4159293.0
1002872,2023-02-06,482.05,487.0,489.75,473.7,7441590.0
1002872,2023-06-27,667.2,641.0,674.0,637.1,30050877.0
1002872,2023-03-13,478.95,490.0,495.5,477.3,2849642.0
1002872,2023-03-14,470.55,480.45,485.35,468.75,8530038.0
1002872,2023-04-26,531.6,529.0,536.9,528.6,4165761.0
1002872,2023-05-17,560.1,562.0,562.75,552.4,1395385.0
1002872,2023-05-24,566.0,562.6,571.95,558.9,1529396.0
1002872,2023-07-25,651.8,653.15,660.0,650.0,4754351.0
1002872,2023-08-18,625.95,623.0,627.45,616.75,2392364.0
1002872,2022-01-31,622.45,625.5,627.5,615.45,4374943.0
1002872,2022-01-19,656.05,665.0,667.4,652.25,1945857.0
1002872,2022-02-10,606.25,600.2,611.5,590.45,6231536.0
1002872,2022-03-09,514.7,517.0,523.0,508.0,4515965.0
1002872,2022-06-29,541.25,558.5,561.55,538.75,4268386.0
1002872,2022-03-15,504.7,512.45,519.8,502.75,4513513.0
1002872,2022-07-07,554.6,563.8,565.65,551.2,4548159.0
1002872,2022-05-09,563.85,558.15,569.0,557.5,2774773.0
1002872,2022-08-19,576.65,586.5,594.4,573.8,3992396.0
1002872,2022-06-14,572.4,580.0,584.65,570.15,4065780.0
1002872,2022-08-26,566.9,574.9,581.5,564.35,4009744.0
1002872,2022-07-08,545.35,558.0,558.85,543.45,3509988.0
1002872,2022-09-08,584.35,579.85,586.0,578.0,2397242.0
1002872,2022-07-12,539.75,546.55,546.65,537.45,2088278.0
1002872,2022-10-17,523.75,522.0,525.9,518.6,1486039.0
1002872,2022-07-14,537.15,540.8,543.45,532.6,1770641.0
1002872,2022-11-04,539.3,545.4,546.9,536.5,1514523.0
1002872,2022-07-18,542.75,544.4,545.95,540.45,1543573.0
1002872,2022-12-08,577.5,580.0,580.8,573.5,3171602.0
1002872,2022-08-04,534.9,536.3,539.4,529.4,4868831.0
1002872,2022-12-09,579.6,581.0,581.9,571.55,3243513.0
1002872,2022-08-16,570.6,547.7,572.9,546.0,9780995.0
1002872,2022-10-04,531.95,522.2,533.1,522.2,2257640.0
1002872,2023-01-05,609.45,600.0,612.4,598.0,5704967.0
1002872,2023-01-20,590.55,608.0,608.4,588.25,4255202.0
1002872,2022-10-19,531.55,533.2,535.4,529.3,2135162.0
1002872,2023-02-09,518.65,508.55,522.7,502.2,9516815.0
1002872,2022-11-10,528.25,531.75,534.5,527.0,1377280.0
1002872,2022-11-17,531.2,528.55,535.55,525.05,2836626.0
1002872,2023-03-16,461.4,466.7,469.0,457.8,6790599.0
1002872,2023-03-27,492.95,486.65,499.45,486.65,2412510.0
1002872,2023-04-11,513.55,516.8,522.8,512.75,3671457.0
1002872,2022-12-12,576.5,575.2,578.0,571.55,1747003.0
1002872,2023-04-18,532.3,537.0,540.0,529.5,2514020.0
1002872,2023-05-02,544.5,530.0,545.85,529.55,4239067.0
1002872,2022-12-26,569.3,562.5,570.75,562.5,1962030.0
1002872,2023-05-31,592.35,603.0,603.7,584.25,10027475.0
1002872,2023-01-13,604.5,599.45,607.6,596.35,3272285.0
1002872,2023-06-15,578.15,585.05,585.05,574.0,2074065.0
1002872,2023-02-14,512.05,515.4,517.45,507.65,2233957.0
1002872,2023-07-06,661.15,674.55,677.7,659.5,4788193.0
1002872,2023-02-17,504.25,514.55,514.55,501.5,4312084.0
1002872,2023-07-13,680.6,676.0,690.85,676.0,3997060.0
1002872,2023-04-06,514.65,506.1,516.9,505.25,2416882.0
1002872,2023-07-19,659.05,658.0,660.45,649.05,4866371.0
1002872,2023-08-23,633.9,638.0,638.5,630.4,495699.0
1002872,2023-04-24,547.55,551.0,555.55,532.0,23496385.0
1002872,2023-05-11,567.4,562.05,569.4,561.05,1620276.0
1002872,2023-05-16,559.5,562.2,563.5,554.0,3027008.0
1002872,2023-06-05,574.15,578.05,580.95,573.0,2230529.0
1002872,2023-07-27,662.45,658.6,668.25,657.2,3364659.0
1002872,2023-07-31,646.85,652.0,655.0,644.45,3738008.0
1002872,2023-08-01,642.75,641.15,646.8,638.0,3370855.0
1002872,2023-08-07,648.8,645.0,649.75,639.25,1676683.0
1002872,2023-08-10,640.0,645.0,651.5,638.1,1472754.0
1002872,2023-08-21,625.15,625.0,629.35,623.0,1207075.0
1002872,2022-03-02,560.8,518.0,563.0,509.05,41081069.0
1002872,2022-03-31,538.2,542.95,550.25,533.9,5976662.0
1002872,2022-04-05,569.65,572.0,575.65,567.0,4898169.0
1002872,2022-04-29,582.4,575.35,594.0,573.2,8916828.0
1002872,2022-05-20,544.7,534.0,547.35,532.0,2607708.0
1002872,2022-06-03,602.7,613.0,617.45,600.3,3679222.0
1002872,2022-06-07,605.3,607.0,607.15,593.05,1652408.0
1002872,2022-07-15,539.9,537.1,541.7,534.0,1079168.0
1002872,2022-07-26,522.55,525.0,531.0,520.1,7812371.0
1002872,2022-08-10,540.9,538.4,543.95,537.0,3597072.0
1002872,2022-08-25,571.05,569.5,579.75,568.35,2146845.0
1002872,2022-09-07,576.95,570.0,578.5,568.9,3210212.0
1002872,2022-09-22,545.8,545.1,551.45,540.1,3493307.0
1002872,2022-10-03,518.7,530.55,530.55,518.05,2951085.0
1002872,2022-11-02,542.25,545.85,548.15,540.15,1479779.0
1002872,2022-11-21,532.35,531.5,534.9,528.55,2063314.0
1002872,2022-11-23,547.65,542.65,549.1,541.0,5516902.0
1002872,2023-02-20,507.95,506.3,522.75,500.25,6129396.0
1002872,2023-02-28,488.8,490.9,491.7,484.55,3271808.0
1002872,2023-03-02,482.8,490.0,491.25,481.65,2618651.0
1002872,2023-03-06,490.15,492.0,496.75,489.0,3007451.0
1002872,2023-03-09,491.25,495.0,496.6,490.0,2336282.0
1002872,2023-03-23,498.55,497.45,505.0,494.15,4489138.0
1002872,2023-04-28,529.75,517.1,531.0,516.45,4031679.0
1002872,2023-06-01,582.2,593.45,594.45,581.0,1659264.0
1002872,2023-06-22,639.0,642.5,655.8,637.25,4577233.0
1002872,2023-07-24,653.15,653.6,660.2,646.05,7781836.0
1002872,2023-08-08,645.45,650.0,654.85,642.1,3542734.0
1002872,2022-01-07,660.3,647.0,662.95,646.0,2168995.0
1002872,2022-01-14,671.45,668.0,674.85,666.2,1292789.0
1002872,2022-01-25,630.8,627.2,633.5,617.0,1827902.0
1002872,2022-02-08,600.45,606.4,607.85,594.0,1954492.0
1002872,2022-02-28,523.2,532.0,532.5,520.25,10669560.0
1002872,2022-03-03,531.75,560.75,563.5,530.25,5811568.0
1002872,2022-03-22,529.3,523.5,530.5,516.5,3457606.0
1002872,2022-05-19,528.7,542.5,547.4,525.4,3998270.0
1002872,2022-06-17,550.8,564.0,572.0,547.4,5050203.0
1002872,2022-06-21,564.45,555.4,565.8,555.0,982122.0
1002872,2022-06-30,550.0,540.5,556.0,537.6,6228299.0
1002872,2022-07-06,557.45,563.25,571.9,555.0,3309296.0
1002872,2022-09-12,578.55,578.0,584.0,572.8,2014300.0
1002872,2022-09-15,566.75,578.4,583.4,566.1,2651988.0
1002872,2022-09-27,520.85,525.4,526.9,515.25,2994372.0
1002872,2023-01-09,608.45,615.05,618.05,601.75,3969535.0
1002872,2023-02-02,492.7,499.0,505.25,483.05,17269387.0
1002872,2023-03-08,495.2,490.0,496.35,488.0,5589817.0
1002872,2023-03-20,465.25,470.0,471.4,458.1,3937830.0
1002872,2023-03-21,482.75,467.0,484.0,466.5,4363583.0
1002872,2023-03-29,495.95,491.3,498.0,486.7,3137010.0
1002872,2023-03-31,499.2,497.0,501.2,495.0,3459342.0
1002872,2023-04-10,513.7,514.65,520.3,511.65,2375216.0
1002872,2023-04-12,517.05,514.0,518.45,509.55,1950603.0
1002872,2023-04-13,531.85,519.65,533.5,518.5,4153200.0
1002872,2023-04-21,513.3,536.0,541.25,511.4,4452849.0
1002872,2023-04-25,529.75,546.15,546.85,528.0,6700461.0
1002872,2023-05-10,562.65,553.4,563.5,551.15,3191516.0
1002872,2023-05-29,579.05,577.3,588.45,575.0,2794717.0
1002872,2023-06-20,643.7,627.0,644.85,624.2,10400684.0
1002872,2023-07-04,647.0,654.4,657.25,644.6,3340982.0
1002872,2023-08-22,635.85,625.0,654.05,624.2,8186967.0
1002872,2022-01-05,653.55,655.0,658.25,650.65,3326875.0
1002872,2022-02-11,595.35,600.7,601.5,593.0,2557745.0
1002872,2022-03-21,522.35,532.8,534.3,520.25,4064003.0
1002872,2022-04-08,564.8,558.95,566.85,553.8,3232920.0
1002872,2022-05-24,552.9,551.15,556.0,545.65,3835802.0
1002872,2022-05-25,569.1,557.7,571.55,556.6,5339885.0
1002872,2022-07-04,574.3,565.45,575.5,563.1,1488372.0
1002872,2022-07-22,535.0,530.0,536.95,528.55,2944287.0
1002872,2022-08-18,586.75,590.2,598.95,583.0,7123366.0
1002872,2022-09-05,573.65,574.0,578.85,570.05,1218242.0
1002872,2022-09-09,575.95,586.0,588.9,575.0,1230807.0
1002872,2022-09-20,559.75,550.8,564.55,547.2,8499419.0
1002872,2023-01-06,611.65,608.0,620.6,605.65,5415866.0
1002872,2023-01-16,604.2,605.0,612.6,599.85,2170216.0
1002872,2023-02-01,515.7,582.9,584.65,502.35,22671272.0
1002872,2023-02-08,508.55,484.8,510.3,483.5,10571918.0
1002872,2023-03-10,490.25,487.55,491.15,484.2,2383642.0
1002872,2023-03-15,466.7,473.05,478.45,465.1,6095528.0
1002872,2023-03-24,492.25,494.5,501.9,481.6,6424544.0
1002872,2023-04-17,533.4,542.5,542.5,529.3,3417617.0
1002872,2023-07-20,661.05,660.0,662.85,651.55,2754328.0
