stockid,date,close,open,high,low,volume
598896,2021-01-29,84.65,86.05,86.85,84.1,471215.0
598896,2021-02-18,92.2,95.4,95.6,91.5,1553110.0
598896,2021-03-04,102.25,101.0,106.2,100.7,3157918.0
598896,2021-03-15,95.55,98.9,99.0,93.8,1117348.0
598896,2021-01-06,93.4,94.65,96.0,91.7,1096909.0
598896,2021-03-16,95.35,96.3,97.4,94.5,1777087.0
598896,2021-01-28,85.8,84.05,86.45,84.05,548756.0
598896,2021-03-23,89.85,88.45,91.1,88.15,1165868.0
598896,2021-02-23,89.15,88.4,90.55,86.65,768719.0
598896,2021-03-26,84.75,86.0,86.5,84.2,771217.0
598896,2021-03-01,92.3,91.35,94.4,90.7,1560010.0
598896,2021-03-30,85.2,84.3,86.9,84.3,716933.0
598896,2021-03-22,88.0,88.6,89.6,87.2,951157.0
598896,2021-05-24,104.9,99.0,108.15,99.0,6598804.0
598896,2021-04-22,82.1,81.3,83.1,80.85,423271.0
598896,2021-05-25,102.2,105.7,106.4,100.9,2172835.0
598896,2021-05-05,87.4,87.8,88.45,86.7,443973.0
598896,2021-07-02,153.25,153.3,157.7,152.0,1534010.0
598896,2021-05-21,99.3,104.1,105.45,98.6,4302622.0
598896,2021-06-09,113.9,117.4,121.3,112.1,2745391.0
598896,2021-07-20,161.3,167.15,168.6,158.0,1771389.0
598896,2021-08-04,146.15,150.55,151.85,145.0,1043232.0
598896,2021-06-15,142.15,129.5,146.75,128.55,24839541.0
598896,2021-11-02,126.05,126.1,128.4,125.25,1104968.0
598896,2021-06-28,159.55,156.8,162.8,153.65,3919567.0
598896,2021-11-30,116.3,116.2,121.9,115.2,1437388.0
598896,2021-08-24,123.5,119.2,124.7,118.95,1193815.0
598896,2021-12-13,137.65,141.4,142.45,136.25,4142328.0
598896,2021-09-23,135.4,132.1,138.4,131.55,6606850.0
598896,2022-02-14,116.15,123.0,124.4,115.25,1587236.0
598896,2021-09-28,130.8,132.9,134.55,129.4,2208765.0
598896,2022-02-28,107.0,106.0,107.55,102.5,1336438.0
598896,2021-11-08,125.65,126.55,129.7,123.0,1539840.0
598896,2021-12-07,131.2,127.6,132.95,126.5,4085007.0
598896,2022-01-18,134.6,135.05,140.5,133.3,4280738.0
598896,2022-02-09,129.75,130.2,133.0,128.7,1535971.0
598896,2021-01-18,91.75,93.65,94.2,90.75,1341213.0
598896,2021-01-22,89.85,92.1,92.65,89.35,695458.0
598896,2021-02-03,89.85,89.65,91.3,88.75,557947.0
598896,2021-02-22,87.75,90.5,91.15,87.5,909942.0
598896,2021-03-24,86.35,88.05,89.85,85.7,791246.0
598896,2021-04-23,82.2,82.2,83.75,81.55,373876.0
598896,2021-05-18,94.05,92.95,96.3,92.5,1738509.0
598896,2021-07-09,151.7,151.4,153.4,150.25,790532.0
598896,2021-07-26,157.75,157.5,160.3,156.3,1014212.0
598896,2021-08-11,125.8,133.85,134.9,120.4,2982352.0
598896,2021-08-13,136.85,140.6,140.8,135.4,1093944.0
598896,2021-09-15,133.4,137.0,138.65,132.65,1721912.0
598896,2021-10-22,124.8,129.0,132.35,124.1,1466316.0
598896,2022-01-20,142.0,143.2,147.4,140.55,5829629.0
598896,2022-01-21,135.4,140.8,143.25,133.35,2929350.0
598896,2021-02-05,89.9,92.15,92.75,89.55,546399.0
598896,2021-02-08,90.55,90.5,91.6,90.3,562669.0
598896,2021-02-24,89.8,89.8,92.0,87.0,468208.0
598896,2021-05-04,87.35,89.15,91.85,86.8,1206575.0
598896,2021-05-31,112.85,112.0,116.75,109.25,6628484.0
598896,2021-06-04,120.7,117.0,124.9,113.5,7992130.0
598896,2021-06-14,129.4,126.2,135.6,119.3,13000839.0
598896,2021-07-13,169.0,155.8,169.75,154.65,8870106.0
598896,2021-08-27,125.8,125.05,129.0,124.4,1179264.0
598896,2021-09-08,137.0,139.4,140.85,135.65,2648930.0
598896,2021-10-11,137.6,138.5,142.4,136.85,3337770.0
598896,2021-10-19,131.35,138.3,140.1,129.3,1967898.0
598896,2021-10-26,125.8,122.8,126.85,122.4,860389.0
598896,2021-11-09,127.05,126.25,127.8,126.1,589507.0
598896,2021-11-15,122.1,124.7,125.6,121.0,463890.0
598896,2021-01-08,95.3,96.3,97.7,94.75,1113557.0
598896,2021-12-02,121.25,122.5,124.2,120.55,1675322.0
598896,2021-12-21,119.9,117.65,123.35,117.4,2991964.0
598896,2021-01-11,93.3,96.0,96.0,92.6,757722.0
598896,2021-12-23,123.2,124.3,125.55,122.45,1209746.0
598896,2021-01-21,91.8,93.55,95.65,91.1,1192899.0
598896,2022-01-03,126.4,123.55,127.75,123.55,1116220.0
598896,2021-04-05,85.25,87.85,87.85,83.6,571643.0
598896,2022-01-19,143.2,136.0,147.1,135.1,14996935.0
598896,2021-04-07,88.45,85.0,91.45,85.0,2165921.0
598896,2022-02-10,130.1,130.2,132.65,128.45,1893685.0
598896,2021-04-19,81.3,83.4,83.4,80.45,443694.0
598896,2021-05-11,90.3,88.5,92.3,88.1,1119823.0
598896,2021-05-26,103.6,102.5,106.15,102.3,1737284.0
598896,2021-06-01,115.95,113.65,118.3,113.1,8274652.0
598896,2021-06-25,155.8,157.0,158.9,153.05,4719892.0
598896,2021-07-05,156.9,154.0,159.0,153.1,1893789.0
598896,2021-09-01,130.9,127.0,133.3,125.7,2167241.0
598896,2021-09-27,132.2,134.5,134.75,131.2,1887508.0
598896,2021-10-04,132.65,129.55,135.0,129.25,2944966.0
598896,2021-10-14,138.6,141.7,142.7,137.7,1880493.0
598896,2021-10-20,126.6,131.9,131.95,124.8,1701337.0
598896,2021-01-04,94.7,95.1,96.3,93.2,862043.0
598896,2021-01-15,92.3,94.4,94.85,91.65,920493.0
598896,2021-02-04,91.55,89.9,93.4,89.55,1503292.0
598896,2021-02-10,89.45,90.0,90.8,88.4,493691.0
598896,2021-03-12,98.15,100.5,101.8,96.7,1606889.0
598896,2021-04-16,84.7,84.65,86.0,84.0,475184.0
598896,2021-05-03,88.4,85.7,90.25,85.0,1192272.0
598896,2021-05-17,92.2,92.1,94.45,91.2,1339216.0
598896,2021-05-19,94.95,94.0,97.7,93.8,2150311.0
598896,2021-05-20,103.2,95.7,104.3,93.6,8649475.0
598896,2021-06-16,163.4,138.55,169.8,137.25,55126897.0
598896,2021-06-21,152.7,137.95,154.75,137.95,5191671.0
598896,2021-06-30,153.8,158.4,159.3,152.5,1792369.0
598896,2021-07-28,157.2,156.0,160.4,147.95,1497122.0
598896,2021-08-20,122.7,128.8,128.8,122.0,821381.0
598896,2021-09-29,130.4,129.2,132.65,129.0,2006159.0
598896,2021-10-27,125.9,125.95,128.8,124.65,829907.0
598896,2021-10-29,119.7,121.5,122.35,118.0,1025242.0
598896,2022-01-10,132.4,127.25,135.5,127.25,4861366.0
598896,2021-01-12,95.9,93.5,98.2,93.25,2786014.0
598896,2021-01-20,93.15,93.4,94.25,92.9,524954.0
598896,2021-02-11,90.0,89.05,91.15,89.05,581678.0
598896,2021-04-27,85.1,83.3,85.8,83.2,753646.0
598896,2021-06-07,122.25,121.0,127.5,117.8,8139078.0
598896,2021-06-24,151.1,148.6,155.8,146.6,3698288.0
598896,2021-07-06,152.15,156.85,159.5,151.0,1591281.0
598896,2021-07-07,152.4,152.0,154.6,151.1,1137488.0
598896,2021-08-12,139.85,125.95,141.75,125.95,3397811.0
598896,2021-09-14,136.55,137.3,139.65,135.4,1149738.0
598896,2021-11-10,127.1,126.9,129.65,126.2,856612.0
598896,2021-12-16,129.85,134.0,134.3,128.45,1644135.0
598896,2022-01-04,125.65,127.05,128.45,124.25,1175816.0
598896,2022-01-11,134.45,132.7,139.0,130.2,5578321.0
598896,2022-01-24,125.7,135.0,137.05,123.2,2855126.0
598896,2022-02-11,127.2,129.8,130.85,126.35,981614.0
598896,2022-02-18,119.8,122.0,124.9,118.95,1221677.0
598896,2022-03-07,101.2,101.7,102.2,100.1,760241.0
598896,2021-01-05,94.45,94.0,95.8,93.25,1071106.0
598896,2021-02-15,89.15,89.95,90.2,88.7,478465.0
598896,2021-02-16,88.4,89.55,90.2,88.1,496073.0
598896,2021-02-17,94.75,88.55,95.7,88.25,3088936.0
598896,2021-03-25,84.2,87.0,87.0,83.4,826365.0
598896,2021-05-12,94.0,90.3,98.2,90.05,4107441.0
598896,2021-05-14,91.4,94.75,95.4,90.75,1055149.0
598896,2021-06-03,116.65,115.9,119.4,115.5,3778781.0
598896,2021-06-17,153.0,159.35,165.0,150.0,15875460.0
598896,2021-06-22,148.65,152.5,155.5,148.0,1995739.0
598896,2021-07-19,167.05,164.45,172.95,163.0,5809682.0
598896,2021-08-31,126.75,129.15,129.7,126.0,656193.0
598896,2021-09-07,139.8,145.9,147.25,138.1,4255883.0
598896,2021-09-13,136.4,136.1,138.85,133.3,1868896.0
598896,2021-10-06,131.15,135.55,135.95,130.3,1391186.0
598896,2021-11-04,125.95,126.05,127.55,125.35,155166.0
598896,2021-11-22,110.25,120.9,120.9,109.45,1528492.0
598896,2021-11-24,114.9,116.5,116.7,114.5,656388.0
598896,2021-11-29,116.7,121.15,123.75,114.8,2713935.0
598896,2021-12-01,122.3,117.5,125.7,116.5,4854888.0
598896,2021-12-06,126.5,126.2,131.35,125.35,3693181.0
598896,2021-12-08,140.4,137.0,143.0,134.3,15441794.0
598896,2022-01-14,132.9,132.0,134.6,131.2,1748494.0
598896,2022-02-04,136.3,140.5,141.55,135.7,1816051.0
598896,2022-02-15,118.95,119.0,119.95,111.35,2386587.0
598896,2022-02-22,111.55,111.7,113.75,110.65,1108271.0
598896,2022-03-09,108.6,106.0,109.8,105.5,1013594.0
598896,2021-01-19,93.7,92.15,94.5,92.15,677303.0
598896,2021-02-02,89.2,88.45,89.75,88.0,587174.0
598896,2021-03-08,102.9,100.8,105.9,99.55,3403934.0
598896,2021-04-01,87.9,85.4,88.65,84.85,901954.0
598896,2021-05-27,113.9,103.9,120.3,102.2,24304109.0
598896,2021-06-23,145.95,150.3,157.7,144.2,3955614.0
598896,2021-07-14,161.85,170.8,171.9,161.0,4449814.0
598896,2021-07-22,161.55,162.7,165.85,160.75,1208714.0
598896,2021-07-29,156.05,157.6,161.8,155.5,1671704.0
598896,2021-08-03,149.85,153.9,154.5,149.15,1754392.0
598896,2021-08-09,143.05,149.05,149.45,142.05,762637.0
598896,2021-08-18,129.6,132.3,133.8,129.0,675016.0
598896,2021-09-24,133.85,136.25,140.7,132.9,6903059.0
598896,2021-10-05,134.9,132.0,137.3,131.6,2936956.0
598896,2021-10-07,136.7,132.5,139.75,132.35,4113736.0
598896,2021-10-18,137.45,139.5,141.7,136.9,1882871.0
598896,2021-11-12,124.85,126.9,127.25,124.4,513797.0
598896,2021-11-23,115.9,110.05,116.5,108.0,983362.0
598896,2021-12-27,124.05,120.75,124.9,118.5,1524148.0
598896,2021-01-07,95.75,96.0,97.7,95.0,2059111.0
598896,2021-03-18,88.95,92.8,93.4,87.65,1300397.0
598896,2021-03-19,88.0,89.3,89.3,84.8,1975834.0
598896,2021-05-10,89.45,88.6,90.75,88.05,885774.0
598896,2021-06-29,157.5,159.2,162.0,155.35,2164043.0
598896,2021-07-08,151.5,153.25,157.7,149.45,1626391.0
598896,2021-07-15,165.05,162.35,167.75,160.6,2670943.0
598896,2021-08-25,125.2,124.15,127.85,123.75,1145187.0
598896,2021-09-02,133.75,130.7,136.35,130.4,2090020.0
598896,2021-09-06,145.9,136.1,153.7,135.15,16190268.0
598896,2021-09-17,128.35,132.0,133.35,121.8,1890193.0
598896,2021-09-21,122.8,124.45,127.5,121.8,1631375.0
598896,2021-09-30,130.15,130.6,132.45,129.7,1421797.0
598896,2021-11-11,126.1,127.7,129.0,125.1,708332.0
598896,2021-11-26,121.6,127.0,131.6,120.5,4386417.0
598896,2021-12-15,132.8,135.45,136.55,132.35,1672216.0
598896,2021-12-22,123.5,120.25,124.7,120.25,1790562.0
598896,2021-12-28,125.7,125.0,127.75,124.55,1384981.0
598896,2021-12-30,122.05,123.75,125.9,121.55,1254181.0
598896,2022-01-12,132.9,135.6,137.25,132.5,2042525.0
598896,2021-01-14,94.2,94.35,95.45,93.0,891226.0
598896,2021-02-01,87.5,85.35,88.5,83.85,733179.0
598896,2021-02-19,90.4,91.4,94.65,89.55,1432987.0
598896,2021-03-03,103.5,106.55,107.2,102.0,4387655.0
598896,2021-03-10,99.65,101.9,102.4,99.2,1450606.0
598896,2021-03-31,84.65,84.05,85.7,83.9,598877.0
598896,2021-04-08,89.6,89.0,90.7,88.4,1124284.0
598896,2021-04-28,86.0,85.7,87.8,85.15,722458.0
598896,2021-07-01,152.7,154.15,156.45,151.25,1638904.0
598896,2021-07-12,154.35,152.5,157.4,152.4,1654885.0
598896,2021-07-27,154.85,158.85,161.0,153.0,1004292.0
598896,2021-07-30,153.1,155.0,158.0,152.25,793364.0
598896,2021-08-23,118.8,123.8,126.0,117.25,1100288.0
598896,2021-08-26,125.8,125.25,128.5,123.35,903165.0
598896,2021-08-30,128.9,126.9,131.35,126.5,1193208.0
598896,2021-09-22,130.95,123.5,133.95,123.1,8964201.0
598896,2021-10-13,140.7,138.8,144.0,138.5,3913004.0
598896,2021-11-25,129.95,115.3,133.8,114.5,11276658.0
598896,2022-02-01,138.9,131.55,141.3,130.4,6312690.0
598896,2022-02-23,113.85,113.1,116.6,112.65,954557.0
598896,2022-03-02,107.05,106.5,109.0,105.95,1007768.0
598896,2021-01-13,93.85,96.35,96.8,92.5,1477795.0
598896,2021-03-09,101.35,103.45,105.9,100.15,2396795.0
598896,2021-04-12,83.3,89.0,89.05,82.55,1066398.0
598896,2021-04-20,81.15,82.5,83.2,80.15,426207.0
598896,2021-04-29,85.9,86.4,87.85,85.2,511290.0
598896,2021-06-08,117.75,121.0,122.2,117.0,2375470.0
598896,2021-11-01,125.65,120.75,126.8,120.35,1099097.0
598896,2021-12-20,115.6,120.95,120.95,114.7,1694485.0
598896,2022-02-07,132.8,136.4,137.4,132.0,1489734.0
598896,2022-02-17,122.6,120.8,124.8,119.75,1939387.0
598896,2021-01-01,94.8,94.95,96.3,94.3,865130.0
598896,2021-01-25,86.7,90.5,90.9,86.35,754409.0
598896,2021-02-26,90.5,92.0,93.0,90.1,1312051.0
598896,2021-04-09,90.95,89.7,93.2,89.15,1729569.0
598896,2021-04-13,85.55,83.65,86.5,83.65,506438.0
598896,2021-05-07,87.8,87.6,89.95,87.5,751841.0
598896,2021-06-02,115.2,115.0,117.2,113.7,3873960.0
598896,2021-06-18,145.5,152.65,155.1,139.0,5541663.0
598896,2021-08-16,135.4,136.0,141.65,134.05,2115474.0
598896,2021-08-17,131.65,135.4,137.2,130.6,930713.0
598896,2021-10-28,121.25,126.4,126.55,120.5,1075202.0
598896,2021-11-17,123.7,121.5,128.65,120.95,1630706.0
598896,2021-12-03,125.85,122.0,132.2,121.05,8980196.0
598896,2021-12-09,135.0,139.5,139.5,134.1,4424425.0
598896,2021-12-24,121.05,123.5,123.8,120.2,1085806.0
598896,2021-12-29,123.6,125.7,126.4,122.65,798621.0
598896,2021-12-31,123.1,122.55,125.7,122.25,809544.0
598896,2022-01-17,134.15,134.1,137.7,133.5,2559060.0
598896,2022-01-31,130.45,131.6,133.25,129.75,1326224.0
598896,2022-02-02,142.5,141.1,144.15,137.95,3784544.0
598896,2022-02-16,120.3,119.75,124.25,119.1,1798376.0
598896,2022-01-25,127.25,123.0,129.55,121.0,2080686.0
598896,2022-02-24,99.15,109.5,109.9,96.1,2416187.0
598896,2022-03-04,104.7,106.05,107.5,104.15,856103.0
598896,2022-03-08,105.1,101.5,105.85,101.5,892561.0
598896,2022-03-10,109.65,111.05,112.45,108.95,1034545.0
598896,2021-03-05,100.1,102.05,105.35,99.0,2681772.0
598896,2021-04-06,84.85,85.6,86.3,83.8,715146.0
598896,2021-04-15,84.2,85.35,86.0,83.05,490028.0
598896,2021-04-30,86.0,85.0,88.45,84.6,917812.0
598896,2021-07-16,162.8,165.15,165.95,160.55,1850063.0
598896,2021-08-02,153.85,154.55,156.4,152.45,1352181.0
598896,2021-08-10,133.05,143.4,143.7,130.4,1352544.0
598896,2021-09-16,131.55,133.6,134.55,130.1,2188154.0
598896,2021-09-20,123.8,126.7,130.4,123.2,1180820.0
598896,2021-10-21,129.15,127.55,130.45,126.7,1267181.0
598896,2021-11-16,121.65,122.4,123.9,120.8,486562.0
598896,2022-01-07,127.0,128.0,130.35,125.7,1476770.0
598896,2021-02-09,89.9,90.85,92.4,89.2,702128.0
598896,2021-03-02,105.5,93.0,109.2,92.5,17780690.0
598896,2021-04-26,82.9,82.65,84.0,82.65,376469.0
598896,2021-05-06,86.95,88.0,88.7,86.6,439629.0
598896,2021-06-10,131.9,114.3,134.35,114.3,17128070.0
598896,2021-07-23,157.5,163.0,163.8,155.6,1084022.0
598896,2021-08-06,148.3,149.45,151.85,147.7,1484223.0
598896,2021-10-01,128.75,129.0,130.7,128.3,1378380.0
598896,2021-12-10,140.3,135.0,141.8,133.5,5615661.0
598896,2021-12-14,135.15,136.2,138.15,134.3,2012659.0
598896,2022-01-05,126.05,125.3,127.6,125.2,818216.0
598896,2022-01-06,127.75,125.45,128.9,124.0,1366317.0
598896,2022-01-27,128.95,125.0,130.6,123.8,2032473.0
598896,2022-02-03,139.9,142.9,143.8,139.0,1907820.0
598896,2022-02-08,129.0,133.75,135.3,127.95,2124703.0
598896,2021-01-27,85.35,86.7,87.8,84.0,566684.0
598896,2021-02-12,89.25,90.5,91.95,89.0,695503.0
598896,2021-02-25,94.45,90.55,96.25,90.55,3499260.0
598896,2021-03-17,91.95,95.5,95.9,91.1,1058233.0
598896,2021-05-28,111.45,115.0,115.7,110.2,5877478.0
598896,2021-06-11,126.85,134.0,134.45,124.6,9150504.0
598896,2021-08-05,146.45,146.3,148.95,142.3,1367476.0
598896,2021-09-03,135.4,134.4,136.7,132.6,1832894.0
598896,2021-09-09,136.15,136.3,139.25,135.05,1553881.0
598896,2021-10-08,137.65,137.5,141.0,134.4,3288749.0
598896,2021-10-12,138.15,136.95,139.7,135.65,2195330.0
598896,2021-10-25,121.9,125.8,126.65,120.8,872300.0
598896,2021-11-03,125.4,126.0,128.7,124.1,910860.0
598896,2021-11-18,119.95,124.0,125.4,119.0,1016566.0
598896,2021-12-17,122.45,130.05,130.5,121.65,1997257.0
598896,2022-01-13,132.3,133.5,135.4,131.0,2064298.0
598896,2022-01-28,130.25,130.0,134.85,129.25,2206823.0
598896,2022-02-21,114.6,120.0,120.0,112.7,1049746.0
598896,2022-02-25,106.65,104.75,107.8,103.45,1646723.0
598896,2022-03-03,107.3,108.5,109.9,107.0,1173213.0
598896,2022-04-18,136.55,134.5,147.25,132.2,20567192.0
598896,2022-03-11,114.4,110.0,116.5,109.35,1626041.0
598896,2022-04-21,134.45,130.7,136.05,130.6,2688608.0
598896,2022-04-08,121.5,119.35,123.45,118.15,1521202.0
598896,2022-04-28,145.85,156.0,157.6,144.2,18606563.0
598896,2022-05-16,117.65,117.0,119.15,114.7,2041461.0
598896,2022-06-01,120.7,118.75,123.45,118.6,1940284.0
598896,2022-07-25,118.85,121.7,121.9,118.25,1020286.0
598896,2022-06-20,98.85,109.25,110.35,95.85,2109914.0
598896,2022-07-26,118.35,119.0,121.35,117.95,975109.0
598896,2022-06-22,101.55,104.0,104.0,100.6,932420.0
598896,2022-08-05,121.9,122.65,124.2,121.3,1166893.0
598896,2022-07-27,118.45,118.55,120.05,117.2,939484.0
598896,2022-08-10,121.4,122.5,123.15,120.3,945883.0
598896,2022-08-17,126.8,131.65,133.4,125.6,2805793.0
598896,2022-08-19,130.6,135.0,135.0,129.0,2651107.0
598896,2022-08-24,130.5,129.25,132.6,127.5,2681083.0
598896,2022-09-30,186.95,182.05,189.8,180.1,3291090.0
598896,2022-09-22,192.15,182.15,194.5,181.05,6925658.0
598896,2022-11-23,164.85,162.85,168.0,162.25,1532296.0
598896,2022-10-12,194.5,212.95,213.15,186.55,5687392.0
598896,2022-12-12,167.0,165.05,169.0,163.2,1308565.0
598896,2022-12-13,166.05,167.85,170.5,165.2,1112370.0
598896,2022-11-28,165.2,164.05,167.5,164.05,1496022.0
598896,2022-12-14,165.25,166.9,168.5,164.65,1018259.0
598896,2022-12-23,129.7,144.8,145.45,128.3,1663018.0
598896,2023-01-03,151.0,151.9,152.9,149.05,1147412.0
598896,2023-01-06,142.95,145.25,146.3,141.2,796659.0
598896,2023-01-04,146.45,151.0,151.6,145.75,819945.0
598896,2023-02-02,131.15,129.05,133.25,129.0,545663.0
598896,2023-02-09,131.65,133.5,133.9,131.1,527333.0
598896,2023-01-17,141.2,142.5,143.35,140.5,500548.0
598896,2023-03-15,118.35,119.35,121.25,117.55,492169.0
598896,2023-02-27,118.95,118.4,119.9,115.2,706462.0
598896,2023-03-20,126.1,120.65,127.0,120.4,1463027.0
598896,2023-03-02,122.5,122.8,124.55,121.55,525552.0
598896,2023-03-21,127.4,126.75,128.3,125.55,733679.0
598896,2023-03-13,121.2,127.55,128.05,120.4,775735.0
598896,2023-04-03,141.7,138.5,143.7,136.55,1028612.0
598896,2023-05-02,148.95,149.5,151.55,148.35,754441.0
598896,2023-04-24,145.05,145.4,147.8,144.2,854600.0
598896,2023-05-17,162.35,164.6,166.6,160.3,1062166.0
598896,2023-05-25,164.0,166.7,166.8,163.0,1016902.0
598896,2023-05-26,156.65,161.5,161.95,155.75,1385115.0
598896,2023-06-20,173.1,170.8,175.4,170.6,1918837.0
598896,2023-06-23,163.3,167.75,167.9,162.55,799628.0
598896,2023-07-13,169.65,174.05,176.6,167.55,1068388.0
598896,2023-07-06,176.5,173.65,179.55,173.3,2076641.0
598896,2023-07-14,179.45,170.5,181.8,169.95,3361054.0
598896,2023-08-02,179.4,182.2,186.4,175.75,2435490.0
598896,2022-03-28,107.95,112.35,112.35,107.15,1325961.0
598896,2022-04-07,118.55,122.95,124.75,115.5,1489381.0
598896,2022-04-12,118.95,122.5,122.5,117.4,921882.0
598896,2022-05-04,130.1,140.25,140.7,128.7,3500103.0
598896,2022-05-12,114.05,119.25,120.05,112.8,2584566.0
598896,2022-05-23,121.25,124.35,124.8,120.5,1356329.0
598896,2022-06-13,110.95,117.55,117.55,109.5,1410994.0
598896,2022-08-04,122.15,124.8,126.7,120.45,1253418.0
598896,2022-08-08,122.4,122.05,123.8,121.5,835088.0
598896,2022-08-12,124.25,123.9,125.9,122.75,1367770.0
598896,2022-08-22,126.6,130.6,130.9,125.7,1483763.0
598896,2022-09-19,190.5,177.0,195.7,174.05,14703301.0
598896,2022-10-03,185.85,187.35,193.8,184.1,3776755.0
598896,2022-10-04,194.3,189.5,196.4,188.1,3526484.0
598896,2022-12-09,166.0,170.25,172.6,164.2,1049776.0
598896,2023-01-05,144.95,146.5,147.15,143.0,799641.0
598896,2023-01-10,142.85,146.25,148.05,141.8,1130876.0
598896,2023-02-22,121.5,126.7,127.1,120.3,675625.0
598896,2023-04-20,147.1,147.45,148.85,145.1,971321.0
598896,2023-05-16,164.6,162.2,168.2,161.5,2258254.0
598896,2023-06-06,175.7,168.0,179.7,167.25,7439497.0
598896,2023-07-11,174.55,176.7,178.0,174.0,1177427.0
598896,2023-08-21,233.15,213.05,237.7,210.55,18805899.0
598896,2022-03-25,111.55,114.25,115.35,111.2,1006117.0
598896,2022-04-05,118.65,117.2,122.0,117.1,2483519.0
598896,2022-04-20,129.45,130.85,134.4,128.05,2694292.0
598896,2022-04-29,142.9,146.85,152.8,140.15,16683695.0
598896,2022-05-31,117.95,118.5,120.6,117.05,1582166.0
598896,2022-06-02,121.45,120.85,123.4,119.3,1945149.0
598896,2022-06-08,122.1,123.1,125.8,120.5,2326109.0
598896,2022-06-16,107.2,114.0,114.7,105.0,1383428.0
598896,2022-08-16,131.25,125.4,133.75,125.1,4110813.0
598896,2022-09-12,160.75,158.0,164.35,158.0,2769783.0
598896,2022-10-13,194.1,195.5,196.95,187.35,3086339.0
598896,2022-10-17,192.2,192.85,193.7,186.0,3081020.0
598896,2022-11-02,179.5,176.85,181.8,176.3,2384019.0
598896,2022-11-10,163.75,168.7,169.05,162.65,1042968.0
598896,2022-12-26,138.85,130.35,140.95,130.2,2015137.0
598896,2023-01-11,142.75,143.5,144.8,142.15,732858.0
598896,2023-01-13,142.7,143.35,144.35,141.5,615427.0
598896,2023-01-18,143.85,141.25,146.8,141.05,1081439.0
598896,2023-03-06,125.8,125.5,128.1,125.1,558073.0
598896,2023-05-04,162.85,148.0,165.9,147.0,11754909.0
598896,2023-06-27,167.2,164.75,168.4,164.55,781415.0
598896,2023-07-18,177.25,181.65,183.3,174.4,2209374.0
598896,2023-08-23,232.7,234.8,237.7,231.0,1284925.0
598896,2022-08-03,124.15,126.4,126.65,122.2,1381915.0
598896,2022-08-18,134.35,130.0,138.45,130.0,11275334.0
598896,2022-09-07,161.15,155.9,168.8,155.2,9084204.0
598896,2022-09-13,160.45,161.6,164.45,158.5,3032092.0
598896,2022-09-15,181.3,172.35,184.45,167.35,10154351.0
598896,2022-09-27,183.4,183.15,186.0,174.1,3802002.0
598896,2022-11-25,164.35,163.25,168.7,162.95,1636668.0
598896,2023-01-24,139.8,141.6,142.6,138.9,451849.0
598896,2023-02-06,129.7,129.6,131.55,128.6,712271.0
598896,2023-04-12,140.4,142.45,142.55,139.5,404585.0
598896,2023-06-13,169.7,169.55,172.3,169.05,1195461.0
598896,2023-07-17,181.15,179.7,183.4,177.0,3176954.0
598896,2022-05-06,130.95,125.0,132.9,120.6,6519165.0
598896,2022-05-09,126.85,128.7,132.0,126.1,3538660.0
598896,2022-05-24,117.95,121.6,122.6,117.05,1215450.0
598896,2022-06-09,123.35,121.8,124.3,120.75,1090973.0
598896,2022-07-18,119.7,116.75,121.6,116.5,2009673.0
598896,2022-08-25,130.4,131.6,134.1,129.6,2086396.0
598896,2022-08-30,131.5,129.05,132.5,129.05,1818660.0
598896,2022-09-16,176.15,182.5,186.9,172.3,9778274.0
598896,2022-10-11,211.8,216.0,218.25,208.6,5082068.0
598896,2022-11-07,169.45,167.35,172.3,165.2,2234723.0
598896,2022-11-21,157.5,158.75,159.6,155.6,757221.0
598896,2022-11-29,171.4,166.0,173.4,164.4,3456977.0
598896,2022-12-02,168.6,170.5,171.4,168.05,985527.0
598896,2022-12-22,145.75,156.2,158.2,144.85,1674833.0
598896,2023-02-28,117.8,118.85,119.5,116.65,454503.0
598896,2023-03-22,130.45,127.4,131.5,127.4,752994.0
598896,2023-03-27,129.75,128.15,132.4,126.4,1106902.0
598896,2023-03-31,138.55,138.9,141.05,137.75,727059.0
598896,2023-04-06,141.8,140.2,144.5,139.3,805194.0
598896,2023-05-09,159.2,163.2,164.3,156.85,1144545.0
598896,2023-05-23,167.75,166.65,173.35,165.2,2872584.0
598896,2023-06-05,167.3,169.95,170.7,166.15,1503964.0
598896,2023-07-10,175.95,175.45,181.7,174.25,1731544.0
598896,2023-07-19,177.6,177.95,179.45,175.55,1487069.0
598896,2023-07-24,177.9,181.25,181.9,177.1,1399137.0
598896,2023-07-25,176.3,178.05,179.5,175.6,771378.0
598896,2023-07-27,182.55,177.85,184.8,176.85,2838802.0
598896,2023-08-03,179.9,178.75,180.85,176.55,1490457.0
598896,2023-08-10,185.55,183.0,195.4,182.55,8061641.0
598896,2022-04-04,116.65,115.0,117.5,114.4,1702427.0
598896,2022-05-25,112.8,119.0,120.4,112.0,1289781.0
598896,2022-06-24,105.1,103.9,106.3,103.55,1098278.0
598896,2022-06-27,107.9,107.0,109.8,106.55,1421525.0
598896,2022-07-01,115.15,115.6,117.15,112.7,2269816.0
598896,2022-07-05,114.4,116.7,117.95,113.9,1369237.0
598896,2022-07-14,116.05,117.6,118.2,115.05,811453.0
598896,2022-08-02,125.7,127.5,129.7,125.2,1640912.0
598896,2022-08-11,123.45,122.15,125.5,122.15,1456168.0
598896,2022-09-01,135.65,131.05,136.65,130.05,3795626.0
598896,2022-09-21,182.15,194.0,194.65,176.0,8575253.0
598896,2022-10-25,181.95,180.15,184.7,177.1,2475596.0
598896,2022-11-15,167.0,166.85,168.5,165.1,1182722.0
598896,2022-12-19,160.85,160.6,162.25,158.55,971072.0
598896,2023-01-09,146.25,143.75,149.2,143.7,1321321.0
598896,2023-01-19,142.25,143.1,145.2,141.75,608020.0
598896,2023-02-10,132.3,131.15,133.9,130.85,728199.0
598896,2023-03-08,132.3,124.0,133.65,123.5,1485508.0
598896,2023-04-11,141.7,142.25,144.0,141.15,751411.0
598896,2023-05-12,161.4,163.05,163.8,160.7,753345.0
598896,2023-05-19,168.0,166.0,170.7,163.5,2850795.0
598896,2023-05-30,161.0,161.05,162.55,158.85,1113857.0
598896,2023-05-31,162.5,161.0,164.3,159.25,1137908.0
598896,2022-04-22,130.95,133.75,135.0,129.8,2194317.0
598896,2022-03-17,113.25,113.2,114.8,112.8,840153.0
598896,2022-06-06,125.6,124.7,126.75,120.95,2683431.0
598896,2022-06-29,118.05,109.5,124.8,109.05,11855085.0
598896,2022-07-12,117.8,117.5,122.5,116.65,2277629.0
598896,2022-07-28,119.25,119.25,121.0,118.4,1030193.0
598896,2022-09-09,157.25,164.9,165.85,156.15,3413718.0
598896,2022-11-14,166.45,162.0,168.0,158.65,1949294.0
598896,2022-11-30,170.25,171.95,174.65,168.7,1802619.0
598896,2022-12-06,173.5,175.0,176.85,172.0,1506721.0
598896,2023-03-17,121.3,117.55,122.0,116.85,895397.0
598896,2023-03-29,137.15,130.25,138.6,130.25,1281870.0
598896,2023-06-02,169.2,163.85,171.95,163.05,3394614.0
598896,2023-07-04,169.95,170.5,172.5,167.6,1307651.0
598896,2023-08-17,200.25,177.05,206.25,176.8,11809626.0
598896,2022-03-23,113.8,112.85,116.35,112.85,1240802.0
598896,2022-03-29,108.35,108.5,111.0,107.5,1294173.0
598896,2022-03-31,109.3,111.5,112.5,109.05,949858.0
598896,2022-04-27,152.35,127.4,153.1,126.15,24536672.0
598896,2022-05-11,120.0,122.05,125.95,115.2,4659861.0
598896,2022-05-13,116.4,116.25,121.35,115.3,3902048.0
598896,2022-05-17,123.8,118.75,124.7,118.3,3800823.0
598896,2022-05-20,123.85,120.7,124.6,120.3,2144137.0
598896,2022-06-30,115.75,117.85,121.2,115.05,3344704.0
598896,2022-07-04,116.05,115.2,119.3,114.8,2868499.0
598896,2022-07-07,116.75,115.5,117.85,115.3,1459989.0
598896,2022-07-20,120.15,123.85,125.0,119.5,2204592.0
598896,2022-07-21,120.4,120.1,121.95,119.2,1018507.0
598896,2022-09-02,139.0,136.9,146.4,134.65,12652322.0
598896,2022-12-21,155.3,164.35,167.7,154.2,1916132.0
598896,2023-01-12,142.65,143.5,143.65,141.7,628610.0
598896,2023-01-25,137.6,138.65,139.05,136.5,601826.0
598896,2023-02-07,127.9,130.35,131.0,126.5,769979.0
598896,2023-02-24,118.55,121.0,122.8,117.9,574917.0
598896,2023-03-01,122.25,118.0,124.4,118.0,1211680.0
598896,2023-03-14,118.4,121.85,121.9,117.5,708672.0
598896,2023-03-24,127.5,131.2,131.5,126.0,700837.0
598896,2023-03-28,130.2,130.4,132.0,129.2,777300.0
598896,2023-04-05,139.75,141.55,142.9,138.35,745385.0
598896,2023-04-18,146.35,154.7,155.3,145.65,1677970.0
598896,2023-04-26,148.5,149.5,151.9,147.0,1078019.0
598896,2023-05-03,147.4,148.85,149.6,146.7,467493.0
598896,2023-05-10,163.35,159.9,165.8,156.55,2410290.0
598896,2023-05-22,165.9,168.05,168.85,165.1,1329584.0
598896,2023-07-07,175.05,176.25,179.4,173.5,1406023.0
598896,2023-08-14,176.25,175.8,179.4,172.1,1168835.0
598896,2023-08-18,211.2,205.55,218.7,205.25,18972964.0
598896,2022-03-15,110.65,112.25,114.6,108.95,1249792.0
598896,2022-04-26,127.6,126.15,130.1,126.05,2064124.0
598896,2022-03-21,111.85,114.0,114.8,111.25,873880.0
598896,2022-04-06,122.9,118.6,125.3,118.25,2586426.0
598896,2022-03-22,112.75,112.5,113.4,111.05,865036.0
598896,2022-04-11,122.0,122.0,123.85,121.2,1018029.0
598896,2022-05-02,139.15,141.0,144.25,137.6,8026452.0
598896,2022-05-05,127.4,131.7,134.3,126.35,2777364.0
598896,2022-05-18,122.45,124.6,125.45,120.85,2929757.0
598896,2022-06-07,122.7,123.5,125.6,121.8,1313207.0
598896,2022-07-15,116.1,116.55,117.15,114.65,807642.0
598896,2022-08-26,128.5,131.3,132.75,127.7,1426268.0
598896,2022-09-20,192.9,193.0,200.7,190.25,10810950.0
598896,2022-11-04,166.65,160.95,167.7,160.3,2790506.0
598896,2022-11-11,161.45,165.3,167.2,159.2,1291692.0
598896,2022-11-17,160.95,161.45,163.7,160.3,867477.0
598896,2022-12-07,168.5,173.5,174.85,167.6,1104105.0
598896,2023-01-16,142.1,143.5,143.9,141.5,459738.0
598896,2023-01-23,141.3,141.15,142.8,139.8,635655.0
598896,2023-01-30,134.3,133.6,138.85,132.1,1039875.0
598896,2023-02-21,126.7,127.8,128.1,126.1,298162.0
598896,2023-04-13,152.1,140.9,153.3,140.15,3111235.0
598896,2023-06-14,170.1,170.4,172.9,168.55,1183179.0
598896,2023-06-26,164.05,163.5,164.9,161.15,711083.0
598896,2023-07-12,173.5,175.2,176.2,172.5,932689.0
598896,2023-08-04,180.75,180.35,183.35,179.4,1124085.0
598896,2022-05-19,118.25,119.6,120.4,116.7,1517572.0
598896,2022-07-06,114.6,114.75,116.05,113.05,1029147.0
598896,2022-10-07,209.05,207.95,212.7,205.05,7143725.0
598896,2022-10-10,211.4,207.0,214.5,202.8,4368508.0
598896,2022-10-14,192.85,197.0,199.3,191.5,2690642.0
598896,2022-10-19,192.75,194.75,198.7,191.7,3245142.0
598896,2022-12-01,170.2,171.15,173.8,168.55,1677265.0
598896,2022-12-08,170.3,168.5,172.6,168.0,1214408.0
598896,2022-12-16,159.8,162.5,165.3,159.1,964743.0
598896,2022-12-27,144.6,139.6,146.3,139.45,1506861.0
598896,2022-12-29,148.6,149.0,151.4,145.5,1438541.0
598896,2023-02-03,129.6,132.7,133.2,125.3,914476.0
598896,2023-02-17,129.15,129.0,131.9,128.6,773719.0
598896,2023-03-23,130.85,130.4,133.0,129.45,936717.0
598896,2023-04-17,154.05,151.75,157.0,150.1,2472048.0
598896,2023-06-07,173.55,176.35,176.9,172.35,1635487.0
598896,2023-06-15,167.2,170.5,171.7,166.5,1127566.0
598896,2023-07-05,173.6,170.0,177.9,169.95,3451299.0
598896,2023-07-26,176.9,177.0,179.4,176.35,949272.0
598896,2023-08-01,183.35,181.5,189.7,180.8,5247703.0
598896,2023-08-08,181.9,182.05,187.0,180.6,2163254.0
598896,2022-04-25,124.95,129.55,129.55,124.0,1382621.0
598896,2022-05-26,112.25,114.05,115.35,106.25,2235331.0
598896,2022-05-30,118.4,116.85,119.7,116.3,1692957.0
598896,2022-06-15,112.2,113.25,115.0,111.05,884807.0
598896,2022-09-08,163.45,162.9,166.9,158.1,5908483.0
598896,2022-09-26,181.1,195.2,195.85,178.85,4573583.0
598896,2022-10-06,206.55,195.35,209.0,191.8,8145979.0
598896,2022-10-24,179.85,180.65,180.8,178.25,525618.0
598896,2022-11-09,168.6,168.95,171.85,167.7,1370929.0
598896,2022-12-05,175.4,169.4,177.8,166.75,2790193.0
598896,2023-02-08,133.4,128.55,135.5,128.4,1176247.0
598896,2023-02-16,129.8,129.35,130.9,128.9,689641.0
598896,2023-03-10,127.5,127.65,128.55,126.0,526254.0
598896,2023-03-16,116.95,118.4,119.4,114.3,655556.0
598896,2023-04-10,142.25,142.9,143.2,139.55,841039.0
598896,2023-04-19,147.0,146.5,148.4,145.2,1173932.0
598896,2023-04-21,145.05,147.3,148.45,143.6,624660.0
598896,2023-04-27,147.05,149.05,151.8,146.4,1063071.0
598896,2023-05-05,160.35,162.75,166.45,158.4,2503510.0
598896,2023-06-09,172.1,174.2,175.8,171.05,1379364.0
598896,2023-06-19,171.2,167.6,173.0,166.65,2137979.0
598896,2023-06-28,167.35,167.55,169.65,166.45,886756.0
598896,2023-06-30,166.65,167.6,170.0,166.2,902060.0
598896,2023-07-03,170.15,167.35,172.35,166.45,1379103.0
598896,2023-08-09,182.6,182.55,184.3,180.4,1278038.0
598896,2023-08-22,235.25,232.75,237.6,227.3,6587778.0
598896,2022-03-14,111.65,114.0,114.85,111.15,949679.0
598896,2022-05-27,115.65,113.55,116.65,113.15,1914222.0
598896,2022-06-21,103.85,102.0,105.1,100.7,1577889.0
598896,2022-06-23,102.7,102.45,104.4,100.7,1072089.0
598896,2022-07-08,115.9,117.65,117.8,115.4,855398.0
598896,2022-07-22,121.5,120.9,122.95,120.2,1272654.0
598896,2022-08-01,128.8,121.9,130.0,121.3,4412533.0
598896,2022-08-23,129.0,126.7,130.4,124.3,2427134.0
598896,2022-09-05,162.05,140.0,166.8,138.45,29309673.0
598896,2022-09-06,156.5,162.95,165.0,154.5,16096332.0
598896,2022-09-28,180.45,182.0,187.8,179.0,2992468.0
598896,2022-09-29,181.4,183.05,185.8,177.0,2252389.0
598896,2022-10-27,179.7,182.75,183.1,178.2,1299150.0
598896,2022-11-16,162.1,166.55,169.0,158.3,1756852.0
598896,2022-11-22,162.0,158.35,163.25,157.75,939756.0
598896,2022-11-24,162.45,165.75,166.0,161.4,736374.0
598896,2022-12-15,162.75,165.25,168.4,161.8,997634.0
598896,2022-12-30,149.6,149.5,152.7,148.9,1035220.0
598896,2023-01-27,133.85,137.8,138.9,131.25,882434.0
598896,2023-01-31,135.65,134.55,138.0,134.5,808990.0
598896,2023-03-03,125.1,123.2,126.3,122.5,787581.0
598896,2023-04-25,149.35,145.15,152.3,145.15,2268083.0
598896,2023-06-08,174.0,173.55,179.75,171.1,3193771.0
598896,2023-07-21,182.05,173.75,189.9,171.05,7174971.0
598896,2023-07-31,180.75,178.75,183.5,178.75,1275376.0
598896,2023-08-07,181.8,181.6,184.2,179.55,1169652.0
598896,2022-04-19,130.0,136.9,141.6,122.3,6660227.0
598896,2022-06-14,112.25,111.0,115.0,110.85,1385927.0
598896,2022-06-28,111.2,107.45,112.0,106.5,1495213.0
598896,2022-07-11,118.15,115.2,119.3,114.8,1607148.0
598896,2022-07-29,121.35,119.9,123.15,119.8,1240614.0
598896,2022-10-21,179.05,190.7,191.85,176.05,3260365.0
598896,2022-10-28,175.6,180.0,180.35,173.45,1796954.0
598896,2023-02-14,126.75,128.5,129.35,124.95,592031.0
598896,2023-02-20,127.55,129.15,130.1,127.0,351428.0
598896,2023-03-09,129.55,132.5,134.4,128.85,1109542.0
598896,2023-05-24,165.85,167.45,170.2,164.1,1174593.0
598896,2023-06-12,168.7,172.65,173.0,167.65,1525647.0
598896,2023-07-28,179.15,183.4,183.4,178.4,833355.0
598896,2022-03-16,112.0,112.8,113.4,111.35,787312.0
598896,2022-03-24,113.65,113.8,115.0,113.2,831991.0
598896,2022-04-13,135.0,119.35,138.0,119.35,17813008.0
598896,2022-05-10,121.2,127.0,130.8,120.0,3136899.0
598896,2022-06-17,109.0,107.35,110.65,104.6,1625765.0
598896,2022-07-19,122.75,119.05,123.75,119.05,2154255.0
598896,2022-09-23,194.7,193.2,201.0,187.5,9259474.0
598896,2022-10-20,190.2,192.45,192.45,188.1,2030204.0
598896,2022-10-31,175.7,176.5,178.85,171.05,2453751.0
598896,2022-11-01,176.85,176.0,177.9,172.4,1781059.0
598896,2022-11-03,161.2,175.0,175.0,159.05,5308223.0
598896,2022-11-18,159.05,161.85,162.15,157.55,797664.0
598896,2022-12-20,164.0,161.5,164.8,159.6,1004541.0
598896,2023-01-02,151.75,150.5,153.95,149.7,1510481.0
598896,2023-02-13,128.5,133.0,134.65,127.8,722417.0
598896,2023-04-28,148.5,148.05,151.0,147.5,809347.0
598896,2023-05-18,165.05,163.0,169.95,162.15,2702071.0
598896,2023-06-01,163.0,163.0,166.7,162.25,1348209.0
598896,2023-06-22,168.2,172.0,172.5,166.25,825910.0
598896,2023-07-20,174.2,177.65,178.5,173.55,1046043.0
598896,2022-03-30,110.85,110.95,115.95,110.3,2699781.0
598896,2022-04-01,114.2,109.8,115.9,109.55,2071779.0
598896,2022-06-03,124.4,122.65,130.35,122.0,6415010.0
598896,2022-06-10,120.2,122.25,123.45,119.1,983736.0
598896,2022-07-13,117.2,118.45,120.35,116.2,1181525.0
598896,2022-08-29,127.95,125.05,131.7,124.4,2956734.0
598896,2022-09-14,170.95,159.0,176.4,157.4,10737429.0
598896,2022-10-18,193.75,193.5,195.9,189.35,2598652.0
598896,2022-12-28,149.5,145.5,150.75,143.2,1901113.0
598896,2023-01-20,140.65,142.65,143.4,140.0,560216.0
598896,2023-02-01,131.85,136.9,140.45,128.35,1038367.0
598896,2023-02-15,128.35,126.6,130.4,126.6,578619.0
598896,2023-02-23,120.4,121.65,123.2,119.3,491845.0
598896,2023-05-08,162.35,161.45,168.65,159.05,2116864.0
598896,2023-05-11,163.25,164.0,166.4,161.6,1607402.0
598896,2023-05-15,162.1,161.5,163.35,158.3,1184028.0
598896,2023-05-29,160.9,157.4,162.6,154.45,2028541.0
598896,2023-06-16,167.0,168.0,170.25,166.1,935917.0
598896,2023-06-21,171.65,173.45,176.25,170.85,1358386.0
598896,2023-08-11,179.3,186.6,186.85,177.3,1715120.0
598896,2023-08-16,176.15,176.0,178.3,175.25,954027.0
