stockid,date,close,open,high,low,volume
981047,2021-02-01,71.28500000000001,69.0,72.0,68.885,45550.0
981047,2021-03-09,80.36500000000001,81.0,82.22000000000001,79.75,206867.0
981047,2021-03-22,77.09,80.4,85.495,75.605,224366.0
981047,2021-01-04,71.99,71.95,73.49,66.30499999999999,112159.0
981047,2021-01-13,71.715,68.71000000000001,75.29,68.71000000000001,51996.0
981047,2021-02-04,73.015,72.89500000000001,73.175,71.01,36061.0
981047,2021-02-26,82.965,82.10000000000001,83.19,80.51,25118.0
981047,2021-03-15,81.325,80.80000000000001,81.805,77.605,68522.0
981047,2021-01-07,71.03500000000001,70.9,72.60000000000001,70.10000000000001,81638.0
981047,2021-01-22,68.74,70.10000000000001,71.5,67.8,20652.0
981047,2021-02-18,84.075,82.80000000000001,85.4,82.80000000000001,55346.0
981047,2021-03-25,77.97500000000001,79.83500000000001,79.83500000000001,77.105,38585.0
981047,2021-03-03,78.27000000000001,79.0,80.84,76.0,57706.0
981047,2021-04-09,74.92,75.855,76.0,74.51,19791.0
981047,2021-03-18,78.49000000000001,80.0,80.10000000000001,77.79,118684.0
981047,2021-04-13,69.29,70.79,70.79,64.0,42488.0
981047,2021-03-26,78.9,78.0,83.0,78.0,167750.0
981047,2021-01-20,70.485,70.94500000000001,71.925,70.0,7626.0
981047,2021-03-12,80.92000000000002,78.0,81.5,77.0,191657.0
981047,2021-03-24,79.415,81.10000000000001,81.34500000000001,78.51,48477.0
981047,2021-01-05,70.0,71.69,71.69,67.565,230943.0
981047,2021-01-25,69.325,69.01,70.04,68.0,10099.0
981047,2021-01-29,69.64500000000001,70.4,70.4,68.5,3529.0
981047,2021-02-05,85.415,72.5,87.5,71.44,241143.0
981047,2021-02-11,79.37,79.065,82.465,78.48,17041.0
981047,2021-02-25,83.23,84.525,85.665,81.51,44609.0
981047,2021-03-04,78.5,78.775,82.5,77.69500000000001,26845.0
981047,2021-03-10,78.34,79.5,79.99000000000001,76.34500000000001,133175.0
981047,2021-01-27,69.175,68.84500000000001,69.57000000000001,68.5,4796.0
981047,2021-02-12,79.055,79.73500000000001,80.4,78.98500000000001,11073.0
981047,2021-02-15,82.94,79.54,85.49000000000001,78.80000000000001,65123.0
981047,2021-02-17,82.82000000000001,82.995,84.21000000000001,81.10000000000001,18921.0
981047,2021-02-22,84.48500000000001,84.5,87.39500000000001,83.135,39056.0
981047,2021-04-01,78.105,79.0,79.495,77.7,34989.0
981047,2021-04-07,75.215,76.205,77.2,74.5,9597.0
981047,2021-04-08,75.015,75.83500000000001,77.4,74.51,19011.0
981047,2021-02-02,71.325,71.28500000000001,72.5,70.955,80298.0
981047,2021-03-23,80.61500000000001,76.76,84.9,76.4,176674.0
981047,2021-01-18,70.64500000000001,71.9,72.0,70.05499999999999,16016.0
981047,2021-02-03,72.325,72.33500000000001,73.5,71.60000000000001,15860.0
981047,2021-02-16,82.99000000000001,83.27000000000001,84.5,81.64500000000001,26190.0
981047,2021-01-12,69.04,71.0,71.04,68.42,107001.0
981047,2021-01-14,72.83,72.28,73.55,70.5,58139.0
981047,2021-01-15,72.84500000000001,71.005,73.01,67.19500000000001,47749.0
981047,2021-02-10,79.64500000000001,80.10000000000001,81.2,77.025,100397.0
981047,2021-03-05,78.435,78.5,79.935,77.7,53668.0
981047,2021-01-08,70.175,72.10000000000001,72.10000000000001,69.5,20312.0
981047,2021-02-19,84.06,82.575,84.59,81.055,13158.0
981047,2021-02-23,84.61000000000001,84.60000000000001,86.5,83.11000000000001,74235.0
981047,2021-03-17,78.42000000000002,78.655,80.63,78.0,120088.0
981047,2021-02-08,79.44,84.7,84.7,76.22500000000001,74168.0
981047,2021-03-01,82.005,86.4,86.4,80.815,21965.0
981047,2021-03-16,78.655,80.2,81.355,77.52000000000001,66869.0
981047,2021-04-12,69.825,74.60000000000001,74.60000000000001,69.0,28764.0
981047,2021-01-01,70.30499999999999,70.28500000000001,73.0,70.0,53727.0
981047,2021-01-28,68.55499999999999,68.77000000000001,70.0,68.015,4666.0
981047,2021-02-24,84.385,86.5,86.5,82.0,21694.0
981047,2021-03-02,80.28500000000001,85.0,88.0,78.2,119682.0
981047,2021-03-08,79.28500000000001,78.435,80.49000000000001,78.13,27361.0
981047,2021-03-30,79.125,79.03,81.5,78.01,14682.0
981047,2021-04-05,75.505,78.51,78.69500000000001,73.0,21058.0
981047,2021-01-11,70.615,70.46000000000001,72.15,70.025,21681.0
981047,2021-01-19,70.83,70.675,71.415,69.0,19109.0
981047,2021-01-21,70.23,70.94500000000001,71.215,68.60000000000001,72112.0
981047,2021-03-19,79.46000000000001,78.995,81.5,78.01,51865.0
981047,2021-03-31,79.0,78.625,79.5,78.10000000000001,114696.0
981047,2021-01-06,69.88,70.0,71.22500000000001,69.0,254301.0
981047,2021-02-09,79.46000000000001,80.0,81.2,78.0,19162.0
981047,2021-04-06,75.665,77.9,78.04,74.795,13593.0
981047,2021-06-04,63.625,62.900000000000006,64.0,61.405,284383.0
981047,2021-04-27,62.995000000000005,64.78500000000001,72.47000000000001,62.685,170366.0
981047,2021-04-22,64.78500000000001,64.27000000000001,65.9,62.900000000000006,47151.0
981047,2021-04-19,64.33500000000001,66.5,66.5,64.05,24498.0
981047,2021-05-11,61.19,61.505,62.785,60.725,16126.0
981047,2021-06-30,61.245000000000005,60.54500000000001,61.48,60.46000000000001,12417.0
981047,2021-07-02,60.455,61.3,61.3,60.0,9505.0
981047,2021-08-13,60.16,61.900000000000006,61.900000000000006,59.1,44163.0
981047,2021-10-05,93.98,93.995,97.3,93.0,140638.0
981047,2021-10-14,109.365,109.4,110.0,107.1,144474.0
981047,2021-11-08,98.385,100.395,102.22,97.15,49804.0
981047,2022-01-24,72.17999999999999,77.10000000000001,77.10000000000001,70.0,22369.0
981047,2022-02-14,69.0,71.94,71.94,68.10000000000001,18894.0
981047,2022-04-20,78.05000000000001,78.29,78.62,73.63,23823.0
981047,2022-05-18,74.63,77.47000000000001,78.5,73.89500000000001,60107.0
981047,2022-07-20,71.25,72.3,73.35,70.6,168992.0
981047,2022-08-11,79.3,78.6,80.0,76.85,360975.0
981047,2022-08-22,77.7,78.6,79.8,76.4,486299.0
981047,2022-09-22,70.85,70.2,72.4,69.9,70793.0
981047,2022-10-06,68.4,68.3,68.9,67.2,250037.0
981047,2022-10-31,90.7,91.75,92.0,87.0,1319206.0
981047,2022-11-07,89.0,91.3,91.6,87.5,778617.0
981047,2022-12-29,76.2,77.35,77.55,75.5,1229596.0
981047,2023-01-03,78.45,76.85,78.75,76.6,856992.0
981047,2021-05-07,62.095000000000006,63.0,63.0,61.620000000000005,6189.0
981047,2021-05-28,62.275000000000006,61.18,64.4,56.29,611781.0
981047,2021-06-11,61.475,61.005,61.915,60.98500000000001,45971.0
981047,2021-06-22,61.305,62.18,62.495000000000005,61.05,118105.0
981047,2021-06-28,61.33500000000001,60.805,62.5,60.325,54846.0
981047,2021-07-08,61.825,62.39500000000001,64.0,61.400000000000006,157126.0
981047,2021-07-28,65.465,66.0,66.71000000000001,64.405,53169.0
981047,2021-08-31,65.92,63.150000000000006,66.21000000000001,62.8,197867.0
981047,2021-10-07,101.18,99.0,104.8,99.0,272818.0
981047,2021-10-12,105.055,104.0,105.33,102.88,101705.0
981047,2021-11-29,98.655,95.0,104.95,93.2,136815.0
981047,2021-12-07,89.68,90.3,91.3,88.66000000000001,15337.0
981047,2022-01-05,72.61,70.49,73.795,69.14500000000001,158381.0
981047,2022-01-28,71.045,73.905,74.09500000000001,69.515,21769.0
981047,2022-04-12,78.7,78.805,79.5,76.59500000000001,20504.0
981047,2022-05-30,77.565,76.93,79.435,76.80000000000001,22164.0
981047,2022-06-07,79.58,79.03,80.0,78.075,37233.0
981047,2022-06-15,76.84500000000001,75.815,77.30000000000001,75.2,16653.0
981047,2022-06-22,75.57000000000001,76.29,76.435,75.2,48135.0
981047,2022-06-29,79.935,80.60000000000001,81.80000000000001,79.60000000000001,78263.0
981047,2022-07-15,71.25,71.85,72.4,70.1,89564.0
981047,2022-07-22,70.15,71.9,72.1,69.8,829166.0
981047,2022-08-08,80.05,80.2,84.45,78.85,1809456.0
981047,2022-08-12,80.5,79.7,81.85,78.3,610857.0
981047,2022-10-21,87.3,91.05,91.8,84.5,1300965.0
981047,2022-10-28,89.9,89.8,92.0,89.0,1355123.0
981047,2021-05-27,60.375,61.5,61.5,60.220000000000006,4215.0
981047,2021-06-03,61.995000000000005,63.09,64.5,61.8,87814.0
981047,2021-07-06,60.345000000000006,60.8,60.900000000000006,59.5,7422.0
981047,2021-07-07,61.31,60.49,61.5,59.88,30066.0
981047,2021-07-12,69.11,61.5,71.2,61.21000000000001,398297.0
981047,2021-07-23,68.33500000000001,67.9,69.33,66.10000000000001,64812.0
981047,2021-08-17,60.275000000000006,59.965,61.54,59.0,43753.0
981047,2021-09-16,77.685,76.765,78.4,75.825,88904.0
981047,2021-10-11,104.19,103.775,105.5,102.55,185630.0
981047,2021-11-11,100.185,100.515,101.85,99.905,60796.0
981047,2021-12-21,68.41000000000001,68.45,70.855,64.505,199624.0
981047,2022-01-03,71.58,73.2,73.2,69.83,22589.0
981047,2022-01-17,78.58500000000001,69.995,80.45,65.60000000000001,517452.0
981047,2022-01-21,77.29,78.0,78.59,75.5,28555.0
981047,2022-03-30,78.57000000000001,78.30000000000001,80.9,76.505,127470.0
981047,2022-04-22,78.805,78.63,80.9,77.81,34670.0
981047,2022-05-12,75.26,76.60000000000001,76.60000000000001,72.2,96378.0
981047,2022-06-09,77.9,78.665,79.06,77.025,29576.0
981047,2022-06-10,77.44,77.59,77.60000000000001,76.405,47597.0
981047,2022-07-01,72.95,70.0,74.0,68.2,1157653.0
981047,2022-08-19,79.1,79.0,82.7,78.2,2236984.0
981047,2022-08-30,74.35,73.25,74.9,73.2,590762.0
981047,2022-10-24,86.9,85.55,87.8,85.55,88644.0
981047,2022-11-21,83.75,84.95,85.25,82.7,377678.0
981047,2022-11-30,81.35,82.55,85.5,80.2,119562.0
981047,2022-12-13,81.85,83.55,83.7,81.15,92449.0
981047,2022-12-14,83.1,82.0,84.6,81.0,340978.0
981047,2023-01-13,79.55,77.75,79.95,76.8,721565.0
981047,2021-05-26,60.415,61.5,61.89500000000001,60.3,5216.0
981047,2021-07-27,65.925,67.69500000000001,68.47000000000001,65.205,47075.0
981047,2021-08-12,60.88,61.18,61.900000000000006,59.805,53554.0
981047,2021-09-03,70.56,67.92,71.705,67.505,114429.0
981047,2021-09-07,72.04,72.10000000000001,72.5,71.0,40746.0
981047,2021-09-14,76.44,79.69,79.69,75.155,227592.0
981047,2021-09-15,76.60000000000001,76.4,79.0,75.125,112839.0
981047,2021-10-19,110.66500000000002,110.4,112.1,108.25,230478.0
981047,2021-11-17,100.945,101.0,101.5,100.0,105792.0
981047,2021-12-01,93.435,93.22,94.9,90.0,43279.0
981047,2021-12-24,65.9,68.8,68.8,64.60000000000001,92355.0
981047,2021-12-29,65.735,65.685,66.2,64.71000000000001,55031.0
981047,2022-01-12,69.665,70.495,70.495,69.23,13058.0
981047,2022-03-17,63.470000000000006,62.8,66.0,62.5,41286.0
981047,2022-03-29,78.71000000000001,76.0,81.10000000000001,75.89500000000001,128228.0
981047,2022-05-04,84.5,74.10000000000001,87.84,74.10000000000001,1070330.0
981047,2022-05-11,78.08,79.30000000000001,79.30000000000001,74.21000000000001,91517.0
981047,2022-06-27,78.19,78.9,79.9,76.80000000000001,67433.0
981047,2022-07-08,72.2,71.95,74.0,70.75,188031.0
981047,2022-07-27,70.5,69.9,70.75,68.8,1465481.0
981047,2022-09-05,72.95,73.95,74.5,72.4,142945.0
981047,2022-09-12,73.0,71.7,73.6,71.7,284625.0
981047,2022-10-27,88.95,87.9,98.0,86.9,1212535.0
981047,2022-11-01,89.8,91.5,94.0,87.5,1089906.0
981047,2022-11-02,89.55,90.25,91.5,88.3,360781.0
981047,2022-11-22,83.15,84.2,84.45,82.35,34658.0
981047,2023-01-20,77.95,78.35,78.95,76.5,504117.0
981047,2021-05-20,60.400000000000006,60.69500000000001,61.505,60.2,7803.0
981047,2021-05-31,61.71000000000001,65.0,65.0,61.305,121570.0
981047,2021-06-25,61.09,61.495000000000005,61.995000000000005,60.505,8861.0
981047,2021-07-01,60.120000000000005,60.650000000000006,61.5,58.0,19969.0
981047,2021-07-26,67.69500000000001,68.03500000000001,69.8,66.56,31315.0
981047,2021-08-03,66.4,66.7,66.73,65.56,68265.0
981047,2021-08-05,64.22500000000001,64.005,66.0,61.69,83506.0
981047,2021-09-24,83.875,79.005,85.36000000000001,79.005,307780.0
981047,2021-10-21,102.89,110.5,110.5,99.725,198149.0
981047,2021-10-25,99.6,104.5,104.5,94.0,167846.0
981047,2021-12-13,91.495,93.875,94.345,91.0,4774.0
981047,2021-12-20,67.615,80.80000000000001,81.965,66.69500000000001,266631.0
981047,2022-02-02,75.615,74.88,77.0,74.51,115748.0
981047,2022-02-11,71.94,73.57000000000001,74.19500000000001,71.315,21038.0
981047,2022-02-17,70.06,71.84,73.0,69.495,70368.0
981047,2022-02-22,64.25,65.2,66.685,63.7,50537.0
981047,2022-02-24,59.470000000000006,60.0,60.605,58.305,41630.0
981047,2022-03-02,66.135,66.10000000000001,67.58500000000001,65.09,77132.0
981047,2022-03-25,74.995,67.3,77.05000000000001,67.21000000000001,265915.0
981047,2022-03-31,79.17500000000001,78.16000000000001,82.99000000000001,77.08,118935.0
981047,2022-04-08,80.23,81.495,81.69500000000001,79.505,16457.0
981047,2022-04-18,79.38,79.30000000000001,81.34,78.745,12727.0
981047,2022-04-26,74.83,77.13,78.245,74.01,23419.0
981047,2022-05-02,73.73,74.38,74.545,73.0,5776.0
981047,2022-05-09,80.58,82.135,83.4,79.805,247277.0
981047,2022-05-10,78.685,80.60000000000001,82.38,74.51,148252.0
981047,2022-05-16,78.86500000000001,79.4,81.94500000000001,76.94,198665.0
981047,2022-06-03,80.26,81.55000000000001,85.30000000000001,79.60000000000001,103663.0
981047,2022-06-14,75.67999999999999,76.66000000000001,77.7,75.0,104998.0
981047,2022-07-05,72.25,73.35,73.4,71.35,132909.0
981047,2022-07-11,73.7,71.95,74.45,70.5,487401.0
981047,2022-10-04,67.95,69.0,69.5,67.2,290492.0
981047,2022-10-25,88.45,86.8,90.0,84.5,1680311.0
981047,2022-11-17,79.2,79.7,79.95,76.55,577643.0
981047,2022-11-29,82.25,82.4,83.7,81.0,418672.0
981047,2023-01-23,78.25,77.1,79.4,77.1,473347.0
981047,2021-04-30,60.495000000000005,61.510000000000005,63.0,59.78,34600.0
981047,2021-05-17,59.715,60.63,60.900000000000006,59.1,18276.0
981047,2021-06-18,59.84,61.900000000000006,61.900000000000006,56.0,19399.0
981047,2021-07-09,61.34,62.995000000000005,62.995000000000005,60.75,32772.0
981047,2021-09-28,89.64,89.9,93.2,87.10000000000001,127615.0
981047,2021-11-24,101.515,102.5,104.95,99.025,119065.0
981047,2021-12-14,91.015,91.015,94.115,90.07000000000001,35971.0
981047,2022-03-09,61.39,62.095000000000006,63.5,60.11000000000001,18781.0
981047,2022-03-10,64.59,62.1,69.69500000000001,62.1,46526.0
981047,2022-03-23,64.98,63.0,67.5,62.69500000000001,97065.0
981047,2022-04-05,78.69,77.80000000000001,80.9,75.64500000000001,116103.0
981047,2022-05-23,79.63,77.5,81.0,77.5,37119.0
981047,2022-06-16,75.42,76.84500000000001,78.5,73.505,47672.0
981047,2022-07-19,71.9,71.25,72.9,70.8,1565153.0
981047,2022-07-26,69.9,69.65,72.65,69.0,708574.0
981047,2022-08-18,79.0,80.15,81.0,78.25,375440.0
981047,2022-08-25,76.05,77.45,78.3,75.0,167388.0
981047,2022-08-29,73.25,73.0,74.3,72.6,518214.0
981047,2022-09-09,71.3,72.2,74.0,70.7,659122.0
981047,2022-09-13,72.0,73.45,73.55,71.65,312510.0
981047,2022-09-15,71.1,72.05,72.7,70.8,151488.0
981047,2022-09-29,69.0,68.35,70.6,65.65,322777.0
981047,2022-10-03,67.8,67.75,69.9,66.2,405964.0
981047,2022-10-11,72.55,68.35,80.2,67.85,1021775.0
981047,2022-10-12,74.15,72.5,74.6,71.0,422949.0
981047,2022-10-14,75.45,74.5,75.8,72.9,811899.0
981047,2022-10-18,79.4,78.4,81.95,76.5,1211663.0
981047,2022-12-06,82.9,83.55,83.55,81.8,643403.0
981047,2023-01-02,77.0,77.55,78.5,76.5,760018.0
981047,2023-01-18,77.8,77.05,78.7,77.0,411026.0
981047,2023-01-27,69.85,75.75,76.05,67.55,207439.0
981047,2021-04-20,64.47000000000001,64.65,66.2,63.995000000000005,21322.0
981047,2021-05-18,60.14,60.89500000000001,61.755,59.5,16640.0
981047,2021-05-25,60.965,61.5,61.75,60.6,13611.0
981047,2021-08-18,60.32000000000001,60.105,61.620000000000005,59.0,33576.0
981047,2021-08-25,58.805,58.220000000000006,59.495000000000005,58.08,3329.0
981047,2021-08-27,60.58,58.1,62.900000000000006,56.915,360797.0
981047,2021-09-08,75.635,72.10000000000001,76.5,72.0,134600.0
981047,2021-10-06,98.4,93.98,99.7,93.98,111350.0
981047,2021-12-08,94.635,90.2,95.1,87.75,111811.0
981047,2021-12-22,68.16000000000001,68.5,70.795,67.685,43323.0
981047,2022-01-10,69.94,69.22500000000001,70.4,69.22500000000001,13931.0
981047,2022-04-29,74.92,74.565,78.74000000000001,73.61,87774.0
981047,2022-06-13,76.67,77.7,77.80000000000001,75.295,22059.0
981047,2022-06-23,74.59,75.0,76.2,74.14500000000001,87641.0
981047,2022-08-03,78.65,75.4,79.0,73.95,1716518.0
981047,2022-08-05,80.1,81.55,81.55,76.85,296089.0
981047,2022-10-13,74.1,73.85,74.35,72.5,572335.0
981047,2022-10-20,90.1,85.0,94.8,82.7,3036422.0
981047,2022-11-16,78.15,85.9,87.15,75.6,1273557.0
981047,2022-12-30,77.15,76.6,78.05,76.0,1117399.0
981047,2021-05-03,62.59,59.16,63.400000000000006,59.16,46114.0
981047,2021-05-05,62.105,61.955,62.400000000000006,60.8,11537.0
981047,2021-05-21,60.04500000000001,60.975,61.3,59.595000000000006,12462.0
981047,2021-06-15,61.575,61.205,61.725,60.64,135953.0
981047,2021-06-23,61.205,61.46000000000001,61.64500000000001,60.705,111964.0
981047,2021-07-05,60.29500000000001,60.900000000000006,61.2,59.995000000000005,11281.0
981047,2021-07-14,66.39,67.155,67.5,63.355,91547.0
981047,2021-08-23,58.465,57.805,58.5,56.720000000000006,24657.0
981047,2021-09-01,67.22000000000001,66.19500000000001,67.5,65.11,49904.0
981047,2021-10-18,110.105,109.9,114.3,108.055,219136.0
981047,2021-10-22,103.635,102.8,106.6,98.65,135139.0
981047,2021-12-02,93.89,93.5,97.5,92.65,35438.0
981047,2021-12-16,80.125,88.4,88.4,79.165,142035.0
981047,2022-02-03,74.115,75.615,75.615,73.22500000000001,12540.0
981047,2022-02-28,66.29,61.0,68.30499999999999,60.665,87550.0
981047,2022-03-08,61.785,60.48,62.88,60.48,198052.0
981047,2022-04-11,79.78500000000001,80.5,80.54500000000002,78.525,19650.0
981047,2022-04-19,77.9,79.78,80.385,77.5,7546.0
981047,2022-08-16,80.9,80.95,81.5,79.95,246677.0
981047,2022-08-24,77.45,76.45,78.45,73.95,782299.0
981047,2022-08-26,75.75,76.05,76.55,74.25,596759.0
981047,2022-09-01,72.5,75.45,75.45,72.1,155888.0
981047,2022-09-21,71.4,72.35,72.65,69.8,158337.0
981047,2022-09-23,70.6,71.25,72.35,68.75,297811.0
981047,2022-10-17,77.55,75.5,78.6,72.25,1654549.0
981047,2022-11-14,86.55,88.2,88.5,85.3,349890.0
981047,2022-12-16,80.6,81.95,81.95,79.8,51553.0
981047,2023-01-12,77.35,77.6,77.95,76.5,133585.0
981047,2023-01-17,77.5,77.3,78.15,76.85,96006.0
981047,2021-06-02,62.245000000000005,62.0,62.900000000000006,61.620000000000005,27066.0
981047,2021-04-23,64.12,63.23,65.3,63.23,40052.0
981047,2021-06-14,61.31,61.0,61.495000000000005,60.165,136069.0
981047,2021-07-29,65.915,65.795,68.0,65.37,49633.0
981047,2021-09-22,79.16000000000001,78.36000000000001,79.75,77.605,54594.0
981047,2021-09-27,88.89,85.4,90.0,84.35000000000001,210436.0
981047,2021-09-30,89.26,92.4,92.4,88.10000000000001,68062.0
981047,2021-10-13,108.275,105.9,108.6,104.32,191858.0
981047,2021-11-30,96.3,99.2,100.9,91.54500000000002,325497.0
981047,2021-12-06,89.99000000000001,94.6,95.0,89.0,22736.0
981047,2021-12-27,66.10000000000001,65.8,66.8,62.970000000000006,134849.0
981047,2021-12-31,72.625,73.44500000000001,74.69500000000001,70.81,56986.0
981047,2022-01-07,69.08,69.3,70.57000000000001,68.5,17641.0
981047,2022-01-14,68.875,70.2,70.2,68.5,7030.0
981047,2022-01-20,78.99000000000001,76.5,79.995,75.205,13781.0
981047,2022-02-16,71.82000000000001,70.44500000000001,77.79,70.0,130445.0
981047,2022-02-23,62.33,63.900000000000006,65.10000000000001,61.510000000000005,48206.0
981047,2022-03-07,60.59,63.8,63.8,60.1,17825.0
981047,2022-03-28,76.27000000000001,75.89,77.80000000000001,73.64,119219.0
981047,2022-05-27,76.545,77.455,78.415,76.025,18807.0
981047,2022-06-28,79.915,78.2,81.2,78.2,116374.0
981047,2022-07-14,72.45,72.05,73.0,70.6,331745.0
981047,2022-07-25,70.3,70.15,71.0,68.75,1287100.0
981047,2022-08-23,75.55,77.55,77.95,75.05,240051.0
981047,2022-09-08,72.2,73.45,74.0,71.8,245973.0
981047,2022-09-16,68.55,71.1,71.8,65.95,798333.0
981047,2022-10-10,68.0,67.9,69.0,67.1,832653.0
981047,2022-10-19,84.55,81.05,95.25,79.65,2529753.0
981047,2022-11-04,90.9,90.2,91.75,88.6,1597106.0
981047,2022-11-28,81.95,79.1,82.75,79.1,225652.0
981047,2022-12-08,82.3,84.3,84.3,81.9,58132.0
981047,2022-12-12,83.55,81.55,85.0,81.15,553738.0
981047,2022-12-19,81.9,80.5,82.25,79.8,374914.0
981047,2022-12-20,80.2,82.0,82.0,79.5,505536.0
981047,2023-01-06,78.1,78.3,78.5,77.0,2038905.0
981047,2023-01-19,78.0,78.2,78.95,77.0,364928.0
981047,2021-06-08,61.615,62.900000000000006,62.900000000000006,61.45,145293.0
981047,2021-06-09,61.39500000000001,62.0,62.5,60.7,53077.0
981047,2021-06-10,61.345000000000006,60.900000000000006,61.6,60.58500000000001,62228.0
981047,2021-06-21,61.075,57.185,62.470000000000006,57.185,63083.0
981047,2021-07-20,65.655,67.06,68.5,65.29,16965.0
981047,2021-08-06,63.855,63.505,64.8,63.11000000000001,56416.0
981047,2021-08-09,63.065,63.79,65.7,62.5,11439.0
981047,2021-11-16,100.635,101.0,102.11,100.0,102920.0
981047,2021-11-22,97.765,98.87,101.735,95.0,77859.0
981047,2021-11-26,96.79,101.1,102.29500000000002,96.0,24931.0
981047,2022-01-04,70.215,71.745,72.47000000000001,70.0,14198.0
981047,2022-01-25,74.14,75.0,75.5,70.205,59551.0
981047,2022-01-31,69.715,71.5,72.375,69.17,139985.0
981047,2022-03-14,61.805,62.75,63.385000000000005,61.23,10745.0
981047,2022-03-22,62.95,63.955,64.08500000000001,62.0,259636.0
981047,2022-03-24,67.875,64.48,68.5,63.635000000000005,59556.0
981047,2022-04-27,71.675,74.545,74.545,71.28,13304.0
981047,2022-05-06,84.135,83.9,87.0,81.58,356719.0
981047,2022-05-26,77.065,75.67,78.4,75.11,32608.0
981047,2022-06-21,76.29,74.5,76.60000000000001,74.5,31833.0
981047,2022-07-07,70.65,70.15,72.9,69.75,1117382.0
981047,2022-08-01,74.15,72.7,74.95,72.0,1394251.0
981047,2022-08-04,81.55,79.05,82.0,76.9,535943.0
981047,2022-09-20,72.95,73.0,74.65,72.05,265794.0
981047,2022-11-03,89.75,89.0,93.9,87.3,1577236.0
981047,2022-11-15,85.45,86.5,88.8,82.6,1094906.0
981047,2022-11-23,80.0,83.0,83.2,79.75,217036.0
981047,2022-11-25,80.15,79.9,81.5,78.65,1108681.0
981047,2022-12-09,82.45,82.3,89.0,81.35,585008.0
981047,2022-12-27,75.8,75.85,76.75,74.65,2137882.0
981047,2023-01-30,74.8,69.6,79.4,68.9,1268510.0
981047,2021-04-16,68.03500000000001,69.3,70.4,65.795,44352.0
981047,2021-04-29,62.720000000000006,63.400000000000006,63.8,61.7,14459.0
981047,2021-04-15,69.34500000000001,71.3,71.3,68.13,10004.0
981047,2021-04-28,62.325,63.900000000000006,65.0,61.5,289397.0
981047,2021-05-12,61.24,62.3,62.3,60.900000000000006,8414.0
981047,2021-05-19,60.175,61.2,61.2,59.875,15836.0
981047,2021-06-01,61.935,62.495000000000005,63.5,61.6,188467.0
981047,2021-06-07,62.385000000000005,62.79500000000001,62.79500000000001,61.2,66179.0
981047,2021-06-17,60.95,61.58500000000001,61.755,60.555,19223.0
981047,2021-07-30,65.78500000000001,67.5,67.825,65.605,34147.0
981047,2021-08-04,64.95,66.59,66.675,64.355,151439.0
981047,2021-08-11,60.49,60.0,61.1,57.685,59536.0
981047,2021-08-20,57.19500000000001,60.3,60.3,56.0,15370.0
981047,2021-08-30,63.185,60.99,64.2,60.425,321644.0
981047,2021-09-23,80.05000000000001,79.47500000000001,81.0,77.775,137882.0
981047,2021-10-29,94.11,93.2,95.99,91.5,66730.0
981047,2021-11-09,100.915,99.5,101.495,99.0,90518.0
981047,2021-12-03,93.505,94.0,95.2,91.69,13982.0
981047,2022-02-08,74.44500000000001,75.54,77.80000000000001,73.08500000000001,36778.0
981047,2022-02-09,73.28,74.8,74.8,72.31,12538.0
981047,2022-02-25,60.955,60.25,61.85,59.54,121514.0
981047,2022-03-04,63.615,63.715,64.5,63.1,30764.0
981047,2022-05-13,79.355,75.26,81.0,75.2,164276.0
981047,2022-06-17,76.14500000000001,75.42,77.0,74.0,120933.0
981047,2022-06-20,75.755,76.745,79.46000000000001,71.265,96693.0
981047,2022-07-28,71.95,70.5,72.9,69.9,1081471.0
981047,2022-08-10,77.9,80.0,80.0,77.5,173288.0
981047,2022-09-07,73.45,73.75,74.7,72.5,247929.0
981047,2022-11-09,88.85,89.8,89.8,88.0,1044069.0
981047,2022-11-24,78.55,79.65,81.5,78.2,114394.0
981047,2023-01-04,79.55,77.85,79.95,76.85,886712.0
981047,2021-04-26,61.565,65.10000000000001,65.15,61.010000000000005,431549.0
981047,2021-07-13,67.56,70.3,71.0,66.89500000000001,134513.0
981047,2021-07-15,66.04,65.46000000000001,68.67,64.5,149752.0
981047,2021-07-19,66.765,66.385,69.25,65.05,64968.0
981047,2021-08-16,59.96000000000001,61.285,61.400000000000006,59.615,24286.0
981047,2021-10-26,102.03,100.0,102.7,100.0,43784.0
981047,2021-10-27,96.34,102.1,102.1,93.055,89028.0
981047,2021-11-01,94.31,95.0,97.1,92.085,118094.0
981047,2021-11-04,98.215,93.9,99.9,93.9,18009.0
981047,2021-12-15,87.81,90.67000000000002,90.825,86.10000000000001,89291.0
981047,2022-01-06,69.875,71.0,71.98,69.0,59498.0
981047,2022-01-18,79.85000000000001,78.77000000000001,80.80000000000001,76.685,87109.0
981047,2022-01-27,73.14500000000001,73.2,73.5,71.75,24313.0
981047,2022-02-10,73.94,73.65,74.28500000000001,72.125,42689.0
981047,2022-02-18,68.97000000000001,70.39500000000001,70.5,68.435,39954.0
981047,2022-03-11,63.54500000000001,63.935,65.0,63.19,71222.0
981047,2022-04-04,77.515,77.60000000000001,79.5,77.0,57883.0
981047,2022-05-17,77.655,78.80000000000001,80.17500000000001,76.165,37939.0
981047,2022-06-06,79.93,80.08500000000001,80.39,78.215,28851.0
981047,2022-06-24,76.95,74.84,77.0,74.84,23760.0
981047,2022-07-13,72.9,73.4,74.5,72.1,381942.0
981047,2022-07-21,71.9,71.25,72.05,70.75,1199390.0
981047,2022-07-29,72.7,71.95,72.9,70.85,517274.0
981047,2022-09-02,74.5,72.9,76.9,72.5,533769.0
981047,2022-09-19,72.45,68.6,73.35,68.6,588008.0
981047,2022-09-26,70.35,70.65,71.5,67.9,1144711.0
981047,2022-09-27,69.75,70.35,71.35,67.6,951401.0
981047,2022-12-01,81.15,81.35,82.4,80.5,184029.0
981047,2022-12-28,77.5,75.95,79.25,75.45,289812.0
981047,2023-01-05,77.95,78.0,79.3,76.5,308618.0
981047,2023-01-16,78.05,79.95,79.95,76.8,827386.0
981047,2021-05-06,61.900000000000006,61.84,62.6,61.205,23208.0
981047,2021-05-10,61.805,63.3,63.3,61.31,57430.0
981047,2021-07-16,66.185,66.665,68.0,65.235,30059.0
981047,2021-08-26,57.24,58.92000000000001,59.25,56.63,25375.0
981047,2021-09-02,68.64,67.2,69.2,66.08,80987.0
981047,2021-09-06,71.765,70.8,72.47500000000001,69.74,82122.0
981047,2021-09-17,80.125,77.23500000000001,82.0,77.0,284774.0
981047,2021-10-01,88.29,89.10000000000001,89.10000000000001,87.05000000000001,68163.0
981047,2021-10-20,109.92000000000002,111.2,111.2,102.5,217860.0
981047,2021-10-28,93.84,95.0,95.74,93.2,108545.0
981047,2021-11-03,93.68,95.0,96.245,92.995,21139.0
981047,2021-11-12,105.0,100.995,105.765,100.365,121100.0
981047,2021-12-10,93.61,93.49,94.245,93.065,9104.0
981047,2021-12-23,68.31,68.8,69.60000000000001,67.355,44149.0
981047,2022-04-07,81.47500000000001,79.73500000000001,82.80000000000001,79.73500000000001,57979.0
981047,2022-04-21,79.54500000000002,78.51,81.0,78.51,27365.0
981047,2022-05-05,84.565,84.99000000000001,87.5,81.0,666243.0
981047,2022-05-19,73.66000000000001,72.7,74.63,72.415,30022.0
981047,2022-06-08,78.665,79.955,79.955,78.0,36224.0
981047,2022-07-06,70.6,72.35,72.9,69.0,454333.0
981047,2022-07-18,71.45,71.45,72.45,70.5,946512.0
981047,2022-09-28,68.0,69.4,69.4,67.35,131541.0
981047,2022-10-07,67.1,68.4,70.1,66.65,213725.0
981047,2022-11-11,88.2,89.7,90.05,86.6,658627.0
981047,2022-12-21,78.05,80.0,81.05,73.7,686226.0
981047,2023-01-11,77.2,77.95,78.0,77.0,31492.0
981047,2023-01-24,77.05,78.65,78.65,76.15,239098.0
981047,2021-08-24,58.44500000000001,59.400000000000006,59.650000000000006,57.5,10228.0
981047,2021-09-20,77.84,78.22000000000001,81.4,76.275,74754.0
981047,2021-09-21,78.71000000000001,77.555,79.60000000000001,76.3,83346.0
981047,2021-10-04,93.1,88.4,94.19,88.4,162204.0
981047,2021-11-10,102.185,100.2,104.285,99.04500000000002,40535.0
981047,2021-11-25,102.365,100.6,103.515,100.6,49033.0
981047,2022-01-11,69.745,69.8,70.64500000000001,69.265,28390.0
981047,2022-02-01,73.94500000000001,71.905,82.0,70.0,720526.0
981047,2022-02-04,75.655,74.115,77.56,72.735,18285.0
981047,2022-02-21,67.355,69.315,69.685,66.8,19951.0
981047,2022-03-03,63.470000000000006,66.47000000000001,66.715,62.48,15716.0
981047,2022-03-21,63.635000000000005,63.79,64.9,62.720000000000006,83382.0
981047,2022-04-13,79.625,79.09,80.10000000000001,77.72500000000001,90895.0
981047,2022-04-25,76.745,77.5,79.19500000000001,76.2,88004.0
981047,2022-05-25,76.74,77.33,78.9,75.3,13166.0
981047,2022-06-01,75.955,75.77000000000001,77.5,74.45,16814.0
981047,2022-07-04,73.35,73.75,74.0,71.15,1201584.0
981047,2022-08-02,75.4,74.15,75.5,73.75,479181.0
981047,2022-08-17,80.15,80.9,84.0,78.95,2439098.0
981047,2022-11-10,89.25,88.95,92.3,88.2,581033.0
981047,2022-12-15,81.5,83.0,84.3,80.7,144315.0
981047,2022-12-26,75.45,75.1,76.15,74.2,352740.0
981047,2023-01-09,77.95,78.5,79.4,77.3,99847.0
981047,2023-01-31,74.85,74.05,76.9,73.2,294910.0
981047,2021-05-14,60.77000000000001,61.56,61.96000000000001,60.400000000000006,26088.0
981047,2021-05-24,60.475,60.2,60.89,59.1,16557.0
981047,2021-06-16,61.595000000000006,61.900000000000006,62.5,60.74,222710.0
981047,2021-08-02,66.105,65.66000000000001,67.47000000000001,64.5,259769.0
981047,2021-09-09,76.955,75.9,77.30000000000001,75.72500000000001,63162.0
981047,2021-09-13,77.4,77.30000000000001,79.7,76.155,88258.0
981047,2021-11-23,102.89,96.5,103.4,95.515,84534.0
981047,2021-12-17,83.36500000000001,80.95,84.0,79.21000000000001,114877.0
981047,2021-12-30,72.5,65.99,73.60000000000001,64.5,247971.0
981047,2022-01-19,76.905,79.5,79.5,76.505,12591.0
981047,2022-04-06,80.84500000000001,78.67000000000002,81.9,77.355,67290.0
981047,2022-04-28,74.235,72.03500000000001,75.0,71.635,81076.0
981047,2022-05-24,78.42500000000001,79.96000000000001,80.5,77.28500000000001,10057.0
981047,2022-06-30,72.2,81.2,83.35,71.25,1092181.0
981047,2022-09-30,68.05,68.05,69.3,67.15,139152.0
981047,2022-11-18,84.6,80.0,85.2,79.5,1915672.0
981047,2022-12-07,83.9,83.35,85.0,83.0,345370.0
981047,2022-12-22,78.4,77.0,79.0,74.9,872600.0
981047,2023-01-25,75.35,76.65,77.0,74.35,210047.0
981047,2021-05-04,60.720000000000006,63.2,64.10000000000001,59.900000000000006,30467.0
981047,2021-06-24,61.54,60.805,61.7,60.805,18907.0
981047,2021-06-29,60.720000000000006,61.7,61.7,60.3,14824.0
981047,2021-07-22,67.03,66.88,68.0,65.5,68998.0
981047,2021-08-10,60.18,63.45,63.45,57.3,43407.0
981047,2021-09-29,91.33,90.985,91.5,88.10000000000001,66907.0
981047,2021-10-08,101.975,101.8,103.7,100.0,93872.0
981047,2021-11-02,94.85,94.5,96.2,92.8,46806.0
981047,2021-11-15,100.995,106.29500000000002,106.29500000000002,100.6,58797.0
981047,2021-11-18,99.325,102.2,102.2,97.21,48464.0
981047,2021-12-09,94.375,94.535,94.815,91.745,36457.0
981047,2021-12-28,66.045,65.39,66.48,63.7,120214.0
981047,2022-01-13,69.80499999999999,69.9,70.5,69.045,15883.0
981047,2022-02-07,74.56,76.4,77.0,73.7,28107.0
981047,2022-02-15,70.09500000000001,69.0,70.9,68.705,10755.0
981047,2022-03-15,60.855,64.4,64.4,60.105,17729.0
981047,2022-03-16,62.39500000000001,61.6,66.58500000000001,61.39500000000001,49149.0
981047,2022-04-01,77.39500000000001,79.7,81.4,76.22000000000001,128131.0
981047,2022-05-20,78.92500000000001,74.10000000000001,80.0,74.10000000000001,45495.0
981047,2022-05-31,75.745,77.955,79.0,75.15,28271.0
981047,2022-06-02,81.43,75.625,86.57000000000001,75.11,268072.0
981047,2022-07-12,73.5,73.25,73.9,71.15,629232.0
981047,2022-09-06,73.75,73.35,75.0,72.8,354237.0
981047,2022-09-14,72.05,72.0,73.0,70.8,264470.0
981047,2022-12-02,83.15,81.5,84.45,80.5,944152.0
981047,2022-12-05,83.1,83.15,85.5,82.0,220266.0
981047,2022-12-23,75.1,78.7,78.7,74.3,242184.0
981047,2023-01-10,77.55,78.35,78.85,77.0,22538.0
981047,2023-02-01,70.0,77.0,77.6,69.35,155390.0
981047,2023-02-06,61.6,62.85,63.35,61.0,408651.0
981047,2023-02-22,59.8,60.5,61.95,59.5,471281.0
981047,2023-03-06,61.3,59.35,62.65,59.05,291054.0
981047,2023-03-10,58.9,59.75,59.75,58.45,1107395.0
981047,2023-04-06,53.6,53.9,54.7,53.0,752641.0
981047,2023-05-02,50.8,51.5,51.5,50.6,110238.0
981047,2023-05-31,54.35,56.35,57.2,53.4,1098601.0
981047,2023-06-19,50.05,50.7,50.7,49.7,337229.0
981047,2023-07-31,60.0,56.1,61.25,55.9,3678652.0
981047,2023-06-13,52.1,53.7,53.85,51.9,314317.0
981047,2023-02-08,64.2,60.65,64.55,59.6,1485482.0
981047,2023-04-11,57.45,55.0,58.25,55.0,748233.0
981047,2023-02-09,60.5,64.55,64.6,60.0,902877.0
981047,2023-03-09,59.45,61.0,61.0,58.85,478350.0
981047,2023-04-25,51.7,53.9,54.3,51.3,590243.0
981047,2023-06-26,49.35,49.95,50.25,48.85,1220427.0
981047,2023-02-03,63.0,68.1,68.7,58.95,1922699.0
981047,2023-02-02,67.85,70.35,71.7,66.9,534001.0
981047,2023-05-16,50.45,51.7,51.7,49.8,642136.0
981047,2023-07-03,49.95,51.3,51.55,49.4,501730.0
981047,2023-07-18,48.25,49.1,49.4,47.8,825349.0
981047,2023-04-17,57.2,58.8,58.8,57.0,2005560.0
981047,2023-05-11,50.75,51.1,52.6,48.3,467598.0
981047,2023-06-02,55.35,53.95,56.2,53.95,504495.0
981047,2023-06-09,52.05,52.1,52.5,51.0,183306.0
981047,2023-06-23,49.4,49.5,50.05,48.75,309549.0
981047,2023-07-24,53.7,50.7,58.5,49.95,8068856.0
981047,2023-07-27,54.5,54.5,55.0,53.45,1017571.0
981047,2023-03-16,57.35,56.0,57.5,54.5,429387.0
981047,2023-02-16,60.6,59.65,61.95,59.0,329970.0
981047,2023-04-12,57.5,57.4,58.75,55.9,394988.0
981047,2023-04-18,55.95,57.8,57.8,55.15,290414.0
981047,2023-06-08,51.65,53.7,53.7,51.1,142650.0
981047,2023-04-28,50.8,51.45,51.5,50.25,235400.0
981047,2023-07-11,49.15,49.1,49.35,48.15,661704.0
981047,2023-05-09,50.6,52.75,53.0,50.35,272870.0
981047,2023-07-13,48.9,49.25,49.8,48.1,1055999.0
981047,2023-07-25,53.2,54.75,54.75,52.15,1716821.0
981047,2023-05-23,51.35,52.4,52.75,50.65,1117616.0
981047,2023-08-04,65.25,66.6,67.9,65.0,1575161.0
981047,2023-07-26,54.1,53.2,55.45,52.55,1956836.0
981047,2023-02-28,59.2,59.4,60.0,58.05,612963.0
981047,2023-04-03,52.9,51.9,53.35,51.1,600851.0
981047,2023-04-20,53.35,54.65,54.65,52.7,726041.0
981047,2023-05-05,51.8,52.8,52.8,51.25,350463.0
981047,2023-05-10,50.8,51.25,51.6,50.1,579464.0
981047,2023-05-12,50.65,49.7,51.0,48.5,488520.0
981047,2023-05-26,50.9,51.75,51.9,50.55,1012180.0
981047,2023-06-21,50.05,50.1,50.35,49.2,289899.0
981047,2023-07-10,49.1,49.4,49.6,47.95,773570.0
981047,2023-07-12,49.2,49.25,50.8,48.7,956792.0
981047,2023-02-21,61.9,63.95,64.05,60.8,947865.0
981047,2023-02-13,58.5,63.0,63.0,57.65,1203496.0
981047,2023-02-17,61.45,60.9,62.75,59.95,1969509.0
981047,2023-02-20,63.95,62.7,64.5,61.0,2520366.0
981047,2023-03-01,59.35,59.5,59.5,58.3,1002227.0
981047,2023-03-02,59.75,59.25,60.1,58.05,1127868.0
981047,2023-03-29,53.05,55.25,55.25,52.1,167051.0
981047,2023-04-05,53.6,53.2,54.0,52.8,638833.0
981047,2023-05-22,52.0,49.9,52.5,49.2,623442.0
981047,2023-05-29,51.05,50.9,52.1,50.35,898179.0
981047,2023-06-20,49.95,50.05,50.2,49.75,369133.0
981047,2023-08-07,68.95,66.0,69.1,66.0,4502002.0
981047,2023-03-15,56.05,56.5,57.05,55.5,363300.0
981047,2023-05-17,50.1,50.95,50.95,49.85,61962.0
981047,2023-06-01,53.95,54.9,56.35,52.9,792127.0
981047,2023-06-06,52.95,54.0,54.45,52.6,174096.0
981047,2023-06-07,53.15,53.45,53.75,52.8,471950.0
981047,2023-06-14,51.65,52.3,53.3,51.05,334799.0
981047,2023-06-22,49.7,50.2,50.2,49.0,260908.0
981047,2023-07-04,49.5,50.0,50.55,49.15,652517.0
981047,2023-08-01,63.85,60.45,65.2,60.3,4402714.0
981047,2023-02-23,58.7,59.9,60.6,57.6,964193.0
981047,2023-02-27,59.35,59.85,60.0,58.05,371047.0
981047,2023-03-24,56.8,55.8,57.25,54.75,1209669.0
981047,2023-05-15,51.1,51.0,51.3,50.25,418665.0
981047,2023-05-19,49.85,50.8,50.8,49.1,954810.0
981047,2023-06-05,53.7,55.85,55.85,53.5,308378.0
981047,2023-06-28,50.65,49.7,53.25,49.7,2057969.0
981047,2023-08-02,65.15,64.25,69.2,63.7,5655128.0
981047,2023-02-14,60.0,58.7,60.95,56.35,741492.0
981047,2023-02-24,59.55,58.8,60.95,57.1,1521687.0
981047,2023-03-13,58.15,58.9,59.05,57.15,983599.0
981047,2023-02-07,60.3,61.95,62.95,58.7,1142102.0
981047,2023-05-04,52.15,51.2,52.55,50.95,893778.0
981047,2023-07-07,49.25,49.25,49.5,48.5,404487.0
981047,2023-07-14,48.7,48.8,49.25,48.45,988964.0
981047,2023-07-21,50.4,49.2,51.5,48.85,971824.0
981047,2023-04-19,54.25,56.8,56.8,53.3,561500.0
981047,2023-03-21,57.0,55.8,57.25,55.55,452876.0
981047,2023-03-03,59.35,59.75,60.25,58.35,802468.0
981047,2023-03-14,56.2,57.35,58.4,56.0,1105570.0
981047,2023-04-13,58.8,58.65,59.2,57.1,590686.0
981047,2023-03-20,55.8,56.45,56.6,54.55,204976.0
981047,2023-04-24,52.35,53.35,53.75,52.1,67464.0
981047,2023-03-22,57.4,56.8,57.85,56.65,1138520.0
981047,2023-04-27,50.95,51.95,52.4,50.35,521372.0
981047,2023-03-23,55.55,57.3,57.65,54.75,84407.0
981047,2023-03-31,52.7,53.35,53.95,51.85,828362.0
981047,2023-05-08,51.85,52.15,52.75,51.0,514111.0
981047,2023-05-25,51.1,52.75,53.0,50.75,676289.0
981047,2023-04-10,54.9,53.55,55.5,53.55,639121.0
981047,2023-06-12,52.9,52.85,54.0,51.75,856874.0
981047,2023-05-24,52.2,51.8,52.65,51.05,777010.0
981047,2023-07-19,48.5,48.2,49.15,47.8,1470945.0
981047,2023-05-30,56.6,51.8,59.0,51.75,2596373.0
981047,2023-07-28,55.1,54.5,55.25,54.1,1738864.0
981047,2023-07-20,49.0,48.55,49.5,48.05,1167834.0
981047,2023-04-21,52.8,54.0,54.1,51.3,1386074.0
981047,2023-05-03,50.7,50.95,51.0,50.4,166774.0
981047,2023-03-08,60.8,61.5,61.6,60.1,749565.0
981047,2023-03-17,55.85,57.2,57.8,55.35,598742.0
981047,2023-04-26,51.7,52.45,52.45,51.3,1038289.0
981047,2023-05-18,50.3,50.85,50.85,48.85,218565.0
981047,2023-06-15,50.2,51.15,52.0,49.45,1266182.0
981047,2023-06-27,49.25,49.2,49.9,48.85,272642.0
981047,2023-07-05,49.45,49.65,49.65,49.1,386989.0
981047,2023-08-08,70.7,69.5,71.8,69.05,3125681.0
981047,2023-02-10,62.7,60.8,62.8,59.1,2961705.0
981047,2023-02-15,59.35,60.3,60.7,58.9,349254.0
981047,2023-03-27,54.7,56.6,56.95,54.0,297417.0
981047,2023-03-28,55.2,55.0,58.2,49.0,944337.0
981047,2023-06-16,50.0,50.8,50.8,49.5,724871.0
981047,2023-06-30,50.75,52.5,53.45,50.3,999922.0
981047,2023-07-06,49.25,49.65,49.7,47.7,1159180.0
981047,2023-07-17,48.95,49.45,49.45,48.5,303333.0
981047,2023-08-03,66.4,65.8,67.9,65.3,3056717.0
981047,2023-08-11,64.3,67.05,67.5,63.65,1117168.0
981047,2023-08-09,70.05,71.0,71.75,68.7,1335383.0
981047,2023-08-10,67.2,69.9,69.9,66.45,1092814.0
981047,2023-08-18,61.75,62.8,63.4,61.15,1561974.0
981047,2023-08-14,63.4,64.25,65.75,61.45,1127399.0
981047,2023-08-17,62.2,62.15,62.7,61.45,921502.0
981047,2023-08-21,61.8,62.45,62.6,60.85,596883.0
981047,2023-08-22,61.4,62.2,62.2,61.0,433133.0
981047,2023-08-23,63.5,61.95,64.0,61.6,467037.0
981047,2023-08-16,62.1,64.3,64.3,61.9,1058507.0
