stockid,date,close,open,high,low,volume
844507,2021-02-16,644.35,650.0,666.95,641.05,34343.0
844507,2021-03-17,643.9,650.0,650.0,641.3,12734.0
844507,2021-03-18,645.55,645.0,650.0,638.6,19064.0
844507,2021-03-24,798.4,715.25,858.3,713.3,112185.0
844507,2021-03-26,889.7,827.0,937.0,820.0,468425.0
844507,2021-04-13,904.75,872.0,962.0,868.55,106287.0
844507,2021-05-17,1073.05,1075.0,1123.0,1054.0,97929.0
844507,2021-05-26,1091.4,1088.0,1102.3,1080.25,18969.0
844507,2021-06-01,1045.6,1087.0,1100.0,1035.95,31113.0
844507,2021-07-08,1298.4,1284.3,1319.0,1270.35,23523.0
844507,2021-07-13,1330.5,1333.0,1350.0,1311.0,16122.0
844507,2021-08-17,1646.85,1588.05,1690.0,1577.65,52063.0
844507,2021-09-06,1632.65,1633.25,1649.8,1611.45,15984.0
844507,2021-10-26,1624.55,1592.25,1650.0,1585.05,20755.0
844507,2021-11-25,1644.5,1600.05,1660.0,1600.05,22508.0
844507,2021-12-16,1878.1,1881.0,1908.95,1860.0,12713.0
844507,2022-01-18,2206.9,2227.75,2247.75,2200.0,26163.0
844507,2022-02-24,1767.35,1782.0,1820.0,1750.0,38410.0
844507,2022-03-30,1876.8,1842.0,1880.0,1810.0,38713.0
844507,2022-04-07,2090.75,2098.0,2135.9,2002.9,26320.0
844507,2022-04-13,2106.05,2189.95,2199.9,2091.05,23543.0
844507,2022-04-26,1961.55,2023.25,2023.25,1951.1,7078.0
844507,2022-05-09,1425.85,1600.0,1612.0,1401.05,254512.0
844507,2022-05-20,1221.95,1185.0,1226.8,1181.5,37187.0
844507,2022-06-29,1060.75,1069.9,1085.2,1051.9,8111.0
844507,2021-01-15,576.25,563.05,579.8,557.3,28314.0
844507,2021-02-18,646.6,650.0,668.9,640.9,19206.0
844507,2021-03-09,615.7,608.0,637.85,608.0,126556.0
844507,2021-05-27,1069.15,1091.05,1137.0,1052.05,41680.0
844507,2021-06-23,1111.5,1140.0,1150.0,1100.0,24695.0
844507,2021-07-28,1326.45,1333.0,1335.0,1301.0,18271.0
844507,2021-09-30,1866.5,1790.0,1896.05,1736.0,34712.0
844507,2021-10-19,1844.4,1910.8,1937.2,1830.05,28787.0
844507,2021-10-29,1611.75,1580.05,1649.65,1568.0,16599.0
844507,2021-11-08,1735.25,1700.0,1766.4,1670.65,27036.0
844507,2021-12-22,1740.9,1751.0,1784.0,1735.0,13085.0
844507,2021-12-31,1819.25,1794.8,1875.0,1794.8,22094.0
844507,2022-01-13,2192.45,2220.0,2229.0,2158.25,31401.0
844507,2022-01-24,2053.65,2202.0,2223.25,2001.0,48644.0
844507,2022-01-28,1884.0,2025.0,2055.0,1867.1,66761.0
844507,2022-02-16,1902.3,1871.25,1970.95,1870.25,23043.0
844507,2022-02-25,1837.9,1802.0,1867.6,1801.5,12553.0
844507,2022-03-07,1805.25,1790.0,1874.9,1786.9,17757.0
844507,2022-03-21,1902.3,1919.95,1931.7,1849.0,28428.0
844507,2022-04-18,2035.6,2129.0,2129.0,1964.0,40320.0
844507,2021-01-14,563.7,558.05,573.9,553.6,35295.0
844507,2021-02-19,642.65,631.1,660.0,631.1,33716.0
844507,2021-04-29,880.8,893.0,905.0,873.0,21546.0
844507,2021-06-11,994.6,1057.9,1073.8,990.0,90275.0
844507,2021-06-15,1096.2,1143.0,1158.4,1082.95,97741.0
844507,2021-06-22,1122.5,1089.4,1146.6,1078.15,64782.0
844507,2021-06-25,1081.1,1088.0,1117.5,1075.0,13985.0
844507,2021-07-27,1320.8,1345.0,1355.0,1312.1,32079.0
844507,2021-07-30,1588.55,1368.0,1593.8,1368.0,893401.0
844507,2021-08-05,1736.7,1716.0,1795.3,1625.0,108222.0
844507,2021-09-15,1813.2,1873.25,1924.4,1791.0,49768.0
844507,2021-10-06,1891.45,1923.0,1936.1,1880.0,30744.0
844507,2021-12-13,1872.1,1903.0,1950.0,1841.9,33458.0
844507,2022-01-25,2105.7,2007.0,2135.0,2000.0,19959.0
844507,2022-03-28,1823.85,1875.1,1893.25,1809.6,32499.0
844507,2022-05-02,1937.2,1920.0,1977.7,1920.0,11884.0
844507,2022-05-16,1139.65,1244.2,1244.2,1135.7,163609.0
844507,2021-01-04,548.6,554.0,554.0,535.0,37046.0
844507,2021-01-11,556.6,560.0,560.0,550.0,31586.0
844507,2021-01-19,615.55,574.1,629.0,568.0,86558.0
844507,2021-05-03,968.25,895.0,979.0,878.2,119285.0
844507,2021-05-18,1071.65,1087.0,1100.0,1064.55,20139.0
844507,2021-05-24,1102.3,1100.0,1137.0,1092.0,49383.0
844507,2021-06-07,1044.75,1050.0,1086.1,1032.2,20179.0
844507,2021-07-07,1271.85,1340.6,1347.9,1264.0,42380.0
844507,2021-09-21,1878.1,1808.0,1900.0,1735.1,55480.0
844507,2021-09-24,1819.5,1850.0,1889.8,1791.0,19476.0
844507,2021-11-23,1591.15,1515.1,1600.0,1515.1,31735.0
844507,2021-12-03,1676.5,1668.25,1685.0,1651.1,12228.0
844507,2021-12-10,1885.1,1949.95,1958.6,1860.0,41318.0
844507,2022-02-11,1874.9,1994.7,2034.05,1850.0,44903.0
844507,2022-02-15,1855.3,1806.35,1891.45,1805.9,24083.0
844507,2022-02-17,1954.1,1923.25,1968.7,1910.95,11263.0
844507,2022-02-22,1779.2,1690.0,1809.35,1658.95,31731.0
844507,2022-03-11,1864.65,1905.0,1962.0,1850.1,18284.0
844507,2022-03-23,1904.1,1910.0,1965.0,1872.0,16749.0
844507,2022-06-13,1172.65,1165.05,1181.0,1125.05,13984.0
844507,2021-01-21,630.0,624.55,648.4,620.65,33210.0
844507,2021-02-04,704.0,719.0,731.4,694.85,18734.0
844507,2021-07-06,1340.6,1391.0,1391.0,1321.0,50252.0
844507,2021-08-13,1612.9,1690.0,1699.0,1601.0,30760.0
844507,2021-08-18,1605.45,1658.0,1658.9,1601.0,18783.0
844507,2021-09-27,1809.35,1832.0,1848.0,1791.0,23434.0
844507,2021-10-27,1603.75,1620.0,1629.9,1590.0,17537.0
844507,2021-11-09,1717.5,1735.25,1746.95,1694.6,14610.0
844507,2021-11-16,1658.65,1668.0,1675.0,1645.2,11559.0
844507,2021-12-07,1779.65,1880.0,1894.9,1772.05,67786.0
844507,2021-12-20,1702.45,1813.4,1813.4,1685.0,23734.0
844507,2021-12-30,1794.8,1785.0,1818.25,1784.75,6428.0
844507,2022-01-31,2028.05,1905.0,2047.0,1896.0,48125.0
844507,2022-02-03,2014.15,1954.8,2047.5,1954.8,14246.0
844507,2022-04-05,2013.15,2018.0,2083.15,1985.5,31886.0
844507,2022-04-11,2052.0,2093.5,2162.35,2020.0,27649.0
844507,2022-04-28,1974.4,1962.25,2002.45,1938.0,10365.0
844507,2022-06-21,1079.55,1015.3,1115.05,1015.3,16425.0
844507,2022-06-27,1100.45,1064.0,1149.0,1064.0,56157.0
844507,2022-07-04,1050.3,1064.1,1086.65,1038.6,16843.0
844507,2021-01-01,539.0,539.05,541.0,526.0,11902.0
844507,2021-01-05,551.45,558.0,558.0,536.0,35931.0
844507,2021-04-27,889.0,867.0,899.9,853.0,49439.0
844507,2021-05-14,1048.2,1088.0,1090.0,995.0,56419.0
844507,2021-06-03,1034.85,1068.95,1090.0,1024.0,43736.0
844507,2021-07-09,1288.65,1300.0,1320.0,1275.05,16260.0
844507,2021-07-15,1369.75,1384.0,1417.95,1360.0,30923.0
844507,2021-07-20,1304.9,1350.0,1368.0,1291.0,25723.0
844507,2021-08-11,1585.95,1623.25,1648.0,1482.0,93856.0
844507,2021-09-29,1787.05,1810.0,1814.25,1765.05,12747.0
844507,2021-11-22,1576.1,1608.0,1655.0,1545.1,16981.0
844507,2021-12-17,1807.0,1879.95,1900.0,1780.9,16350.0
844507,2021-12-21,1762.9,1716.25,1789.0,1715.0,17157.0
844507,2021-01-13,557.2,564.05,566.9,555.0,22403.0
844507,2021-01-22,641.7,630.0,647.65,615.1,21416.0
844507,2021-03-16,648.05,651.4,652.2,644.65,22017.0
844507,2021-04-12,864.1,909.0,909.0,860.05,27082.0
844507,2021-04-16,918.25,909.0,969.0,901.0,62079.0
844507,2021-05-05,985.05,999.95,1004.65,971.55,22695.0
844507,2021-05-28,1080.1,1083.05,1108.0,1071.05,45339.0
844507,2021-11-18,1632.45,1640.0,1664.95,1599.95,16381.0
844507,2021-11-30,1645.95,1647.0,1655.0,1603.0,17012.0
844507,2022-02-07,1951.25,2001.0,2029.25,1950.0,15581.0
844507,2022-02-23,1843.5,1779.2,1854.4,1779.2,11535.0
844507,2022-03-17,1872.2,1937.95,1942.0,1842.0,26525.0
844507,2022-04-04,1995.45,1912.0,2095.0,1884.5,80330.0
844507,2022-05-19,1159.6,1160.1,1235.0,1122.05,56926.0
844507,2022-05-26,1125.65,1155.0,1189.05,1101.0,70211.0
844507,2022-06-14,1159.4,1180.0,1180.0,1152.65,9393.0
844507,2021-03-04,631.35,640.0,646.5,627.1,35323.0
844507,2021-03-22,683.1,647.55,690.0,646.85,44193.0
844507,2021-07-02,1350.25,1265.0,1383.0,1265.0,311717.0
844507,2021-07-22,1326.85,1330.0,1357.0,1287.0,16090.0
844507,2021-08-03,1822.1,1805.6,1955.0,1750.0,424541.0
844507,2021-08-27,1731.35,1605.25,1860.0,1599.8,79089.0
844507,2021-08-31,1678.05,1690.0,1740.0,1660.0,26322.0
844507,2021-09-08,1668.85,1636.25,1695.0,1631.0,23556.0
844507,2021-10-12,1890.95,1906.9,1920.0,1876.1,15801.0
844507,2021-11-24,1643.0,1595.0,1663.2,1595.0,37971.0
844507,2022-01-07,1899.7,1910.5,1945.15,1891.5,22792.0
844507,2022-03-04,1898.05,1884.4,1920.0,1859.75,13448.0
844507,2022-03-10,1900.75,1905.9,1911.25,1880.0,14450.0
844507,2022-03-14,1877.95,1870.0,1897.85,1816.1,18632.0
844507,2022-03-22,1900.25,1899.95,1910.0,1860.8,17606.0
844507,2022-04-21,2085.2,2028.8,2100.0,2028.8,13053.0
844507,2022-05-13,1261.85,1161.0,1263.65,1161.0,84085.0
844507,2021-01-08,558.35,558.0,560.0,551.95,24906.0
844507,2021-01-27,700.05,667.25,708.0,654.0,36280.0
844507,2021-01-29,704.5,687.7,714.0,687.7,35521.0
844507,2021-03-25,814.5,837.0,849.8,790.85,191715.0
844507,2021-04-19,912.8,919.0,950.4,822.65,37709.0
844507,2021-04-23,884.4,920.7,939.0,870.0,38485.0
844507,2021-05-25,1082.4,1101.0,1118.85,1072.2,44855.0
844507,2021-06-02,1068.95,1078.0,1080.4,1050.05,15424.0
844507,2021-06-14,1151.55,997.4,1188.0,970.2,277904.0
844507,2021-06-16,1107.3,1110.0,1144.95,1096.2,78257.0
844507,2021-10-22,1716.45,1834.25,1836.25,1701.1,30494.0
844507,2021-12-28,1781.65,1772.0,1817.4,1771.0,6622.0
844507,2022-01-11,2151.7,2110.65,2174.0,2096.9,99110.0
844507,2022-01-14,2203.3,2199.0,2225.0,2167.0,18931.0
844507,2022-01-17,2227.75,2219.25,2249.0,2189.7,24500.0
844507,2022-02-18,1914.75,1954.1,1968.0,1894.0,12944.0
844507,2022-03-15,1878.75,1889.25,1897.0,1851.0,30675.0
844507,2022-04-12,2147.05,2082.8,2155.0,2058.4,61233.0
844507,2022-04-22,2003.65,2052.0,2125.0,1946.65,67347.0
844507,2022-04-29,1953.75,1988.25,1997.85,1945.0,6536.0
844507,2022-05-27,1153.1,1132.1,1175.0,1130.3,21033.0
844507,2022-06-02,1190.05,1181.45,1200.0,1181.45,13770.0
844507,2022-06-17,1117.9,1130.0,1130.0,1107.0,5591.0
844507,2021-02-25,657.45,679.75,690.9,642.7,41065.0
844507,2021-05-04,992.9,992.8,1018.0,965.2,77712.0
844507,2021-05-10,1059.35,1030.0,1080.0,1025.0,110641.0
844507,2021-05-11,1080.3,1054.9,1098.35,1034.65,39529.0
844507,2021-06-04,1045.95,1043.15,1067.8,1020.0,26640.0
844507,2021-07-26,1331.05,1340.0,1353.0,1294.7,60309.0
844507,2021-07-29,1328.2,1340.0,1391.0,1301.0,113897.0
844507,2021-08-10,1606.45,1690.6,1739.0,1551.0,50444.0
844507,2021-08-25,1572.9,1555.25,1584.85,1535.0,15947.0
844507,2021-08-30,1688.1,1760.0,1760.0,1675.0,47816.0
844507,2021-09-01,1642.45,1688.0,1698.0,1631.1,18624.0
844507,2021-09-13,1889.35,1824.0,1910.0,1807.05,133228.0
844507,2021-09-28,1809.4,1809.35,1826.95,1761.1,16737.0
844507,2021-10-05,1891.2,1833.7,1943.65,1833.7,52297.0
844507,2021-10-20,1836.2,1859.25,1873.9,1757.95,33536.0
844507,2021-11-03,1697.65,1719.9,1730.0,1680.0,18660.0
844507,2021-12-15,1863.4,1880.0,1918.95,1855.0,10168.0
844507,2022-01-12,2187.15,2173.25,2225.0,2153.4,60783.0
844507,2022-02-01,1994.75,2079.95,2079.95,1950.0,23468.0
844507,2022-02-28,1872.65,1853.25,1875.0,1809.8,9923.0
844507,2022-03-16,1881.4,1900.0,1900.0,1852.6,14593.0
844507,2022-03-24,1900.2,1885.1,1910.0,1870.05,7264.0
844507,2022-04-27,1948.55,1957.25,1980.0,1919.45,7510.0
844507,2022-05-04,1887.8,1937.05,1956.0,1865.2,13959.0
844507,2022-06-06,1161.7,1181.65,1194.2,1152.0,13384.0
844507,2022-06-08,1170.15,1167.15,1184.9,1165.0,12633.0
844507,2022-06-20,1034.6,1116.9,1120.45,1018.0,15940.0
844507,2022-06-30,1087.3,1053.0,1090.0,1040.1,25150.0
844507,2021-01-07,554.85,550.05,558.0,543.35,40268.0
844507,2021-01-25,661.95,658.0,729.7,653.0,143610.0
844507,2021-02-01,696.3,696.65,718.0,687.65,25166.0
844507,2021-02-10,607.85,613.8,618.4,605.45,15090.0
844507,2021-02-11,604.1,610.0,619.15,601.0,30252.0
844507,2021-02-23,676.15,669.1,686.0,651.9,24757.0
844507,2021-03-10,647.4,615.25,650.0,615.25,53698.0
844507,2021-04-08,895.05,869.0,929.85,860.3,50508.0
844507,2021-04-22,920.5,906.35,958.0,892.0,40863.0
844507,2021-06-10,1047.55,1062.0,1062.0,1027.05,18748.0
844507,2021-06-17,1107.75,1114.95,1133.0,1090.9,45334.0
844507,2021-06-30,1109.5,1115.0,1120.0,1105.0,20955.0
844507,2021-07-16,1368.6,1389.0,1410.0,1353.05,24020.0
844507,2021-08-20,1534.85,1556.1,1605.55,1520.0,25365.0
844507,2021-09-20,1816.75,1893.65,1895.05,1801.0,37525.0
844507,2021-10-07,1899.35,1909.0,1990.0,1880.0,49852.0
844507,2021-10-11,1891.65,1898.25,1925.95,1868.95,20012.0
844507,2021-10-14,1965.3,1945.0,1993.2,1931.05,29998.0
844507,2021-10-28,1600.1,1620.0,1658.0,1582.7,17931.0
844507,2021-11-12,1677.7,1740.0,1750.0,1665.0,15418.0
844507,2021-12-23,1794.8,1740.9,1822.0,1732.0,21072.0
844507,2021-12-24,1754.45,1798.8,1850.0,1750.0,15200.0
844507,2022-01-27,2023.5,2075.0,2179.7,1990.0,50664.0
844507,2022-02-02,1981.3,2018.25,2054.25,1965.3,18947.0
844507,2022-02-09,1995.0,1994.25,2029.0,1973.3,12658.0
844507,2022-02-14,1842.8,1850.0,1930.15,1812.05,28579.0
844507,2022-03-03,1896.65,1890.0,1921.95,1881.15,14145.0
844507,2022-03-09,1877.25,1874.85,1880.0,1830.0,12532.0
844507,2022-04-06,2078.4,1999.25,2093.9,1993.0,16661.0
844507,2022-04-20,2028.85,2041.25,2077.0,2004.35,12438.0
844507,2022-05-12,1148.8,1079.0,1174.8,1040.05,90332.0
844507,2022-06-28,1076.7,1099.9,1100.45,1059.15,13641.0
844507,2022-07-06,1060.6,1071.95,1071.95,1040.25,9400.0
844507,2021-01-20,625.65,617.9,631.0,610.15,34645.0
844507,2021-02-09,605.7,647.95,647.95,602.0,58405.0
844507,2021-03-02,649.5,670.0,670.95,647.0,33637.0
844507,2021-03-15,648.0,646.7,654.0,640.8,39773.0
844507,2021-03-23,715.25,695.3,723.0,690.2,55707.0
844507,2021-04-09,914.3,896.0,919.9,886.55,34388.0
844507,2021-05-06,994.4,1015.0,1015.0,983.5,33603.0
844507,2021-05-20,1097.25,1080.0,1122.0,1070.45,71023.0
844507,2021-06-18,1088.35,1090.0,1150.0,1075.05,74346.0
844507,2021-08-04,1708.9,1822.1,1849.9,1665.0,146432.0
844507,2021-09-07,1630.5,1641.25,1641.25,1611.55,10730.0
844507,2021-09-14,1856.5,1924.4,1924.4,1836.0,111606.0
844507,2021-10-08,1884.15,1916.25,1927.25,1850.0,27787.0
844507,2021-11-02,1713.05,1600.0,1729.0,1575.75,46176.0
844507,2021-11-26,1631.65,1653.9,1653.95,1623.7,15139.0
844507,2021-12-02,1653.25,1655.0,1689.7,1640.0,19069.0
844507,2022-01-03,1896.75,1831.25,1902.0,1824.05,31206.0
844507,2022-01-04,1938.2,1913.25,2060.1,1885.7,91028.0
844507,2022-01-05,1929.25,1945.0,1957.0,1912.2,16316.0
844507,2022-03-08,1830.6,1805.75,1899.85,1805.75,14985.0
844507,2022-03-29,1815.1,1823.85,1846.25,1800.0,16519.0
844507,2022-04-08,2097.45,2120.0,2125.0,2077.3,14509.0
844507,2022-04-19,2028.85,2053.25,2098.6,2001.2,10201.0
844507,2022-04-25,1996.8,1999.45,2030.5,1971.1,11985.0
844507,2022-05-05,1782.05,1904.25,1904.25,1752.15,70584.0
844507,2022-05-10,1185.85,1415.0,1455.2,1162.35,484498.0
844507,2022-05-24,1208.4,1214.0,1235.3,1181.1,33963.0
844507,2022-05-25,1159.35,1220.0,1241.25,1143.05,27010.0
844507,2022-06-01,1185.3,1177.85,1195.0,1170.0,8470.0
844507,2022-06-16,1120.9,1186.9,1198.85,1102.35,9340.0
844507,2021-01-12,561.55,564.0,569.0,547.4,29723.0
844507,2021-01-18,572.8,580.0,589.0,560.0,17488.0
844507,2021-01-28,687.7,685.0,710.0,680.2,29434.0
844507,2021-02-03,727.8,734.0,734.0,715.0,20656.0
844507,2021-04-15,894.3,916.55,929.95,887.15,25545.0
844507,2021-04-28,893.1,905.0,906.0,880.0,28499.0
844507,2021-07-19,1337.6,1385.0,1391.0,1327.0,38695.0
844507,2021-08-02,1805.6,1635.0,1866.9,1523.65,1070365.0
844507,2021-08-23,1549.7,1538.0,1632.1,1521.6,48226.0
844507,2021-08-26,1597.25,1580.0,1650.7,1561.2,23429.0
844507,2021-09-02,1638.15,1652.0,1678.0,1631.0,17065.0
844507,2021-09-22,1839.55,1890.0,1899.95,1827.0,27923.0
844507,2021-10-01,1830.2,1861.0,1881.0,1820.0,18685.0
844507,2021-10-04,1845.15,1840.0,1866.95,1823.0,18513.0
844507,2021-10-25,1580.45,1673.75,1709.6,1550.1,74626.0
844507,2021-12-06,1910.6,1710.0,1950.0,1697.0,253007.0
844507,2021-12-09,1958.6,1750.0,1974.95,1740.0,232427.0
844507,2022-02-04,2014.45,2002.0,2042.15,1963.75,16516.0
844507,2022-02-08,1976.45,1952.0,1998.9,1933.85,20162.0
844507,2022-02-21,1815.65,1896.0,1942.45,1785.05,26692.0
844507,2022-05-18,1203.9,1240.0,1249.0,1162.0,50070.0
844507,2022-05-23,1198.05,1251.75,1259.0,1190.05,38645.0
844507,2022-06-23,1044.4,1060.85,1065.0,1040.0,7261.0
844507,2022-07-01,1060.15,1075.75,1076.0,1040.0,16783.0
844507,2022-07-05,1067.7,1057.25,1079.0,1035.0,13862.0
844507,2021-01-06,553.9,555.0,556.0,536.0,33164.0
844507,2021-02-02,718.5,700.7,729.0,700.6,32433.0
844507,2021-02-12,613.85,618.0,627.0,602.0,26299.0
844507,2021-02-15,651.35,628.0,654.0,620.1,35900.0
844507,2021-02-17,655.85,647.7,663.9,645.0,14122.0
844507,2021-02-22,665.55,645.95,686.9,642.95,47003.0
844507,2021-03-19,647.55,648.9,650.0,633.2,18075.0
844507,2021-03-30,857.6,875.95,920.0,850.0,63879.0
844507,2021-03-31,854.05,859.9,878.35,826.0,23395.0
844507,2021-04-06,856.75,872.9,873.0,836.25,43865.0
844507,2021-04-20,906.35,920.0,943.95,890.0,24019.0
844507,2021-04-26,865.8,875.0,903.05,855.0,36569.0
844507,2021-06-08,1047.4,1052.0,1060.0,1021.3,21434.0
844507,2021-06-09,1037.55,1064.7,1083.7,1026.95,40158.0
844507,2021-06-29,1105.55,1087.0,1120.0,1087.0,25022.0
844507,2021-07-01,1265.0,1119.0,1276.0,1117.25,508332.0
844507,2021-07-05,1391.45,1364.0,1430.0,1348.25,97346.0
844507,2021-08-24,1545.9,1538.0,1570.6,1489.8,38083.0
844507,2021-09-03,1630.1,1647.6,1660.8,1618.25,13912.0
844507,2021-11-01,1607.2,1605.0,1639.25,1573.05,31559.0
844507,2021-11-10,1730.5,1720.0,1748.0,1695.0,15146.0
844507,2021-11-15,1657.9,1680.0,1695.95,1644.95,19927.0
844507,2021-12-27,1770.3,1769.9,1781.0,1742.55,16080.0
844507,2021-12-29,1784.75,1793.25,1820.0,1777.1,48563.0
844507,2022-01-19,2210.75,2181.05,2224.1,2150.05,26304.0
844507,2022-01-20,2174.05,2227.25,2227.25,2160.0,24873.0
844507,2022-02-10,1994.7,1980.0,2138.8,1980.0,12671.0
844507,2022-04-01,1897.35,1870.0,1946.0,1865.2,15109.0
844507,2022-05-06,1698.95,1735.0,1747.0,1660.95,41169.0
844507,2022-05-11,1093.7,1190.65,1250.0,1076.65,153278.0
844507,2022-05-17,1218.0,1180.0,1245.0,1065.0,149905.0
844507,2022-06-07,1167.15,1169.0,1204.4,1149.05,24943.0
844507,2022-06-10,1174.45,1164.0,1188.0,1161.25,5736.0
844507,2022-06-24,1046.0,1070.0,1070.0,1033.95,8943.0
844507,2021-02-24,676.55,680.0,689.9,668.0,17906.0
844507,2021-03-01,657.35,668.4,678.6,652.4,29445.0
844507,2021-03-05,605.45,620.0,645.0,600.0,44655.0
844507,2021-03-08,604.7,618.3,644.0,599.9,77729.0
844507,2021-04-01,843.95,855.05,875.0,838.5,21181.0
844507,2021-04-05,841.85,850.0,879.9,832.05,50766.0
844507,2021-04-07,858.5,869.9,869.9,847.05,15189.0
844507,2021-04-30,885.3,880.0,903.95,868.8,33598.0
844507,2021-05-19,1077.9,1072.0,1087.85,1067.35,21615.0
844507,2021-06-21,1077.15,1092.0,1118.95,1070.0,26813.0
844507,2021-07-12,1329.45,1315.0,1339.0,1300.7,21993.0
844507,2021-07-14,1369.85,1338.0,1395.0,1320.95,34293.0
844507,2021-08-12,1673.9,1620.0,1700.0,1605.85,55096.0
844507,2021-09-23,1845.1,1852.25,1899.0,1821.1,27153.0
844507,2021-10-18,1904.7,1980.0,1981.9,1883.5,23380.0
844507,2021-10-21,1817.95,1840.0,1847.25,1781.5,19069.0
844507,2021-12-01,1660.05,1659.25,1668.0,1632.0,33128.0
844507,2021-12-08,1751.05,1815.15,1815.25,1741.6,28501.0
844507,2022-01-06,1908.9,1940.0,1940.0,1898.5,15346.0
844507,2022-01-10,2090.65,1903.0,2119.8,1903.0,250520.0
844507,2022-03-31,1875.15,1911.0,1911.0,1860.55,7081.0
844507,2022-05-30,1143.6,1170.0,1191.2,1133.0,43855.0
844507,2022-06-09,1168.9,1170.25,1183.55,1161.55,21811.0
844507,2022-06-22,1045.15,1076.0,1076.0,1040.0,8252.0
844507,2021-02-05,628.0,708.0,722.35,590.0,92580.0
844507,2021-02-08,623.2,632.0,664.95,615.0,42295.0
844507,2021-02-26,664.9,657.45,672.0,650.0,19202.0
844507,2021-03-03,641.0,658.95,666.0,638.0,31822.0
844507,2021-03-12,643.3,657.2,658.7,640.0,25321.0
844507,2021-05-07,1027.45,1006.8,1040.75,986.65,105213.0
844507,2021-05-12,1058.15,1089.95,1091.3,1030.45,50747.0
844507,2021-05-21,1095.95,1095.0,1114.75,1080.05,20077.0
844507,2021-05-31,1086.95,1100.0,1100.0,1054.35,30986.0
844507,2021-06-24,1085.85,1120.0,1130.0,1075.0,18723.0
844507,2021-06-28,1099.25,1109.0,1120.0,1081.65,19788.0
844507,2021-07-23,1333.15,1330.0,1354.0,1307.55,32208.0
844507,2021-08-06,1731.4,1754.0,1780.1,1722.0,27939.0
844507,2021-08-09,1715.3,1737.0,1759.0,1690.0,36950.0
844507,2021-08-16,1588.05,1629.25,1657.55,1536.9,32441.0
844507,2021-09-09,1794.35,1668.85,1805.4,1643.95,89637.0
844507,2021-09-16,1930.7,1828.25,2044.0,1828.25,221256.0
844507,2021-09-17,1900.65,1939.0,1939.2,1824.0,87757.0
844507,2021-10-13,1928.1,1890.0,2074.0,1890.0,89483.0
844507,2021-11-04,1698.0,1725.0,1725.0,1685.0,4641.0
844507,2021-11-11,1738.75,1748.0,1748.0,1708.0,12711.0
844507,2021-11-17,1649.95,1672.25,1678.0,1643.3,18699.0
844507,2021-11-29,1630.05,1600.0,1661.0,1595.0,33099.0
844507,2021-12-14,1898.4,1872.1,1945.0,1862.55,25173.0
844507,2022-01-21,2208.0,2187.25,2219.0,2172.4,18808.0
844507,2022-03-02,1869.1,1851.0,1900.0,1822.0,15267.0
844507,2022-03-25,1880.9,1914.25,1914.25,1875.0,11650.0
844507,2022-05-31,1167.55,1144.25,1205.15,1143.6,131946.0
844507,2022-06-03,1181.65,1199.0,1218.0,1172.95,12000.0
844507,2022-06-15,1186.9,1155.0,1200.0,1155.0,11089.0
844507,2022-07-22,1207.8,1197.6,1225.9,1171.25,30592.0
844507,2022-08-29,1380.2,1367.25,1398.85,1345.1,17209.0
844507,2022-07-27,1208.15,1190.0,1218.0,1190.0,9949.0
844507,2022-07-21,1197.6,1138.5,1212.0,1116.2,61102.0
844507,2022-07-07,1042.55,1060.6,1070.85,1036.05,23458.0
844507,2022-07-14,1105.0,1117.95,1127.95,1098.2,12616.0
844507,2022-08-11,1249.85,1280.0,1280.85,1230.0,35786.0
844507,2022-09-06,1376.15,1400.0,1400.0,1370.65,20579.0
844507,2022-09-29,1458.95,1447.8,1499.0,1410.1,19995.0
844507,2022-10-07,1443.0,1427.0,1449.45,1408.0,19838.0
844507,2022-10-20,1403.95,1389.65,1420.0,1375.4,14030.0
844507,2022-12-07,1183.95,1201.5,1202.95,1180.55,21809.0
844507,2022-12-21,1153.5,1177.0,1179.9,1146.0,9596.0
844507,2023-03-15,1108.5,1092.15,1121.2,1081.0,99435.0
844507,2023-03-20,1063.35,1091.85,1144.7,1050.0,29871.0
844507,2023-04-21,1066.9,1088.15,1090.0,1053.95,14554.0
844507,2023-05-23,1104.0,1108.95,1116.95,1096.55,21504.0
844507,2023-06-09,1141.9,1170.55,1197.0,1136.65,25097.0
844507,2023-07-18,1109.95,1090.25,1118.8,1082.1,6674.0
844507,2022-08-01,1247.35,1262.0,1269.85,1240.0,13404.0
844507,2022-08-23,1363.2,1338.9,1385.05,1324.5,37008.0
844507,2022-08-25,1403.75,1390.0,1419.0,1372.85,17340.0
844507,2022-08-26,1387.15,1420.0,1440.0,1375.75,23969.0
844507,2022-09-21,1506.2,1576.75,1588.7,1503.8,79068.0
844507,2022-10-13,1383.5,1414.0,1424.35,1377.0,15109.0
844507,2022-11-03,1326.95,1285.0,1335.9,1282.05,8319.0
844507,2022-11-22,1189.25,1200.9,1230.85,1183.05,31582.0
844507,2022-12-26,1085.1,1075.0,1098.9,1063.5,12325.0
844507,2023-01-11,1128.7,1114.5,1133.0,1101.65,10828.0
844507,2023-01-12,1137.45,1122.5,1172.85,1120.0,23651.0
844507,2023-02-23,956.5,983.9,983.9,945.85,9963.0
844507,2023-04-11,1099.8,1080.0,1114.0,1080.0,42354.0
844507,2023-05-11,1127.9,1139.05,1148.5,1111.0,13948.0
844507,2023-06-14,1108.45,1127.4,1127.4,1101.05,19683.0
844507,2023-07-17,1109.5,1087.25,1114.7,1075.0,14299.0
844507,2023-08-08,1038.25,1061.45,1066.2,1036.0,56908.0
844507,2022-08-10,1291.55,1303.25,1335.0,1272.0,41374.0
844507,2022-09-08,1377.05,1375.0,1385.0,1370.0,12988.0
844507,2022-09-14,1420.85,1390.0,1428.0,1390.0,23470.0
844507,2022-09-23,1475.65,1498.8,1511.95,1467.0,25858.0
844507,2022-10-11,1426.0,1495.9,1498.65,1421.2,30770.0
844507,2022-11-18,1194.55,1211.15,1227.0,1186.9,7914.0
844507,2022-12-05,1206.95,1192.5,1214.0,1182.0,22390.0
844507,2022-12-27,1171.9,1105.8,1223.0,1092.05,123368.0
844507,2023-01-10,1118.6,1136.45,1140.0,1112.0,7404.0
844507,2023-02-13,948.8,919.9,969.4,917.3,91743.0
844507,2023-02-20,975.25,985.0,998.0,955.1,49025.0
844507,2023-02-21,976.35,985.0,988.95,972.0,13337.0
844507,2023-03-13,1085.75,1099.0,1159.9,1071.25,373321.0
844507,2023-05-02,1071.55,1069.3,1115.0,1061.25,36258.0
844507,2023-05-05,1084.95,1125.0,1125.0,1072.2,32199.0
844507,2023-05-17,1114.85,1107.0,1117.2,1080.0,19576.0
844507,2023-05-22,1102.8,1101.0,1115.0,1093.35,4956.0
844507,2023-06-12,1125.55,1141.9,1149.4,1112.7,21654.0
844507,2023-06-26,1098.95,1071.1,1099.9,1057.1,23906.0
844507,2023-07-04,1099.7,1069.0,1115.95,1057.8,34422.0
844507,2022-08-16,1300.5,1256.2,1314.7,1252.85,16739.0
844507,2022-09-26,1417.2,1469.0,1469.0,1408.5,30264.0
844507,2022-10-10,1492.8,1427.25,1520.0,1401.25,53956.0
844507,2022-11-01,1311.45,1338.0,1348.0,1296.0,13951.0
844507,2022-11-09,1199.3,1283.15,1298.9,1176.7,80034.0
844507,2022-12-30,1143.35,1128.7,1170.0,1120.0,17693.0
844507,2023-01-06,1127.35,1150.0,1151.55,1125.35,3254.0
844507,2023-02-03,977.55,979.4,1000.0,961.15,22732.0
844507,2023-02-07,884.8,905.0,938.75,872.95,57937.0
844507,2023-02-09,924.8,884.9,928.95,875.0,112828.0
844507,2023-02-28,934.35,930.0,947.95,901.3,17332.0
844507,2023-04-25,1074.15,1071.65,1089.55,1066.9,8308.0
844507,2023-04-26,1063.1,1084.9,1084.9,1055.65,8402.0
844507,2023-05-19,1100.75,1101.05,1110.5,1098.05,16843.0
844507,2023-06-07,1165.85,1155.8,1175.6,1153.0,39221.0
844507,2023-08-14,1022.25,1020.25,1029.8,1007.15,8179.0
844507,2022-08-18,1287.25,1295.45,1311.7,1278.65,9063.0
844507,2022-08-19,1303.95,1287.0,1348.0,1287.0,26293.0
844507,2022-09-05,1389.95,1410.0,1426.9,1365.0,15752.0
844507,2022-09-15,1427.85,1415.0,1435.0,1411.15,12796.0
844507,2022-11-24,1184.65,1224.1,1224.1,1181.25,5825.0
844507,2022-12-15,1173.55,1185.0,1189.95,1162.5,8704.0
844507,2022-12-22,1130.05,1146.0,1159.55,1123.25,12184.0
844507,2023-01-24,1051.25,1035.1,1060.0,1035.1,8315.0
844507,2023-02-01,999.4,1012.5,1019.95,991.0,39118.0
844507,2023-02-22,973.25,983.35,987.55,963.2,11960.0
844507,2023-03-16,1078.85,1120.0,1125.05,1065.95,88527.0
844507,2023-04-05,1051.95,1096.05,1096.05,1037.4,72740.0
844507,2023-05-08,1119.6,1085.0,1128.95,1076.05,27486.0
844507,2023-05-29,1072.0,1090.1,1113.1,1050.0,37307.0
844507,2023-06-16,1108.55,1128.5,1128.5,1101.05,15738.0
844507,2023-06-19,1101.25,1108.55,1115.9,1100.05,13457.0
844507,2023-06-20,1102.2,1101.5,1113.55,1092.35,12148.0
844507,2023-06-28,1083.05,1083.15,1088.0,1072.2,7189.0
844507,2023-08-17,1057.9,1059.7,1075.65,1042.05,17554.0
844507,2022-10-14,1372.75,1409.25,1425.0,1360.45,31502.0
844507,2022-07-12,1042.8,1039.25,1054.6,1026.0,18090.0
844507,2022-11-16,1225.5,1200.0,1242.9,1165.05,13417.0
844507,2022-11-21,1200.9,1175.0,1209.0,1175.0,7551.0
844507,2023-01-04,1156.3,1154.85,1164.95,1124.95,13600.0
844507,2023-02-08,875.95,881.0,907.0,871.05,319759.0
844507,2023-03-02,918.5,955.0,955.0,914.0,11235.0
844507,2023-03-17,1091.85,1098.3,1109.9,1065.0,43187.0
844507,2023-04-10,1090.25,1084.4,1097.95,1072.05,22481.0
844507,2023-06-01,1135.95,1106.0,1156.9,1106.0,26100.0
844507,2023-06-22,1095.4,1100.15,1109.7,1085.0,13605.0
844507,2023-07-25,1092.05,1097.45,1106.25,1083.5,9053.0
844507,2023-07-27,1104.1,1090.0,1107.6,1090.0,12156.0
844507,2023-08-07,1056.2,1075.7,1075.7,1044.05,29721.0
844507,2022-10-12,1402.95,1400.0,1433.8,1369.05,24620.0
844507,2022-10-25,1353.25,1342.65,1379.45,1342.65,5397.0
844507,2022-10-31,1314.5,1347.0,1351.2,1307.55,6253.0
844507,2022-11-29,1196.1,1209.9,1218.0,1184.35,17432.0
844507,2022-12-29,1112.0,1133.7,1141.55,1095.0,26506.0
844507,2023-01-13,1114.45,1130.95,1138.35,1109.1,6566.0
844507,2023-01-23,1048.15,1080.0,1093.25,1044.0,15043.0
844507,2023-02-24,972.75,966.05,980.35,940.8,19297.0
844507,2023-03-03,918.9,918.5,931.85,904.0,28421.0
844507,2023-03-10,1087.05,1114.85,1139.0,1068.75,276713.0
844507,2023-04-06,1084.4,1051.95,1091.0,1047.05,23389.0
844507,2023-04-28,1069.3,1079.5,1079.5,1060.0,12277.0
844507,2023-05-25,1097.25,1110.0,1123.9,1088.0,20705.0
844507,2023-07-07,1106.25,1092.0,1113.9,1075.9,11670.0
844507,2023-08-21,1061.65,1064.0,1064.9,1034.0,12692.0
844507,2022-08-05,1253.15,1245.0,1265.0,1240.1,10768.0
844507,2022-07-29,1245.35,1252.0,1268.7,1230.0,14314.0
844507,2022-08-24,1384.05,1370.0,1424.0,1362.1,34507.0
844507,2022-09-02,1422.35,1397.0,1460.0,1381.15,30981.0
844507,2022-09-20,1576.75,1549.9,1594.0,1526.0,64068.0
844507,2022-10-19,1382.65,1397.75,1402.55,1374.7,8427.0
844507,2022-11-04,1338.6,1340.0,1350.0,1329.85,4788.0
844507,2022-11-11,1189.5,1205.0,1223.95,1181.1,29670.0
844507,2022-12-16,1167.5,1170.0,1188.7,1160.35,9468.0
844507,2022-12-19,1177.0,1165.6,1185.0,1161.0,9033.0
844507,2022-12-23,1077.6,1115.0,1129.7,1051.15,27196.0
844507,2023-01-09,1119.65,1135.65,1151.95,1112.55,6265.0
844507,2023-02-10,910.8,923.0,958.15,898.9,96340.0
844507,2023-02-14,976.45,948.8,983.0,938.7,27418.0
844507,2023-03-31,1051.6,1034.5,1065.0,1031.0,31621.0
844507,2023-04-13,1100.2,1088.0,1125.0,1088.0,12878.0
844507,2023-05-04,1119.05,1094.7,1124.95,1087.95,30711.0
844507,2023-05-09,1120.0,1119.6,1135.0,1107.0,26266.0
844507,2023-05-10,1135.05,1124.85,1145.0,1120.0,33558.0
844507,2023-05-18,1100.7,1117.0,1118.85,1097.0,21587.0
844507,2023-05-30,1105.9,1055.1,1110.0,1042.15,57431.0
844507,2023-05-31,1116.1,1100.0,1124.9,1100.0,11274.0
844507,2023-06-15,1115.7,1112.15,1127.95,1109.0,16369.0
844507,2023-07-05,1084.85,1093.7,1119.75,1061.5,24012.0
844507,2023-07-19,1110.85,1104.15,1123.0,1097.0,25621.0
844507,2023-07-31,1096.55,1095.0,1113.9,1087.05,10235.0
844507,2022-09-28,1433.55,1411.0,1442.5,1410.0,15277.0
844507,2022-11-10,1186.2,1199.3,1209.95,1175.35,14449.0
844507,2022-12-20,1167.2,1179.7,1179.7,1163.0,5590.0
844507,2023-01-17,1098.75,1113.0,1127.15,1094.0,5408.0
844507,2023-02-02,994.1,1018.4,1018.4,979.0,6325.0
844507,2023-02-17,1003.95,952.05,1024.55,939.95,55323.0
844507,2023-02-27,931.0,980.0,980.0,925.1,24172.0
844507,2023-03-06,964.25,948.0,1038.4,931.45,298157.0
844507,2023-03-23,1043.95,1046.0,1099.8,1040.0,67439.0
844507,2023-06-06,1163.7,1148.0,1169.95,1148.0,22210.0
844507,2023-07-12,1084.75,1081.15,1091.9,1072.5,13821.0
844507,2023-08-22,1072.5,1061.65,1074.8,1053.1,12807.0
844507,2022-07-20,1127.25,1117.0,1198.0,1101.65,92673.0
844507,2022-08-03,1240.45,1248.0,1259.35,1223.15,14897.0
844507,2022-08-04,1241.15,1241.5,1268.95,1240.0,8925.0
844507,2022-08-08,1292.8,1264.25,1308.1,1250.0,27809.0
844507,2022-09-13,1405.45,1420.0,1429.7,1398.0,17155.0
844507,2022-09-27,1425.25,1428.0,1439.0,1417.0,19169.0
844507,2022-11-07,1309.95,1338.0,1350.0,1302.0,6870.0
844507,2022-12-01,1206.55,1272.1,1281.35,1185.0,70815.0
844507,2022-12-02,1192.5,1218.6,1224.65,1187.1,66023.0
844507,2023-01-18,1099.7,1114.95,1122.95,1091.0,6106.0
844507,2023-01-20,1087.85,1075.0,1097.7,1066.1,11581.0
844507,2023-03-27,1041.3,1045.0,1059.9,1008.35,35197.0
844507,2023-06-05,1150.9,1155.0,1159.15,1140.0,15640.0
844507,2023-07-24,1097.45,1099.0,1114.0,1078.85,21336.0
844507,2023-08-16,1046.6,1025.35,1063.0,1022.25,19324.0
844507,2023-08-18,1049.15,1059.0,1068.85,1037.05,6022.0
844507,2022-07-13,1117.95,1042.8,1142.0,1032.55,82835.0
844507,2022-07-08,1046.8,1058.25,1065.05,1035.0,52547.0
844507,2022-07-15,1093.85,1116.4,1126.85,1090.65,10779.0
844507,2022-07-28,1250.65,1249.9,1448.0,1219.1,101556.0
844507,2022-09-07,1376.0,1376.15,1380.0,1347.1,26027.0
844507,2022-10-24,1366.85,1375.0,1392.65,1335.65,2270.0
844507,2022-11-15,1183.55,1197.0,1200.0,1175.0,4999.0
844507,2022-11-17,1216.15,1237.75,1239.95,1195.0,12176.0
844507,2022-11-23,1206.0,1190.1,1219.0,1185.0,15897.0
844507,2022-12-09,1190.5,1194.7,1194.7,1181.1,3686.0
844507,2023-01-02,1176.0,1154.0,1190.0,1134.4,16134.0
844507,2023-03-08,1102.95,958.7,1138.7,951.1,645143.0
844507,2023-03-22,1045.35,1054.25,1065.0,1032.15,38230.0
844507,2023-03-29,1031.95,1035.0,1042.1,1015.05,42123.0
844507,2023-04-03,1082.55,1060.0,1086.1,1053.35,29119.0
844507,2023-04-18,1109.4,1091.0,1114.9,1085.0,14545.0
844507,2023-05-26,1100.15,1100.0,1116.85,1100.0,17326.0
844507,2023-06-13,1110.75,1126.0,1128.45,1101.25,21602.0
844507,2023-07-03,1069.4,1089.85,1089.9,1051.0,34393.0
844507,2023-07-20,1096.9,1124.0,1124.0,1092.1,7484.0
844507,2023-08-02,1076.65,1094.6,1094.8,1071.7,8305.0
844507,2022-07-25,1203.65,1202.0,1219.9,1186.05,20300.0
844507,2022-07-11,1034.6,1045.05,1059.0,1029.05,19866.0
844507,2022-07-18,1076.2,1111.0,1111.0,1070.05,16323.0
844507,2022-08-02,1233.5,1259.8,1259.8,1224.0,11721.0
844507,2022-08-17,1295.45,1309.25,1314.2,1287.1,12471.0
844507,2022-08-30,1393.05,1380.2,1409.2,1380.2,16849.0
844507,2022-10-03,1437.0,1438.8,1456.35,1413.35,15939.0
844507,2022-10-06,1416.55,1448.25,1448.25,1414.1,22620.0
844507,2022-10-21,1373.0,1416.25,1420.35,1364.25,9087.0
844507,2022-11-25,1177.05,1194.95,1198.7,1173.0,10452.0
844507,2022-12-28,1135.9,1166.0,1166.0,1129.05,14559.0
844507,2023-01-05,1129.0,1145.0,1151.05,1125.45,6611.0
844507,2023-01-25,1025.15,1038.0,1049.55,1023.0,7316.0
844507,2023-01-31,1000.0,1017.0,1017.0,997.8,29460.0
844507,2023-02-15,942.9,970.0,1007.35,935.0,51537.0
844507,2023-03-28,1028.0,1030.9,1040.8,1025.8,19998.0
844507,2023-04-12,1104.55,1100.0,1130.0,1095.65,18334.0
844507,2023-05-03,1087.75,1071.6,1118.65,1071.6,25864.0
844507,2023-05-24,1104.0,1110.0,1114.8,1091.05,32590.0
844507,2023-06-27,1083.0,1099.75,1104.9,1068.1,14531.0
844507,2023-07-28,1092.35,1110.0,1140.0,1089.75,7910.0
844507,2023-08-10,1030.3,1031.75,1041.25,1025.05,4871.0
844507,2022-07-26,1193.85,1206.75,1222.0,1186.55,13187.0
844507,2022-08-12,1269.9,1278.0,1280.8,1232.1,23391.0
844507,2022-08-22,1330.05,1319.25,1340.0,1283.85,13452.0
844507,2022-09-19,1548.8,1490.0,1745.0,1490.0,748675.0
844507,2022-09-22,1493.85,1507.0,1539.95,1481.0,69234.0
844507,2022-10-18,1385.4,1383.2,1397.5,1373.95,7241.0
844507,2022-10-28,1342.7,1345.0,1359.0,1303.55,4169.0
844507,2022-12-06,1192.95,1209.9,1210.95,1186.2,14718.0
844507,2022-12-08,1182.4,1201.7,1201.7,1180.1,6300.0
844507,2022-12-14,1181.65,1190.0,1193.95,1177.5,11402.0
844507,2023-01-03,1146.25,1155.0,1177.45,1141.65,10559.0
844507,2023-04-17,1087.1,1073.1,1100.0,1073.1,8761.0
844507,2023-07-11,1081.15,1100.15,1113.2,1065.75,21813.0
844507,2023-08-03,1068.55,1076.1,1103.0,1022.0,23252.0
844507,2023-08-04,1065.7,1078.5,1078.55,1054.55,12249.0
844507,2023-08-11,1020.0,1021.05,1037.4,1016.1,8327.0
844507,2022-09-09,1376.0,1375.0,1380.0,1371.25,8767.0
844507,2022-09-30,1448.55,1468.0,1477.0,1439.5,7785.0
844507,2022-10-04,1428.45,1451.7,1458.75,1424.0,14829.0
844507,2022-10-27,1348.45,1345.0,1389.0,1341.35,5433.0
844507,2022-11-02,1294.35,1337.0,1337.95,1288.0,8636.0
844507,2022-12-12,1187.05,1199.75,1199.75,1177.0,10862.0
844507,2023-01-19,1083.05,1105.55,1111.15,1080.0,4164.0
844507,2023-01-30,1014.25,1017.15,1030.0,1002.1,6682.0
844507,2023-02-06,908.45,962.9,994.0,890.0,189179.0
844507,2023-02-16,941.45,945.0,967.95,925.1,31840.0
844507,2023-04-24,1065.95,1056.25,1080.95,1052.0,10270.0
844507,2023-04-27,1069.05,1055.4,1073.5,1054.0,7426.0
844507,2023-05-15,1122.45,1131.5,1133.0,1115.0,12148.0
844507,2023-06-02,1149.15,1137.0,1177.95,1125.1,66741.0
844507,2023-06-08,1169.35,1163.25,1178.3,1147.0,85250.0
844507,2023-06-23,1071.1,1095.45,1096.95,1066.2,14821.0
844507,2023-06-30,1080.45,1071.0,1093.45,1071.0,19052.0
844507,2023-07-14,1087.25,1076.0,1094.0,1068.7,7584.0
844507,2022-07-19,1101.05,1070.0,1110.0,1066.55,25575.0
844507,2022-09-01,1399.95,1377.25,1430.0,1369.95,27775.0
844507,2022-09-12,1415.7,1380.0,1435.0,1375.0,31318.0
844507,2023-03-01,944.75,925.8,959.0,910.0,17160.0
844507,2023-03-09,1117.0,1090.0,1230.0,1066.3,1206276.0
844507,2023-04-20,1088.15,1090.8,1116.95,1080.0,9908.0
844507,2023-05-16,1104.35,1134.0,1134.0,1093.85,9500.0
844507,2023-06-21,1100.1,1105.0,1109.75,1096.15,22058.0
844507,2023-08-09,1029.1,1038.4,1046.05,1025.0,11966.0
844507,2022-09-16,1482.3,1427.85,1495.0,1427.0,60294.0
844507,2022-10-17,1382.45,1363.0,1389.9,1363.0,8065.0
844507,2022-11-14,1185.4,1175.0,1204.0,1170.1,6044.0
844507,2022-11-28,1199.65,1181.3,1214.0,1170.0,42749.0
844507,2022-11-30,1252.1,1208.05,1295.0,1183.0,48007.0
844507,2022-12-13,1187.4,1187.35,1194.65,1182.25,9624.0
844507,2023-01-16,1124.1,1111.0,1134.4,1101.65,5444.0
844507,2023-01-27,1017.15,1040.0,1042.0,988.05,15417.0
844507,2023-03-14,1071.75,1100.0,1124.0,1056.7,187126.0
844507,2023-03-21,1048.3,1073.15,1077.7,1035.35,62562.0
844507,2023-03-24,1035.2,1046.9,1060.0,1024.0,27871.0
844507,2023-04-19,1099.15,1120.35,1122.05,1085.0,17343.0
844507,2023-05-12,1114.8,1120.0,1141.25,1095.15,17379.0
844507,2023-07-06,1082.6,1085.0,1095.45,1075.85,6718.0
844507,2023-07-10,1100.15,1105.95,1116.95,1086.05,6943.0
844507,2023-07-13,1073.9,1084.75,1094.9,1069.0,13130.0
844507,2023-07-21,1103.15,1099.5,1104.7,1085.35,7448.0
844507,2023-07-26,1097.1,1092.05,1100.0,1085.05,6223.0
844507,2023-08-01,1082.25,1101.05,1106.85,1081.0,8853.0
844507,2023-08-23,1075.65,1074.0,1076.3,1064.05,786.0
