stockid,date,close,open,high,low,volume
604881,2021-02-19,1868.15,1925.0,1931.85,1860.0,35066.0
604881,2021-03-25,1888.85,1869.6,1906.0,1851.0,127163.0
604881,2021-04-08,1957.2,1956.0,1999.55,1950.0,15504.0
604881,2021-04-09,1966.85,1959.95,1986.05,1950.0,11518.0
604881,2021-04-27,1905.65,1909.95,1945.0,1881.4,17901.0
604881,2021-05-27,1934.0,1926.0,1966.5,1902.2,83388.0
604881,2021-07-30,2000.7,2020.0,2022.95,1990.25,8276.0
604881,2021-09-01,1984.05,2049.0,2049.0,1970.0,18955.0
604881,2021-09-27,1980.05,1949.0,2006.45,1949.0,55237.0
604881,2021-09-29,1921.0,1937.35,1959.95,1916.0,18358.0
604881,2021-10-11,1890.0,1890.2,1894.0,1870.0,89018.0
604881,2021-10-26,1906.85,1930.25,1930.25,1902.3,19553.0
604881,2021-10-28,1949.2,1931.2,1963.0,1912.9,37747.0
604881,2021-12-27,1785.3,1823.0,1823.0,1767.0,18753.0
604881,2022-02-15,1833.1,1823.0,1880.0,1772.1,84452.0
604881,2022-03-03,1597.5,1613.0,1616.0,1572.0,106936.0
604881,2022-03-07,1586.45,1548.7,1598.0,1475.05,69813.0
604881,2022-05-11,1820.55,1840.45,1872.3,1801.65,15096.0
604881,2022-05-13,1813.55,1801.0,1830.0,1786.6,60347.0
604881,2022-06-17,2087.4,2088.0,2100.0,2063.65,23741.0
604881,2022-06-20,2097.55,2103.0,2145.0,2080.05,54070.0
604881,2022-07-15,2301.3,2322.0,2344.95,2285.0,57425.0
604881,2022-08-26,2545.65,2612.8,2613.0,2526.0,28505.0
604881,2022-09-16,2506.7,2534.4,2587.0,2470.0,44306.0
604881,2022-09-29,2505.7,2480.0,2549.0,2425.0,36971.0
604881,2022-10-03,2466.4,2472.15,2508.95,2425.0,58755.0
604881,2022-11-17,2575.05,2600.0,2609.05,2521.0,101514.0
604881,2021-01-06,1987.7,2021.0,2021.55,1968.05,34882.0
604881,2021-01-27,1982.65,1982.0,1996.9,1959.15,52891.0
604881,2021-04-13,1889.6,1941.0,1941.0,1846.7,40203.0
604881,2021-05-03,1825.45,1862.0,1866.0,1820.05,48626.0
604881,2021-05-10,1819.3,1844.45,1873.55,1814.0,42932.0
604881,2021-06-01,1907.1,1927.65,1945.0,1896.55,42118.0
604881,2021-07-02,2151.05,2109.5,2163.8,2104.1,14215.0
604881,2021-07-07,2169.9,2170.0,2222.0,2139.95,135057.0
604881,2021-07-08,2142.25,2168.0,2168.0,2120.0,71442.0
604881,2021-07-15,2024.85,2069.85,2084.9,2020.0,20812.0
604881,2021-07-28,1984.75,2020.0,2022.45,1963.05,7864.0
604881,2021-08-25,1937.9,1941.0,1948.65,1924.25,81649.0
604881,2021-09-16,2097.1,2128.0,2151.9,2076.1,30502.0
604881,2021-11-08,1894.35,1919.85,1920.0,1882.6,15719.0
604881,2021-11-11,1897.75,1875.0,1900.45,1875.0,23040.0
604881,2021-11-30,1897.65,1847.95,1912.0,1842.45,108849.0
604881,2021-12-21,1784.3,1810.3,1819.35,1766.0,99482.0
604881,2021-12-29,1804.25,1815.8,1828.7,1796.0,10927.0
604881,2022-01-11,1826.2,1847.9,1855.0,1820.05,10167.0
604881,2022-01-27,1868.95,1894.85,1944.0,1792.3,87880.0
604881,2022-03-22,1715.95,1728.7,1753.8,1709.45,43805.0
604881,2022-06-02,2241.05,2270.0,2270.0,2195.0,93896.0
604881,2022-06-03,2247.05,2271.45,2325.0,2200.0,51142.0
604881,2022-06-15,2114.1,2080.0,2140.0,2046.2,61595.0
604881,2022-06-27,2229.45,2210.0,2263.95,2200.05,60406.0
604881,2022-08-02,2495.35,2467.3,2499.4,2420.1,45808.0
604881,2021-01-28,1921.3,1973.0,1998.45,1913.0,184508.0
604881,2021-02-23,1842.45,1857.05,1871.75,1793.0,42936.0
604881,2021-06-07,1938.65,1938.2,1966.0,1922.65,22293.0
604881,2021-06-09,1946.25,1974.0,1995.15,1940.0,57769.0
604881,2021-08-09,1963.75,1954.0,1987.7,1954.0,15101.0
604881,2021-08-13,1928.1,1954.0,1990.85,1905.0,187248.0
604881,2021-09-07,2064.8,2061.05,2100.0,2037.0,97464.0
604881,2021-09-08,2040.25,2095.0,2095.0,2022.25,13137.0
604881,2021-09-23,2006.85,2025.5,2040.9,1989.3,90650.0
604881,2021-09-28,1921.95,1984.0,1997.8,1916.05,35230.0
604881,2021-11-12,1896.7,1897.7,1903.85,1880.0,11158.0
604881,2021-11-15,1878.55,1905.0,1906.0,1873.0,9611.0
604881,2021-12-07,1851.05,1810.0,1865.1,1808.8,40245.0
604881,2021-12-09,1884.85,1851.0,1890.0,1851.0,14711.0
604881,2021-12-22,1815.6,1793.7,1819.75,1783.7,15468.0
604881,2022-03-16,1744.15,1714.05,1750.0,1702.0,13381.0
604881,2022-03-21,1744.6,1735.0,1758.75,1728.95,15396.0
604881,2022-04-13,1749.25,1719.35,1759.15,1693.0,162062.0
604881,2022-05-19,1790.9,1773.95,1810.0,1758.95,23289.0
604881,2022-05-25,1875.45,1892.2,1918.0,1801.0,109585.0
604881,2022-08-11,2640.65,2610.0,2654.1,2567.6,128721.0
604881,2022-08-12,2556.5,2616.6,2616.6,2520.05,115376.0
604881,2022-10-17,2592.15,2606.2,2653.4,2566.6,67756.0
604881,2022-10-31,2681.75,2651.0,2709.0,2641.0,43433.0
604881,2021-01-01,1968.1,1975.0,2024.95,1956.35,97568.0
604881,2021-01-08,2000.8,1976.95,2014.0,1975.05,54808.0
604881,2021-01-14,2098.8,2069.0,2146.05,2055.5,89585.0
604881,2021-04-12,1902.0,1955.0,1966.85,1884.65,25342.0
604881,2021-04-26,1900.4,1877.95,1929.9,1863.85,15535.0
604881,2021-04-28,1920.15,1905.0,1930.7,1905.0,7155.0
604881,2021-06-21,2016.95,1958.25,2041.0,1958.25,18750.0
604881,2021-07-22,2038.95,2041.5,2052.7,2026.15,15028.0
604881,2021-09-02,2001.3,1990.0,2024.4,1954.55,34127.0
604881,2021-09-13,2095.85,2093.0,2121.0,2054.95,40884.0
604881,2021-11-10,1886.2,1896.0,1904.0,1878.95,12324.0
604881,2021-11-16,1872.7,1880.05,1892.5,1868.95,7338.0
604881,2021-11-26,1859.35,1858.9,1880.9,1852.55,18563.0
604881,2021-12-02,1862.3,1904.85,1904.85,1855.65,14355.0
604881,2021-12-06,1815.7,1830.0,1849.25,1810.0,9640.0
604881,2021-12-14,1831.0,1857.05,1861.2,1823.7,41816.0
604881,2021-12-15,1820.9,1840.6,1854.0,1815.0,8789.0
604881,2021-12-24,1803.1,1825.0,1840.0,1793.0,10556.0
604881,2021-12-28,1811.1,1794.7,1815.8,1785.3,10273.0
604881,2022-01-18,1898.3,1925.0,1927.35,1877.95,15197.0
604881,2022-01-28,1877.95,1865.65,1893.0,1826.0,55282.0
604881,2022-02-21,1772.65,1766.2,1783.85,1745.0,88298.0
604881,2022-03-04,1548.7,1585.0,1595.05,1517.0,90120.0
604881,2022-03-11,1684.15,1702.45,1719.25,1670.0,13050.0
604881,2021-01-04,2036.85,1993.7,2050.15,1976.9,51394.0
604881,2021-01-29,1954.15,1935.0,1959.9,1917.0,35593.0
604881,2021-02-15,1970.3,1977.5,2000.0,1950.5,40081.0
604881,2021-02-16,1949.9,1980.7,1991.3,1942.05,39348.0
604881,2021-02-17,1925.25,1949.9,1955.0,1919.9,13006.0
604881,2021-03-16,1900.75,1920.0,1920.0,1881.0,26869.0
604881,2021-04-23,1872.45,1871.0,1898.0,1843.0,53301.0
604881,2021-06-15,1965.7,1979.75,1979.75,1960.0,35179.0
604881,2021-06-23,2030.0,2040.0,2053.4,1991.0,30135.0
604881,2021-06-24,2070.65,2044.0,2096.0,2016.15,44921.0
604881,2021-07-13,2118.85,2070.0,2133.1,2059.85,44649.0
604881,2021-07-29,1998.7,2020.0,2022.9,1975.0,29985.0
604881,2021-09-21,2049.15,2079.0,2088.95,2039.0,15353.0
604881,2021-10-08,1875.7,1887.0,1923.65,1865.35,122717.0
604881,2021-10-20,1911.85,1915.0,1925.15,1900.05,28703.0
604881,2021-10-21,1887.15,1915.85,1930.0,1852.8,106263.0
604881,2021-11-17,1884.0,1873.75,1899.0,1865.0,22878.0
604881,2021-11-29,1848.1,1850.0,1870.1,1819.1,43844.0
604881,2022-01-03,1855.75,1880.0,1887.9,1852.0,21365.0
604881,2022-03-28,1660.45,1670.1,1686.25,1650.0,28485.0
604881,2022-04-05,1701.8,1698.0,1732.1,1680.05,49397.0
604881,2022-04-07,1706.1,1718.6,1725.0,1683.0,96225.0
604881,2022-05-06,1912.2,1905.0,1946.0,1862.15,84248.0
604881,2022-05-23,1892.95,1780.0,1960.0,1774.8,160007.0
604881,2022-05-27,2071.35,2056.15,2094.45,2010.1,159757.0
604881,2022-06-09,2133.45,2190.0,2203.0,2118.6,24179.0
604881,2022-06-16,2087.15,2200.0,2200.0,2056.25,154515.0
604881,2022-06-28,2197.95,2229.45,2247.0,2188.0,32694.0
604881,2022-06-29,2175.45,2181.0,2210.05,2146.55,24501.0
604881,2022-07-25,2360.05,2399.65,2415.05,2350.0,32289.0
604881,2022-09-13,2568.05,2639.95,2639.95,2550.05,31841.0
604881,2022-11-01,2699.65,2695.2,2737.0,2681.75,36279.0
604881,2022-12-01,2733.2,2714.0,2810.0,2682.4,171752.0
604881,2022-12-27,2602.75,2618.9,2649.15,2581.0,15737.0
604881,2023-01-03,2600.25,2590.2,2625.0,2581.1,38455.0
604881,2021-03-01,1808.0,1823.1,1835.0,1798.0,49413.0
604881,2021-03-22,1913.2,1873.1,1925.0,1873.1,52126.0
604881,2021-04-22,1870.45,1847.05,1879.95,1846.0,63121.0
604881,2021-05-04,1871.7,1820.0,1888.0,1820.0,44668.0
604881,2021-05-19,1943.55,1943.0,1965.0,1931.55,36990.0
604881,2021-06-30,2140.15,2150.0,2169.0,2083.15,42640.0
604881,2021-08-10,1969.4,1961.0,1995.0,1943.75,29036.0
604881,2021-08-31,2021.5,1968.0,2056.9,1968.0,119019.0
604881,2021-09-24,1943.4,2019.85,2034.05,1936.0,80280.0
604881,2021-10-29,1917.65,1937.0,1955.0,1891.1,56770.0
604881,2021-11-02,1938.6,1949.0,1954.0,1922.4,289098.0
604881,2021-11-25,1858.9,1875.0,1875.7,1851.3,34391.0
604881,2022-01-04,1846.6,1867.0,1878.6,1831.0,15503.0
604881,2022-02-14,1813.45,1846.0,1848.0,1808.0,15291.0
604881,2022-02-24,1639.2,1685.0,1690.85,1630.0,62269.0
604881,2022-03-23,1708.05,1716.2,1725.0,1702.05,10383.0
604881,2022-03-31,1622.7,1600.0,1634.8,1600.0,44989.0
604881,2022-04-22,1883.35,1894.0,1917.7,1863.0,61045.0
604881,2022-05-18,1774.75,1809.6,1838.85,1761.15,58308.0
604881,2022-06-14,2045.05,2025.0,2090.0,2025.0,20175.0
604881,2022-07-21,2420.25,2421.0,2438.0,2405.85,41125.0
604881,2022-07-29,2398.6,2392.0,2413.0,2375.0,51332.0
604881,2022-09-26,2561.9,2621.0,2621.0,2500.0,67320.0
604881,2022-12-21,2710.9,2740.0,2752.05,2682.0,41288.0
604881,2023-01-16,2491.35,2515.45,2527.5,2482.5,11814.0
604881,2022-11-02,2773.7,2700.95,2814.0,2685.0,84689.0
604881,2022-09-01,2625.05,2625.25,2680.55,2590.05,101958.0
604881,2022-11-24,2689.45,2715.0,2724.4,2675.0,17557.0
604881,2022-09-12,2612.6,2560.0,2638.0,2559.85,41346.0
604881,2022-12-05,2750.35,2798.7,2813.1,2715.1,55603.0
604881,2022-09-14,2578.6,2540.0,2592.05,2530.3,13437.0
604881,2022-12-12,2778.95,2760.0,2790.0,2732.0,61363.0
604881,2022-10-28,2638.85,2685.8,2685.8,2630.35,13172.0
604881,2023-01-09,2537.9,2510.3,2559.85,2503.1,66267.0
604881,2022-11-03,2765.9,2748.5,2779.15,2732.25,21048.0
604881,2023-01-13,2525.05,2525.4,2540.05,2510.0,66481.0
604881,2022-11-16,2604.2,2677.0,2677.05,2579.0,59228.0
604881,2023-02-06,2799.35,2810.0,2830.0,2791.0,43018.0
604881,2022-11-30,2700.1,2702.0,2726.95,2690.0,63192.0
604881,2023-02-07,2790.45,2824.0,2827.25,2771.05,39809.0
604881,2022-12-23,2569.55,2624.65,2640.0,2531.3,45366.0
604881,2022-12-30,2564.95,2598.4,2626.4,2530.0,32195.0
604881,2023-01-25,2481.75,2472.5,2486.35,2428.0,25852.0
604881,2023-01-30,2644.8,2665.0,2693.0,2570.0,247229.0
604881,2022-04-19,1809.25,1765.5,1839.45,1757.05,187974.0
604881,2022-05-04,1902.3,1951.2,1967.05,1864.0,21749.0
604881,2022-05-12,1801.0,1804.0,1830.05,1782.65,40403.0
604881,2022-06-22,2096.15,2148.0,2148.0,2090.05,23687.0
604881,2022-06-30,2223.8,2165.0,2246.0,2127.85,42494.0
604881,2022-07-12,2332.35,2299.8,2340.0,2267.9,40298.0
604881,2022-07-27,2374.35,2332.9,2380.0,2325.0,47949.0
604881,2022-07-28,2374.85,2367.95,2390.1,2326.0,49780.0
604881,2022-08-08,2395.25,2378.05,2417.9,2363.3,27810.0
604881,2022-08-19,2512.4,2559.0,2563.35,2494.7,19387.0
604881,2022-10-06,2516.1,2446.8,2525.95,2439.55,56876.0
604881,2022-11-23,2702.95,2720.0,2720.0,2680.0,18480.0
604881,2022-12-07,2760.25,2789.0,2874.75,2730.0,102063.0
604881,2022-12-29,2584.8,2559.0,2617.35,2553.85,23058.0
604881,2023-01-02,2584.85,2569.45,2627.45,2569.45,116801.0
604881,2023-01-04,2582.75,2600.0,2611.45,2580.0,16707.0
604881,2023-02-10,2787.5,2839.0,2839.0,2765.0,95247.0
604881,2021-01-12,2007.15,2021.0,2031.0,1992.5,390610.0
604881,2021-01-18,2061.2,2110.0,2131.0,2050.0,20368.0
604881,2021-02-10,1962.6,1993.25,1993.3,1950.3,52338.0
604881,2021-03-26,1918.25,1898.8,1930.0,1890.0,54745.0
604881,2021-04-16,1901.1,1850.0,1922.95,1846.8,29968.0
604881,2021-04-30,1862.75,1878.8,1890.9,1856.15,10098.0
604881,2021-05-14,1875.95,1941.0,1950.45,1867.0,30054.0
604881,2021-05-18,1930.8,1914.0,1975.0,1906.9,43472.0
604881,2021-05-28,1952.65,1965.0,1965.0,1940.15,15590.0
604881,2021-07-12,2069.55,2090.0,2099.9,2041.8,32439.0
604881,2021-08-17,1991.15,2024.95,2024.95,1973.95,87642.0
604881,2021-08-18,1990.25,1985.25,2003.2,1962.2,16089.0
604881,2021-08-23,1928.55,1974.0,1988.95,1920.05,114414.0
604881,2021-10-06,1883.95,1980.0,1987.9,1874.95,109987.0
604881,2021-10-14,1887.2,1861.3,1907.85,1855.95,64179.0
604881,2021-10-25,1911.9,1948.0,1965.0,1902.0,36233.0
604881,2021-11-09,1906.25,1890.0,1915.0,1880.0,178687.0
604881,2021-12-03,1840.55,1864.95,1888.0,1825.0,29828.0
604881,2022-01-13,1869.7,1860.4,1886.0,1838.0,44304.0
604881,2022-03-10,1702.45,1729.5,1729.5,1675.65,49817.0
604881,2022-04-12,1719.45,1760.9,1762.0,1711.25,18847.0
604881,2022-05-31,2277.75,2082.6,2350.0,2082.6,443059.0
604881,2022-06-01,2276.95,2285.75,2328.9,2194.5,158349.0
604881,2022-07-08,2294.15,2320.0,2337.65,2279.65,73181.0
604881,2022-07-11,2303.7,2338.0,2349.0,2269.9,71259.0
604881,2022-07-20,2405.8,2460.0,2489.0,2383.45,81453.0
604881,2022-07-22,2399.65,2433.0,2448.95,2376.0,20669.0
604881,2022-07-26,2320.7,2389.0,2389.0,2307.0,57524.0
604881,2022-10-12,2556.55,2553.9,2587.25,2510.0,65754.0
604881,2022-11-11,2593.55,2642.6,2684.9,2570.0,33620.0
604881,2022-11-14,2731.75,2591.0,2821.25,2591.0,327346.0
604881,2022-11-15,2674.3,2764.95,2788.7,2658.2,74693.0
604881,2022-11-18,2659.05,2587.95,2702.4,2587.95,114997.0
604881,2023-02-01,2852.25,2743.5,2899.0,2742.9,200467.0
604881,2023-01-31,2747.45,2680.0,2911.25,2647.55,309178.0
604881,2023-02-09,2770.15,2791.4,2800.0,2755.0,27020.0
604881,2021-01-20,2182.65,2076.85,2224.0,2056.7,206918.0
604881,2021-02-01,1927.25,1955.0,1958.35,1920.0,19485.0
604881,2021-02-09,1993.45,1979.95,2025.0,1954.0,57399.0
604881,2021-02-25,1818.75,1817.0,1835.1,1786.45,116972.0
604881,2021-05-20,1966.65,1963.0,1975.0,1940.0,20772.0
604881,2021-06-03,1949.1,1944.0,1959.95,1931.15,22918.0
604881,2021-07-26,2001.65,2010.0,2039.0,1986.05,13727.0
604881,2021-07-27,2006.95,2015.0,2046.05,1991.0,15043.0
604881,2021-08-02,1964.75,2018.95,2019.0,1959.0,37629.0
604881,2021-08-06,1948.65,1951.0,1985.0,1937.05,8355.0
604881,2021-08-20,1960.1,1995.0,1995.0,1919.95,91109.0
604881,2021-09-14,2105.0,2097.0,2119.5,2060.0,30850.0
604881,2021-09-15,2141.3,2090.0,2198.35,2090.0,125695.0
604881,2021-10-27,1931.2,1906.85,1939.9,1902.1,39662.0
604881,2021-11-24,1867.55,1878.95,1890.05,1860.1,6571.0
604881,2022-01-12,1853.3,1837.2,1857.15,1824.15,125574.0
604881,2022-01-19,1889.8,1870.05,1907.9,1856.6,18655.0
604881,2022-02-09,1905.2,1929.0,1929.0,1896.55,9416.0
604881,2022-06-07,2157.25,2219.95,2222.65,2130.0,23731.0
604881,2022-10-13,2598.05,2550.0,2628.05,2550.0,69259.0
604881,2022-10-25,2648.35,2582.0,2676.35,2581.85,32094.0
604881,2022-11-21,2703.8,2676.3,2790.0,2662.55,86486.0
604881,2022-12-08,2832.4,2760.0,2848.7,2740.0,50553.0
604881,2022-12-14,2751.4,2750.15,2785.0,2740.0,26929.0
604881,2022-12-20,2739.25,2736.0,2768.0,2691.6,42620.0
604881,2023-02-03,2801.2,2798.8,2821.9,2755.55,89775.0
604881,2021-05-06,1843.15,1879.05,1879.35,1834.0,38468.0
604881,2021-05-25,1943.15,1982.05,1992.0,1911.55,30662.0
604881,2021-05-31,1926.65,1965.0,1965.0,1918.0,22131.0
604881,2021-06-17,1980.85,1996.0,2030.0,1970.0,50281.0
604881,2021-03-19,1869.35,1838.9,1875.0,1793.25,36645.0
604881,2021-07-23,2023.55,2047.45,2047.45,2015.0,6170.0
604881,2021-03-31,2052.7,1974.6,2095.0,1971.05,92875.0
604881,2021-08-27,1932.9,1927.0,1945.55,1920.0,5584.0
604881,2021-06-14,1963.85,1989.0,1989.0,1951.3,36941.0
604881,2021-09-17,2097.75,2100.0,2114.25,2077.25,35722.0
604881,2021-10-05,1935.95,1956.95,1956.95,1915.15,393459.0
604881,2021-06-22,2028.35,2040.0,2042.0,1991.15,32529.0
604881,2021-10-18,1915.85,1893.95,1921.0,1890.1,79691.0
604881,2021-09-06,2077.85,2113.0,2145.0,2061.0,37245.0
604881,2021-11-22,1878.15,1890.0,1893.7,1829.7,38524.0
604881,2021-11-23,1857.35,1850.0,1879.05,1845.0,20837.0
604881,2021-10-12,1852.85,1884.0,1900.05,1850.0,133828.0
604881,2021-12-13,1864.0,1873.7,1894.0,1854.8,25178.0
604881,2021-10-19,1910.6,1926.0,1926.0,1895.05,360471.0
604881,2021-12-23,1835.15,1818.0,1842.8,1818.0,12887.0
604881,2021-11-03,1879.8,1974.9,1974.9,1873.05,41005.0
604881,2022-01-05,1835.7,1856.3,1866.75,1820.0,19151.0
604881,2022-02-10,1883.5,1900.0,1904.8,1837.15,117775.0
604881,2022-01-10,1838.25,1826.0,1856.0,1821.55,27324.0
604881,2022-02-03,1863.15,1918.0,1925.85,1859.55,13378.0
604881,2022-02-16,1806.95,1878.0,1878.0,1791.05,125887.0
604881,2022-02-23,1721.9,1775.0,1775.0,1712.0,192514.0
604881,2022-06-10,2095.75,2081.5,2142.05,2055.0,119963.0
604881,2022-03-30,1604.0,1644.95,1652.6,1581.2,51083.0
604881,2022-06-21,2140.25,2108.0,2151.25,2095.0,15792.0
604881,2022-04-01,1637.2,1631.2,1656.8,1612.4,72422.0
604881,2022-06-23,2126.0,2107.1,2167.0,2091.85,114408.0
604881,2022-08-01,2474.65,2412.35,2497.0,2401.0,108661.0
604881,2022-05-02,1941.0,1940.0,2020.0,1920.0,159963.0
604881,2022-05-26,2056.1,1902.0,2079.85,1902.0,651896.0
604881,2022-08-24,2561.6,2524.75,2577.55,2490.2,56066.0
604881,2022-05-30,2101.7,2098.0,2119.45,2072.55,42576.0
604881,2022-08-29,2523.85,2445.0,2542.0,2445.0,26118.0
604881,2022-07-18,2361.85,2308.8,2383.3,2301.35,73317.0
604881,2022-09-05,2585.75,2620.0,2687.35,2561.1,97477.0
604881,2022-08-03,2489.75,2500.0,2508.5,2446.0,50364.0
604881,2022-08-10,2582.0,2490.0,2650.0,2479.3,567161.0
604881,2022-10-11,2553.9,2565.0,2602.55,2510.0,83164.0
604881,2022-08-16,2552.7,2578.85,2578.85,2505.0,73093.0
604881,2022-10-21,2606.35,2568.05,2628.0,2568.05,30361.0
604881,2022-08-23,2509.75,2480.0,2532.2,2466.7,35292.0
604881,2022-11-25,2639.9,2685.0,2696.75,2627.0,38478.0
604881,2021-01-07,1967.2,1987.7,2010.1,1958.0,83202.0
604881,2021-02-18,1931.35,1915.0,1971.7,1905.25,43115.0
604881,2021-03-09,1939.7,1925.0,1946.95,1904.7,194412.0
604881,2021-04-01,2053.35,2084.55,2084.55,1989.8,115870.0
604881,2021-04-05,1980.6,2054.0,2060.0,1975.0,25054.0
604881,2021-04-20,1856.75,1865.0,1892.95,1830.0,24855.0
604881,2021-05-21,1985.0,1975.0,1995.0,1961.0,22195.0
604881,2021-06-02,1934.7,1932.0,1940.0,1908.45,20676.0
604881,2021-06-08,1973.2,1929.0,2044.75,1929.0,104750.0
604881,2021-06-18,1983.2,1999.9,2007.95,1953.0,25222.0
604881,2021-07-20,2041.55,2058.5,2062.6,2025.6,14642.0
604881,2021-08-03,1995.05,1970.9,2020.0,1962.05,11767.0
604881,2021-08-24,1925.05,1928.55,1937.9,1897.05,40076.0
604881,2021-09-20,2061.7,2095.3,2110.15,2042.85,31105.0
604881,2021-09-22,2025.8,2054.3,2079.85,2010.0,38291.0
604881,2021-09-30,1955.3,1944.95,1968.5,1910.9,31905.0
604881,2021-11-01,1937.6,1917.65,1948.7,1894.0,16174.0
604881,2021-11-04,1905.9,1899.0,1919.0,1892.4,1713.0
604881,2021-12-31,1872.45,1806.5,1883.95,1806.5,31290.0
604881,2022-01-06,1833.2,1854.0,1863.0,1812.05,11660.0
604881,2022-02-22,1766.15,1765.0,1777.95,1725.0,32299.0
604881,2022-03-08,1635.75,1575.0,1688.0,1570.85,48318.0
604881,2022-03-09,1672.6,1635.0,1688.0,1590.05,42298.0
604881,2021-01-11,2021.05,2025.0,2031.35,2000.05,16206.0
604881,2021-01-25,1984.1,2085.0,2085.0,1979.0,37631.0
604881,2021-02-02,1939.3,1955.0,1960.55,1935.05,34268.0
604881,2021-02-03,1965.3,1947.0,2015.0,1912.0,57501.0
604881,2021-02-11,1951.0,1962.6,1981.45,1942.9,22701.0
604881,2021-02-22,1857.05,1869.75,1880.05,1830.0,65689.0
604881,2021-03-03,1834.65,1844.0,1877.65,1815.75,1007114.0
604881,2021-04-06,1974.8,1999.0,1999.0,1941.3,27409.0
604881,2021-05-11,1843.4,1814.15,1866.0,1814.15,43743.0
604881,2021-06-04,1929.15,1941.8,1975.0,1920.0,13312.0
604881,2021-06-11,1963.4,1980.0,1982.2,1940.25,16674.0
604881,2021-07-05,2150.05,2151.05,2169.6,2126.15,35632.0
604881,2021-07-14,2066.5,2120.0,2129.95,2055.0,27576.0
604881,2021-07-16,2046.7,2029.9,2083.45,2016.3,24801.0
604881,2021-07-19,2062.6,2049.95,2077.0,2026.0,10598.0
604881,2021-08-11,1949.0,1961.0,1986.0,1941.0,19359.0
604881,2021-08-16,2007.6,1965.0,2040.0,1928.1,211880.0
604881,2021-08-26,1938.9,1944.0,1945.85,1926.3,31398.0
604881,2021-09-03,2097.05,2001.0,2108.9,2001.0,225594.0
604881,2021-12-01,1880.6,1908.0,1925.0,1866.9,117133.0
604881,2022-02-01,1953.9,1889.0,2000.0,1873.9,75653.0
604881,2022-02-07,1873.35,1835.4,1890.0,1835.4,11612.0
604881,2022-02-17,1796.75,1806.95,1814.85,1785.0,26128.0
604881,2022-02-18,1784.35,1804.9,1804.9,1771.05,26548.0
604881,2022-03-17,1749.05,1752.95,1784.4,1717.0,24106.0
604881,2022-04-06,1709.6,1698.0,1713.85,1686.3,173296.0
604881,2022-04-21,1890.85,1816.0,1910.0,1800.15,204493.0
604881,2022-06-24,2179.6,2151.0,2211.15,2126.1,60023.0
604881,2022-07-06,2350.15,2255.0,2369.9,2234.0,84348.0
604881,2022-07-13,2264.9,2334.2,2335.6,2251.25,263943.0
604881,2022-08-04,2443.05,2489.95,2501.75,2407.25,179243.0
604881,2022-08-30,2607.55,2569.8,2623.8,2513.6,65298.0
604881,2022-09-22,2602.0,2629.8,2661.0,2572.25,48043.0
604881,2022-12-06,2781.85,2730.0,2794.0,2730.0,36841.0
604881,2022-12-15,2706.55,2735.0,2764.25,2690.0,16375.0
604881,2023-01-19,2436.2,2403.8,2497.0,2383.5,185024.0
604881,2023-02-13,2797.55,2815.8,2815.8,2782.0,41698.0
604881,2023-02-14,2799.45,2812.3,2830.0,2755.0,57647.0
604881,2021-01-13,2065.8,2022.0,2105.6,2013.75,127499.0
604881,2021-01-15,2099.9,2070.7,2122.25,2056.05,31862.0
604881,2021-01-19,2071.85,2047.05,2091.9,2047.05,51696.0
604881,2021-02-12,1967.15,1933.0,1978.0,1931.95,33698.0
604881,2021-02-26,1819.25,1803.0,1823.1,1785.75,54714.0
604881,2021-03-30,1974.6,1928.25,2000.0,1920.05,60060.0
604881,2021-04-29,1880.15,1920.0,1931.65,1870.0,11826.0
604881,2021-05-07,1829.0,1834.05,1858.3,1825.0,26022.0
604881,2021-05-24,1957.6,2002.0,2002.0,1941.05,19576.0
604881,2021-06-10,1957.4,1971.0,1988.0,1946.0,24963.0
604881,2021-06-28,2141.15,2135.0,2169.0,2110.0,55567.0
604881,2021-07-06,2166.0,2155.0,2188.95,2143.2,21313.0
604881,2021-08-30,1962.85,1963.45,1996.95,1940.0,16088.0
604881,2021-10-01,1928.9,1939.5,1948.6,1921.0,11349.0
604881,2021-10-04,1940.7,1941.75,1954.95,1922.25,23893.0
604881,2021-12-17,1826.25,1825.7,1828.9,1793.0,9230.0
604881,2022-01-07,1840.0,1816.5,1855.0,1816.5,16935.0
604881,2022-01-20,1891.05,1892.55,1902.5,1857.15,13797.0
604881,2022-01-21,1899.0,1889.95,1910.0,1863.05,45811.0
604881,2022-02-08,1897.5,1873.4,1900.0,1873.3,34900.0
604881,2022-02-25,1639.45,1632.2,1669.0,1625.0,110582.0
604881,2022-02-28,1624.2,1622.0,1639.0,1582.9,68864.0
604881,2022-03-24,1708.3,1692.5,1740.85,1691.05,16782.0
604881,2022-04-25,1870.6,1883.0,1883.0,1823.8,390236.0
604881,2022-04-29,1937.4,1893.0,1951.0,1881.1,45950.0
604881,2022-05-09,1843.35,1894.8,1909.9,1823.15,28467.0
604881,2022-05-10,1857.25,1826.6,1895.0,1820.0,39756.0
604881,2022-05-16,1769.9,1822.9,1849.0,1757.5,14235.0
604881,2022-06-06,2208.5,2256.95,2273.5,2195.25,20689.0
604881,2022-06-13,2059.75,2085.0,2089.0,2032.55,42821.0
604881,2022-07-05,2271.5,2369.9,2369.9,2251.0,197053.0
604881,2022-07-19,2433.6,2369.0,2458.0,2361.85,119553.0
604881,2022-09-06,2520.4,2594.8,2594.8,2511.05,77255.0
604881,2022-09-15,2523.65,2608.0,2608.0,2506.0,30084.0
604881,2022-09-27,2507.35,2552.0,2552.0,2455.0,88820.0
604881,2022-09-30,2509.2,2518.25,2525.0,2469.65,95227.0
604881,2022-10-18,2603.1,2605.8,2627.25,2560.6,48414.0
604881,2022-11-28,2654.95,2636.0,2673.2,2615.95,46810.0
604881,2021-01-05,2011.6,2050.0,2050.9,1985.0,33328.0
604881,2021-02-24,1799.95,1842.0,1866.95,1781.0,36544.0
604881,2021-03-04,1898.9,1850.0,1970.0,1846.35,317142.0
604881,2021-03-05,1898.45,1903.0,1926.7,1875.9,91121.0
604881,2021-03-10,1918.35,1944.0,1950.0,1906.0,75900.0
604881,2021-03-23,1901.75,1921.0,1921.0,1882.1,46351.0
604881,2021-03-24,1876.7,1865.0,1898.0,1847.0,73350.0
604881,2021-04-15,1856.8,1885.8,1885.8,1850.0,15553.0
604881,2021-06-29,2149.85,2126.0,2174.0,2101.65,35848.0
604881,2021-07-01,2114.0,2179.5,2179.5,2095.0,19283.0
604881,2021-07-09,2073.6,2139.95,2148.75,2062.35,76156.0
604881,2021-08-05,1948.7,2011.45,2011.45,1945.0,12843.0
604881,2021-09-09,2092.6,2058.0,2100.0,2035.05,22274.0
604881,2021-12-16,1816.1,1830.5,1832.0,1810.0,17423.0
604881,2021-12-30,1823.1,1800.0,1834.0,1800.0,9511.0
604881,2022-01-17,1922.6,1875.0,1944.0,1863.05,42766.0
604881,2022-01-25,1890.15,1902.0,1918.0,1868.0,33886.0
604881,2022-02-02,1917.9,1940.0,1962.6,1903.0,68980.0
604881,2022-03-02,1604.6,1605.5,1628.35,1595.05,34344.0
604881,2022-04-11,1751.65,1706.6,1759.95,1703.75,232704.0
604881,2022-04-26,1870.6,1880.4,1928.9,1827.15,60768.0
604881,2022-07-01,2212.15,2233.8,2242.45,2170.2,42620.0
604881,2022-08-18,2540.6,2504.05,2580.0,2504.05,62920.0
604881,2022-09-07,2507.05,2540.0,2550.0,2469.8,55307.0
604881,2022-09-09,2548.75,2538.85,2569.95,2536.1,23519.0
604881,2022-10-10,2542.5,2502.8,2555.0,2490.05,83690.0
604881,2022-10-14,2598.35,2600.55,2618.2,2580.0,71947.0
604881,2022-12-16,2672.4,2679.5,2708.1,2606.65,66305.0
604881,2021-02-05,1999.75,2068.0,2069.95,1992.5,11228.0
604881,2021-02-08,1978.7,2020.0,2021.9,1970.0,24875.0
604881,2021-03-02,1819.25,1808.0,1823.9,1791.55,38165.0
604881,2021-03-08,1917.3,1915.3,1938.0,1890.05,100843.0
604881,2021-03-15,1900.95,1945.0,1949.7,1890.0,82784.0
604881,2021-03-17,1888.9,1908.0,1908.0,1875.0,31851.0
604881,2021-03-18,1838.9,1889.9,1909.95,1815.0,113070.0
604881,2021-04-07,1961.9,1975.0,1985.2,1952.0,21309.0
604881,2021-04-19,1861.1,1879.0,1900.0,1840.0,16379.0
604881,2021-05-17,1924.4,1895.0,1939.0,1872.8,22200.0
604881,2021-05-26,1899.7,1925.0,1925.0,1882.0,92559.0
604881,2021-06-25,2116.5,2090.0,2135.0,2055.25,46895.0
604881,2021-10-07,1883.1,1929.0,1929.2,1876.15,34056.0
604881,2021-10-13,1850.9,1880.0,1880.0,1840.0,409108.0
604881,2021-12-08,1861.05,1860.0,1875.0,1847.85,28340.0
604881,2021-12-10,1863.85,1867.7,1908.35,1859.9,18407.0
604881,2022-01-24,1890.65,1895.0,1908.85,1881.7,15327.0
604881,2022-01-31,1889.0,1877.95,1899.7,1860.1,20226.0
604881,2022-03-25,1684.4,1716.8,1716.8,1678.05,48091.0
604881,2022-03-29,1638.35,1651.15,1667.1,1622.5,194075.0
604881,2022-04-04,1673.75,1645.0,1700.0,1633.85,152318.0
604881,2022-04-18,1756.3,1749.25,1766.65,1720.25,17395.0
604881,2022-05-17,1800.15,1779.2,1815.45,1763.65,38139.0
604881,2022-07-14,2316.75,2268.05,2328.75,2243.25,141751.0
604881,2022-08-22,2500.05,2519.1,2525.6,2450.0,34835.0
604881,2022-09-02,2596.65,2602.0,2620.0,2551.0,59496.0
604881,2022-09-20,2679.35,2594.0,2712.95,2564.4,94713.0
604881,2022-09-21,2623.4,2715.0,2723.9,2599.05,68586.0
604881,2022-09-23,2615.75,2607.6,2630.9,2592.7,48936.0
604881,2022-09-28,2473.6,2480.0,2497.4,2420.0,66003.0
604881,2022-10-27,2672.4,2649.95,2718.85,2635.15,81052.0
604881,2023-01-06,2510.3,2589.0,2598.95,2503.0,182681.0
604881,2023-01-11,2533.1,2521.25,2551.45,2509.25,68659.0
604881,2023-01-12,2529.4,2546.0,2565.1,2517.0,85928.0
604881,2022-03-15,1705.1,1707.8,1743.9,1666.65,17102.0
604881,2022-04-08,1703.7,1715.0,1715.0,1690.0,315359.0
604881,2022-04-20,1806.5,1826.2,1870.0,1781.95,37473.0
604881,2022-04-28,1909.7,1909.0,1949.0,1887.15,28105.0
604881,2022-07-04,2369.15,2212.15,2428.85,2210.95,207190.0
604881,2022-08-05,2378.9,2443.0,2449.65,2358.0,137824.0
604881,2022-09-08,2538.85,2549.0,2559.95,2489.3,47774.0
604881,2022-09-19,2571.55,2533.95,2583.85,2511.35,24995.0
604881,2022-10-19,2604.35,2603.1,2634.0,2590.0,19388.0
604881,2022-11-04,2739.85,2751.25,2771.75,2730.1,10491.0
604881,2022-11-10,2629.45,2620.0,2688.95,2612.25,25442.0
604881,2022-12-19,2721.95,2651.0,2730.0,2648.1,27012.0
604881,2022-12-26,2605.15,2515.05,2619.0,2493.3,28176.0
604881,2023-01-05,2595.3,2593.05,2624.0,2520.0,62095.0
604881,2022-08-25,2593.35,2575.0,2627.95,2554.75,51704.0
604881,2022-10-20,2584.6,2585.0,2654.0,2560.25,28674.0
604881,2022-10-24,2605.1,2623.0,2623.95,2589.95,2372.0
604881,2022-11-29,2699.8,2654.0,2708.95,2653.2,92096.0
604881,2022-12-09,2752.55,2858.0,2870.0,2732.0,46526.0
604881,2022-12-22,2648.7,2699.0,2708.25,2620.1,48950.0
604881,2023-01-23,2452.1,2429.4,2460.0,2420.65,28432.0
604881,2022-12-13,2750.15,2778.0,2792.75,2735.0,33105.0
604881,2022-12-28,2575.7,2589.7,2630.3,2540.0,47328.0
604881,2023-01-24,2459.55,2445.0,2485.9,2440.0,28053.0
604881,2023-02-02,2788.8,2830.5,2852.25,2765.0,65781.0
604881,2022-12-02,2761.85,2739.95,2777.95,2714.35,91063.0
604881,2023-01-10,2516.05,2537.9,2587.1,2481.25,201397.0
604881,2023-01-20,2424.4,2431.0,2440.0,2390.15,44400.0
604881,2023-01-27,2598.75,2495.0,2625.0,2445.0,256372.0
604881,2023-02-08,2776.75,2787.6,2821.15,2740.0,77186.0
604881,2023-01-17,2460.25,2491.9,2501.0,2441.4,24095.0
604881,2023-01-18,2414.35,2450.0,2453.1,2405.0,70701.0
604881,2021-01-21,2193.5,2200.0,2234.0,2165.0,171124.0
604881,2021-01-22,2077.6,2193.5,2218.0,2050.05,42449.0
604881,2021-02-04,2041.3,1984.0,2079.85,1984.0,72775.0
604881,2021-03-12,1930.3,1910.0,1949.0,1880.9,179507.0
604881,2021-05-05,1879.05,1884.0,1891.55,1856.2,29308.0
604881,2021-05-12,1920.75,1825.5,1949.7,1825.5,143078.0
604881,2021-06-16,1987.9,1975.0,2000.0,1955.0,85356.0
604881,2021-08-04,1985.9,2001.5,2029.0,1965.05,14884.0
604881,2021-08-12,1949.1,1951.0,2000.0,1945.0,54800.0
604881,2021-10-22,1937.55,1890.0,1947.0,1890.0,69944.0
604881,2021-11-18,1889.75,1886.75,1905.0,1861.0,11278.0
604881,2021-12-20,1800.8,1830.0,1830.0,1783.4,21812.0
604881,2022-01-14,1870.4,1864.65,1890.0,1852.0,13833.0
604881,2022-02-04,1852.2,1863.15,1880.8,1824.35,89124.0
604881,2022-02-11,1865.35,1840.0,1877.05,1840.0,47284.0
604881,2022-03-14,1690.0,1693.0,1698.0,1654.85,24127.0
604881,2022-04-27,1899.3,1853.6,1916.05,1840.1,20492.0
604881,2022-05-05,1909.5,1912.3,1943.7,1887.35,110762.0
604881,2022-05-20,1791.05,1800.3,1817.15,1773.55,72631.0
604881,2022-05-24,1882.3,1897.0,1928.35,1854.1,24400.0
604881,2022-06-08,2169.6,2157.0,2185.45,2134.05,92401.0
604881,2022-07-07,2309.9,2398.4,2398.4,2289.0,173833.0
604881,2022-08-17,2504.05,2576.35,2576.35,2491.55,58430.0
604881,2022-10-04,2442.95,2479.4,2519.0,2406.1,161740.0
604881,2022-10-07,2525.8,2499.65,2539.0,2469.2,68268.0
604881,2022-11-07,2716.45,2745.0,2775.0,2700.55,22241.0
604881,2022-11-09,2638.45,2705.0,2724.85,2620.0,21737.0
604881,2022-11-22,2723.9,2717.35,2743.95,2681.3,34809.0
604881,2023-02-23,2702.8,2694.0,2740.0,2656.0,49139.0
604881,2023-03-03,2685.2,2691.0,2709.0,2670.3,20017.0
604881,2023-05-02,2777.6,2718.75,2785.45,2718.75,43262.0
604881,2023-03-16,2726.95,2765.0,2768.95,2712.6,25162.0
604881,2023-03-21,2751.15,2771.0,2779.05,2642.7,57133.0
604881,2023-03-24,2843.05,2823.35,2894.0,2803.9,62368.0
604881,2023-04-11,2925.1,2909.8,2958.0,2896.0,83990.0
604881,2023-05-03,2824.9,2785.0,2838.9,2765.85,46560.0
604881,2023-02-27,2675.95,2700.05,2727.65,2656.0,74004.0
604881,2023-02-20,2710.1,2779.95,2795.95,2700.0,73766.0
604881,2023-03-14,2774.4,2785.1,2820.0,2746.75,44985.0
604881,2023-03-31,2903.1,2920.0,2960.0,2887.95,61802.0
604881,2023-04-10,2895.85,2939.75,2957.8,2880.15,22296.0
604881,2023-05-12,2743.3,2735.3,2760.0,2691.0,77774.0
604881,2023-06-02,3058.35,3033.25,3074.0,2994.35,85352.0
604881,2023-06-27,3299.15,3319.05,3327.4,3237.0,47074.0
604881,2023-07-03,3155.85,3205.0,3216.55,3133.2,91367.0
604881,2023-07-31,3458.35,3532.4,3564.0,3434.0,111334.0
604881,2023-08-03,3418.4,3468.0,3555.0,3400.05,278882.0
604881,2023-08-14,3624.3,3610.0,3668.55,3545.0,42192.0
604881,2023-03-23,2823.35,2789.0,2864.3,2766.7,57601.0
604881,2023-05-16,2783.35,2752.5,2809.95,2743.35,57191.0
604881,2023-04-12,2906.05,2927.0,2962.15,2892.0,31165.0
604881,2023-05-25,2909.75,2938.0,2958.0,2869.2,68916.0
604881,2023-04-17,2878.3,2885.1,2925.0,2860.05,20382.0
604881,2023-04-26,2714.95,2689.0,2755.0,2670.0,43496.0
604881,2023-06-07,3142.55,3112.0,3165.0,3095.45,165294.0
604881,2023-06-12,3267.45,3225.25,3278.5,3196.3,63611.0
604881,2023-06-14,3293.55,3258.3,3319.05,3250.4,41423.0
604881,2023-06-28,3260.15,3311.85,3330.55,3240.0,100426.0
604881,2023-08-07,3540.3,3449.0,3565.0,3425.6,88846.0
604881,2023-02-22,2702.25,2724.95,2735.9,2671.35,35686.0
604881,2023-04-03,2954.8,2918.4,2968.55,2886.0,89829.0
604881,2023-05-09,2698.05,2735.05,2745.05,2691.0,26276.0
604881,2023-06-15,3327.55,3293.55,3380.0,3289.65,108137.0
604881,2023-06-22,3320.9,3374.15,3383.15,3295.0,25198.0
604881,2023-08-02,3464.55,3380.0,3509.0,3380.0,291605.0
604881,2023-08-10,3587.35,3603.2,3625.95,3550.0,42617.0
604881,2023-08-17,3534.45,3599.9,3621.7,3510.0,26962.0
604881,2023-03-22,2791.8,2765.6,2799.0,2722.5,39483.0
604881,2023-03-29,2905.4,2879.0,2936.0,2861.0,92090.0
604881,2023-04-05,2965.7,2960.0,2988.0,2934.05,68485.0
604881,2023-04-27,2696.4,2724.95,2748.0,2670.1,51163.0
604881,2023-05-17,2800.7,2793.85,2809.0,2763.25,51925.0
604881,2023-06-01,3030.0,3058.0,3089.0,3001.3,159497.0
604881,2023-06-13,3258.3,3270.35,3302.85,3242.25,45491.0
604881,2023-06-16,3477.0,3363.3,3498.95,3345.6,198149.0
604881,2023-06-21,3357.5,3358.7,3398.0,3311.6,110978.0
604881,2023-07-12,3328.45,3343.15,3373.0,3287.1,34517.0
604881,2023-08-01,3376.35,3469.95,3520.0,3326.0,91683.0
604881,2023-08-16,3598.9,3624.3,3640.0,3580.0,34316.0
604881,2023-03-27,2890.95,2865.6,2940.0,2829.0,132102.0
604881,2023-04-13,2882.55,2911.0,2929.2,2851.55,70530.0
604881,2023-04-21,2779.8,2754.0,2804.9,2750.0,50559.0
604881,2023-05-10,2708.1,2697.05,2732.0,2664.45,76226.0
604881,2023-07-07,3207.75,3233.0,3248.5,3181.05,86116.0
604881,2023-07-14,3363.35,3370.0,3392.0,3341.0,29775.0
604881,2023-07-25,3493.45,3569.9,3569.9,3461.55,32432.0
604881,2023-07-28,3513.95,3497.65,3548.85,3467.05,58823.0
604881,2023-02-21,2728.2,2711.0,2743.0,2663.0,80724.0
604881,2023-02-16,2783.8,2834.95,2849.9,2776.1,52013.0
604881,2023-05-19,2824.6,2861.0,2875.0,2813.3,77832.0
604881,2023-02-15,2818.25,2809.7,2828.2,2785.15,40772.0
604881,2023-04-25,2689.5,2741.95,2766.4,2678.85,68130.0
604881,2023-03-17,2803.75,2721.05,2829.9,2721.05,45954.0
604881,2023-03-20,2751.15,2752.0,2803.75,2731.05,23136.0
604881,2023-03-28,2879.25,2890.95,2924.05,2837.1,58901.0
604881,2023-04-18,2792.85,2898.3,2940.3,2772.0,51436.0
604881,2023-04-19,2745.8,2787.85,2817.0,2732.6,62438.0
604881,2023-05-30,2971.75,2798.95,3033.9,2791.35,409001.0
604881,2023-07-20,3512.8,3526.85,3548.0,3458.5,91187.0
604881,2023-07-26,3481.85,3505.0,3586.8,3461.1,67733.0
604881,2023-08-04,3412.65,3449.0,3464.8,3397.4,49908.0
604881,2023-08-18,3623.45,3550.0,3660.0,3517.45,76057.0
604881,2023-08-21,3609.65,3629.95,3661.7,3582.3,130970.0
604881,2023-08-23,3639.8,3605.0,3650.0,3598.15,31723.0
604881,2023-03-09,2752.3,2790.0,2824.95,2733.35,45857.0
604881,2023-04-06,2933.95,2952.3,2967.1,2927.15,34821.0
604881,2023-05-05,2747.4,2782.0,2820.0,2740.0,24568.0
604881,2023-05-24,2938.95,2925.3,2945.0,2889.1,66378.0
604881,2023-05-26,2800.45,2920.25,2960.0,2790.05,317003.0
604881,2023-06-23,3311.6,3355.95,3375.0,3283.35,46388.0
604881,2023-06-30,3200.45,3251.2,3291.8,3180.0,90316.0
604881,2023-07-04,3136.4,3187.0,3190.0,3100.75,148399.0
604881,2023-07-13,3360.55,3342.0,3402.35,3314.45,61344.0
604881,2023-08-11,3600.65,3585.0,3645.0,3580.0,129974.0
604881,2023-05-29,2789.75,2834.0,2845.35,2761.0,255424.0
604881,2023-06-09,3223.2,3125.35,3236.0,3125.35,194832.0
604881,2023-07-05,3180.85,3161.75,3265.0,3143.3,112014.0
604881,2023-07-17,3359.25,3359.95,3380.0,3328.5,38872.0
604881,2023-02-17,2777.0,2787.3,2788.75,2760.0,27257.0
604881,2023-03-02,2684.1,2690.0,2710.45,2672.2,22094.0
604881,2023-04-20,2746.2,2759.95,2780.0,2734.0,44180.0
604881,2023-04-24,2727.9,2779.95,2820.05,2712.05,112380.0
604881,2023-05-23,2925.3,2890.6,2934.0,2873.0,66265.0
604881,2023-05-31,3064.7,2982.0,3094.7,2950.0,273424.0
604881,2023-08-08,3560.85,3569.0,3569.95,3535.0,173074.0
604881,2023-03-01,2706.8,2651.0,2714.0,2651.0,48734.0
604881,2023-04-28,2718.75,2710.0,2734.0,2620.0,100289.0
604881,2023-05-15,2752.5,2745.0,2760.0,2711.9,29899.0
604881,2023-07-19,3526.85,3535.0,3556.75,3493.0,157227.0
604881,2023-05-04,2801.45,2824.05,2840.0,2787.15,55107.0
604881,2023-05-11,2721.35,2718.0,2739.0,2687.15,48640.0
604881,2023-06-05,3100.55,3085.0,3117.0,3002.0,180695.0
604881,2023-07-10,3190.55,3214.95,3235.25,3182.0,37082.0
604881,2023-07-11,3334.75,3193.0,3357.55,3191.05,131810.0
604881,2023-07-21,3512.65,3515.0,3550.45,3478.05,78244.0
604881,2023-07-27,3497.65,3490.05,3525.75,3477.0,35807.0
604881,2023-08-09,3598.45,3570.0,3642.8,3550.0,114841.0
604881,2023-02-24,2720.35,2687.0,2732.0,2687.0,36884.0
604881,2023-02-28,2650.65,2687.0,2719.0,2640.0,129408.0
604881,2023-05-22,2890.6,2832.95,2898.9,2825.0,63594.0
604881,2023-06-08,3122.95,3140.25,3140.25,3100.0,136991.0
604881,2023-06-19,3401.5,3460.0,3460.0,3392.0,72430.0
604881,2023-06-26,3319.05,3346.55,3363.7,3304.0,26144.0
604881,2023-03-10,2800.35,2760.0,2829.85,2753.05,97238.0
604881,2023-03-15,2770.5,2775.0,2801.8,2735.3,34167.0
604881,2023-05-08,2739.3,2765.0,2788.05,2721.0,28722.0
604881,2023-05-18,2855.8,2809.0,2900.0,2801.1,124624.0
604881,2023-03-06,2706.05,2690.0,2735.35,2675.0,75495.0
604881,2023-03-08,2774.4,2706.0,2807.0,2703.0,111573.0
604881,2023-03-13,2796.15,2800.35,2810.0,2765.5,43954.0
604881,2023-06-06,3112.9,3112.25,3146.3,3091.9,111422.0
604881,2023-06-20,3355.45,3383.1,3416.3,3324.0,40650.0
604881,2023-07-06,3214.75,3214.7,3230.0,3175.0,89768.0
604881,2023-07-18,3493.9,3359.25,3570.0,3359.25,170023.0
604881,2023-07-24,3555.95,3530.95,3617.6,3509.55,42016.0
604881,2023-08-22,3597.35,3609.65,3642.0,3575.0,39578.0
