stockid,date,close,open,high,low,volume
655900,2021-01-13,110.517,112.53,113.751,109.065,9243371.0
655900,2021-01-21,101.871,104.61,105.732,101.046,10064192.0
655900,2021-01-27,99.726,100.716,101.508,97.185,9646158.0
655900,2021-02-15,139.062,136.554,148.5,134.607,108609405.0
655900,2021-03-05,148.797,150.216,155.991,147.84,12644181.0
655900,2021-03-18,142.65900000000002,146.52,148.17000000000002,140.085,8356936.0
655900,2021-04-13,139.656,132.462,140.382,132.462,19359300.0
655900,2021-04-27,142.329,140.712,142.89,139.788,6813545.0
655900,2021-06-08,166.55100000000002,168.102,169.224,165.66,9878385.0
655900,2021-06-09,163.152,167.40900000000002,167.574,161.04000000000002,12128919.0
655900,2021-06-18,156.354,159.06,159.88500000000002,150.282,12008278.0
655900,2021-06-25,156.18900000000002,156.09,158.92800000000005,155.562,5305993.0
655900,2021-08-09,152.394,158.00400000000002,158.00400000000002,150.018,10617093.0
655900,2021-09-07,139.92000000000002,141.57,142.098,138.6,7288280.0
655900,2021-11-24,150.744,151.272,154.671,147.18,5283235.0
655900,2022-01-14,122.463,128.667,133.518,120.549,44773438.0
655900,2022-02-08,117.447,119.922,121.605,116.523,6548558.0
655900,2021-01-05,111.045,107.679,111.804,106.92,15590939.0
655900,2021-01-20,104.445,105.6,106.26,102.663,16354633.0
655900,2021-02-23,144.90300000000002,142.791,147.015,141.735,17967193.0
655900,2021-04-16,139.887,138.237,141.768,136.62,12060843.0
655900,2021-07-08,153.15300000000002,155.1,156.684,151.14,13081789.0
655900,2021-08-25,139.524,138.10500000000002,141.735,137.973,11212577.0
655900,2021-08-27,141.405,140.58,142.494,139.68900000000002,9063563.0
655900,2021-09-15,150.645,148.005,151.041,146.322,9608983.0
655900,2021-10-06,147.675,150.48000000000002,151.371,146.982,4650987.0
655900,2021-10-11,158.796,159.39,164.802,156.75,17200235.0
655900,2021-11-18,156.84900000000002,161.23800000000003,161.27100000000002,155.793,6882529.0
655900,2021-12-10,151.008,148.83,152.691,148.731,6070051.0
655900,2021-02-02,103.15800000000002,102.069,104.577,100.782,12665368.0
655900,2021-02-03,104.544,104.412,107.217,103.059,15575676.0
655900,2021-02-05,103.191,104.973,105.831,101.508,8334304.0
655900,2021-02-25,144.04500000000002,144.672,147.048,142.89,12091445.0
655900,2021-03-25,129.393,133.32,135.267,123.42,25635148.0
655900,2021-03-30,133.386,132.52800000000002,137.115,132.132,15231406.0
655900,2021-04-01,138.897,133.98000000000002,140.184,133.65,13438282.0
655900,2021-04-07,141.339,136.62,141.9,135.63,11889150.0
655900,2021-04-12,132.462,135.168,137.049,129.096,13253467.0
655900,2021-05-12,155.69400000000002,153.45000000000002,159.45600000000002,151.8,17191799.0
655900,2021-05-20,157.674,160.24800000000002,161.27100000000002,154.11,12148975.0
655900,2021-06-04,166.353,166.32000000000002,167.64,162.03,30126712.0
655900,2021-06-16,161.964,162.36,167.83800000000002,160.875,18761186.0
655900,2021-06-28,155.298,156.75,157.57500000000002,154.671,4375888.0
655900,2021-06-29,156.09,157.08,161.535,155.496,29197466.0
655900,2021-07-16,161.139,160.677,161.70000000000002,160.05,3064122.0
655900,2021-07-28,151.074,152.13,152.427,147.675,7116435.0
655900,2021-09-27,154.11,148.5,154.704,148.302,9814901.0
655900,2021-09-29,151.701,151.14,152.98800000000003,147.609,7217313.0
655900,2021-10-25,147.312,152.394,152.98800000000003,145.464,6855152.0
655900,2021-11-22,150.546,159.88500000000002,160.644,147.84,9320983.0
655900,2021-12-07,144.606,141.537,145.002,141.27300000000002,3518721.0
655900,2022-01-18,121.176,126.291,126.291,120.45,9253618.0
655900,2022-02-16,111.54,114.18,114.18,110.913,3944089.0
655900,2021-03-10,144.54000000000002,144.177,146.52,143.451,14321622.0
655900,2021-03-12,140.976,145.86,146.71800000000002,140.151,12325376.0
655900,2021-05-05,144.96900000000002,144.375,146.256,139.788,13492021.0
655900,2021-01-25,100.683,104.907,104.94,99.198,7817961.0
655900,2021-05-11,153.87900000000002,153.78,158.66400000000002,152.229,16809016.0
655900,2021-02-22,142.296,141.24,145.86,140.514,28990081.0
655900,2021-06-07,167.211,166.98000000000002,170.115,166.65,12765813.0
655900,2021-02-26,141.24,141.9,143.847,138.138,18321899.0
655900,2021-06-23,157.047,157.674,160.842,156.486,10799838.0
655900,2021-07-02,161.964,162.12900000000002,164.307,161.04000000000002,8695448.0
655900,2021-03-03,153.78,155.067,157.212,152.757,15888948.0
655900,2021-07-06,156.519,161.205,163.317,152.46,11520995.0
655900,2021-08-02,154.77,156.42000000000002,156.42000000000002,152.922,9756477.0
655900,2021-03-16,146.28900000000002,144.96900000000002,147.015,142.758,11217866.0
655900,2021-04-08,143.121,143.88,144.21,141.24,14122715.0
655900,2021-04-19,134.97,133.98000000000002,136.587,131.076,10109627.0
655900,2021-08-03,156.222,155.1,156.61800000000002,154.506,4094895.0
655900,2021-04-29,144.804,147.18,148.038,144.21,8428103.0
655900,2021-08-31,144.276,145.464,145.464,142.065,6725638.0
655900,2021-05-06,146.619,145.20000000000002,148.995,142.494,18605949.0
655900,2021-10-19,154.011,160.24800000000002,161.568,153.12,8005737.0
655900,2021-08-11,148.104,147.906,150.282,144.40800000000002,11820642.0
655900,2021-12-16,147.807,146.982,150.48000000000002,143.517,3029876.0
655900,2021-12-27,142.923,141.702,144.672,139.986,5008371.0
655900,2021-09-06,141.471,145.035,145.035,141.207,5027574.0
655900,2021-09-09,140.34900000000002,138.6,140.811,138.567,3574361.0
655900,2021-09-13,140.745,140.58,141.27300000000002,138.732,2202050.0
655900,2022-02-10,119.031,118.89900000000002,119.79,117.249,3071636.0
655900,2021-11-25,152.65800000000002,149.16,153.45000000000002,148.17000000000002,5012154.0
655900,2021-01-14,110.385,111.07800000000002,112.53,109.329,6730219.0
655900,2021-02-16,140.877,141.50400000000002,143.055,139.029,35609075.0
655900,2021-02-19,140.91,145.068,145.068,136.48800000000003,27892579.0
655900,2021-03-08,148.36800000000002,151.14,154.077,147.807,11220395.0
655900,2021-03-09,142.857,149.721,151.074,141.9,16995632.0
655900,2021-04-30,141.702,142.725,146.454,141.306,8171520.0
655900,2021-05-31,158.532,156.42000000000002,158.994,155.133,9303856.0
655900,2021-08-20,134.17800000000005,138.27,139.821,133.287,12932784.0
655900,2021-09-08,139.293,139.59,140.25,137.412,8055738.0
655900,2021-09-22,148.36800000000002,145.20000000000002,149.16,144.639,5062162.0
655900,2021-10-13,167.442,163.383,169.62,163.119,22710117.0
655900,2021-11-02,152.328,152.526,154.572,151.8,3357002.0
655900,2021-11-04,151.899,152.922,153.846,151.371,556235.0
655900,2021-11-09,157.509,158.26800000000003,158.92800000000005,156.354,3636671.0
655900,2021-11-12,162.12900000000002,158.202,164.835,150.711,24146352.0
655900,2021-12-30,141.966,143.88,144.606,140.943,3051627.0
655900,2022-01-13,154.96800000000002,161.502,163.35,153.318,19929351.0
655900,2022-01-24,118.602,120.45,122.727,115.962,13813262.0
655900,2022-02-17,109.92300000000002,112.2,112.959,109.59300000000002,4648790.0
655900,2022-02-22,103.224,99.0,104.016,98.01,8116820.0
655900,2021-03-02,153.516,153.087,155.496,149.259,22802026.0
655900,2021-03-31,132.957,133.65,134.64,132.066,9012020.0
655900,2021-04-05,138.10500000000002,138.798,139.557,132.165,12038458.0
655900,2021-05-17,158.532,152.46,161.832,149.82,23953975.0
655900,2021-05-18,159.88500000000002,160.38,164.109,158.697,16328735.0
655900,2021-06-01,156.61800000000002,159.621,159.81900000000002,155.265,8413113.0
655900,2021-06-24,155.826,157.707,157.74,154.935,6484774.0
655900,2021-07-19,161.46900000000002,159.39,162.36,158.895,4433523.0
655900,2021-08-18,141.43800000000002,142.56,143.38500000000002,140.58,5358685.0
655900,2021-09-01,143.352,145.002,146.19,143.055,4199883.0
655900,2021-09-02,143.682,142.263,144.04500000000002,141.43800000000002,3604058.0
655900,2021-09-17,147.18,148.5,148.83,144.73800000000003,8675416.0
655900,2021-12-21,134.607,133.65,136.422,132.66,7630436.0
655900,2021-12-28,143.946,144.375,145.39800000000002,143.121,3687635.0
655900,2022-01-11,165.957,159.06,166.782,158.169,18650979.0
655900,2022-01-17,125.103,125.235,127.215,124.41,13939031.0
655900,2022-02-07,119.361,119.625,120.681,117.81,3081851.0
655900,2021-01-01,108.306,109.065,110.22,107.844,8496835.0
655900,2021-01-15,107.25,110.682,110.946,105.6,16580645.0
655900,2021-04-06,136.422,138.30300000000005,138.864,135.79500000000002,7088231.0
655900,2021-04-26,140.34900000000002,140.58,143.352,139.359,6702977.0
655900,2021-05-03,142.362,141.24,144.804,139.19400000000002,8713281.0
655900,2021-05-19,160.149,159.58800000000002,161.535,157.08,9040629.0
655900,2021-05-27,153.846,155.76000000000002,157.674,152.13,22582284.0
655900,2021-07-05,160.347,163.086,163.812,160.08300000000003,4966099.0
655900,2021-07-15,159.852,161.04000000000002,163.185,159.357,5944508.0
655900,2021-07-23,155.727,156.585,157.542,153.384,7167221.0
655900,2021-07-29,157.377,151.99800000000002,158.532,151.503,10925114.0
655900,2021-08-12,147.642,149.061,149.259,146.322,9122794.0
655900,2021-08-16,144.21,146.157,146.52,143.55,6376301.0
655900,2021-09-28,152.361,155.265,155.69400000000002,149.886,7551615.0
655900,2021-10-29,147.477,148.401,150.67800000000005,145.20000000000002,3590201.0
655900,2021-11-03,151.602,152.328,154.242,149.655,2322738.0
655900,2021-12-13,149.09400000000002,152.361,152.361,147.576,4245748.0
655900,2021-12-29,144.111,143.74800000000002,144.606,142.626,2405322.0
655900,2022-01-04,148.36800000000002,148.929,150.282,147.642,3960065.0
655900,2022-01-25,116.226,118.404,118.767,115.20300000000002,5660887.0
655900,2021-01-07,110.616,110.88,112.299,109.59300000000002,10069104.0
655900,2021-01-06,109.824,111.045,112.431,108.10800000000002,8255109.0
655900,2021-01-12,111.639,111.54,115.401,110.946,16069076.0
655900,2021-06-11,161.46900000000002,163.383,164.01000000000002,159.918,11577290.0
655900,2021-07-20,157.014,160.97400000000002,160.97400000000002,156.42000000000002,7704445.0
655900,2021-09-24,148.302,150.18300000000002,150.579,147.21300000000002,3578000.0
655900,2021-10-21,151.536,153.483,154.242,149.556,6523184.0
655900,2021-11-16,165.0,155.562,168.168,155.133,34282014.0
655900,2021-11-26,142.89,149.49,150.348,142.23000000000002,8809780.0
655900,2021-01-11,111.738,111.54,112.86,110.517,12716854.0
655900,2021-01-19,105.27,104.577,105.79800000000002,104.346,8283152.0
655900,2021-01-22,103.125,102.795,108.702,102.168,22308493.0
655900,2021-02-12,130.21800000000002,118.734,131.802,113.85,128050584.0
655900,2021-02-18,145.662,151.272,152.13,143.847,29485530.0
655900,2021-03-01,152.823,143.187,154.11,142.65900000000002,40875487.0
655900,2021-03-04,154.275,150.15,156.09,149.457,12489696.0
655900,2021-03-15,144.24300000000002,142.197,145.035,140.085,14285337.0
655900,2021-03-17,145.56300000000002,147.015,149.02800000000002,144.342,12358792.0
655900,2021-03-19,139.68900000000002,141.24,141.867,135.49800000000002,22347164.0
655900,2021-03-23,139.59,136.686,140.976,134.64,13764932.0
655900,2021-05-14,150.777,157.57500000000002,157.674,149.721,8930101.0
655900,2021-05-25,158.73000000000002,160.38,160.97400000000002,153.186,21208714.0
655900,2021-07-30,154.671,157.34400000000002,158.961,151.83300000000003,12496858.0
655900,2021-08-10,147.312,152.592,156.552,145.62900000000002,38090593.0
655900,2021-10-27,149.358,150.15,151.371,148.5,3462188.0
655900,2021-11-29,141.27300000000002,141.9,143.682,137.544,7741799.0
655900,2021-12-03,141.768,141.9,144.90300000000002,141.339,5899008.0
655900,2021-12-08,148.236,144.54000000000002,149.49,144.54000000000002,11907400.0
655900,2021-12-15,146.091,146.751,147.642,145.266,4977200.0
655900,2021-12-17,140.184,147.906,148.038,139.557,12931702.0
655900,2021-12-23,141.50400000000002,143.352,144.87,141.042,4854493.0
655900,2022-01-03,148.401,147.378,148.764,146.685,4485961.0
655900,2022-01-05,147.906,149.09400000000002,152.328,147.048,7600477.0
655900,2022-02-03,120.219,121.44,121.869,119.955,2253473.0
655900,2022-02-15,112.959,110.88,113.28900000000002,108.702,9399015.0
655900,2021-01-08,110.88,111.40800000000002,111.40800000000002,109.956,9095229.0
655900,2021-01-29,95.667,98.406,100.584,94.776,9834928.0
655900,2021-02-08,107.481,104.148,109.16400000000002,103.785,26223370.0
655900,2021-03-26,131.34,131.34,133.287,129.723,14735063.0
655900,2021-05-21,161.997,157.806,163.614,157.77300000000002,12477007.0
655900,2021-01-04,109.26300000000002,109.23,110.814,107.745,7258178.0
655900,2021-05-24,158.73000000000002,162.987,163.21800000000002,158.4,13720401.0
655900,2021-06-10,162.822,164.34,164.835,161.502,8466766.0
655900,2021-02-17,149.919,139.92000000000002,151.40400000000002,139.095,66461713.0
655900,2021-04-23,140.976,139.128,144.21,138.10500000000002,16530804.0
655900,2021-06-17,158.136,161.601,161.601,156.453,11623569.0
655900,2021-05-07,145.794,147.18,149.75400000000002,144.87,12997665.0
655900,2021-07-01,161.568,160.017,162.525,157.608,9514096.0
655900,2021-05-26,154.407,159.984,162.294,153.78,19950995.0
655900,2021-07-09,155.991,153.15300000000002,156.519,151.866,9952336.0
655900,2021-06-03,165.36300000000003,176.88,177.342,164.37300000000002,69543125.0
655900,2021-07-13,161.37,158.697,162.228,157.14600000000002,7210140.0
655900,2021-06-14,161.865,161.502,162.822,156.684,10626353.0
655900,2021-08-17,142.65900000000002,144.47400000000002,144.47400000000002,139.986,7813230.0
655900,2021-06-21,156.09,153.12,158.43300000000002,152.229,8451892.0
655900,2021-09-03,144.309,142.758,144.90300000000002,142.59300000000002,4746247.0
655900,2021-07-26,152.196,155.562,155.562,151.866,7180091.0
655900,2021-10-12,161.832,159.687,162.294,158.07000000000002,9354715.0
655900,2021-08-23,131.934,135.3,136.554,131.34,7005094.0
655900,2021-10-18,158.235,163.68,164.076,156.78300000000002,10826420.0
655900,2021-08-30,144.309,142.692,145.332,141.93300000000002,5435568.0
655900,2021-10-26,149.853,147.312,150.84300000000002,146.05800000000002,4325374.0
655900,2021-11-08,157.476,153.054,158.92800000000005,151.932,9742168.0
655900,2021-12-02,142.857,142.032,143.517,140.679,3613912.0
655900,2021-11-30,138.501,141.24,145.035,137.28,8838011.0
655900,2022-01-10,158.4,159.06,162.12900000000002,157.674,7950519.0
655900,2021-12-22,142.263,135.828,142.824,135.366,9004046.0
655900,2022-02-18,104.544,109.56,109.626,103.884,23260019.0
655900,2021-12-31,147.378,142.23000000000002,148.236,142.23000000000002,7629487.0
655900,2022-02-21,103.488,104.28,105.27,101.34300000000002,10099502.0
655900,2022-01-31,118.47,118.767,120.582,118.206,4061659.0
655900,2021-02-11,118.338,114.939,121.176,113.949,43245107.0
655900,2021-04-15,137.214,138.435,141.141,135.762,10486628.0
655900,2021-04-22,140.28300000000002,133.02300000000002,141.009,131.175,16766776.0
655900,2021-05-04,143.08800000000002,144.54000000000002,148.467,142.395,12261807.0
655900,2021-06-22,156.91500000000002,157.542,158.92800000000005,155.46300000000002,8131109.0
655900,2021-06-30,159.786,157.57500000000002,160.90800000000002,157.212,9855703.0
655900,2021-08-05,156.354,155.628,157.93800000000002,154.671,4091862.0
655900,2021-08-13,146.157,147.642,148.66500000000002,145.86,6763486.0
655900,2021-09-16,148.038,151.767,151.8,147.18,6670516.0
655900,2021-10-22,151.668,151.99800000000002,155.925,150.24900000000002,6520440.0
655900,2021-11-10,158.466,157.014,159.72,155.95800000000003,2492467.0
655900,2021-12-01,141.93300000000002,139.92000000000002,143.022,138.93,4343019.0
655900,2021-12-09,148.632,148.83,148.962,146.52,3861118.0
655900,2022-01-07,157.674,154.96800000000002,159.324,153.417,14331273.0
655900,2022-01-20,122.496,122.1,123.75,121.011,5846302.0
655900,2022-02-01,119.46,120.087,120.12,116.259,6134776.0
655900,2022-02-11,113.619,118.107,119.625,112.23300000000002,12821571.0
655900,2022-02-14,110.946,109.791,115.335,109.692,9248630.0
655900,2021-01-18,103.62,107.184,107.25,102.465,14263503.0
655900,2021-02-04,104.31300000000002,104.676,106.92,103.686,13644374.0
655900,2021-03-24,133.02300000000002,138.204,138.798,132.132,16933438.0
655900,2021-07-07,155.298,157.08,157.08,152.196,8378650.0
655900,2021-07-27,152.13,152.72400000000002,154.638,150.975,6384827.0
655900,2021-08-04,156.09,157.608,160.149,155.397,7288027.0
655900,2021-09-14,146.487,141.9,147.378,140.745,11348586.0
655900,2021-09-21,145.266,142.824,145.62900000000002,139.293,6203747.0
655900,2021-10-01,148.434,148.17000000000002,149.424,145.992,4991779.0
655900,2021-10-07,155.76000000000002,149.02800000000002,158.07000000000002,148.5,30201047.0
655900,2021-10-14,162.723,168.432,170.14800000000002,161.70000000000002,10851001.0
655900,2021-10-20,151.965,153.78,156.387,149.52300000000002,8266812.0
655900,2021-10-28,148.401,149.358,150.546,147.609,4235000.0
655900,2021-11-01,152.031,147.84,153.054,147.378,3781576.0
655900,2021-11-15,155.364,157.674,162.162,153.12,12186664.0
655900,2021-11-23,150.777,148.5,152.46,147.84,5535304.0
655900,2021-12-14,146.322,149.09400000000002,149.919,145.662,11164362.0
655900,2022-01-19,121.77,121.374,122.199,117.282,5413236.0
655900,2022-01-27,114.939,116.16,116.16,112.299,5678221.0
655900,2022-02-04,119.625,120.78,121.407,118.767,2314141.0
655900,2022-02-09,118.305,118.14,118.668,116.589,2405495.0
655900,2021-01-28,98.043,97.185,100.749,97.053,7084932.0
655900,2021-02-10,114.939,106.326,116.68800000000002,105.006,59211661.0
655900,2021-02-24,143.352,145.827,148.929,141.24,12954422.0
655900,2021-03-22,135.96,139.92000000000002,141.537,134.64,12683478.0
655900,2021-04-20,134.871,137.214,137.841,133.98000000000002,9609640.0
655900,2021-05-10,154.902,146.982,156.288,145.662,21919884.0
655900,2021-05-28,155.265,155.76000000000002,156.948,153.78,9625747.0
655900,2021-06-15,162.327,162.69,164.043,161.436,5018694.0
655900,2021-07-14,161.172,160.24800000000002,161.964,158.73000000000002,6193321.0
655900,2021-07-22,156.519,157.41,158.4,155.43,5911723.0
655900,2021-08-06,155.859,155.76000000000002,159.06,154.737,3983431.0
655900,2021-09-20,142.824,145.20000000000002,146.652,141.405,8521734.0
655900,2021-10-08,156.519,158.30100000000002,161.964,155.76000000000002,16812468.0
655900,2021-11-11,156.585,159.357,159.852,154.935,3045600.0
655900,2021-11-17,161.23800000000003,165.0,166.881,159.951,8746640.0
655900,2021-12-20,133.25400000000002,138.6,140.84400000000002,129.42600000000002,12237321.0
655900,2022-01-06,153.681,147.18,154.44,145.86,10329165.0
655900,2022-01-21,120.05400000000002,122.331,123.816,118.8,7403448.0
655900,2022-01-28,116.655,115.632,119.757,115.53300000000002,4152151.0
655900,2021-02-01,101.145,96.987,101.706,94.479,9963075.0
655900,2021-02-09,106.689,108.504,109.23,105.765,12900556.0
655900,2021-04-09,139.854,142.923,144.672,138.6,8920970.0
655900,2021-04-28,146.28900000000002,143.88,149.589,143.22,18941770.0
655900,2021-06-02,177.60600000000002,156.948,180.08100000000002,154.935,101188210.0
655900,2021-07-12,157.443,156.816,158.598,155.1,6501200.0
655900,2021-08-24,137.775,132.33,139.19400000000002,132.0,8630285.0
655900,2021-08-26,140.77800000000002,139.59,141.207,138.237,6346784.0
655900,2021-09-23,150.18300000000002,149.75400000000002,151.272,148.698,4106997.0
655900,2021-09-30,149.127,152.163,153.45000000000002,148.53300000000002,6564917.0
655900,2021-10-04,149.424,149.16,151.503,147.774,6126134.0
655900,2021-10-05,149.52300000000002,149.16,151.40400000000002,148.86300000000003,5295715.0
655900,2021-12-06,140.481,141.735,142.824,139.986,2991327.0
655900,2021-12-24,141.735,142.89,143.979,140.11800000000002,5858537.0
655900,2022-01-12,160.677,167.607,167.607,159.786,13108208.0
655900,2022-02-02,121.308,120.12,122.1,120.12,3425642.0
655900,2022-03-17,90.387,89.364,92.07,88.96800000000002,20965957.0
655900,2022-03-03,95.073,98.34,98.637,94.809,6703860.0
655900,2022-02-23,102.96,104.28,105.105,102.465,5159561.0
655900,2022-03-31,92.037,91.641,94.57800000000002,91.08,20379643.0
655900,2022-03-24,87.31800000000001,87.45,89.034,86.394,6209713.0
655900,2022-02-28,99.297,95.04,99.99,94.743,8751177.0
655900,2022-03-22,90.024,88.11,90.222,86.49300000000001,8101170.0
655900,2022-04-06,95.139,95.304,95.865,94.083,5996754.0
655900,2022-05-02,87.747,90.09,90.156,87.252,9139205.0
655900,2022-02-24,95.403,98.37300000000002,99.495,94.677,17805519.0
655900,2022-03-08,83.655,85.14,86.46000000000001,78.903,28820365.0
655900,2022-05-10,80.322,78.54,81.114,78.342,8854274.0
655900,2022-04-29,90.816,90.948,93.588,89.892,10484804.0
655900,2022-04-13,91.872,92.532,93.357,90.45300000000002,10420549.0
655900,2022-04-28,89.925,91.443,91.60800000000002,89.034,7955914.0
655900,2022-03-10,87.516,89.034,92.004,86.922,22318441.0
655900,2022-03-21,87.97800000000001,91.41,91.41,87.78,8430301.0
655900,2022-03-11,86.82300000000001,87.12,87.516,84.513,23681374.0
655900,2022-03-29,89.76,89.331,90.981,88.275,8100109.0
655900,2022-03-15,88.209,85.305,90.024,85.305,20099612.0
655900,2022-04-22,91.278,92.598,92.664,90.981,4117173.0
655900,2022-05-17,83.523,80.685,83.754,79.959,6870227.0
655900,2022-05-26,80.916,79.398,81.84,76.89,7212399.0
655900,2022-05-30,83.292,82.76400000000001,83.82000000000001,81.873,4696490.0
655900,2022-03-02,97.086,99.198,99.198,96.492,7018364.0
655900,2022-03-04,90.156,94.38,94.38,89.62800000000001,10502366.0
655900,2022-02-25,98.736,97.02,101.574,97.02,10418617.0
655900,2022-04-05,95.865,95.7,96.558,94.743,9857008.0
655900,2022-04-12,91.872,95.205,95.205,91.575,12865938.0
655900,2022-04-20,89.793,89.067,91.93800000000002,87.94500000000001,8173720.0
655900,2022-05-06,81.675,83.16000000000001,83.721,81.246,9509345.0
655900,2022-05-19,79.46400000000001,80.553,81.708,79.2,6747928.0
655900,2022-04-08,95.205,94.38,95.634,93.258,8665273.0
655900,2022-04-01,92.565,92.367,92.994,91.146,6889054.0
655900,2022-04-04,94.512,93.357,95.04,92.697,6296698.0
655900,2022-04-18,91.806,92.4,92.466,89.95800000000001,4442012.0
655900,2022-04-21,93.456,90.42,93.72,90.255,5706626.0
655900,2022-05-04,86.097,88.407,89.034,85.569,8382509.0
655900,2022-05-16,79.662,78.408,80.19,76.56,5491691.0
655900,2022-05-20,82.071,81.51,82.599,80.685,4887523.0
655900,2022-05-24,82.236,84.018,84.414,80.784,4902329.0
655900,2022-05-25,79.13400000000001,82.83,83.028,78.936,4693567.0
655900,2022-03-30,90.915,90.585,91.674,89.95800000000001,9820072.0
655900,2022-05-12,75.768,76.36200000000001,76.428,74.25,13886266.0
655900,2022-05-18,83.622,84.084,84.876,82.5,7750548.0
655900,2022-04-07,93.522,95.931,96.261,92.862,7952190.0
655900,2022-04-26,92.862,88.605,93.291,88.605,9871362.0
655900,2022-05-23,83.292,82.5,84.57900000000001,82.17,6878348.0
655900,2022-03-07,84.612,88.37400000000001,88.37400000000001,82.10400000000001,18415863.0
655900,2022-03-28,89.331,90.057,90.123,87.12,9919407.0
655900,2022-04-19,88.407,92.268,92.928,87.186,4918350.0
655900,2022-04-25,87.78,91.08,91.179,87.549,9706188.0
655900,2022-03-14,84.612,86.82300000000001,86.955,82.995,20160850.0
655900,2022-03-16,87.97800000000001,89.95800000000001,90.354,87.417,19070691.0
655900,2022-03-25,89.52900000000001,89.76,91.74,88.638,18870196.0
655900,2022-04-11,95.205,95.799,95.832,94.446,7897749.0
655900,2022-05-13,77.385,77.022,79.82700000000001,76.857,7454772.0
655900,2022-03-09,84.48,85.14,85.8,83.58900000000001,15970122.0
655900,2022-03-23,89.13300000000001,90.486,90.948,88.737,5451318.0
655900,2022-05-05,85.73400000000001,86.49300000000001,88.37400000000001,85.47,4809982.0
655900,2022-05-11,76.758,80.388,81.18,76.36200000000001,10716303.0
655900,2022-04-27,89.661,91.377,92.136,87.054,18667589.0
655900,2022-05-09,78.111,80.52000000000001,80.652,77.451,16281236.0
655900,2022-05-27,81.246,77.55,83.49000000000001,77.385,16292618.0
655900,2022-06-16,77.451,80.982,81.378,77.22,3778592.0
655900,2022-06-29,80.586,80.553,81.741,79.233,5274214.0
655900,2022-06-20,74.54700000000001,76.69200000000001,77.748,73.92,5149447.0
655900,2022-06-23,78.837,76.49400000000001,79.068,76.49400000000001,4892190.0
655900,2022-06-24,80.718,79.79400000000001,81.18,78.63900000000001,5379023.0
655900,2022-08-04,85.83300000000001,86.42699999999999,88.47300000000001,84.117,8715134.0
655900,2022-11-09,68.3,66.95,69.05,66.85,14802160.0
655900,2022-11-21,71.5,72.1,72.6,70.9,6324086.0
655900,2022-12-15,71.55,72.65,72.95,71.25,9060878.0
655900,2022-12-27,73.45,71.85,73.6,71.7,19155264.0
655900,2023-02-06,78.6,75.9,79.0,75.3,14736020.0
655900,2023-03-27,64.15,64.75,64.9,63.5,17436590.0
655900,2023-06-06,80.4,80.8,81.6,80.05,9823715.0
655900,2023-08-03,97.0,96.6,97.3,95.5,9018932.0
655900,2023-08-07,98.65,96.7,98.95,96.2,7467051.0
655900,2023-08-23,95.05,95.8,95.85,94.95,1019757.0
655900,2022-07-12,78.21000000000001,79.86,79.86,77.946,3229822.0
655900,2022-08-11,81.774,81.147,81.97200000000001,80.19,15793359.0
655900,2022-08-22,82.896,84.48,84.64500000000001,82.665,5767734.0
655900,2022-09-21,80.94900000000001,82.533,82.731,80.718,4517286.0
655900,2022-09-30,71.94,70.158,73.59,68.64,20222296.0
655900,2022-10-03,72.95,74.9,74.9,72.6,17443775.0
655900,2022-10-06,76.15,73.65,78.35,73.1,21901764.0
655900,2022-10-13,71.35,73.5,74.0,71.1,7032725.0
655900,2022-10-25,62.1,63.0,63.05,61.8,26134447.0
655900,2023-01-20,73.0,74.05,74.3,72.45,22276297.0
655900,2023-03-13,79.8,82.1,82.7,79.3,7729390.0
655900,2023-03-21,65.55,66.1,66.3,64.55,22470820.0
655900,2023-04-28,73.4,72.6,73.85,72.5,8395893.0
655900,2023-06-02,80.35,79.5,80.5,79.05,5950021.0
655900,2023-06-07,80.5,80.7,80.95,79.95,6681524.0
655900,2023-07-06,91.55,90.85,92.9,90.0,21908735.0
655900,2023-08-16,96.45,95.25,96.75,95.0,6722279.0
655900,2022-06-01,85.668,87.054,87.054,84.051,7650898.0
655900,2022-06-30,77.97900000000001,80.553,81.411,77.385,8091221.0
655900,2022-07-06,77.022,75.834,77.22,75.009,5658188.0
655900,2022-07-08,78.54,79.53,79.86,77.616,4194233.0
655900,2022-08-03,86.16300000000001,88.077,88.44,84.64500000000001,7598280.0
655900,2022-09-16,81.97200000000001,85.569,85.569,81.411,8341813.0
655900,2022-11-02,64.65,65.3,65.6,64.4,5024386.0
655900,2022-11-29,73.3,73.1,74.45,72.9,9387783.0
655900,2022-11-30,74.75,73.3,75.1,73.0,11250272.0
655900,2022-12-20,69.5,70.5,70.65,68.65,14804500.0
655900,2023-01-17,74.2,73.7,77.2,73.25,37422448.0
655900,2023-01-24,73.8,73.35,74.25,73.2,6719774.0
655900,2023-01-30,73.1,71.6,73.4,70.55,12691401.0
655900,2023-02-17,79.7,80.3,80.55,79.05,5039699.0
655900,2023-03-28,62.9,64.3,64.45,61.8,22322565.0
655900,2023-04-19,69.0,68.7,69.55,68.1,10130763.0
655900,2023-05-02,75.15,74.0,75.75,73.5,11628010.0
655900,2023-07-25,98.25,97.7,100.5,96.75,18890620.0
655900,2023-07-28,97.5,100.9,100.9,95.9,20088062.0
655900,2023-07-31,98.3,97.95,98.75,96.65,9031259.0
655900,2023-08-09,98.65,99.0,99.0,97.6,3977100.0
655900,2023-08-11,97.65,98.9,103.0,96.7,46969268.0
655900,2022-07-05,75.933,77.616,78.177,75.306,5598805.0
655900,2022-07-15,78.936,78.804,79.167,78.21000000000001,2125968.0
655900,2022-07-29,84.018,85.40400000000001,85.8,83.721,5059600.0
655900,2022-08-01,86.295,84.48,87.78,84.15,8502617.0
655900,2022-08-12,81.015,81.708,81.906,80.784,4985286.0
655900,2022-08-26,82.401,83.292,83.787,82.17,4668679.0
655900,2022-09-20,82.071,81.84,83.226,81.708,3630545.0
655900,2022-10-04,72.3,74.8,74.8,72.1,8823252.0
655900,2022-10-19,63.5,64.5,64.8,63.25,20643720.0
655900,2022-10-24,62.8,62.9,63.2,62.2,2362128.0
655900,2022-10-31,64.5,65.5,65.5,63.8,12983527.0
655900,2022-11-17,73.3,71.8,73.55,71.4,10386117.0
655900,2023-01-06,75.3,75.45,75.9,74.3,5384253.0
655900,2023-02-01,74.1,75.9,76.25,72.6,8969452.0
655900,2023-02-08,80.75,80.1,81.45,79.0,27927610.0
655900,2023-02-15,80.1,80.3,80.95,79.6,5549411.0
655900,2023-02-24,82.45,82.5,83.0,81.65,5672880.0
655900,2023-04-11,68.35,68.0,68.7,67.7,6762461.0
655900,2023-04-21,70.05,70.5,70.5,69.4,6452890.0
655900,2023-05-03,74.75,74.95,75.45,74.5,6763160.0
655900,2023-05-15,78.65,78.55,79.2,78.2,5382985.0
655900,2023-06-27,85.05,85.0,85.7,84.45,13198896.0
655900,2023-07-11,92.4,91.3,93.4,90.8,15371619.0
655900,2023-07-19,96.2,96.9,97.1,96.0,5045646.0
655900,2023-08-02,96.8,98.85,99.9,95.4,9945085.0
655900,2022-07-11,80.289,78.012,80.586,77.649,3601148.0
655900,2022-07-18,83.226,79.53,83.82000000000001,79.299,5137274.0
655900,2022-07-26,85.767,86.13000000000001,86.856,85.14,3430822.0
655900,2022-08-02,87.97800000000001,86.42699999999999,89.166,84.57900000000001,8487459.0
655900,2022-08-10,80.388,85.8,85.8,79.959,18853781.0
655900,2022-08-16,84.84300000000002,81.84,85.206,81.27900000000001,14915989.0
655900,2022-09-08,81.27900000000001,82.10400000000001,82.137,81.015,4106385.0
655900,2022-09-27,73.72200000000001,75.24000000000001,75.70200000000001,72.666,10060808.0
655900,2022-10-17,69.2,69.45,69.65,68.6,4650175.0
655900,2022-11-23,71.45,71.8,72.1,71.25,3389898.0
655900,2023-01-25,72.65,73.8,73.9,71.9,7170245.0
655900,2023-02-28,79.65,78.8,81.4,78.8,12273404.0
655900,2023-04-13,68.3,69.15,69.65,67.8,5819182.0
655900,2023-05-23,81.45,80.55,82.6,80.35,18020145.0
655900,2023-05-29,80.55,82.0,82.0,79.8,12544090.0
655900,2023-06-19,81.2,83.25,83.3,81.0,11276874.0
655900,2022-08-08,84.84300000000002,86.295,86.79,84.57900000000001,4615531.0
655900,2022-08-24,82.467,82.10400000000001,83.424,81.97200000000001,4412071.0
655900,2022-08-25,82.43400000000001,82.962,84.57900000000001,82.17,9265019.0
655900,2022-09-23,77.946,80.586,80.94900000000001,77.649,4754849.0
655900,2022-11-15,74.0,73.25,74.2,72.4,9249463.0
655900,2022-11-18,72.2,73.5,73.8,71.55,8645314.0
655900,2022-12-01,74.0,75.0,75.25,73.65,9782144.0
655900,2022-12-08,73.65,73.25,74.35,72.65,13421532.0
655900,2022-12-23,66.9,68.3,68.5,66.1,25284532.0
655900,2023-02-07,80.1,78.6,80.6,78.4,26099433.0
655900,2023-02-21,82.15,82.45,82.5,81.3,8302329.0
655900,2023-02-22,82.05,81.5,82.45,81.3,12944556.0
655900,2023-03-06,83.2,82.0,83.85,82.0,18064703.0
655900,2023-03-22,65.45,65.95,66.4,65.15,21375536.0
655900,2023-04-20,70.0,69.2,70.1,68.7,6158301.0
655900,2023-05-05,75.3,75.2,76.1,74.95,10839083.0
655900,2023-05-12,78.35,78.0,79.2,77.6,17075506.0
655900,2023-05-26,80.75,82.2,82.4,80.0,23931374.0
655900,2022-06-02,84.97500000000001,85.371,85.701,84.28200000000001,4350288.0
655900,2022-06-17,76.69200000000001,77.418,77.97900000000001,75.768,4295883.0
655900,2022-07-14,78.705,78.144,79.00200000000001,77.55,3678633.0
655900,2022-09-07,81.147,81.27900000000001,81.378,80.388,5593195.0
655900,2022-09-19,81.048,82.5,82.5,80.751,4118420.0
655900,2022-10-14,69.4,72.7,72.7,69.2,9173142.0
655900,2022-11-04,65.05,64.65,65.25,64.45,10365748.0
655900,2022-11-16,72.15,74.0,74.1,71.45,11535745.0
655900,2022-12-02,74.0,74.0,74.85,73.0,12606481.0
655900,2022-12-06,73.55,75.45,75.6,73.2,14300075.0
655900,2022-12-09,73.1,74.05,74.45,72.15,15136209.0
655900,2023-01-02,75.7,74.3,76.1,74.15,10896070.0
655900,2023-01-16,75.55,77.3,77.6,75.4,7934425.0
655900,2023-01-31,75.5,73.5,76.7,73.35,15933228.0
655900,2023-03-14,78.8,79.9,80.2,78.2,7380098.0
655900,2023-03-29,64.55,62.9,65.0,62.65,20179302.0
655900,2023-04-24,70.85,70.2,71.1,69.3,11211467.0
655900,2023-05-11,77.85,78.7,79.3,77.6,12426479.0
655900,2023-06-13,84.6,84.35,84.9,83.3,10078023.0
655900,2023-07-05,90.3,91.0,93.65,88.65,60717634.0
655900,2023-07-21,97.0,96.0,98.2,95.55,15136413.0
655900,2023-07-24,97.05,97.0,97.4,96.55,9153008.0
655900,2023-07-27,100.35,99.7,100.7,98.85,8844749.0
655900,2023-08-04,96.7,97.0,98.9,95.8,6992869.0
655900,2022-08-05,86.097,86.295,87.417,85.041,6621388.0
655900,2022-06-06,82.401,83.85300000000001,84.909,81.015,7468637.0
655900,2022-06-03,84.315,85.8,86.49300000000001,84.084,9429487.0
655900,2022-10-27,63.75,62.45,64.0,62.25,17732344.0
655900,2022-11-14,72.9,71.4,73.55,70.8,23708274.0
655900,2022-12-05,75.45,74.2,76.3,73.7,17391816.0
655900,2022-12-26,71.7,66.9,71.95,66.3,16444479.0
655900,2023-02-02,74.95,73.8,75.4,72.7,14166738.0
655900,2023-02-20,81.95,82.0,84.25,81.3,30986719.0
655900,2023-03-15,76.8,79.3,79.9,76.0,5222466.0
655900,2023-03-24,64.75,65.25,66.25,64.2,13629859.0
655900,2023-04-06,67.9,67.5,68.1,67.0,4744160.0
655900,2023-04-12,68.85,68.85,69.9,68.3,13177548.0
655900,2023-06-01,78.9,79.0,79.95,78.65,6139201.0
655900,2023-06-30,85.7,85.9,86.4,85.3,10846744.0
655900,2023-07-17,96.0,96.65,96.85,95.85,8254235.0
655900,2022-06-22,76.296,77.88000000000001,78.21000000000001,75.438,4529210.0
655900,2022-06-07,80.553,81.345,81.84,80.12400000000001,5499587.0
655900,2022-06-28,82.137,81.31200000000001,82.467,80.223,5646742.0
655900,2022-07-07,79.03500000000001,77.385,79.69500000000001,76.659,7350261.0
655900,2022-08-18,86.75699999999999,87.054,87.78,86.031,6135006.0
655900,2022-07-28,84.74400000000001,86.196,86.361,84.348,2981676.0
655900,2022-08-19,84.57900000000001,87.186,87.186,84.15,5402251.0
655900,2022-08-17,87.252,85.305,87.61500000000001,84.24900000000001,12890994.0
655900,2022-09-13,84.74400000000001,83.061,85.60199999999999,82.632,8593098.0
655900,2022-09-22,80.322,80.751,81.246,79.101,6112810.0
655900,2022-10-10,75.7,75.75,76.25,74.4,4547855.0
655900,2022-09-26,74.44800000000001,79.497,79.497,73.986,10643967.0
655900,2022-10-11,73.15,76.0,76.35,72.9,7024636.0
655900,2022-10-18,63.9,65.5,65.85,63.3,105159669.0
655900,2022-10-28,64.15,64.0,64.4,63.25,9996015.0
655900,2023-01-04,74.8,76.2,76.25,74.05,5807168.0
655900,2022-12-07,73.0,74.0,74.25,72.85,15597640.0
655900,2023-01-10,78.75,77.15,79.45,76.8,24457060.0
655900,2022-12-13,72.0,73.1,73.35,71.9,9536285.0
655900,2023-05-19,80.15,78.95,81.3,77.3,19457711.0
655900,2022-12-16,70.55,71.4,71.7,70.05,12589177.0
655900,2023-06-08,80.95,80.95,82.25,80.35,12984898.0
655900,2023-01-05,75.5,74.95,75.65,74.0,4882904.0
655900,2023-06-22,84.75,86.45,88.25,84.45,27300806.0
655900,2023-01-13,77.25,77.95,77.95,73.7,27735387.0
655900,2023-01-18,74.4,74.3,74.65,73.8,6757023.0
655900,2023-01-19,74.3,74.05,74.55,73.35,7877208.0
655900,2023-04-25,71.15,71.0,71.5,70.5,7433438.0
655900,2023-04-27,72.5,72.1,72.75,71.5,7390680.0
655900,2023-05-10,78.3,76.2,78.5,76.1,12362263.0
655900,2023-05-22,79.9,80.6,81.2,79.25,15634496.0
655900,2023-07-13,95.05,95.85,97.05,94.2,34521514.0
655900,2023-07-14,96.1,95.85,96.25,95.25,14801056.0
655900,2023-07-18,96.45,96.4,96.85,95.75,9068251.0
655900,2022-06-13,79.629,80.12400000000001,81.015,78.54,5133159.0
655900,2022-06-14,79.33200000000001,78.87,80.652,78.57300000000001,3381203.0
655900,2022-07-22,87.252,89.232,89.892,86.691,8120804.0
655900,2022-09-06,81.27900000000001,82.863,83.16000000000001,80.85000000000001,5964936.0
655900,2022-09-28,70.521,72.864,72.864,70.158,24347034.0
655900,2022-10-21,62.1,63.8,63.85,61.9,17745584.0
655900,2022-11-22,71.45,72.0,72.1,71.0,4942824.0
655900,2022-12-21,70.2,70.15,71.55,69.7,25241342.0
655900,2022-12-30,74.15,74.9,75.05,73.95,10695284.0
655900,2023-01-27,71.6,72.6,73.3,70.3,12933536.0
655900,2023-02-23,82.35,82.1,82.7,81.05,9685134.0
655900,2023-03-08,83.55,82.65,83.75,82.2,6716971.0
655900,2023-03-10,83.05,82.05,83.25,81.35,5168084.0
655900,2023-04-03,67.6,67.85,67.95,67.05,7588956.0
655900,2023-04-05,67.55,67.6,67.95,66.85,5704724.0
655900,2023-06-26,84.85,83.1,85.2,82.95,13763184.0
655900,2023-07-07,91.35,91.35,92.15,90.55,9363616.0
655900,2023-07-20,96.7,96.2,96.8,95.25,6704315.0
655900,2022-06-21,78.375,75.24000000000001,79.33200000000001,75.108,4924946.0
655900,2022-07-19,82.69800000000001,83.49000000000001,84.018,82.5,3710885.0
655900,2022-07-21,88.737,83.91900000000001,90.75,83.91900000000001,22885200.0
655900,2022-08-29,79.926,80.52000000000001,80.85000000000001,79.398,8475509.0
655900,2022-09-05,82.731,83.523,83.655,82.632,3432975.0
655900,2022-09-29,69.828,71.61,71.90700000000001,67.815,31416510.0
655900,2022-10-12,73.55,73.4,73.8,72.5,4669263.0
655900,2022-12-14,72.25,72.05,73.0,71.85,22127453.0
655900,2023-02-16,80.15,80.4,80.8,79.95,7403591.0
655900,2023-05-09,75.9,76.35,77.1,75.4,8182575.0
655900,2023-05-18,78.65,78.35,79.9,78.2,15126952.0
655900,2023-05-24,81.55,81.2,82.4,80.6,8232379.0
655900,2023-05-25,81.7,81.5,81.9,80.55,9995384.0
655900,2023-06-12,83.75,82.45,84.4,81.85,19503744.0
655900,2023-06-14,83.05,84.85,84.9,82.7,6592942.0
655900,2023-07-04,85.15,86.5,86.5,84.8,7104307.0
655900,2023-08-10,95.8,98.6,99.55,95.2,20718606.0
655900,2023-08-21,95.7,94.4,95.9,94.05,5458850.0
655900,2023-08-22,95.3,95.9,95.9,94.8,4238077.0
655900,2022-05-31,86.262,83.16000000000001,88.11,82.731,21711391.0
655900,2022-09-01,82.929,80.916,83.226,80.553,10873242.0
655900,2022-07-01,77.682,77.286,77.88000000000001,76.32900000000001,5660944.0
655900,2022-08-23,81.906,82.17,83.91900000000001,80.751,6512261.0
655900,2022-11-11,71.05,74.25,74.55,69.4,42473474.0
655900,2022-12-19,70.55,70.65,70.8,69.5,15771290.0
655900,2023-02-13,79.55,80.45,80.8,79.1,8494353.0
655900,2023-02-14,80.0,79.9,81.0,78.75,8903629.0
655900,2023-03-02,80.75,81.0,81.4,80.5,4408437.0
655900,2023-03-03,80.05,81.55,81.6,79.65,8732564.0
655900,2023-03-09,82.7,83.7,83.9,81.9,6260055.0
655900,2023-03-16,68.5,71.3,71.3,66.05,419907533.0
655900,2023-03-17,67.8,69.4,69.8,66.4,28490207.0
655900,2023-03-23,65.25,65.45,65.45,64.55,14264635.0
655900,2023-06-09,81.75,81.25,82.2,80.6,12251758.0
655900,2023-06-16,82.55,83.15,83.45,81.9,16614549.0
655900,2023-07-03,86.1,86.3,86.4,85.3,6238291.0
655900,2023-07-12,93.15,93.05,94.3,92.6,14007470.0
655900,2022-06-08,81.84,81.378,82.599,80.586,7324034.0
655900,2022-07-13,77.946,78.705,79.03500000000001,77.649,3441470.0
655900,2022-09-14,84.612,83.391,85.14,82.5,7140653.0
655900,2022-11-01,65.15,64.85,66.7,64.5,12470523.0
655900,2022-11-03,64.55,64.35,64.95,64.1,5907798.0
655900,2022-11-10,70.45,68.5,71.75,67.7,33577029.0
655900,2022-12-12,72.75,73.1,73.6,71.55,11645949.0
655900,2022-12-22,69.0,70.6,71.2,68.6,26903798.0
655900,2022-12-29,74.45,73.5,74.85,72.6,12008802.0
655900,2023-01-23,73.3,73.1,73.65,72.4,8051050.0
655900,2023-02-10,80.2,79.45,81.15,79.1,13721987.0
655900,2023-02-27,78.45,82.7,82.7,77.7,10272737.0
655900,2023-03-20,65.55,66.55,67.55,65.15,33795149.0
655900,2023-04-10,67.95,68.15,68.5,67.1,6732819.0
655900,2023-04-17,68.85,68.2,69.0,67.4,6377103.0
655900,2023-04-18,68.7,69.25,69.3,68.3,9276925.0
655900,2023-04-26,71.85,71.15,72.5,70.85,15261991.0
655900,2023-05-17,78.05,78.6,78.75,76.85,7161967.0
655900,2023-05-31,79.05,79.55,79.75,78.35,28132124.0
655900,2023-06-05,80.95,81.0,81.45,80.4,7355413.0
655900,2023-07-10,90.8,92.0,92.45,90.25,6146748.0
655900,2023-08-14,96.5,98.2,98.2,93.6,9356600.0
655900,2023-08-17,94.5,97.0,97.0,94.2,9165813.0
655900,2022-06-15,79.761,79.86,80.784,79.33200000000001,1891106.0
655900,2022-07-20,83.523,83.358,85.07400000000001,83.12700000000001,4826786.0
655900,2022-06-27,81.741,81.84,82.69800000000001,81.147,4438175.0
655900,2022-07-25,86.196,87.12,89.13300000000001,85.14,5691942.0
655900,2022-07-04,77.451,77.748,78.474,76.593,2941213.0
655900,2022-09-02,82.962,83.391,83.886,82.76400000000001,4784164.0
655900,2022-07-27,85.371,85.767,86.196,84.57900000000001,2943731.0
655900,2022-08-30,81.114,80.52000000000001,82.368,80.388,31501188.0
655900,2022-09-15,85.107,85.107,85.668,83.985,9103913.0
655900,2022-10-07,76.7,76.85,77.0,75.35,6559221.0
655900,2022-11-24,71.65,71.5,72.1,70.75,8046460.0
655900,2022-09-09,81.64200000000001,82.17,83.09400000000001,81.378,6206848.0
655900,2022-11-28,73.1,73.7,74.1,72.85,5777705.0
655900,2022-09-12,82.665,82.00500000000001,82.896,81.873,5869151.0
655900,2023-01-03,76.05,75.7,76.35,75.25,7239821.0
655900,2022-10-20,63.5,63.5,64.5,61.95,16207220.0
655900,2023-01-12,78.15,77.5,78.3,76.7,12356244.0
655900,2022-11-07,66.55,65.7,67.6,65.4,17066971.0
655900,2023-05-04,75.55,74.75,75.75,74.6,7222207.0
655900,2022-11-25,73.4,71.95,73.8,71.65,6579002.0
655900,2022-12-28,74.35,73.4,74.85,72.4,17632917.0
655900,2023-05-08,76.05,75.35,76.55,75.3,11044478.0
655900,2023-05-16,78.4,78.85,79.65,77.9,6435926.0
655900,2023-01-09,76.95,75.9,77.25,75.8,10223954.0
655900,2023-05-30,79.5,80.55,81.15,79.25,6589846.0
655900,2023-01-11,77.2,79.0,79.25,76.55,9319238.0
655900,2023-06-15,82.15,83.05,83.5,81.5,9930973.0
655900,2023-02-03,75.9,75.3,77.0,74.6,14447927.0
655900,2023-02-09,79.3,81.95,81.95,78.4,25243262.0
655900,2023-06-21,85.85,82.6,86.2,82.45,25851445.0
655900,2023-07-26,99.1,98.8,99.7,98.65,6861482.0
655900,2023-03-01,81.4,80.0,81.6,79.8,7849215.0
655900,2023-08-18,94.2,94.6,94.85,93.25,8066495.0
655900,2023-03-31,67.1,65.4,67.2,64.8,14838386.0
655900,2023-06-20,82.2,81.75,82.8,81.0,12395503.0
655900,2023-06-23,83.1,84.6,84.7,81.35,16432043.0
655900,2023-06-28,85.8,85.9,86.4,84.55,19493147.0
655900,2023-08-01,98.9,98.3,99.5,98.05,5623433.0
655900,2023-08-08,98.1,99.2,99.5,97.9,7294614.0
