stockid,date,close,open,high,low,volume
950442,2021-02-25,26.85,,26.85,26.85,174063.0
950442,2021-03-05,26.6,,26.6,26.6,277142.0
950442,2021-03-16,27.1,,27.95,27.1,162975.0
950442,2021-02-12,18.1,,18.65,18.05,90421.0
950442,2021-02-18,21.1,,21.1,20.45,332598.0
950442,2021-03-18,25.4,26.9,27.0,25.35,317860.0
950442,2021-03-08,27.9,,27.9,25.3,567725.0
950442,2021-03-31,24.2,25.95,25.95,24.0,433202.0
950442,2021-04-15,20.35,21.5,21.75,20.35,187630.0
950442,2021-05-11,20.75,19.95,20.9,19.55,368459.0
950442,2021-04-05,23.4,24.55,25.3,23.35,426901.0
950442,2021-05-17,19.85,20.05,20.5,19.7,117738.0
950442,2021-04-26,17.15,17.5,18.3,16.75,383396.0
950442,2021-06-04,20.75,22.15,22.15,20.1,1781564.0
950442,2021-06-16,25.15,26.9,27.0,25.0,599750.0
950442,2021-01-19,18.0,,18.0,18.0,211824.0
950442,2021-03-17,26.65,25.75,27.85,25.75,656827.0
950442,2021-01-25,18.15,,19.3,17.7,261322.0
950442,2021-02-11,18.3,,18.75,18.1,93407.0
950442,2021-03-19,25.35,24.2,26.0,24.15,528209.0
950442,2021-03-23,26.75,27.9,27.9,26.1,227118.0
950442,2021-06-02,20.1,20.6,20.6,18.95,327620.0
950442,2021-02-26,28.15,,28.15,25.6,995202.0
950442,2021-06-07,22.7,21.5,22.8,21.0,1002637.0
950442,2021-03-03,29.45,,31.35,29.45,680750.0
950442,2021-05-12,20.8,21.0,21.3,20.3,218658.0
950442,2021-05-14,19.95,21.25,21.65,19.8,321068.0
950442,2021-05-31,19.75,19.7,20.55,19.7,661609.0
950442,2021-01-18,17.15,,17.15,16.05,315843.0
950442,2021-01-28,18.9,,18.9,17.25,276385.0
950442,2021-02-02,19.8,,20.25,19.0,322312.0
950442,2021-02-04,19.25,,19.7,18.8,256080.0
950442,2021-03-02,31.0,,31.0,28.1,2022935.0
950442,2021-03-22,26.6,25.35,26.6,24.15,280780.0
950442,2021-04-09,23.35,23.25,23.65,23.15,344311.0
950442,2021-05-07,20.7,19.9,20.7,19.6,219907.0
950442,2021-01-04,15.65,,15.65,15.1,550015.0
950442,2021-02-10,18.35,,19.3,18.15,128227.0
950442,2021-02-24,25.6,,25.6,25.3,355945.0
950442,2021-03-04,28.0,,28.75,28.0,401752.0
950442,2021-03-09,29.25,,29.25,28.5,214242.0
950442,2021-05-10,19.95,20.7,20.9,19.7,654830.0
950442,2021-01-27,18.0,,18.9,17.25,346200.0
950442,2021-03-24,25.6,26.05,27.1,25.45,313869.0
950442,2021-03-30,25.25,26.25,26.95,24.9,255543.0
950442,2021-04-08,22.55,21.8,22.55,20.85,1099759.0
950442,2021-04-12,22.2,22.85,23.15,22.2,142385.0
950442,2021-06-11,27.05,29.4,29.5,26.7,2816410.0
950442,2021-06-15,26.05,26.9,27.3,25.3,725881.0
950442,2021-01-07,15.9,,15.9,15.8,558685.0
950442,2021-01-12,18.0,,18.1,16.7,765314.0
950442,2021-01-15,16.35,,17.2,16.25,296673.0
950442,2021-01-21,19.45,,19.8,18.5,658332.0
950442,2021-03-10,30.7,,30.7,30.0,544017.0
950442,2021-04-13,21.4,21.15,22.3,21.1,229752.0
950442,2021-05-20,19.3,19.55,19.95,18.95,222482.0
950442,2021-05-21,20.25,19.7,20.25,19.35,335731.0
950442,2021-03-01,29.55,,29.55,29.55,367582.0
950442,2021-04-07,21.5,21.7,23.3,21.25,500288.0
950442,2021-04-20,18.55,18.6,19.95,18.55,401010.0
950442,2021-06-08,24.8,23.8,24.95,22.85,2390117.0
950442,2021-01-11,17.25,,17.4,16.65,629144.0
950442,2021-02-03,18.95,,20.0,18.85,211374.0
950442,2021-02-09,18.65,,19.6,18.25,256009.0
950442,2021-04-06,22.35,22.55,24.3,22.25,438615.0
950442,2021-04-29,19.25,19.25,19.25,19.0,194374.0
950442,2021-04-30,20.2,20.2,20.2,20.2,82137.0
950442,2021-05-03,21.2,21.2,21.2,21.2,86941.0
950442,2021-05-04,21.7,22.25,22.25,21.2,660549.0
950442,2021-05-18,19.85,19.85,20.15,19.7,137296.0
950442,2021-05-28,20.7,22.6,22.6,20.7,570588.0
950442,2021-01-06,15.15,,15.7,14.8,266856.0
950442,2021-01-13,17.15,,18.5,17.1,416583.0
950442,2021-01-20,18.9,,18.9,17.95,316876.0
950442,2021-02-01,19.55,,19.55,18.0,326858.0
950442,2021-03-15,28.5,,30.7,28.5,146241.0
950442,2021-06-01,19.9,20.3,20.4,19.2,321676.0
950442,2021-01-01,14.95,,14.95,14.3,286389.0
950442,2021-01-29,18.65,,19.75,18.5,221122.0
950442,2021-04-01,24.55,24.2,25.4,24.2,411916.0
950442,2021-04-16,20.5,20.35,21.35,19.35,405448.0
950442,2021-04-19,19.5,20.45,20.45,19.5,116649.0
950442,2021-05-05,20.65,22.0,22.0,20.65,217789.0
950442,2021-05-25,21.55,22.2,22.3,21.25,728566.0
950442,2021-06-14,26.55,27.5,28.0,25.7,1518724.0
950442,2021-06-17,24.55,24.5,25.1,24.1,427047.0
950442,2021-01-14,17.0,,17.4,16.3,202088.0
950442,2021-03-25,24.85,24.4,25.5,24.35,222163.0
950442,2021-03-26,25.7,24.4,26.05,24.4,392259.0
950442,2021-04-22,17.65,18.05,18.55,17.65,309964.0
950442,2021-05-24,21.25,20.7,21.25,20.25,489017.0
950442,2021-02-19,22.15,,22.15,21.7,239729.0
950442,2021-02-22,23.25,,23.25,23.25,141850.0
950442,2021-05-26,21.35,22.0,22.05,21.25,252633.0
950442,2021-06-09,25.55,25.9,26.25,25.0,1339735.0
950442,2021-01-05,15.4,,16.3,14.9,390813.0
950442,2021-01-22,18.55,,19.95,18.5,495066.0
950442,2021-02-05,18.95,,19.85,18.3,251048.0
950442,2021-02-23,24.4,,24.4,22.2,1094450.0
950442,2021-03-12,30.0,,31.5,29.2,391071.0
950442,2021-05-19,19.8,19.7,20.3,19.55,136298.0
950442,2021-05-27,21.75,21.7,21.95,21.2,190366.0
950442,2021-01-08,16.6,,16.65,15.15,565623.0
950442,2021-02-08,18.75,,19.0,18.1,138429.0
950442,2021-04-23,17.45,17.65,18.0,16.9,263128.0
950442,2021-05-06,19.75,21.0,21.25,19.65,260846.0
950442,2021-06-03,21.1,20.1,21.1,20.0,432716.0
950442,2021-06-10,28.1,26.25,28.1,26.1,731008.0
950442,2021-06-23,24.45,25.5,25.85,24.3,697439.0
950442,2021-07-07,25.05,24.9,25.6,23.9,395227.0
950442,2021-07-22,28.4,28.2,28.95,27.5,1011121.0
950442,2021-08-02,26.75,25.6,26.9,25.55,1649168.0
950442,2021-08-23,20.45,21.7,22.35,19.5,246202.0
950442,2021-09-30,27.35,26.3,27.35,26.3,646431.0
950442,2021-11-23,40.2,36.75,40.2,36.5,831258.0
950442,2021-11-29,36.85,38.75,40.4,36.85,630434.0
950442,2021-11-30,38.65,36.2,38.65,36.2,743689.0
950442,2021-12-02,41.5,39.0,41.5,38.8,667169.0
950442,2021-07-14,29.55,29.55,29.55,28.5,776612.0
950442,2021-07-26,27.35,26.2,28.0,26.2,446564.0
950442,2021-08-03,26.8,27.0,28.05,26.45,2527884.0
950442,2021-09-08,26.15,26.5,27.8,25.65,1127154.0
950442,2021-09-15,28.65,30.0,30.95,28.55,1333661.0
950442,2021-10-18,41.3,41.3,41.3,41.3,807342.0
950442,2021-10-26,40.1,40.1,42.2,40.1,3006989.0
950442,2021-07-29,26.7,26.2,27.15,26.05,912632.0
950442,2021-06-22,25.55,25.45,26.35,25.15,1017360.0
950442,2021-06-24,24.2,24.95,25.0,23.85,418542.0
950442,2021-06-21,25.1,23.6,25.1,23.1,573398.0
950442,2021-07-01,24.6,24.6,25.45,24.3,367269.0
950442,2021-09-29,26.05,27.15,27.8,25.7,791167.0
950442,2021-10-05,28.95,29.15,30.3,28.65,948178.0
950442,2021-06-30,24.45,25.05,25.4,23.75,268671.0
950442,2021-07-16,30.35,29.0,31.0,28.65,1250150.0
950442,2021-09-27,28.0,28.0,28.8,27.75,643709.0
950442,2021-10-29,35.9,37.4,38.45,35.25,861645.0
950442,2021-11-09,46.4,46.4,46.4,46.4,251590.0
950442,2021-07-30,25.65,26.7,27.15,25.45,739359.0
950442,2021-08-10,22.75,23.8,24.45,22.2,371418.0
950442,2021-08-17,23.1,24.25,24.5,23.0,197255.0
950442,2021-08-27,21.35,20.65,21.5,20.65,124948.0
950442,2021-09-24,27.55,28.95,29.3,27.3,672956.0
950442,2021-11-18,40.3,41.85,43.4,39.85,880173.0
950442,2021-12-23,43.35,43.45,43.45,41.4,579462.0
950442,2021-07-12,26.85,26.5,26.85,25.8,955055.0
950442,2021-08-09,23.8,25.45,25.8,22.8,551384.0
950442,2021-09-07,26.1,25.05,27.6,25.05,1130181.0
950442,2021-09-17,27.4,28.55,29.25,27.4,502695.0
950442,2021-11-25,40.65,41.35,42.4,40.05,644359.0
950442,2021-12-08,45.9,44.9,46.4,43.75,883021.0
950442,2021-08-06,24.95,25.05,26.3,24.55,608615.0
950442,2021-07-09,25.6,25.5,26.4,24.55,719204.0
950442,2021-08-18,22.4,23.0,23.6,21.6,223324.0
950442,2021-08-25,22.7,22.95,23.05,22.25,119046.0
950442,2021-10-04,29.15,28.5,29.15,27.75,688568.0
950442,2021-10-22,44.4,47.9,48.05,44.4,1441136.0
950442,2021-11-01,37.65,36.0,37.65,35.85,534970.0
950442,2021-12-17,39.15,37.75,41.3,37.75,251227.0
950442,2021-06-28,25.55,24.55,25.55,24.4,559984.0
950442,2021-07-27,26.9,28.0,28.0,26.4,503118.0
950442,2021-07-28,25.9,27.45,27.5,25.65,899717.0
950442,2021-08-20,21.3,22.4,22.75,21.1,306871.0
950442,2021-09-22,27.05,26.05,27.05,25.6,952989.0
950442,2021-10-11,34.05,33.4,34.05,33.15,1947281.0
950442,2021-10-25,42.2,42.2,43.5,42.2,726310.0
950442,2021-11-02,39.5,39.15,39.5,39.15,468641.0
950442,2021-11-24,41.25,41.5,42.2,40.75,1397992.0
950442,2021-08-31,22.65,24.8,24.8,22.2,577392.0
950442,2021-10-12,35.75,34.9,35.75,33.75,3030522.0
950442,2021-10-14,39.35,39.35,39.35,37.3,4821112.0
950442,2021-11-16,44.05,44.05,46.5,44.05,2337092.0
950442,2021-12-06,44.3,42.7,44.6,41.95,1831842.0
950442,2021-12-20,37.6,38.3,38.3,37.2,270390.0
950442,2021-07-06,24.75,25.95,25.95,24.5,362043.0
950442,2021-07-20,27.75,29.8,29.8,27.75,1018059.0
950442,2021-09-13,29.55,27.0,29.55,26.0,3285728.0
950442,2021-10-01,27.8,28.0,28.4,27.5,580102.0
950442,2021-12-09,46.45,46.45,47.0,45.2,941328.0
950442,2021-09-09,26.9,26.0,27.4,25.95,626466.0
950442,2021-10-08,32.45,30.5,32.45,30.0,2998839.0
950442,2021-11-11,46.55,50.45,50.45,46.3,3080960.0
950442,2021-11-17,41.85,44.0,44.95,41.85,888531.0
950442,2021-12-03,42.5,42.2,43.55,41.0,1295055.0
950442,2021-12-13,44.6,45.1,45.85,44.15,563132.0
950442,2021-06-18,23.95,24.6,25.45,23.35,656236.0
950442,2021-06-29,24.7,25.9,25.9,24.5,568945.0
950442,2021-08-26,20.75,23.5,23.5,20.45,699115.0
950442,2021-09-02,24.6,23.6,25.5,23.2,663551.0
950442,2021-09-06,25.15,24.5,26.25,24.45,614355.0
950442,2021-10-07,30.95,31.75,31.85,29.15,6117930.0
950442,2021-10-20,44.5,42.0,44.5,40.3,4080460.0
950442,2021-12-01,39.55,40.55,40.55,37.85,1060475.0
950442,2021-12-10,45.1,46.4,46.4,44.25,623280.0
950442,2021-12-21,39.45,37.85,39.45,36.5,157874.0
950442,2021-06-25,24.35,24.1,24.9,23.4,410555.0
950442,2021-07-15,29.6,31.0,31.0,28.1,2890022.0
950442,2021-07-05,24.9,24.4,25.2,24.35,397303.0
950442,2021-07-13,28.15,28.0,28.15,27.2,455398.0
950442,2021-07-08,25.15,25.3,25.7,24.55,422765.0
950442,2021-08-11,23.45,22.5,24.3,21.15,774233.0
950442,2021-08-04,25.85,26.8,27.25,25.65,527724.0
950442,2021-08-30,23.45,22.0,23.45,21.4,402972.0
950442,2021-09-16,28.8,28.1,29.45,27.55,687269.0
950442,2021-08-16,24.1,23.5,24.3,22.2,320998.0
950442,2021-09-21,25.8,25.6,26.8,25.25,445031.0
950442,2021-09-14,30.05,30.0,32.5,28.4,4064964.0
950442,2021-10-19,42.4,43.35,43.35,39.25,7072065.0
950442,2021-09-28,27.0,28.4,28.4,26.6,466965.0
950442,2021-10-21,46.7,46.7,46.7,44.5,4021515.0
950442,2021-11-04,42.1,40.95,42.1,40.65,320096.0
950442,2021-10-06,30.35,28.9,30.35,28.75,2333903.0
950442,2021-10-27,38.6,39.2,41.85,38.2,975081.0
950442,2021-11-10,48.7,48.7,48.7,45.55,4745890.0
950442,2021-10-28,36.7,37.7,38.5,36.7,768673.0
950442,2021-11-22,38.3,41.15,41.15,38.3,917970.0
950442,2021-11-08,44.2,44.2,44.2,43.15,1094337.0
950442,2021-11-12,48.75,46.7,48.85,45.95,2038040.0
950442,2021-12-24,45.3,43.35,45.5,41.5,998059.0
950442,2021-07-02,24.4,25.0,25.0,24.3,168777.0
950442,2021-07-23,27.05,28.65,29.0,27.0,872300.0
950442,2021-07-19,29.2,30.0,31.55,28.95,1315218.0
950442,2021-10-13,37.5,37.5,37.5,37.5,585318.0
950442,2021-08-05,24.95,25.45,26.2,24.6,707399.0
950442,2021-11-03,40.1,40.5,41.45,39.25,1595169.0
950442,2021-08-12,23.9,23.45,24.5,23.0,285423.0
950442,2021-11-15,46.35,47.75,47.9,46.35,714627.0
950442,2021-08-13,23.3,23.6,24.5,22.95,231705.0
950442,2021-11-26,38.75,40.5,40.5,38.65,684692.0
950442,2021-08-24,22.0,20.0,22.25,20.0,198346.0
950442,2021-12-22,41.4,41.4,41.4,41.4,71200.0
950442,2021-09-01,23.2,22.95,24.0,22.65,266782.0
950442,2021-09-03,24.45,24.7,25.45,24.0,183680.0
950442,2021-09-20,26.05,27.75,27.75,26.05,524820.0
950442,2021-09-23,28.4,27.5,28.4,27.15,1447645.0
950442,2021-12-07,44.25,45.0,46.35,43.9,634870.0
950442,2021-12-14,43.35,43.5,44.5,43.0,301555.0
950442,2022-01-13,65.15,59.05,65.15,58.95,1219545.0
950442,2022-01-27,74.9,72.65,76.0,72.65,916310.0
950442,2022-01-07,59.3,59.3,59.3,59.3,157827.0
950442,2022-02-16,119.4,125.0,125.0,119.4,643506.0
950442,2022-04-12,101.3,103.05,104.5,101.0,199666.0
950442,2022-04-20,93.95,93.65,97.3,93.5,205601.0
950442,2022-04-27,93.4,93.5,95.0,90.0,256896.0
950442,2022-06-09,83.8,79.85,85.1,78.15,415869.0
950442,2022-07-08,63.2,63.2,63.2,63.2,91233.0
950442,2022-07-12,62.65,63.9,63.9,61.35,76097.0
950442,2022-08-01,62.35,63.75,64.75,61.05,115540.0
950442,2022-09-01,69.6,69.6,69.6,69.6,191300.0
950442,2022-09-22,132.1,129.0,132.1,125.85,2417100.0
950442,2022-09-26,119.25,119.25,119.25,119.25,203096.0
950442,2022-10-06,107.3,106.5,111.75,103.0,1556777.0
950442,2022-10-07,107.8,106.0,110.55,104.8,928469.0
950442,2022-12-02,105.35,108.0,108.0,102.7,966385.0
950442,2023-03-06,72.3,72.3,72.3,72.3,47454.0
950442,2023-05-10,81.05,82.9,83.3,80.6,282807.0
950442,2023-06-08,78.85,80.7,80.95,78.5,437684.0
950442,2023-07-20,74.2,76.8,77.4,73.8,453676.0
950442,2023-07-28,79.8,77.15,82.0,75.1,1848330.0
950442,2023-08-04,85.8,86.25,87.5,84.3,1322335.0
950442,2023-08-14,104.05,99.8,108.0,95.05,16205487.0
950442,2022-02-01,86.6,85.95,86.6,84.15,1345773.0
950442,2022-03-09,101.75,102.9,105.6,99.0,272412.0
950442,2022-03-28,90.9,93.0,98.1,90.05,223036.0
950442,2022-03-30,100.15,98.8,100.15,96.0,352053.0
950442,2022-05-25,63.65,68.25,68.25,63.65,85019.0
950442,2022-06-30,54.35,53.3,56.8,53.3,76023.0
950442,2022-07-19,60.65,57.9,60.65,56.4,211062.0
950442,2022-07-22,60.95,61.1,63.4,60.1,113172.0
950442,2022-08-10,55.9,58.0,58.65,55.1,238671.0
950442,2022-08-18,56.8,58.95,59.8,56.5,318775.0
950442,2022-09-08,88.7,88.7,88.7,86.1,909051.0
950442,2022-09-19,114.2,114.2,114.2,114.2,64901.0
950442,2022-09-23,125.5,138.7,138.7,125.5,7698475.0
950442,2022-09-27,113.3,113.3,117.0,113.3,1585535.0
950442,2022-10-31,103.1,105.0,109.4,101.55,1201587.0
950442,2022-11-02,101.0,103.5,104.55,100.25,287898.0
950442,2022-11-16,101.7,102.9,105.0,101.4,260235.0
950442,2022-12-07,101.3,100.0,103.65,100.0,228718.0
950442,2022-12-26,91.15,85.95,91.25,83.1,701431.0
950442,2022-12-29,94.3,93.0,97.7,90.35,1088141.0
950442,2023-01-11,85.0,88.9,88.9,84.75,347830.0
950442,2023-01-13,93.7,93.55,93.7,91.15,200644.0
950442,2023-01-24,87.7,92.3,93.0,87.7,531744.0
950442,2023-02-08,70.05,70.5,71.9,69.2,306952.0
950442,2023-02-22,60.95,62.0,62.55,59.9,622788.0
950442,2023-03-10,67.4,67.3,68.9,66.2,281095.0
950442,2023-03-15,70.3,69.35,70.6,68.3,488496.0
950442,2023-03-20,68.3,68.4,69.45,66.2,328986.0
950442,2023-04-18,88.2,91.45,93.85,85.8,847186.0
950442,2023-04-21,80.4,88.65,88.9,75.8,773620.0
950442,2023-05-29,85.75,77.3,87.15,77.15,1862143.0
950442,2023-06-30,73.1,75.1,75.7,72.75,317623.0
950442,2023-07-14,75.15,71.85,76.0,71.85,827197.0
950442,2022-02-10,121.65,121.65,121.65,121.65,167483.0
950442,2022-03-21,101.55,106.0,107.75,101.0,206954.0
950442,2022-04-07,97.15,98.1,103.9,97.15,750505.0
950442,2022-04-18,98.95,102.0,102.0,98.0,171726.0
950442,2022-05-11,63.65,67.0,67.0,63.65,315718.0
950442,2022-05-24,66.95,70.35,71.9,66.6,77324.0
950442,2022-07-13,59.55,62.65,63.0,59.55,119374.0
950442,2022-09-21,125.85,125.0,125.85,113.95,12053775.0
950442,2022-10-17,106.85,105.65,109.6,102.3,703388.0
950442,2022-11-10,105.85,108.8,108.9,102.1,1048770.0
950442,2023-01-30,76.8,77.85,80.0,76.8,508212.0
950442,2023-03-16,69.95,69.0,72.65,67.15,571458.0
950442,2023-05-03,87.9,87.55,89.8,87.2,342500.0
950442,2023-05-30,88.5,86.6,93.7,84.5,3320296.0
950442,2023-08-22,139.85,141.8,144.7,137.0,3882263.0
950442,2021-12-30,44.4,43.1,45.0,43.1,141789.0
950442,2022-01-10,62.25,62.25,62.25,56.7,2315225.0
950442,2022-02-14,121.35,131.0,134.05,121.35,1595883.0
950442,2022-03-10,101.65,105.0,106.8,98.5,463513.0
950442,2022-03-31,105.15,105.15,105.15,101.1,404635.0
950442,2022-04-04,102.7,106.4,106.4,100.6,452497.0
950442,2022-04-06,102.25,100.0,103.4,98.3,308978.0
950442,2022-05-10,67.0,67.2,71.75,67.0,229376.0
950442,2022-05-12,60.5,60.5,62.25,60.5,71579.0
950442,2022-06-08,81.05,75.55,81.05,75.55,297817.0
950442,2022-06-27,60.35,61.45,63.45,59.55,91667.0
950442,2022-09-05,76.7,76.7,76.7,76.7,194451.0
950442,2022-10-18,106.35,108.95,110.95,106.0,458628.0
950442,2022-11-11,108.3,106.0,111.1,102.25,1124463.0
950442,2023-02-15,66.2,59.9,66.2,59.9,683649.0
950442,2023-03-08,73.3,75.9,75.9,70.5,1076147.0
950442,2023-03-31,64.5,63.8,64.5,62.35,279452.0
950442,2023-04-03,66.45,65.0,67.3,62.6,781632.0
950442,2023-04-28,88.05,88.0,89.9,87.25,357686.0
950442,2023-05-25,77.55,78.45,79.9,76.4,240213.0
950442,2023-06-19,78.45,78.3,80.1,78.0,453304.0
950442,2023-07-04,73.05,75.7,77.15,72.8,802194.0
950442,2023-07-06,78.05,71.5,80.4,70.05,3402486.0
950442,2023-07-27,76.85,77.15,78.0,75.7,500458.0
950442,2023-08-08,95.4,97.55,102.0,94.25,5934911.0
950442,2022-03-03,104.6,104.6,104.6,104.6,34871.0
950442,2022-03-29,95.4,91.0,95.4,89.45,808805.0
950442,2022-04-22,96.45,97.9,102.0,96.1,303406.0
950442,2022-07-05,54.65,53.0,54.65,52.25,61678.0
950442,2022-07-07,60.2,59.7,60.2,59.1,76372.0
950442,2022-08-25,57.3,54.8,57.3,53.95,273811.0
950442,2022-09-06,80.5,80.5,80.5,74.1,2056447.0
950442,2022-09-09,85.35,91.0,91.0,84.3,740942.0
950442,2022-10-20,99.7,104.5,104.5,99.3,697842.0
950442,2022-12-01,106.3,106.3,106.3,106.3,677167.0
950442,2022-12-06,101.65,102.9,104.95,101.0,248002.0
950442,2022-12-12,100.2,100.35,101.5,97.65,287918.0
950442,2022-12-15,102.25,99.0,103.85,98.7,883370.0
950442,2022-12-19,100.9,100.0,102.0,99.7,170312.0
950442,2023-01-25,85.05,86.0,90.0,83.35,474181.0
950442,2023-02-20,66.35,70.25,70.5,66.35,266491.0
950442,2023-03-09,69.65,74.85,74.85,69.65,525486.0
950442,2023-04-11,78.6,71.25,81.35,70.25,3713794.0
950442,2023-04-17,90.6,87.1,93.4,86.8,1548474.0
950442,2023-05-05,85.4,88.2,89.3,84.8,347300.0
950442,2023-05-26,77.05,77.45,78.7,76.3,387888.0
950442,2023-06-01,81.25,82.8,84.1,80.4,605716.0
950442,2023-06-23,72.9,75.7,76.3,72.0,481149.0
950442,2023-07-07,78.05,78.35,80.8,76.8,918813.0
950442,2023-07-19,76.1,75.8,77.0,75.2,846981.0
950442,2022-02-25,92.0,84.8,93.7,84.8,1391511.0
950442,2022-03-11,106.7,99.9,106.7,98.9,498575.0
950442,2022-04-25,93.4,94.1,94.55,91.8,238753.0
950442,2022-05-04,80.1,80.25,83.8,80.1,219098.0
950442,2022-05-09,70.5,71.05,72.7,70.5,175652.0
950442,2022-06-17,66.75,69.0,69.0,65.65,249259.0
950442,2022-07-26,57.1,58.8,58.8,55.95,143304.0
950442,2022-08-02,60.6,62.35,64.0,59.3,339914.0
950442,2022-09-29,103.05,106.7,113.0,102.3,7319840.0
950442,2022-10-28,105.45,105.45,105.45,105.45,192284.0
950442,2022-11-21,97.3,99.9,101.0,96.7,259345.0
950442,2022-12-23,86.95,87.7,88.95,86.95,327320.0
950442,2022-12-28,93.05,89.8,93.05,87.75,315955.0
950442,2023-01-12,89.25,89.25,89.25,88.0,569702.0
950442,2023-01-18,94.45,94.4,97.0,91.1,808422.0
950442,2023-01-27,80.8,85.0,87.0,80.8,419282.0
950442,2023-02-17,69.8,71.0,72.45,69.05,436148.0
950442,2023-04-19,90.35,88.3,92.4,88.3,895006.0
950442,2023-05-08,83.7,86.0,89.45,83.0,571244.0
950442,2023-05-17,79.5,83.25,83.7,78.7,476486.0
950442,2023-05-19,80.7,79.85,81.9,78.2,525569.0
950442,2023-08-10,98.65,98.65,102.0,97.3,2384769.0
950442,2022-01-25,76.3,74.65,77.8,71.55,1922710.0
950442,2021-12-27,46.2,46.8,47.5,45.3,676638.0
950442,2021-12-31,46.6,46.6,46.6,44.5,653445.0
950442,2022-01-20,78.05,78.9,79.0,75.0,635058.0
950442,2022-02-07,105.15,95.15,105.15,95.15,4748276.0
950442,2022-02-17,113.45,113.45,116.0,113.45,181712.0
950442,2022-04-01,105.45,109.75,109.75,101.35,473426.0
950442,2022-04-11,104.65,99.5,106.9,99.5,582986.0
950442,2022-04-28,90.15,93.0,94.7,89.55,451105.0
950442,2022-06-20,63.45,65.4,65.4,63.45,200796.0
950442,2022-07-18,57.8,54.1,57.8,54.0,152408.0
950442,2022-08-22,53.05,54.65,56.8,52.1,268778.0
950442,2022-10-12,113.55,119.7,121.35,112.9,2355962.0
950442,2022-10-24,100.25,100.0,104.0,99.05,164371.0
950442,2022-11-07,99.3,100.8,102.1,98.35,289012.0
950442,2022-11-24,96.0,96.2,99.8,95.15,324739.0
950442,2022-12-05,102.9,105.0,108.0,102.3,289760.0
950442,2022-12-14,98.95,100.35,100.35,97.65,336988.0
950442,2023-03-03,68.9,67.2,68.9,67.0,155228.0
950442,2023-03-28,58.55,60.5,62.2,57.5,645264.0
950442,2023-04-13,86.7,76.9,92.1,76.55,4280003.0
950442,2023-06-09,77.9,79.75,79.85,77.5,268228.0
950442,2023-07-12,77.05,80.5,81.15,76.05,571102.0
950442,2023-07-21,75.8,74.25,76.25,73.3,565856.0
950442,2023-08-16,120.8,104.5,123.75,104.1,15184315.0
950442,2023-08-21,141.15,136.9,146.7,136.7,7011633.0
950442,2022-01-14,68.4,64.8,68.4,61.9,811860.0
950442,2022-01-17,71.8,69.0,71.8,67.1,975707.0
950442,2022-02-22,97.35,97.35,97.35,97.35,34669.0
950442,2022-04-26,92.25,94.7,94.9,92.0,137287.0
950442,2022-07-21,62.0,66.5,66.5,61.25,151370.0
950442,2022-07-29,63.35,62.9,66.0,60.35,650231.0
950442,2022-08-11,58.65,55.9,58.65,55.0,181232.0
950442,2022-08-26,60.15,60.15,60.15,60.15,521277.0
950442,2022-09-30,108.2,102.25,108.2,98.65,2513869.0
950442,2022-10-19,103.85,107.25,108.45,103.5,402201.0
950442,2022-12-27,88.65,91.7,93.7,87.6,374306.0
950442,2023-01-09,89.1,89.45,90.5,88.0,132094.0
950442,2023-02-02,74.35,73.55,76.9,71.55,331822.0
950442,2023-02-03,70.8,73.5,74.9,70.65,514610.0
950442,2023-02-06,69.6,70.8,73.0,67.4,550586.0
950442,2023-02-07,70.35,71.6,72.65,69.0,389923.0
950442,2023-02-14,63.05,65.75,65.75,63.05,289840.0
950442,2023-02-27,56.8,58.5,58.6,55.1,248138.0
950442,2023-02-28,59.6,56.8,59.6,56.05,134472.0
950442,2023-03-27,60.2,62.0,62.35,59.65,347786.0
950442,2023-04-12,76.75,79.3,79.3,75.3,770084.0
950442,2023-04-27,87.85,87.75,90.4,87.1,330910.0
950442,2023-05-02,88.65,88.0,92.45,87.1,749826.0
950442,2023-05-09,82.55,83.5,85.4,82.05,209558.0
950442,2023-05-16,82.7,83.4,85.45,82.15,255480.0
950442,2023-06-05,80.95,81.0,86.4,80.5,1208926.0
950442,2023-06-06,80.25,81.1,83.55,79.6,581035.0
950442,2023-06-20,77.4,78.4,78.9,76.35,466869.0
950442,2023-07-26,76.9,76.7,78.0,76.0,302286.0
950442,2023-08-17,134.45,120.25,140.0,117.6,26961923.0
950442,2022-02-03,95.4,95.4,95.4,95.4,114491.0
950442,2022-02-09,115.9,115.9,115.9,106.0,1461210.0
950442,2022-02-24,89.25,89.25,89.25,89.25,71132.0
950442,2022-03-14,112.0,112.0,112.0,112.0,367931.0
950442,2022-03-23,98.75,98.0,103.5,98.0,552678.0
950442,2022-04-19,95.3,98.95,100.8,94.25,268840.0
950442,2022-05-05,78.05,79.0,80.0,76.1,538070.0
950442,2022-05-19,66.15,66.6,69.3,66.15,369004.0
950442,2022-05-27,63.85,65.0,65.0,62.2,76271.0
950442,2022-07-15,55.05,57.6,58.45,54.8,133467.0
950442,2022-07-28,62.9,62.9,62.9,62.6,325799.0
950442,2022-10-13,110.2,113.9,116.8,109.0,679776.0
950442,2022-11-09,104.25,100.95,104.25,98.2,392951.0
950442,2022-11-14,105.8,112.0,112.0,105.05,713825.0
950442,2022-11-22,97.0,98.8,100.8,96.7,276018.0
950442,2022-11-30,101.25,98.95,101.25,97.1,266794.0
950442,2022-12-08,101.3,101.85,103.6,100.9,109040.0
950442,2022-12-09,100.1,102.0,102.7,98.4,302074.0
950442,2022-12-22,91.5,96.5,97.9,91.4,510928.0
950442,2023-01-03,93.2,94.0,94.65,92.5,167035.0
950442,2023-01-05,89.2,92.0,92.85,88.8,208570.0
950442,2023-01-19,93.05,94.35,95.3,92.7,195540.0
950442,2023-01-31,75.1,76.8,77.6,73.7,707827.0
950442,2023-04-05,69.75,66.45,69.75,65.55,297625.0
950442,2023-04-25,88.85,77.9,90.25,77.75,1901461.0
950442,2023-06-16,78.6,78.35,80.0,77.7,792824.0
950442,2023-07-05,71.95,72.9,74.25,69.15,1355781.0
950442,2023-07-18,75.1,74.75,75.3,73.0,525339.0
950442,2022-01-05,53.85,53.85,53.85,53.85,108044.0
950442,2022-01-24,74.65,70.45,77.85,70.45,2115190.0
950442,2022-02-15,125.65,115.3,127.2,115.3,1103476.0
950442,2022-07-14,57.65,58.0,58.9,56.6,227356.0
950442,2022-08-23,53.25,53.45,54.0,52.5,226183.0
950442,2022-09-02,73.05,73.05,73.05,73.05,269425.0
950442,2022-09-20,119.9,119.9,119.9,119.9,63944.0
950442,2022-11-17,102.15,101.7,104.9,100.8,257973.0
950442,2022-12-13,100.1,102.0,102.0,99.55,146620.0
950442,2023-01-10,87.35,90.0,90.9,86.15,367553.0
950442,2023-02-13,66.35,68.8,69.8,65.55,422802.0
950442,2023-02-23,60.15,60.95,62.0,59.65,277567.0
950442,2023-03-14,67.25,64.1,67.25,61.7,380189.0
950442,2023-03-24,62.0,64.85,65.6,61.7,381785.0
950442,2023-05-11,81.35,81.35,83.85,80.7,265038.0
950442,2023-05-18,78.85,80.55,81.25,77.7,344804.0
950442,2023-05-22,80.85,80.5,83.5,79.6,464994.0
950442,2023-06-22,75.4,76.9,77.55,75.0,253828.0
950442,2023-07-10,79.0,78.7,80.75,78.0,806480.0
950442,2023-08-02,80.05,85.0,85.7,78.3,2043159.0
950442,2023-08-09,98.35,96.4,100.25,95.6,3554118.0
950442,2021-12-29,43.6,45.9,45.9,43.0,300014.0
950442,2022-02-28,94.95,87.4,96.35,87.4,901400.0
950442,2022-01-12,62.05,66.1,66.85,62.05,1043486.0
950442,2022-01-19,77.55,76.0,78.0,74.4,781531.0
950442,2022-02-02,90.9,90.9,90.9,90.9,89118.0
950442,2022-02-08,110.4,110.4,110.4,102.6,1964998.0
950442,2022-03-02,99.65,99.65,99.65,99.65,114732.0
950442,2022-03-07,104.35,106.2,107.3,104.35,167397.0
950442,2022-04-08,102.0,97.0,102.0,92.3,665553.0
950442,2022-06-24,60.7,57.4,60.7,56.15,128197.0
950442,2022-06-28,58.3,60.35,60.35,57.35,247321.0
950442,2022-07-27,59.95,57.1,59.95,56.1,90537.0
950442,2022-08-03,59.2,60.95,61.0,58.65,147378.0
950442,2022-08-19,54.8,57.5,57.5,54.0,708515.0
950442,2022-10-10,113.15,108.0,113.15,105.0,821746.0
950442,2022-11-03,101.55,100.95,103.0,100.0,259704.0
950442,2023-01-02,93.3,95.0,95.0,92.75,194780.0
950442,2023-01-06,88.5,90.65,91.45,88.0,203019.0
950442,2023-01-16,96.05,98.35,98.35,94.3,1580142.0
950442,2023-01-17,92.4,96.25,97.9,91.75,438633.0
950442,2023-02-21,63.05,65.35,66.0,63.05,522092.0
950442,2023-03-01,62.55,61.2,62.55,60.8,78457.0
950442,2023-04-06,73.2,73.2,73.2,70.15,1898056.0
950442,2023-05-15,82.9,82.65,86.2,80.3,657279.0
950442,2023-05-24,78.45,80.0,80.9,77.3,256362.0
950442,2023-06-14,78.45,79.45,80.4,77.9,286934.0
950442,2023-06-28,74.75,74.35,77.2,73.2,722878.0
950442,2023-08-18,136.4,133.0,141.9,132.0,11708974.0
950442,2022-03-22,98.6,99.2,102.7,98.0,159980.0
950442,2022-05-02,84.3,84.3,87.0,84.3,487983.0
950442,2022-05-13,62.85,57.5,63.5,57.5,285818.0
950442,2022-05-26,65.2,64.85,66.0,60.5,99032.0
950442,2022-06-29,55.4,57.4,61.0,55.4,195951.0
950442,2022-07-25,58.85,60.9,60.9,58.2,90840.0
950442,2022-08-30,66.3,66.3,66.3,66.3,171470.0
950442,2022-09-12,89.6,89.6,89.6,89.6,79318.0
950442,2022-09-28,107.65,107.65,107.65,107.65,185020.0
950442,2022-10-04,106.5,117.45,117.45,106.5,2273446.0
950442,2022-11-01,102.8,103.0,105.75,101.5,411097.0
950442,2022-11-18,99.7,103.45,103.45,99.0,227690.0
950442,2022-12-20,101.15,101.5,105.9,100.5,462593.0
950442,2023-03-29,61.45,57.3,61.45,57.3,444705.0
950442,2023-04-26,87.7,89.4,92.0,85.8,902966.0
950442,2023-05-12,81.7,80.8,83.55,80.8,234088.0
950442,2023-06-13,78.9,78.0,81.05,77.5,436946.0
950442,2023-07-13,71.7,77.65,79.4,70.95,1393917.0
950442,2023-08-01,85.35,86.15,88.0,84.05,2949467.0
950442,2023-08-11,95.3,98.8,99.8,94.05,1320364.0
950442,2022-01-04,51.3,51.3,51.3,51.3,328964.0
950442,2022-01-06,56.5,56.5,56.5,56.5,272543.0
950442,2022-01-11,65.3,64.9,65.35,62.25,1472898.0
950442,2022-02-04,100.15,100.15,100.15,100.15,119182.0
950442,2022-03-16,104.65,106.4,110.0,101.6,260540.0
950442,2022-03-17,105.6,106.0,108.4,101.75,190810.0
950442,2022-04-13,102.55,101.9,104.4,100.55,158774.0
950442,2022-05-06,74.2,74.55,75.95,74.15,316463.0
950442,2022-06-10,81.25,81.25,84.5,80.0,160377.0
950442,2022-07-01,53.45,53.9,54.0,51.65,90194.0
950442,2022-08-05,58.45,57.6,59.0,57.4,102402.0
950442,2022-08-08,57.95,59.4,59.9,56.0,186267.0
950442,2022-10-11,118.8,118.8,118.8,115.5,1174569.0
950442,2022-10-21,99.85,99.0,103.0,99.0,436837.0
950442,2022-10-25,95.7,101.0,101.9,95.3,587365.0
950442,2022-11-15,103.95,106.35,108.5,103.25,391638.0
950442,2022-12-16,99.8,101.5,101.95,99.4,372297.0
950442,2023-02-10,69.0,71.3,71.3,68.6,199319.0
950442,2023-02-16,69.5,68.9,69.5,68.0,420570.0
950442,2023-03-21,66.35,68.8,69.75,66.0,513575.0
950442,2023-03-22,65.05,67.45,68.25,64.5,252100.0
950442,2023-03-23,64.55,65.15,66.6,63.85,163312.0
950442,2023-04-10,69.55,74.0,75.2,69.55,1311914.0
950442,2023-04-24,77.3,77.0,81.9,75.8,980269.0
950442,2023-06-26,72.4,73.45,73.5,71.0,263797.0
950442,2021-12-28,44.8,47.0,47.5,44.4,358613.0
950442,2022-01-21,74.15,76.6,77.05,74.15,585052.0
950442,2022-01-31,82.5,82.5,82.5,80.55,1301612.0
950442,2022-02-23,93.9,92.5,102.2,92.5,1365541.0
950442,2022-03-15,106.4,116.0,116.0,106.4,421925.0
950442,2022-03-25,93.75,96.7,96.7,91.95,296345.0
950442,2022-04-05,103.05,102.0,104.7,99.4,473887.0
950442,2022-06-02,77.5,77.5,77.5,75.5,450560.0
950442,2022-07-04,52.05,53.45,55.8,51.05,118434.0
950442,2022-07-11,64.05,63.5,64.55,60.05,183061.0
950442,2022-07-20,63.4,61.9,63.65,61.5,365988.0
950442,2022-08-16,61.6,62.1,62.8,60.0,192135.0
950442,2022-08-24,54.6,54.75,55.7,53.0,204620.0
950442,2022-08-29,63.15,63.15,63.15,57.65,708659.0
950442,2022-10-03,112.1,110.0,113.6,106.2,2786651.0
950442,2022-10-27,100.45,97.65,100.45,95.8,411841.0
950442,2022-11-04,99.3,102.45,102.5,98.3,318505.0
950442,2022-11-23,95.7,97.3,98.15,94.65,227278.0
950442,2022-12-21,96.2,102.8,103.0,96.1,560974.0
950442,2023-01-20,92.85,93.2,94.05,92.5,123746.0
950442,2023-02-01,74.4,75.55,78.85,73.55,851375.0
950442,2023-02-09,71.35,70.65,72.8,68.7,823972.0
950442,2023-02-24,57.65,60.0,61.95,57.15,367074.0
950442,2023-03-17,69.6,70.5,72.65,67.5,466236.0
950442,2023-06-02,80.65,81.25,82.7,80.35,579705.0
950442,2023-06-07,79.95,80.85,81.6,79.4,408247.0
950442,2023-06-15,77.5,78.4,80.1,77.1,415491.0
950442,2023-06-21,76.35,77.5,78.5,76.0,248810.0
950442,2023-07-11,78.2,79.95,79.95,77.5,435618.0
950442,2023-07-31,85.3,80.15,86.0,80.15,4527356.0
950442,2023-08-03,85.35,80.0,86.0,79.75,2510710.0
950442,2023-08-23,148.6,140.1,148.8,139.9,2048577.0
950442,2022-01-03,48.9,48.85,48.9,48.8,363392.0
950442,2022-02-18,107.8,107.8,107.8,107.8,48798.0
950442,2022-02-21,102.45,102.45,102.45,102.45,44118.0
950442,2022-03-04,109.8,109.8,109.8,101.15,1399518.0
950442,2022-04-29,88.7,86.1,92.5,86.1,111554.0
950442,2022-08-04,58.05,60.3,60.95,56.95,230040.0
950442,2022-08-17,58.95,61.4,62.45,58.65,195806.0
950442,2022-09-07,84.5,84.5,84.5,80.5,1344319.0
950442,2022-11-28,97.35,97.8,99.0,96.55,145206.0
950442,2022-12-30,93.65,94.85,96.2,93.1,227340.0
950442,2023-03-13,64.05,68.65,68.65,64.05,305461.0
950442,2023-06-27,72.9,72.4,73.95,72.4,162835.0
950442,2023-07-17,73.8,76.8,77.6,72.95,685687.0
950442,2023-07-24,75.15,76.0,76.7,75.0,259274.0
950442,2023-07-25,76.15,76.25,76.9,74.4,372303.0
950442,2023-08-07,98.0,86.6,102.4,86.55,17896239.0
950442,2022-01-18,74.4,72.0,75.35,71.8,1285954.0
950442,2022-01-28,78.6,76.0,78.6,74.2,1054871.0
950442,2022-02-11,127.7,125.95,127.7,117.0,1975834.0
950442,2022-03-08,102.9,99.15,109.0,99.15,473361.0
950442,2022-03-24,96.75,98.0,99.8,95.85,207026.0
950442,2022-04-21,98.6,95.3,98.6,93.5,233209.0
950442,2022-07-06,57.35,56.0,57.35,55.5,245372.0
950442,2022-08-12,61.5,60.0,61.55,58.5,304180.0
950442,2022-10-14,105.65,114.4,114.4,104.9,700388.0
950442,2022-11-25,97.45,96.0,99.6,95.45,280436.0
950442,2022-11-29,96.45,98.0,98.8,96.3,149792.0
950442,2023-01-04,91.4,94.0,94.0,90.15,191894.0
950442,2023-01-23,92.3,93.05,93.75,91.6,114555.0
950442,2023-03-02,65.65,65.65,65.65,63.6,578197.0
950442,2023-04-20,88.8,91.0,91.8,88.0,292235.0
950442,2023-05-04,88.15,88.7,89.95,87.5,267333.0
950442,2023-05-23,80.2,81.0,82.4,79.8,276099.0
950442,2023-05-31,82.3,86.95,87.0,80.8,1704471.0
950442,2023-06-12,77.65,78.15,80.0,77.25,373614.0
950442,2023-07-03,75.45,73.1,76.4,72.9,662798.0
