stockid,date,close,open,high,low,volume
256229,2021-01-29,481.05,491.85,509.4,471.0,1502010.0
256229,2021-03-12,486.35,495.0,497.0,482.2,368736.0
256229,2021-03-26,403.1,413.85,416.35,402.0,536661.0
256229,2021-07-28,516.3,530.0,531.4,507.8,668273.0
256229,2021-10-08,506.7,495.0,534.3,495.0,6345605.0
256229,2021-10-28,427.2,435.95,439.0,423.55,353773.0
256229,2021-11-10,459.5,465.0,477.55,455.7,655897.0
256229,2021-01-13,495.6,511.0,511.5,485.05,623337.0
256229,2021-02-19,489.7,479.0,500.95,479.0,638059.0
256229,2021-03-23,442.0,449.85,451.8,440.0,445287.0
256229,2021-04-06,459.75,442.8,472.95,438.0,1307087.0
256229,2021-01-05,526.55,519.0,537.1,516.6,1128510.0
256229,2021-05-28,658.45,660.0,691.4,648.0,3684015.0
256229,2021-01-14,531.3,495.6,538.5,485.5,2507177.0
256229,2021-06-01,620.65,649.9,655.0,617.0,2256663.0
256229,2021-02-15,493.25,501.1,503.75,492.0,452238.0
256229,2021-06-04,655.1,659.4,666.0,650.05,864463.0
256229,2021-01-04,523.1,549.8,558.0,518.0,1915031.0
256229,2021-01-07,518.8,521.2,532.0,515.4,551358.0
256229,2021-01-28,486.7,482.0,494.7,476.25,458715.0
256229,2021-03-05,489.6,501.0,505.45,487.05,493773.0
256229,2021-03-10,493.1,495.65,498.6,490.05,280715.0
256229,2021-03-17,458.6,468.15,474.5,455.65,345919.0
256229,2022-02-03,394.15,399.6,400.9,392.65,265010.0
256229,2022-02-15,385.9,387.55,394.15,372.1,422754.0
256229,2022-02-23,376.4,379.1,385.6,374.0,267753.0
256229,2022-03-30,274.9,285.1,285.1,274.05,1105474.0
256229,2022-04-05,292.55,290.0,295.5,288.35,842815.0
256229,2021-05-17,639.45,639.3,662.0,627.25,3545011.0
256229,2021-06-28,538.4,565.0,568.1,533.0,2153968.0
256229,2021-05-21,681.8,695.95,698.6,675.1,1770770.0
256229,2021-08-18,479.75,490.0,491.7,474.0,405467.0
256229,2021-07-02,533.45,545.5,545.5,530.0,594279.0
256229,2021-09-17,440.2,440.9,455.8,424.05,1098351.0
256229,2021-07-07,552.7,555.95,561.0,544.1,634627.0
256229,2021-10-04,446.8,452.9,459.8,445.0,510275.0
256229,2021-07-14,537.9,547.7,549.4,536.4,342865.0
256229,2021-07-15,534.95,540.75,545.9,531.85,369695.0
256229,2021-10-11,487.2,508.0,508.0,483.0,1324833.0
256229,2021-08-03,528.95,530.7,541.7,525.5,398464.0
256229,2021-10-20,450.6,464.0,465.45,445.1,538340.0
256229,2021-11-22,421.55,441.75,444.1,416.15,466084.0
256229,2021-11-23,431.55,417.7,434.0,412.15,515364.0
256229,2021-11-04,440.45,440.0,441.3,438.7,61247.0
256229,2021-12-13,441.0,440.0,454.85,439.35,1032246.0
256229,2022-01-28,393.9,394.1,406.15,392.2,407770.0
256229,2022-01-24,394.35,408.0,408.4,390.0,422745.0
256229,2022-02-11,412.55,395.0,420.3,395.0,1161015.0
256229,2022-02-28,339.05,338.7,342.0,331.9,360114.0
256229,2022-03-11,310.0,313.15,317.0,309.0,619613.0
256229,2022-03-17,292.25,292.2,295.3,290.25,466620.0
256229,2022-03-14,306.2,309.25,313.2,305.0,487226.0
256229,2022-04-07,304.85,303.95,315.9,302.6,2089636.0
256229,2021-05-05,534.35,521.0,557.4,518.0,6853772.0
256229,2021-06-02,647.55,624.6,653.0,622.25,1857642.0
256229,2021-06-08,651.3,654.95,656.55,640.25,785520.0
256229,2021-06-11,659.4,667.95,669.0,652.8,557909.0
256229,2021-07-05,542.45,538.0,549.95,532.5,899135.0
256229,2021-07-26,549.65,549.7,564.4,546.3,506424.0
256229,2021-08-06,509.3,514.9,515.0,506.1,306902.0
256229,2021-08-27,396.2,417.9,424.0,393.2,2814861.0
256229,2021-09-09,415.6,415.7,419.4,412.55,244329.0
256229,2021-09-21,424.55,431.7,435.35,419.5,466385.0
256229,2021-10-05,448.05,447.8,455.0,444.0,553656.0
256229,2021-11-01,427.3,428.6,434.0,424.05,266674.0
256229,2021-11-08,463.2,442.95,474.0,430.0,3404542.0
256229,2021-11-09,468.1,459.9,479.65,453.0,1174242.0
256229,2021-12-01,434.05,438.4,441.15,431.2,369653.0
256229,2022-01-03,412.85,412.85,419.8,410.1,498503.0
256229,2022-01-04,437.9,419.85,446.4,417.05,3147977.0
256229,2022-01-20,418.2,422.35,426.6,417.1,284520.0
256229,2022-03-03,340.45,343.5,345.55,336.85,264081.0
256229,2022-03-04,346.45,341.5,348.9,339.4,811468.0
256229,2022-03-10,313.15,313.0,326.4,310.6,958201.0
256229,2022-03-24,312.5,311.5,320.0,306.9,813049.0
256229,2021-03-31,414.05,430.0,430.0,410.0,496922.0
256229,2021-04-27,513.65,518.9,523.0,510.1,715186.0
256229,2021-05-31,650.5,660.0,675.0,640.0,1353533.0
256229,2021-06-03,654.45,654.5,664.8,638.45,1266104.0
256229,2021-06-18,590.55,605.0,617.95,581.2,654712.0
256229,2021-06-22,596.5,605.5,613.9,595.0,355101.0
256229,2021-06-23,561.35,604.0,608.0,558.4,2068194.0
256229,2021-07-08,543.35,552.7,555.75,535.7,472189.0
256229,2021-07-13,546.25,546.95,555.0,542.5,433978.0
256229,2021-07-16,572.7,540.0,576.15,536.3,2548571.0
256229,2021-08-31,405.3,408.7,413.0,403.3,491648.0
256229,2021-09-13,414.65,414.7,419.7,413.1,261605.0
256229,2021-09-27,445.95,428.75,451.4,421.05,1381563.0
256229,2021-11-03,437.5,436.0,448.8,433.8,700013.0
256229,2021-11-18,441.6,457.5,460.85,440.0,451361.0
256229,2021-12-02,431.05,433.8,438.0,428.45,278316.0
256229,2021-12-21,391.05,395.0,404.7,388.5,585719.0
256229,2021-12-28,393.3,394.0,397.65,392.05,341390.0
256229,2022-02-01,393.75,396.4,398.75,391.45,235283.0
256229,2021-01-15,533.05,532.9,548.0,520.25,2366639.0
256229,2021-01-20,535.35,529.45,556.9,521.45,2597956.0
256229,2021-01-25,496.8,517.0,519.8,488.15,789173.0
256229,2021-02-02,496.4,488.5,507.0,485.0,696092.0
256229,2021-02-09,519.55,507.0,535.6,506.35,1680083.0
256229,2021-02-26,501.45,489.55,522.6,486.5,2542921.0
256229,2021-04-09,475.25,459.75,482.95,456.95,1423905.0
256229,2021-05-19,678.0,629.4,691.25,625.15,8211285.0
256229,2021-06-30,518.05,531.7,545.5,516.0,2446051.0
256229,2021-07-20,557.6,585.0,586.7,545.9,1095684.0
256229,2021-07-22,550.25,561.75,584.0,540.4,2467468.0
256229,2021-08-25,436.75,447.1,449.5,434.75,322359.0
256229,2021-09-06,416.6,422.0,425.9,413.05,391318.0
256229,2021-09-08,416.6,412.9,425.0,410.65,418174.0
256229,2021-09-15,445.8,419.2,449.3,418.0,2683163.0
256229,2021-09-16,439.4,445.95,449.85,436.05,757931.0
256229,2021-09-29,445.05,434.0,456.7,431.0,1158348.0
256229,2021-10-19,466.05,483.0,489.5,462.95,531760.0
256229,2021-11-15,465.55,453.0,469.0,446.6,942883.0
256229,2021-11-29,421.0,431.0,436.7,419.25,519219.0
256229,2021-12-03,440.95,432.9,448.0,431.4,946180.0
256229,2021-12-27,394.0,390.9,395.6,388.05,377395.0
256229,2022-01-25,395.9,388.1,398.45,385.1,297518.0
256229,2022-04-08,305.5,307.0,312.2,303.35,737567.0
256229,2021-02-03,516.15,497.0,529.95,492.5,1385001.0
256229,2021-02-12,501.45,518.7,520.8,494.3,618034.0
256229,2021-04-22,518.2,512.0,547.7,508.55,7605759.0
256229,2021-04-30,514.65,505.1,532.75,505.0,2313729.0
256229,2021-05-14,633.8,635.0,648.4,625.65,2369338.0
256229,2021-05-24,689.95,685.0,702.0,679.0,1584897.0
256229,2021-06-14,646.55,656.9,656.9,631.85,487059.0
256229,2021-06-29,528.65,540.0,550.1,524.5,1058287.0
256229,2021-08-02,528.45,533.7,535.0,525.0,228295.0
256229,2021-09-20,431.3,438.0,452.0,426.4,631507.0
256229,2021-09-24,425.5,435.2,435.25,422.8,351032.0
256229,2021-10-01,451.35,451.75,459.7,448.0,604917.0
256229,2021-12-20,392.1,410.4,410.4,371.75,1270543.0
256229,2021-12-22,390.05,391.3,396.7,388.2,681534.0
256229,2021-02-16,505.1,495.95,513.7,494.0,661406.0
256229,2021-02-24,488.75,491.0,497.75,485.6,190146.0
256229,2021-03-08,484.6,492.9,494.05,483.1,369530.0
256229,2021-03-09,492.7,494.4,506.5,487.0,868860.0
256229,2021-04-05,438.1,428.0,443.0,425.05,665678.0
256229,2021-04-15,445.9,445.4,452.0,434.35,492433.0
256229,2021-04-28,510.75,516.0,526.0,507.05,1011755.0
256229,2021-04-29,512.55,512.0,528.8,504.1,2021096.0
256229,2021-12-23,393.95,393.0,396.4,392.25,388927.0
256229,2022-01-12,421.25,425.0,426.0,419.0,314069.0
256229,2022-01-14,428.0,426.0,435.4,424.2,768171.0
256229,2022-04-01,282.85,265.7,284.8,265.65,1839047.0
256229,2021-05-20,690.1,685.05,715.0,678.1,5955484.0
256229,2021-06-07,652.2,660.75,660.75,650.05,529848.0
256229,2021-07-23,548.25,554.0,558.35,543.0,605062.0
256229,2021-08-05,513.7,521.0,521.8,506.45,418828.0
256229,2021-09-01,400.85,404.9,409.7,398.0,496066.0
256229,2021-11-26,429.95,431.1,452.0,426.0,928826.0
256229,2021-12-07,432.55,430.0,434.45,428.2,272212.0
256229,2022-01-18,417.8,424.4,427.5,415.0,332681.0
256229,2022-02-04,394.9,396.0,398.15,391.7,244136.0
256229,2022-02-25,340.45,330.0,348.9,330.0,597943.0
256229,2021-01-22,513.75,519.0,525.25,507.2,586404.0
256229,2021-01-27,486.35,496.8,498.0,483.1,463436.0
256229,2021-03-22,448.55,424.2,457.8,424.2,1398217.0
256229,2021-04-08,459.75,462.5,471.0,457.6,576089.0
256229,2021-05-27,674.6,789.7,797.95,662.0,9451285.0
256229,2021-06-17,614.45,625.5,635.45,608.65,448705.0
256229,2021-06-24,541.85,568.9,575.0,539.2,1281604.0
256229,2021-07-27,527.8,555.9,558.95,521.3,830661.0
256229,2021-09-14,417.4,417.65,421.7,415.6,373503.0
256229,2021-09-28,436.8,445.0,445.95,430.5,431123.0
256229,2021-11-16,456.95,468.0,473.0,455.0,582527.0
256229,2021-12-06,428.4,441.0,444.65,425.0,426526.0
256229,2021-12-08,434.15,434.9,439.9,432.25,322721.0
256229,2021-12-24,391.65,395.0,398.9,389.5,380973.0
256229,2021-02-17,491.35,507.65,507.65,489.0,456445.0
256229,2022-01-27,394.05,395.8,400.9,379.3,717532.0
256229,2021-02-18,485.65,495.0,495.0,479.0,488553.0
256229,2022-02-09,390.7,395.1,397.0,388.35,226175.0
256229,2021-01-12,509.45,511.0,514.9,506.05,455529.0
256229,2021-02-04,517.25,511.0,526.95,511.0,477109.0
256229,2021-02-23,489.5,483.45,496.9,477.75,473720.0
256229,2021-01-11,511.05,518.4,521.55,506.6,456029.0
256229,2021-01-21,517.9,536.9,540.0,512.5,806334.0
256229,2021-02-01,483.95,481.8,487.9,476.15,479966.0
256229,2021-02-05,508.55,522.4,523.45,505.5,463968.0
256229,2021-03-15,476.55,489.0,489.0,470.05,416768.0
256229,2021-03-16,468.15,478.25,484.8,467.0,359945.0
256229,2021-03-18,434.9,462.7,464.9,430.1,565151.0
256229,2021-04-20,506.25,462.8,530.0,460.05,12676520.0
256229,2021-04-26,516.9,509.9,529.6,503.5,3425189.0
256229,2021-05-18,629.5,644.85,647.0,625.6,1205485.0
256229,2021-06-16,628.05,645.5,648.6,626.0,398748.0
256229,2021-08-12,489.0,480.0,493.35,478.15,326321.0
256229,2021-08-20,453.85,455.0,475.0,450.25,619445.0
256229,2021-10-06,443.65,449.05,458.8,440.1,622527.0
256229,2021-10-07,480.3,445.9,485.9,445.55,2803294.0
256229,2021-10-13,482.2,492.0,494.65,481.0,615909.0
256229,2021-10-29,426.95,422.0,431.5,418.25,364656.0
256229,2021-12-16,427.2,433.0,434.9,424.0,234524.0
256229,2022-01-05,436.5,438.05,446.0,428.5,1242436.0
256229,2022-01-13,428.25,421.0,433.3,420.35,656742.0
256229,2021-01-06,518.6,529.0,531.2,511.6,620018.0
256229,2021-01-08,516.8,521.4,532.0,510.0,685511.0
256229,2021-02-11,517.9,521.95,526.0,516.0,420344.0
256229,2021-03-03,506.45,513.1,514.8,505.05,519217.0
256229,2021-03-25,408.95,423.5,425.5,407.4,442753.0
256229,2021-05-11,621.1,591.4,631.0,585.0,3844485.0
256229,2021-05-26,786.65,736.8,804.9,732.0,8982799.0
256229,2021-07-19,580.85,568.65,592.0,566.05,1314200.0
256229,2021-08-09,514.15,510.0,521.8,506.95,322283.0
256229,2021-08-16,499.3,514.0,515.0,498.0,287419.0
256229,2021-08-17,488.55,499.8,499.8,485.15,324788.0
256229,2021-08-24,447.25,428.0,449.2,420.15,559859.0
256229,2021-08-30,407.75,400.25,414.0,396.25,1185368.0
256229,2021-10-22,447.6,462.5,465.85,442.25,460888.0
256229,2021-10-26,435.2,432.1,443.0,430.1,394423.0
256229,2021-11-17,457.1,455.8,468.45,454.05,391015.0
256229,2021-12-14,439.1,439.75,447.15,437.05,364167.0
256229,2021-12-17,414.2,428.0,429.25,412.75,367989.0
256229,2022-01-07,425.8,440.35,440.55,419.65,1299285.0
256229,2022-02-02,397.5,397.0,403.45,395.1,287502.0
256229,2022-02-14,390.3,404.0,404.5,388.0,367653.0
256229,2022-02-16,386.85,388.65,394.9,382.6,306806.0
256229,2022-03-08,308.2,313.0,321.65,304.6,1490701.0
256229,2022-03-15,289.0,307.0,309.7,287.35,946926.0
256229,2021-06-10,663.4,664.9,669.55,656.0,557398.0
256229,2022-02-22,376.75,370.0,395.0,368.75,801136.0
256229,2021-06-15,642.1,647.0,658.7,640.0,382739.0
256229,2022-03-07,340.25,342.7,345.5,328.3,684835.0
256229,2021-06-25,565.6,546.0,578.5,541.1,1675144.0
256229,2022-03-22,311.75,325.8,325.8,310.7,1195676.0
256229,2021-07-09,540.05,545.0,547.0,536.9,278384.0
256229,2021-08-11,477.25,500.0,501.75,470.0,616786.0
256229,2021-12-10,438.6,434.4,451.0,433.05,1061739.0
256229,2021-12-31,412.85,401.6,423.7,401.25,2090894.0
256229,2022-01-31,393.8,397.7,401.8,390.35,291153.0
256229,2022-02-18,373.3,376.5,379.5,372.05,224828.0
256229,2022-02-21,380.25,371.0,406.5,361.0,1821480.0
256229,2022-03-02,338.15,335.7,344.5,335.25,263618.0
256229,2021-01-01,544.05,544.5,554.35,538.0,1065486.0
256229,2021-01-18,509.25,536.4,536.8,502.25,876204.0
256229,2021-01-19,527.1,512.05,530.0,512.0,669351.0
256229,2021-02-10,522.5,524.95,540.0,516.25,1768684.0
256229,2021-03-19,423.35,431.7,431.7,412.45,710877.0
256229,2021-03-24,421.1,441.0,444.75,418.0,603346.0
256229,2021-04-19,457.65,456.0,468.0,443.1,921502.0
256229,2021-05-07,573.05,590.0,607.7,570.0,5152198.0
256229,2021-07-06,554.45,544.0,565.0,543.0,1868960.0
256229,2021-08-04,519.3,530.55,534.6,514.55,330993.0
256229,2021-08-13,512.1,493.0,528.7,493.0,1674028.0
256229,2021-11-02,434.0,428.1,439.5,428.05,325774.0
256229,2021-11-24,430.75,434.6,439.9,430.0,351315.0
256229,2022-01-06,438.4,436.5,456.5,436.05,2830650.0
256229,2022-01-17,422.9,427.85,437.0,422.1,518453.0
256229,2022-02-07,388.3,394.0,395.75,386.0,246906.0
256229,2022-03-09,308.35,312.0,314.4,304.7,741877.0
256229,2022-04-06,303.9,292.0,313.2,289.4,3415709.0
256229,2022-03-28,297.45,304.75,310.0,295.2,941796.0
256229,2021-04-07,462.1,462.5,471.9,454.05,707897.0
256229,2021-05-06,587.8,540.0,602.0,534.0,10151276.0
256229,2021-05-10,597.05,578.25,611.7,576.0,4529931.0
256229,2021-05-12,630.85,627.0,656.0,618.05,5615989.0
256229,2021-07-30,529.2,519.4,536.5,519.0,435503.0
256229,2021-08-23,427.9,458.0,462.95,425.0,566181.0
256229,2021-09-03,420.85,422.8,430.1,418.65,494247.0
256229,2021-09-30,454.75,443.0,466.0,443.0,1229127.0
256229,2021-10-18,482.65,494.7,494.7,481.2,411718.0
256229,2021-10-27,435.75,435.95,446.4,434.1,421924.0
256229,2021-11-12,451.95,455.95,458.0,448.1,280994.0
256229,2021-11-30,435.55,421.9,439.05,421.8,856208.0
256229,2022-01-11,422.45,428.95,430.1,421.0,409046.0
256229,2022-01-21,409.7,416.4,421.55,407.2,283347.0
256229,2022-03-16,289.75,293.0,298.25,288.8,1178887.0
256229,2022-03-21,326.35,300.0,334.75,299.05,4535098.0
256229,2022-03-25,302.2,314.9,314.9,300.6,651035.0
256229,2021-02-08,507.55,511.65,517.5,503.05,363635.0
256229,2021-02-22,480.8,492.05,494.9,478.0,397593.0
256229,2021-02-25,492.9,493.15,507.7,490.5,579686.0
256229,2021-04-12,439.6,473.0,473.2,435.05,1097341.0
256229,2021-03-01,500.35,506.7,513.6,497.35,503923.0
256229,2021-04-13,446.15,443.0,453.5,438.1,573493.0
256229,2021-03-02,510.5,502.0,519.4,497.0,1065650.0
256229,2021-03-04,498.9,502.0,517.3,494.6,689817.0
256229,2021-04-23,504.05,517.15,533.0,500.05,2569992.0
256229,2021-05-03,518.95,512.4,525.45,512.4,871715.0
256229,2021-03-30,428.95,407.0,434.9,406.85,1358583.0
256229,2021-05-04,516.95,522.15,540.0,513.35,2581336.0
256229,2021-06-21,599.95,583.0,608.9,578.5,598296.0
256229,2021-09-02,420.1,403.0,425.45,402.0,1280078.0
256229,2021-10-12,491.1,486.7,498.15,485.0,703307.0
256229,2021-10-14,490.5,484.55,498.0,482.0,899299.0
256229,2021-10-21,462.3,452.0,468.0,447.6,559646.0
256229,2021-10-25,431.8,445.8,449.0,425.6,505187.0
256229,2021-11-25,435.85,430.8,449.0,424.15,788298.0
256229,2022-01-10,427.85,429.8,435.85,426.4,689852.0
256229,2022-02-08,394.3,405.0,408.6,392.95,916486.0
256229,2022-02-17,378.15,388.65,392.75,373.2,397306.0
256229,2022-03-29,282.1,295.0,299.0,280.45,1453263.0
256229,2022-03-31,263.6,259.75,271.0,254.3,2901970.0
256229,2021-04-01,428.25,416.85,433.0,414.75,490358.0
256229,2021-04-16,456.5,448.2,464.35,444.05,636372.0
256229,2021-05-25,723.7,694.75,737.0,681.65,3261113.0
256229,2021-06-09,656.8,653.7,677.0,648.5,1537228.0
256229,2021-07-01,540.5,520.7,544.3,515.1,1399594.0
256229,2021-07-12,543.5,545.0,549.75,538.2,301295.0
256229,2021-07-29,519.25,517.8,526.55,517.75,287042.0
256229,2021-08-10,498.3,515.95,524.95,489.1,468280.0
256229,2021-08-26,415.05,437.7,465.0,410.6,3295279.0
256229,2021-09-07,410.65,410.0,417.65,408.8,274088.0
256229,2021-09-22,430.15,426.4,435.95,423.5,347007.0
256229,2021-09-23,433.0,433.45,439.85,431.1,349117.0
256229,2021-11-11,453.65,459.7,464.7,450.8,528666.0
256229,2021-12-09,434.65,436.0,439.7,433.05,271095.0
256229,2021-12-15,430.75,440.0,442.1,428.1,299981.0
256229,2021-12-29,397.65,393.0,408.9,392.85,1411044.0
256229,2021-12-30,399.95,398.0,403.4,397.3,428912.0
256229,2022-01-19,422.4,416.7,425.3,412.0,496189.0
256229,2022-02-10,398.7,390.8,403.2,388.95,428509.0
256229,2022-02-24,329.1,365.0,370.0,325.3,797684.0
256229,2022-03-23,311.4,313.65,320.3,308.55,828170.0
256229,2022-04-04,288.25,282.4,289.9,281.9,952536.0
256229,2022-04-25,282.15,285.5,287.7,279.95,366045.0
256229,2022-04-22,289.35,289.0,292.95,287.45,360456.0
256229,2022-04-18,288.5,295.6,298.0,286.2,680286.0
256229,2022-04-11,302.25,300.0,306.25,300.0,523256.0
256229,2022-05-13,234.65,234.9,241.7,230.5,354458.0
256229,2022-06-10,242.6,243.3,247.95,241.85,348475.0
256229,2022-08-08,233.5,234.1,238.4,232.75,357302.0
256229,2022-08-24,256.1,256.1,264.7,253.85,1504988.0
256229,2022-09-15,270.9,277.0,280.25,270.0,801890.0
256229,2022-10-06,247.5,247.85,252.25,246.3,453042.0
256229,2022-11-30,237.9,238.9,242.4,237.0,403061.0
256229,2022-12-19,223.7,221.4,226.25,219.7,638422.0
256229,2023-01-04,232.2,230.0,237.65,228.7,3053680.0
256229,2023-01-09,231.15,232.0,232.7,229.1,642856.0
256229,2023-01-10,226.95,231.55,232.0,226.3,599180.0
256229,2023-04-19,170.0,174.85,174.85,169.15,467263.0
256229,2023-05-03,167.9,168.0,170.75,167.0,290230.0
256229,2023-08-07,259.6,253.35,264.95,252.8,1663296.0
256229,2023-08-18,227.6,241.05,242.9,225.65,1200452.0
256229,2022-05-20,271.25,273.4,278.0,267.55,696071.0
256229,2022-06-17,229.05,232.25,232.5,226.0,279000.0
256229,2022-06-27,221.55,224.5,226.25,220.15,282530.0
256229,2022-07-21,221.65,214.0,224.45,213.7,1307867.0
256229,2022-08-01,222.6,220.0,227.6,219.95,540831.0
256229,2022-08-11,232.05,231.9,233.25,229.5,317938.0
256229,2022-08-16,231.05,234.0,235.5,227.1,663843.0
256229,2022-08-26,242.95,250.6,252.0,241.4,1849072.0
256229,2022-09-08,270.3,282.5,282.55,267.3,2776027.0
256229,2022-10-10,243.1,250.05,252.45,242.2,677644.0
256229,2022-10-13,241.1,244.0,246.05,239.4,325191.0
256229,2022-10-17,244.0,243.2,244.95,241.0,252330.0
256229,2022-10-19,242.5,244.9,246.95,241.1,293473.0
256229,2023-01-16,226.9,224.7,229.95,223.85,495253.0
256229,2023-01-25,204.5,212.5,213.1,203.35,876779.0
256229,2023-01-27,197.8,205.4,206.7,195.0,882881.0
256229,2023-02-21,192.8,190.0,194.25,188.8,412603.0
256229,2023-02-22,196.35,196.5,205.95,194.2,4015628.0
256229,2023-03-23,170.95,174.4,175.15,170.45,478637.0
256229,2023-03-29,150.9,150.1,153.75,145.15,1627712.0
256229,2023-05-05,170.35,168.9,174.3,168.2,1190600.0
256229,2023-05-18,173.2,174.75,175.9,172.0,277632.0
256229,2023-05-24,169.1,168.5,170.5,168.5,244891.0
256229,2023-06-13,182.7,179.55,186.4,179.55,3021197.0
256229,2023-06-15,193.0,190.0,196.35,189.1,2343828.0
256229,2023-06-22,221.9,226.6,229.5,219.5,994371.0
256229,2023-07-20,236.1,235.85,238.2,232.85,679244.0
256229,2022-04-20,285.2,288.0,291.6,284.35,272866.0
256229,2022-07-26,214.6,218.25,218.25,213.0,251470.0
256229,2022-07-28,217.65,216.5,223.75,214.55,510661.0
256229,2022-08-04,235.45,238.75,239.9,227.3,797481.0
256229,2022-08-30,240.95,238.8,242.45,238.65,666464.0
256229,2022-10-25,238.3,241.3,241.85,237.8,195098.0
256229,2022-10-28,236.6,240.75,241.0,235.0,273365.0
256229,2022-11-07,238.95,238.25,239.9,236.25,327867.0
256229,2022-11-14,236.75,227.05,241.3,227.05,1021057.0
256229,2022-11-16,237.35,237.2,242.7,235.3,743563.0
256229,2022-11-24,240.45,241.0,245.9,239.0,665570.0
256229,2022-11-28,238.8,238.05,241.25,236.95,285220.0
256229,2022-12-16,220.25,223.5,223.6,218.95,526219.0
256229,2023-02-06,195.55,194.7,198.0,193.4,304615.0
256229,2023-02-15,189.95,185.3,192.2,185.3,619711.0
256229,2023-03-13,182.15,186.3,188.4,181.0,472376.0
256229,2023-03-21,171.1,170.0,173.8,167.0,1011366.0
256229,2023-03-28,149.3,152.7,154.35,148.3,1231242.0
256229,2023-04-05,160.65,161.0,162.65,159.0,834507.0
256229,2023-05-04,168.55,168.05,169.5,167.35,269944.0
256229,2023-05-17,173.9,174.75,177.6,171.55,441652.0
256229,2023-06-01,168.6,169.4,170.55,167.7,308059.0
256229,2023-07-07,247.45,246.4,254.6,245.3,2394360.0
256229,2023-07-13,234.6,245.0,246.85,232.45,1396440.0
256229,2023-07-19,234.25,238.0,238.95,232.25,528529.0
256229,2023-07-25,233.4,239.55,240.25,232.5,858332.0
256229,2023-08-17,240.8,242.9,245.95,239.25,390147.0
256229,2022-04-13,299.05,304.5,304.6,298.0,428426.0
256229,2022-04-19,285.65,291.9,294.8,281.95,377220.0
256229,2022-05-06,257.55,262.0,262.0,255.05,313139.0
256229,2022-05-27,267.8,264.2,272.7,264.2,718919.0
256229,2022-06-03,262.3,269.25,269.5,261.5,278923.0
256229,2022-06-16,231.0,244.0,244.25,230.0,337061.0
256229,2022-07-01,207.85,206.95,208.8,205.15,375081.0
256229,2022-07-14,212.35,215.1,219.8,211.5,869640.0
256229,2022-08-10,230.4,233.9,234.45,229.1,303568.0
256229,2022-10-21,241.75,246.8,249.85,240.0,467890.0
256229,2022-11-09,238.1,239.9,241.0,237.15,321077.0
256229,2022-12-09,226.3,231.75,233.35,223.3,672475.0
256229,2022-12-14,224.1,225.6,227.7,223.5,563481.0
256229,2023-02-02,197.85,200.0,203.0,196.55,360575.0
256229,2023-02-07,193.25,196.4,196.4,192.9,306513.0
256229,2023-03-09,189.0,190.05,191.5,188.1,344501.0
256229,2023-03-16,171.1,171.4,172.8,165.3,991182.0
256229,2023-04-28,169.05,167.5,169.8,167.45,244434.0
256229,2023-06-07,170.15,176.8,177.65,169.55,2553149.0
256229,2023-07-27,244.0,233.95,247.6,232.25,4590875.0
256229,2023-08-01,243.15,239.5,245.4,238.0,1109162.0
256229,2023-08-09,264.65,257.55,269.1,255.8,2684206.0
256229,2022-05-10,251.35,253.35,255.5,250.1,203202.0
256229,2022-05-17,244.65,239.0,245.0,239.0,199439.0
256229,2022-05-19,268.35,272.0,280.0,265.3,2012534.0
256229,2022-08-05,234.0,236.05,238.3,231.4,476054.0
256229,2022-09-02,235.6,238.8,239.6,234.8,403481.0
256229,2022-10-14,243.65,245.05,249.5,242.9,512114.0
256229,2022-11-10,228.75,238.5,242.6,226.85,593622.0
256229,2022-12-08,230.55,226.0,234.0,226.0,1043477.0
256229,2023-02-16,193.4,190.9,194.3,189.1,376414.0
256229,2023-03-03,189.75,189.25,192.3,187.5,410484.0
256229,2023-03-31,153.9,151.35,156.25,151.35,1372837.0
256229,2023-04-13,169.7,169.05,173.65,169.05,692542.0
256229,2023-04-25,166.25,170.15,170.7,165.0,379794.0
256229,2023-05-15,174.05,177.0,177.5,172.1,366814.0
256229,2023-06-09,171.35,174.0,175.4,170.5,755445.0
256229,2023-07-05,242.7,241.4,248.0,238.0,2294076.0
256229,2023-08-22,233.5,231.9,236.55,231.6,464660.0
256229,2023-08-23,233.55,233.95,236.55,233.0,121703.0
256229,2022-05-09,253.0,256.15,256.55,251.0,252246.0
256229,2022-05-18,283.25,244.4,288.4,244.4,5991748.0
256229,2022-06-06,262.05,261.5,266.95,257.35,252104.0
256229,2022-06-23,221.5,216.8,224.0,216.15,272999.0
256229,2022-07-07,209.1,207.95,212.0,206.9,547734.0
256229,2022-08-23,256.1,256.55,263.0,254.2,688021.0
256229,2022-09-27,243.75,240.95,247.0,235.55,677463.0
256229,2022-12-15,223.15,225.25,227.45,222.35,502652.0
256229,2022-12-26,226.5,227.0,231.0,225.1,1045702.0
256229,2023-01-20,217.4,222.9,223.6,217.0,450034.0
256229,2023-02-24,194.55,199.3,200.2,193.65,333173.0
256229,2023-02-28,187.25,191.0,191.45,186.55,370016.0
256229,2023-04-11,163.85,163.0,166.25,162.45,659506.0
256229,2023-04-12,168.85,164.15,169.7,163.6,1048295.0
256229,2023-05-10,171.3,172.3,174.0,170.0,574488.0
256229,2023-05-29,169.25,172.0,172.0,168.1,291664.0
256229,2023-06-08,171.9,171.15,174.15,170.25,1471319.0
256229,2023-06-14,188.6,183.9,190.0,182.9,2211764.0
256229,2023-06-23,228.85,222.5,237.45,215.25,4123419.0
256229,2023-06-30,235.45,236.1,240.0,233.6,1032490.0
256229,2022-04-21,289.3,287.75,290.5,286.95,292100.0
256229,2022-05-25,262.05,281.5,284.35,260.05,532775.0
256229,2022-05-26,262.85,265.0,266.35,249.0,441654.0
256229,2022-06-07,256.3,262.0,262.0,252.95,383642.0
256229,2022-06-08,256.75,257.6,259.9,255.05,226455.0
256229,2022-07-08,209.15,211.0,212.95,208.1,445288.0
256229,2022-07-12,213.0,212.25,220.0,211.85,748499.0
256229,2022-07-18,212.85,213.7,214.5,211.45,377780.0
256229,2022-09-26,239.25,255.0,255.0,235.4,750108.0
256229,2022-11-29,237.8,239.55,239.65,236.5,254576.0
256229,2022-12-02,243.7,244.35,246.25,242.0,416373.0
256229,2022-12-07,224.95,229.8,231.55,223.6,2070473.0
256229,2022-12-30,223.05,225.9,226.75,222.35,584349.0
256229,2023-01-06,229.0,235.0,236.7,226.0,1043241.0
256229,2023-01-12,224.1,227.0,227.4,223.5,445606.0
256229,2023-02-14,186.9,188.2,189.9,184.3,588683.0
256229,2023-02-27,191.05,193.0,194.4,189.1,341907.0
256229,2023-03-27,151.2,161.95,161.95,150.3,3452676.0
256229,2023-05-02,169.7,171.05,171.9,168.95,316008.0
256229,2023-05-11,175.9,173.9,178.9,171.3,1519339.0
256229,2023-05-12,176.05,177.0,178.0,175.5,428290.0
256229,2023-05-25,171.65,169.2,173.0,168.1,395227.0
256229,2023-05-31,168.6,169.55,171.2,168.2,277924.0
256229,2023-07-14,235.7,234.6,237.8,232.55,955378.0
256229,2022-06-20,215.3,232.5,232.5,210.05,466937.0
256229,2022-07-29,221.05,218.55,224.55,217.3,577973.0
256229,2022-09-06,255.5,245.3,259.7,245.15,3893758.0
256229,2022-09-12,277.9,261.15,282.0,261.0,3661966.0
256229,2022-10-20,243.75,242.4,245.55,240.5,256672.0
256229,2022-11-15,236.95,237.95,238.75,234.25,603009.0
256229,2022-11-25,238.05,241.0,243.0,237.05,284170.0
256229,2022-12-12,225.25,226.0,227.45,224.5,491358.0
256229,2023-06-16,215.2,194.3,221.95,193.0,15497974.0
256229,2023-06-27,232.4,232.5,236.8,231.0,1167608.0
256229,2023-08-02,248.85,243.35,259.25,242.0,7048530.0
256229,2023-08-03,255.65,248.85,258.5,247.5,2194297.0
256229,2022-04-28,279.5,279.1,284.0,278.0,287699.0
256229,2022-05-05,264.6,269.35,270.5,262.1,259637.0
256229,2022-04-26,282.5,284.8,285.75,280.65,251221.0
256229,2022-06-01,264.75,258.0,268.0,258.0,393011.0
256229,2022-05-24,279.7,284.0,293.8,277.8,1485246.0
256229,2022-06-21,220.5,217.0,223.45,217.0,320751.0
256229,2022-04-29,275.55,281.5,282.35,273.3,328507.0
256229,2022-06-30,208.55,211.0,212.2,207.0,736572.0
256229,2022-07-04,207.2,208.0,211.9,206.0,543755.0
256229,2022-07-20,214.45,216.5,217.0,214.0,422212.0
256229,2022-09-07,278.0,253.8,282.0,252.5,8808285.0
256229,2022-09-13,272.75,279.4,280.0,270.1,1193334.0
256229,2022-09-19,255.7,260.05,261.8,253.75,484514.0
256229,2022-09-09,260.65,272.5,272.5,258.0,1894388.0
256229,2022-10-07,253.55,247.5,258.0,247.0,871182.0
256229,2022-10-12,243.65,248.0,248.4,240.25,273424.0
256229,2022-10-24,240.05,242.9,242.9,239.0,126040.0
256229,2022-11-04,239.2,243.0,247.9,236.0,1178373.0
256229,2022-11-03,241.45,240.1,245.75,239.3,467920.0
256229,2022-12-23,223.4,236.75,241.9,221.1,3132762.0
256229,2022-11-21,230.0,234.2,235.2,227.85,217116.0
256229,2023-01-30,198.7,197.75,202.9,195.1,450220.0
256229,2022-12-21,228.7,227.6,235.0,222.5,3498438.0
256229,2023-02-17,190.65,192.8,194.3,189.55,275891.0
256229,2022-12-27,224.85,227.65,229.7,224.5,747332.0
256229,2023-04-10,162.05,161.75,163.7,160.8,337129.0
256229,2023-01-05,235.0,232.7,236.0,228.75,1141257.0
256229,2023-01-23,214.8,218.5,218.9,213.65,410889.0
256229,2023-04-18,174.05,169.25,175.0,167.5,1270378.0
256229,2023-05-30,169.55,169.0,171.9,168.45,269175.0
256229,2023-02-13,191.95,194.9,198.0,186.2,886295.0
256229,2023-06-05,168.3,169.3,170.3,168.0,226988.0
256229,2023-03-08,189.95,191.65,192.45,188.6,463219.0
256229,2023-07-06,246.2,242.7,251.8,241.2,2762259.0
256229,2023-04-03,160.0,155.2,162.0,154.55,2072163.0
256229,2023-07-24,240.3,244.0,247.4,238.0,834084.0
256229,2023-05-22,167.45,169.6,169.6,167.0,288271.0
256229,2023-08-11,253.75,257.5,258.2,250.5,684947.0
256229,2023-06-12,178.4,172.2,179.5,170.4,2026931.0
256229,2023-06-19,234.85,216.0,237.8,213.0,10467424.0
256229,2022-05-02,270.8,273.1,275.5,269.0,242024.0
256229,2022-05-12,230.4,233.0,235.95,228.3,261963.0
256229,2022-06-02,266.25,265.7,269.35,264.75,324769.0
256229,2022-07-19,214.45,212.0,216.5,212.0,437188.0
256229,2022-08-03,237.3,235.0,242.95,234.0,1340742.0
256229,2022-09-30,244.0,241.0,246.7,240.1,463815.0
256229,2022-10-04,245.9,244.0,247.7,243.15,398914.0
256229,2022-10-31,233.45,238.0,239.9,232.55,307705.0
256229,2022-12-28,223.1,225.7,227.9,221.25,823708.0
256229,2022-12-29,224.65,223.3,227.8,223.1,678631.0
256229,2023-01-13,223.85,224.0,225.4,222.55,360301.0
256229,2023-01-18,223.15,224.0,224.85,222.25,302062.0
256229,2023-02-03,194.35,198.9,202.65,192.2,523079.0
256229,2023-02-10,194.25,194.8,196.0,193.15,334849.0
256229,2023-03-01,188.75,187.0,189.85,186.9,275835.0
256229,2023-03-17,170.15,172.2,173.45,168.25,437596.0
256229,2023-03-22,173.75,172.9,174.75,172.05,552547.0
256229,2023-04-26,167.45,166.25,169.9,165.25,297806.0
256229,2023-06-02,168.4,169.5,170.2,168.0,304186.0
256229,2023-06-20,231.7,233.0,243.8,230.0,6981819.0
256229,2023-07-12,244.3,248.35,252.4,242.9,1823826.0
256229,2023-07-21,243.2,235.95,247.9,234.55,1832335.0
256229,2023-08-14,243.0,253.4,253.4,240.8,1868649.0
256229,2023-08-21,231.1,227.55,233.7,226.2,689810.0
256229,2022-04-12,301.85,303.0,307.0,301.0,558528.0
256229,2022-05-04,267.1,271.5,272.95,265.0,309843.0
256229,2022-04-27,278.2,282.1,283.55,275.0,306483.0
256229,2022-08-19,263.0,234.95,267.35,232.0,5972773.0
256229,2022-09-29,241.0,241.45,246.5,236.5,511982.0
256229,2022-10-18,244.4,246.0,247.05,242.5,285985.0
256229,2022-10-27,239.55,239.9,240.9,237.35,213882.0
256229,2022-12-01,243.35,238.95,248.8,238.15,1358761.0
256229,2023-01-02,223.9,223.85,226.3,221.7,532908.0
256229,2023-04-20,173.75,170.9,177.0,169.95,727668.0
256229,2023-04-24,170.15,171.85,173.0,168.05,289609.0
256229,2023-04-27,167.45,167.95,168.9,166.25,195045.0
256229,2023-05-16,174.1,174.9,175.5,172.55,361500.0
256229,2023-07-10,244.45,247.5,249.95,242.9,1258907.0
256229,2023-07-17,238.3,237.0,240.8,235.3,985649.0
256229,2023-07-26,232.55,234.5,236.8,231.15,787676.0
256229,2023-08-10,256.55,265.55,267.95,255.0,1160063.0
256229,2023-08-16,242.9,241.0,244.45,239.2,680747.0
256229,2022-05-16,238.4,237.7,239.95,234.35,181298.0
256229,2022-06-13,236.0,240.0,240.0,232.65,355675.0
256229,2022-07-05,205.65,208.4,212.4,204.85,1314364.0
256229,2022-07-13,214.75,214.1,217.65,213.15,506458.0
256229,2022-07-25,217.6,219.95,219.95,215.45,259783.0
256229,2022-08-22,259.8,259.9,269.9,255.35,2325057.0
256229,2022-09-01,237.3,239.75,243.0,234.65,460398.0
256229,2022-09-16,257.65,271.65,275.65,255.1,1193281.0
256229,2022-09-21,253.95,260.0,262.45,252.6,557517.0
256229,2022-09-23,256.35,259.7,262.0,253.35,748580.0
256229,2022-12-22,236.35,229.5,239.7,228.5,6543949.0
256229,2023-01-11,226.5,227.95,228.35,224.65,436374.0
256229,2023-01-24,212.7,215.85,217.35,212.0,328359.0
256229,2023-02-01,199.05,206.2,208.3,196.25,373928.0
256229,2023-03-06,192.7,190.3,195.6,190.3,539335.0
256229,2023-03-24,161.05,171.1,171.75,160.0,1786619.0
256229,2023-06-28,235.2,234.7,243.9,232.15,1887561.0
256229,2023-07-28,241.25,246.0,249.0,239.9,2314988.0
256229,2023-07-31,238.6,240.0,245.95,236.95,1255700.0
256229,2023-08-04,252.7,257.0,257.5,251.05,1027768.0
256229,2022-05-11,237.0,252.0,253.0,229.2,497442.0
256229,2022-06-09,248.85,254.0,255.2,247.7,424088.0
256229,2022-06-14,238.05,235.1,240.65,232.35,326558.0
256229,2022-06-28,212.65,219.95,221.0,211.1,1435565.0
256229,2022-08-17,233.5,232.4,236.5,232.1,372004.0
256229,2022-08-25,248.05,259.1,259.1,245.8,1987164.0
256229,2022-09-28,238.25,240.05,246.6,237.1,874724.0
256229,2022-11-02,240.45,237.5,242.15,236.8,437394.0
256229,2022-12-05,236.0,244.75,245.0,235.05,1417770.0
256229,2023-01-03,229.1,224.6,234.0,224.15,2080686.0
256229,2023-01-17,223.05,225.35,227.35,221.45,379418.0
256229,2023-01-31,206.15,199.95,207.8,199.0,444303.0
256229,2023-02-23,198.25,196.5,201.5,192.55,826277.0
256229,2023-03-02,188.25,189.7,192.4,187.15,324082.0
256229,2023-03-10,187.6,188.0,188.7,186.65,379276.0
256229,2023-06-06,176.0,169.0,183.9,168.0,2467205.0
256229,2023-06-21,228.6,232.45,233.9,226.5,1455802.0
256229,2023-06-26,231.55,231.0,236.0,228.55,1125231.0
256229,2023-07-03,237.2,236.9,238.85,233.3,941772.0
256229,2023-07-18,238.35,239.0,243.4,235.3,1013270.0
256229,2022-05-23,281.75,272.0,291.65,268.2,1440738.0
256229,2022-06-15,241.05,241.55,244.95,239.15,288880.0
256229,2022-06-29,209.8,214.0,215.65,209.0,2126828.0
256229,2022-07-06,206.15,205.5,207.4,201.5,411437.0
256229,2022-07-22,218.95,222.4,225.95,217.35,614222.0
256229,2022-07-27,215.35,212.1,217.9,211.35,295906.0
256229,2022-08-02,233.95,222.9,236.35,220.25,1946524.0
256229,2022-08-12,236.6,233.0,242.2,231.0,874998.0
256229,2022-09-05,242.7,236.0,247.95,234.05,2867243.0
256229,2022-09-14,275.8,270.0,282.4,266.0,2367523.0
256229,2022-10-11,246.9,243.7,254.65,243.7,995656.0
256229,2022-11-11,225.4,232.7,233.0,222.75,541855.0
256229,2022-11-17,235.55,237.0,241.7,234.85,307636.0
256229,2022-11-18,234.25,235.6,237.5,233.05,231787.0
256229,2022-11-22,235.5,231.15,237.0,229.3,513189.0
256229,2022-11-23,240.1,236.5,240.85,234.85,486438.0
256229,2023-02-20,188.9,190.95,194.4,187.05,453724.0
256229,2023-03-14,174.4,182.25,182.85,172.3,955164.0
256229,2023-03-15,171.05,176.0,177.8,170.3,802336.0
256229,2023-03-20,168.85,170.0,170.7,166.05,549829.0
256229,2023-04-06,160.9,159.5,162.0,159.4,429246.0
256229,2023-04-21,171.2,172.2,173.5,169.05,297325.0
256229,2023-05-09,171.15,172.35,176.0,169.2,1128344.0
256229,2023-05-19,169.7,173.6,174.05,168.5,354604.0
256229,2023-07-04,241.1,237.5,247.6,232.95,3205734.0
256229,2023-07-11,247.1,245.85,250.8,244.15,1276555.0
256229,2022-05-30,268.6,270.8,274.45,267.3,434122.0
256229,2022-05-31,258.55,255.0,266.0,254.65,879761.0
256229,2022-06-22,216.35,220.0,221.6,214.4,253728.0
256229,2022-06-24,221.25,223.0,227.75,218.1,497927.0
256229,2022-07-11,212.75,207.9,215.0,207.25,806331.0
256229,2022-07-15,211.9,213.5,214.5,208.85,290031.0
256229,2022-08-18,234.45,234.8,237.5,232.45,416788.0
256229,2022-08-29,238.35,234.0,242.95,234.0,613526.0
256229,2022-09-20,259.2,258.5,265.9,258.0,787889.0
256229,2022-09-22,258.65,255.9,263.1,250.4,675897.0
256229,2022-10-03,240.25,244.0,253.0,238.5,1135733.0
256229,2022-11-01,236.7,233.9,239.2,233.9,342311.0
256229,2022-12-06,228.15,236.0,237.0,227.1,1684822.0
256229,2022-12-13,224.55,226.4,227.5,224.15,426775.0
256229,2022-12-20,225.65,226.4,230.45,225.0,2491081.0
256229,2023-01-19,222.25,222.5,224.75,221.25,285026.0
256229,2023-02-08,195.1,193.8,197.75,191.4,494339.0
256229,2023-02-09,194.95,195.8,196.85,194.0,290029.0
256229,2023-04-17,168.4,169.7,169.9,166.0,291366.0
256229,2023-05-08,172.35,170.45,173.3,169.25,389017.0
256229,2023-05-23,168.15,168.2,171.25,167.2,311375.0
256229,2023-05-26,172.2,172.7,173.5,171.15,275464.0
256229,2023-08-08,257.25,260.5,263.8,255.75,847662.0
