stockid,date,close,open,high,low,volume
979469,2021-01-06,85.75,86.2,87.0,85.0,669033.0
979469,2021-01-13,85.95,86.5,87.05,84.3,227142.0
979469,2021-01-14,86.15,86.2,86.8,84.85,155248.0
979469,2021-02-11,72.2,72.4,74.1,71.1,492238.0
979469,2021-01-05,86.05,87.0,88.3,85.5,179186.0
979469,2021-01-07,86.0,86.3,88.0,85.7,140573.0
979469,2021-01-01,87.85,87.55,90.0,87.3,347732.0
979469,2021-01-15,90.75,87.4,92.7,86.0,536697.0
979469,2021-02-05,76.7,80.2,80.2,76.0,366083.0
979469,2021-02-09,76.9,78.85,78.85,76.25,424800.0
979469,2021-01-08,87.1,87.7,89.65,86.7,412611.0
979469,2021-01-21,86.65,87.8,90.2,86.1,248841.0
979469,2021-01-27,81.45,81.15,81.75,80.6,184140.0
979469,2021-01-20,87.95,91.3,92.2,86.8,411695.0
979469,2021-01-12,86.35,87.5,87.55,86.0,139271.0
979469,2021-02-10,73.2,77.0,77.95,72.55,557950.0
979469,2021-02-08,78.85,76.0,79.95,75.95,388483.0
979469,2021-01-18,91.65,92.5,96.0,90.5,2285078.0
979469,2021-02-03,79.95,81.7,82.7,79.2,342209.0
979469,2021-01-11,87.1,88.0,89.4,86.1,205805.0
979469,2021-01-22,84.05,87.0,87.0,81.8,319567.0
979469,2021-01-25,81.95,84.5,84.75,80.2,481830.0
979469,2021-02-02,81.7,84.05,85.7,81.1,224073.0
979469,2021-02-01,82.45,86.0,87.0,82.0,151379.0
979469,2021-01-29,81.9,84.65,84.65,81.25,46455.0
979469,2021-02-04,80.0,79.95,81.6,79.55,129139.0
979469,2021-01-04,87.35,89.0,89.35,86.0,182403.0
979469,2021-01-19,90.8,92.5,93.15,90.45,334420.0
979469,2021-01-28,83.25,80.6,84.0,79.3,104576.0
979469,2021-02-18,71.1,72.0,72.5,69.05,253218.0
979469,2021-04-05,67.1,67.2,69.8,66.35,156336.0
979469,2021-02-16,67.75,69.9,72.45,66.85,726686.0
979469,2021-02-12,81.7,73.0,83.9,72.65,875334.0
979469,2021-03-03,67.95,69.0,69.1,67.5,276573.0
979469,2021-03-01,68.3,70.0,70.0,67.75,288468.0
979469,2021-06-15,85.7,86.9,88.75,84.3,891769.0
979469,2021-04-20,61.6,63.95,63.95,60.05,152303.0
979469,2021-07-06,83.0,82.0,84.6,81.85,739753.0
979469,2021-08-02,119.25,122.1,123.85,118.0,1420735.0
979469,2021-04-28,67.75,63.0,68.9,62.4,307374.0
979469,2021-08-20,102.2,108.0,108.85,100.1,662166.0
979469,2021-04-29,65.7,68.25,68.8,65.15,113903.0
979469,2021-05-17,69.5,69.0,71.5,68.65,102633.0
979469,2021-08-10,112.35,119.4,119.75,108.25,1008732.0
979469,2021-03-12,70.05,70.95,73.1,69.4,167373.0
979469,2021-03-25,63.15,67.45,67.95,61.4,187016.0
979469,2021-04-09,66.65,66.9,67.2,66.0,50104.0
979469,2021-03-02,68.5,69.0,69.0,67.4,98944.0
979469,2021-05-25,72.55,74.6,74.95,72.2,230608.0
979469,2021-04-12,63.6,66.65,66.65,61.4,125548.0
979469,2021-05-31,77.0,77.15,79.7,76.0,444749.0
979469,2021-04-13,64.5,65.9,65.9,63.5,46788.0
979469,2021-06-07,76.55,76.45,77.8,75.55,565098.0
979469,2021-04-30,67.45,65.0,68.75,65.0,119615.0
979469,2021-07-14,91.65,86.9,93.0,86.75,2538344.0
979469,2021-07-19,114.8,96.45,115.6,96.45,14720190.0
979469,2021-05-11,72.65,69.75,73.0,69.25,292367.0
979469,2021-05-19,68.55,69.5,70.3,67.9,120469.0
979469,2021-05-20,69.9,70.0,70.9,68.1,159222.0
979469,2021-07-30,117.8,119.65,124.0,117.0,1062832.0
979469,2021-06-04,75.4,74.45,75.8,74.2,288718.0
979469,2021-06-08,74.0,76.0,77.0,73.75,250915.0
979469,2021-06-09,73.3,74.5,78.45,72.4,725492.0
979469,2021-06-22,80.8,83.0,83.5,80.4,363380.0
979469,2021-06-25,80.3,80.8,83.55,79.55,553243.0
979469,2021-07-12,85.4,82.95,88.45,82.0,1836977.0
979469,2021-07-15,91.0,92.25,93.7,89.1,965660.0
979469,2021-07-20,118.55,115.9,125.6,97.6,12314850.0
979469,2021-08-11,114.15,111.1,115.95,102.3,1313341.0
979469,2021-08-13,118.5,118.9,124.0,115.0,796069.0
979469,2021-05-14,68.65,71.5,72.6,67.9,139947.0
979469,2021-07-07,84.2,83.9,86.8,83.0,798195.0
979469,2021-02-22,68.5,71.0,71.0,68.05,146332.0
979469,2021-03-30,62.7,64.65,65.35,62.6,106833.0
979469,2021-05-03,65.7,66.95,67.35,65.25,135551.0
979469,2021-05-05,71.95,65.85,75.4,64.85,1589951.0
979469,2021-06-10,76.7,74.85,77.0,74.8,372786.0
979469,2021-06-21,82.25,77.5,83.0,77.5,425345.0
979469,2021-06-30,82.45,83.9,85.5,81.65,670306.0
979469,2021-07-05,81.85,81.4,83.5,80.7,521961.0
979469,2021-07-29,118.8,120.95,125.0,117.75,1180309.0
979469,2021-02-24,69.1,70.85,70.85,68.55,60412.0
979469,2021-03-18,67.3,70.4,70.9,67.0,165183.0
979469,2021-02-17,71.65,68.8,74.75,68.3,655241.0
979469,2021-03-22,66.55,69.85,69.85,65.6,189213.0
979469,2021-05-07,70.3,72.95,73.0,69.6,167872.0
979469,2021-05-28,76.6,75.05,78.25,75.05,684845.0
979469,2021-06-23,78.75,81.9,82.3,77.9,501486.0
979469,2021-07-01,81.7,82.9,83.85,80.75,231996.0
979469,2021-07-02,80.8,82.2,82.8,80.3,417817.0
979469,2021-03-05,71.9,71.05,74.9,71.05,265425.0
979469,2021-03-19,68.15,66.35,68.3,65.05,122581.0
979469,2021-04-06,68.45,68.4,69.3,66.85,63849.0
979469,2021-04-16,62.9,64.2,64.8,62.6,71614.0
979469,2021-05-06,71.85,73.3,74.8,67.9,417892.0
979469,2021-05-10,69.75,71.35,72.9,69.4,161993.0
979469,2021-06-16,83.65,86.45,87.45,82.95,647540.0
979469,2021-06-24,80.25,79.8,82.0,77.1,674648.0
979469,2021-07-27,124.05,134.6,135.5,123.05,1741636.0
979469,2021-02-15,71.6,82.1,85.25,66.1,1844161.0
979469,2021-03-23,66.7,67.75,68.4,66.35,207321.0
979469,2021-02-26,67.8,69.0,69.45,67.5,165312.0
979469,2021-03-16,70.8,69.1,73.9,69.1,213296.0
979469,2021-06-01,70.35,74.0,74.25,68.8,601413.0
979469,2021-06-03,74.35,73.35,75.5,73.35,516508.0
979469,2021-06-11,82.15,77.35,87.1,77.0,4024830.0
979469,2021-07-08,82.85,84.9,85.6,81.0,720644.0
979469,2021-08-17,108.0,112.8,116.4,106.85,648004.0
979469,2021-03-26,65.6,63.65,65.9,62.7,109502.0
979469,2021-04-07,67.0,68.9,69.6,66.4,95513.0
979469,2021-05-04,65.05,66.7,67.4,64.6,77584.0
979469,2021-05-12,70.5,73.3,73.75,70.05,338646.0
979469,2021-06-17,82.35,83.0,86.5,82.0,503389.0
979469,2021-08-18,109.65,109.75,111.3,106.65,372603.0
979469,2021-03-10,70.3,70.7,73.15,69.5,178352.0
979469,2021-03-31,64.3,62.75,67.8,60.15,286159.0
979469,2021-04-01,66.6,65.05,67.35,64.85,76264.0
979469,2021-04-08,65.7,68.4,68.4,64.9,163246.0
979469,2021-04-19,61.8,61.55,62.65,61.1,52978.0
979469,2021-05-24,73.9,74.75,76.8,73.5,412144.0
979469,2021-05-26,73.5,71.85,74.7,71.85,325221.0
979469,2021-08-05,111.1,114.4,115.15,106.8,816531.0
979469,2021-03-08,69.95,72.9,73.0,69.5,133470.0
979469,2021-02-19,70.5,70.0,73.1,68.55,283280.0
979469,2021-03-24,66.4,66.3,67.25,66.1,100010.0
979469,2021-03-09,70.0,71.0,71.9,69.2,85017.0
979469,2021-03-17,69.45,71.4,72.9,68.4,247648.0
979469,2021-04-26,63.2,62.8,64.45,62.8,44114.0
979469,2021-04-27,62.65,64.2,64.2,62.25,37500.0
979469,2021-05-18,69.3,70.0,70.8,69.05,92823.0
979469,2021-05-27,74.65,74.2,75.3,74.0,346538.0
979469,2021-06-28,79.95,79.7,81.8,79.5,251677.0
979469,2021-07-13,86.35,86.0,88.8,86.0,967977.0
979469,2021-03-15,69.1,70.95,70.95,68.2,121056.0
979469,2021-04-22,62.8,62.0,63.5,60.1,77697.0
979469,2021-06-14,86.0,83.05,88.0,77.4,2271240.0
979469,2021-06-29,82.95,80.0,84.0,79.35,814630.0
979469,2021-07-22,134.2,121.85,141.0,121.5,14579523.0
979469,2021-07-23,130.55,137.4,140.15,125.05,5586705.0
979469,2021-07-26,132.25,132.0,137.85,130.0,2091936.0
979469,2021-07-28,118.8,124.55,125.1,111.65,2226376.0
979469,2021-08-03,116.5,120.4,123.0,115.05,1333562.0
979469,2021-08-09,118.7,123.45,124.7,116.7,1074536.0
979469,2021-08-12,118.5,115.25,120.7,112.7,625405.0
979469,2021-02-23,69.85,69.5,70.55,68.6,177450.0
979469,2021-08-06,121.7,111.7,122.2,111.35,2367160.0
979469,2021-08-16,112.25,114.95,115.6,110.05,758976.0
979469,2021-02-25,68.9,69.95,70.05,68.45,210678.0
979469,2021-03-04,72.8,67.85,74.9,67.6,528091.0
979469,2021-04-15,63.8,64.9,65.1,63.0,25616.0
979469,2021-04-23,62.5,63.35,64.35,62.0,51416.0
979469,2021-05-21,73.75,70.6,76.2,69.9,942886.0
979469,2021-06-02,72.3,71.25,73.9,69.8,411227.0
979469,2021-06-18,80.6,83.25,84.25,76.05,694274.0
979469,2021-07-09,81.55,83.2,83.5,81.0,403017.0
979469,2021-07-16,96.35,91.7,99.0,91.05,3318444.0
979469,2021-08-04,114.15,117.2,119.25,112.1,857985.0
979469,2021-08-23,96.45,106.55,106.55,93.9,681729.0
979469,2021-10-06,111.5,114.95,117.0,110.6,448200.0
979469,2021-08-24,105.5,95.3,106.05,95.3,1069703.0
979469,2021-10-28,102.3,104.95,105.0,101.5,183887.0
979469,2021-12-23,104.75,100.65,107.8,99.2,998935.0
979469,2021-12-24,102.5,105.15,105.5,102.05,319120.0
979469,2021-09-06,108.75,110.65,111.9,107.5,311957.0
979469,2021-09-01,108.25,108.95,112.0,107.2,376681.0
979469,2021-09-03,109.8,110.85,113.25,107.25,460658.0
979469,2021-11-02,103.45,104.7,105.0,102.85,231216.0
979469,2021-11-09,110.4,107.4,112.0,106.9,483957.0
979469,2021-11-18,101.3,104.05,105.15,100.95,243593.0
979469,2021-12-09,110.8,101.2,112.9,101.2,1639676.0
979469,2021-12-27,105.7,102.5,106.7,99.75,594627.0
979469,2022-01-14,115.55,114.55,117.7,112.6,503447.0
979469,2022-02-03,105.7,107.1,108.95,105.45,246985.0
979469,2021-10-26,103.55,101.8,104.4,101.75,290549.0
979469,2021-10-20,113.05,113.5,118.2,109.5,634120.0
979469,2021-10-29,101.55,102.95,102.95,99.1,192896.0
979469,2021-11-26,99.8,100.55,102.8,99.1,333811.0
979469,2021-12-06,97.25,99.5,100.05,96.9,162089.0
979469,2022-02-08,103.3,105.8,106.75,100.0,434238.0
979469,2022-02-11,100.0,101.3,102.85,99.7,433766.0
979469,2021-09-02,109.8,109.4,111.9,109.0,382707.0
979469,2021-09-16,115.3,119.9,119.9,115.05,433650.0
979469,2021-09-22,108.95,108.95,113.6,108.5,359054.0
979469,2021-11-03,106.65,104.3,108.65,104.1,389206.0
979469,2021-12-30,109.45,106.8,114.25,105.9,1859058.0
979469,2022-01-06,104.25,103.8,105.5,103.0,291290.0
979469,2022-02-23,89.05,90.35,92.05,88.05,189726.0
979469,2021-09-17,111.65,115.4,117.0,109.2,471644.0
979469,2021-09-27,111.65,111.5,113.75,109.9,370838.0
979469,2021-10-12,122.35,125.8,126.4,120.0,775040.0
979469,2021-11-24,100.25,104.45,104.45,99.6,198153.0
979469,2021-11-30,95.85,95.45,99.9,95.05,227974.0
979469,2021-12-21,98.2,98.5,100.0,96.85,252503.0
979469,2022-01-05,104.8,105.7,106.9,104.1,261302.0
979469,2022-02-09,102.7,103.95,105.95,102.25,272099.0
979469,2022-02-16,98.45,98.35,101.0,97.05,345923.0
979469,2021-08-31,108.2,112.55,113.95,105.6,501058.0
979469,2021-11-04,107.9,108.3,108.9,107.3,128854.0
979469,2021-11-10,109.4,109.65,111.95,107.55,300771.0
979469,2021-12-07,100.8,98.5,104.95,98.5,380002.0
979469,2021-12-22,99.7,98.65,101.25,98.25,215786.0
979469,2022-01-20,112.1,114.0,115.9,111.0,377956.0
979469,2021-09-24,110.6,108.75,114.9,108.5,799518.0
979469,2021-10-01,108.2,108.7,109.4,107.1,227186.0
979469,2021-10-11,125.8,127.0,132.0,125.0,1585054.0
979469,2021-10-13,118.95,122.9,124.6,118.0,619336.0
979469,2021-10-22,109.0,113.4,114.4,108.2,366052.0
979469,2022-01-18,111.45,119.0,119.2,110.85,656452.0
979469,2022-01-31,104.25,106.4,107.5,103.95,286036.0
979469,2022-02-14,94.1,98.75,98.75,93.0,636470.0
979469,2022-02-22,87.4,83.05,88.45,83.05,309157.0
979469,2021-09-23,107.95,109.8,111.85,107.45,566491.0
979469,2021-10-08,125.35,115.95,126.7,115.75,3838509.0
979469,2021-08-26,112.7,111.95,116.4,109.1,725036.0
979469,2021-09-28,109.55,112.4,112.45,107.8,292383.0
979469,2021-09-29,109.45,108.5,111.45,108.5,257528.0
979469,2021-10-04,109.85,108.75,110.9,108.7,228750.0
979469,2021-10-07,115.6,113.1,117.0,113.1,639947.0
979469,2021-10-25,100.7,104.0,108.0,98.5,1103052.0
979469,2021-11-12,106.0,109.5,111.95,105.2,587251.0
979469,2021-12-08,101.3,101.8,103.05,100.45,254958.0
979469,2021-12-29,106.9,104.5,110.5,104.05,953007.0
979469,2022-01-11,118.85,116.1,124.8,114.15,3388534.0
979469,2022-01-25,105.25,101.1,107.4,98.2,588003.0
979469,2022-02-17,96.45,99.9,99.9,96.0,249632.0
979469,2022-02-18,94.5,95.0,97.55,94.0,196776.0
979469,2021-11-08,106.5,109.75,109.85,104.1,302549.0
979469,2021-12-17,99.55,102.5,102.9,99.0,368137.0
979469,2022-01-12,118.05,119.9,123.2,116.2,1537909.0
979469,2021-09-30,109.15,109.9,111.0,108.65,223254.0
979469,2021-08-27,110.2,112.9,114.3,109.4,404818.0
979469,2021-08-30,112.2,111.4,114.85,111.1,421429.0
979469,2021-09-14,118.25,113.5,121.4,113.5,1749180.0
979469,2021-10-05,114.55,109.5,116.25,109.05,803902.0
979469,2021-12-01,96.95,97.4,98.0,95.5,134705.0
979469,2021-12-03,99.4,99.45,102.55,98.15,250184.0
979469,2021-12-15,103.7,105.4,107.2,103.1,351849.0
979469,2022-01-04,105.85,109.5,110.7,105.5,496910.0
979469,2022-02-10,102.65,103.4,106.6,101.65,527885.0
979469,2021-12-02,99.15,97.5,99.7,97.0,187311.0
979469,2021-10-14,115.95,120.0,122.5,115.1,771342.0
979469,2021-11-23,102.25,97.7,104.3,95.7,295450.0
979469,2021-11-25,103.75,100.55,106.5,98.65,394908.0
979469,2021-11-29,95.25,99.4,99.4,94.5,261142.0
979469,2022-01-07,106.05,105.0,109.7,104.9,633008.0
979469,2021-08-25,111.65,105.4,113.85,104.0,1444848.0
979469,2021-11-01,102.85,102.8,105.3,102.1,217826.0
979469,2021-12-31,109.25,109.95,112.85,108.65,565051.0
979469,2022-01-28,104.05,103.4,108.25,103.2,445818.0
979469,2022-02-01,105.35,105.25,106.6,102.2,413651.0
979469,2022-02-04,107.45,106.55,109.75,105.6,489178.0
979469,2022-02-15,96.95,95.9,97.8,92.55,359830.0
979469,2021-09-13,112.0,106.8,114.9,106.8,897729.0
979469,2021-11-16,103.25,104.6,105.7,103.0,181282.0
979469,2021-09-15,119.2,119.2,122.5,117.1,686024.0
979469,2021-11-22,97.95,102.05,102.35,96.15,353577.0
979469,2021-11-11,106.4,109.6,110.25,105.6,236353.0
979469,2021-12-20,95.85,98.0,98.25,94.0,349225.0
979469,2021-11-15,103.65,106.7,107.4,103.0,249711.0
979469,2022-01-19,114.15,111.5,115.0,109.0,596530.0
979469,2021-12-16,101.6,104.45,105.5,101.05,275202.0
979469,2022-01-21,114.3,111.15,120.9,111.1,1732439.0
979469,2021-12-28,104.4,106.0,107.9,103.9,388339.0
979469,2022-02-02,108.5,105.95,110.0,105.5,331945.0
979469,2022-01-10,115.45,107.0,120.65,107.0,3449003.0
979469,2022-01-13,115.5,118.8,118.85,115.15,572194.0
979469,2022-01-17,118.2,115.05,120.6,115.05,965439.0
979469,2022-01-24,102.8,113.8,114.85,100.3,1109094.0
979469,2022-02-21,89.6,93.6,93.75,88.2,344888.0
979469,2021-09-21,107.7,107.2,109.25,105.0,380029.0
979469,2021-10-19,113.85,114.4,119.9,112.65,705478.0
979469,2021-10-21,112.95,114.0,115.75,111.8,264768.0
979469,2021-10-27,104.8,104.0,107.6,103.55,229216.0
979469,2021-11-17,103.65,103.55,107.65,103.3,412276.0
979469,2021-12-14,106.1,105.5,108.45,104.1,324467.0
979469,2022-02-07,105.35,106.85,108.35,104.0,401509.0
979469,2021-09-07,105.95,109.25,111.0,105.8,413869.0
979469,2021-09-08,107.95,106.4,109.9,105.8,379454.0
979469,2021-09-09,106.8,107.2,108.9,106.4,187117.0
979469,2021-09-20,108.5,110.0,114.0,107.95,398011.0
979469,2021-10-18,113.85,116.8,116.85,111.8,560389.0
979469,2021-12-10,109.6,111.95,114.8,109.0,983525.0
979469,2021-12-13,106.4,110.5,111.35,105.8,455535.0
979469,2022-01-03,108.7,109.85,111.9,108.05,483882.0
979469,2022-01-27,102.75,103.4,104.75,101.95,423915.0
979469,2022-02-25,84.8,84.45,86.4,82.0,261974.0
979469,2022-03-24,86.85,87.0,88.9,86.15,224050.0
979469,2022-03-07,81.65,82.95,84.0,81.0,224377.0
979469,2022-03-17,87.3,87.3,89.5,86.2,230009.0
979469,2022-03-30,82.7,81.1,84.3,81.1,379076.0
979469,2022-03-22,87.8,88.0,88.5,86.4,189114.0
979469,2022-04-07,90.9,92.8,94.75,89.05,328574.0
979469,2022-05-09,75.7,78.8,78.8,74.95,230056.0
979469,2022-05-25,65.3,69.65,69.7,64.75,142505.0
979469,2022-05-30,69.8,68.45,71.0,68.35,113005.0
979469,2022-06-09,68.6,67.6,69.5,67.6,41511.0
979469,2022-07-12,71.75,59.35,71.75,59.2,1316088.0
979469,2022-07-19,73.3,74.2,76.3,73.0,315853.0
979469,2022-07-20,73.35,74.1,75.65,73.0,189710.0
979469,2022-08-05,72.85,73.0,73.95,72.1,95637.0
979469,2022-09-22,79.3,79.0,81.65,78.1,203111.0
979469,2022-09-30,75.2,73.75,76.4,72.8,133454.0
979469,2022-10-24,78.9,79.5,79.5,78.5,35962.0
979469,2022-11-10,73.6,75.0,76.7,73.0,212692.0
979469,2022-04-12,91.2,92.25,92.9,89.25,239742.0
979469,2022-11-17,72.85,73.5,73.95,72.6,89788.0
979469,2022-06-13,65.65,67.5,67.95,65.1,64673.0
979469,2022-12-09,72.15,74.3,75.15,71.15,133884.0
979469,2022-07-28,72.85,71.9,75.4,71.9,194816.0
979469,2022-12-12,71.7,72.35,72.7,71.0,120408.0
979469,2022-08-01,72.45,72.7,73.75,72.05,108726.0
979469,2023-01-17,66.7,67.55,68.5,66.35,71915.0
979469,2022-08-04,72.3,72.35,74.45,70.5,177045.0
979469,2023-05-09,60.4,60.5,61.7,59.7,133568.0
979469,2022-08-22,72.1,73.4,74.4,71.65,119346.0
979469,2022-09-14,86.85,86.65,88.2,84.65,637524.0
979469,2022-09-23,77.35,79.95,79.95,76.75,167307.0
979469,2022-10-06,81.0,79.7,82.0,77.7,263305.0
979469,2022-10-10,80.55,79.8,81.2,78.55,134548.0
979469,2022-11-07,76.25,78.5,79.4,75.6,176381.0
979469,2022-11-22,72.05,70.5,72.7,70.3,164085.0
979469,2022-12-14,73.1,74.0,74.0,72.5,80242.0
979469,2023-01-10,67.2,68.65,68.65,66.7,30020.0
979469,2023-01-13,68.6,67.35,69.25,66.9,156985.0
979469,2023-02-02,61.6,62.0,62.95,60.95,115609.0
979469,2023-02-07,61.95,63.95,64.1,61.55,71912.0
979469,2023-02-14,60.1,61.5,61.7,58.65,161155.0
979469,2023-02-20,60.0,60.0,61.45,59.45,94647.0
979469,2023-03-03,58.4,56.35,61.35,56.35,319591.0
979469,2023-03-14,57.85,58.8,58.95,57.05,92346.0
979469,2023-04-06,58.45,57.0,59.25,56.6,176033.0
979469,2023-04-12,58.1,58.15,58.9,57.9,69676.0
979469,2023-04-18,57.4,56.95,57.8,56.85,61661.0
979469,2023-06-19,69.05,71.25,71.45,68.25,188883.0
979469,2023-07-18,118.3,119.35,119.85,117.2,827694.0
979469,2023-08-10,96.25,97.8,98.5,95.55,260722.0
979469,2022-03-14,86.2,87.75,89.15,85.8,227427.0
979469,2022-04-19,87.4,88.6,91.7,85.85,244326.0
979469,2022-05-26,66.05,65.8,67.0,62.6,117816.0
979469,2022-06-02,70.3,70.4,71.45,68.25,81589.0
979469,2022-08-12,71.35,71.1,73.7,69.7,237103.0
979469,2022-09-08,77.85,76.8,79.8,76.55,277825.0
979469,2022-09-28,74.65,74.8,76.55,73.5,105565.0
979469,2022-10-04,78.9,75.95,79.9,74.7,366318.0
979469,2022-10-11,77.9,80.95,82.9,77.1,202627.0
979469,2022-12-01,75.6,74.05,76.85,74.05,393157.0
979469,2022-12-29,66.25,66.0,66.6,65.15,58103.0
979469,2022-12-30,67.1,67.4,68.7,67.0,119396.0
979469,2023-01-27,62.35,65.45,66.0,61.4,150319.0
979469,2023-02-03,61.5,61.55,62.8,60.0,129449.0
979469,2023-02-23,57.7,57.1,59.0,57.1,108669.0
979469,2023-03-16,58.7,59.5,59.5,57.45,114263.0
979469,2023-03-23,55.6,55.75,57.5,55.3,234253.0
979469,2023-03-29,53.55,52.45,54.0,52.35,208815.0
979469,2023-03-31,53.2,53.5,55.45,53.05,140431.0
979469,2023-05-25,63.3,62.05,65.4,62.05,354930.0
979469,2023-06-12,66.25,65.8,67.2,65.6,147246.0
979469,2023-08-14,91.55,95.45,95.45,91.0,531144.0
979469,2022-03-16,85.75,86.4,87.0,85.1,131926.0
979469,2022-04-18,87.95,88.25,90.7,86.8,293156.0
979469,2022-05-24,68.9,70.3,71.45,68.45,192886.0
979469,2022-05-31,71.1,70.4,72.2,69.0,113522.0
979469,2022-06-01,70.4,70.8,72.5,70.05,97050.0
979469,2022-08-23,71.85,71.15,72.85,71.15,151593.0
979469,2022-10-28,77.1,79.6,79.9,76.5,136778.0
979469,2022-12-05,76.0,75.05,77.65,74.75,194959.0
979469,2022-12-27,66.65,65.15,67.0,65.05,100923.0
979469,2023-01-03,68.85,67.95,71.2,67.45,269337.0
979469,2023-02-06,63.55,61.1,64.8,61.0,106567.0
979469,2023-02-08,64.35,62.3,64.95,62.05,112749.0
979469,2023-02-16,61.9,61.8,63.6,61.6,81981.0
979469,2023-03-15,59.55,58.3,60.6,57.55,188350.0
979469,2023-05-12,60.8,60.7,61.2,60.35,73712.0
979469,2023-05-17,60.9,60.8,61.6,60.4,69613.0
979469,2023-05-18,61.15,61.35,63.5,60.9,427762.0
979469,2023-07-11,116.95,109.0,120.3,107.6,12460645.0
979469,2023-07-25,124.05,123.85,124.8,123.15,1114225.0
979469,2023-08-04,98.2,100.15,101.65,97.65,804414.0
979469,2023-08-23,89.95,91.65,92.35,89.7,100273.0
979469,2022-04-29,84.15,85.9,86.65,83.8,99602.0
979469,2022-05-06,78.8,78.75,79.9,76.85,187478.0
979469,2022-05-11,71.1,74.9,75.05,69.7,285276.0
979469,2022-06-22,60.8,61.8,65.0,60.55,138969.0
979469,2022-06-27,59.7,61.55,63.85,59.1,223871.0
979469,2022-07-29,71.3,72.85,73.85,70.9,144028.0
979469,2022-08-17,73.05,72.6,73.65,72.05,174574.0
979469,2022-10-07,80.45,80.35,81.3,79.35,139891.0
979469,2022-10-25,79.05,79.45,83.4,78.0,165661.0
979469,2022-11-01,77.7,78.35,78.55,76.8,74073.0
979469,2022-11-03,78.5,77.1,79.95,77.1,147567.0
979469,2022-11-23,71.3,72.05,72.9,71.15,91613.0
979469,2022-12-22,65.95,68.8,69.2,65.05,194148.0
979469,2023-02-13,61.3,61.85,62.95,60.8,92368.0
979469,2023-03-06,59.1,58.85,59.65,58.45,86031.0
979469,2023-04-21,57.7,57.2,58.0,57.0,100827.0
979469,2023-05-24,61.8,62.7,63.4,61.5,129812.0
979469,2023-07-05,87.8,89.6,90.1,87.55,499905.0
979469,2023-07-10,107.75,92.75,110.6,83.65,17834406.0
979469,2023-07-17,118.7,114.7,119.3,114.05,1361268.0
979469,2023-08-03,102.1,106.45,109.9,98.45,1592771.0
979469,2022-04-04,89.2,87.2,89.7,87.0,262472.0
979469,2022-04-08,93.25,91.45,94.6,90.0,342913.0
979469,2022-04-13,90.6,91.9,92.8,90.2,126646.0
979469,2022-05-10,74.4,75.05,77.8,73.05,158699.0
979469,2022-04-28,85.05,86.8,86.8,84.1,126532.0
979469,2022-05-02,81.65,82.6,83.8,80.8,232839.0
979469,2022-05-13,71.6,72.05,73.0,70.75,92899.0
979469,2022-07-05,59.05,59.6,60.2,58.9,98200.0
979469,2022-06-15,64.95,66.25,66.25,64.3,43997.0
979469,2022-07-14,69.9,73.85,73.85,69.15,444459.0
979469,2022-06-16,62.55,65.5,67.2,62.0,100575.0
979469,2022-09-19,81.15,82.4,83.25,80.7,170783.0
979469,2022-06-21,61.8,58.1,64.3,56.95,232759.0
979469,2022-10-14,82.75,84.65,85.95,82.05,444613.0
979469,2022-06-24,59.85,61.65,61.65,59.7,79873.0
979469,2022-11-28,73.15,72.95,75.0,72.05,142564.0
979469,2022-09-05,77.0,76.3,79.5,76.3,217570.0
979469,2023-02-01,62.3,64.9,65.3,61.05,92040.0
979469,2022-09-20,81.5,82.25,84.0,81.15,218110.0
979469,2023-02-21,59.1,59.95,60.35,58.1,78085.0
979469,2023-02-24,57.15,57.7,59.45,56.8,67078.0
979469,2022-10-21,78.7,79.1,80.65,78.0,136908.0
979469,2022-11-02,78.05,77.9,79.2,77.3,104198.0
979469,2023-01-04,67.3,69.5,69.5,66.95,93358.0
979469,2023-04-10,58.05,58.6,59.7,57.6,99111.0
979469,2023-02-09,63.55,64.8,64.8,63.3,41657.0
979469,2023-03-22,55.75,56.8,56.95,55.5,175667.0
979469,2023-05-08,60.1,61.0,61.25,60.0,82887.0
979469,2023-05-16,61.05,61.75,62.45,60.75,111250.0
979469,2023-05-31,62.1,62.5,62.75,61.95,77557.0
979469,2023-03-28,52.1,55.0,55.0,51.65,203382.0
979469,2023-06-27,81.3,80.9,83.7,80.0,744066.0
979469,2023-04-17,57.15,57.75,58.0,56.85,79157.0
979469,2023-07-06,89.35,88.15,91.7,88.15,818570.0
979469,2023-04-19,57.6,57.4,58.35,57.3,69737.0
979469,2023-07-20,120.55,119.7,121.95,119.7,777153.0
979469,2023-05-03,60.45,61.3,61.95,59.9,105715.0
979469,2023-08-08,95.5,98.35,98.55,94.4,496181.0
979469,2023-05-10,59.95,60.4,61.25,58.9,89375.0
979469,2023-08-17,91.3,92.4,93.85,90.9,365964.0
979469,2023-08-18,90.0,91.3,92.6,89.8,330042.0
979469,2023-05-19,60.4,61.45,61.7,60.1,116767.0
979469,2023-06-14,66.15,65.75,66.7,65.7,102566.0
979469,2023-08-22,91.25,88.6,91.85,88.1,396535.0
979469,2023-06-23,75.95,76.75,78.6,74.55,825678.0
979469,2023-07-21,121.0,120.35,121.9,117.1,1002602.0
979469,2022-02-24,80.0,84.0,86.55,79.0,499516.0
979469,2022-03-08,83.8,81.7,84.85,81.0,180633.0
979469,2022-03-23,87.9,88.4,92.65,87.25,447048.0
979469,2022-03-25,85.6,87.15,88.0,85.1,195846.0
979469,2022-04-06,92.75,92.9,94.9,91.4,369726.0
979469,2022-05-18,73.35,74.15,74.75,72.9,130653.0
979469,2022-06-29,59.75,59.0,61.15,58.6,166059.0
979469,2022-07-21,72.3,74.0,74.1,71.8,131124.0
979469,2022-07-25,71.9,71.5,73.5,71.4,107838.0
979469,2022-08-02,74.15,72.65,76.5,72.65,295234.0
979469,2022-09-07,76.25,75.8,76.95,75.45,125804.0
979469,2022-09-26,73.65,74.1,76.65,73.1,149089.0
979469,2022-10-03,74.45,74.5,75.5,73.4,68567.0
979469,2022-11-11,75.2,74.85,76.1,74.3,167139.0
979469,2022-11-18,71.05,72.3,73.45,70.2,237815.0
979469,2022-12-15,72.0,73.2,73.4,71.75,81846.0
979469,2023-01-02,67.6,67.0,68.3,66.55,89740.0
979469,2023-01-05,67.1,67.35,68.3,66.2,113056.0
979469,2023-01-18,66.8,67.35,67.35,66.4,51261.0
979469,2023-01-19,66.95,66.9,70.1,66.45,242112.0
979469,2023-01-20,66.75,67.0,67.55,66.7,54301.0
979469,2023-01-24,66.4,67.45,68.35,66.25,116049.0
979469,2023-01-25,65.45,66.6,66.6,65.05,75684.0
979469,2023-01-30,62.35,62.9,64.15,61.6,108266.0
979469,2023-03-01,56.9,55.1,57.4,55.1,95027.0
979469,2023-03-09,61.55,59.55,65.4,57.6,755860.0
979469,2023-06-30,88.0,84.2,88.9,82.4,1653034.0
979469,2023-07-19,120.0,118.9,123.0,118.5,1432454.0
979469,2023-08-02,105.65,105.8,108.7,100.7,1693815.0
979469,2023-08-11,94.95,96.5,98.3,94.1,283488.0
979469,2023-08-21,88.1,90.6,91.95,87.0,442585.0
979469,2022-03-02,86.1,84.7,88.15,83.6,165497.0
979469,2022-02-28,86.6,83.4,87.5,82.0,193445.0
979469,2022-03-28,82.45,85.95,86.0,82.0,319827.0
979469,2022-04-01,86.65,81.0,87.3,80.9,370625.0
979469,2022-03-29,80.4,83.15,84.4,80.05,564642.0
979469,2022-05-04,80.2,81.9,83.3,79.55,179226.0
979469,2022-05-27,67.85,67.5,68.25,66.65,103352.0
979469,2022-06-03,70.85,71.0,73.6,70.2,196623.0
979469,2022-06-20,56.95,61.9,61.95,55.8,140487.0
979469,2022-06-23,59.9,61.8,61.9,59.4,85543.0
979469,2022-07-04,59.15,59.45,60.0,58.8,63948.0
979469,2022-09-06,76.25,77.45,77.7,75.3,129176.0
979469,2022-09-21,79.2,81.55,82.95,78.9,205548.0
979469,2022-10-12,78.7,78.7,79.6,77.0,132672.0
979469,2022-10-13,83.1,78.9,84.8,76.6,545160.0
979469,2022-11-24,72.1,71.9,73.2,71.15,106806.0
979469,2022-12-06,75.65,76.45,76.45,75.3,61316.0
979469,2022-12-08,74.65,74.45,74.8,73.5,109339.0
979469,2022-12-19,70.75,71.8,71.8,70.25,59886.0
979469,2022-12-21,67.9,71.5,72.0,67.25,183562.0
979469,2023-01-16,67.9,68.6,68.9,67.6,42165.0
979469,2023-01-23,66.4,67.1,67.25,66.25,39244.0
979469,2023-02-27,56.3,57.95,57.95,55.5,87164.0
979469,2023-03-13,58.4,61.5,62.6,57.8,164365.0
979469,2023-03-27,55.15,56.7,57.05,54.0,244512.0
979469,2023-04-26,58.5,57.3,60.35,57.3,248687.0
979469,2023-04-27,59.15,59.0,59.75,58.3,100793.0
979469,2023-06-20,69.85,68.75,70.95,68.75,169648.0
979469,2023-06-22,76.25,77.95,80.4,75.5,1048444.0
979469,2023-08-07,97.85,99.0,100.1,97.2,433912.0
979469,2022-03-11,88.45,86.6,90.25,86.6,205409.0
979469,2022-03-15,85.45,87.95,87.95,84.65,171673.0
979469,2022-05-23,71.7,72.95,73.5,71.1,87371.0
979469,2022-06-10,67.9,67.95,68.8,67.5,68370.0
979469,2022-06-17,61.2,62.55,63.5,60.05,90300.0
979469,2022-07-26,70.3,72.5,72.5,70.0,89379.0
979469,2022-08-03,72.35,74.15,74.9,72.0,103888.0
979469,2022-08-29,73.8,73.95,75.0,72.8,164773.0
979469,2022-09-16,82.25,83.7,86.3,82.0,368022.0
979469,2022-12-02,75.05,75.95,76.15,74.5,117767.0
979469,2023-02-28,55.65,56.75,57.9,54.8,159660.0
979469,2023-03-17,57.3,58.8,59.5,56.45,139494.0
979469,2023-04-24,57.5,57.95,59.0,57.3,80441.0
979469,2023-04-28,60.6,59.1,62.45,59.1,322051.0
979469,2023-05-23,62.85,61.2,64.65,61.2,439208.0
979469,2023-06-13,66.05,66.75,67.85,65.6,143987.0
979469,2023-06-15,69.45,66.15,70.6,65.9,693157.0
979469,2023-06-21,78.15,71.9,81.7,71.75,4154587.0
979469,2023-08-16,91.7,91.0,94.45,90.1,349314.0
979469,2022-03-04,84.5,85.4,86.85,83.45,235352.0
979469,2022-05-05,80.8,80.95,83.0,80.35,119942.0
979469,2022-05-12,70.8,70.4,71.9,68.65,185215.0
979469,2022-07-08,59.9,61.0,61.65,59.75,125656.0
979469,2022-08-08,73.6,74.9,74.9,72.85,118592.0
979469,2022-08-30,78.45,74.45,81.65,74.4,1037414.0
979469,2022-11-15,74.0,75.0,75.05,73.6,86468.0
979469,2022-11-16,73.15,74.55,75.0,72.7,146457.0
979469,2022-12-23,61.35,65.5,65.5,60.55,201237.0
979469,2022-12-28,66.2,66.95,67.05,65.75,86853.0
979469,2023-01-06,66.8,67.8,67.8,66.1,74324.0
979469,2023-01-09,67.75,67.1,68.4,67.1,69118.0
979469,2023-01-12,66.6,67.95,68.0,66.05,76789.0
979469,2023-01-31,64.0,63.1,64.4,61.95,71324.0
979469,2023-02-15,61.35,60.1,61.75,59.8,58444.0
979469,2023-02-17,60.3,62.5,62.5,59.2,77799.0
979469,2023-03-08,59.05,59.0,59.95,58.05,83608.0
979469,2023-03-21,56.3,57.7,57.7,56.0,115208.0
979469,2023-05-30,62.8,61.75,64.1,60.3,229189.0
979469,2023-06-02,66.7,62.4,68.4,62.4,1054655.0
979469,2023-06-09,65.25,65.4,66.35,65.0,87043.0
979469,2023-07-04,89.5,88.0,91.6,87.25,1639576.0
979469,2023-07-13,111.6,117.15,117.4,111.0,1238356.0
979469,2023-07-24,123.15,122.0,123.9,121.55,1179106.0
979469,2023-07-31,93.45,101.15,101.15,92.85,1628942.0
979469,2022-04-05,92.7,90.0,93.8,89.45,480939.0
979469,2022-04-20,87.45,88.1,89.1,87.1,105061.0
979469,2022-04-27,86.15,85.0,86.8,84.7,103781.0
979469,2022-05-19,70.9,70.1,72.35,70.05,116438.0
979469,2022-06-08,68.7,69.4,70.1,67.8,71925.0
979469,2022-06-28,59.45,60.0,60.1,58.25,142319.0
979469,2022-08-25,76.95,79.0,79.7,75.75,313600.0
979469,2022-09-12,85.65,77.3,88.0,77.05,2606896.0
979469,2022-09-29,73.3,76.8,76.8,72.75,122903.0
979469,2022-10-18,78.95,81.8,81.8,78.55,121197.0
979469,2022-11-14,74.75,75.2,75.95,74.5,67085.0
979469,2022-11-30,73.3,74.0,74.55,73.0,77767.0
979469,2022-12-07,74.15,75.9,75.9,73.6,105216.0
979469,2022-12-13,72.9,72.5,73.9,72.15,112045.0
979469,2022-12-16,71.05,72.3,72.35,70.5,92804.0
979469,2023-04-25,57.35,57.9,58.85,56.8,141728.0
979469,2023-05-22,60.95,60.7,61.45,60.1,106982.0
979469,2023-07-03,87.4,89.0,90.4,87.05,786827.0
979469,2023-07-28,102.35,103.0,106.8,100.55,1107411.0
979469,2022-04-11,93.3,93.0,94.9,92.0,220527.0
979469,2022-05-20,72.6,72.3,73.15,71.6,81974.0
979469,2022-06-07,68.2,69.2,69.75,68.0,59397.0
979469,2022-07-18,74.4,69.1,78.4,69.1,1057860.0
979469,2022-08-10,71.7,74.0,74.45,71.2,89171.0
979469,2022-08-16,72.3,71.95,72.7,71.45,97729.0
979469,2022-08-18,76.0,73.05,77.6,73.05,540002.0
979469,2022-08-19,74.2,76.3,76.3,73.25,262856.0
979469,2022-11-25,72.95,72.7,73.8,72.25,92516.0
979469,2022-11-29,73.85,73.4,74.85,72.65,132037.0
979469,2022-12-26,65.15,61.5,65.4,61.5,128059.0
979469,2023-04-13,57.95,58.2,58.75,57.7,71492.0
979469,2023-04-20,57.0,57.4,58.25,56.75,61565.0
979469,2023-05-29,61.6,63.25,63.75,61.3,134173.0
979469,2023-06-01,61.8,62.5,62.85,61.45,86267.0
979469,2023-06-08,65.45,67.3,67.8,65.0,176391.0
979469,2023-06-16,70.95,69.85,73.2,69.6,827905.0
979469,2023-06-26,80.3,76.7,82.6,76.25,1293535.0
979469,2023-06-28,83.75,81.7,86.0,80.8,1908960.0
979469,2023-07-14,112.8,112.6,114.4,112.0,683783.0
979469,2023-07-26,119.6,124.7,125.5,115.8,1712960.0
979469,2022-04-26,86.05,86.9,87.6,85.5,125302.0
979469,2022-05-16,71.9,71.75,73.55,71.5,83964.0
979469,2022-06-14,65.0,65.65,66.25,63.2,59671.0
979469,2022-07-22,72.35,72.8,73.9,71.4,116519.0
979469,2022-07-27,71.9,70.05,73.2,68.85,213676.0
979469,2022-08-11,71.1,73.0,73.25,70.75,145787.0
979469,2022-09-02,76.55,78.65,78.65,76.25,146712.0
979469,2022-09-09,76.85,78.2,78.4,75.35,323046.0
979469,2022-09-13,88.35,88.0,91.0,87.3,1884498.0
979469,2022-10-17,80.6,82.75,83.35,80.1,105592.0
979469,2022-10-20,79.1,78.0,79.9,77.6,117758.0
979469,2022-11-04,78.15,78.8,78.8,77.7,92286.0
979469,2022-11-21,70.2,71.05,71.85,69.3,139010.0
979469,2023-01-11,67.6,67.7,68.5,67.0,64114.0
979469,2023-02-22,57.7,59.05,59.4,57.25,128232.0
979469,2023-05-02,61.3,61.15,62.4,60.6,194734.0
979469,2023-05-15,61.15,60.8,63.55,60.05,271954.0
979469,2023-05-26,62.55,63.9,64.25,62.15,164959.0
979469,2023-06-05,68.35,67.5,70.7,66.55,770739.0
979469,2023-07-07,92.2,89.2,93.25,87.7,1464078.0
979469,2023-08-01,102.75,94.0,102.75,93.6,1325649.0
979469,2023-08-09,97.15,95.4,99.0,95.4,420291.0
979469,2022-03-03,86.3,87.95,88.5,86.1,119688.0
979469,2022-04-21,89.35,88.25,90.05,87.95,137948.0
979469,2022-03-09,86.7,84.7,87.8,84.1,179076.0
979469,2022-03-10,87.15,89.5,90.9,86.5,272963.0
979469,2022-03-21,87.35,88.9,91.35,87.0,352946.0
979469,2022-03-31,80.95,82.95,83.75,80.55,253174.0
979469,2022-04-22,88.65,88.35,90.6,87.95,183829.0
979469,2022-07-01,59.45,59.7,60.0,58.75,55137.0
979469,2022-07-06,59.15,58.9,59.8,58.4,78577.0
979469,2022-07-13,74.45,73.7,80.7,73.35,2779111.0
979469,2022-07-15,69.1,69.5,70.75,67.5,199418.0
979469,2022-09-01,78.2,77.95,79.45,77.0,266988.0
979469,2022-09-15,83.75,86.85,87.6,83.55,307185.0
979469,2022-09-27,75.45,73.0,76.0,72.5,196448.0
979469,2022-11-09,75.15,76.75,77.8,74.5,232963.0
979469,2023-03-10,61.2,61.0,63.25,60.2,233335.0
979469,2023-03-20,57.25,57.1,59.75,55.55,270266.0
979469,2023-04-05,57.05,55.85,57.4,55.3,139328.0
979469,2023-05-04,61.5,60.75,62.55,60.55,183842.0
979469,2023-05-05,60.35,60.95,62.45,60.15,108353.0
979469,2023-07-12,115.7,119.6,121.7,113.35,2477711.0
979469,2023-07-27,118.2,119.0,119.55,116.2,1139433.0
979469,2022-04-25,85.85,87.95,88.45,85.5,136859.0
979469,2022-05-17,73.25,72.7,74.45,72.05,144864.0
979469,2022-06-06,69.45,69.55,70.45,67.5,76487.0
979469,2022-06-30,59.2,60.4,60.8,59.0,108485.0
979469,2022-07-07,60.3,59.8,60.55,59.4,108310.0
979469,2022-07-11,59.8,59.5,60.8,58.85,100396.0
979469,2022-08-24,77.8,71.25,80.1,71.25,843216.0
979469,2022-08-26,75.7,77.1,78.5,75.2,210760.0
979469,2022-10-19,78.15,78.55,79.6,77.7,129030.0
979469,2022-10-27,78.65,78.5,79.7,77.6,80406.0
979469,2022-10-31,78.1,77.7,79.2,76.5,119563.0
979469,2022-12-20,71.25,70.75,71.75,70.2,71608.0
979469,2023-02-10,63.85,63.75,64.55,63.05,78499.0
979469,2023-03-02,56.3,56.95,57.65,55.8,99428.0
979469,2023-03-24,56.55,55.95,57.7,55.8,280486.0
979469,2023-04-03,55.4,53.5,56.25,53.5,123159.0
979469,2023-04-11,58.1,58.55,59.2,57.5,81928.0
979469,2023-05-11,60.7,60.25,61.5,60.25,81654.0
979469,2023-06-06,66.6,68.65,68.8,66.05,207632.0
979469,2023-06-07,66.6,67.2,68.0,66.3,171178.0
