stockid,date,close,open,high,low,volume
194167,2021-01-20,2620.15,2530.0,2647.35,2526.0,574158.0
194167,2021-02-01,2423.8,2381.0,2442.3,2325.05,240826.0
194167,2021-03-05,2585.65,2630.0,2655.1,2564.0,147042.0
194167,2021-03-22,2921.2,2975.65,3012.8,2895.2,325777.0
194167,2021-03-24,2825.65,2848.0,2894.6,2814.05,288497.0
194167,2021-04-13,2890.5,3140.0,3150.0,2817.7,1192328.0
194167,2021-01-08,2804.2,2776.5,2825.0,2745.0,498550.0
194167,2021-02-15,2595.1,2629.0,2650.0,2581.6,115606.0
194167,2021-02-26,2542.05,2512.0,2590.0,2450.5,248948.0
194167,2021-03-02,2601.3,2533.25,2619.0,2521.05,286315.0
194167,2021-04-06,2998.95,3050.0,3069.95,2985.3,511609.0
194167,2021-04-20,3010.0,3129.0,3147.95,2987.75,494558.0
194167,2021-02-11,2640.6,2600.0,2659.0,2574.35,225339.0
194167,2021-03-01,2504.2,2555.5,2569.0,2476.05,122858.0
194167,2021-04-05,3036.6,2919.0,3059.9,2885.0,766853.0
194167,2021-05-07,3380.75,3374.0,3544.8,3318.3,3382726.0
194167,2021-05-11,3418.4,3225.0,3469.9,3177.05,2264123.0
194167,2021-03-23,2866.55,2932.7,2964.25,2853.2,238913.0
194167,2021-01-12,2772.35,2812.4,2831.5,2751.75,222656.0
194167,2021-01-21,2554.65,2638.0,2759.2,2535.2,379262.0
194167,2021-03-09,2582.8,2583.0,2631.0,2495.1,188462.0
194167,2021-04-27,2838.1,2832.7,2869.0,2785.0,441989.0
194167,2021-01-25,2397.65,2496.0,2511.3,2371.85,340348.0
194167,2021-03-03,2674.55,2618.0,2698.0,2602.0,326166.0
194167,2021-03-08,2563.15,2618.95,2631.8,2552.0,136788.0
194167,2021-04-07,3107.65,2998.9,3139.7,2990.15,998900.0
194167,2021-04-19,3111.65,3050.95,3170.0,3050.95,524015.0
194167,2021-01-04,2838.55,2750.9,2867.25,2720.0,523222.0
194167,2021-01-05,2882.55,2840.0,2906.0,2811.1,632717.0
194167,2021-01-07,2740.8,2830.0,2850.0,2730.0,353906.0
194167,2021-02-08,2604.65,2520.0,2640.45,2480.4,487169.0
194167,2021-02-16,2622.05,2601.0,2653.0,2581.05,341414.0
194167,2021-02-22,2471.0,2571.0,2586.55,2450.7,151596.0
194167,2021-03-30,2960.1,2832.0,2988.0,2776.3,706485.0
194167,2021-05-04,2850.3,2920.0,2946.9,2844.6,291720.0
194167,2021-05-06,3396.15,2905.0,3449.0,2821.85,6409969.0
194167,2021-01-01,2722.25,2703.25,2748.0,2685.85,216757.0
194167,2021-01-27,2448.05,2407.9,2485.0,2371.35,480020.0
194167,2021-02-18,2615.8,2599.9,2666.1,2573.65,339308.0
194167,2021-03-12,2722.1,2742.0,2793.95,2711.0,476338.0
194167,2021-03-26,2796.05,2771.0,2844.0,2750.0,249711.0
194167,2021-04-12,3118.3,3153.8,3195.45,3040.0,686244.0
194167,2021-01-22,2491.0,2572.25,2587.8,2482.9,324671.0
194167,2021-01-28,2420.1,2409.5,2427.95,2367.0,293093.0
194167,2021-05-03,2902.75,2875.95,2915.0,2831.0,267322.0
194167,2021-01-13,2730.2,2779.0,2797.5,2666.55,344363.0
194167,2021-01-19,2517.0,2537.9,2553.0,2475.0,425600.0
194167,2021-02-02,2453.05,2449.9,2498.0,2384.05,451684.0
194167,2021-02-09,2543.65,2622.0,2643.9,2527.0,355183.0
194167,2021-02-17,2586.8,2600.0,2616.0,2540.0,203604.0
194167,2021-03-10,2734.0,2620.0,2757.0,2620.0,1193338.0
194167,2021-03-18,2874.4,2953.9,2989.95,2840.85,468053.0
194167,2021-03-31,2926.95,2931.0,2946.0,2875.0,337479.0
194167,2021-05-05,2892.75,2856.4,2905.35,2835.3,256580.0
194167,2021-01-14,2734.0,2742.4,2753.1,2671.65,370482.0
194167,2021-02-03,2523.25,2470.0,2552.0,2428.6,457239.0
194167,2021-02-19,2570.25,2615.9,2644.9,2544.1,209259.0
194167,2021-02-25,2516.9,2521.0,2561.0,2507.0,132411.0
194167,2021-03-16,2993.55,2840.0,3015.25,2825.0,1308579.0
194167,2021-04-01,2933.45,2936.0,3070.8,2888.15,832101.0
194167,2021-04-16,3171.95,3045.0,3222.9,3035.05,1118546.0
194167,2021-04-26,2808.1,2869.9,2900.95,2799.8,381791.0
194167,2021-04-29,2844.7,2893.9,2931.0,2830.9,396597.0
194167,2021-04-09,3167.85,3098.4,3181.9,3090.05,567715.0
194167,2021-01-06,2801.55,2885.0,2909.55,2761.0,436993.0
194167,2021-01-29,2392.8,2420.1,2476.8,2353.0,656175.0
194167,2021-02-05,2498.6,2565.0,2572.55,2435.25,575079.0
194167,2021-02-12,2611.8,2658.0,2699.9,2600.0,381351.0
194167,2021-03-04,2635.55,2620.0,2694.85,2620.0,165983.0
194167,2021-03-15,2825.4,2740.0,2840.0,2727.0,757455.0
194167,2021-03-17,2949.55,2980.0,3032.0,2930.0,784046.0
194167,2021-03-25,2751.4,2838.0,2839.45,2725.0,298289.0
194167,2021-04-15,3045.05,2870.0,3072.0,2870.0,1197238.0
194167,2021-04-23,2851.0,2890.0,2979.95,2843.3,655022.0
194167,2021-04-30,2869.05,2843.8,2919.75,2820.6,473597.0
194167,2021-05-10,3222.1,3374.95,3374.95,3142.7,2405760.0
194167,2021-01-11,2817.05,2820.2,2848.0,2766.45,495273.0
194167,2021-01-15,2637.8,2753.45,2762.8,2610.0,375905.0
194167,2021-02-04,2548.3,2539.0,2561.7,2508.55,287341.0
194167,2021-02-10,2605.65,2555.0,2620.0,2520.15,340844.0
194167,2021-02-23,2465.35,2483.2,2525.0,2450.0,179812.0
194167,2021-02-24,2498.45,2479.0,2513.95,2300.0,143008.0
194167,2021-03-19,2966.75,2882.0,3000.0,2815.05,481531.0
194167,2021-04-08,3078.95,3121.0,3184.95,3055.0,638091.0
194167,2021-04-28,2868.2,2839.75,2896.0,2825.0,298609.0
194167,2021-01-18,2509.85,2648.0,2655.0,2491.75,409992.0
194167,2021-04-22,2878.95,3018.6,3019.0,2864.95,531624.0
194167,2021-06-07,3713.4,3694.1,3732.0,3660.8,336542.0
194167,2021-06-18,3971.05,4010.0,4048.85,3870.0,412475.0
194167,2021-06-23,3935.85,3996.45,4028.7,3920.0,297161.0
194167,2021-07-05,4219.2,4201.0,4279.0,4180.05,414482.0
194167,2021-07-26,4717.55,4686.0,4759.9,4680.0,257317.0
194167,2021-07-30,5083.9,5188.0,5230.0,5035.05,504421.0
194167,2021-08-26,4968.75,5000.0,5125.0,4915.0,510288.0
194167,2021-10-19,5861.4,5650.0,5990.0,5640.05,930411.0
194167,2021-12-23,5455.5,5500.0,5570.0,5435.25,204428.0
194167,2022-01-11,5767.15,5616.7,5887.9,5614.95,768310.0
194167,2022-01-12,5788.35,5800.0,5838.75,5732.0,246096.0
194167,2022-01-13,5726.65,5820.0,5864.8,5685.65,209226.0
194167,2022-02-08,4581.4,4677.0,4717.0,4545.0,276669.0
194167,2022-02-14,4355.25,4370.0,4513.2,4300.0,257780.0
194167,2022-02-21,4412.9,4300.0,4510.0,4240.0,479555.0
194167,2022-03-07,4722.4,4513.35,4748.0,4481.15,493455.0
194167,2022-03-14,4375.2,4290.0,4394.75,4217.1,721974.0
194167,2022-04-21,4093.05,4030.0,4106.9,3991.0,291958.0
194167,2022-05-06,3905.4,4050.0,4056.65,3590.75,1894205.0
194167,2022-06-02,3840.15,3793.45,3885.0,3763.05,251059.0
194167,2022-06-23,3678.85,3503.05,3708.9,3495.05,314327.0
194167,2022-06-24,3647.35,3735.3,3738.85,3579.5,372701.0
194167,2022-07-18,3441.65,3420.0,3484.0,3405.4,385666.0
194167,2022-08-17,3894.7,3844.0,3950.0,3812.8,374744.0
194167,2022-08-30,3560.35,3560.0,3583.95,3537.35,262068.0
194167,2022-09-26,3384.25,3320.0,3425.0,3305.7,453863.0
194167,2022-09-30,3361.95,3380.7,3393.85,3328.05,238515.0
194167,2022-10-07,3602.5,3622.15,3639.5,3563.25,170174.0
194167,2022-11-04,3738.1,3794.4,3810.65,3722.75,98546.0
194167,2021-06-04,3694.1,3660.0,3715.0,3650.0,663470.0
194167,2021-07-01,4193.6,4159.9,4205.1,4106.5,284271.0
194167,2021-07-02,4196.95,4195.0,4256.0,4090.05,713841.0
194167,2021-08-12,4847.1,4730.0,4856.95,4720.05,376225.0
194167,2021-08-30,5121.45,5125.9,5154.35,5081.6,252971.0
194167,2021-10-08,5645.85,5469.8,5730.0,5435.0,568821.0
194167,2021-10-25,5069.3,5310.0,5345.0,4726.6,1152746.0
194167,2021-10-26,5088.05,5118.0,5207.95,4962.05,489882.0
194167,2021-10-27,5042.85,5113.45,5144.4,4983.15,426492.0
194167,2021-11-01,5077.45,4930.0,5099.95,4890.0,479337.0
194167,2021-12-06,5125.25,5330.0,5370.0,5101.1,249883.0
194167,2022-01-24,4824.95,5200.0,5200.0,4801.0,388087.0
194167,2022-02-17,4388.6,4473.0,4493.0,4364.0,223742.0
194167,2022-03-11,4298.3,4258.8,4329.5,4235.2,771438.0
194167,2022-03-30,4521.95,4426.0,4532.0,4398.65,327496.0
194167,2022-04-05,4557.6,4539.9,4605.0,4511.6,359073.0
194167,2022-04-29,4200.2,4155.0,4250.0,4115.05,328848.0
194167,2022-05-19,3664.8,3830.0,3834.7,3624.0,478763.0
194167,2022-06-17,3375.8,3300.0,3469.9,3275.05,1396287.0
194167,2022-06-29,3662.25,3637.6,3706.0,3637.6,398973.0
194167,2022-06-30,3539.3,3675.0,3698.55,3530.0,273443.0
194167,2022-07-14,3417.25,3519.0,3538.95,3349.0,498159.0
194167,2022-07-26,3702.45,3767.95,3786.65,3688.4,504318.0
194167,2022-07-27,3787.45,3717.9,3799.0,3677.55,378714.0
194167,2022-08-11,3857.1,3859.0,3969.0,3846.0,365482.0
194167,2022-08-25,3684.2,3721.95,3749.85,3666.05,211511.0
194167,2022-10-12,3619.7,3640.95,3640.95,3547.85,184984.0
194167,2022-10-25,3895.3,3893.8,3929.85,3845.0,180109.0
194167,2021-07-19,4544.45,4539.95,4663.0,4505.0,348508.0
194167,2021-08-04,4723.8,4860.1,4873.0,4642.25,7451757.0
194167,2021-08-17,4869.2,4795.9,4948.0,4786.95,553891.0
194167,2021-08-25,4999.0,4970.0,5249.8,4962.0,1420879.0
194167,2021-09-13,5177.85,5120.0,5226.0,5100.0,387892.0
194167,2021-10-14,5604.1,5420.0,5790.0,5420.0,814033.0
194167,2021-12-03,5350.15,5436.9,5479.45,5332.0,209372.0
194167,2022-02-16,4461.9,4572.0,4590.55,4430.1,263626.0
194167,2022-03-17,4411.05,4425.0,4435.0,4365.0,961418.0
194167,2022-04-08,4373.15,4429.9,4433.55,4361.8,186265.0
194167,2022-05-24,3714.05,3873.95,3873.95,3698.15,183500.0
194167,2022-06-14,3233.8,3263.0,3355.0,3220.1,406521.0
194167,2022-07-11,3502.85,3540.0,3559.9,3445.0,358910.0
194167,2022-07-15,3378.65,3442.0,3474.95,3331.75,454998.0
194167,2022-09-02,3467.6,3529.0,3546.15,3461.0,166006.0
194167,2022-11-25,3944.8,3963.85,3990.0,3925.0,158367.0
194167,2021-06-16,3977.5,3962.95,4026.0,3911.0,451884.0
194167,2021-07-09,4356.55,4449.0,4479.0,4295.0,779102.0
194167,2021-07-22,4663.2,4558.85,4690.0,4555.0,316756.0
194167,2021-09-14,5295.55,5205.0,5339.65,5170.0,396367.0
194167,2021-11-02,5043.5,5121.0,5150.7,5019.45,275032.0
194167,2021-12-02,5414.15,5418.8,5438.0,5312.1,455418.0
194167,2022-01-20,5310.85,5398.0,5440.0,5222.5,292397.0
194167,2022-04-06,4464.25,4546.0,4554.0,4450.0,244539.0
194167,2022-05-09,3857.55,3863.65,3928.9,3767.0,482319.0
194167,2022-05-16,3795.7,3750.65,3878.0,3744.05,331975.0
194167,2022-05-17,3940.65,3820.0,3964.3,3810.75,234291.0
194167,2022-05-20,3786.95,3759.0,3800.0,3672.2,230550.0
194167,2022-08-08,3886.0,3939.05,3962.35,3870.0,150522.0
194167,2022-09-01,3500.95,3550.0,3550.0,3459.2,187096.0
194167,2022-09-09,3567.95,3530.0,3595.0,3491.35,316998.0
194167,2022-10-04,3479.5,3370.85,3489.95,3370.85,349319.0
194167,2022-11-02,3837.7,3785.0,3860.0,3785.0,129764.0
194167,2022-11-23,3874.35,3827.0,3889.0,3821.0,222260.0
194167,2021-05-19,3277.75,3399.0,3457.6,3251.55,3480261.0
194167,2021-05-25,3341.8,3300.0,3374.5,3295.5,521689.0
194167,2021-06-08,3824.1,3717.0,3849.4,3717.0,958609.0
194167,2021-07-07,4245.05,4190.0,4259.0,4120.05,364907.0
194167,2021-07-15,4589.6,4544.4,4610.0,4488.95,527612.0
194167,2021-07-20,4541.3,4567.0,4578.7,4474.45,310084.0
194167,2021-07-28,4742.95,4725.0,4849.9,4563.6,981330.0
194167,2021-08-10,4811.35,4824.0,4906.85,4760.0,478452.0
194167,2021-10-13,5337.8,5315.0,5350.0,5285.0,180526.0
194167,2022-01-14,5688.55,5650.0,5710.0,5625.0,183286.0
194167,2022-01-28,4713.25,4601.5,4825.0,4560.0,1344133.0
194167,2022-02-11,4541.6,4645.0,4659.15,4525.0,355001.0
194167,2022-03-04,4662.45,4646.0,4727.05,4554.75,326327.0
194167,2022-03-28,4337.65,4430.0,4440.2,4315.0,230886.0
194167,2022-04-12,4147.1,4170.0,4294.0,4105.15,405695.0
194167,2022-06-13,3311.5,3410.0,3410.0,3301.05,364406.0
194167,2022-06-22,3503.05,3570.0,3570.0,3463.0,383004.0
194167,2022-07-05,3542.55,3537.9,3584.4,3490.0,334389.0
194167,2022-07-06,3608.2,3550.9,3624.0,3525.0,251148.0
194167,2022-07-20,3535.9,3440.0,3555.0,3435.0,481414.0
194167,2022-09-27,3462.25,3434.0,3485.0,3360.0,339860.0
194167,2022-10-19,3812.35,3849.0,3863.25,3805.0,128446.0
194167,2022-11-22,3807.85,3779.0,3820.0,3755.85,113967.0
194167,2021-06-01,3588.6,3540.0,3598.0,3505.9,428643.0
194167,2021-07-23,4688.45,4678.0,4767.3,4671.3,370756.0
194167,2021-09-02,5157.95,5184.0,5199.9,5036.25,381235.0
194167,2021-09-22,5560.35,5570.0,5649.0,5500.35,348470.0
194167,2021-10-07,5448.95,5347.95,5499.0,5333.05,232968.0
194167,2021-10-29,4870.45,4976.0,5033.0,4834.1,450428.0
194167,2021-11-17,5839.35,5755.05,5937.55,5682.0,689317.0
194167,2021-11-24,5377.7,5483.2,5497.7,5322.0,321185.0
194167,2021-12-15,5312.8,5443.0,5474.0,5300.0,218216.0
194167,2021-12-16,5355.35,5375.0,5455.0,5315.85,296945.0
194167,2021-12-22,5474.2,5429.0,5525.0,5400.0,343462.0
194167,2021-12-27,5618.15,5657.0,5674.65,5549.4,294655.0
194167,2022-01-04,6105.4,6025.0,6135.0,5990.15,669217.0
194167,2022-01-10,5580.55,5813.5,5813.5,5560.0,380344.0
194167,2022-01-27,4400.8,4775.0,4775.0,4371.0,543551.0
194167,2022-02-01,4790.9,4925.0,4948.6,4715.05,425010.0
194167,2022-02-25,4501.9,4325.0,4517.0,4260.0,332829.0
194167,2022-04-01,4414.85,4490.0,4498.0,4351.05,330097.0
194167,2022-04-11,4312.3,4379.0,4392.6,4295.0,255565.0
194167,2022-04-20,3981.7,4070.0,4070.0,3935.15,359189.0
194167,2022-05-02,4116.55,4175.0,4175.0,4060.7,130130.0
194167,2022-05-31,3911.5,3912.95,3950.0,3831.1,455797.0
194167,2022-06-07,3550.35,3595.0,3639.95,3532.55,288049.0
194167,2022-06-21,3594.25,3400.0,3625.0,3396.8,588657.0
194167,2022-07-04,3505.85,3510.0,3534.85,3407.0,199527.0
194167,2022-07-08,3606.65,3680.0,3680.0,3578.0,380508.0
194167,2022-07-12,3518.2,3480.0,3554.0,3454.0,204485.0
194167,2022-09-06,3466.55,3508.0,3527.3,3438.0,184163.0
194167,2022-09-12,3617.95,3589.0,3657.85,3582.1,281977.0
194167,2022-09-29,3363.85,3467.7,3489.4,3351.0,284959.0
194167,2022-11-17,3865.8,3935.0,3944.45,3852.1,168856.0
194167,2021-05-12,3392.1,3411.0,3442.85,3336.05,814552.0
194167,2021-06-02,3575.65,3588.0,3610.0,3530.0,370855.0
194167,2021-05-27,3495.9,3498.7,3564.1,3460.75,1267263.0
194167,2021-06-28,4122.45,4110.0,4138.0,4065.0,201561.0
194167,2021-08-09,4799.6,4780.0,4834.1,4749.15,300321.0
194167,2021-09-29,5260.7,5175.0,5299.9,5001.0,580822.0
194167,2021-10-01,5279.5,5209.0,5325.0,5175.05,264231.0
194167,2021-11-30,5431.6,5348.0,5470.0,5286.1,373233.0
194167,2022-01-25,4781.65,4685.0,4878.25,4651.4,263837.0
194167,2022-02-10,4729.55,4790.0,4819.15,4713.5,188286.0
194167,2022-03-22,4457.7,4425.0,4480.0,4388.0,217962.0
194167,2022-03-23,4435.45,4485.9,4497.0,4406.8,165563.0
194167,2022-04-07,4389.15,4462.0,4493.9,4380.15,358080.0
194167,2022-04-28,4101.15,4085.0,4140.05,4021.75,187304.0
194167,2022-06-06,3606.85,3749.05,3749.05,3574.6,595666.0
194167,2022-08-18,3900.6,3894.0,3920.0,3803.3,232795.0
194167,2022-08-29,3511.6,3431.0,3564.0,3431.0,334612.0
194167,2022-09-08,3503.9,3540.0,3573.95,3487.45,251651.0
194167,2022-09-28,3450.4,3456.0,3499.8,3426.0,311296.0
194167,2022-10-06,3622.15,3496.9,3636.35,3495.0,346009.0
194167,2022-10-10,3638.05,3530.0,3654.0,3507.2,201583.0
194167,2022-10-21,3862.1,3854.9,3950.0,3788.95,575389.0
194167,2022-11-11,3897.65,3755.0,3915.0,3755.0,582176.0
194167,2021-05-14,3349.55,3391.0,3391.0,3276.15,394498.0
194167,2021-05-18,3430.2,3376.0,3515.35,3369.05,882274.0
194167,2021-06-09,3848.55,3840.0,3968.0,3831.95,1103959.0
194167,2021-06-10,3896.9,3878.8,3940.0,3870.0,394096.0
194167,2021-06-11,3978.95,3916.4,4009.7,3906.0,601470.0
194167,2021-06-15,3944.85,3925.45,3989.0,3925.45,280264.0
194167,2021-06-21,4008.65,3959.95,4028.75,3878.2,299027.0
194167,2021-06-22,3978.65,4044.75,4044.75,3963.25,279225.0
194167,2021-06-29,4061.3,4121.85,4121.85,4032.0,289428.0
194167,2021-08-23,4987.85,4936.9,5068.0,4901.65,466364.0
194167,2021-08-27,5077.0,4995.1,5128.55,4947.25,481320.0
194167,2021-09-01,5167.55,5201.1,5246.3,5143.25,199398.0
194167,2021-09-09,5114.95,5155.45,5183.6,5083.0,224361.0
194167,2021-10-21,5448.45,5840.0,5849.3,5403.9,566651.0
194167,2021-11-04,5081.4,5085.0,5108.25,5065.3,21617.0
194167,2021-11-26,5267.65,5489.0,5530.0,5202.0,439900.0
194167,2021-12-01,5378.6,5399.35,5454.3,5308.1,347425.0
194167,2021-12-29,5649.1,5635.0,5695.0,5605.0,160761.0
194167,2021-12-30,5860.65,5640.1,5910.0,5629.0,544368.0
194167,2022-01-05,5939.5,6107.7,6107.7,5890.95,696187.0
194167,2022-01-19,5408.25,5420.0,5459.15,5281.2,338798.0
194167,2022-03-02,4492.45,4500.0,4549.8,4480.0,229823.0
194167,2022-03-31,4457.5,4565.9,4565.9,4440.0,246086.0
194167,2022-04-19,4027.3,4120.0,4167.35,3977.05,329391.0
194167,2022-06-01,3793.45,3911.5,3952.7,3767.0,325416.0
194167,2022-07-22,3726.45,3639.0,3799.0,3560.7,1356800.0
194167,2022-09-16,3281.3,3405.0,3410.0,3262.0,344445.0
194167,2022-11-01,3844.75,3848.0,3868.95,3812.0,158753.0
194167,2022-11-15,3972.3,4032.0,4036.9,3912.15,247184.0
194167,2021-07-29,5171.55,4825.0,5201.0,4825.0,1557599.0
194167,2021-08-03,4964.6,5187.55,5213.5,4933.55,498197.0
194167,2021-08-16,4784.95,4840.0,4850.0,4753.1,254097.0
194167,2021-09-08,5136.1,5199.95,5214.4,5082.05,306059.0
194167,2021-11-23,5455.9,5365.0,5504.65,5242.3,293075.0
194167,2021-12-14,5439.45,5338.8,5496.25,5338.8,233815.0
194167,2022-02-22,4418.1,4205.1,4448.65,4205.1,283211.0
194167,2022-03-08,4812.85,4741.5,4842.8,4672.6,460570.0
194167,2022-03-25,4423.05,4490.0,4525.0,4402.0,307230.0
194167,2022-05-18,3950.35,3947.85,4071.7,3920.25,286320.0
194167,2022-05-30,3898.3,3775.0,3915.0,3752.55,470643.0
194167,2022-06-10,3483.2,3498.0,3515.0,3391.2,345340.0
194167,2022-07-13,3505.3,3533.0,3580.2,3495.0,318415.0
194167,2022-07-28,3846.05,3817.45,3864.1,3787.0,650203.0
194167,2022-08-24,3698.05,3718.0,3734.9,3674.0,185638.0
194167,2022-09-07,3504.25,3449.0,3522.9,3434.65,229288.0
194167,2022-11-07,3713.65,3748.0,3791.9,3700.0,107323.0
194167,2021-07-12,4388.25,4360.0,4409.85,4313.0,398500.0
194167,2021-08-31,5208.75,5146.55,5336.6,5121.5,650782.0
194167,2021-09-07,5179.55,5297.0,5312.7,5160.0,227328.0
194167,2021-09-15,5369.3,5319.0,5407.85,5265.35,445246.0
194167,2021-09-24,5649.0,5710.45,5832.95,5580.25,468197.0
194167,2021-11-10,5354.15,5375.0,5375.0,5287.9,235038.0
194167,2021-11-25,5502.8,5398.0,5535.0,5351.0,208206.0
194167,2021-12-09,5270.25,5293.95,5300.5,5212.5,129050.0
194167,2021-12-28,5655.7,5657.0,5732.95,5623.9,271227.0
194167,2022-01-06,5931.15,5850.0,5984.4,5756.65,343998.0
194167,2022-02-23,4436.65,4455.0,4494.1,4390.0,146695.0
194167,2022-03-16,4350.45,4201.0,4359.9,4201.0,860347.0
194167,2022-05-04,4058.45,4129.7,4185.0,4029.7,138530.0
194167,2022-05-23,3853.2,3818.0,3891.0,3768.45,197987.0
194167,2022-05-26,3477.85,3490.0,3535.7,3353.0,419377.0
194167,2022-06-09,3550.2,3474.8,3559.95,3435.0,304889.0
194167,2022-06-28,3735.2,3751.35,3781.85,3710.0,309547.0
194167,2022-08-02,3819.95,3919.9,3919.9,3803.0,347086.0
194167,2022-08-19,3923.7,3921.0,4058.6,3891.0,971275.0
194167,2022-09-13,3606.7,3650.0,3659.5,3595.3,121824.0
194167,2022-09-14,3471.0,3480.0,3500.0,3437.05,439069.0
194167,2022-09-20,3338.35,3279.0,3424.0,3274.6,596903.0
194167,2022-10-11,3592.8,3656.25,3724.0,3580.0,401676.0
194167,2022-10-14,3742.0,3680.0,3779.6,3665.05,488896.0
194167,2022-10-17,3763.1,3728.0,3784.0,3684.05,227894.0
194167,2022-10-18,3836.75,3781.95,3843.95,3775.0,300885.0
194167,2022-11-16,3944.45,3992.0,4024.0,3920.0,199348.0
194167,2022-11-24,3947.9,3893.75,3968.4,3870.0,197124.0
194167,2021-05-20,3323.2,3277.75,3359.4,3265.0,1314899.0
194167,2021-05-21,3330.2,3350.0,3385.9,3315.25,867323.0
194167,2021-05-31,3529.4,3558.0,3579.0,3511.1,418257.0
194167,2021-06-17,3978.6,3963.7,4015.55,3941.15,229866.0
194167,2021-08-06,4789.65,4780.0,4840.0,4762.0,403102.0
194167,2021-09-16,5465.45,5425.6,5518.9,5380.1,658167.0
194167,2021-09-21,5531.5,5372.0,5557.75,5314.95,395641.0
194167,2021-09-28,5214.8,5460.0,5460.4,5150.0,522354.0
194167,2021-10-04,5337.95,5298.6,5368.0,5251.0,189050.0
194167,2021-10-06,5301.8,5425.65,5459.95,5276.35,306747.0
194167,2021-10-11,5362.05,5600.0,5600.0,5159.35,500224.0
194167,2021-10-18,5604.85,5662.8,5691.95,5511.6,312740.0
194167,2021-11-08,5251.65,5100.0,5288.0,5025.0,406781.0
194167,2021-11-15,5496.2,5410.35,5518.45,5396.15,249902.0
194167,2021-11-16,5721.75,5600.0,5874.0,5572.0,1651697.0
194167,2021-12-13,5476.45,5350.0,5587.0,5326.55,401546.0
194167,2021-12-21,5396.9,5245.0,5430.0,5212.4,330003.0
194167,2022-01-03,5973.15,5920.0,6005.0,5910.0,313011.0
194167,2022-01-07,5756.2,5975.0,5975.0,5710.75,251810.0
194167,2022-01-31,4813.5,4807.0,4910.0,4763.1,466619.0
194167,2022-02-03,4678.5,4829.0,4842.0,4660.05,347569.0
194167,2022-02-28,4535.5,4370.0,4561.2,4370.0,294206.0
194167,2022-03-21,4433.9,4444.0,4485.0,4393.95,285651.0
194167,2022-04-13,4160.8,4194.2,4239.0,4150.0,230465.0
194167,2022-04-18,4071.75,4072.0,4119.85,3995.0,412152.0
194167,2022-05-05,4171.6,4109.75,4216.9,4058.45,252269.0
194167,2022-05-25,3453.95,3714.05,3727.1,3436.6,393015.0
194167,2022-06-08,3498.5,3584.0,3589.9,3456.7,408376.0
194167,2022-07-01,3488.05,3538.0,3538.0,3419.9,536217.0
194167,2022-08-26,3661.85,3713.0,3745.0,3651.25,175186.0
194167,2022-09-05,3475.15,3470.5,3525.0,3462.6,135099.0
194167,2022-09-15,3418.85,3500.0,3514.05,3405.0,205880.0
194167,2022-09-21,3324.9,3315.0,3368.35,3300.0,204744.0
194167,2022-09-23,3336.55,3388.25,3455.0,3322.85,247536.0
194167,2021-05-28,3543.05,3510.0,3585.0,3500.0,649978.0
194167,2021-07-08,4464.6,4217.0,4520.15,4215.0,862070.0
194167,2021-08-24,4942.7,5012.75,5049.9,4815.55,314094.0
194167,2021-09-03,5243.25,5185.0,5312.95,5130.8,620969.0
194167,2021-09-20,5350.65,5444.0,5544.65,5326.0,313150.0
194167,2021-10-22,5397.5,5509.6,5565.0,5335.4,417767.0
194167,2021-12-07,5208.5,5198.7,5290.0,5001.0,489238.0
194167,2021-12-24,5645.6,5468.0,5668.75,5461.35,517808.0
194167,2021-12-31,5890.35,5890.0,5923.45,5820.6,276520.0
194167,2022-01-17,5628.0,5710.7,5720.0,5613.3,170630.0
194167,2022-01-21,5200.35,5250.0,5385.0,5154.75,249713.0
194167,2022-05-11,3721.6,3690.0,3767.7,3595.0,343644.0
194167,2022-05-13,3743.25,3755.0,3799.0,3659.15,459879.0
194167,2022-09-22,3397.5,3299.95,3433.0,3275.3,346393.0
194167,2022-11-09,3680.8,3741.0,3772.9,3663.65,91007.0
194167,2022-11-18,3808.75,3880.0,3939.4,3758.25,237554.0
194167,2021-05-17,3367.45,3372.0,3489.0,3336.05,704552.0
194167,2021-06-30,4157.3,4070.0,4174.0,4070.0,390047.0
194167,2021-07-13,4320.35,4400.0,4419.75,4300.0,208757.0
194167,2021-07-16,4547.75,4575.8,4582.0,4500.5,284143.0
194167,2021-08-05,4768.5,4764.0,4844.0,4740.0,801906.0
194167,2021-09-23,5652.75,5620.5,5674.65,5558.25,220233.0
194167,2021-09-27,5415.1,5690.0,5695.1,5301.35,622421.0
194167,2021-09-30,5241.3,5300.0,5321.8,5204.05,355976.0
194167,2021-11-11,5376.2,5335.1,5404.85,5257.65,206501.0
194167,2021-12-20,5181.95,5345.0,5345.0,5060.0,322070.0
194167,2022-02-09,4763.8,4625.0,4775.0,4610.05,322221.0
194167,2022-03-24,4478.95,4429.95,4499.0,4401.1,315979.0
194167,2022-04-25,4001.45,4109.95,4109.95,3993.0,215631.0
194167,2022-04-27,4032.95,4002.05,4050.0,3961.15,156425.0
194167,2022-06-15,3277.45,3299.9,3299.9,3218.1,303870.0
194167,2022-06-20,3369.7,3403.95,3448.0,3338.45,433191.0
194167,2022-07-29,3954.3,3920.0,3964.95,3891.45,457600.0
194167,2022-08-04,3901.1,3895.0,3948.0,3820.0,294929.0
194167,2022-10-03,3328.85,3370.0,3386.55,3295.0,314899.0
194167,2022-11-10,3676.1,3646.9,3713.25,3640.0,97718.0
194167,2022-11-14,4018.35,3929.0,4040.0,3904.2,443136.0
194167,2021-06-14,3908.45,4013.95,4013.95,3873.05,446759.0
194167,2021-06-24,4072.85,3964.0,4090.0,3947.8,457117.0
194167,2021-07-06,4193.15,4235.0,4238.0,4134.05,453052.0
194167,2021-08-02,5142.1,5114.6,5188.0,5090.05,207068.0
194167,2021-08-11,4690.8,4830.0,4864.0,4664.15,434881.0
194167,2021-09-17,5444.7,5485.0,5525.0,5405.0,300369.0
194167,2021-10-05,5382.4,5320.0,5411.35,5243.05,256979.0
194167,2021-11-09,5381.95,5270.0,5413.95,5211.1,377416.0
194167,2021-11-22,5428.25,5608.1,5608.1,5319.05,260848.0
194167,2021-12-08,5252.45,5300.0,5342.5,5223.0,244702.0
194167,2022-02-15,4504.4,4390.0,4528.0,4331.5,351084.0
194167,2022-02-18,4320.45,4335.1,4419.95,4305.05,217360.0
194167,2022-03-10,4260.0,4349.75,4350.0,4227.4,3662287.0
194167,2022-04-26,4042.85,4035.0,4060.0,4002.0,110847.0
194167,2022-06-16,3295.95,3345.0,3390.0,3261.25,475210.0
194167,2022-06-27,3791.1,3719.0,3828.0,3705.85,449206.0
194167,2022-07-07,3609.45,3627.0,3720.0,3571.1,458481.0
194167,2022-08-01,3944.05,3960.0,3998.0,3899.95,256505.0
194167,2022-08-05,3934.5,3902.0,3978.8,3894.95,235333.0
194167,2022-08-12,3792.5,3869.75,3869.75,3785.0,166154.0
194167,2022-10-27,3888.2,3890.3,3929.55,3830.0,142382.0
194167,2021-07-27,4723.4,4745.0,4759.0,4685.0,183614.0
194167,2021-08-13,4811.45,4850.0,4881.8,4789.95,335581.0
194167,2021-08-18,4975.85,4908.85,5055.0,4872.3,758653.0
194167,2021-11-12,5418.0,5431.0,5470.0,5369.85,244516.0
194167,2021-11-29,5292.75,5200.0,5359.15,5033.1,249375.0
194167,2021-12-17,5392.95,5427.0,5498.5,5346.0,360707.0
194167,2022-02-02,4822.8,4809.0,4862.9,4756.4,413069.0
194167,2022-02-04,4695.1,4675.0,4739.0,4588.0,411521.0
194167,2022-02-24,4226.05,4302.25,4319.4,4188.55,358480.0
194167,2022-03-29,4407.95,4355.0,4422.0,4342.65,198123.0
194167,2022-04-04,4511.6,4460.0,4545.0,4414.85,319208.0
194167,2022-05-12,3653.9,3675.2,3734.9,3552.25,514608.0
194167,2022-05-27,3671.45,3515.0,3699.0,3515.0,483150.0
194167,2022-06-03,3760.1,3939.0,4010.0,3737.4,624675.0
194167,2022-08-03,3869.3,3829.0,3898.9,3819.35,342183.0
194167,2022-08-16,3826.6,3815.7,3860.0,3797.0,146873.0
194167,2022-08-23,3700.05,3660.0,3735.0,3613.05,358562.0
194167,2022-11-21,3760.75,3750.0,3798.95,3740.0,172333.0
194167,2021-05-24,3290.4,3348.0,3374.85,3261.7,639900.0
194167,2021-05-26,3484.65,3345.0,3505.0,3345.0,1358170.0
194167,2021-06-03,3644.45,3575.0,3659.55,3560.0,518452.0
194167,2021-06-25,4097.7,4100.75,4157.7,4055.0,548604.0
194167,2021-07-14,4534.7,4339.45,4558.8,4339.0,930414.0
194167,2021-08-20,4906.7,4948.0,5025.0,4805.85,444577.0
194167,2021-09-06,5281.0,5268.0,5302.0,5242.0,312573.0
194167,2021-10-12,5279.4,5378.5,5413.95,5215.0,379305.0
194167,2021-10-20,5820.4,5864.7,6030.0,5680.0,550669.0
194167,2021-10-28,5033.25,5064.0,5128.25,4950.1,444979.0
194167,2021-11-03,5064.9,5054.8,5093.0,5009.0,194311.0
194167,2021-11-18,5572.1,5850.0,5857.6,5508.0,598738.0
194167,2021-12-10,5315.35,5240.0,5338.75,5220.0,173159.0
194167,2022-01-18,5410.2,5675.0,5675.0,5381.7,278602.0
194167,2022-02-07,4658.85,4690.0,4759.0,4613.0,327157.0
194167,2022-03-03,4678.4,4550.0,4693.65,4493.05,630484.0
194167,2022-03-09,4556.1,4857.2,4873.85,4526.0,861200.0
194167,2022-03-15,4151.6,4387.0,4410.0,4084.1,993833.0
194167,2022-04-22,4129.25,4080.0,4150.05,4002.0,278857.0
194167,2022-05-10,3649.3,3850.0,3904.15,3634.45,341964.0
194167,2022-07-19,3411.6,3435.0,3435.0,3364.05,485003.0
194167,2022-07-21,3620.75,3550.0,3730.0,3520.6,780676.0
194167,2022-07-25,3789.5,3690.0,3835.0,3685.05,621916.0
194167,2022-08-10,3822.65,3886.0,3906.0,3810.0,182049.0
194167,2022-08-22,3762.9,3860.0,3860.0,3750.0,397821.0
194167,2022-09-19,3235.95,3279.0,3300.0,3210.05,225210.0
194167,2022-10-13,3633.9,3620.0,3647.0,3580.0,136976.0
194167,2022-10-20,3858.3,3805.0,3900.0,3737.0,322195.0
194167,2022-10-24,3877.3,3925.0,3925.0,3862.15,23835.0
194167,2022-10-28,3736.5,3860.0,3874.9,3704.95,209662.0
194167,2022-10-31,3809.6,3755.2,3827.0,3748.5,153364.0
194167,2022-11-03,3794.4,3780.0,3828.9,3768.1,96877.0
194167,2022-12-19,3895.65,3951.0,3951.0,3875.55,193855.0
194167,2023-02-02,4433.9,4390.0,4512.0,4352.3,634419.0
194167,2022-12-12,3906.25,3852.0,3920.0,3792.3,213908.0
194167,2022-12-27,3874.35,3785.0,3880.0,3784.0,195437.0
194167,2023-01-11,3936.1,3990.95,4059.0,3911.4,399848.0
194167,2022-11-30,4036.3,3978.85,4068.2,3960.0,327153.0
194167,2023-02-13,4032.25,4050.0,4124.75,4000.3,8266976.0
194167,2023-02-16,4229.3,4154.9,4242.95,4127.5,840561.0
194167,2023-02-22,4342.55,4300.0,4369.0,4278.9,298410.0
194167,2023-02-27,4273.95,4382.0,4382.0,4156.0,464622.0
194167,2023-03-16,3852.05,3914.1,3944.6,3836.05,345380.0
194167,2023-04-06,4000.1,4065.0,4075.0,3968.0,299744.0
194167,2023-04-19,3901.95,4028.2,4028.2,3882.85,381807.0
194167,2023-05-02,4130.65,4188.9,4206.35,4089.9,1158608.0
194167,2023-06-28,4668.9,4725.0,4737.6,4649.0,265343.0
194167,2022-12-29,3915.35,3870.0,3942.0,3861.05,321786.0
194167,2023-02-03,4308.6,4450.0,4487.25,4292.2,448859.0
194167,2023-05-05,4117.6,4117.0,4126.8,4062.05,197974.0
194167,2023-06-12,4506.3,4426.95,4565.0,4380.05,484807.0
194167,2023-07-21,4640.3,4820.95,4916.25,4610.05,1130735.0
194167,2023-02-01,4352.75,4400.0,4429.7,4320.05,162450.0
194167,2023-01-27,4294.1,4304.85,4371.2,4250.0,744813.0
194167,2023-02-07,4302.6,4309.0,4379.15,4293.0,148761.0
194167,2023-03-15,3950.0,3960.0,4018.9,3855.0,471814.0
194167,2023-03-09,4255.35,4295.0,4298.7,4244.0,135724.0
194167,2023-03-22,3738.65,3760.0,3794.1,3713.95,192165.0
194167,2023-03-13,4084.65,4157.05,4173.1,4065.05,276920.0
194167,2023-03-24,3700.5,3770.0,3827.6,3670.0,270367.0
194167,2023-03-21,3712.6,3790.0,3799.8,3703.1,247105.0
194167,2023-04-03,3851.35,3850.0,3879.0,3771.3,169214.0
194167,2023-04-18,4028.2,3919.3,4059.0,3851.45,566817.0
194167,2023-05-11,4124.8,4170.0,4179.0,4116.0,329135.0
194167,2023-04-20,3813.45,3920.0,4003.0,3800.25,897812.0
194167,2023-05-18,4206.15,4240.0,4255.0,4175.5,204276.0
194167,2023-06-02,4590.8,4571.05,4649.5,4560.0,302898.0
194167,2023-05-22,4370.95,4278.15,4385.0,4266.15,358673.0
194167,2023-06-19,4562.9,4583.0,4623.95,4555.3,136407.0
194167,2023-05-26,4459.95,4319.8,4507.15,4305.0,634129.0
194167,2023-07-14,4925.8,4788.0,4966.4,4778.95,653920.0
194167,2023-07-03,4684.35,4739.0,4741.25,4650.0,143153.0
194167,2023-08-09,5067.95,4989.95,5090.0,4958.9,343864.0
194167,2023-08-07,4942.65,4914.0,4958.0,4885.25,183698.0
194167,2023-08-14,5277.05,5267.9,5348.0,5221.05,520002.0
194167,2022-12-13,3918.6,3940.0,3964.9,3899.45,218155.0
194167,2022-12-22,3885.6,3972.0,3972.0,3816.5,259590.0
194167,2022-12-28,3914.5,3825.5,3930.0,3817.0,190347.0
194167,2023-01-04,3949.25,4009.05,4015.0,3935.85,130496.0
194167,2023-02-14,4079.9,4017.0,4095.0,4010.0,463716.0
194167,2023-02-28,4298.65,4274.0,4337.85,4264.65,248384.0
194167,2023-03-23,3748.6,3718.05,3760.0,3658.0,238035.0
194167,2023-04-10,4061.3,4039.95,4070.0,3991.0,194314.0
194167,2023-04-24,3891.6,3845.0,3907.95,3780.0,288023.0
194167,2023-05-03,4099.25,4095.0,4141.95,4055.9,442070.0
194167,2023-07-05,4725.45,4718.0,4768.95,4685.05,134422.0
194167,2023-07-07,4691.65,4740.0,4819.1,4677.5,307428.0
194167,2023-07-28,4672.3,4699.95,4716.3,4630.05,114340.0
194167,2022-12-14,3985.3,3958.0,4059.85,3950.0,478608.0
194167,2023-01-12,3904.2,3960.0,3976.45,3851.05,208072.0
194167,2023-05-10,4125.4,4135.0,4150.0,4100.1,115839.0
194167,2023-06-01,4562.15,4566.0,4590.9,4528.55,220301.0
194167,2023-06-09,4408.0,4390.05,4434.4,4336.35,209549.0
194167,2023-06-22,4534.7,4584.85,4586.0,4480.0,279644.0
194167,2023-06-26,4606.7,4445.0,4624.7,4444.95,252705.0
194167,2023-07-24,4725.7,4668.0,4748.0,4642.6,338000.0
194167,2022-12-21,3920.4,3928.0,3998.7,3897.45,300119.0
194167,2023-01-09,4017.35,3940.0,4039.5,3940.0,204667.0
194167,2023-01-10,3974.4,4000.0,4020.0,3956.6,187377.0
194167,2023-03-01,4300.35,4293.6,4309.0,4241.35,308649.0
194167,2023-04-11,4004.85,4061.3,4071.35,3995.0,191875.0
194167,2023-06-30,4711.3,4677.95,4755.0,4668.95,219272.0
194167,2023-07-18,4965.85,4990.0,4997.7,4875.25,452555.0
194167,2023-07-31,4703.7,4690.0,4729.5,4675.6,164337.0
194167,2023-08-03,4765.25,4745.0,4793.9,4710.0,260642.0
194167,2022-12-08,3985.8,4025.0,4051.15,3975.0,221418.0
194167,2022-11-28,3979.4,3920.0,3990.0,3919.95,148043.0
194167,2023-01-13,3884.45,3927.0,3927.0,3790.5,351833.0
194167,2023-01-03,4019.55,3959.0,4032.0,3926.25,319505.0
194167,2023-01-05,3929.45,3958.0,3972.9,3907.25,95607.0
194167,2023-01-31,4378.9,4425.0,4425.0,4257.2,345852.0
194167,2023-02-10,4334.3,4330.05,4370.0,4300.0,225248.0
194167,2023-02-15,4115.0,4080.0,4124.95,4065.0,374514.0
194167,2023-03-03,4258.4,4290.0,4298.35,4240.0,323213.0
194167,2023-03-20,3774.65,3855.05,3890.0,3750.0,265027.0
194167,2023-04-12,4065.2,4020.0,4079.0,3995.0,164378.0
194167,2023-05-15,4131.3,4090.15,4144.7,4060.0,116466.0
194167,2023-05-16,4204.0,4149.95,4252.85,4130.0,497428.0
194167,2023-05-29,4420.15,4510.0,4510.0,4405.0,214720.0
194167,2023-06-06,4415.5,4562.0,4562.0,4383.05,372997.0
194167,2023-06-14,4619.6,4568.0,4651.2,4505.0,398730.0
194167,2023-06-21,4604.85,4600.0,4678.8,4580.25,304147.0
194167,2023-07-06,4745.3,4720.0,4750.5,4693.85,84047.0
194167,2023-07-13,4755.5,4674.0,4816.2,4656.25,438079.0
194167,2023-07-27,4692.7,4728.0,4753.0,4662.8,159595.0
194167,2022-12-07,4023.95,4040.05,4068.5,3992.0,200268.0
194167,2022-12-26,3770.65,3749.0,3798.6,3702.3,101353.0
194167,2022-12-06,4079.9,4155.0,4169.9,4045.05,252522.0
194167,2023-01-18,3925.8,3922.0,3948.0,3911.0,81445.0
194167,2023-01-19,3966.55,3900.0,3994.0,3878.0,198704.0
194167,2023-02-24,4377.5,4430.0,4440.0,4358.2,328145.0
194167,2023-04-27,4051.3,3926.0,4074.4,3926.0,700170.0
194167,2023-06-15,4582.95,4639.0,4639.0,4551.0,158905.0
194167,2023-07-12,4649.8,4705.0,4720.0,4601.0,289782.0
194167,2022-12-09,3877.2,4025.0,4039.0,3857.4,416332.0
194167,2022-12-02,4237.5,4137.0,4253.0,4120.1,520606.0
194167,2023-01-02,3951.2,3903.55,4100.0,3811.0,342096.0
194167,2023-01-06,3901.0,3939.8,3949.0,3880.05,163783.0
194167,2023-01-25,4272.7,4335.0,4362.0,4250.0,521283.0
194167,2023-03-28,3598.05,3656.7,3656.7,3580.0,222037.0
194167,2023-04-26,3943.7,3933.0,3998.0,3885.2,415676.0
194167,2023-06-27,4695.45,4616.0,4714.4,4616.0,353159.0
194167,2023-08-02,4757.1,4845.0,4858.8,4700.05,146505.0
194167,2023-08-21,4996.5,4946.95,5020.5,4918.6,237711.0
194167,2023-01-23,4358.9,4126.0,4417.0,4068.2,1461912.0
194167,2023-03-27,3635.75,3666.0,3723.0,3622.95,272941.0
194167,2023-03-31,3814.1,3694.0,3824.4,3680.05,276488.0
194167,2023-04-05,4079.2,3851.0,4120.0,3821.1,846049.0
194167,2023-04-21,3830.75,3810.1,3862.2,3770.05,410881.0
194167,2023-05-24,4255.4,4284.0,4303.5,4233.15,158567.0
194167,2023-05-31,4555.1,4417.0,4605.5,4409.0,706949.0
194167,2023-06-07,4452.05,4450.0,4469.95,4416.15,127994.0
194167,2023-06-16,4594.25,4617.35,4628.9,4559.3,214384.0
194167,2023-07-04,4708.6,4684.35,4748.95,4666.05,144784.0
194167,2023-07-17,4958.15,4950.0,5054.85,4910.05,503091.0
194167,2023-08-10,5146.9,5067.95,5225.0,5042.45,625096.0
194167,2023-08-18,4920.15,5000.0,5028.65,4896.05,453257.0
194167,2023-08-23,4894.0,4980.0,4999.0,4871.1,100768.0
194167,2023-01-16,3898.5,3900.0,3950.0,3856.6,252525.0
194167,2022-12-16,3952.6,3835.0,3970.7,3800.1,450739.0
194167,2023-02-21,4339.95,4340.0,4383.0,4295.0,370734.0
194167,2023-01-20,4102.0,4041.0,4250.0,4041.0,1986822.0
194167,2023-02-23,4420.9,4375.0,4430.85,4324.2,459676.0
194167,2023-02-06,4317.8,4316.0,4342.95,4260.0,175369.0
194167,2023-03-08,4279.6,4280.0,4320.0,4251.05,191561.0
194167,2023-02-17,4204.1,4195.0,4227.45,4152.0,352234.0
194167,2023-03-14,3921.65,4100.0,4100.0,3845.4,882239.0
194167,2023-03-02,4249.7,4300.0,4300.1,4225.55,189586.0
194167,2023-04-13,4028.7,4050.0,4130.0,3992.0,435682.0
194167,2023-03-29,3660.35,3580.0,3674.0,3564.75,348819.0
194167,2023-04-25,3929.95,3900.7,3952.0,3840.0,387700.0
194167,2023-05-08,4116.25,4120.0,4126.3,4100.0,179821.0
194167,2023-05-04,4104.95,4113.75,4139.3,4085.15,316363.0
194167,2023-05-09,4125.05,4120.0,4172.0,4091.5,354599.0
194167,2023-05-12,4085.65,4136.8,4160.45,4074.8,211783.0
194167,2023-06-20,4559.25,4550.0,4580.0,4392.25,257086.0
194167,2023-05-23,4304.5,4380.4,4420.0,4290.0,276091.0
194167,2023-07-10,4611.3,4727.0,4727.0,4600.0,139340.0
194167,2023-05-30,4400.15,4415.0,4468.8,4388.3,270720.0
194167,2023-07-19,4875.95,4964.8,4965.85,4860.0,382389.0
194167,2023-06-13,4567.9,4536.95,4578.0,4500.0,262813.0
194167,2023-07-20,4819.45,4921.4,4921.4,4765.65,300822.0
194167,2023-08-16,5075.95,5202.0,5419.9,5041.2,698393.0
194167,2023-08-22,4961.0,5040.0,5043.3,4952.0,171782.0
194167,2022-12-23,3735.45,3821.0,3839.95,3704.0,262009.0
194167,2022-12-30,3884.1,3970.0,4065.0,3801.6,538404.0
194167,2023-02-08,4329.45,4344.1,4474.0,4312.0,740144.0
194167,2023-02-20,4335.45,4204.1,4364.85,4175.0,582774.0
194167,2023-03-10,4136.35,4209.0,4239.85,4117.95,356622.0
194167,2023-05-17,4214.0,4227.0,4234.05,4130.75,333219.0
194167,2023-06-05,4592.45,4634.0,4634.0,4562.0,146482.0
194167,2023-07-26,4716.15,4699.0,4770.0,4690.05,160886.0
194167,2023-08-01,4845.45,4727.0,4851.0,4691.55,352854.0
194167,2023-08-04,4888.15,4800.0,4893.7,4788.65,246235.0
194167,2023-08-08,4980.9,4966.95,5018.95,4930.6,233808.0
194167,2023-08-17,5005.2,5093.1,5126.95,4967.0,713344.0
194167,2022-11-29,3977.75,3970.0,4010.0,3941.35,193016.0
194167,2023-01-17,3918.0,3898.5,3936.95,3880.2,139585.0
194167,2023-03-06,4328.35,4284.95,4365.2,4280.0,217940.0
194167,2023-04-17,3891.9,3888.0,3910.0,3752.0,734729.0
194167,2023-05-25,4297.25,4250.0,4319.0,4211.6,280375.0
194167,2023-06-08,4385.55,4465.0,4465.0,4375.25,128873.0
194167,2023-06-23,4499.45,4532.0,4532.0,4460.0,173418.0
194167,2023-07-11,4696.95,4614.3,4710.0,4570.0,324240.0
194167,2023-08-11,5267.9,5173.0,5285.0,5164.0,604763.0
194167,2022-12-01,4116.85,4086.0,4205.0,4050.95,692687.0
194167,2022-12-05,4191.8,4265.0,4265.0,4176.1,248429.0
194167,2022-12-15,3875.25,3965.0,3972.95,3861.65,199134.0
194167,2022-12-20,3895.95,3879.8,3913.8,3830.0,194228.0
194167,2023-01-24,4324.0,4358.9,4460.0,4302.0,1169538.0
194167,2023-01-30,4418.65,4310.0,4454.45,4266.2,578458.0
194167,2023-02-09,4340.5,4329.0,4360.0,4275.0,329010.0
194167,2023-03-17,3901.0,3901.0,3944.0,3880.0,251762.0
194167,2023-04-28,4184.5,4089.0,4220.0,4080.05,649355.0
194167,2023-05-19,4278.15,4228.0,4303.45,4206.05,343809.0
194167,2023-07-25,4687.75,4739.0,4745.55,4678.15,175138.0
