,time,close,open,high,low
0,2021-01-04 00:00:00,240.05,242.95,245.5,239.25
1,2021-01-13 00:00:00,235.8,239.0,240.9,234.0
2,2021-02-03 00:00:00,232.95,228.0,234.0,226.75
3,2021-02-11 00:00:00,226.7,229.3,231.9,225.0
4,2021-02-22 00:00:00,269.55,254.6,274.0,254.0
5,2021-02-23 00:00:00,264.5,277.0,283.0,258.5
6,2021-03-18 00:00:00,300.75,317.0,323.0,294.0
7,2021-03-25 00:00:00,276.5,288.0,290.7,275.0
8,2021-04-27 00:00:00,266.55,268.65,269.75,265.0
9,2021-07-20 00:00:00,362.1,375.25,377.5,354.0
10,2021-07-26 00:00:00,388.35,378.7,396.4,376.65
11,2021-08-06 00:00:00,428.6,421.0,430.0,416.9
12,2021-09-22 00:00:00,514.45,516.3,530.5,511.25
13,2021-10-19 00:00:00,510.35,505.0,524.4,503.25
14,2021-11-15 00:00:00,479.45,479.7,489.5,475.35
15,2021-12-06 00:00:00,434.65,441.3,442.95,432.1
16,2021-12-09 00:00:00,446.15,450.3,457.0,442.05
17,2022-01-14 00:00:00,474.0,485.8,486.95,471.35
18,2022-03-07 00:00:00,337.25,339.5,343.5,331.3
19,2022-03-09 00:00:00,361.85,343.0,364.0,340.25
20,2022-03-14 00:00:00,365.85,360.0,376.9,360.0
21,2022-03-29 00:00:00,373.2,375.9,380.55,369.65
22,2022-04-04 00:00:00,383.15,380.1,385.7,379.15
23,2022-05-04 00:00:00,303.55,310.0,315.7,302.0
24,2022-05-24 00:00:00,284.35,291.8,293.0,282.05
25,2022-06-02 00:00:00,313.4,304.0,315.0,300.55
26,2022-06-27 00:00:00,278.2,280.0,285.8,276.85
27,2022-07-07 00:00:00,267.1,272.4,274.6,266.5
28,2022-08-05 00:00:00,247.45,249.0,251.45,247.1
29,2022-08-12 00:00:00,231.3,233.25,233.75,228.1
30,2022-10-14 00:00:00,218.95,221.2,225.7,217.5
31,2022-10-18 00:00:00,215.5,217.5,219.9,214.8
32,2021-02-26 00:00:00,295.25,297.0,309.0,289.0
33,2021-03-17 00:00:00,314.8,335.2,338.9,310.3
34,2021-04-26 00:00:00,268.65,270.0,275.0,266.1
35,2021-04-28 00:00:00,269.55,272.0,275.0,268.8
36,2021-05-05 00:00:00,264.3,266.95,268.0,263.35
37,2021-05-21 00:00:00,275.65,281.2,281.2,274.75
38,2021-07-02 00:00:00,335.5,328.0,340.7,319.25
39,2021-09-13 00:00:00,488.35,470.15,492.5,470.0
40,2021-09-15 00:00:00,579.3,487.15,581.7,487.0
41,2021-10-01 00:00:00,478.15,473.0,487.85,469.65
42,2021-10-08 00:00:00,508.1,468.0,521.6,463.6
43,2021-11-24 00:00:00,449.3,452.6,455.5,446.75
44,2021-12-03 00:00:00,439.45,443.75,450.0,438.15
45,2021-12-07 00:00:00,425.5,439.4,439.7,420.9
46,2021-12-22 00:00:00,462.8,463.0,474.7,458.05
47,2021-12-27 00:00:00,470.1,475.0,479.95,466.6
48,2022-01-25 00:00:00,410.5,399.0,418.4,383.95
49,2022-02-16 00:00:00,378.05,385.9,389.9,375.0
50,2022-04-29 00:00:00,323.1,336.4,336.4,320.25
51,2022-06-06 00:00:00,305.0,305.95,307.0,298.5
52,2022-06-15 00:00:00,280.2,281.1,283.95,279.0
53,2022-07-28 00:00:00,245.9,251.0,251.0,245.1
54,2022-08-02 00:00:00,249.95,250.1,252.35,248.85
55,2022-08-18 00:00:00,239.3,241.8,242.35,237.35
56,2022-09-09 00:00:00,235.25,237.9,239.75,232.5
57,2022-09-15 00:00:00,228.7,231.95,233.1,227.55
58,2022-09-26 00:00:00,217.3,219.9,220.65,212.25
59,2021-01-07 00:00:00,237.1,237.95,242.0,235.4
60,2021-02-09 00:00:00,231.85,235.55,237.9,230.4
61,2021-04-09 00:00:00,279.35,289.95,289.95,277.0
62,2021-04-23 00:00:00,268.4,267.5,274.7,265.0
63,2021-07-08 00:00:00,338.4,331.1,343.35,330.5
64,2021-07-14 00:00:00,337.8,336.3,346.5,334.2
65,2021-07-28 00:00:00,405.25,403.0,413.6,387.25
66,2021-08-30 00:00:00,447.8,458.0,465.25,441.6
67,2021-09-06 00:00:00,443.7,444.3,450.8,441.0
68,2021-10-05 00:00:00,475.2,480.0,481.2,471.0
69,2021-11-09 00:00:00,464.3,457.9,469.15,456.5
70,2021-11-12 00:00:00,473.2,470.8,476.45,466.0
71,2021-11-30 00:00:00,446.55,420.45,450.0,419.45
72,2022-01-04 00:00:00,520.7,536.0,538.4,518.0
73,2022-01-18 00:00:00,475.2,481.5,483.2,471.5
74,2022-02-23 00:00:00,343.9,344.0,348.9,339.4
75,2022-03-15 00:00:00,361.4,367.5,371.5,358.6
76,2022-03-31 00:00:00,366.95,373.7,377.7,365.0
77,2022-04-25 00:00:00,328.8,339.0,339.0,327.0
78,2022-06-14 00:00:00,280.2,277.3,287.95,277.0
79,2022-06-29 00:00:00,270.95,268.8,274.8,266.7
80,2022-07-12 00:00:00,255.2,260.0,260.6,254.05
81,2022-07-22 00:00:00,258.0,263.0,264.45,257.25
82,2022-09-22 00:00:00,220.05,221.8,223.65,218.75
83,2022-10-28 00:00:00,218.8,214.0,229.95,214.0
84,2021-01-11 00:00:00,239.9,240.5,245.0,239.0
85,2021-01-28 00:00:00,237.75,239.65,239.65,235.3
86,2021-02-19 00:00:00,252.15,243.9,259.0,238.45
87,2021-05-12 00:00:00,271.8,267.65,275.0,267.5
88,2021-06-01 00:00:00,281.85,288.4,288.75,280.85
89,2021-06-30 00:00:00,311.35,306.0,316.0,303.5
90,2021-08-09 00:00:00,414.85,430.0,434.6,412.0
91,2021-08-26 00:00:00,446.4,436.1,448.9,435.05
92,2021-08-27 00:00:00,455.4,447.0,463.0,439.3
93,2021-01-25 00:00:00,237.45,243.85,246.3,236.8
94,2021-09-14 00:00:00,487.15,492.5,499.95,481.05
95,2021-01-27 00:00:00,240.6,240.9,242.0,232.8
96,2021-09-16 00:00:00,536.45,585.6,587.0,531.1
97,2021-09-21 00:00:00,514.25,513.7,522.0,500.05
98,2021-02-10 00:00:00,228.3,234.0,234.0,227.5
99,2021-02-25 00:00:00,296.75,275.65,300.0,275.65
100,2021-10-11 00:00:00,496.95,508.0,508.0,493.55
101,2021-05-07 00:00:00,269.35,285.0,286.0,267.0
102,2021-10-25 00:00:00,445.6,489.0,489.7,436.25
103,2021-05-28 00:00:00,288.5,295.1,295.25,287.65
104,2022-01-05 00:00:00,520.45,521.45,526.55,515.1
105,2021-05-31 00:00:00,285.8,288.5,296.95,282.05
106,2022-01-24 00:00:00,415.65,443.7,443.7,409.05
107,2022-02-10 00:00:00,403.8,392.55,407.7,391.85
108,2021-06-10 00:00:00,312.65,311.9,319.2,309.0
109,2021-06-21 00:00:00,293.4,289.0,296.0,287.05
110,2022-03-21 00:00:00,371.3,380.0,386.5,369.4
111,2021-06-23 00:00:00,296.6,301.0,302.65,295.6
112,2022-03-22 00:00:00,385.75,372.9,387.0,363.65
113,2021-07-09 00:00:00,336.1,336.55,339.05,332.35
114,2022-03-24 00:00:00,377.8,382.4,382.4,375.0
115,2022-05-05 00:00:00,310.1,311.4,314.95,307.0
116,2021-07-22 00:00:00,377.0,366.0,380.0,364.35
117,2021-07-23 00:00:00,375.8,380.0,386.55,372.5
118,2022-05-06 00:00:00,302.8,305.0,306.7,293.2
119,2021-08-23 00:00:00,427.45,432.65,442.0,420.15
120,2022-05-26 00:00:00,282.55,270.1,285.95,262.65
121,2021-08-31 00:00:00,450.3,447.8,454.0,445.1
122,2022-06-24 00:00:00,272.05,274.0,276.3,270.6
123,2021-09-24 00:00:00,509.25,510.8,524.8,505.65
124,2022-07-05 00:00:00,272.5,272.55,275.8,271.55
125,2022-07-15 00:00:00,249.85,253.0,255.0,248.0
126,2021-10-28 00:00:00,470.25,480.1,480.1,465.0
127,2021-12-16 00:00:00,480.0,479.0,490.0,472.3
128,2022-08-19 00:00:00,237.9,240.3,243.9,236.3
129,2021-12-24 00:00:00,477.6,486.0,492.75,475.2
130,2022-08-30 00:00:00,230.9,230.85,232.75,229.25
131,2022-01-12 00:00:00,495.4,495.6,499.9,491.05
132,2022-09-20 00:00:00,226.1,224.2,228.5,223.85
133,2022-01-13 00:00:00,486.9,495.75,496.7,485.6
134,2022-09-23 00:00:00,221.6,219.1,224.15,215.55
135,2022-04-01 00:00:00,377.25,366.5,380.0,366.0
136,2022-09-29 00:00:00,210.0,216.3,218.7,208.25
137,2022-10-27 00:00:00,214.05,214.0,216.4,212.0
138,2022-04-18 00:00:00,342.65,354.0,354.0,340.0
139,2022-06-07 00:00:00,299.2,302.95,306.0,296.6
140,2022-06-28 00:00:00,270.65,276.0,276.0,269.0
141,2022-07-06 00:00:00,269.6,272.0,273.8,268.0
142,2022-07-29 00:00:00,247.55,248.85,252.0,245.95
143,2022-08-11 00:00:00,231.5,237.9,238.55,229.15
144,2022-09-07 00:00:00,228.95,229.4,230.55,226.1
145,2022-09-16 00:00:00,225.15,228.0,232.4,223.6
146,2022-10-04 00:00:00,221.65,213.9,224.8,211.9
147,2021-01-01 00:00:00,242.95,241.9,245.5,240.0
148,2021-06-03 00:00:00,285.1,286.3,288.0,282.1
149,2021-06-25 00:00:00,305.1,300.0,309.8,297.55
150,2021-06-28 00:00:00,304.35,305.1,307.45,302.0
151,2021-07-05 00:00:00,340.4,338.0,348.35,336.1
152,2021-07-06 00:00:00,333.7,341.9,343.0,325.2
153,2021-08-13 00:00:00,417.9,419.0,439.95,414.25
154,2021-10-26 00:00:00,449.6,445.7,470.0,445.6
155,2021-11-18 00:00:00,449.0,470.7,476.95,445.25
156,2022-01-07 00:00:00,499.3,503.0,508.8,489.8
157,2022-01-19 00:00:00,474.0,474.35,486.65,451.7
158,2022-02-07 00:00:00,401.8,414.5,422.55,398.2
159,2022-02-15 00:00:00,380.5,364.9,382.5,350.1
160,2022-02-17 00:00:00,372.6,380.0,384.5,369.05
161,2022-02-21 00:00:00,348.8,358.1,359.55,346.0
162,2022-04-26 00:00:00,333.45,334.9,335.4,331.1
163,2022-05-20 00:00:00,297.15,296.05,299.4,294.3
164,2022-07-18 00:00:00,255.05,252.8,259.75,250.05
165,2022-08-03 00:00:00,249.9,250.9,255.5,248.95
166,2022-11-03 00:00:00,215.9,216.15,220.0,214.7
167,2021-01-22 00:00:00,241.1,244.0,248.5,236.4
168,2021-01-29 00:00:00,235.75,237.55,240.35,235.0
169,2021-03-02 00:00:00,297.25,294.0,299.5,290.6
170,2021-03-22 00:00:00,291.65,289.9,297.15,287.3
171,2021-03-30 00:00:00,272.2,280.15,284.95,271.0
172,2021-04-12 00:00:00,269.45,279.0,279.0,267.0
173,2021-06-29 00:00:00,302.9,305.0,307.6,301.6
174,2021-07-16 00:00:00,377.65,356.0,385.0,353.25
175,2021-09-01 00:00:00,437.05,450.3,452.35,433.0
176,2021-10-06 00:00:00,468.55,476.0,491.0,465.55
177,2021-10-14 00:00:00,508.35,501.0,523.6,501.0
178,2021-11-11 00:00:00,466.85,483.25,488.65,462.55
179,2022-01-11 00:00:00,493.15,495.0,501.15,486.7
180,2022-04-07 00:00:00,384.0,383.7,393.8,381.2
181,2022-04-13 00:00:00,358.1,362.0,366.15,355.1
182,2022-04-19 00:00:00,323.35,346.6,349.95,321.0
183,2022-04-27 00:00:00,331.2,329.0,334.85,323.35
184,2022-05-02 00:00:00,307.5,315.2,320.95,306.0
185,2022-06-03 00:00:00,308.2,317.5,323.6,306.6
186,2022-06-10 00:00:00,288.45,293.05,295.5,287.0
187,2022-06-16 00:00:00,266.65,283.0,287.95,265.0
188,2022-06-21 00:00:00,262.4,256.9,264.0,254.5
189,2022-07-21 00:00:00,260.85,256.4,268.5,255.65
190,2022-08-10 00:00:00,234.55,234.0,237.7,221.75
191,2022-08-24 00:00:00,230.95,230.5,233.4,229.5
192,2022-10-20 00:00:00,221.75,214.5,224.4,214.5
193,2022-10-24 00:00:00,213.7,219.0,219.0,212.0
194,2022-10-25 00:00:00,212.8,214.9,214.9,210.6
195,2021-01-18 00:00:00,239.75,237.0,241.85,235.0
196,2021-02-05 00:00:00,237.7,236.0,241.2,236.0
197,2021-04-22 00:00:00,267.8,265.0,270.0,261.2
198,2021-04-29 00:00:00,268.25,274.7,274.7,266.35
199,2021-05-10 00:00:00,270.9,270.0,274.75,269.0
200,2021-05-14 00:00:00,268.75,274.0,276.65,268.0
201,2021-05-17 00:00:00,282.9,277.0,289.9,272.55
202,2021-06-07 00:00:00,284.85,288.0,288.8,283.0
203,2021-06-22 00:00:00,298.15,296.2,303.85,296.15
204,2021-07-07 00:00:00,330.05,335.1,335.8,324.5
205,2021-08-11 00:00:00,394.9,401.7,404.65,377.5
206,2021-09-02 00:00:00,439.35,440.0,445.0,435.0
207,2021-09-28 00:00:00,489.85,499.7,501.8,477.0
208,2021-10-29 00:00:00,461.65,468.0,475.7,452.85
209,2021-12-14 00:00:00,463.75,447.7,468.7,443.95
210,2021-12-28 00:00:00,498.7,472.0,503.45,472.0
211,2022-01-10 00:00:00,495.2,503.3,504.0,492.15
212,2022-02-08 00:00:00,389.4,406.3,409.55,386.05
213,2022-03-25 00:00:00,375.45,380.0,382.6,373.2
214,2022-04-11 00:00:00,376.9,386.9,387.9,375.0
215,2022-05-25 00:00:00,270.35,287.25,287.25,269.0
216,2022-07-04 00:00:00,272.1,270.0,274.4,266.05
217,2022-07-08 00:00:00,269.7,269.0,271.9,267.6
218,2022-07-14 00:00:00,252.4,253.0,257.9,250.0
219,2022-07-25 00:00:00,253.95,258.0,259.05,250.4
220,2022-08-26 00:00:00,232.9,233.0,235.4,231.0
221,2022-08-29 00:00:00,230.0,225.0,231.95,224.2
222,2022-09-13 00:00:00,236.65,238.6,239.3,234.6
223,2021-01-19 00:00:00,236.6,240.6,242.75,235.3
224,2021-03-08 00:00:00,277.9,295.0,297.65,273.55
225,2021-03-12 00:00:00,284.75,287.3,292.75,277.9
226,2021-03-15 00:00:00,291.0,284.5,292.0,278.6
227,2021-04-05 00:00:00,273.95,280.0,280.0,266.15
228,2021-05-19 00:00:00,282.15,289.0,289.0,280.95
229,2021-05-26 00:00:00,299.2,287.9,306.9,281.0
230,2021-07-30 00:00:00,415.9,420.3,422.9,411.45
231,2021-08-12 00:00:00,417.7,396.65,419.9,395.6
232,2021-10-07 00:00:00,465.2,472.8,476.1,463.05
233,2021-10-13 00:00:00,495.6,493.4,503.35,484.85
234,2021-11-01 00:00:00,467.2,464.0,475.75,463.65
235,2021-11-08 00:00:00,456.15,465.8,467.7,453.3
236,2021-12-15 00:00:00,469.8,465.2,477.0,454.4
237,2022-03-04 00:00:00,349.25,351.8,356.8,345.65
238,2022-05-10 00:00:00,285.4,293.1,298.95,281.0
239,2022-05-18 00:00:00,302.65,304.9,307.9,301.15
240,2022-05-19 00:00:00,291.7,293.0,297.5,288.5
241,2022-05-27 00:00:00,293.05,284.0,294.95,283.45
242,2022-07-01 00:00:00,270.0,273.15,273.55,268.4
243,2022-07-11 00:00:00,261.1,268.85,269.8,259.25
244,2022-08-23 00:00:00,229.5,229.0,231.9,227.0
245,2022-09-08 00:00:00,235.2,231.7,245.95,231.65
246,2022-09-19 00:00:00,222.3,226.0,228.8,221.5
247,2022-10-07 00:00:00,225.8,222.6,229.5,222.5
248,2022-10-17 00:00:00,214.4,216.0,217.9,213.5
249,2021-01-20 00:00:00,236.75,237.75,240.65,235.5
250,2021-02-04 00:00:00,237.1,235.5,239.2,233.6
251,2021-02-15 00:00:00,230.15,229.4,234.5,228.8
252,2021-02-17 00:00:00,239.1,228.05,242.9,228.0
253,2021-03-09 00:00:00,274.7,281.9,285.5,271.3
254,2021-03-31 00:00:00,273.95,274.1,284.0,271.8
255,2021-04-15 00:00:00,269.0,272.05,276.0,266.35
256,2021-05-03 00:00:00,268.25,264.0,270.0,264.0
257,2021-06-17 00:00:00,297.8,299.5,303.25,294.5
258,2021-07-29 00:00:00,422.9,406.9,428.4,406.0
259,2021-09-29 00:00:00,488.45,483.9,504.25,477.75
260,2021-09-30 00:00:00,477.8,490.5,494.35,475.0
261,2021-11-25 00:00:00,449.75,450.2,454.4,447.25
262,2021-11-29 00:00:00,416.25,429.85,431.7,380.6
263,2022-01-03 00:00:00,533.3,524.9,539.0,524.0
264,2022-01-21 00:00:00,444.15,456.0,459.9,440.2
265,2022-02-01 00:00:00,424.1,427.0,429.0,419.25
266,2022-02-02 00:00:00,436.75,427.6,441.0,425.1
267,2022-02-04 00:00:00,414.95,427.0,428.95,414.0
268,2022-02-11 00:00:00,390.0,401.0,401.0,389.45
269,2022-02-25 00:00:00,339.7,325.0,358.5,323.0
270,2022-04-08 00:00:00,385.15,387.0,391.05,384.0
271,2022-05-09 00:00:00,292.7,299.05,300.5,290.75
272,2022-05-31 00:00:00,305.8,303.8,311.65,300.0
273,2022-06-08 00:00:00,297.1,302.2,302.2,295.2
274,2022-06-23 00:00:00,268.7,264.55,270.95,263.0
275,2022-07-26 00:00:00,249.65,254.8,255.0,248.35
276,2022-08-08 00:00:00,229.35,239.75,239.75,226.2
277,2022-09-12 00:00:00,237.35,238.3,239.55,235.25
278,2022-10-10 00:00:00,227.15,225.4,229.1,223.0
279,2021-01-05 00:00:00,238.2,241.9,242.9,234.8
280,2021-01-08 00:00:00,238.05,239.9,241.0,236.4
281,2021-01-12 00:00:00,238.15,241.0,242.45,237.05
282,2021-02-01 00:00:00,229.45,235.0,235.0,223.4
283,2021-02-16 00:00:00,228.85,230.5,231.45,227.55
284,2021-03-01 00:00:00,290.25,297.6,304.5,284.3
285,2021-03-10 00:00:00,286.5,277.3,290.0,275.3
286,2021-03-16 00:00:00,331.65,291.85,348.0,291.35
287,2021-03-26 00:00:00,278.5,280.75,285.35,275.1
288,2021-04-08 00:00:00,274.1,276.0,276.75,272.2
289,2021-05-20 00:00:00,279.65,284.0,286.95,278.7
290,2021-06-02 00:00:00,283.85,285.0,286.6,279.0
291,2021-06-09 00:00:00,308.8,308.75,316.7,303.35
292,2021-06-11 00:00:00,311.6,315.15,317.6,310.3
293,2021-06-24 00:00:00,299.1,298.9,300.5,293.3
294,2021-07-27 00:00:00,401.3,401.0,422.85,396.5
295,2021-08-03 00:00:00,413.25,411.0,420.5,407.5
296,2021-09-08 00:00:00,450.3,436.4,458.9,428.15
297,2021-10-12 00:00:00,490.35,495.8,507.1,488.05
298,2021-10-18 00:00:00,502.55,513.4,517.0,477.8
299,2021-12-02 00:00:00,440.3,447.35,448.95,437.05
300,2021-12-13 00:00:00,449.35,444.4,455.0,442.2
301,2021-12-20 00:00:00,449.85,466.8,466.8,438.7
302,2021-12-29 00:00:00,524.6,504.0,528.8,504.0
303,2021-12-30 00:00:00,518.7,525.0,538.0,513.15
304,2022-02-14 00:00:00,360.55,386.0,386.75,352.2
305,2022-03-08 00:00:00,337.45,337.8,348.0,332.0
306,2022-06-09 00:00:00,298.6,294.05,299.5,291.6
307,2022-06-30 00:00:00,272.1,270.0,273.8,268.8
308,2022-09-01 00:00:00,230.95,230.0,232.5,229.1
309,2022-09-06 00:00:00,229.75,231.0,232.75,229.1
310,2022-09-14 00:00:00,231.1,232.0,232.85,229.8
311,2022-10-03 00:00:00,209.85,212.4,213.4,208.65
312,2022-10-31 00:00:00,223.4,219.9,226.9,219.85
313,2021-01-06 00:00:00,235.2,238.5,241.9,234.0
314,2021-02-08 00:00:00,236.7,238.95,239.45,236.05
315,2021-02-18 00:00:00,243.2,241.0,250.0,239.5
316,2021-02-24 00:00:00,278.65,272.0,282.45,264.0
317,2021-03-05 00:00:00,293.65,307.5,310.15,290.0
318,2021-04-07 00:00:00,273.9,274.0,275.9,272.9
319,2021-05-18 00:00:00,285.2,288.5,288.95,283.1
320,2021-05-27 00:00:00,294.75,302.9,306.0,293.0
321,2021-06-15 00:00:00,302.0,299.0,306.9,293.6
322,2021-08-18 00:00:00,446.05,460.0,460.75,442.5
323,2021-08-20 00:00:00,428.45,438.0,444.75,423.2
324,2021-08-24 00:00:00,437.95,428.0,441.1,428.0
325,2021-09-17 00:00:00,547.15,535.0,556.0,513.0
326,2021-10-04 00:00:00,479.4,481.8,486.4,475.0
327,2021-10-27 00:00:00,480.1,438.95,499.0,432.15
328,2021-11-02 00:00:00,466.5,471.2,474.4,460.0
329,2021-11-03 00:00:00,456.9,468.7,471.55,453.3
330,2021-11-22 00:00:00,444.85,451.7,453.8,431.25
331,2021-11-26 00:00:00,427.35,446.9,449.6,421.0
332,2021-12-01 00:00:00,447.35,445.0,453.0,434.1
333,2021-12-08 00:00:00,450.3,430.4,455.0,430.4
334,2022-01-06 00:00:00,498.15,514.0,515.9,495.3
335,2022-02-18 00:00:00,361.9,370.25,371.7,360.45
336,2022-02-28 00:00:00,346.35,339.4,354.0,330.65
337,2022-03-02 00:00:00,349.5,346.0,354.0,343.35
338,2022-03-16 00:00:00,367.35,368.6,370.0,364.0
339,2022-03-23 00:00:00,383.15,389.0,392.35,381.65
340,2022-04-12 00:00:00,357.95,376.75,376.75,353.0
341,2022-04-21 00:00:00,340.65,322.9,343.7,320.8
342,2022-05-11 00:00:00,293.9,306.0,309.95,283.65
343,2022-06-17 00:00:00,263.25,266.65,269.7,259.05
344,2022-06-20 00:00:00,253.95,263.0,267.9,246.65
345,2022-08-16 00:00:00,243.1,234.0,245.8,230.35
346,2022-08-17 00:00:00,241.7,244.0,245.5,239.2
347,2022-09-30 00:00:00,211.65,210.05,212.9,208.0
348,2022-10-11 00:00:00,220.65,229.0,229.0,220.0
349,2022-10-13 00:00:00,218.3,221.45,222.95,215.6
350,2022-10-19 00:00:00,215.55,216.1,218.0,214.55
351,2021-01-15 00:00:00,236.35,238.9,240.0,235.0
352,2021-03-04 00:00:00,306.85,295.0,311.95,292.55
353,2021-04-06 00:00:00,272.9,275.75,275.75,270.25
354,2021-04-16 00:00:00,270.35,269.95,274.4,266.05
355,2021-04-20 00:00:00,265.6,267.9,272.0,264.5
356,2021-05-24 00:00:00,282.9,272.5,286.0,272.5
357,2021-06-04 00:00:00,286.75,285.5,289.0,284.4
358,2021-07-13 00:00:00,334.5,337.3,338.75,332.05
359,2021-07-15 00:00:00,352.95,341.0,365.0,340.0
360,2021-07-19 00:00:00,373.35,372.0,391.1,365.2
361,2021-08-16 00:00:00,437.1,421.0,441.5,415.85
362,2021-09-03 00:00:00,443.35,441.35,453.2,439.35
363,2021-10-21 00:00:00,508.05,502.25,514.7,492.05
364,2021-11-04 00:00:00,462.45,465.0,469.0,458.95
365,2021-12-21 00:00:00,460.5,453.0,475.25,453.0
366,2022-01-20 00:00:00,461.5,479.0,483.5,459.0
367,2022-01-27 00:00:00,402.55,406.0,412.7,399.75
368,2022-02-09 00:00:00,387.2,392.1,400.5,385.25
369,2022-02-22 00:00:00,337.05,330.15,344.5,330.0
370,2022-03-17 00:00:00,376.9,370.3,384.3,370.3
371,2022-03-30 00:00:00,372.45,375.9,383.85,369.85
372,2022-05-12 00:00:00,305.6,296.0,309.8,290.05
373,2022-05-16 00:00:00,291.6,306.0,306.0,288.1
374,2022-07-19 00:00:00,255.95,254.0,258.4,253.1
375,2022-08-22 00:00:00,231.5,237.9,237.9,230.55
376,2021-01-14 00:00:00,238.9,236.0,241.0,234.45
377,2021-01-21 00:00:00,237.35,239.15,241.0,230.5
378,2021-02-02 00:00:00,225.35,237.7,238.1,224.1
379,2021-02-12 00:00:00,228.8,227.5,231.9,227.45
380,2021-03-03 00:00:00,301.55,301.0,308.35,300.0
381,2021-03-23 00:00:00,294.7,292.45,317.85,292.0
382,2021-04-13 00:00:00,272.7,269.0,275.0,267.05
383,2021-04-19 00:00:00,263.05,266.85,266.85,260.05
384,2021-05-04 00:00:00,263.35,270.65,270.65,262.3
385,2021-05-25 00:00:00,283.0,284.5,287.9,273.55
386,2021-06-14 00:00:00,290.15,299.9,305.95,282.35
387,2021-06-16 00:00:00,301.05,304.7,307.05,298.3
388,2021-06-18 00:00:00,295.6,300.7,304.0,284.1
389,2021-08-05 00:00:00,418.65,420.0,425.0,411.2
390,2021-08-10 00:00:00,401.7,416.4,419.9,377.0
391,2021-09-07 00:00:00,437.3,446.0,447.7,433.5
392,2021-11-10 00:00:00,480.75,463.0,489.9,460.15
393,2021-11-16 00:00:00,499.85,480.0,504.9,478.0
394,2021-12-17 00:00:00,473.6,490.25,499.0,468.1
395,2021-12-31 00:00:00,521.55,522.7,528.8,514.0
396,2022-01-31 00:00:00,415.5,418.4,422.8,410.1
397,2022-04-22 00:00:00,340.65,338.0,348.6,332.1
398,2022-04-28 00:00:00,332.05,333.0,334.8,326.35
399,2022-05-13 00:00:00,302.2,315.0,317.0,300.05
400,2022-06-01 00:00:00,303.45,307.45,309.7,300.0
401,2022-06-22 00:00:00,264.95,261.2,273.9,259.0
402,2022-07-27 00:00:00,246.65,249.7,251.4,245.8
403,2022-08-04 00:00:00,246.7,252.0,252.0,243.6
404,2022-08-25 00:00:00,231.5,233.7,235.75,229.7
405,2022-09-02 00:00:00,230.3,231.45,235.25,229.95
406,2022-09-21 00:00:00,222.7,225.8,227.15,222.2
407,2022-09-28 00:00:00,214.9,215.1,218.95,213.75
408,2022-10-12 00:00:00,222.3,220.4,224.5,215.3
409,2022-10-21 00:00:00,217.55,215.1,220.95,213.3
410,2021-03-19 00:00:00,294.9,303.0,312.6,284.2
411,2021-03-24 00:00:00,289.15,296.6,301.5,286.8
412,2021-04-30 00:00:00,264.3,262.0,270.05,254.7
413,2021-05-06 00:00:00,267.95,268.0,278.45,264.05
414,2021-06-08 00:00:00,305.0,287.95,307.0,284.0
415,2021-07-01 00:00:00,324.6,317.0,329.25,312.3
416,2021-08-04 00:00:00,418.05,416.4,427.4,412.3
417,2021-08-17 00:00:00,456.7,439.9,461.5,432.2
418,2021-09-23 00:00:00,507.75,518.5,519.7,505.0
419,2021-09-27 00:00:00,498.55,510.0,513.9,495.0
420,2021-10-22 00:00:00,487.35,511.0,517.0,480.1
421,2021-11-17 00:00:00,491.65,498.9,508.6,485.25
422,2021-11-23 00:00:00,449.45,442.25,453.0,436.45
423,2022-01-17 00:00:00,480.9,474.9,484.4,473.0
424,2022-01-28 00:00:00,409.4,405.0,424.6,404.7
425,2022-03-03 00:00:00,354.45,353.95,365.0,352.0
426,2022-03-10 00:00:00,363.95,371.0,372.0,362.05
427,2022-03-28 00:00:00,372.15,375.45,377.25,367.95
428,2022-04-05 00:00:00,386.7,387.4,394.7,382.65
429,2022-04-06 00:00:00,383.7,385.0,391.0,378.1
430,2022-05-30 00:00:00,303.9,298.45,306.7,297.15
431,2022-06-13 00:00:00,278.65,282.7,282.7,276.45
432,2022-07-13 00:00:00,255.6,256.0,258.95,254.55
433,2022-08-01 00:00:00,250.1,250.0,253.5,248.45
434,2022-10-06 00:00:00,224.25,224.5,225.8,221.0
435,2022-11-01 00:00:00,221.7,223.4,224.5,220.55
436,2021-04-01 00:00:00,274.75,275.0,276.95,273.0
437,2021-05-11 00:00:00,267.9,268.0,273.35,264.45
438,2021-07-12 00:00:00,334.45,338.5,340.95,333.1
439,2021-08-02 00:00:00,410.35,419.65,420.8,407.05
440,2021-08-25 00:00:00,435.3,438.0,444.85,427.05
441,2021-09-09 00:00:00,467.8,448.0,472.25,443.0
442,2021-09-20 00:00:00,515.4,535.0,550.8,493.55
443,2021-10-20 00:00:00,501.7,512.0,515.2,491.25
444,2021-12-10 00:00:00,439.5,446.15,452.05,436.5
445,2021-12-23 00:00:00,475.1,468.7,478.7,466.0
446,2022-02-03 00:00:00,428.5,437.0,437.0,426.0
447,2022-02-24 00:00:00,316.55,328.0,336.5,313.35
448,2022-03-11 00:00:00,364.2,361.0,368.25,358.4
449,2022-04-20 00:00:00,314.35,328.6,341.55,312.5
450,2022-05-17 00:00:00,303.2,294.95,306.0,290.0
451,2022-05-23 00:00:00,290.45,300.4,300.4,290.0
452,2022-07-20 00:00:00,255.85,258.8,260.7,255.45
453,2022-09-05 00:00:00,230.75,231.2,232.5,230.25
454,2022-09-27 00:00:00,217.1,218.0,220.45,215.15
455,2022-11-02 00:00:00,218.35,221.65,221.65,215.25
456,2022-11-10 00:00:00,214.05,214.7,220.65,213.7
457,2022-11-16 00:00:00,217.9,218.0,219.85,217.0
458,2022-11-09 00:00:00,215.6,216.95,222.15,215.0
459,2022-11-07 00:00:00,216.7,217.1,218.7,215.1
460,2022-12-01 00:00:00,228.4,225.45,233.75,225.45
461,2022-12-08 00:00:00,230.65,231.0,237.0,229.2
462,2022-12-12 00:00:00,225.5,227.8,228.4,224.25
463,2022-12-29 00:00:00,214.25,214.8,215.2,211.75
464,2023-01-02 00:00:00,214.5,213.7,215.2,211.75
465,2023-02-07 00:00:00,245.3,232.65,247.0,232.65
466,2023-02-16 00:00:00,265.3,261.15,268.0,257.5
467,2023-03-06 00:00:00,280.65,272.0,282.75,272.0
468,2023-05-22 00:00:00,354.65,353.85,357.95,348.0
469,2023-06-05 00:00:00,403.45,405.0,409.4,396.1
470,2023-07-21 00:00:00,485.25,462.2,493.7,458.0
471,2023-07-24 00:00:00,469.05,484.0,491.0,464.0
472,2022-12-07 00:00:00,231.35,234.8,234.8,230.0
473,2022-11-04 00:00:00,217.0,216.0,218.8,215.0
474,2022-11-15 00:00:00,218.4,219.95,220.7,217.1
475,2022-11-25 00:00:00,216.7,218.55,219.45,216.0
476,2022-12-13 00:00:00,223.55,226.0,230.0,223.0
477,2022-12-19 00:00:00,216.7,219.2,219.2,215.0
478,2023-01-16 00:00:00,213.3,212.3,216.4,211.65
479,2023-02-06 00:00:00,232.65,235.8,236.95,230.6
480,2023-02-13 00:00:00,251.2,263.0,263.35,248.8
481,2023-03-29 00:00:00,266.65,268.75,269.95,264.0
482,2023-08-01 00:00:00,491.0,498.9,504.2,487.1
483,2023-08-17 00:00:00,512.95,515.3,522.7,509.35
484,2022-11-14 00:00:00,219.3,219.45,223.8,218.15
485,2022-12-06 00:00:00,233.7,237.0,237.5,231.6
486,2023-02-09 00:00:00,253.3,253.15,255.5,248.65
487,2023-03-08 00:00:00,277.7,278.1,279.8,274.0
488,2023-03-09 00:00:00,282.95,278.95,286.35,277.55
489,2023-03-13 00:00:00,268.55,273.0,276.25,266.0
490,2023-03-22 00:00:00,272.4,274.9,278.3,271.6
491,2023-03-23 00:00:00,267.15,271.5,274.65,264.2
492,2023-05-02 00:00:00,283.65,279.0,286.6,279.0
493,2023-05-04 00:00:00,299.7,289.1,303.1,286.2
494,2023-05-16 00:00:00,351.65,383.0,383.5,349.0
495,2023-06-21 00:00:00,407.0,386.95,415.9,386.05
496,2023-07-26 00:00:00,484.05,486.8,490.0,481.0
497,2022-12-26 00:00:00,211.25,202.9,212.0,202.75
498,2023-01-03 00:00:00,215.7,215.9,219.2,215.05
499,2023-02-20 00:00:00,271.2,268.2,276.95,261.15
500,2023-04-24 00:00:00,272.1,270.0,274.55,267.15
501,2023-07-19 00:00:00,457.65,452.0,461.8,445.1
502,2023-08-16 00:00:00,513.3,503.45,520.0,500.8
503,2022-12-15 00:00:00,221.0,224.4,225.9,220.05
504,2023-01-17 00:00:00,216.8,213.3,218.0,212.2
505,2023-01-23 00:00:00,221.4,219.5,223.0,215.6
506,2023-01-27 00:00:00,221.0,231.0,233.15,218.3
507,2023-01-30 00:00:00,222.0,221.0,225.4,218.3
508,2023-02-03 00:00:00,235.1,236.95,238.55,234.0
509,2023-03-21 00:00:00,273.05,272.55,276.9,271.1
510,2023-04-10 00:00:00,286.15,281.7,291.0,277.9
511,2023-04-11 00:00:00,288.5,286.9,289.9,283.0
512,2023-04-17 00:00:00,268.1,275.5,275.5,265.1
513,2023-05-09 00:00:00,305.6,303.25,309.0,300.25
514,2023-06-01 00:00:00,388.75,370.75,393.5,370.0
515,2023-06-30 00:00:00,386.95,383.2,394.2,383.0
516,2023-07-03 00:00:00,385.75,388.5,393.0,383.95
517,2023-07-27 00:00:00,485.3,484.65,497.4,480.0
518,2023-08-03 00:00:00,479.8,479.0,488.0,476.1
519,2023-08-04 00:00:00,488.0,482.9,492.4,482.0
520,2023-08-21 00:00:00,512.9,506.75,514.95,502.1
521,2022-11-23 00:00:00,213.8,211.25,217.4,210.95
522,2022-12-14 00:00:00,224.85,224.9,228.25,224.25
523,2022-12-22 00:00:00,212.1,213.9,215.2,208.1
524,2022-12-28 00:00:00,216.25,213.2,217.0,212.6
525,2023-02-01 00:00:00,233.95,233.0,239.7,231.5
526,2023-03-16 00:00:00,268.1,267.9,277.0,264.7
527,2023-04-20 00:00:00,266.55,266.9,267.95,261.0
528,2023-04-21 00:00:00,269.25,266.6,274.4,265.5
529,2023-05-15 00:00:00,384.15,341.8,389.8,340.6
530,2023-06-08 00:00:00,395.5,395.5,402.2,391.1
531,2023-06-12 00:00:00,394.4,399.8,402.1,390.55
532,2023-06-22 00:00:00,400.9,415.0,418.7,398.0
533,2023-06-27 00:00:00,383.4,382.15,385.2,380.25
534,2023-06-28 00:00:00,381.75,384.8,389.95,380.55
535,2023-07-12 00:00:00,396.4,387.85,398.5,382.5
536,2023-08-07 00:00:00,488.1,490.7,495.2,485.7
537,2022-11-29 00:00:00,222.1,220.5,225.0,219.0
538,2022-11-24 00:00:00,217.35,214.3,219.7,213.2
539,2023-01-06 00:00:00,208.75,210.05,211.2,207.75
540,2023-01-13 00:00:00,211.2,213.5,214.0,209.5
541,2023-02-14 00:00:00,256.85,252.5,261.0,246.5
542,2023-01-11 00:00:00,213.6,207.4,214.7,205.4
543,2023-02-15 00:00:00,258.3,256.75,260.9,252.05
544,2023-02-08 00:00:00,252.25,247.4,257.3,244.05
545,2023-03-24 00:00:00,265.4,267.15,271.9,263.6
546,2023-03-17 00:00:00,277.5,271.85,283.1,270.95
547,2023-04-28 00:00:00,278.25,277.0,279.75,276.05
548,2023-05-03 00:00:00,288.2,283.0,291.75,281.1
549,2023-04-03 00:00:00,276.6,275.0,283.1,274.65
550,2023-04-05 00:00:00,276.0,276.6,279.95,275.0
551,2023-04-19 00:00:00,265.95,264.4,266.9,262.55
552,2023-05-18 00:00:00,349.25,352.0,365.0,346.25
553,2023-05-25 00:00:00,359.85,350.0,363.4,350.0
554,2023-06-16 00:00:00,395.2,394.85,399.6,388.85
555,2023-05-26 00:00:00,376.4,361.65,384.65,359.5
556,2023-06-19 00:00:00,391.05,395.5,396.4,390.0
557,2023-05-30 00:00:00,370.0,369.75,379.3,367.2
558,2023-07-06 00:00:00,390.0,383.6,395.4,382.7
559,2023-06-09 00:00:00,398.55,395.55,399.75,388.65
560,2023-07-14 00:00:00,426.55,410.3,429.2,405.4
561,2023-07-18 00:00:00,449.95,440.95,453.65,430.05
562,2023-07-20 00:00:00,461.85,458.05,475.0,435.1
563,2023-08-02 00:00:00,481.45,491.0,492.4,468.25
564,2022-11-22 00:00:00,210.35,213.05,213.6,209.5
565,2022-11-11 00:00:00,218.6,219.95,221.85,217.1
566,2022-11-18 00:00:00,214.65,216.9,217.5,213.5
567,2023-02-17 00:00:00,266.9,265.0,270.0,261.7
568,2023-03-01 00:00:00,287.7,290.8,293.6,285.65
569,2023-04-06 00:00:00,280.4,276.4,283.95,276.1
570,2023-04-12 00:00:00,284.85,287.95,290.0,282.15
571,2023-05-31 00:00:00,369.65,368.95,374.75,363.95
572,2023-07-28 00:00:00,491.7,487.0,497.35,482.1
573,2023-08-10 00:00:00,514.1,490.45,529.1,488.8
574,2022-11-21 00:00:00,213.05,213.7,216.5,212.45
575,2023-01-19 00:00:00,222.4,217.9,224.2,211.9
576,2023-01-24 00:00:00,228.0,224.0,239.0,223.1
577,2023-02-27 00:00:00,279.5,288.65,291.55,277.5
578,2023-03-14 00:00:00,267.15,268.7,273.5,263.1
579,2023-03-20 00:00:00,270.0,277.0,277.0,264.0
580,2023-05-05 00:00:00,304.1,299.65,309.95,299.0
581,2023-05-23 00:00:00,355.45,355.05,363.6,350.0
582,2023-05-24 00:00:00,349.95,350.5,356.95,349.5
583,2023-05-29 00:00:00,370.55,378.3,379.7,366.85
584,2023-06-06 00:00:00,392.25,404.1,404.2,390.0
585,2023-06-26 00:00:00,382.15,385.1,392.0,376.0
586,2023-07-11 00:00:00,387.9,384.7,393.95,383.7
587,2022-11-17 00:00:00,216.05,215.5,217.4,214.7
588,2022-11-30 00:00:00,222.9,223.25,224.85,221.2
589,2022-11-28 00:00:00,220.6,216.7,223.5,216.65
590,2022-12-09 00:00:00,229.65,231.2,233.4,226.6
591,2022-12-27 00:00:00,215.1,211.45,215.7,210.8
592,2022-12-30 00:00:00,213.0,217.55,219.5,212.2
593,2023-01-18 00:00:00,218.45,217.0,224.0,217.0
594,2023-02-22 00:00:00,286.1,290.0,308.45,284.05
595,2023-03-03 00:00:00,269.35,279.8,283.25,267.1
596,2023-05-08 00:00:00,303.9,307.6,311.9,302.0
597,2023-05-11 00:00:00,310.25,306.9,314.0,306.05
598,2023-05-19 00:00:00,353.85,350.95,360.55,346.0
599,2023-06-02 00:00:00,403.55,390.9,411.75,388.85
600,2023-07-31 00:00:00,497.4,491.7,504.45,486.5
601,2023-08-22 00:00:00,520.35,516.3,524.0,516.0
602,2022-12-21 00:00:00,212.25,216.0,218.7,211.15
603,2022-12-05 00:00:00,238.25,239.3,247.4,237.0
604,2022-12-23 00:00:00,202.9,210.7,211.0,201.5
605,2022-12-20 00:00:00,215.0,215.75,219.35,213.9
606,2023-01-09 00:00:00,208.05,211.0,212.8,206.9
607,2023-01-10 00:00:00,206.7,208.2,209.25,206.0
608,2023-01-25 00:00:00,231.0,228.0,234.1,226.1
609,2023-01-20 00:00:00,218.4,223.55,227.45,217.1
610,2023-02-23 00:00:00,300.6,288.8,304.4,280.7
611,2023-03-27 00:00:00,262.45,266.65,266.85,258.8
612,2023-04-26 00:00:00,273.7,269.0,275.5,267.95
613,2023-06-14 00:00:00,387.15,396.15,397.3,383.05
614,2023-06-20 00:00:00,384.7,391.0,394.25,383.7
615,2023-06-07 00:00:00,394.45,395.0,402.45,391.3
616,2023-07-04 00:00:00,383.4,386.85,399.85,382.15
617,2023-07-17 00:00:00,438.85,428.9,445.55,428.6
618,2023-07-05 00:00:00,382.45,384.7,388.95,381.1
619,2023-07-25 00:00:00,485.2,471.95,494.5,471.2
620,2023-08-09 00:00:00,487.25,483.25,492.0,481.45
621,2022-12-16 00:00:00,219.8,220.7,220.7,217.8
622,2023-01-04 00:00:00,213.3,215.6,215.6,211.5
623,2023-01-12 00:00:00,212.4,214.0,215.0,209.1
624,2023-02-24 00:00:00,291.6,301.65,305.2,285.0
625,2023-02-28 00:00:00,290.3,280.7,296.45,279.05
626,2023-03-02 00:00:00,276.55,287.0,289.5,275.0
627,2023-03-15 00:00:00,267.9,270.75,275.9,266.5
628,2023-03-28 00:00:00,267.45,262.9,271.0,261.9
629,2023-04-18 00:00:00,262.8,269.5,270.9,259.3
630,2023-07-10 00:00:00,383.7,389.8,390.0,382.4
631,2022-12-02 00:00:00,236.75,230.0,238.9,227.65
632,2023-01-05 00:00:00,210.05,213.2,214.45,209.25
633,2023-01-31 00:00:00,230.3,222.6,232.5,218.55
634,2023-02-21 00:00:00,293.45,273.0,295.9,270.35
635,2023-05-12 00:00:00,339.5,325.0,343.5,315.0
636,2023-05-17 00:00:00,349.0,352.9,358.65,343.35
637,2023-06-15 00:00:00,393.6,387.1,400.0,387.0
638,2023-07-07 00:00:00,388.15,390.0,397.9,385.8
639,2023-08-11 00:00:00,502.6,516.95,519.5,497.05
640,2023-08-18 00:00:00,505.15,512.9,512.9,498.1
641,2023-08-23 00:00:00,513.45,522.65,525.7,512.5
642,2023-02-02 00:00:00,235.7,232.05,240.2,231.95
643,2023-02-10 00:00:00,262.4,253.4,263.5,251.25
644,2023-03-10 00:00:00,274.4,278.5,282.75,272.1
645,2023-03-31 00:00:00,274.35,268.8,278.0,268.0
646,2023-04-13 00:00:00,280.25,283.15,284.4,277.25
647,2023-04-25 00:00:00,267.95,272.2,273.4,267.05
648,2023-04-27 00:00:00,276.7,274.0,277.5,270.15
649,2023-05-10 00:00:00,304.3,307.75,316.8,302.3
650,2023-06-13 00:00:00,395.75,396.0,404.85,393.2
651,2023-06-23 00:00:00,385.0,400.7,400.7,382.0
652,2023-07-13 00:00:00,408.05,398.0,425.9,397.25
653,2023-08-08 00:00:00,481.3,490.5,494.95,477.5
654,2023-08-14 00:00:00,502.55,501.0,528.8,496.05
