,time,close,open,high,low
0,2021-01-14 00:00:00,580.55,582.7,584.8,570.05
1,2021-02-04 00:00:00,600.6,614.9,623.0,595.65
2,2021-03-10 00:00:00,525.85,520.2,530.5,516.35
3,2021-03-17 00:00:00,522.9,528.8,531.0,519.0
4,2021-05-28 00:00:00,523.6,522.25,528.5,520.4
5,2021-06-07 00:00:00,536.45,534.0,541.0,533.0
6,2021-07-15 00:00:00,525.45,532.5,532.5,525.0
7,2021-08-17 00:00:00,626.35,634.05,638.0,623.0
8,2021-09-07 00:00:00,670.55,657.95,680.5,648.0
9,2021-09-28 00:00:00,696.15,724.4,726.8,686.0
10,2021-10-22 00:00:00,694.5,698.5,705.3,684.25
11,2021-10-26 00:00:00,696.2,695.0,709.85,689.0
12,2021-12-20 00:00:00,658.25,659.15,661.15,645.1
13,2022-02-04 00:00:00,720.2,721.1,723.25,716.5
14,2022-03-04 00:00:00,653.7,665.0,667.95,650.0
15,2021-01-22 00:00:00,576.85,583.9,585.55,572.75
16,2021-02-03 00:00:00,608.85,609.4,622.5,599.45
17,2021-03-04 00:00:00,539.6,540.0,546.0,538.0
18,2021-03-16 00:00:00,529.3,524.0,533.75,524.0
19,2021-03-23 00:00:00,529.25,529.7,532.45,522.15
20,2021-04-05 00:00:00,528.25,520.8,529.0,514.6
21,2021-04-22 00:00:00,530.85,530.0,533.4,526.05
22,2021-04-23 00:00:00,522.6,529.0,532.45,519.1
23,2021-05-03 00:00:00,558.85,530.0,562.5,529.05
24,2021-07-05 00:00:00,523.95,528.0,528.5,523.3
25,2021-07-29 00:00:00,567.15,574.1,576.7,565.0
26,2021-08-10 00:00:00,622.2,602.2,628.0,598.4
27,2021-08-20 00:00:00,613.7,619.5,633.0,607.0
28,2021-08-23 00:00:00,622.65,618.4,630.5,607.6
29,2021-09-02 00:00:00,666.5,669.95,673.75,664.05
30,2021-11-22 00:00:00,742.1,740.0,755.95,733.1
31,2021-12-16 00:00:00,681.4,689.9,689.9,677.6
32,2021-12-22 00:00:00,684.75,667.0,686.0,667.0
33,2021-12-29 00:00:00,676.85,679.95,683.5,675.0
34,2022-01-05 00:00:00,700.0,700.9,702.75,691.75
35,2022-01-06 00:00:00,710.4,702.0,720.5,700.0
36,2022-02-18 00:00:00,712.55,712.05,719.55,711.35
37,2022-03-02 00:00:00,674.25,684.0,684.0,666.0
38,2022-03-17 00:00:00,722.9,720.0,727.95,715.0
39,2021-01-25 00:00:00,580.75,579.0,587.85,569.55
40,2021-02-19 00:00:00,581.35,590.0,596.0,575.5
41,2021-02-09 00:00:00,598.95,598.9,607.75,595.0
42,2021-02-25 00:00:00,579.15,579.9,584.45,577.05
43,2021-03-24 00:00:00,523.65,528.0,533.45,521.5
44,2021-04-19 00:00:00,526.45,532.25,535.0,523.25
45,2021-04-13 00:00:00,536.15,526.4,540.0,523.1
46,2021-05-14 00:00:00,560.4,564.0,569.35,556.15
47,2021-05-11 00:00:00,568.4,565.5,574.85,564.05
48,2021-06-09 00:00:00,540.0,549.9,551.5,535.35
49,2021-05-18 00:00:00,536.35,547.5,552.9,534.55
50,2021-07-01 00:00:00,522.65,529.0,531.0,522.0
51,2021-05-26 00:00:00,525.75,529.0,530.8,525.0
52,2021-07-23 00:00:00,548.3,547.7,560.65,532.75
53,2021-08-25 00:00:00,612.45,622.35,622.35,611.0
54,2021-06-08 00:00:00,546.8,538.1,548.0,534.0
55,2021-06-22 00:00:00,536.4,548.05,549.0,535.5
56,2021-07-16 00:00:00,541.15,527.0,543.4,525.95
57,2021-09-09 00:00:00,686.15,667.85,688.2,667.05
58,2021-09-14 00:00:00,694.2,695.0,699.7,689.1
59,2021-09-15 00:00:00,725.5,697.0,734.95,696.15
60,2021-10-11 00:00:00,690.85,693.1,696.05,685.0
61,2021-11-04 00:00:00,701.1,704.0,704.8,699.2
62,2021-11-15 00:00:00,737.55,740.0,746.0,736.2
63,2021-09-17 00:00:00,728.15,721.0,734.75,721.0
64,2021-12-15 00:00:00,685.45,691.75,694.9,684.1
65,2021-09-21 00:00:00,726.65,722.9,740.75,722.0
66,2022-01-11 00:00:00,703.45,703.0,709.55,694.6
67,2021-10-05 00:00:00,699.25,684.4,703.45,680.4
68,2022-01-17 00:00:00,728.6,720.0,734.75,719.55
69,2021-11-18 00:00:00,714.35,720.6,723.45,708.0
70,2022-03-03 00:00:00,672.05,675.0,679.8,668.6
71,2021-12-13 00:00:00,703.1,715.0,718.4,698.35
72,2022-03-14 00:00:00,700.4,688.15,704.85,688.15
73,2022-01-13 00:00:00,731.8,729.0,735.65,726.15
74,2022-02-02 00:00:00,725.05,726.1,731.75,720.5
75,2022-02-25 00:00:00,688.65,677.5,695.15,677.5
76,2021-01-07 00:00:00,545.25,532.0,554.45,527.1
77,2021-01-18 00:00:00,586.95,602.65,603.0,584.0
78,2021-02-12 00:00:00,586.25,597.85,597.85,584.6
79,2021-02-24 00:00:00,572.95,568.1,574.1,565.2
80,2021-03-12 00:00:00,524.2,530.55,532.75,521.55
81,2021-03-25 00:00:00,507.75,523.4,523.65,499.55
82,2021-05-04 00:00:00,552.45,565.95,565.95,546.7
83,2021-05-12 00:00:00,561.75,568.0,569.15,558.2
84,2021-05-21 00:00:00,530.95,523.25,533.3,522.0
85,2021-06-15 00:00:00,542.5,541.0,543.65,538.4
86,2021-07-08 00:00:00,525.3,530.0,532.8,523.55
87,2021-07-19 00:00:00,538.45,539.0,544.7,529.3
88,2021-08-06 00:00:00,607.9,594.5,616.95,588.5
89,2021-08-27 00:00:00,595.15,588.8,605.4,585.05
90,2021-10-08 00:00:00,695.5,695.15,699.55,688.9
91,2021-12-27 00:00:00,675.75,674.95,678.35,668.65
92,2022-02-11 00:00:00,715.15,721.7,725.4,710.9
93,2022-03-29 00:00:00,754.95,740.4,763.0,737.0
94,2021-01-05 00:00:00,514.0,514.0,516.9,511.1
95,2021-01-11 00:00:00,547.15,541.5,554.35,541.5
96,2021-02-11 00:00:00,598.1,592.0,603.55,589.0
97,2021-04-06 00:00:00,532.2,528.5,537.85,524.55
98,2021-04-16 00:00:00,540.75,540.05,544.15,538.0
99,2021-05-31 00:00:00,534.9,525.5,536.0,525.1
100,2021-06-04 00:00:00,532.7,533.95,535.8,531.2
101,2021-06-11 00:00:00,540.85,545.5,549.75,540.05
102,2021-06-23 00:00:00,534.05,538.0,539.2,532.7
103,2021-06-24 00:00:00,528.75,535.0,535.45,527.4
104,2021-08-24 00:00:00,620.1,627.95,627.95,617.05
105,2021-08-31 00:00:00,664.05,626.05,668.1,625.0
106,2021-09-03 00:00:00,658.45,668.0,669.6,654.0
107,2021-09-22 00:00:00,726.75,727.0,732.05,724.1
108,2021-12-06 00:00:00,697.6,718.0,721.9,693.85
109,2021-12-14 00:00:00,691.6,701.0,706.3,688.4
110,2021-12-23 00:00:00,678.75,689.0,689.0,675.5
111,2021-12-30 00:00:00,679.35,677.5,685.8,674.2
112,2022-01-04 00:00:00,697.45,692.25,703.25,690.4
113,2022-01-27 00:00:00,707.25,706.5,716.0,701.5
114,2022-02-07 00:00:00,706.5,718.0,720.1,699.5
115,2022-02-14 00:00:00,689.7,704.0,704.0,685.0
116,2021-01-21 00:00:00,581.35,600.25,604.05,574.4
117,2021-02-05 00:00:00,581.1,603.8,605.9,576.25
118,2021-04-01 00:00:00,520.8,519.95,523.9,514.55
119,2021-04-28 00:00:00,544.3,535.95,548.0,535.6
120,2021-05-10 00:00:00,572.55,572.0,577.0,569.1
121,2021-06-16 00:00:00,536.75,543.8,543.8,534.9
122,2021-06-21 00:00:00,539.6,535.0,541.9,533.0
123,2021-07-27 00:00:00,540.55,545.8,545.8,536.15
124,2021-07-28 00:00:00,567.9,539.5,570.7,537.85
125,2021-08-04 00:00:00,574.4,575.0,586.9,570.3
126,2021-08-05 00:00:00,598.7,577.5,619.0,577.5
127,2021-10-12 00:00:00,686.35,691.0,698.4,684.2
128,2021-10-25 00:00:00,691.1,693.0,704.0,675.0
129,2021-11-02 00:00:00,713.95,712.5,723.1,709.55
130,2021-11-10 00:00:00,735.45,717.5,738.0,707.35
131,2021-12-07 00:00:00,698.85,702.35,705.7,694.1
132,2021-12-09 00:00:00,713.95,716.8,723.95,711.0
133,2022-01-21 00:00:00,695.25,709.6,714.0,689.35
134,2022-03-10 00:00:00,697.75,699.95,707.5,690.6
135,2021-01-28 00:00:00,570.9,566.5,575.85,562.75
136,2021-02-01 00:00:00,579.15,559.0,581.1,549.2
137,2021-05-17 00:00:00,549.65,563.95,563.95,545.8
138,2021-05-20 00:00:00,520.65,531.0,531.0,520.0
139,2021-06-02 00:00:00,529.5,529.9,534.6,528.0
140,2021-06-10 00:00:00,545.15,543.9,547.85,540.35
141,2021-07-09 00:00:00,536.25,525.5,537.5,523.0
142,2021-07-14 00:00:00,530.05,529.0,531.4,526.65
143,2021-07-22 00:00:00,546.7,531.1,548.0,523.65
144,2021-08-02 00:00:00,565.15,566.0,569.95,560.0
145,2021-09-23 00:00:00,726.8,733.4,740.1,723.2
146,2021-09-27 00:00:00,722.55,731.0,731.9,718.15
147,2021-10-01 00:00:00,675.9,687.35,687.35,667.65
148,2021-10-13 00:00:00,689.9,689.0,696.8,683.1
149,2021-11-03 00:00:00,699.1,725.75,732.5,696.0
150,2021-12-28 00:00:00,680.05,679.85,683.5,675.05
151,2022-01-18 00:00:00,714.35,727.0,730.7,712.55
152,2022-02-10 00:00:00,724.05,722.95,726.95,708.6
153,2021-01-06 00:00:00,525.3,515.0,531.75,513.1
154,2021-01-13 00:00:00,578.25,588.0,601.7,567.0
155,2021-01-15 00:00:00,602.65,609.55,610.65,593.8
156,2021-02-02 00:00:00,599.35,584.9,605.65,579.25
157,2021-02-26 00:00:00,556.3,574.5,585.95,551.75
158,2021-03-30 00:00:00,521.5,527.8,527.9,516.25
159,2021-04-07 00:00:00,541.6,537.0,546.9,535.25
160,2021-06-03 00:00:00,532.05,530.0,533.4,528.5
161,2021-06-14 00:00:00,539.35,540.85,540.85,529.3
162,2021-07-02 00:00:00,525.0,525.6,533.0,520.0
163,2021-10-27 00:00:00,702.35,699.4,714.65,694.0
164,2021-11-12 00:00:00,743.5,733.0,745.0,725.25
165,2021-11-29 00:00:00,739.35,752.0,755.0,727.1
166,2021-12-10 00:00:00,710.7,711.0,718.9,707.0
167,2021-12-24 00:00:00,677.05,682.1,682.85,672.65
168,2022-01-14 00:00:00,720.6,729.95,730.9,718.45
169,2022-02-03 00:00:00,721.65,726.0,729.0,718.5
170,2022-02-24 00:00:00,670.9,682.0,688.55,645.45
171,2022-03-21 00:00:00,708.2,722.0,724.35,706.8
172,2022-03-28 00:00:00,733.05,715.25,737.0,710.1
173,2021-01-04 00:00:00,517.1,517.0,520.5,511.6
174,2021-01-12 00:00:00,565.75,549.0,569.0,545.0
175,2021-02-08 00:00:00,597.3,589.0,603.65,584.7
176,2021-04-08 00:00:00,543.0,546.8,548.55,540.5
177,2021-04-12 00:00:00,522.45,537.55,538.85,518.5
178,2021-04-26 00:00:00,527.55,522.75,528.5,522.75
179,2021-05-07 00:00:00,568.5,561.2,572.9,556.9
180,2021-06-01 00:00:00,532.9,537.45,538.4,530.3
181,2021-06-29 00:00:00,524.95,531.25,532.25,524.0
182,2021-07-12 00:00:00,529.65,538.95,538.95,528.65
183,2021-08-13 00:00:00,637.05,623.15,638.8,618.1
184,2021-08-30 00:00:00,620.45,596.0,625.0,590.1
185,2021-10-29 00:00:00,685.35,692.2,701.0,677.05
186,2021-11-16 00:00:00,730.3,741.35,742.05,727.05
187,2021-12-17 00:00:00,666.05,681.0,685.7,661.1
188,2021-12-31 00:00:00,683.8,680.5,694.1,680.0
189,2022-01-07 00:00:00,704.7,713.9,715.15,701.45
190,2022-01-10 00:00:00,704.95,705.4,711.35,703.65
191,2022-02-21 00:00:00,709.95,708.05,716.55,703.0
192,2022-03-16 00:00:00,712.0,710.0,715.5,705.0
193,2021-01-27 00:00:00,570.8,580.0,581.75,562.35
194,2021-01-29 00:00:00,553.6,578.5,578.5,550.6
195,2021-02-10 00:00:00,590.2,604.95,607.75,580.25
196,2021-02-23 00:00:00,565.55,575.0,577.0,564.0
197,2021-03-19 00:00:00,529.95,528.0,534.75,525.5
198,2021-04-20 00:00:00,530.2,529.0,537.0,525.9
199,2021-04-27 00:00:00,534.3,527.45,538.55,526.25
200,2021-05-06 00:00:00,558.75,559.95,564.4,552.6
201,2021-05-24 00:00:00,526.8,531.0,533.0,526.0
202,2021-05-25 00:00:00,526.1,529.9,530.8,524.5
203,2021-05-27 00:00:00,519.8,526.1,527.0,518.7
204,2021-06-30 00:00:00,525.65,527.0,530.4,524.35
205,2021-09-08 00:00:00,667.85,678.0,683.8,665.0
206,2021-09-16 00:00:00,718.6,735.0,737.0,715.4
207,2021-09-20 00:00:00,724.95,725.0,733.7,720.3
208,2021-10-04 00:00:00,681.4,675.0,686.2,669.7
209,2021-11-01 00:00:00,712.5,689.95,722.8,689.6
210,2021-11-09 00:00:00,713.2,711.7,716.45,705.15
211,2021-11-17 00:00:00,720.05,724.55,732.35,716.25
212,2021-12-21 00:00:00,667.0,663.95,670.9,659.2
213,2022-01-12 00:00:00,730.2,707.95,732.7,704.2
214,2022-02-23 00:00:00,704.4,700.1,708.95,699.5
215,2022-03-24 00:00:00,706.35,698.0,708.85,697.85
216,2021-02-18 00:00:00,589.05,597.0,598.0,585.2
217,2021-02-22 00:00:00,570.3,582.0,584.9,568.0
218,2021-03-02 00:00:00,541.2,540.5,544.0,528.85
219,2021-04-29 00:00:00,540.85,549.7,550.0,539.1
220,2021-06-17 00:00:00,528.65,539.5,541.25,527.05
221,2021-06-25 00:00:00,535.1,531.3,535.9,529.35
222,2021-06-28 00:00:00,531.2,537.0,537.0,530.45
223,2021-08-12 00:00:00,623.15,623.0,628.95,617.0
224,2021-08-16 00:00:00,634.05,638.75,644.0,632.0
225,2021-09-06 00:00:00,654.6,664.4,665.75,653.4
226,2021-10-06 00:00:00,691.4,705.75,707.95,688.2
227,2021-10-07 00:00:00,692.5,695.75,702.2,691.3
228,2021-10-21 00:00:00,696.05,710.95,712.35,689.2
229,2022-02-09 00:00:00,719.35,707.1,726.1,702.15
230,2022-02-16 00:00:00,721.8,717.4,728.2,708.0
231,2022-03-09 00:00:00,691.5,682.0,698.0,674.3
232,2022-03-15 00:00:00,703.1,699.0,709.5,695.5
233,2022-03-22 00:00:00,719.25,708.5,721.0,705.85
234,2022-03-30 00:00:00,749.5,762.75,769.9,744.6
235,2021-01-01 00:00:00,515.15,512.25,516.4,508.2
236,2021-03-22 00:00:00,528.0,533.05,534.0,523.0
237,2021-03-31 00:00:00,517.3,522.35,525.9,516.25
238,2021-07-06 00:00:00,526.1,523.5,527.7,521.1
239,2021-07-26 00:00:00,544.05,545.0,553.85,542.1
240,2021-07-30 00:00:00,561.65,565.9,568.5,557.8
241,2021-08-09 00:00:00,599.25,610.0,612.7,597.55
242,2021-08-18 00:00:00,622.95,625.9,634.0,620.85
243,2021-09-01 00:00:00,666.4,668.0,673.3,654.0
244,2021-09-24 00:00:00,739.4,729.05,753.0,728.0
245,2021-09-30 00:00:00,688.3,695.8,709.8,686.8
246,2021-10-19 00:00:00,681.1,699.0,699.0,675.45
247,2021-10-20 00:00:00,708.45,683.4,713.9,681.4
248,2021-10-28 00:00:00,689.75,702.75,706.05,684.4
249,2021-11-23 00:00:00,758.9,745.0,761.0,735.7
250,2021-11-25 00:00:00,765.15,759.05,768.5,752.8
251,2022-01-20 00:00:00,715.4,706.0,719.65,705.25
252,2022-01-24 00:00:00,689.9,690.3,707.0,677.35
253,2022-03-08 00:00:00,683.0,675.0,686.85,667.6
254,2022-03-25 00:00:00,709.35,712.3,714.45,705.85
255,2021-01-19 00:00:00,592.3,591.1,597.45,586.5
256,2021-02-15 00:00:00,593.7,592.1,603.0,590.0
257,2021-03-01 00:00:00,532.2,558.0,559.1,521.0
258,2021-03-08 00:00:00,525.7,531.0,535.45,524.75
259,2021-03-09 00:00:00,521.75,530.1,532.0,514.3
260,2021-03-18 00:00:00,527.2,529.85,532.2,515.35
261,2021-04-30 00:00:00,536.75,533.5,547.0,533.5
262,2021-07-07 00:00:00,529.6,523.2,530.6,523.2
263,2021-07-13 00:00:00,530.05,533.55,535.5,528.2
264,2021-07-20 00:00:00,525.75,536.45,536.8,523.0
265,2021-10-14 00:00:00,685.8,693.0,694.0,681.85
266,2021-10-18 00:00:00,680.6,700.0,701.95,679.65
267,2021-11-08 00:00:00,709.0,707.45,714.9,704.0
268,2021-11-24 00:00:00,758.9,764.0,781.8,756.25
269,2021-11-30 00:00:00,728.25,740.0,750.2,722.65
270,2022-01-28 00:00:00,715.8,714.9,754.0,701.65
271,2022-02-15 00:00:00,711.55,696.0,713.1,686.6
272,2022-03-07 00:00:00,675.4,640.0,679.35,639.0
273,2022-03-11 00:00:00,694.85,696.7,702.4,691.5
274,2022-03-23 00:00:00,704.95,719.25,719.85,703.0
275,2021-01-08 00:00:00,540.25,549.3,549.75,537.3
276,2021-01-20 00:00:00,596.15,592.3,602.5,589.0
277,2021-02-16 00:00:00,593.95,595.0,601.6,593.0
278,2021-03-03 00:00:00,546.3,548.75,550.75,540.0
279,2021-05-05 00:00:00,559.95,556.9,564.95,554.0
280,2021-05-19 00:00:00,528.2,537.9,540.55,526.2
281,2021-06-18 00:00:00,538.75,531.4,541.9,519.0
282,2021-09-29 00:00:00,694.1,697.0,702.0,689.15
283,2021-12-01 00:00:00,722.25,733.0,737.4,718.25
284,2021-12-02 00:00:00,732.55,723.9,735.7,714.15
285,2021-12-08 00:00:00,715.15,705.0,719.0,702.3
286,2022-01-03 00:00:00,691.3,687.8,692.6,683.1
287,2022-01-25 00:00:00,711.85,684.0,720.45,682.15
288,2022-01-31 00:00:00,729.3,728.0,735.0,719.55
289,2022-02-01 00:00:00,723.05,733.0,735.0,718.3
290,2022-02-08 00:00:00,708.9,711.2,714.7,701.0
291,2022-02-28 00:00:00,686.5,681.0,690.0,666.45
292,2021-02-17 00:00:00,593.85,596.95,598.8,590.05
293,2021-03-05 00:00:00,532.8,535.0,538.5,524.4
294,2021-03-15 00:00:00,522.85,527.8,527.8,516.4
295,2021-03-26 00:00:00,522.5,512.1,524.9,510.6
296,2021-04-09 00:00:00,545.25,539.5,549.75,536.5
297,2021-04-15 00:00:00,539.35,540.0,546.15,530.25
298,2021-08-03 00:00:00,580.2,568.0,582.0,562.1
299,2021-08-11 00:00:00,620.85,622.2,629.25,613.7
300,2021-08-26 00:00:00,586.9,610.0,611.5,584.3
301,2021-09-13 00:00:00,693.3,692.0,697.0,685.85
302,2021-11-11 00:00:00,728.6,735.0,738.6,724.25
303,2021-11-26 00:00:00,738.75,763.0,763.0,733.1
304,2021-12-03 00:00:00,718.35,730.0,734.65,716.3
305,2022-01-19 00:00:00,703.7,714.0,715.0,701.7
306,2022-02-17 00:00:00,717.0,724.45,727.5,715.0
307,2022-02-22 00:00:00,699.25,694.2,702.5,687.5
308,2022-04-06 00:00:00,775.65,764.0,780.7,763.0
309,2022-04-05 00:00:00,766.6,767.8,773.8,761.0
310,2022-05-16 00:00:00,693.2,685.85,698.0,679.65
311,2022-04-07 00:00:00,762.4,775.0,777.85,759.55
312,2022-04-25 00:00:00,739.35,729.95,743.0,729.15
313,2022-07-01 00:00:00,673.45,684.85,685.8,666.0
314,2022-07-28 00:00:00,666.85,678.8,679.4,664.2
315,2022-08-02 00:00:00,686.8,700.0,700.3,681.15
316,2022-08-16 00:00:00,704.1,715.0,716.0,700.5
317,2022-09-13 00:00:00,784.25,774.0,788.9,770.0
318,2022-10-12 00:00:00,775.55,780.3,781.35,769.2
319,2022-10-27 00:00:00,817.1,806.5,822.2,804.2
320,2022-11-10 00:00:00,825.75,819.8,830.7,817.55
321,2022-11-24 00:00:00,848.35,846.0,851.0,837.75
322,2022-12-26 00:00:00,811.0,805.05,815.2,801.15
323,2023-01-06 00:00:00,796.0,807.55,812.25,792.0
324,2023-01-12 00:00:00,756.9,765.0,769.3,753.55
325,2023-02-02 00:00:00,777.75,765.1,781.0,765.05
326,2023-02-09 00:00:00,766.65,770.0,775.1,761.3
327,2023-02-23 00:00:00,762.95,774.0,777.5,761.85
328,2023-03-08 00:00:00,766.55,764.0,769.9,760.7
329,2023-03-16 00:00:00,745.95,750.0,759.0,743.5
330,2023-03-29 00:00:00,743.6,751.0,754.9,738.85
331,2023-04-03 00:00:00,760.55,755.0,761.9,752.05
332,2023-07-06 00:00:00,869.65,864.35,877.9,863.45
333,2023-07-25 00:00:00,883.65,888.0,894.7,879.1
334,2023-08-04 00:00:00,889.65,869.0,892.95,866.2
335,2022-04-20 00:00:00,739.35,730.05,744.5,723.95
336,2022-04-08 00:00:00,762.1,768.35,768.35,757.6
337,2022-06-01 00:00:00,694.65,701.55,706.2,691.25
338,2022-06-15 00:00:00,682.1,681.95,685.0,673.5
339,2022-07-06 00:00:00,693.95,684.5,694.95,684.2
340,2022-08-24 00:00:00,738.75,722.85,754.2,718.0
341,2022-09-14 00:00:00,783.35,776.0,788.4,775.75
342,2022-10-18 00:00:00,783.15,769.85,785.6,768.65
343,2022-10-20 00:00:00,792.9,782.0,794.0,778.3
344,2022-10-21 00:00:00,797.45,790.0,802.85,789.75
345,2022-12-19 00:00:00,840.4,822.7,845.05,822.0
346,2023-02-10 00:00:00,771.95,768.95,773.2,761.0
347,2023-03-14 00:00:00,771.8,764.0,776.75,764.0
348,2023-03-21 00:00:00,756.95,760.0,766.0,755.15
349,2023-04-21 00:00:00,765.2,769.6,775.25,764.45
350,2023-05-16 00:00:00,787.35,800.85,801.25,784.0
351,2023-06-02 00:00:00,836.5,832.8,839.3,826.95
352,2023-06-16 00:00:00,837.8,822.5,840.0,820.8
353,2023-07-24 00:00:00,888.15,885.0,892.6,880.8
354,2022-05-20 00:00:00,687.9,688.5,691.5,683.0
355,2022-06-02 00:00:00,695.95,688.9,696.95,683.05
356,2022-08-05 00:00:00,703.65,698.0,710.0,696.35
357,2022-09-02 00:00:00,735.0,725.0,740.9,719.65
358,2022-10-10 00:00:00,792.35,784.95,794.8,779.7
359,2022-10-19 00:00:00,783.4,787.95,788.65,779.5
360,2022-11-11 00:00:00,826.9,830.75,836.9,823.8
361,2022-12-13 00:00:00,838.05,822.0,840.0,822.0
362,2023-01-02 00:00:00,813.5,806.25,816.2,805.6
363,2023-01-04 00:00:00,811.8,818.95,820.45,806.2
364,2023-03-06 00:00:00,766.6,766.7,775.9,765.1
365,2023-03-13 00:00:00,765.3,777.45,777.8,763.15
366,2023-03-20 00:00:00,754.8,754.95,759.8,748.8
367,2023-03-22 00:00:00,756.7,761.0,763.2,753.15
368,2023-04-06 00:00:00,765.95,762.6,768.7,759.1
369,2023-05-04 00:00:00,789.1,779.3,792.7,773.65
370,2023-05-05 00:00:00,787.3,789.1,790.95,780.25
371,2023-05-31 00:00:00,849.9,819.0,888.75,818.0
372,2023-06-05 00:00:00,834.5,838.5,841.35,832.15
373,2023-06-09 00:00:00,833.5,838.55,839.8,828.95
374,2023-07-03 00:00:00,879.15,880.0,884.15,874.6
375,2023-07-11 00:00:00,891.9,890.0,893.15,886.3
376,2022-07-29 00:00:00,677.95,672.8,680.65,671.0
377,2022-09-16 00:00:00,779.65,788.0,788.0,776.45
378,2022-09-22 00:00:00,784.1,791.2,794.8,776.35
379,2022-10-25 00:00:00,802.3,806.15,806.35,798.7
380,2022-11-28 00:00:00,837.4,840.25,852.55,836.05
381,2023-01-24 00:00:00,775.65,773.0,777.55,761.0
382,2023-02-15 00:00:00,785.4,775.0,787.15,772.2
383,2023-02-22 00:00:00,772.15,777.0,781.65,766.5
384,2023-03-03 00:00:00,764.4,745.0,765.9,743.55
385,2023-03-17 00:00:00,757.25,750.0,759.45,739.15
386,2023-05-15 00:00:00,797.05,793.0,802.5,789.55
387,2023-07-28 00:00:00,895.1,899.9,899.9,890.55
388,2023-07-31 00:00:00,889.9,894.0,897.8,885.25
389,2022-06-14 00:00:00,682.05,669.1,689.4,669.1
390,2022-07-11 00:00:00,660.55,675.0,681.0,658.95
391,2022-07-26 00:00:00,684.1,682.6,685.35,670.25
392,2022-08-01 00:00:00,694.45,677.95,697.8,677.05
393,2022-08-18 00:00:00,733.2,725.0,736.0,720.9
394,2022-09-05 00:00:00,740.4,735.0,741.95,733.25
395,2022-09-15 00:00:00,785.1,788.0,790.65,782.0
396,2022-09-19 00:00:00,782.75,773.5,786.0,772.2
397,2022-09-21 00:00:00,780.2,792.15,797.0,779.0
398,2022-09-26 00:00:00,755.05,769.95,771.15,753.2
399,2022-10-31 00:00:00,832.0,823.0,833.8,820.0
400,2022-11-02 00:00:00,809.85,830.0,830.0,807.25
401,2022-11-04 00:00:00,816.4,815.7,821.8,809.2
402,2022-12-29 00:00:00,820.75,807.05,824.75,760.1
403,2023-01-03 00:00:00,817.6,810.35,818.8,808.5
404,2023-01-13 00:00:00,764.3,757.0,765.95,752.0
405,2023-02-01 00:00:00,769.1,775.95,784.65,756.6
406,2023-02-24 00:00:00,757.1,775.7,775.8,755.0
407,2023-03-15 00:00:00,756.65,758.0,765.55,752.5
408,2023-03-31 00:00:00,749.0,752.15,753.0,742.05
409,2023-04-10 00:00:00,769.75,768.95,776.3,766.45
410,2023-04-13 00:00:00,767.05,770.0,771.15,765.45
411,2023-04-19 00:00:00,764.65,761.35,766.85,756.0
412,2023-05-02 00:00:00,790.2,800.25,806.8,788.55
413,2023-05-03 00:00:00,779.3,794.5,794.5,777.2
414,2023-05-25 00:00:00,822.7,799.6,825.5,797.85
415,2023-05-29 00:00:00,821.25,829.4,829.4,818.0
416,2023-06-19 00:00:00,828.15,840.0,840.0,827.5
417,2023-06-20 00:00:00,831.2,828.1,833.7,826.85
418,2023-06-21 00:00:00,839.0,832.0,840.75,830.4
419,2023-07-04 00:00:00,865.15,873.8,873.8,853.3
420,2023-07-21 00:00:00,886.0,878.1,891.9,874.8
421,2023-08-10 00:00:00,874.8,882.0,883.9,868.2
422,2023-08-11 00:00:00,870.55,872.0,873.7,865.0
423,2022-05-13 00:00:00,689.9,713.0,713.0,684.75
424,2022-05-30 00:00:00,699.05,687.45,703.75,683.0
425,2022-06-23 00:00:00,660.2,648.15,664.6,647.75
426,2022-08-26 00:00:00,730.85,741.5,741.5,728.0
427,2022-09-07 00:00:00,753.1,755.5,761.9,686.2
428,2022-09-09 00:00:00,765.75,773.0,774.8,762.9
429,2022-09-30 00:00:00,799.9,765.95,809.0,761.45
430,2022-10-06 00:00:00,788.6,810.55,815.85,786.65
431,2022-11-15 00:00:00,835.25,822.65,838.75,822.65
432,2022-11-16 00:00:00,841.2,837.5,844.05,828.05
433,2022-11-21 00:00:00,851.2,837.0,852.8,835.0
434,2022-12-01 00:00:00,848.6,853.0,853.2,841.6
435,2022-12-15 00:00:00,826.35,829.0,831.0,824.35
436,2023-01-16 00:00:00,759.15,766.4,768.1,754.65
437,2023-01-17 00:00:00,765.7,759.15,768.9,758.75
438,2023-04-05 00:00:00,763.45,768.0,768.0,756.0
439,2023-05-23 00:00:00,799.95,808.95,808.95,797.95
440,2023-06-08 00:00:00,836.0,847.7,849.4,834.55
441,2023-06-27 00:00:00,864.9,856.5,871.35,853.6
442,2023-07-18 00:00:00,875.45,877.05,880.2,863.15
443,2022-05-05 00:00:00,718.95,726.0,733.1,714.25
444,2022-04-29 00:00:00,739.0,752.0,761.0,735.55
445,2022-04-18 00:00:00,729.5,736.65,740.15,723.4
446,2022-04-01 00:00:00,758.5,759.8,766.65,749.25
447,2022-05-10 00:00:00,719.65,711.0,728.5,710.15
448,2022-05-24 00:00:00,678.2,689.25,689.25,675.85
449,2022-05-25 00:00:00,688.2,681.25,689.9,679.55
450,2022-06-29 00:00:00,687.8,677.0,689.1,675.0
451,2022-07-05 00:00:00,684.45,683.3,689.3,680.05
452,2022-07-12 00:00:00,663.0,663.25,666.9,660.0
453,2022-07-18 00:00:00,663.05,657.0,670.0,649.15
454,2022-09-28 00:00:00,761.45,755.5,771.0,755.0
455,2022-11-25 00:00:00,846.85,852.0,860.0,841.6
456,2022-12-07 00:00:00,834.0,837.55,841.6,832.0
457,2022-12-08 00:00:00,832.6,833.0,840.2,826.3
458,2023-01-10 00:00:00,792.85,826.1,826.1,790.3
459,2023-01-18 00:00:00,776.55,768.2,780.0,766.0
460,2023-03-01 00:00:00,750.2,742.4,753.45,741.0
461,2023-06-12 00:00:00,836.35,834.85,843.1,831.75
462,2023-06-15 00:00:00,829.7,827.0,833.8,824.2
463,2023-07-14 00:00:00,886.5,885.0,890.25,879.65
464,2023-08-02 00:00:00,878.1,883.2,890.65,872.6
465,2023-08-22 00:00:00,877.65,871.0,879.95,866.2
466,2022-05-31 00:00:00,700.2,697.5,706.6,692.6
467,2022-06-03 00:00:00,686.5,697.05,700.8,685.25
468,2022-06-16 00:00:00,654.2,683.1,683.9,650.0
469,2022-06-20 00:00:00,640.9,644.95,647.45,634.2
470,2022-06-28 00:00:00,681.15,683.0,684.9,676.3
471,2022-07-14 00:00:00,641.65,650.0,652.2,628.75
472,2022-07-15 00:00:00,651.8,648.95,657.5,643.25
473,2022-08-23 00:00:00,737.6,725.0,742.6,722.55
474,2022-08-29 00:00:00,720.6,717.7,724.9,715.1
475,2022-09-23 00:00:00,771.35,788.0,788.0,768.7
476,2022-10-07 00:00:00,793.1,792.0,796.8,784.7
477,2022-10-11 00:00:00,780.3,797.5,797.5,776.0
478,2022-10-14 00:00:00,765.95,779.95,779.95,763.05
479,2022-10-24 00:00:00,802.1,800.0,807.5,800.0
480,2022-11-01 00:00:00,835.55,828.0,841.45,821.05
481,2022-11-07 00:00:00,822.7,817.0,824.05,809.0
482,2022-11-23 00:00:00,843.25,851.85,851.85,841.6
483,2023-01-19 00:00:00,772.0,776.0,776.5,765.65
484,2023-02-20 00:00:00,779.15,781.25,793.8,777.1
485,2023-02-21 00:00:00,779.05,783.05,788.0,778.15
486,2023-03-02 00:00:00,740.1,751.0,751.8,735.8
487,2023-04-18 00:00:00,759.75,765.0,765.0,752.55
488,2023-05-10 00:00:00,796.05,797.0,797.55,788.05
489,2023-05-17 00:00:00,792.25,788.0,797.65,783.9
490,2023-05-22 00:00:00,801.85,801.0,804.0,799.5
491,2023-05-30 00:00:00,818.45,821.25,826.35,812.8
492,2023-06-06 00:00:00,829.45,834.5,838.25,826.15
493,2023-07-12 00:00:00,889.95,889.95,895.7,883.1
494,2023-07-26 00:00:00,889.4,886.5,896.5,883.3
495,2023-08-09 00:00:00,883.7,885.0,897.45,878.8
496,2023-08-18 00:00:00,856.25,856.7,862.0,852.25
497,2022-04-11 00:00:00,758.05,757.0,765.2,756.0
498,2022-04-26 00:00:00,756.3,745.0,758.9,739.1
499,2022-05-02 00:00:00,741.35,734.0,742.95,730.35
500,2022-05-27 00:00:00,684.4,697.05,700.0,676.0
501,2022-07-07 00:00:00,686.8,692.0,696.5,685.45
502,2022-07-08 00:00:00,695.15,688.0,696.6,686.65
503,2022-07-13 00:00:00,643.5,670.0,670.0,641.0
504,2022-07-22 00:00:00,678.85,679.7,681.9,675.2
505,2022-07-25 00:00:00,678.4,680.0,686.55,676.55
506,2022-08-10 00:00:00,715.25,713.9,718.0,706.0
507,2022-09-01 00:00:00,735.05,726.5,746.0,726.5
508,2022-10-03 00:00:00,803.35,803.4,815.55,798.05
509,2022-10-17 00:00:00,766.0,761.0,771.0,759.85
510,2022-10-28 00:00:00,816.85,819.0,824.4,811.3
511,2022-11-14 00:00:00,821.9,818.0,830.8,817.0
512,2022-12-06 00:00:00,833.35,844.9,845.0,829.7
513,2023-01-30 00:00:00,770.2,771.6,774.95,763.0
514,2023-02-03 00:00:00,792.9,779.9,794.95,778.4
515,2023-03-24 00:00:00,762.45,763.55,767.0,758.85
516,2023-03-28 00:00:00,748.45,765.6,765.6,742.8
517,2023-04-25 00:00:00,772.6,764.95,777.0,761.75
518,2023-04-27 00:00:00,786.5,772.0,789.2,771.35
519,2023-05-26 00:00:00,817.95,827.9,829.35,813.4
520,2023-07-17 00:00:00,878.1,886.0,896.65,876.0
521,2022-04-27 00:00:00,752.5,750.0,761.55,746.4
522,2022-05-06 00:00:00,710.25,711.25,723.9,707.75
523,2022-05-12 00:00:00,705.4,715.25,722.8,701.25
524,2022-05-26 00:00:00,693.65,690.0,695.5,675.9
525,2022-06-07 00:00:00,685.3,678.15,687.25,673.3
526,2022-06-08 00:00:00,663.3,682.5,687.8,660.45
527,2022-07-21 00:00:00,678.35,671.5,679.95,671.2
528,2022-07-27 00:00:00,674.9,683.95,683.95,669.7
529,2022-09-06 00:00:00,761.25,740.4,765.0,740.4
530,2022-12-28 00:00:00,803.8,813.0,813.9,801.45
531,2022-12-30 00:00:00,806.1,824.7,824.8,804.95
532,2023-03-09 00:00:00,773.4,795.0,795.0,770.2
533,2023-03-10 00:00:00,773.75,773.0,778.95,768.2
534,2023-04-12 00:00:00,771.1,774.0,774.55,765.1
535,2023-05-09 00:00:00,793.6,796.9,798.35,790.5
536,2023-05-12 00:00:00,791.95,787.5,793.7,784.5
537,2023-05-24 00:00:00,801.4,802.9,802.9,795.0
538,2023-06-14 00:00:00,827.95,832.0,833.95,819.0
539,2023-06-23 00:00:00,854.8,844.0,862.75,841.35
540,2023-08-01 00:00:00,891.65,894.5,897.4,888.15
541,2022-04-13 00:00:00,740.65,742.0,756.5,737.95
542,2022-04-22 00:00:00,738.75,731.0,740.9,729.0
543,2022-05-17 00:00:00,707.05,695.0,710.0,690.85
544,2022-05-18 00:00:00,696.15,721.0,727.15,689.2
545,2022-06-22 00:00:00,642.85,648.6,650.35,641.45
546,2022-08-25 00:00:00,741.0,744.8,754.05,735.25
547,2022-09-08 00:00:00,769.8,759.0,776.0,757.05
548,2022-09-27 00:00:00,760.6,758.85,765.0,757.2
549,2022-09-29 00:00:00,764.65,763.95,769.0,759.3
550,2022-10-13 00:00:00,768.9,775.0,779.0,767.65
551,2022-11-22 00:00:00,847.6,853.4,860.55,845.1
552,2022-12-20 00:00:00,828.95,839.75,839.75,822.0
553,2022-12-22 00:00:00,816.6,819.0,824.7,809.5
554,2023-01-09 00:00:00,819.4,802.7,821.5,801.05
555,2023-04-28 00:00:00,799.3,789.85,802.05,787.2
556,2023-05-08 00:00:00,793.75,789.9,795.3,785.2
557,2023-05-19 00:00:00,805.75,799.35,808.35,793.25
558,2023-06-22 00:00:00,842.8,836.7,843.5,834.7
559,2023-06-28 00:00:00,872.2,869.5,873.6,863.6
560,2023-07-07 00:00:00,870.45,865.0,883.6,862.5
561,2022-04-19 00:00:00,723.5,739.0,739.0,716.85
562,2022-05-19 00:00:00,674.25,685.0,693.0,667.85
563,2022-06-09 00:00:00,676.35,660.0,679.4,655.1
564,2022-06-30 00:00:00,684.95,689.8,691.6,679.0
565,2022-08-12 00:00:00,709.7,709.85,712.5,706.65
566,2022-08-17 00:00:00,722.95,707.0,724.65,702.3
567,2022-08-19 00:00:00,732.3,730.2,737.6,726.0
568,2022-08-22 00:00:00,727.6,731.85,734.4,724.4
569,2022-11-03 00:00:00,818.65,809.75,824.4,804.2
570,2022-12-14 00:00:00,829.2,840.65,842.0,828.15
571,2023-01-05 00:00:00,807.1,825.0,825.0,803.75
572,2023-02-06 00:00:00,789.25,789.7,794.65,778.8
573,2023-02-08 00:00:00,775.1,778.0,781.0,765.0
574,2023-04-20 00:00:00,772.3,764.0,773.75,762.6
575,2023-07-10 00:00:00,885.4,867.0,889.6,865.0
576,2023-08-23 00:00:00,869.2,877.0,877.0,869.0
577,2022-03-31 00:00:00,754.95,753.0,759.0,739.7
578,2022-04-21 00:00:00,735.75,743.9,743.9,730.0
579,2022-05-09 00:00:00,711.5,706.1,720.5,704.45
580,2022-05-11 00:00:00,722.85,719.65,735.0,716.9
581,2022-05-23 00:00:00,685.85,681.8,693.9,679.6
582,2022-06-17 00:00:00,643.65,656.0,661.75,638.0
583,2022-07-04 00:00:00,681.9,670.5,685.5,666.05
584,2022-08-08 00:00:00,704.35,707.95,709.85,699.0
585,2022-09-12 00:00:00,769.15,767.0,771.4,764.5
586,2022-09-20 00:00:00,792.15,786.7,796.95,785.0
587,2022-12-02 00:00:00,848.65,851.4,851.95,839.1
588,2022-12-05 00:00:00,844.1,851.0,851.6,840.85
589,2022-12-12 00:00:00,828.4,832.6,836.95,825.4
590,2023-02-07 00:00:00,785.9,793.9,795.85,783.0
591,2023-02-14 00:00:00,775.2,769.0,777.6,766.2
592,2023-04-11 00:00:00,774.15,776.0,776.0,768.15
593,2023-06-01 00:00:00,827.95,837.95,837.95,823.0
594,2023-07-19 00:00:00,870.75,875.45,877.0,867.2
595,2023-08-16 00:00:00,856.95,870.0,874.0,853.2
596,2023-08-21 00:00:00,871.95,855.65,874.0,854.1
597,2022-04-04 00:00:00,767.8,757.85,775.0,756.2
598,2022-06-10 00:00:00,673.35,668.0,676.45,668.0
599,2022-04-28 00:00:00,747.35,751.0,754.3,744.6
600,2022-04-12 00:00:00,741.65,759.95,759.95,740.1
601,2022-06-21 00:00:00,654.3,642.1,658.15,640.5
602,2022-07-19 00:00:00,672.9,675.0,677.0,663.1
603,2022-11-29 00:00:00,835.85,839.0,844.8,835.0
604,2022-12-21 00:00:00,814.0,833.0,833.05,812.35
605,2022-12-23 00:00:00,808.65,814.0,817.95,805.0
606,2023-01-23 00:00:00,772.7,767.9,776.0,763.85
607,2023-01-25 00:00:00,776.5,774.95,780.5,768.0
608,2023-01-27 00:00:00,774.5,774.95,778.9,765.8
609,2023-01-31 00:00:00,770.3,775.0,779.0,768.4
610,2023-02-27 00:00:00,752.9,753.0,754.4,738.45
611,2023-04-24 00:00:00,760.25,765.2,767.4,755.65
612,2023-04-26 00:00:00,773.45,779.9,779.9,767.1
613,2023-05-11 00:00:00,788.6,794.55,794.55,783.7
614,2023-06-07 00:00:00,844.25,828.9,847.5,827.25
615,2023-07-05 00:00:00,866.65,868.0,871.0,863.05
616,2023-07-27 00:00:00,895.15,889.35,901.4,888.15
617,2023-08-07 00:00:00,891.4,885.15,900.55,884.1
618,2023-08-08 00:00:00,885.4,892.0,894.3,880.45
619,2023-08-14 00:00:00,867.05,870.5,870.6,857.6
620,2023-08-17 00:00:00,856.7,857.2,859.85,850.0
621,2022-08-03 00:00:00,693.15,688.0,696.85,687.0
622,2022-11-30 00:00:00,848.75,834.8,852.0,832.6
623,2022-12-09 00:00:00,834.9,830.3,836.6,823.95
624,2023-01-11 00:00:00,765.55,775.0,779.65,751.65
625,2023-02-13 00:00:00,768.6,771.0,779.6,766.7
626,2023-02-16 00:00:00,784.45,789.65,790.5,780.6
627,2023-03-23 00:00:00,763.55,758.0,765.8,756.85
628,2023-06-13 00:00:00,834.35,838.1,844.0,832.75
629,2022-05-04 00:00:00,722.4,737.0,739.35,717.0
630,2022-06-06 00:00:00,682.95,682.2,689.8,676.5
631,2022-06-13 00:00:00,671.3,660.1,673.35,658.0
632,2022-06-24 00:00:00,671.2,662.1,675.7,662.1
633,2022-06-27 00:00:00,683.95,675.0,687.0,671.2
634,2022-07-20 00:00:00,670.65,680.0,680.0,668.2
635,2022-08-04 00:00:00,694.3,698.2,698.5,680.7
636,2022-08-11 00:00:00,709.8,718.8,719.4,705.7
637,2022-08-30 00:00:00,726.6,722.0,730.1,711.8
638,2022-10-04 00:00:00,808.7,813.0,816.75,807.5
639,2022-11-09 00:00:00,819.05,824.2,825.5,814.45
640,2022-11-17 00:00:00,846.15,841.8,849.4,838.4
641,2022-11-18 00:00:00,837.3,849.95,851.85,831.1
642,2022-12-16 00:00:00,822.75,825.0,832.7,819.9
643,2022-12-27 00:00:00,814.8,815.0,819.45,805.0
644,2023-01-20 00:00:00,764.45,775.85,775.85,758.3
645,2023-02-17 00:00:00,776.8,785.95,787.45,770.3
646,2023-02-28 00:00:00,742.25,755.0,757.1,739.65
647,2023-03-27 00:00:00,761.75,763.0,769.7,759.35
648,2023-04-17 00:00:00,759.65,789.0,789.0,754.35
649,2023-05-18 00:00:00,799.35,797.95,803.0,794.65
650,2023-06-26 00:00:00,851.95,857.35,857.35,846.35
651,2023-06-30 00:00:00,878.75,880.0,883.0,867.05
652,2023-07-13 00:00:00,885.05,891.35,893.3,883.25
653,2023-07-20 00:00:00,884.85,871.0,886.7,868.0
654,2023-08-03 00:00:00,871.7,875.0,882.05,865.1
