,time,close,open,high,low
0,2021-01-11 00:00:00,491.9,500.0,504.55,491.25
1,2021-04-07 00:00:00,471.35,463.0,478.9,461.0
2,2021-04-20 00:00:00,507.55,511.0,520.0,502.0
3,2021-04-26 00:00:00,504.35,510.0,514.0,501.0
4,2021-05-07 00:00:00,577.55,572.4,584.4,546.1
5,2021-05-12 00:00:00,565.05,578.0,587.95,559.55
6,2021-05-28 00:00:00,594.5,605.0,605.9,592.0
7,2021-06-17 00:00:00,668.75,673.0,685.95,665.0
8,2021-06-25 00:00:00,662.0,660.0,687.6,653.0
9,2021-06-30 00:00:00,667.1,658.0,674.9,655.1
10,2021-07-12 00:00:00,659.4,665.15,673.0,656.0
11,2021-07-29 00:00:00,904.6,933.0,939.0,897.0
12,2021-08-06 00:00:00,893.95,913.0,918.65,888.85
13,2021-08-23 00:00:00,703.95,729.0,751.75,679.2
14,2021-09-17 00:00:00,870.95,897.5,900.95,860.0
15,2021-10-20 00:00:00,864.25,885.95,890.05,855.15
16,2021-11-09 00:00:00,856.6,855.5,862.55,852.05
17,2021-12-17 00:00:00,748.65,781.9,781.9,745.0
18,2021-12-22 00:00:00,759.45,742.5,766.2,740.05
19,2022-01-10 00:00:00,839.55,861.55,861.55,831.0
20,2022-01-21 00:00:00,788.15,809.0,811.05,780.0
21,2022-02-14 00:00:00,767.5,770.0,778.7,751.25
22,2022-03-04 00:00:00,704.7,720.0,720.0,701.05
23,2022-03-23 00:00:00,727.25,714.55,739.0,707.0
24,2022-04-04 00:00:00,776.55,722.4,791.55,720.05
25,2022-04-22 00:00:00,790.1,806.9,811.8,785.1
26,2022-05-06 00:00:00,692.4,704.0,719.55,673.4
27,2022-05-25 00:00:00,721.15,726.1,760.0,716.25
28,2022-06-29 00:00:00,710.55,714.0,726.0,706.55
29,2022-07-14 00:00:00,732.5,734.0,739.4,728.0
30,2022-08-04 00:00:00,815.55,823.6,831.5,789.1
31,2022-09-09 00:00:00,765.75,791.0,791.9,762.25
32,2022-09-16 00:00:00,739.45,757.55,758.5,736.0
33,2022-09-28 00:00:00,723.9,724.8,737.8,720.0
34,2022-11-11 00:00:00,731.35,735.95,740.05,726.95
35,2021-02-12 00:00:00,468.3,465.2,472.0,465.0
36,2021-03-24 00:00:00,427.95,428.0,435.95,426.25
37,2021-04-06 00:00:00,461.6,453.05,470.9,430.4
38,2021-04-19 00:00:00,491.75,463.9,504.9,448.35
39,2021-05-10 00:00:00,581.6,580.0,599.0,580.0
40,2021-05-19 00:00:00,588.85,624.0,624.0,575.55
41,2021-06-24 00:00:00,660.7,670.3,674.5,656.0
42,2021-07-15 00:00:00,683.55,696.3,696.3,679.55
43,2021-09-09 00:00:00,933.3,839.95,947.0,834.0
44,2021-09-20 00:00:00,865.2,868.7,925.55,851.2
45,2021-11-04 00:00:00,842.25,842.0,844.55,837.0
46,2021-12-01 00:00:00,765.2,739.4,780.0,728.0
47,2021-12-30 00:00:00,861.0,870.9,875.85,859.5
48,2022-01-14 00:00:00,853.65,841.95,869.95,837.4
49,2022-01-28 00:00:00,803.2,819.55,828.95,800.15
50,2022-02-23 00:00:00,724.25,740.2,746.85,719.1
51,2022-04-08 00:00:00,761.8,766.5,773.0,756.0
52,2022-05-17 00:00:00,719.6,718.95,726.4,714.15
53,2022-06-07 00:00:00,783.15,769.55,789.0,765.75
54,2022-06-20 00:00:00,633.9,665.2,669.35,631.0
55,2022-06-27 00:00:00,711.65,698.3,716.1,697.0
56,2022-08-29 00:00:00,757.7,736.65,761.0,736.65
57,2022-09-05 00:00:00,775.0,780.0,780.0,762.65
58,2022-09-29 00:00:00,728.95,727.55,746.9,725.0
59,2022-10-04 00:00:00,746.35,749.0,759.4,736.6
60,2022-10-25 00:00:00,744.75,741.0,748.0,736.6
61,2022-11-03 00:00:00,738.25,739.0,740.5,734.05
62,2021-02-04 00:00:00,481.6,488.75,494.95,474.75
63,2021-03-04 00:00:00,460.6,461.95,468.8,458.0
64,2021-03-15 00:00:00,451.9,459.95,461.55,450.0
65,2021-03-30 00:00:00,411.1,416.1,421.0,410.0
66,2021-05-26 00:00:00,601.2,613.0,617.0,598.5
67,2021-05-31 00:00:00,597.45,595.95,608.8,590.0
68,2021-06-14 00:00:00,674.55,667.0,691.75,645.55
69,2021-06-21 00:00:00,674.85,645.0,680.0,636.55
70,2021-07-08 00:00:00,663.2,670.0,680.0,656.0
71,2021-08-17 00:00:00,806.05,820.45,838.7,801.35
72,2021-09-24 00:00:00,888.65,899.3,929.5,880.9
73,2021-10-14 00:00:00,907.8,933.0,937.0,903.5
74,2021-12-31 00:00:00,858.2,862.0,869.0,848.0
75,2022-03-25 00:00:00,703.7,717.0,721.95,701.0
76,2022-05-09 00:00:00,682.7,692.4,695.85,676.0
77,2022-06-02 00:00:00,755.95,744.55,760.0,736.95
78,2022-06-13 00:00:00,714.5,758.1,760.0,711.5
79,2022-07-27 00:00:00,758.1,783.6,783.6,754.5
80,2022-08-17 00:00:00,803.55,817.0,819.8,800.05
81,2022-08-25 00:00:00,767.65,779.55,790.0,765.75
82,2022-08-30 00:00:00,778.8,760.1,787.5,760.1
83,2022-10-17 00:00:00,708.8,712.8,715.0,700.0
84,2022-10-27 00:00:00,746.6,746.0,754.5,740.5
85,2022-11-01 00:00:00,733.75,724.0,744.4,722.8
86,2021-01-28 00:00:00,462.2,465.0,467.0,458.0
87,2021-02-09 00:00:00,462.25,465.0,466.85,460.5
88,2021-03-03 00:00:00,461.25,466.0,471.9,459.0
89,2021-04-08 00:00:00,471.15,474.3,479.4,470.1
90,2021-05-06 00:00:00,560.3,535.0,572.0,520.45
91,2021-07-06 00:00:00,679.8,688.9,696.55,675.65
92,2021-07-13 00:00:00,690.25,662.35,699.0,658.35
93,2021-08-12 00:00:00,851.6,837.0,870.0,837.0
94,2021-08-16 00:00:00,820.45,847.0,850.55,817.0
95,2021-08-18 00:00:00,797.7,808.5,816.2,792.0
96,2021-09-06 00:00:00,838.8,744.1,866.8,743.5
97,2021-10-06 00:00:00,894.75,913.7,918.6,889.1
98,2021-10-18 00:00:00,913.6,914.95,934.05,902.2
99,2021-12-06 00:00:00,777.75,810.0,813.1,773.35
100,2022-01-04 00:00:00,864.2,876.0,879.55,853.65
101,2022-01-25 00:00:00,822.4,789.4,824.8,782.2
102,2022-01-27 00:00:00,812.85,821.85,833.75,807.5
103,2022-02-07 00:00:00,801.35,810.0,817.6,787.0
104,2022-02-08 00:00:00,790.4,802.0,808.05,787.0
105,2022-03-07 00:00:00,704.75,690.0,718.0,688.0
106,2022-03-10 00:00:00,733.0,728.6,749.85,728.6
107,2022-04-05 00:00:00,771.05,784.4,803.0,765.05
108,2022-04-11 00:00:00,776.1,766.2,785.0,764.75
109,2022-04-26 00:00:00,751.5,777.2,779.75,742.2
110,2022-05-11 00:00:00,667.95,677.3,677.5,626.0
111,2022-05-16 00:00:00,713.65,707.6,725.0,701.0
112,2022-05-19 00:00:00,800.5,727.4,814.0,723.0
113,2022-05-20 00:00:00,776.65,787.05,800.0,771.05
114,2022-05-24 00:00:00,733.7,745.0,753.9,730.1
115,2022-06-06 00:00:00,765.7,750.0,771.6,750.0
116,2022-06-21 00:00:00,676.1,652.0,683.75,640.25
117,2022-06-23 00:00:00,682.5,690.35,694.85,680.0
118,2022-06-28 00:00:00,714.3,711.5,716.7,703.0
119,2022-07-29 00:00:00,778.05,762.0,787.0,762.0
120,2022-08-10 00:00:00,810.0,818.0,819.7,806.0
121,2022-09-22 00:00:00,730.75,723.8,735.0,715.7
122,2022-09-26 00:00:00,702.6,710.0,717.5,697.05
123,2022-11-15 00:00:00,762.35,785.7,785.75,755.0
124,2021-01-05 00:00:00,504.55,506.8,509.1,501.35
125,2021-01-25 00:00:00,473.55,483.0,486.55,466.0
126,2021-03-18 00:00:00,432.15,440.05,445.95,429.0
127,2021-04-27 00:00:00,498.9,507.9,517.4,495.05
128,2021-05-27 00:00:00,600.5,606.9,610.4,597.5
129,2021-06-03 00:00:00,598.05,596.7,604.75,586.1
130,2021-07-16 00:00:00,690.2,686.0,695.0,680.2
131,2021-07-19 00:00:00,703.45,686.5,711.0,681.4
132,2021-08-03 00:00:00,880.5,899.0,902.6,875.05
133,2021-08-04 00:00:00,860.8,884.0,894.0,856.0
134,2021-08-11 00:00:00,839.95,865.65,872.9,808.0
135,2021-08-20 00:00:00,773.3,784.0,795.7,765.2
136,2021-09-02 00:00:00,738.5,729.6,757.0,729.6
137,2021-01-19 00:00:00,493.65,484.05,507.6,483.05
138,2021-09-23 00:00:00,895.85,906.1,917.0,891.0
139,2021-01-29 00:00:00,459.5,472.0,472.9,458.0
140,2021-10-05 00:00:00,904.8,890.0,930.0,888.0
141,2021-02-25 00:00:00,465.45,468.7,473.1,463.25
142,2021-10-28 00:00:00,828.15,856.0,856.9,822.0
143,2021-03-09 00:00:00,456.0,463.95,463.95,454.6
144,2021-11-24 00:00:00,786.45,793.7,806.0,779.0
145,2021-03-31 00:00:00,403.45,412.4,413.2,401.0
146,2021-12-07 00:00:00,782.25,786.15,796.15,776.65
147,2021-05-14 00:00:00,590.15,562.0,597.0,562.0
148,2021-12-13 00:00:00,796.0,801.15,809.85,791.0
149,2021-06-01 00:00:00,588.55,599.0,604.95,586.55
150,2021-12-16 00:00:00,775.45,775.0,782.55,769.0
151,2021-08-05 00:00:00,913.6,865.0,923.0,843.05
152,2021-12-28 00:00:00,831.7,810.0,837.8,810.0
153,2021-09-15 00:00:00,911.35,925.9,932.7,904.9
154,2022-01-07 00:00:00,855.35,850.0,860.35,844.05
155,2021-10-21 00:00:00,867.4,868.0,877.55,855.0
156,2022-02-18 00:00:00,768.1,780.1,788.75,765.0
157,2021-11-12 00:00:00,862.6,854.9,864.9,854.9
158,2022-03-11 00:00:00,736.7,733.0,743.0,725.15
159,2022-01-17 00:00:00,836.65,859.55,860.8,830.05
160,2022-04-29 00:00:00,704.4,711.7,716.3,701.3
161,2022-01-24 00:00:00,789.4,789.95,809.2,764.0
162,2022-05-26 00:00:00,739.9,727.0,758.7,707.35
163,2022-02-01 00:00:00,798.4,792.0,806.75,792.0
164,2022-05-27 00:00:00,732.6,746.0,752.1,731.0
165,2022-02-11 00:00:00,782.45,795.0,805.0,775.0
166,2022-06-24 00:00:00,693.0,686.45,695.0,684.0
167,2022-02-24 00:00:00,660.35,706.0,710.65,650.0
168,2022-08-03 00:00:00,815.95,842.7,842.7,810.1
169,2022-03-14 00:00:00,729.0,740.0,742.95,719.6
170,2022-08-11 00:00:00,803.9,816.2,819.8,800.0
171,2022-04-18 00:00:00,784.4,769.0,830.0,750.5
172,2022-08-12 00:00:00,793.45,808.5,808.85,789.0
173,2022-05-02 00:00:00,695.05,703.95,706.65,686.9
174,2022-09-01 00:00:00,782.95,775.0,788.0,774.4
175,2022-05-05 00:00:00,703.3,709.6,734.0,700.0
176,2022-09-15 00:00:00,754.7,767.0,771.0,753.0
177,2022-05-10 00:00:00,673.75,683.5,686.95,670.0
178,2022-09-19 00:00:00,721.85,738.0,738.0,719.35
179,2022-07-18 00:00:00,727.15,728.25,728.3,722.0
180,2022-10-10 00:00:00,729.25,731.15,736.75,725.9
181,2022-08-19 00:00:00,779.35,798.0,802.9,767.45
182,2022-10-14 00:00:00,709.25,714.95,720.0,705.05
183,2022-09-23 00:00:00,717.55,734.45,742.8,714.05
184,2022-10-31 00:00:00,724.85,738.15,742.15,716.95
185,2022-10-18 00:00:00,718.35,712.35,735.0,708.05
186,2022-10-24 00:00:00,739.55,745.1,746.7,735.0
187,2022-11-02 00:00:00,739.95,733.85,741.0,729.55
188,2022-11-10 00:00:00,732.7,738.6,749.95,726.05
189,2021-01-21 00:00:00,486.65,496.0,498.25,485.0
190,2021-01-27 00:00:00,465.85,472.95,472.95,463.0
191,2021-02-08 00:00:00,461.25,469.95,470.95,460.0
192,2021-02-10 00:00:00,457.75,464.5,464.5,456.1
193,2021-02-19 00:00:00,486.95,479.7,501.2,467.05
194,2021-05-20 00:00:00,584.15,590.0,599.5,582.15
195,2021-05-21 00:00:00,589.5,580.1,596.0,580.1
196,2021-06-04 00:00:00,598.2,607.9,608.9,597.0
197,2021-06-09 00:00:00,622.8,601.85,643.0,601.05
198,2021-06-28 00:00:00,662.25,655.2,674.45,655.2
199,2021-07-05 00:00:00,686.3,694.0,722.4,681.25
200,2021-07-07 00:00:00,671.15,680.1,686.35,666.4
201,2021-07-14 00:00:00,690.25,690.25,704.5,686.0
202,2021-08-26 00:00:00,717.6,743.1,746.8,712.8
203,2021-09-13 00:00:00,956.0,938.8,1008.4,936.0
204,2021-09-22 00:00:00,899.25,880.8,932.0,874.35
205,2021-09-30 00:00:00,884.25,894.65,915.2,877.65
206,2021-10-01 00:00:00,877.1,875.55,887.1,871.5
207,2021-11-02 00:00:00,829.05,837.9,852.0,822.0
208,2021-11-23 00:00:00,784.45,824.25,824.25,774.1
209,2021-11-30 00:00:00,748.55,736.0,783.9,722.25
210,2022-01-31 00:00:00,795.15,803.35,813.9,789.0
211,2022-02-10 00:00:00,799.4,782.15,805.4,779.05
212,2022-02-25 00:00:00,680.3,676.55,685.15,670.9
213,2022-03-21 00:00:00,734.4,741.0,744.45,730.25
214,2022-03-24 00:00:00,717.15,725.0,729.4,716.0
215,2022-04-13 00:00:00,769.15,776.0,783.0,766.6
216,2022-04-25 00:00:00,772.7,789.0,789.0,769.0
217,2022-05-12 00:00:00,663.3,660.1,680.0,651.25
218,2022-06-22 00:00:00,686.9,674.9,697.8,662.45
219,2022-07-28 00:00:00,760.15,764.55,777.8,756.1
220,2022-08-01 00:00:00,834.2,784.0,846.0,784.0
221,2022-08-22 00:00:00,763.1,779.4,779.95,760.15
222,2022-08-23 00:00:00,767.85,759.6,770.75,755.0
223,2022-09-08 00:00:00,786.55,781.0,797.95,781.0
224,2021-01-12 00:00:00,485.5,490.0,492.0,484.0
225,2021-02-03 00:00:00,485.55,471.35,491.9,468.15
226,2021-02-26 00:00:00,464.55,463.0,470.7,461.4
227,2021-03-02 00:00:00,464.9,470.0,471.4,457.1
228,2021-03-05 00:00:00,459.25,460.6,464.95,458.0
229,2021-04-05 00:00:00,454.95,452.7,466.6,436.65
230,2021-04-12 00:00:00,450.55,474.05,474.05,448.0
231,2021-05-17 00:00:00,629.75,599.0,647.8,596.0
232,2021-05-25 00:00:00,612.05,625.0,636.15,606.05
233,2021-06-10 00:00:00,614.85,626.7,633.75,612.05
234,2021-06-11 00:00:00,665.55,616.8,682.0,609.2
235,2021-10-07 00:00:00,905.75,901.95,926.45,900.0
236,2021-11-15 00:00:00,860.7,869.95,889.7,851.2
237,2021-11-22 00:00:00,826.25,843.4,843.4,814.05
238,2022-01-11 00:00:00,835.5,839.55,847.35,831.05
239,2022-02-04 00:00:00,805.55,826.05,831.95,800.45
240,2022-02-09 00:00:00,782.15,796.0,801.0,775.0
241,2022-03-31 00:00:00,678.2,694.1,697.95,675.0
242,2022-05-30 00:00:00,756.95,737.35,767.1,735.65
243,2022-06-03 00:00:00,759.5,761.2,778.05,744.75
244,2022-07-01 00:00:00,708.75,704.0,714.15,704.0
245,2022-07-04 00:00:00,734.95,710.8,738.75,706.0
246,2022-07-11 00:00:00,731.3,729.95,739.4,729.55
247,2022-08-18 00:00:00,796.3,807.5,807.5,793.7
248,2022-10-07 00:00:00,734.7,740.0,744.1,730.15
249,2022-11-04 00:00:00,738.6,740.0,742.5,735.0
250,2021-01-01 00:00:00,505.1,505.0,509.9,502.0
251,2021-01-07 00:00:00,499.15,507.9,507.95,494.0
252,2021-01-08 00:00:00,499.95,500.0,509.9,497.5
253,2021-02-11 00:00:00,465.15,457.95,466.45,457.0
254,2021-02-17 00:00:00,466.0,469.95,469.95,462.5
255,2021-02-22 00:00:00,475.55,489.5,498.8,471.55
256,2021-03-08 00:00:00,460.3,465.95,465.95,460.0
257,2021-03-16 00:00:00,452.55,452.15,458.45,450.1
258,2021-03-19 00:00:00,430.85,427.0,438.0,412.4
259,2021-03-26 00:00:00,415.0,416.0,421.9,413.0
260,2021-06-15 00:00:00,678.05,685.0,694.5,675.0
261,2021-06-16 00:00:00,674.9,681.0,684.25,666.4
262,2021-07-02 00:00:00,680.35,672.9,706.5,665.0
263,2021-07-30 00:00:00,884.7,907.9,921.55,880.1
264,2021-08-30 00:00:00,732.4,720.0,741.9,719.5
265,2021-09-28 00:00:00,884.3,899.0,918.0,873.7
266,2021-09-29 00:00:00,890.15,875.55,897.5,874.05
267,2021-12-03 00:00:00,809.95,808.0,819.7,801.25
268,2021-12-29 00:00:00,868.2,833.9,879.5,833.9
269,2022-01-19 00:00:00,807.9,818.3,827.3,802.3
270,2022-03-03 00:00:00,724.55,695.0,730.0,695.0
271,2022-03-09 00:00:00,721.3,722.0,725.25,705.1
272,2022-03-28 00:00:00,681.3,704.0,709.6,680.0
273,2022-04-21 00:00:00,803.8,793.25,820.0,790.05
274,2022-07-20 00:00:00,772.2,742.0,776.75,740.3
275,2022-08-08 00:00:00,813.4,824.3,824.3,810.0
276,2022-08-24 00:00:00,775.05,771.7,779.95,769.0
277,2022-09-02 00:00:00,772.85,786.8,789.85,770.0
278,2022-10-13 00:00:00,710.2,715.0,719.8,700.05
279,2022-11-16 00:00:00,751.4,762.0,771.95,750.0
280,2021-03-22 00:00:00,428.4,426.05,437.7,426.05
281,2021-04-13 00:00:00,452.95,450.75,458.95,448.6
282,2021-04-29 00:00:00,499.75,506.2,511.55,498.0
283,2021-05-03 00:00:00,502.85,492.0,510.0,485.25
284,2021-05-05 00:00:00,523.7,515.9,529.9,515.0
285,2021-06-23 00:00:00,667.3,667.0,674.5,656.4
286,2021-07-23 00:00:00,791.95,755.0,800.0,742.7
287,2021-09-08 00:00:00,839.9,825.25,855.0,816.1
288,2021-10-11 00:00:00,873.45,874.0,892.2,868.05
289,2021-10-22 00:00:00,860.15,872.45,884.85,855.0
290,2021-11-17 00:00:00,860.4,863.0,871.5,856.0
291,2022-02-15 00:00:00,779.8,770.0,784.4,736.0
292,2022-02-22 00:00:00,733.25,737.0,752.0,724.0
293,2022-03-16 00:00:00,729.45,729.0,736.0,726.05
294,2022-04-07 00:00:00,765.4,786.1,788.55,761.35
295,2022-04-19 00:00:00,773.7,789.0,795.25,765.0
296,2022-05-18 00:00:00,742.4,723.8,749.9,722.0
297,2022-06-15 00:00:00,706.15,715.95,719.35,703.3
298,2022-07-19 00:00:00,738.3,729.6,747.55,728.0
299,2022-07-21 00:00:00,789.2,780.0,811.8,770.0
300,2022-08-02 00:00:00,842.95,837.0,856.8,820.65
301,2022-09-06 00:00:00,774.55,775.5,785.0,771.35
302,2021-01-18 00:00:00,482.95,487.55,504.0,480.0
303,2021-02-18 00:00:00,474.5,465.2,481.25,465.2
304,2021-03-25 00:00:00,413.95,427.5,431.45,411.65
305,2021-05-11 00:00:00,577.1,573.0,587.85,572.9
306,2021-07-20 00:00:00,712.55,712.0,718.0,690.45
307,2021-07-28 00:00:00,931.4,900.05,943.0,885.0
308,2021-08-24 00:00:00,743.45,706.0,749.0,706.0
309,2021-10-12 00:00:00,921.25,877.4,941.65,873.5
310,2021-10-19 00:00:00,886.45,920.9,930.0,880.0
311,2021-10-25 00:00:00,850.75,861.0,899.9,796.35
312,2021-10-29 00:00:00,821.0,828.0,837.05,807.55
313,2021-11-08 00:00:00,849.8,848.65,859.95,840.0
314,2021-11-16 00:00:00,865.25,859.95,875.0,853.85
315,2021-12-14 00:00:00,802.45,797.0,813.4,770.0
316,2021-12-27 00:00:00,813.65,809.9,818.0,790.0
317,2022-01-12 00:00:00,835.65,836.05,841.8,830.15
318,2022-01-18 00:00:00,825.85,842.0,842.0,817.3
319,2022-03-15 00:00:00,728.95,732.65,740.0,725.0
320,2022-03-29 00:00:00,688.85,685.0,700.0,679.0
321,2022-05-13 00:00:00,707.55,669.65,716.9,669.35
322,2022-06-08 00:00:00,761.8,783.15,787.1,760.1
323,2022-06-16 00:00:00,685.75,710.1,712.65,680.0
324,2022-06-17 00:00:00,663.8,685.0,688.65,658.25
325,2022-07-07 00:00:00,733.95,744.75,745.75,730.0
326,2022-07-12 00:00:00,736.2,727.2,742.0,725.25
327,2022-07-26 00:00:00,777.05,809.05,810.95,772.05
328,2022-08-05 00:00:00,820.15,823.0,842.0,805.0
329,2022-08-16 00:00:00,813.25,798.0,839.95,793.45
330,2022-09-13 00:00:00,767.95,773.6,777.0,764.8
331,2022-10-11 00:00:00,720.65,727.0,733.45,715.0
332,2022-10-28 00:00:00,734.2,746.0,749.0,731.0
333,2021-01-14 00:00:00,491.8,480.0,497.0,475.0
334,2021-01-22 00:00:00,479.05,487.05,490.5,477.05
335,2021-02-02 00:00:00,467.25,462.95,472.7,460.6
336,2021-03-10 00:00:00,461.75,458.8,463.9,455.0
337,2021-03-23 00:00:00,428.25,429.9,434.2,427.0
338,2021-05-04 00:00:00,510.9,505.85,526.75,504.15
339,2021-08-25 00:00:00,747.15,745.0,758.7,741.15
340,2021-11-25 00:00:00,766.75,787.6,799.3,752.0
341,2021-11-29 00:00:00,733.8,765.0,769.9,726.0
342,2021-12-20 00:00:00,734.95,730.0,746.35,713.8
343,2021-12-23 00:00:00,796.1,763.25,805.95,762.25
344,2022-02-02 00:00:00,825.7,799.0,830.0,799.0
345,2022-03-17 00:00:00,738.65,735.0,754.7,734.15
346,2022-06-30 00:00:00,710.4,714.15,717.95,705.0
347,2022-07-08 00:00:00,730.2,737.65,738.15,729.0
348,2022-07-15 00:00:00,723.2,736.2,736.2,714.0
349,2022-09-14 00:00:00,763.5,757.0,767.25,756.6
350,2022-10-03 00:00:00,746.95,735.0,752.8,735.0
351,2022-10-20 00:00:00,737.75,725.5,742.65,725.5
352,2022-10-21 00:00:00,740.85,739.0,745.9,732.05
353,2022-11-07 00:00:00,737.65,740.0,758.3,731.0
354,2022-11-09 00:00:00,738.65,737.65,747.0,733.95
355,2022-11-14 00:00:00,775.3,735.65,780.0,735.65
356,2021-03-01 00:00:00,466.9,468.7,470.9,465.05
357,2021-04-28 00:00:00,505.15,498.2,513.0,498.2
358,2021-05-18 00:00:00,625.25,634.9,637.75,611.15
359,2021-01-13 00:00:00,481.15,487.9,488.6,480.0
360,2021-05-24 00:00:00,620.7,596.75,625.0,595.0
361,2021-04-01 00:00:00,452.35,407.45,464.0,407.35
362,2021-06-08 00:00:00,598.1,602.0,604.0,592.25
363,2021-06-22 00:00:00,663.45,678.0,679.8,660.35
364,2021-08-09 00:00:00,914.75,899.55,934.9,892.0
365,2021-07-22 00:00:00,748.55,718.0,754.0,718.0
366,2021-08-31 00:00:00,730.4,738.95,747.0,727.0
367,2021-08-27 00:00:00,717.6,724.7,734.0,711.0
368,2021-09-16 00:00:00,892.25,915.95,920.95,882.45
369,2021-10-13 00:00:00,928.6,930.0,949.0,903.2
370,2021-11-10 00:00:00,861.65,856.6,876.35,850.0
371,2021-09-27 00:00:00,898.2,897.9,900.0,883.5
372,2021-12-10 00:00:00,793.55,792.95,804.6,790.0
373,2021-11-01 00:00:00,832.15,820.9,849.0,817.95
374,2021-12-21 00:00:00,738.75,736.35,751.35,730.75
375,2021-11-11 00:00:00,852.6,860.9,868.7,844.9
376,2022-01-03 00:00:00,872.45,860.5,884.0,858.7
377,2021-12-02 00:00:00,802.5,771.9,818.65,765.25
378,2022-01-05 00:00:00,864.1,863.1,871.0,855.0
379,2021-12-15 00:00:00,771.2,803.0,803.0,758.3
380,2022-02-03 00:00:00,829.65,833.65,846.0,811.0
381,2022-01-06 00:00:00,852.95,859.5,888.0,840.4
382,2022-02-28 00:00:00,667.2,680.0,684.1,652.3
383,2022-01-13 00:00:00,841.6,835.5,846.85,830.1
384,2022-03-08 00:00:00,717.75,712.45,721.95,689.55
385,2022-01-20 00:00:00,810.65,808.6,833.4,805.0
386,2022-04-01 00:00:00,711.7,683.4,715.95,677.65
387,2022-03-22 00:00:00,706.9,730.0,733.6,700.0
388,2022-04-06 00:00:00,782.4,770.0,788.0,755.05
389,2022-04-20 00:00:00,788.35,777.0,794.75,773.2
390,2022-04-28 00:00:00,711.0,729.55,732.0,708.0
391,2022-07-05 00:00:00,726.4,742.65,742.65,712.85
392,2022-04-27 00:00:00,721.25,751.5,753.05,718.15
393,2022-07-22 00:00:00,801.0,791.0,822.85,780.0
394,2022-05-04 00:00:00,701.2,699.35,730.9,695.1
395,2022-08-26 00:00:00,763.75,772.7,775.0,756.05
396,2022-05-23 00:00:00,745.95,780.9,786.05,742.3
397,2022-09-27 00:00:00,731.45,707.2,743.45,702.65
398,2022-06-01 00:00:00,740.35,741.5,753.75,735.0
399,2022-11-17 00:00:00,729.15,752.05,756.15,715.1
400,2022-07-13 00:00:00,731.35,736.2,742.0,730.0
401,2022-09-07 00:00:00,777.2,774.0,779.9,771.0
402,2022-09-20 00:00:00,716.45,721.25,735.45,709.25
403,2022-09-30 00:00:00,744.4,728.95,749.5,689.45
404,2022-10-06 00:00:00,740.35,746.35,755.6,738.3
405,2021-01-06 00:00:00,503.35,506.0,510.0,499.1
406,2021-01-20 00:00:00,494.7,496.0,504.0,492.0
407,2021-02-01 00:00:00,458.85,461.7,463.95,452.0
408,2021-02-05 00:00:00,466.65,480.2,484.8,464.8
409,2021-02-15 00:00:00,475.9,473.5,481.05,473.5
410,2021-02-16 00:00:00,471.1,477.95,480.7,470.05
411,2021-02-23 00:00:00,469.1,477.7,478.65,460.65
412,2021-02-24 00:00:00,466.25,469.0,474.95,461.65
413,2021-03-17 00:00:00,439.95,452.5,455.65,438.0
414,2021-04-15 00:00:00,454.4,458.0,464.9,451.9
415,2021-04-16 00:00:00,465.55,456.0,472.0,454.05
416,2021-04-22 00:00:00,521.45,507.85,531.0,503.0
417,2021-04-23 00:00:00,507.05,525.0,533.0,500.75
418,2021-06-07 00:00:00,597.2,603.0,605.0,592.1
419,2021-06-18 00:00:00,653.2,673.0,674.65,621.65
420,2021-07-01 00:00:00,670.55,670.0,674.8,661.5
421,2021-07-27 00:00:00,904.9,962.0,1034.8,886.35
422,2021-08-02 00:00:00,895.75,886.0,918.95,886.0
423,2021-08-10 00:00:00,859.45,912.5,912.5,852.0
424,2021-09-03 00:00:00,740.1,733.0,751.0,733.0
425,2021-10-27 00:00:00,854.35,867.65,876.0,850.0
426,2021-11-18 00:00:00,842.95,860.4,869.0,833.0
427,2021-12-08 00:00:00,797.95,781.2,802.1,781.2
428,2021-12-09 00:00:00,790.8,799.9,801.2,788.2
429,2021-12-24 00:00:00,807.45,796.1,838.8,795.1
430,2022-02-16 00:00:00,781.7,790.0,792.3,775.0
431,2022-02-17 00:00:00,785.45,785.55,790.0,775.1
432,2022-02-21 00:00:00,749.65,770.0,770.0,745.85
433,2022-03-02 00:00:00,695.05,660.0,703.65,660.0
434,2022-04-12 00:00:00,769.65,776.1,787.0,758.1
435,2022-05-31 00:00:00,742.15,763.55,763.55,735.0
436,2022-07-06 00:00:00,740.7,730.05,744.65,720.05
437,2022-09-12 00:00:00,769.2,769.6,775.0,764.35
438,2022-09-21 00:00:00,719.4,715.9,734.5,714.45
439,2022-10-12 00:00:00,712.55,720.1,723.0,704.6
440,2022-10-19 00:00:00,730.05,721.95,735.0,717.5
441,2021-01-04 00:00:00,507.7,506.45,515.1,506.0
442,2021-01-15 00:00:00,487.55,494.9,496.4,485.8
443,2021-03-12 00:00:00,458.8,464.8,467.8,457.0
444,2021-04-09 00:00:00,473.5,471.0,485.0,463.25
445,2021-04-30 00:00:00,493.1,495.0,504.0,491.1
446,2021-06-02 00:00:00,590.35,590.9,595.0,585.0
447,2021-06-29 00:00:00,658.5,665.1,667.75,655.4
448,2021-07-09 00:00:00,659.45,664.2,668.5,657.8
449,2021-07-26 00:00:00,944.0,815.45,950.3,810.0
450,2021-08-13 00:00:00,850.55,853.0,866.6,845.0
451,2021-09-01 00:00:00,729.6,735.5,741.45,725.85
452,2021-09-07 00:00:00,821.1,828.8,854.7,813.0
453,2021-09-14 00:00:00,925.9,960.8,965.0,912.8
454,2021-09-21 00:00:00,873.55,871.8,875.0,850.4
455,2021-10-04 00:00:00,888.05,880.5,899.0,880.5
456,2021-10-08 00:00:00,866.4,909.2,912.0,862.85
457,2021-10-26 00:00:00,865.7,855.05,887.05,855.05
458,2021-11-03 00:00:00,836.1,829.1,849.0,829.1
459,2021-11-26 00:00:00,769.1,775.0,798.4,760.2
460,2022-03-30 00:00:00,689.15,693.6,703.8,681.55
461,2022-06-09 00:00:00,770.3,762.3,777.0,757.0
462,2022-06-10 00:00:00,762.75,770.3,771.25,758.45
463,2022-06-14 00:00:00,715.95,712.5,721.4,705.0
464,2022-07-25 00:00:00,805.0,801.0,824.9,790.0
465,2022-12-06 00:00:00,761.1,765.0,769.7,755.5
466,2022-11-25 00:00:00,735.15,741.75,741.75,732.85
467,2022-12-13 00:00:00,713.75,723.0,723.45,708.1
468,2022-11-18 00:00:00,726.0,722.0,735.0,718.1
469,2022-12-07 00:00:00,739.8,761.0,761.0,730.5
470,2023-03-16 00:00:00,613.8,625.5,632.85,610.0
471,2023-05-03 00:00:00,684.95,681.8,695.0,679.0
472,2023-05-29 00:00:00,735.9,756.0,770.0,731.55
473,2023-05-30 00:00:00,743.4,744.3,750.85,736.05
474,2023-06-28 00:00:00,802.5,812.85,819.0,798.0
475,2023-08-03 00:00:00,938.6,908.75,941.7,908.1
476,2023-08-18 00:00:00,1057.1,1052.9,1069.9,1030.85
477,2023-08-23 00:00:00,1028.15,1034.75,1044.3,1027.0
478,2022-12-19 00:00:00,727.55,730.5,737.85,720.8
479,2022-12-26 00:00:00,705.0,709.95,715.0,696.65
480,2023-01-09 00:00:00,728.7,730.2,732.6,722.55
481,2023-02-07 00:00:00,705.9,695.0,707.7,692.9
482,2023-03-13 00:00:00,651.8,660.0,662.35,645.0
483,2023-05-04 00:00:00,677.95,684.95,686.95,675.35
484,2023-06-07 00:00:00,777.4,778.25,781.8,774.3
485,2023-07-05 00:00:00,789.3,785.1,798.0,783.05
486,2023-07-26 00:00:00,842.0,862.0,862.0,840.0
487,2022-11-22 00:00:00,732.7,739.6,739.6,730.05
488,2022-12-23 00:00:00,706.4,705.0,725.45,700.8
489,2023-03-22 00:00:00,604.25,617.5,620.5,601.6
490,2023-05-15 00:00:00,707.45,706.65,723.3,698.75
491,2023-06-15 00:00:00,811.15,814.0,818.2,806.8
492,2023-06-26 00:00:00,797.1,793.8,800.0,788.7
493,2023-08-16 00:00:00,1062.0,1015.6,1067.4,1011.0
494,2023-01-10 00:00:00,729.65,732.5,732.5,722.0
495,2023-01-12 00:00:00,719.15,731.25,731.25,715.15
496,2023-01-16 00:00:00,712.75,716.15,719.4,711.0
497,2023-01-31 00:00:00,692.95,686.15,698.0,682.5
498,2023-02-02 00:00:00,699.15,694.0,709.85,693.05
499,2023-02-08 00:00:00,705.4,706.0,707.85,699.5
500,2023-02-16 00:00:00,692.3,687.15,698.0,685.05
501,2023-03-06 00:00:00,666.15,667.3,678.25,660.0
502,2023-03-14 00:00:00,637.0,655.15,657.45,635.0
503,2023-03-28 00:00:00,584.15,591.8,599.0,580.0
504,2023-04-26 00:00:00,654.5,650.1,660.0,646.8
505,2023-05-31 00:00:00,747.6,747.15,751.95,741.7
506,2023-06-06 00:00:00,774.15,772.95,778.9,764.35
507,2023-07-04 00:00:00,790.1,808.85,808.95,787.0
508,2023-08-04 00:00:00,950.6,942.85,978.8,924.05
509,2022-12-12 00:00:00,723.45,730.8,739.5,721.05
510,2022-12-15 00:00:00,739.05,741.75,745.9,735.5
511,2022-12-21 00:00:00,726.8,740.7,743.85,720.1
512,2022-12-29 00:00:00,710.75,710.4,714.1,706.95
513,2023-01-06 00:00:00,726.4,733.95,742.9,721.5
514,2023-01-19 00:00:00,705.6,706.15,715.0,701.15
515,2023-02-09 00:00:00,703.25,707.85,707.85,700.55
516,2023-03-09 00:00:00,663.15,660.85,670.05,660.85
517,2023-04-03 00:00:00,609.9,599.1,615.95,596.0
518,2023-04-10 00:00:00,614.25,616.9,620.95,610.8
519,2023-04-25 00:00:00,655.6,659.0,660.4,650.25
520,2023-05-09 00:00:00,685.25,689.7,693.0,679.0
521,2023-06-12 00:00:00,811.25,802.25,814.7,791.9
522,2023-06-14 00:00:00,810.1,819.95,819.95,808.2
523,2023-07-11 00:00:00,814.55,828.0,829.9,805.55
524,2023-07-12 00:00:00,822.5,818.6,838.9,807.0
525,2023-08-08 00:00:00,995.6,896.0,1008.65,895.0
526,2023-01-05 00:00:00,737.95,749.7,749.75,732.95
527,2022-11-21 00:00:00,735.9,726.0,739.0,720.35
528,2023-01-17 00:00:00,709.5,716.35,716.5,707.05
529,2023-04-27 00:00:00,673.7,657.8,679.55,657.75
530,2023-05-05 00:00:00,677.1,680.0,682.7,673.0
531,2023-06-02 00:00:00,761.5,760.7,768.4,755.75
532,2023-07-10 00:00:00,821.95,804.45,826.9,787.0
533,2023-07-20 00:00:00,858.3,871.95,888.0,850.55
534,2023-08-21 00:00:00,1032.35,1062.0,1062.0,1026.0
535,2022-12-28 00:00:00,711.15,713.35,719.65,706.0
536,2023-02-01 00:00:00,693.05,696.15,711.9,690.05
537,2023-03-02 00:00:00,655.85,660.0,664.85,655.0
538,2023-03-10 00:00:00,659.1,663.15,663.3,656.2
539,2023-04-05 00:00:00,614.5,615.0,628.0,608.8
540,2023-04-06 00:00:00,613.65,617.7,618.35,612.0
541,2023-05-16 00:00:00,719.05,711.2,722.4,708.0
542,2023-05-19 00:00:00,700.1,705.25,708.65,691.1
543,2023-05-24 00:00:00,742.85,717.0,760.0,715.9
544,2023-07-31 00:00:00,908.45,876.0,915.05,869.8
545,2023-08-07 00:00:00,896.0,958.75,986.15,875.8
546,2022-12-01 00:00:00,755.25,759.7,761.0,746.45
547,2022-12-09 00:00:00,737.5,750.0,750.0,731.6
548,2023-01-18 00:00:00,704.05,713.05,713.05,703.45
549,2023-03-03 00:00:00,663.85,658.45,674.0,656.05
550,2023-03-08 00:00:00,659.55,664.0,680.0,657.0
551,2023-03-15 00:00:00,629.7,640.2,644.65,621.05
552,2023-03-17 00:00:00,610.6,616.0,631.95,605.0
553,2023-03-21 00:00:00,614.45,625.6,636.85,611.25
554,2023-04-20 00:00:00,669.95,687.0,689.8,665.0
555,2023-04-28 00:00:00,678.3,673.7,682.95,667.0
556,2023-05-02 00:00:00,684.75,678.7,688.5,676.05
557,2023-05-10 00:00:00,680.95,683.0,690.55,673.15
558,2023-05-11 00:00:00,685.65,682.0,696.0,682.0
559,2023-05-23 00:00:00,716.3,714.0,722.45,712.0
560,2023-06-01 00:00:00,756.75,746.8,782.2,745.25
561,2023-06-09 00:00:00,800.05,805.0,810.35,790.5
562,2023-06-22 00:00:00,786.05,801.55,812.45,783.0
563,2023-08-09 00:00:00,1007.9,998.0,1020.0,980.2
564,2023-01-23 00:00:00,685.25,699.2,703.1,682.1
565,2023-01-30 00:00:00,682.8,689.1,690.85,679.3
566,2023-02-14 00:00:00,696.55,708.05,709.95,690.0
567,2023-03-01 00:00:00,659.9,656.0,663.4,654.95
568,2023-05-25 00:00:00,737.25,742.0,760.0,733.0
569,2023-07-06 00:00:00,795.4,793.5,801.0,790.0
570,2023-07-13 00:00:00,806.2,826.95,827.8,801.0
571,2023-08-10 00:00:00,1063.1,1011.0,1077.45,1010.0
572,2023-08-11 00:00:00,1032.45,1066.0,1067.9,1020.1
573,2023-05-08 00:00:00,685.65,677.1,691.0,674.1
574,2023-05-12 00:00:00,706.7,689.1,710.0,676.25
575,2023-06-05 00:00:00,763.3,761.5,769.9,759.05
576,2023-06-30 00:00:00,806.55,804.85,815.05,800.0
577,2023-07-14 00:00:00,820.7,810.4,822.5,807.45
578,2023-08-14 00:00:00,1015.05,1034.7,1042.05,1001.0
579,2022-11-29 00:00:00,754.25,762.05,763.4,750.0
580,2023-01-13 00:00:00,712.6,718.0,720.95,710.1
581,2023-01-20 00:00:00,696.9,706.0,715.05,691.25
582,2023-02-10 00:00:00,712.7,700.5,717.0,700.5
583,2023-02-13 00:00:00,704.5,723.4,726.95,687.05
584,2023-03-24 00:00:00,597.6,604.2,606.7,591.1
585,2023-03-29 00:00:00,592.5,588.2,600.0,575.0
586,2023-04-12 00:00:00,633.7,635.0,644.0,631.2
587,2023-06-19 00:00:00,814.3,820.0,831.55,810.0
588,2023-07-18 00:00:00,859.35,881.7,886.35,851.7
589,2023-07-21 00:00:00,852.8,850.0,862.8,850.0
590,2022-11-28 00:00:00,758.25,737.95,765.5,735.25
591,2022-12-16 00:00:00,726.85,736.3,742.9,723.85
592,2022-12-20 00:00:00,736.15,727.55,740.15,724.15
593,2022-12-22 00:00:00,708.85,726.8,730.6,700.6
594,2023-01-25 00:00:00,687.05,688.05,695.0,684.0
595,2023-03-23 00:00:00,601.8,609.0,609.0,600.0
596,2023-03-27 00:00:00,591.8,597.5,604.95,590.0
597,2023-04-19 00:00:00,676.5,621.0,688.0,621.0
598,2023-05-18 00:00:00,705.3,712.8,719.0,703.1
599,2023-07-19 00:00:00,868.55,860.0,876.45,860.0
600,2023-07-25 00:00:00,857.9,855.0,867.95,855.0
601,2023-07-28 00:00:00,875.4,858.75,888.0,850.0
602,2023-08-01 00:00:00,907.45,914.0,918.0,897.0
603,2023-08-17 00:00:00,1049.25,1066.3,1068.0,1037.55
604,2022-12-05 00:00:00,765.6,765.35,777.8,759.0
605,2022-11-23 00:00:00,734.25,733.0,736.4,731.05
606,2022-12-08 00:00:00,746.75,745.65,750.95,740.05
607,2022-12-14 00:00:00,738.05,717.6,740.7,706.05
608,2023-01-11 00:00:00,727.65,733.5,733.8,726.0
609,2023-02-03 00:00:00,693.4,693.0,701.7,684.0
610,2023-02-06 00:00:00,695.15,692.8,716.25,692.05
611,2023-02-15 00:00:00,683.75,686.1,699.0,680.55
612,2023-02-24 00:00:00,668.5,668.05,674.8,665.0
613,2023-03-31 00:00:00,595.95,596.4,603.8,583.55
614,2023-04-13 00:00:00,628.45,636.8,636.8,625.0
615,2023-06-16 00:00:00,812.25,809.0,818.55,809.0
616,2023-07-27 00:00:00,854.45,843.95,862.0,842.3
617,2023-08-02 00:00:00,912.7,900.0,924.0,899.2
618,2023-01-04 00:00:00,745.75,728.2,755.75,724.55
619,2023-01-02 00:00:00,723.7,717.1,727.9,712.5
620,2023-01-03 00:00:00,724.55,725.1,727.3,722.7
621,2023-02-27 00:00:00,663.3,663.1,679.0,657.85
622,2023-03-20 00:00:00,631.5,639.95,662.0,611.0
623,2023-04-17 00:00:00,620.25,628.0,631.3,618.0
624,2023-04-24 00:00:00,656.05,668.05,668.05,647.9
625,2023-06-23 00:00:00,787.0,785.0,799.45,781.85
626,2023-07-07 00:00:00,786.25,799.6,801.95,785.0
627,2023-08-22 00:00:00,1029.35,1034.2,1050.0,1025.25
628,2023-01-24 00:00:00,693.1,684.1,695.4,684.1
629,2023-01-27 00:00:00,685.5,685.0,696.25,671.0
630,2023-02-17 00:00:00,686.9,691.55,692.35,685.0
631,2023-02-20 00:00:00,681.7,686.2,689.05,680.55
632,2023-02-23 00:00:00,666.15,670.75,674.0,665.0
633,2023-05-17 00:00:00,709.25,714.15,722.65,705.3
634,2023-06-08 00:00:00,809.0,783.5,833.0,777.4
635,2023-06-13 00:00:00,817.35,815.0,827.0,811.0
636,2023-06-20 00:00:00,806.35,814.3,817.5,801.35
637,2023-07-03 00:00:00,808.85,810.8,813.6,805.55
638,2023-07-17 00:00:00,877.35,828.0,887.0,821.4
639,2022-11-24 00:00:00,738.05,734.0,743.0,733.25
640,2022-11-30 00:00:00,755.45,756.95,759.0,747.55
641,2022-12-02 00:00:00,761.05,759.2,766.35,749.1
642,2022-12-27 00:00:00,713.3,705.0,720.45,701.2
643,2022-12-30 00:00:00,713.3,710.75,714.95,710.5
644,2023-02-21 00:00:00,673.2,681.0,682.6,672.0
645,2023-02-22 00:00:00,670.75,674.95,688.0,669.0
646,2023-02-28 00:00:00,653.25,657.3,664.95,650.95
647,2023-04-11 00:00:00,635.3,617.5,652.95,612.95
648,2023-04-18 00:00:00,620.3,623.5,624.5,612.9
649,2023-04-21 00:00:00,669.65,672.5,675.35,665.6
650,2023-05-22 00:00:00,711.05,703.8,713.0,699.85
651,2023-05-26 00:00:00,736.35,742.45,743.2,730.0
652,2023-06-21 00:00:00,801.55,809.0,813.85,796.6
653,2023-06-27 00:00:00,809.45,799.9,812.0,797.1
654,2023-07-24 00:00:00,853.5,854.0,862.95,850.55
