,time,close,open,high,low
0,2021-01-21 00:00:00,25.1,25.15,26.0,24.1
1,2021-01-22 00:00:00,24.3,25.5,25.5,24.05
2,2021-02-05 00:00:00,23.75,24.0,25.15,23.25
3,2021-02-11 00:00:00,24.0,24.2,24.5,23.8
4,2021-03-23 00:00:00,23.2,23.7,23.7,22.85
5,2021-04-12 00:00:00,23.0,25.05,25.05,22.65
6,2021-04-13 00:00:00,23.2,23.5,24.0,23.0
7,2021-04-30 00:00:00,25.1,25.0,25.85,24.5
8,2021-06-25 00:00:00,38.8,37.9,40.5,37.9
9,2021-06-29 00:00:00,38.55,39.2,39.5,38.2
10,2021-07-09 00:00:00,38.65,38.3,39.8,38.25
11,2021-07-14 00:00:00,37.9,37.3,38.2,37.3
12,2021-07-15 00:00:00,37.7,38.0,38.3,37.45
13,2021-07-29 00:00:00,35.95,37.3,37.45,35.5
14,2021-07-30 00:00:00,37.4,36.1,37.85,36.1
15,2021-08-13 00:00:00,36.35,37.4,37.8,36.2
16,2021-09-06 00:00:00,35.65,35.45,36.5,35.05
17,2021-09-17 00:00:00,34.95,36.15,36.25,34.85
18,2021-09-28 00:00:00,39.85,39.95,41.8,39.15
19,2021-10-28 00:00:00,37.4,38.1,38.65,37.05
20,2021-11-02 00:00:00,37.85,37.95,38.85,37.5
21,2021-12-13 00:00:00,40.9,40.6,41.7,40.6
22,2021-12-20 00:00:00,35.8,37.0,37.65,35.2
23,2022-01-21 00:00:00,57.15,59.85,60.25,56.5
24,2022-02-14 00:00:00,52.15,53.05,54.45,51.5
25,2022-03-28 00:00:00,64.15,62.55,65.75,62.15
26,2022-07-05 00:00:00,55.75,56.7,57.45,55.3
27,2022-08-19 00:00:00,66.75,68.9,69.5,66.35
28,2022-11-15 00:00:00,82.05,83.45,85.4,81.0
29,2022-11-17 00:00:00,80.75,81.5,81.75,80.0
30,2022-12-06 00:00:00,80.9,82.2,82.2,80.0
31,2023-01-23 00:00:00,70.45,69.9,73.7,69.25
32,2023-03-10 00:00:00,79.6,79.0,80.5,78.25
33,2023-04-03 00:00:00,79.65,79.4,81.8,78.85
34,2023-04-20 00:00:00,84.35,86.0,89.35,83.6
35,2023-06-19 00:00:00,93.4,91.95,94.4,90.8
36,2023-06-28 00:00:00,90.0,89.75,92.3,89.3
37,2023-07-26 00:00:00,90.0,87.5,90.7,86.5
38,2021-01-18 00:00:00,24.85,25.6,26.0,24.55
39,2021-01-20 00:00:00,24.85,25.1,25.25,24.65
40,2021-01-25 00:00:00,23.85,24.7,25.85,23.1
41,2021-02-02 00:00:00,23.35,23.5,24.8,23.1
42,2021-02-03 00:00:00,23.5,23.3,24.0,23.2
43,2021-03-18 00:00:00,23.15,23.55,24.1,23.0
44,2021-03-31 00:00:00,22.8,21.8,23.3,21.75
45,2021-04-05 00:00:00,22.0,22.1,23.35,21.9
46,2021-04-23 00:00:00,22.8,22.2,23.0,22.0
47,2021-05-20 00:00:00,29.15,29.75,30.45,28.5
48,2021-06-16 00:00:00,38.7,39.8,39.8,38.5
49,2021-07-27 00:00:00,36.2,36.75,37.8,36.0
50,2021-08-06 00:00:00,37.1,36.55,38.85,36.55
51,2021-09-13 00:00:00,36.25,36.65,36.8,35.95
52,2021-10-11 00:00:00,39.85,40.0,41.3,39.5
53,2021-10-13 00:00:00,39.4,40.25,40.3,39.0
54,2021-10-27 00:00:00,38.65,38.8,39.45,38.5
55,2021-11-03 00:00:00,37.5,38.15,38.45,37.3
56,2021-11-25 00:00:00,38.15,39.0,39.4,37.65
57,2021-11-29 00:00:00,34.4,35.3,35.4,33.15
58,2021-12-06 00:00:00,38.05,39.35,39.35,37.45
59,2022-01-06 00:00:00,47.3,42.65,49.5,42.65
60,2022-01-19 00:00:00,59.1,55.7,61.0,53.3
61,2022-02-02 00:00:00,58.85,61.05,61.1,58.05
62,2022-03-14 00:00:00,63.45,56.5,64.0,54.75
63,2022-03-15 00:00:00,58.95,64.15,64.5,58.05
64,2022-04-01 00:00:00,64.5,63.5,67.25,63.25
65,2022-04-05 00:00:00,67.05,66.4,67.9,65.55
66,2022-04-08 00:00:00,67.1,66.1,67.7,66.1
67,2022-05-05 00:00:00,64.65,63.8,65.2,63.5
68,2022-05-18 00:00:00,57.3,57.65,59.2,56.1
69,2022-06-16 00:00:00,54.05,54.3,55.0,53.75
70,2022-07-01 00:00:00,54.85,55.05,55.7,54.5
71,2022-07-08 00:00:00,57.45,57.6,58.0,56.5
72,2022-08-01 00:00:00,63.4,62.3,63.9,62.0
73,2022-08-26 00:00:00,67.25,68.0,68.05,66.5
74,2022-08-29 00:00:00,65.65,65.4,66.9,65.4
75,2022-10-25 00:00:00,72.65,73.15,73.9,72.25
76,2022-10-31 00:00:00,71.0,73.0,73.0,70.5
77,2022-11-10 00:00:00,80.55,86.5,87.6,78.2
78,2022-11-11 00:00:00,82.75,84.25,84.25,80.5
79,2022-11-23 00:00:00,79.7,79.5,81.05,78.6
80,2022-12-20 00:00:00,79.3,80.0,81.0,79.0
81,2023-01-20 00:00:00,69.55,69.0,70.9,69.0
82,2023-02-06 00:00:00,69.2,69.3,69.7,67.95
83,2023-02-16 00:00:00,78.4,69.25,79.45,69.25
84,2023-02-22 00:00:00,78.65,79.65,79.8,78.1
85,2023-03-06 00:00:00,78.5,80.85,80.85,78.0
86,2023-03-14 00:00:00,77.9,78.6,79.4,75.05
87,2023-03-27 00:00:00,79.75,78.7,80.45,77.25
88,2023-03-29 00:00:00,79.25,78.25,80.0,77.55
89,2023-05-18 00:00:00,91.85,92.5,93.95,91.1
90,2023-05-19 00:00:00,91.75,92.15,92.9,90.6
91,2023-07-18 00:00:00,86.9,87.0,87.8,86.0
92,2023-07-21 00:00:00,89.5,87.0,91.45,86.0
93,2023-08-07 00:00:00,85.45,87.6,87.75,85.05
94,2023-08-10 00:00:00,84.8,84.05,86.25,83.7
95,2021-01-01 00:00:00,25.35,25.65,25.65,24.15
96,2021-01-06 00:00:00,26.0,25.2,26.3,25.1
97,2021-03-04 00:00:00,25.95,25.25,26.8,24.15
98,2021-03-10 00:00:00,24.8,25.1,25.4,24.7
99,2021-04-09 00:00:00,25.2,25.0,26.1,24.3
100,2021-04-16 00:00:00,22.6,23.0,23.0,22.4
101,2021-05-31 00:00:00,39.4,38.5,40.0,38.0
102,2021-07-08 00:00:00,38.75,39.65,40.5,37.9
103,2021-08-16 00:00:00,35.95,36.35,37.0,35.5
104,2021-09-24 00:00:00,36.65,38.45,38.7,36.4
105,2021-10-29 00:00:00,36.85,37.25,37.8,36.3
106,2021-11-01 00:00:00,37.4,37.4,37.7,36.85
107,2021-12-01 00:00:00,34.9,35.3,35.3,34.3
108,2021-12-10 00:00:00,40.5,40.85,41.35,40.05
109,2021-12-24 00:00:00,37.65,38.45,38.45,36.75
110,2022-01-13 00:00:00,53.55,50.0,55.5,50.0
111,2022-02-24 00:00:00,46.75,49.2,50.35,46.2
112,2022-02-28 00:00:00,47.35,48.4,48.4,46.0
113,2022-03-07 00:00:00,56.15,52.5,58.1,50.45
114,2022-03-10 00:00:00,55.75,56.5,58.5,55.25
115,2022-06-09 00:00:00,55.2,56.25,57.95,54.75
116,2022-06-10 00:00:00,54.7,54.85,55.95,54.15
117,2022-07-04 00:00:00,55.8,55.9,56.75,54.6
118,2022-08-02 00:00:00,66.05,63.5,68.45,63.5
119,2022-11-02 00:00:00,80.75,77.0,81.4,76.2
120,2022-12-30 00:00:00,73.15,73.0,74.45,72.75
121,2023-01-17 00:00:00,69.6,70.6,70.9,69.2
122,2023-02-10 00:00:00,70.85,70.75,71.05,70.05
123,2023-02-14 00:00:00,69.0,70.3,70.8,68.55
124,2023-02-24 00:00:00,78.45,78.7,80.4,77.7
125,2023-02-27 00:00:00,79.0,77.65,79.95,77.5
126,2023-03-24 00:00:00,78.1,79.35,80.7,77.8
127,2023-06-05 00:00:00,87.95,90.5,90.7,87.6
128,2023-08-01 00:00:00,88.8,89.95,90.0,88.6
129,2021-01-14 00:00:00,25.45,25.55,26.1,25.3
130,2021-01-28 00:00:00,23.2,23.2,24.4,22.5
131,2021-01-29 00:00:00,23.3,23.7,23.8,23.0
132,2021-02-09 00:00:00,24.0,23.85,24.7,23.2
133,2021-02-23 00:00:00,23.05,23.4,23.4,22.65
134,2021-03-22 00:00:00,23.3,24.5,24.5,21.95
135,2021-05-06 00:00:00,24.4,25.4,25.4,24.05
136,2021-05-11 00:00:00,25.45,25.1,25.7,24.75
137,2021-10-07 00:00:00,38.3,38.45,39.8,38.0
138,2021-10-26 00:00:00,38.55,38.55,39.3,38.3
139,2021-11-24 00:00:00,38.95,39.05,39.65,38.1
140,2022-01-27 00:00:00,55.4,51.0,56.9,50.95
141,2022-02-16 00:00:00,52.85,52.2,56.05,52.2
142,2022-02-25 00:00:00,48.95,49.9,50.8,47.75
143,2022-03-03 00:00:00,54.4,48.0,54.95,47.6
144,2022-03-16 00:00:00,60.45,60.2,61.95,60.0
145,2022-03-24 00:00:00,59.7,60.0,61.15,59.4
146,2022-04-06 00:00:00,67.8,67.25,69.95,67.05
147,2022-04-12 00:00:00,65.8,65.0,66.5,64.2
148,2022-04-22 00:00:00,65.75,65.8,68.0,65.1
149,2022-05-27 00:00:00,52.3,52.05,54.35,51.6
150,2022-06-06 00:00:00,57.8,57.55,58.25,56.3
151,2022-07-14 00:00:00,61.15,59.8,62.75,59.5
152,2022-08-25 00:00:00,67.75,66.85,70.5,66.05
153,2022-09-26 00:00:00,72.3,72.8,73.4,70.05
154,2022-10-21 00:00:00,71.85,73.8,74.15,71.35
155,2022-11-22 00:00:00,79.1,80.35,80.4,78.6
156,2022-12-13 00:00:00,80.6,82.75,82.75,80.4
157,2022-12-29 00:00:00,72.7,72.2,73.15,70.65
158,2023-01-18 00:00:00,70.0,69.95,70.35,68.8
159,2023-02-21 00:00:00,80.05,79.95,82.0,79.1
160,2023-03-15 00:00:00,78.35,78.1,79.7,77.9
161,2023-03-22 00:00:00,78.15,78.95,78.95,78.1
162,2023-04-10 00:00:00,82.25,80.0,85.5,79.15
163,2023-05-22 00:00:00,91.05,91.3,92.65,90.5
164,2023-05-30 00:00:00,89.2,90.3,90.75,89.0
165,2023-07-24 00:00:00,87.9,89.9,91.45,87.65
166,2023-07-25 00:00:00,87.2,88.2,88.75,86.45
167,2023-08-03 00:00:00,86.1,87.2,88.25,85.8
168,2023-08-17 00:00:00,83.1,81.9,84.0,81.75
169,2021-01-19 00:00:00,24.6,25.35,25.35,24.4
170,2021-02-12 00:00:00,23.6,24.0,24.35,23.05
171,2021-02-19 00:00:00,23.4,23.35,24.0,23.0
172,2021-04-22 00:00:00,22.3,22.8,22.8,21.9
173,2021-05-03 00:00:00,24.6,24.65,25.35,24.5
174,2021-06-08 00:00:00,41.1,42.5,42.8,41.0
175,2021-07-05 00:00:00,38.55,38.3,38.75,38.1
176,2021-07-13 00:00:00,37.9,38.8,38.8,37.6
177,2021-08-03 00:00:00,37.7,39.15,39.15,37.5
178,2021-08-24 00:00:00,35.1,34.55,35.35,34.25
179,2021-09-03 00:00:00,35.1,35.45,35.7,34.65
180,2021-10-25 00:00:00,38.05,39.4,39.95,37.8
181,2021-11-22 00:00:00,36.75,38.65,38.65,36.5
182,2021-11-26 00:00:00,35.95,37.2,37.9,35.7
183,2022-01-28 00:00:00,55.05,55.9,56.65,54.1
184,2022-02-10 00:00:00,56.3,55.8,56.9,54.75
185,2022-03-17 00:00:00,60.7,61.0,63.1,60.0
186,2022-03-21 00:00:00,58.45,61.5,61.55,57.6
187,2022-05-11 00:00:00,60.7,61.85,62.9,59.5
188,2022-05-13 00:00:00,55.75,56.6,58.95,53.95
189,2022-06-07 00:00:00,57.55,57.8,58.0,56.7
190,2022-06-20 00:00:00,53.65,54.45,61.0,53.4
191,2022-07-20 00:00:00,64.2,59.5,64.45,59.05
192,2022-09-06 00:00:00,66.2,67.05,67.6,65.9
193,2022-11-30 00:00:00,86.95,82.15,88.2,82.05
194,2022-12-12 00:00:00,81.7,80.4,82.1,80.1
195,2023-01-16 00:00:00,70.25,70.85,71.45,69.25
196,2023-02-03 00:00:00,67.4,68.9,69.35,67.1
197,2023-02-09 00:00:00,70.3,71.05,71.05,69.6
198,2023-03-08 00:00:00,78.3,78.05,78.95,77.05
199,2023-04-17 00:00:00,86.5,83.1,87.45,82.8
200,2023-05-12 00:00:00,90.5,97.05,97.1,87.55
201,2023-06-15 00:00:00,91.1,91.5,91.8,90.55
202,2023-06-22 00:00:00,91.05,92.6,92.6,89.6
203,2023-06-30 00:00:00,88.65,90.75,91.65,88.4
204,2023-07-03 00:00:00,89.35,88.95,90.35,88.5
205,2023-07-07 00:00:00,87.95,88.25,88.7,87.05
206,2023-07-11 00:00:00,87.8,88.5,89.7,87.05
207,2023-07-31 00:00:00,89.5,89.1,90.55,88.6
208,2021-01-15 00:00:00,25.1,25.9,25.9,25.0
209,2021-02-15 00:00:00,23.7,23.95,24.0,23.6
210,2021-02-18 00:00:00,23.55,23.5,23.6,23.35
211,2021-02-24 00:00:00,23.1,23.55,23.75,22.7
212,2021-03-15 00:00:00,24.15,25.2,25.2,23.5
213,2021-03-16 00:00:00,24.1,24.0,25.4,23.75
214,2021-03-24 00:00:00,23.05,23.5,23.75,22.6
215,2021-03-26 00:00:00,22.2,22.85,23.1,22.0
216,2021-04-29 00:00:00,24.85,25.5,26.3,24.55
217,2021-05-04 00:00:00,24.9,25.1,26.95,24.4
218,2021-05-19 00:00:00,28.95,27.35,29.55,26.85
219,2021-06-07 00:00:00,41.85,42.4,42.6,40.5
220,2021-06-10 00:00:00,40.05,39.8,40.8,39.7
221,2021-07-07 00:00:00,38.9,38.8,39.95,38.1
222,2021-08-11 00:00:00,35.3,35.45,36.7,34.2
223,2021-09-21 00:00:00,36.65,34.95,37.15,34.6
224,2021-09-22 00:00:00,37.75,37.8,39.1,36.55
225,2021-10-01 00:00:00,38.55,38.45,39.5,38.05
226,2021-10-12 00:00:00,39.75,40.0,40.95,39.5
227,2021-10-22 00:00:00,39.2,40.7,41.35,38.75
228,2021-11-16 00:00:00,39.55,41.25,41.25,39.35
229,2021-12-23 00:00:00,38.1,39.5,39.95,38.0
230,2022-02-11 00:00:00,54.75,56.0,56.5,54.5
231,2022-03-22 00:00:00,59.25,58.65,60.8,57.7
232,2022-05-26 00:00:00,53.0,53.8,54.95,50.6
233,2022-06-24 00:00:00,55.35,53.6,56.65,53.6
234,2022-07-11 00:00:00,58.05,57.95,59.0,56.7
235,2022-07-13 00:00:00,59.25,60.8,60.8,58.8
236,2022-07-19 00:00:00,59.1,60.6,61.5,58.35
237,2022-08-11 00:00:00,69.9,71.2,72.4,69.25
238,2022-08-23 00:00:00,66.7,66.95,67.4,66.0
239,2022-09-09 00:00:00,66.2,67.35,67.4,65.3
240,2022-09-13 00:00:00,69.25,68.6,69.9,67.7
241,2022-09-20 00:00:00,74.15,77.6,78.2,73.5
242,2022-09-27 00:00:00,72.9,72.5,73.75,70.05
243,2022-10-17 00:00:00,77.25,76.0,79.45,75.65
244,2022-11-07 00:00:00,81.65,83.5,84.5,80.5
245,2022-11-09 00:00:00,85.65,82.8,86.45,81.5
246,2022-11-18 00:00:00,80.7,81.0,81.6,79.5
247,2022-11-25 00:00:00,82.5,78.0,84.65,77.15
248,2023-01-11 00:00:00,69.75,70.2,70.9,69.4
249,2023-02-01 00:00:00,69.35,69.95,72.5,67.8
250,2023-02-08 00:00:00,70.85,70.0,71.35,69.4
251,2023-04-13 00:00:00,83.4,83.95,85.1,82.2
252,2023-05-02 00:00:00,91.5,90.85,93.9,90.55
253,2023-06-06 00:00:00,87.75,88.45,88.45,87.0
254,2023-06-09 00:00:00,86.75,86.6,87.3,86.15
255,2023-07-13 00:00:00,87.2,89.0,89.25,86.8
256,2023-07-27 00:00:00,94.2,92.2,95.2,91.05
257,2023-08-23 00:00:00,82.65,83.1,83.8,82.5
258,2021-01-13 00:00:00,25.45,25.1,26.55,25.05
259,2021-02-25 00:00:00,23.35,23.6,23.6,23.0
260,2021-02-26 00:00:00,23.6,22.7,23.65,22.7
261,2021-03-12 00:00:00,24.55,25.3,25.3,24.1
262,2021-03-19 00:00:00,23.15,23.25,23.45,22.0
263,2021-04-06 00:00:00,22.3,22.85,22.85,22.05
264,2021-05-10 00:00:00,24.75,24.45,25.5,24.4
265,2021-05-17 00:00:00,24.9,24.95,25.3,24.3
266,2021-05-28 00:00:00,37.95,38.55,39.65,37.55
267,2021-06-14 00:00:00,39.05,39.65,39.65,38.0
268,2021-06-15 00:00:00,39.25,39.8,39.85,39.0
269,2021-07-02 00:00:00,38.1,38.9,38.9,37.5
270,2021-08-04 00:00:00,37.15,38.3,39.25,37.0
271,2021-08-12 00:00:00,36.95,35.7,38.3,35.7
272,2021-09-15 00:00:00,36.1,35.6,37.3,35.6
273,2021-09-30 00:00:00,38.5,39.1,39.7,38.35
274,2021-11-04 00:00:00,38.3,37.6,38.5,37.6
275,2021-11-18 00:00:00,38.25,39.0,39.75,38.0
276,2021-12-27 00:00:00,37.85,37.9,38.9,36.8
277,2022-02-23 00:00:00,52.2,50.25,52.55,50.25
278,2022-03-08 00:00:00,55.3,57.0,57.0,53.0
279,2022-03-11 00:00:00,56.25,55.8,57.5,55.15
280,2022-03-23 00:00:00,60.2,59.95,62.0,59.7
281,2022-04-18 00:00:00,62.95,66.0,66.0,62.5
282,2022-05-09 00:00:00,62.45,63.05,63.35,61.55
283,2022-07-22 00:00:00,65.0,63.25,66.5,62.3
284,2022-07-27 00:00:00,64.45,64.5,66.7,64.0
285,2022-07-28 00:00:00,64.65,64.85,65.25,64.15
286,2022-08-04 00:00:00,67.25,66.6,70.0,66.6
287,2022-08-12 00:00:00,69.9,70.35,71.5,69.25
288,2022-08-16 00:00:00,71.4,70.0,73.8,69.5
289,2022-09-22 00:00:00,75.45,73.5,76.2,73.35
290,2022-10-04 00:00:00,81.3,81.0,83.8,78.25
291,2022-11-21 00:00:00,79.4,81.0,81.8,78.5
292,2022-12-07 00:00:00,81.65,81.75,82.0,80.5
293,2023-01-06 00:00:00,70.5,71.4,71.9,70.1
294,2023-01-12 00:00:00,70.5,70.4,71.75,68.4
295,2023-01-13 00:00:00,70.85,70.0,71.3,69.9
296,2023-01-24 00:00:00,68.95,70.85,72.2,68.1
297,2023-01-27 00:00:00,67.45,68.65,68.95,67.0
298,2023-04-19 00:00:00,85.95,86.75,87.0,85.35
299,2023-04-21 00:00:00,84.85,84.75,86.5,83.7
300,2023-04-24 00:00:00,83.1,84.95,85.45,82.25
301,2023-06-14 00:00:00,91.15,93.25,93.25,90.9
302,2023-06-21 00:00:00,91.95,92.2,92.65,91.5
303,2023-07-04 00:00:00,88.6,89.9,89.9,87.9
304,2023-07-05 00:00:00,88.1,88.6,89.2,88.0
305,2023-08-18 00:00:00,83.7,83.1,84.8,83.0
306,2021-01-05 00:00:00,25.85,26.3,26.3,21.65
307,2021-02-17 00:00:00,23.55,24.0,24.2,23.35
308,2021-03-17 00:00:00,23.75,23.8,24.25,23.5
309,2021-05-05 00:00:00,24.75,25.65,25.7,24.2
310,2021-06-03 00:00:00,39.45,39.95,39.95,38.5
311,2021-06-23 00:00:00,38.65,39.9,39.9,38.5
312,2021-07-28 00:00:00,36.8,36.5,37.3,36.2
313,2021-09-16 00:00:00,35.7,36.2,36.45,35.5
314,2021-09-27 00:00:00,39.8,37.35,41.4,36.1
315,2021-10-04 00:00:00,39.0,38.95,40.0,38.6
316,2021-11-09 00:00:00,38.75,38.7,39.4,38.5
317,2021-11-12 00:00:00,41.2,42.95,43.9,41.0
318,2021-12-15 00:00:00,40.35,40.8,41.2,40.0
319,2021-12-29 00:00:00,37.6,38.2,38.6,36.2
320,2022-02-07 00:00:00,57.2,59.15,59.15,57.0
321,2022-03-09 00:00:00,55.5,55.9,57.2,55.2
322,2022-03-25 00:00:00,61.95,59.8,64.4,59.5
323,2022-03-30 00:00:00,63.7,66.0,66.0,63.35
324,2022-04-13 00:00:00,66.55,66.0,69.1,65.6
325,2022-04-25 00:00:00,65.05,65.75,66.35,64.55
326,2022-07-06 00:00:00,55.7,56.8,57.3,55.2
327,2022-07-18 00:00:00,60.6,62.0,62.05,59.8
328,2022-08-08 00:00:00,72.5,74.6,76.2,72.05
329,2022-08-30 00:00:00,65.35,66.05,66.75,65.1
330,2022-09-14 00:00:00,73.65,68.3,75.45,68.3
331,2022-10-13 00:00:00,76.5,77.0,77.8,75.1
332,2022-10-20 00:00:00,73.2,73.4,74.25,72.6
333,2022-11-16 00:00:00,80.5,82.9,83.15,80.0
334,2022-12-26 00:00:00,68.6,65.0,68.9,63.05
335,2022-12-27 00:00:00,71.2,69.45,72.5,67.4
336,2023-01-03 00:00:00,73.7,71.65,75.15,71.65
337,2023-01-04 00:00:00,71.5,73.45,73.6,71.0
338,2023-01-10 00:00:00,70.0,71.9,71.9,69.2
339,2023-01-25 00:00:00,68.7,70.45,70.45,67.0
340,2023-04-18 00:00:00,86.2,86.15,87.2,85.1
341,2023-05-05 00:00:00,94.2,94.65,96.05,92.65
342,2023-06-02 00:00:00,89.7,90.35,91.1,89.5
343,2023-06-08 00:00:00,86.2,88.35,88.35,85.5
344,2023-07-06 00:00:00,88.25,88.7,88.8,88.0
345,2023-08-09 00:00:00,83.9,84.2,86.05,82.95
346,2023-08-21 00:00:00,82.6,84.4,84.75,82.1
347,2021-03-09 00:00:00,25.0,25.5,25.5,24.1
348,2021-04-07 00:00:00,22.5,22.7,23.1,22.0
349,2021-01-04 00:00:00,26.2,25.9,28.0,25.5
350,2021-04-26 00:00:00,24.35,22.6,24.85,22.3
351,2021-01-11 00:00:00,25.4,26.15,26.45,24.25
352,2021-05-21 00:00:00,30.2,29.15,30.7,29.1
353,2021-04-19 00:00:00,22.25,22.6,22.8,21.65
354,2021-05-24 00:00:00,36.2,33.8,36.2,33.1
355,2021-06-18 00:00:00,38.5,39.45,39.45,37.45
356,2021-05-25 00:00:00,39.8,39.0,39.8,38.1
357,2021-06-24 00:00:00,38.65,38.7,39.0,37.9
358,2021-06-02 00:00:00,38.9,38.9,39.25,38.2
359,2021-08-02 00:00:00,38.45,37.8,39.4,37.45
360,2021-07-16 00:00:00,37.5,37.05,38.2,37.05
361,2021-08-23 00:00:00,35.0,35.5,36.45,34.45
362,2021-09-09 00:00:00,36.25,35.7,37.7,35.45
363,2021-07-26 00:00:00,36.35,36.75,36.75,35.4
364,2021-08-18 00:00:00,36.3,35.2,38.0,34.5
365,2021-11-08 00:00:00,38.4,38.85,39.3,38.05
366,2021-08-20 00:00:00,35.4,35.55,36.0,35.1
367,2021-12-22 00:00:00,39.1,37.8,39.85,37.0
368,2021-08-30 00:00:00,34.8,35.05,35.5,34.4
369,2021-12-28 00:00:00,38.4,38.1,38.65,37.85
370,2021-08-31 00:00:00,34.6,35.15,35.4,34.55
371,2022-01-18 00:00:00,55.6,61.25,61.6,54.1
372,2022-01-24 00:00:00,52.3,57.75,57.75,50.25
373,2021-09-23 00:00:00,38.2,37.45,39.3,37.45
374,2021-10-06 00:00:00,37.85,38.2,39.15,37.7
375,2022-02-17 00:00:00,52.25,53.65,55.0,51.25
376,2021-10-20 00:00:00,41.6,42.85,43.8,41.1
377,2022-02-22 00:00:00,49.4,48.25,51.2,48.25
378,2021-11-11 00:00:00,42.2,38.2,43.5,37.7
379,2022-04-26 00:00:00,64.7,66.0,67.65,64.5
380,2021-12-09 00:00:00,40.85,40.9,41.65,40.55
381,2022-05-19 00:00:00,55.85,55.15,57.1,55.15
382,2021-12-30 00:00:00,38.45,37.6,38.95,37.0
383,2022-06-03 00:00:00,57.65,59.9,59.9,57.2
384,2022-01-10 00:00:00,47.05,46.3,49.7,45.7
385,2022-06-08 00:00:00,56.7,57.75,57.8,56.3
386,2022-01-31 00:00:00,58.7,55.8,59.75,55.05
387,2022-06-21 00:00:00,54.05,53.2,54.55,53.2
388,2022-02-03 00:00:00,58.75,59.45,60.0,58.55
389,2022-06-27 00:00:00,56.55,58.0,58.0,56.0
390,2022-02-08 00:00:00,56.4,56.5,58.35,55.05
391,2022-07-29 00:00:00,62.9,65.55,65.95,62.35
392,2022-03-29 00:00:00,64.4,65.0,66.0,62.6
393,2022-04-28 00:00:00,65.25,67.4,67.4,64.8
394,2022-10-03 00:00:00,79.25,74.15,84.6,73.8
395,2022-10-28 00:00:00,72.45,73.25,73.7,72.1
396,2022-04-29 00:00:00,64.55,65.25,66.15,64.5
397,2022-11-24 00:00:00,78.95,80.6,80.6,78.5
398,2022-05-12 00:00:00,56.75,60.1,60.6,56.05
399,2022-12-01 00:00:00,83.2,87.4,87.4,82.5
400,2022-05-16 00:00:00,56.9,56.7,57.8,55.4
401,2022-12-05 00:00:00,81.9,82.2,82.75,81.15
402,2022-06-02 00:00:00,59.0,60.0,60.05,57.8
403,2022-06-22 00:00:00,54.05,54.95,54.95,53.5
404,2023-01-19 00:00:00,69.05,69.4,70.5,68.75
405,2023-01-30 00:00:00,67.15,66.35,69.4,66.35
406,2022-06-23 00:00:00,54.1,54.95,54.95,53.7
407,2023-02-13 00:00:00,70.3,70.85,71.15,69.9
408,2022-07-21 00:00:00,63.85,65.0,65.0,63.55
409,2023-02-20 00:00:00,79.7,80.0,80.7,78.35
410,2022-07-25 00:00:00,64.55,65.1,65.5,64.0
411,2023-03-21 00:00:00,78.3,77.35,78.95,77.3
412,2022-08-03 00:00:00,66.3,66.45,68.4,65.8
413,2023-05-03 00:00:00,93.3,91.65,94.85,91.3
414,2022-08-17 00:00:00,70.4,71.9,72.2,69.5
415,2022-08-24 00:00:00,66.15,66.05,67.15,66.0
416,2023-05-24 00:00:00,89.15,90.0,91.1,89.0
417,2023-05-29 00:00:00,90.3,91.85,91.85,89.5
418,2022-09-28 00:00:00,72.4,71.5,73.7,71.25
419,2023-06-12 00:00:00,86.35,87.45,90.6,86.1
420,2022-10-07 00:00:00,78.75,80.55,80.95,78.25
421,2023-06-23 00:00:00,89.45,90.8,91.15,89.05
422,2022-11-03 00:00:00,81.05,80.05,82.85,80.05
423,2023-07-12 00:00:00,88.9,88.4,90.1,88.0
424,2022-12-14 00:00:00,81.9,81.1,83.05,80.55
425,2023-03-23 00:00:00,78.65,78.4,79.0,78.05
426,2023-07-14 00:00:00,87.05,87.8,88.3,86.6
427,2023-08-11 00:00:00,84.65,85.15,85.35,84.15
428,2023-05-08 00:00:00,94.4,94.8,96.7,93.55
429,2023-05-15 00:00:00,91.75,90.5,92.9,89.2
430,2023-05-25 00:00:00,90.9,88.6,92.7,88.6
431,2023-05-26 00:00:00,91.0,91.8,92.0,90.7
432,2023-05-31 00:00:00,89.3,89.3,91.95,87.9
433,2023-06-13 00:00:00,92.35,87.2,93.15,86.45
434,2023-07-17 00:00:00,87.05,87.95,87.95,86.7
435,2023-08-04 00:00:00,86.85,86.85,87.45,86.35
436,2021-01-08 00:00:00,25.6,25.8,26.5,25.2
437,2021-02-10 00:00:00,24.55,23.9,25.0,23.45
438,2021-03-01 00:00:00,23.35,23.6,23.75,23.1
439,2021-03-05 00:00:00,25.45,26.45,26.45,25.0
440,2021-03-30 00:00:00,21.9,23.0,23.0,21.75
441,2021-04-01 00:00:00,22.95,23.2,23.25,22.6
442,2021-05-18 00:00:00,27.05,25.55,27.9,25.0
443,2021-07-22 00:00:00,36.6,37.25,37.8,36.3
444,2021-08-25 00:00:00,35.4,35.2,35.95,35.2
445,2021-09-20 00:00:00,34.6,34.65,38.3,34.0
446,2021-10-08 00:00:00,39.35,39.2,40.7,38.75
447,2021-11-17 00:00:00,39.35,39.5,40.1,39.1
448,2021-11-23 00:00:00,39.35,36.0,39.6,36.0
449,2021-12-02 00:00:00,37.3,35.3,37.75,34.5
450,2022-01-12 00:00:00,49.4,45.6,53.4,45.6
451,2022-01-25 00:00:00,54.05,52.5,55.5,52.5
452,2022-02-04 00:00:00,58.6,58.95,59.5,58.3
453,2022-02-18 00:00:00,53.85,53.4,55.7,52.5
454,2022-03-02 00:00:00,47.05,46.15,48.25,46.15
455,2022-04-04 00:00:00,65.75,65.1,66.9,64.95
456,2022-04-11 00:00:00,66.0,67.4,67.65,65.6
457,2022-04-21 00:00:00,65.35,64.8,66.0,63.5
458,2022-06-15 00:00:00,54.05,55.0,55.5,54.0
459,2022-07-12 00:00:00,59.75,58.5,60.5,57.8
460,2022-07-26 00:00:00,64.8,65.0,65.75,64.35
461,2022-08-05 00:00:00,73.05,67.65,73.7,67.5
462,2022-09-23 00:00:00,73.5,75.95,76.6,73.05
463,2022-10-19 00:00:00,73.8,75.75,76.25,72.5
464,2022-11-28 00:00:00,83.05,82.4,83.8,81.45
465,2022-11-29 00:00:00,82.2,83.8,84.3,80.5
466,2022-12-09 00:00:00,80.4,82.0,82.95,79.25
467,2023-01-31 00:00:00,67.75,66.9,68.4,66.75
468,2023-02-15 00:00:00,68.7,69.15,69.15,68.45
469,2023-04-25 00:00:00,82.55,82.8,83.95,82.15
470,2023-04-28 00:00:00,90.05,92.45,93.15,89.0
471,2023-05-17 00:00:00,92.1,91.3,92.65,90.65
472,2023-07-20 00:00:00,91.55,87.8,93.0,87.8
473,2023-08-08 00:00:00,83.8,85.85,86.4,83.4
474,2021-02-01 00:00:00,23.4,22.95,23.75,22.95
475,2021-02-04 00:00:00,23.5,23.5,24.0,23.25
476,2021-03-03 00:00:00,25.25,23.1,27.9,23.1
477,2021-04-08 00:00:00,24.3,23.0,26.0,22.35
478,2021-05-12 00:00:00,25.25,26.0,26.0,24.95
479,2021-05-27 00:00:00,38.6,39.5,39.5,37.5
480,2021-06-01 00:00:00,38.1,40.0,40.0,37.0
481,2021-08-26 00:00:00,35.15,35.4,35.9,35.05
482,2021-12-08 00:00:00,40.55,40.0,40.8,39.4
483,2021-12-14 00:00:00,40.6,40.8,41.2,39.85
484,2021-12-17 00:00:00,37.85,39.65,39.65,37.3
485,2022-01-04 00:00:00,45.2,47.85,49.75,45.0
486,2022-02-15 00:00:00,51.9,51.5,53.6,49.7
487,2022-05-06 00:00:00,63.35,63.1,64.0,62.05
488,2022-05-30 00:00:00,57.6,52.75,57.8,52.75
489,2022-06-17 00:00:00,54.05,54.0,54.45,53.55
490,2022-09-02 00:00:00,68.05,65.9,70.3,65.45
491,2022-09-05 00:00:00,66.6,68.45,70.1,66.25
492,2022-09-07 00:00:00,66.9,66.45,69.0,66.0
493,2022-09-30 00:00:00,74.15,71.85,75.4,71.6
494,2022-12-15 00:00:00,80.85,81.85,83.0,80.1
495,2022-12-16 00:00:00,78.95,80.4,81.4,78.3
496,2022-12-22 00:00:00,69.6,72.6,73.45,67.55
497,2023-01-02 00:00:00,72.6,73.7,73.9,72.05
498,2023-01-05 00:00:00,71.4,71.45,71.8,70.2
499,2023-02-23 00:00:00,78.5,79.2,79.5,77.55
500,2023-03-13 00:00:00,78.65,78.45,83.05,77.5
501,2023-05-09 00:00:00,94.5,95.3,95.8,93.8
502,2023-06-16 00:00:00,90.9,91.85,92.3,90.8
503,2023-06-20 00:00:00,91.85,93.8,94.3,91.0
504,2023-06-27 00:00:00,88.85,88.6,89.95,88.5
505,2023-08-02 00:00:00,87.9,88.8,89.25,87.0
506,2021-01-27 00:00:00,23.4,24.35,24.35,23.35
507,2021-02-08 00:00:00,23.85,24.4,24.4,23.5
508,2021-04-27 00:00:00,25.75,24.8,26.25,24.0
509,2021-05-07 00:00:00,24.35,24.4,24.9,24.3
510,2021-06-17 00:00:00,38.45,38.5,39.4,38.05
511,2021-06-22 00:00:00,38.7,39.0,39.5,38.3
512,2021-08-10 00:00:00,36.15,37.2,37.6,35.0
513,2021-09-07 00:00:00,35.5,36.05,36.05,35.3
514,2021-09-08 00:00:00,35.4,35.3,35.9,34.8
515,2021-09-29 00:00:00,39.45,39.35,40.7,38.9
516,2021-10-19 00:00:00,39.85,41.15,42.2,38.6
517,2021-10-21 00:00:00,40.45,42.1,42.65,40.0
518,2021-11-10 00:00:00,38.25,38.8,39.3,38.1
519,2021-11-15 00:00:00,40.3,40.5,41.9,39.65
520,2022-01-03 00:00:00,46.55,39.75,46.8,39.05
521,2022-01-11 00:00:00,45.5,47.6,47.8,45.1
522,2022-01-17 00:00:00,59.95,56.15,61.8,56.15
523,2022-02-09 00:00:00,56.1,56.75,57.1,54.3
524,2022-04-07 00:00:00,65.95,68.4,68.45,64.2
525,2022-04-19 00:00:00,63.2,63.8,64.6,62.25
526,2022-05-04 00:00:00,63.9,65.45,68.3,63.5
527,2022-05-10 00:00:00,61.85,61.1,63.8,60.5
528,2022-05-24 00:00:00,55.05,55.5,56.5,54.85
529,2022-06-01 00:00:00,59.85,58.0,60.5,57.6
530,2022-06-14 00:00:00,54.1,52.05,55.1,52.05
531,2022-06-28 00:00:00,56.25,57.3,57.3,54.5
532,2022-09-16 00:00:00,74.15,74.8,78.4,72.6
533,2022-10-10 00:00:00,80.15,77.75,80.9,76.65
534,2022-10-11 00:00:00,77.35,80.3,80.85,77.0
535,2022-10-24 00:00:00,72.7,72.0,72.95,71.95
536,2022-10-27 00:00:00,72.7,72.65,73.35,72.5
537,2022-12-23 00:00:00,63.8,67.7,68.7,63.0
538,2023-02-28 00:00:00,77.35,79.45,79.7,77.05
539,2023-03-20 00:00:00,77.1,79.7,79.7,76.8
540,2023-04-11 00:00:00,83.45,83.05,83.85,81.9
541,2023-04-12 00:00:00,83.6,83.95,85.4,82.3
542,2023-04-26 00:00:00,89.45,82.6,92.0,82.6
543,2023-05-10 00:00:00,94.05,94.5,94.85,92.5
544,2023-05-11 00:00:00,96.65,95.0,98.0,95.0
545,2023-05-16 00:00:00,90.7,91.95,93.7,90.3
546,2023-05-23 00:00:00,90.6,91.05,91.9,90.3
547,2023-06-26 00:00:00,89.25,89.7,90.5,89.0
548,2023-07-10 00:00:00,88.5,88.7,92.0,86.05
549,2023-08-22 00:00:00,83.65,82.0,84.0,82.0
550,2021-01-07 00:00:00,25.8,26.3,26.3,25.5
551,2021-01-12 00:00:00,25.2,25.75,25.75,24.95
552,2021-03-02 00:00:00,23.25,23.5,23.5,23.1
553,2021-04-28 00:00:00,25.6,26.25,26.4,25.35
554,2021-05-26 00:00:00,38.6,41.95,41.95,36.2
555,2021-06-04 00:00:00,41.45,39.9,43.35,39.0
556,2021-06-21 00:00:00,38.05,37.5,38.6,37.5
557,2021-06-30 00:00:00,38.05,38.6,38.9,37.8
558,2021-07-01 00:00:00,38.45,38.5,38.7,37.8
559,2021-07-06 00:00:00,38.25,38.9,39.6,38.1
560,2021-07-12 00:00:00,38.0,38.65,39.35,37.65
561,2021-07-20 00:00:00,36.25,36.8,37.3,35.0
562,2021-07-23 00:00:00,36.05,37.4,37.4,35.1
563,2021-08-05 00:00:00,36.3,37.0,37.65,36.0
564,2021-08-17 00:00:00,35.2,35.6,35.95,35.05
565,2021-10-05 00:00:00,38.25,38.65,39.85,38.0
566,2021-10-18 00:00:00,40.65,39.7,42.6,39.5
567,2021-12-07 00:00:00,39.3,38.85,39.95,37.9
568,2022-01-05 00:00:00,44.05,45.7,46.45,43.8
569,2022-01-20 00:00:00,60.3,58.0,62.0,58.0
570,2022-03-31 00:00:00,63.25,63.8,65.35,61.6
571,2022-05-02 00:00:00,64.25,64.9,65.15,64.0
572,2022-05-20 00:00:00,57.25,57.8,57.8,56.45
573,2022-05-25 00:00:00,53.4,55.8,55.95,53.0
574,2022-07-15 00:00:00,60.25,62.0,62.2,59.75
575,2022-08-10 00:00:00,70.15,73.0,73.2,69.3
576,2022-08-22 00:00:00,67.05,65.5,68.5,65.2
577,2022-09-01 00:00:00,65.5,65.0,67.0,65.0
578,2022-09-12 00:00:00,67.65,66.5,68.5,66.3
579,2022-09-29 00:00:00,72.25,73.75,75.6,71.5
580,2022-10-18 00:00:00,75.35,77.8,78.9,75.05
581,2022-11-01 00:00:00,75.9,71.0,77.2,71.0
582,2022-11-14 00:00:00,82.85,83.05,85.45,81.7
583,2022-12-02 00:00:00,81.95,83.55,83.95,81.5
584,2023-02-02 00:00:00,68.55,69.4,70.15,68.0
585,2023-03-01 00:00:00,76.75,77.95,78.9,76.5
586,2023-03-02 00:00:00,76.4,77.95,77.95,76.05
587,2023-03-03 00:00:00,79.7,76.8,80.8,76.55
588,2023-03-09 00:00:00,79.45,78.55,80.55,78.55
589,2023-03-31 00:00:00,78.8,78.5,82.2,78.25
590,2023-08-14 00:00:00,83.3,84.95,84.95,83.05
591,2021-04-15 00:00:00,22.65,23.1,24.0,22.2
592,2021-05-14 00:00:00,24.55,25.3,25.8,24.3
593,2021-06-09 00:00:00,39.8,41.9,41.95,39.4
594,2021-06-28 00:00:00,38.35,39.6,39.6,37.55
595,2021-08-27 00:00:00,35.05,35.35,35.7,34.75
596,2021-09-01 00:00:00,34.85,34.3,35.2,34.3
597,2021-09-02 00:00:00,34.8,34.75,35.7,34.7
598,2021-10-14 00:00:00,39.0,39.5,39.9,38.7
599,2021-12-03 00:00:00,38.2,37.5,39.35,37.45
600,2021-12-16 00:00:00,39.25,40.8,41.15,38.95
601,2021-12-21 00:00:00,37.05,37.3,38.3,36.65
602,2022-02-01 00:00:00,60.55,59.15,61.65,56.85
603,2022-02-21 00:00:00,51.7,53.3,55.5,51.2
604,2022-03-04 00:00:00,53.65,54.45,57.15,52.7
605,2022-04-20 00:00:00,63.35,63.0,66.0,62.75
606,2022-04-27 00:00:00,65.75,64.8,67.5,64.5
607,2022-05-23 00:00:00,55.6,57.25,58.2,54.65
608,2022-05-31 00:00:00,58.15,58.0,58.75,56.6
609,2022-06-30 00:00:00,55.7,55.3,57.8,55.3
610,2022-09-08 00:00:00,66.85,67.4,68.5,66.5
611,2022-09-21 00:00:00,73.7,74.0,76.4,72.2
612,2022-10-12 00:00:00,76.6,77.6,79.5,75.6
613,2022-10-14 00:00:00,76.15,77.65,78.65,75.5
614,2022-11-04 00:00:00,82.55,81.0,84.75,81.0
615,2022-12-19 00:00:00,79.9,79.3,81.4,77.55
616,2022-12-21 00:00:00,72.7,79.5,80.1,72.0
617,2023-01-09 00:00:00,70.9,71.4,71.7,70.5
618,2023-02-17 00:00:00,79.95,79.0,80.4,77.35
619,2023-03-16 00:00:00,76.85,78.0,78.75,76.35
620,2023-03-28 00:00:00,77.85,80.25,80.25,76.3
621,2023-04-06 00:00:00,79.75,80.35,80.75,79.1
622,2023-06-01 00:00:00,90.15,89.5,91.0,89.5
623,2021-02-16 00:00:00,23.55,24.1,24.1,23.5
624,2021-02-22 00:00:00,22.85,24.05,24.05,22.65
625,2021-03-08 00:00:00,24.8,25.6,26.0,24.4
626,2021-03-25 00:00:00,22.3,23.0,23.35,22.1
627,2021-04-20 00:00:00,22.15,23.35,23.35,22.0
628,2021-06-11 00:00:00,39.7,40.8,40.8,39.4
629,2021-07-19 00:00:00,37.15,37.05,37.9,36.8
630,2021-08-09 00:00:00,37.3,37.8,39.7,36.6
631,2021-09-14 00:00:00,36.0,36.5,36.6,35.8
632,2021-11-30 00:00:00,34.75,35.45,35.9,34.5
633,2021-12-31 00:00:00,39.0,38.85,39.75,37.85
634,2022-01-07 00:00:00,45.6,48.05,48.85,45.3
635,2022-01-14 00:00:00,55.15,55.1,58.75,54.55
636,2022-05-17 00:00:00,57.05,56.9,58.1,55.7
637,2022-06-13 00:00:00,52.7,54.0,54.6,52.1
638,2022-06-29 00:00:00,56.3,55.6,57.0,55.0
639,2022-07-07 00:00:00,57.45,55.7,58.75,55.7
640,2022-08-18 00:00:00,68.65,71.25,71.55,68.15
641,2022-09-15 00:00:00,74.15,75.0,76.5,72.0
642,2022-09-19 00:00:00,76.65,75.0,77.8,73.9
643,2022-10-06 00:00:00,80.65,82.0,82.65,80.1
644,2022-12-08 00:00:00,81.85,82.4,82.4,81.0
645,2022-12-28 00:00:00,71.65,71.05,73.3,70.0
646,2023-02-07 00:00:00,69.5,70.25,70.25,69.0
647,2023-03-17 00:00:00,79.35,76.85,80.35,76.85
648,2023-04-05 00:00:00,79.9,80.8,81.7,79.3
649,2023-04-27 00:00:00,91.85,90.0,93.4,89.25
650,2023-05-04 00:00:00,94.55,94.7,96.2,93.7
651,2023-06-07 00:00:00,87.8,88.45,88.45,87.0
652,2023-07-19 00:00:00,87.15,86.95,87.8,85.5
653,2023-07-28 00:00:00,88.2,93.5,93.5,86.75
654,2023-08-16 00:00:00,81.7,83.3,83.45,81.5
