,time,close,open,high,low
0,2023-06-28 00:00:00,4598.75,4560.0,4626.45,4480.0
1,2023-07-26 00:00:00,3891.3,3889.95,3990.0,3865.5
2,2023-08-02 00:00:00,4455.35,4597.0,4597.2,4327.55
3,2023-08-11 00:00:00,5003.8,4688.0,5003.8,4617.65
4,2023-07-24 00:00:00,3903.3,3975.0,3975.0,3830.0
5,2023-08-17 00:00:00,6165.3,6139.9,6342.35,6025.0
6,2023-06-27 00:00:00,4592.85,4586.0,4640.2,4552.0
7,2023-07-17 00:00:00,4030.05,4015.0,4070.0,3990.0
8,2023-07-20 00:00:00,3896.7,3940.0,4030.0,3862.0
9,2023-08-09 00:00:00,4492.55,4570.0,4687.0,4451.1
10,2023-07-07 00:00:00,3870.75,3930.0,3979.9,3850.0
11,2023-07-18 00:00:00,3993.0,4123.25,4123.25,3950.0
12,2023-08-03 00:00:00,4678.1,4631.0,4678.1,4631.0
13,2023-08-23 00:00:00,6134.5,6134.5,6134.5,6084.95
14,2023-07-06 00:00:00,3949.5,4304.9,4304.9,3935.05
15,2023-07-19 00:00:00,3977.1,4055.0,4086.0,3965.0
16,2023-07-13 00:00:00,4142.55,4318.75,4318.75,4100.0
17,2023-07-27 00:00:00,3897.5,3980.0,3994.9,3876.0
18,2023-08-04 00:00:00,4802.15,4840.0,4912.0,4622.8
19,2023-08-08 00:00:00,4575.35,4852.65,4852.8,4537.1
20,2023-08-16 00:00:00,6040.35,5481.0,6040.95,5321.8
21,2023-08-22 00:00:00,5842.4,5639.6,5842.4,5484.15
22,2023-06-20 00:00:00,4212.2,4048.0,4297.65,3955.0
23,2023-06-30 00:00:00,4602.15,4700.0,4700.0,4551.0
24,2023-07-05 00:00:00,4140.75,4280.0,4313.95,4133.25
25,2023-07-12 00:00:00,4234.05,4170.0,4304.0,4102.7
26,2023-08-18 00:00:00,5857.05,6199.0,6199.0,5857.05
27,2023-08-21 00:00:00,5564.2,5681.0,5729.95,5564.2
28,2023-07-14 00:00:00,4014.75,4081.05,4166.95,3935.45
29,2023-08-07 00:00:00,4780.95,4900.0,4947.0,4768.65
30,2023-06-21 00:00:00,4454.1,4250.0,4633.4,4232.15
31,2023-07-31 00:00:00,4169.85,3902.0,4169.85,3902.0
32,2023-07-11 00:00:00,4166.55,4240.0,4267.45,4127.55
33,2023-07-21 00:00:00,3896.15,3860.0,4049.0,3804.05
34,2023-06-19 00:00:00,4032.35,3783.0,4050.0,3750.0
35,2023-06-22 00:00:00,4527.25,4490.0,4674.3,4335.0
36,2023-08-10 00:00:00,4548.95,4551.6,4699.5,4495.0
37,2023-08-14 00:00:00,5491.8,5199.9,5504.15,5160.2
38,2023-06-23 00:00:00,4518.85,4527.25,4600.0,4352.7
39,2023-06-26 00:00:00,4602.2,4552.0,4650.0,4333.3
40,2023-07-10 00:00:00,4064.25,3860.0,4064.25,3755.0
41,2023-07-28 00:00:00,3971.3,3877.0,4000.0,3877.0
42,2023-07-25 00:00:00,3910.15,3898.0,3964.25,3825.0
43,2023-07-03 00:00:00,4519.5,4585.05,4586.05,4491.0
44,2023-07-04 00:00:00,4350.75,4485.0,4500.0,4311.35
45,2023-08-01 00:00:00,4378.3,4270.0,4378.3,4178.75
