,time,close,open,high,low
0,2021-01-06 00:00:00,23.463,22.671000000000003,24.354,22.44
1,2021-01-08 00:00:00,23.364,24.222,24.222,23.265
2,2021-01-20 00:00:00,24.09,23.067000000000004,24.354,23.067000000000004
3,2021-01-27 00:00:00,23.001,23.364,23.364,22.539
4,2021-02-02 00:00:00,24.651000000000003,23.892000000000003,25.08,23.232000000000003
5,2021-03-03 00:00:00,25.047000000000004,24.75,25.905,24.486
6,2021-05-11 00:00:00,26.829,26.136000000000003,27.258,26.103
7,2021-05-25 00:00:00,27.786,28.149,28.248,27.72
8,2021-06-21 00:00:00,38.313,37.488,38.676,36.333
9,2021-07-19 00:00:00,41.151,39.105,41.349,38.61
10,2021-09-14 00:00:00,56.595000000000006,51.777,57.42,51.084
11,2021-09-27 00:00:00,68.14500000000001,66.066,70.224,66.0
12,2021-10-07 00:00:00,68.93700000000001,69.432,70.983,67.452
13,2021-10-13 00:00:00,71.94,70.42200000000001,72.468,69.63000000000001
14,2021-10-21 00:00:00,72.996,70.42200000000001,74.51400000000001,69.96000000000001
15,2021-11-26 00:00:00,93.3,100.5,100.5,92.15
16,2021-12-08 00:00:00,91.75,91.35,93.2,90.4
17,2021-12-13 00:00:00,94.8,96.25,96.95,94.05
18,2021-12-24 00:00:00,96.85,95.3,97.5,93.0
19,2022-01-12 00:00:00,119.95,127.4,127.5,118.0
20,2022-02-01 00:00:00,120.1,118.3,121.45,115.0
21,2022-03-22 00:00:00,108.15,107.9,108.95,104.55
22,2022-03-28 00:00:00,101.85,102.4,103.65,100.5
23,2022-03-30 00:00:00,105.35,104.0,106.8,103.7
24,2022-03-31 00:00:00,104.45,106.0,106.5,103.65
25,2022-04-06 00:00:00,116.25,113.9,117.9,113.25
26,2022-05-11 00:00:00,90.85,95.1,95.3,88.2
27,2021-02-01 00:00:00,23.826,23.1,24.585,22.77
28,2021-02-03 00:00:00,24.189,24.75,25.41,23.925
29,2021-02-11 00:00:00,25.245,25.707000000000004,26.334,25.014
30,2021-02-25 00:00:00,24.156,24.057,24.585,23.694
31,2021-02-26 00:00:00,23.298,23.826,23.958,23.1
32,2021-04-07 00:00:00,27.027000000000005,27.72,28.05,26.928
33,2021-05-10 00:00:00,26.4,26.73,27.06,26.235000000000003
34,2021-06-08 00:00:00,38.214,37.752,38.643,36.432
35,2021-07-14 00:00:00,39.369,39.6,41.316,39.072
36,2021-07-20 00:00:00,40.359,41.448,42.009,38.775
37,2021-08-04 00:00:00,42.966,42.867,43.395,41.943
38,2021-09-13 00:00:00,50.754000000000005,49.434000000000005,51.41400000000001,48.84
39,2021-09-24 00:00:00,65.34,60.918,66.099,60.324000000000005
40,2021-09-28 00:00:00,67.254,68.90400000000001,71.94,64.977
41,2021-10-14 00:00:00,72.633,72.23700000000001,74.51400000000001,71.61
42,2021-10-27 00:00:00,82.368,81.18,85.239,80.718
43,2021-10-29 00:00:00,81.31200000000001,80.81700000000001,82.76400000000001,78.111
44,2021-11-23 00:00:00,95.05,90.3,97.4,89.8
45,2021-11-25 00:00:00,101.3,96.0,102.2,95.15
46,2022-01-28 00:00:00,110.9,114.6,116.4,110.0
47,2022-03-10 00:00:00,104.4,109.0,109.35,103.05
48,2022-05-06 00:00:00,93.95,98.0,98.75,92.95
49,2021-01-05 00:00:00,22.407000000000004,22.572000000000003,22.605,22.11
50,2021-01-28 00:00:00,22.77,22.77,23.826,22.572000000000003
51,2021-02-08 00:00:00,25.113,24.519,25.311000000000003,24.321
52,2021-03-15 00:00:00,28.875,30.063,30.162000000000003,27.588
53,2021-03-30 00:00:00,26.862,26.136000000000003,27.588,25.476000000000003
54,2021-04-06 00:00:00,27.456000000000003,26.961,27.819,26.532000000000004
55,2021-04-28 00:00:00,25.641,26.037000000000003,26.202,25.476000000000003
56,2021-05-06 00:00:00,25.608,26.004,26.004,25.443
57,2021-05-21 00:00:00,28.347000000000005,28.71,28.71,27.951
58,2021-05-28 00:00:00,31.614,31.812000000000005,32.637,31.218
59,2021-06-04 00:00:00,36.564,36.102,37.026,35.772000000000006
60,2021-06-16 00:00:00,38.181,39.6,39.765,37.95
61,2021-06-23 00:00:00,38.214,37.95,39.435,37.752
62,2021-07-23 00:00:00,43.527,43.16400000000001,44.48400000000001,41.580000000000005
63,2021-08-11 00:00:00,44.319,44.352,45.21,42.306
64,2021-08-18 00:00:00,43.428,44.451,44.748,43.16400000000001
65,2021-09-01 00:00:00,46.563,43.758,47.52,43.758
66,2021-09-03 00:00:00,46.266,45.54,47.091,45.54
67,2021-12-16 00:00:00,93.0,94.1,96.9,90.15
68,2022-01-11 00:00:00,126.3,129.6,131.1,123.9
69,2022-01-18 00:00:00,118.75,120.9,121.75,118.2
70,2022-01-20 00:00:00,120.9,118.8,122.45,118.2
71,2022-02-22 00:00:00,106.75,96.35,108.5,96.35
72,2022-03-25 00:00:00,104.25,106.7,107.85,103.5
73,2022-04-18 00:00:00,116.9,117.75,121.95,116.0
74,2022-04-21 00:00:00,109.75,110.0,111.35,109.0
75,2022-07-08 00:00:00,82.1,83.0,83.0,78.8
76,2022-07-12 00:00:00,86.25,83.7,87.7,83.0
77,2022-07-19 00:00:00,82.5,81.0,82.8,80.55
78,2022-07-21 00:00:00,83.6,84.0,84.5,83.0
79,2022-07-27 00:00:00,81.45,80.05,82.4,80.05
80,2021-01-11 00:00:00,22.935,23.364,23.892000000000003,22.671000000000003
81,2021-03-19 00:00:00,26.466,26.4,27.06,24.585
82,2021-04-01 00:00:00,27.522,27.555,28.116000000000003,27.258
83,2021-05-18 00:00:00,26.829,27.06,27.291000000000004,26.433
84,2021-06-15 00:00:00,39.56700000000001,40.095,40.392,39.402
85,2021-06-24 00:00:00,38.016000000000005,38.709,38.808,37.389
86,2021-07-05 00:00:00,41.118,38.841,41.415,38.214
87,2021-07-06 00:00:00,41.547,42.57,43.032,41.217000000000006
88,2021-08-12 00:00:00,46.13400000000001,43.626,48.642,43.626
89,2021-08-20 00:00:00,42.999,43.197,44.121,40.59
90,2021-10-18 00:00:00,75.273,74.052,77.15400000000001,73.35900000000001
91,2021-11-10 00:00:00,93.852,94.116,96.294,92.103
92,2021-12-03 00:00:00,89.35,88.9,91.5,87.6
93,2021-12-31 00:00:00,101.75,101.8,102.9,100.4
94,2022-01-17 00:00:00,118.9,116.6,121.5,116.6
95,2022-03-07 00:00:00,93.55,95.5,97.0,87.35
96,2022-03-24 00:00:00,106.65,105.5,109.0,104.0
97,2022-04-26 00:00:00,104.5,105.5,107.45,102.6
98,2022-05-17 00:00:00,94.8,92.5,96.0,91.0
99,2022-05-25 00:00:00,87.2,89.5,90.05,86.5
100,2022-06-06 00:00:00,90.35,91.0,92.0,89.2
101,2022-06-07 00:00:00,91.6,91.15,92.0,89.5
102,2022-06-21 00:00:00,76.15,71.7,78.5,71.7
103,2022-06-22 00:00:00,75.05,76.9,76.9,74.7
104,2022-07-01 00:00:00,75.65,76.0,77.0,74.55
105,2022-07-26 00:00:00,80.85,81.1,82.1,78.75
106,2021-01-04 00:00:00,22.572000000000003,23.034,23.034,22.44
107,2021-03-23 00:00:00,26.961,27.819,28.017000000000003,26.862
108,2021-05-04 00:00:00,25.344,25.872000000000003,26.103,25.212000000000003
109,2021-05-12 00:00:00,26.466,27.06,27.225,26.235000000000003
110,2021-07-22 00:00:00,43.16400000000001,40.92,43.89,40.92
111,2021-09-23 00:00:00,60.291,59.862,61.545,57.717000000000006
112,2021-12-01 00:00:00,87.0,90.3,90.7,86.05
113,2021-12-09 00:00:00,93.0,92.0,94.1,90.85
114,2021-12-22 00:00:00,93.8,91.4,94.9,88.0
115,2022-01-10 00:00:00,128.55,120.0,131.0,118.0
116,2022-02-25 00:00:00,99.95,97.05,103.3,97.05
117,2022-03-16 00:00:00,102.8,103.3,104.1,100.7
118,2022-04-05 00:00:00,113.95,112.85,115.15,110.75
119,2022-05-09 00:00:00,92.85,92.4,94.5,90.0
120,2022-05-26 00:00:00,87.4,85.55,89.0,82.0
121,2021-01-15 00:00:00,23.364,24.09,24.156,23.232000000000003
122,2021-02-04 00:00:00,24.255000000000003,24.321,24.618,24.09
123,2021-02-18 00:00:00,24.222,24.222,24.684,22.506
124,2021-03-02 00:00:00,23.76,23.694,24.09,23.496
125,2021-04-23 00:00:00,25.74,24.057,25.938,23.925
126,2021-05-20 00:00:00,28.71,29.568,29.898,28.248
127,2021-05-24 00:00:00,27.819,28.215,28.71,27.654
128,2021-05-31 00:00:00,33.033,31.68,33.528,30.756000000000004
129,2021-06-14 00:00:00,40.062000000000005,39.501000000000005,41.085,37.719
130,2021-06-18 00:00:00,37.95,38.24700000000001,38.412000000000006,35.838
131,2021-07-27 00:00:00,43.89,45.507000000000005,46.662000000000006,43.032
132,2021-08-02 00:00:00,43.659000000000006,43.23,44.81400000000001,43.23
133,2021-08-24 00:00:00,43.725,44.22,45.474,43.395
134,2021-08-27 00:00:00,43.461,44.913,44.913,43.362
135,2021-08-30 00:00:00,44.748,43.56,46.035,43.23
136,2021-09-02 00:00:00,46.233,46.728,47.388,45.80400000000001
137,2021-10-01 00:00:00,72.36900000000001,71.87400000000001,73.72200000000001,70.653
138,2021-10-06 00:00:00,68.871,71.94,72.171,67.353
139,2021-10-20 00:00:00,70.554,71.742,71.742,67.386
140,2021-10-22 00:00:00,73.425,73.68900000000001,75.66900000000001,71.28
141,2021-11-04 00:00:00,86.262,86.592,87.45,85.8
142,2021-12-30 00:00:00,101.5,100.9,102.55,99.95
143,2022-01-21 00:00:00,118.85,119.7,122.0,117.5
144,2022-02-17 00:00:00,112.3,114.3,116.2,111.6
145,2022-03-21 00:00:00,106.4,105.1,109.85,104.65
146,2022-04-01 00:00:00,110.6,104.25,111.7,103.4
147,2022-04-20 00:00:00,108.85,111.4,114.2,106.55
148,2022-05-13 00:00:00,90.25,89.0,91.95,89.0
149,2022-05-16 00:00:00,90.15,91.15,92.25,89.4
150,2022-07-22 00:00:00,82.45,83.8,84.4,82.0
151,2021-01-14 00:00:00,24.189,23.1,26.928,22.605
152,2021-03-31 00:00:00,27.522,27.06,28.116000000000003,26.433
153,2021-04-15 00:00:00,25.839,26.169,26.169,25.014
154,2021-04-27 00:00:00,25.674,26.169,26.202,25.509
155,2021-05-17 00:00:00,26.961,27.06,27.687000000000005,26.664
156,2021-06-30 00:00:00,38.148,38.544,39.072,37.818
157,2021-08-05 00:00:00,43.395,43.362,43.69200000000001,42.37200000000001
158,2021-08-17 00:00:00,44.088,44.847,45.474,43.857000000000006
159,2021-11-01 00:00:00,84.513,81.18,85.00800000000001,80.553
160,2021-11-02 00:00:00,83.721,86.856,87.28500000000001,83.193
161,2021-11-08 00:00:00,90.948,88.44,91.60800000000002,87.21900000000001
162,2021-11-16 00:00:00,88.80300000000001,86.856,91.278,86.32800000000002
163,2021-11-22 00:00:00,92.2,99.1,102.0,87.85
164,2021-12-15 00:00:00,93.6,95.5,95.55,92.5
165,2021-12-17 00:00:00,93.0,93.0,94.7,89.65
166,2021-12-23 00:00:00,94.75,94.7,96.2,94.0
167,2021-12-29 00:00:00,100.65,98.85,102.75,98.55
168,2022-01-04 00:00:00,108.0,104.9,109.7,103.65
169,2022-01-24 00:00:00,113.45,118.0,119.55,111.2
170,2022-03-09 00:00:00,104.1,97.9,104.9,97.45
171,2022-04-12 00:00:00,119.05,115.05,119.9,112.0
172,2022-04-19 00:00:00,110.45,117.5,118.85,107.0
173,2022-04-28 00:00:00,106.1,103.6,107.4,103.6
174,2022-05-02 00:00:00,102.8,102.3,105.55,100.5
175,2022-05-23 00:00:00,89.35,91.8,92.85,88.45
176,2022-06-08 00:00:00,90.6,91.6,92.0,90.25
177,2022-06-17 00:00:00,77.3,74.85,79.2,72.55
178,2022-07-05 00:00:00,79.65,77.85,81.9,77.4
179,2022-07-13 00:00:00,84.4,87.4,87.7,83.2
180,2022-07-14 00:00:00,81.35,83.25,84.0,80.8
181,2021-01-13 00:00:00,22.968,23.298,23.661,22.44
182,2021-01-29 00:00:00,22.704,22.935,23.232000000000003,22.473
183,2021-02-24 00:00:00,23.727000000000004,23.529,24.189,23.166
184,2021-04-08 00:00:00,27.126,27.126,27.687000000000005,27.06
185,2021-04-09 00:00:00,26.499,27.423,27.72,26.268
186,2021-04-20 00:00:00,23.694,24.618,25.113,23.562000000000005
187,2021-04-22 00:00:00,24.057,23.628,24.387000000000004,23.43
188,2021-04-26 00:00:00,25.839,26.235000000000003,26.235000000000003,25.344
189,2021-06-28 00:00:00,38.841,39.237,39.56700000000001,38.61
190,2021-07-30 00:00:00,42.999,44.22,44.583,41.547
191,2021-08-06 00:00:00,45.012,43.32900000000001,45.54,42.9
192,2021-09-06 00:00:00,46.53,45.870000000000005,47.388,45.870000000000005
193,2021-09-09 00:00:00,48.972,46.365,49.665,45.738
194,2021-09-17 00:00:00,53.988,55.440000000000005,55.935,53.46
195,2021-09-21 00:00:00,54.846,54.120000000000005,55.473,53.493
196,2021-12-06 00:00:00,88.75,89.75,92.45,87.85
197,2022-01-06 00:00:00,111.65,109.9,112.35,107.5
198,2022-01-14 00:00:00,116.05,116.5,119.95,115.0
199,2022-01-27 00:00:00,112.15,114.7,115.0,109.35
200,2022-02-28 00:00:00,101.25,98.0,102.4,97.0
201,2022-03-11 00:00:00,103.15,104.4,105.4,102.25
202,2022-06-01 00:00:00,89.05,89.2,91.2,88.05
203,2022-06-03 00:00:00,89.4,91.4,92.0,89.0
204,2022-06-13 00:00:00,88.0,89.1,89.45,87.3
205,2022-06-14 00:00:00,86.4,88.1,88.7,85.7
206,2022-06-16 00:00:00,76.25,84.9,84.9,75.05
207,2022-07-07 00:00:00,82.05,84.0,84.0,81.2
208,2021-01-18 00:00:00,22.638,23.364,23.364,22.44
209,2021-02-10 00:00:00,25.674,25.08,25.971000000000004,24.717
210,2021-02-16 00:00:00,24.783,24.717,25.311000000000003,24.255000000000003
211,2021-03-08 00:00:00,28.446,27.786,29.172000000000004,27.258
212,2021-03-18 00:00:00,26.796000000000003,28.380000000000003,28.611,26.433
213,2021-05-07 00:00:00,25.674,25.806,26.136000000000003,25.443
214,2021-05-27 00:00:00,31.581000000000003,31.020000000000003,32.307,30.393
215,2021-06-07 00:00:00,37.653,36.894,38.016000000000005,35.838
216,2021-07-02 00:00:00,38.577000000000005,38.61,39.402,38.181
217,2021-10-08 00:00:00,69.135,68.31,70.42200000000001,68.31
218,2021-10-25 00:00:00,73.623,74.349,74.349,70.29
219,2021-11-17 00:00:00,104.5,96.85,107.6,93.1
220,2021-12-10 00:00:00,95.5,91.9,96.2,91.5
221,2021-12-21 00:00:00,88.85,87.45,91.65,87.45
222,2021-12-27 00:00:00,96.85,97.1,98.8,93.5
223,2022-01-07 00:00:00,117.4,112.4,119.2,111.3
224,2022-02-07 00:00:00,113.7,118.3,119.45,112.7
225,2022-02-09 00:00:00,118.9,117.85,120.9,116.55
226,2022-02-16 00:00:00,114.3,115.95,118.2,113.3
227,2022-03-15 00:00:00,102.2,104.9,104.9,101.0
228,2022-05-12 00:00:00,88.75,89.25,90.1,87.25
229,2022-06-24 00:00:00,76.4,78.55,79.6,75.8
230,2021-01-07 00:00:00,23.892000000000003,24.948,24.948,23.727000000000004
231,2021-01-25 00:00:00,23.067000000000004,23.265,23.892000000000003,22.044
232,2021-02-09 00:00:00,24.915000000000003,25.212000000000003,26.004,24.651000000000003
233,2021-02-23 00:00:00,23.463,23.958,23.958,22.968
234,2021-03-01 00:00:00,23.496,23.628,23.892000000000003,23.463
235,2021-03-04 00:00:00,27.027000000000005,24.486,27.984,24.486
236,2021-03-10 00:00:00,29.601000000000003,29.040000000000003,29.997000000000003,27.984
237,2021-05-03 00:00:00,25.707000000000004,25.542,26.169,25.179
238,2021-06-11 00:00:00,39.501000000000005,39.56700000000001,40.986,39.138
239,2021-06-17 00:00:00,37.917,37.158,39.6,37.158
240,2021-07-07 00:00:00,40.953,41.316,41.811,40.92
241,2021-08-03 00:00:00,42.801,43.824000000000005,44.022000000000006,42.636
242,2021-08-25 00:00:00,44.418,44.22,44.847,43.395
243,2021-08-26 00:00:00,44.64900000000001,44.22,46.002,43.989
244,2021-09-15 00:00:00,56.034000000000006,57.42,59.004000000000005,55.242
245,2021-10-04 00:00:00,74.44800000000001,72.831,75.867,72.60000000000001
246,2021-10-19 00:00:00,71.148,76.164,76.527,69.3
247,2022-02-11 00:00:00,124.35,124.8,128.7,121.3
248,2022-03-02 00:00:00,99.9,100.8,102.1,98.3
249,2022-03-14 00:00:00,104.2,104.5,105.5,100.7
250,2022-03-23 00:00:00,105.95,109.4,111.0,105.0
251,2022-03-29 00:00:00,102.85,104.4,105.5,101.7
252,2022-04-29 00:00:00,104.0,107.0,107.4,103.15
253,2022-06-29 00:00:00,76.2,75.85,77.2,75.7
254,2022-07-25 00:00:00,81.15,83.2,83.2,80.85
255,2021-02-15 00:00:00,24.288,24.618,24.75,24.156
256,2021-03-22 00:00:00,27.621,26.466,27.984,26.004
257,2021-04-12 00:00:00,24.915000000000003,25.938,26.037000000000003,24.75
258,2021-04-29 00:00:00,25.674,25.641,26.07,25.146
259,2021-01-12 00:00:00,23.001,23.001,23.562000000000005,22.902000000000005
260,2021-04-30 00:00:00,25.509,25.575000000000003,26.895,25.278
261,2021-07-16 00:00:00,39.897000000000006,38.577000000000005,40.194,37.983
262,2021-01-19 00:00:00,23.067000000000004,23.067000000000004,23.463,22.902000000000005
263,2021-03-09 00:00:00,28.809,28.71,29.502,27.522
264,2021-08-10 00:00:00,45.243,47.685,47.81700000000001,43.16400000000001
265,2021-03-12 00:00:00,29.766,29.898,30.855,29.040000000000003
266,2021-08-13 00:00:00,44.48400000000001,46.53,46.629000000000005,43.956
267,2021-03-26 00:00:00,25.608,25.905,26.235000000000003,25.344
268,2021-08-16 00:00:00,44.583,44.154,45.738,43.626
269,2021-08-31 00:00:00,44.22,45.474,45.54,43.956
270,2021-05-05 00:00:00,25.476000000000003,25.443,25.872000000000003,25.311000000000003
271,2021-05-19 00:00:00,27.588,26.994,28.314,26.928
272,2021-09-20 00:00:00,54.021,53.592000000000006,56.69400000000001,53.493
273,2021-06-03 00:00:00,35.871,34.485,36.795,34.452000000000005
274,2021-11-03 00:00:00,84.777,85.14,88.37400000000001,83.82000000000001
275,2021-06-22 00:00:00,38.511,38.742,39.237,38.379
276,2021-11-09 00:00:00,94.116,91.74,94.90800000000002,91.245
277,2021-06-25 00:00:00,38.841,38.478,39.27,37.620000000000005
278,2021-11-11 00:00:00,95.007,93.852,96.03,93.489
279,2021-08-23 00:00:00,43.989,43.23,44.979000000000006,42.438
280,2021-11-12 00:00:00,89.232,95.7,96.624,86.691
281,2021-11-18 00:00:00,99.2,105.0,105.3,97.2
282,2021-09-08 00:00:00,46.2,46.266,46.794,44.55
283,2021-09-29 00:00:00,71.478,66.95700000000001,71.841,66.66
284,2021-12-07 00:00:00,89.4,90.0,91.85,88.5
285,2021-10-26 00:00:00,80.883,73.72200000000001,83.754,73.06200000000001
286,2022-01-05 00:00:00,110.15,110.1,111.6,108.5
287,2021-11-30 00:00:00,88.75,88.5,93.5,88.05
288,2022-01-19 00:00:00,117.85,117.5,119.5,115.9
289,2022-02-04 00:00:00,117.1,119.0,119.4,117.0
290,2022-02-10 00:00:00,126.5,119.5,127.55,118.95
291,2022-04-27 00:00:00,103.15,102.55,104.3,102.0
292,2022-02-18 00:00:00,112.0,112.5,113.9,110.7
293,2022-05-05 00:00:00,99.15,97.0,102.0,97.0
294,2022-02-21 00:00:00,108.85,111.0,113.5,106.2
295,2022-05-18 00:00:00,92.6,96.65,96.65,92.0
296,2022-02-23 00:00:00,107.2,106.05,110.7,106.05
297,2022-05-27 00:00:00,90.1,88.45,91.15,86.8
298,2022-04-07 00:00:00,114.4,116.25,117.5,111.5
299,2022-04-13 00:00:00,119.25,121.4,124.7,118.1
300,2022-05-30 00:00:00,90.4,91.9,92.5,89.0
301,2022-06-10 00:00:00,89.9,89.6,90.55,89.6
302,2022-05-24 00:00:00,88.9,90.0,90.9,88.6
303,2022-07-28 00:00:00,83.55,81.65,86.45,81.65
304,2022-05-31 00:00:00,89.75,91.4,92.0,87.85
305,2022-07-11 00:00:00,83.2,82.0,84.5,80.5
306,2022-07-15 00:00:00,81.25,82.65,82.65,80.5
307,2021-02-05 00:00:00,24.42,24.42,25.245,23.958
308,2021-02-12 00:00:00,24.552000000000003,25.245,25.41,24.42
309,2021-03-05 00:00:00,27.39,26.697000000000003,27.852000000000004,25.509
310,2021-07-01 00:00:00,38.478,38.412000000000006,40.260000000000005,38.115
311,2021-07-13 00:00:00,39.963,41.184,41.184,39.435
312,2021-07-26 00:00:00,45.144000000000005,43.23,46.002,42.9
313,2021-07-28 00:00:00,43.69200000000001,43.824000000000005,44.418,42.57
314,2021-09-30 00:00:00,72.534,72.072,74.18400000000001,71.478
315,2021-10-05 00:00:00,71.676,73.986,74.44800000000001,70.191
316,2021-12-20 00:00:00,88.35,91.6,91.6,84.25
317,2022-02-08 00:00:00,115.95,113.6,116.9,112.25
318,2022-02-14 00:00:00,112.35,118.0,121.7,111.15
319,2022-02-15 00:00:00,114.35,113.0,116.5,109.35
320,2022-03-17 00:00:00,105.4,103.85,106.9,103.5
321,2022-04-11 00:00:00,116.2,114.95,117.1,113.75
322,2022-04-25 00:00:00,104.0,108.8,108.8,99.5
323,2022-06-30 00:00:00,76.05,76.2,77.0,75.4
324,2021-01-22 00:00:00,23.034,23.1,23.661,22.836
325,2021-02-17 00:00:00,24.42,24.783,25.377,24.288
326,2021-02-22 00:00:00,23.793,24.123,24.288,23.463
327,2021-03-17 00:00:00,27.753,30.360000000000003,30.492000000000004,27.456000000000003
328,2021-04-16 00:00:00,25.674,26.334,26.499,25.542
329,2021-04-19 00:00:00,24.024,25.08,25.146,23.892000000000003
330,2021-06-02 00:00:00,34.254,33.0,34.65,32.703
331,2021-06-09 00:00:00,37.224,38.478,38.940000000000005,36.069
332,2021-06-10 00:00:00,39.072,36.894,40.227,36.597
333,2021-06-29 00:00:00,38.148,38.940000000000005,39.171,38.016000000000005
334,2021-07-09 00:00:00,39.732000000000006,39.6,40.59,39.435
335,2021-07-12 00:00:00,40.260000000000005,39.237,41.448,39.237
336,2021-09-07 00:00:00,46.13400000000001,46.728,47.190000000000005,45.870000000000005
337,2021-09-16 00:00:00,55.407,56.397000000000006,57.849,54.120000000000005
338,2021-10-11 00:00:00,70.68599999999999,70.29,71.61,69.696
339,2021-10-12 00:00:00,70.884,71.08200000000001,72.468,69.3
340,2022-01-03 00:00:00,104.15,102.9,105.5,102.1
341,2022-01-13 00:00:00,117.9,121.0,121.45,113.2
342,2022-01-25 00:00:00,111.7,108.0,115.0,106.85
343,2022-01-31 00:00:00,116.9,112.55,118.4,111.0
344,2022-02-24 00:00:00,94.4,100.1,105.2,91.0
345,2022-03-03 00:00:00,102.05,101.0,103.55,100.85
346,2022-03-08 00:00:00,96.0,93.25,97.4,93.25
347,2022-04-22 00:00:00,109.35,109.1,112.35,108.2
348,2022-05-19 00:00:00,90.6,91.9,92.3,89.25
349,2022-06-02 00:00:00,90.45,89.75,92.0,88.7
350,2022-06-15 00:00:00,83.5,87.0,87.5,82.6
351,2022-06-20 00:00:00,70.7,77.3,77.3,70.0
352,2022-06-27 00:00:00,77.35,76.55,77.7,76.0
353,2022-06-28 00:00:00,78.5,76.1,79.4,75.4
354,2022-07-04 00:00:00,77.25,75.4,77.7,75.4
355,2022-07-06 00:00:00,81.4,79.7,82.25,79.05
356,2022-07-18 00:00:00,81.35,82.85,83.4,81.0
357,2022-07-20 00:00:00,83.45,82.25,84.7,82.25
358,2021-03-16 00:00:00,29.073,28.776000000000003,29.832000000000004,28.281
359,2021-04-05 00:00:00,26.598,27.39,27.39,25.938
360,2021-04-13 00:00:00,25.806,25.146,25.938,25.08
361,2021-05-14 00:00:00,26.565,26.829,26.961,25.806
362,2021-05-26 00:00:00,30.822000000000003,27.885,31.152000000000005,27.852000000000004
363,2021-07-08 00:00:00,40.062000000000005,41.25,41.844,39.402
364,2021-07-29 00:00:00,44.55,43.32900000000001,45.738,43.32900000000001
365,2021-10-28 00:00:00,80.883,82.368,82.368,77.121
366,2021-11-29 00:00:00,88.7,90.0,92.85,82.2
367,2021-12-02 00:00:00,88.5,87.6,88.9,87.0
368,2021-12-14 00:00:00,95.4,90.0,96.0,90.0
369,2021-12-28 00:00:00,98.85,96.5,100.4,96.4
370,2022-02-02 00:00:00,120.05,121.2,122.0,118.35
371,2022-04-04 00:00:00,111.15,113.8,113.8,106.6
372,2022-05-04 00:00:00,97.95,106.85,106.85,96.15
373,2022-05-10 00:00:00,94.75,92.85,97.2,92.05
374,2022-05-20 00:00:00,91.8,91.9,94.4,90.85
375,2022-06-09 00:00:00,90.85,91.5,91.5,90.1
376,2022-07-29 00:00:00,85.05,84.0,86.4,83.5
377,2021-01-01 00:00:00,22.605,22.638,22.77,22.374
378,2021-01-21 00:00:00,23.397,24.057,24.651000000000003,23.1
379,2021-02-19 00:00:00,23.958,24.222,24.684,23.727000000000004
380,2021-03-24 00:00:00,26.268,27.06,27.258,26.07
381,2021-03-25 00:00:00,25.476000000000003,25.806,26.334,24.948
382,2021-06-01 00:00:00,33.198,33.132000000000005,33.660000000000004,32.043
383,2021-07-15 00:00:00,37.983,39.56700000000001,41.019,37.686
384,2021-08-09 00:00:00,47.52,45.80400000000001,48.114,44.88
385,2021-09-22 00:00:00,59.367,55.605,60.324000000000005,55.275000000000006
386,2021-11-15 00:00:00,86.196,90.75,92.334,82.69800000000001
387,2021-11-24 00:00:00,94.1,96.0,96.8,92.25
388,2022-02-03 00:00:00,118.55,121.0,121.0,118.0
389,2022-03-04 00:00:00,97.75,100.8,101.0,97.0
390,2022-04-08 00:00:00,113.2,114.1,115.25,111.0
391,2022-06-23 00:00:00,79.8,76.4,81.45,75.25
392,2022-08-19 00:00:00,90.7,93.9,94.15,90.2
393,2022-10-13 00:00:00,82.5,84.7,85.85,82.05
394,2022-11-02 00:00:00,83.3,81.85,84.0,81.75
395,2022-12-05 00:00:00,79.1,79.25,82.25,78.2
396,2023-02-07 00:00:00,83.6,81.9,84.4,81.55
397,2023-02-27 00:00:00,77.95,79.05,79.75,77.3
398,2023-03-01 00:00:00,79.0,77.9,79.85,77.55
399,2023-03-02 00:00:00,78.1,78.25,79.9,78.0
400,2023-03-03 00:00:00,78.15,78.8,79.35,77.55
401,2023-03-31 00:00:00,68.2,68.05,70.0,67.6
402,2023-05-05 00:00:00,82.85,82.75,83.35,82.35
403,2023-07-27 00:00:00,121.5,120.7,123.95,119.75
404,2022-09-22 00:00:00,96.65,95.0,97.5,93.3
405,2022-08-12 00:00:00,88.9,89.5,91.9,87.6
406,2022-10-07 00:00:00,89.7,88.55,90.0,88.2
407,2022-10-20 00:00:00,82.25,81.95,82.55,81.55
408,2022-11-04 00:00:00,82.7,82.1,85.05,82.0
409,2022-11-14 00:00:00,83.45,84.1,85.75,83.3
410,2022-12-13 00:00:00,81.5,81.7,82.7,81.0
411,2023-01-05 00:00:00,73.95,74.9,75.05,73.8
412,2023-01-20 00:00:00,76.5,78.5,78.75,76.0
413,2023-01-27 00:00:00,73.05,74.85,75.6,72.15
414,2023-03-10 00:00:00,78.05,78.1,79.15,77.65
415,2023-05-15 00:00:00,91.35,89.0,91.7,88.8
416,2023-05-24 00:00:00,94.1,94.0,94.65,93.3
417,2023-05-31 00:00:00,92.2,91.25,92.85,90.15
418,2023-06-06 00:00:00,100.7,100.7,102.15,99.15
419,2023-07-13 00:00:00,113.05,113.0,114.5,111.55
420,2023-07-20 00:00:00,114.75,115.0,115.7,113.65
421,2023-07-21 00:00:00,114.95,115.7,117.4,114.0
422,2023-07-26 00:00:00,119.25,123.0,123.0,119.0
423,2023-08-23 00:00:00,134.8,134.85,138.4,134.0
424,2022-11-03 00:00:00,82.45,82.7,83.25,82.05
425,2022-11-16 00:00:00,81.15,82.5,83.4,80.75
426,2022-11-30 00:00:00,77.25,77.2,77.65,76.1
427,2022-12-16 00:00:00,79.7,79.95,81.3,79.15
428,2022-12-22 00:00:00,74.7,77.65,78.45,73.5
429,2023-02-03 00:00:00,78.95,80.0,81.9,76.05
430,2023-02-09 00:00:00,80.9,82.95,83.4,80.0
431,2023-03-06 00:00:00,77.65,78.7,79.6,77.3
432,2023-03-08 00:00:00,80.1,77.95,80.65,77.25
433,2023-03-29 00:00:00,67.4,66.6,68.65,66.6
434,2023-05-03 00:00:00,80.85,81.7,82.8,79.7
435,2023-05-23 00:00:00,94.3,96.1,96.1,94.05
436,2023-06-01 00:00:00,92.05,92.35,93.35,91.3
437,2023-06-12 00:00:00,106.6,102.15,107.75,98.2
438,2023-06-27 00:00:00,115.8,117.0,117.35,115.4
439,2022-10-14 00:00:00,83.1,84.6,85.9,82.6
440,2022-11-17 00:00:00,79.95,81.95,81.95,79.65
441,2022-11-28 00:00:00,75.9,77.65,77.95,75.55
442,2022-12-12 00:00:00,81.7,82.0,83.0,81.15
443,2022-12-14 00:00:00,81.55,82.0,83.4,81.2
444,2023-02-16 00:00:00,84.6,85.0,86.4,84.2
445,2023-02-21 00:00:00,84.9,85.0,85.95,83.55
446,2023-04-03 00:00:00,71.1,68.6,71.45,68.6
447,2023-04-06 00:00:00,74.1,73.85,75.1,73.45
448,2023-05-09 00:00:00,82.3,83.5,84.5,81.8
449,2023-05-18 00:00:00,92.7,93.0,95.1,92.2
450,2023-05-26 00:00:00,94.45,93.7,96.0,93.7
451,2023-06-15 00:00:00,111.0,109.95,117.8,107.2
452,2023-06-16 00:00:00,111.9,112.0,112.7,111.0
453,2023-06-20 00:00:00,113.95,113.25,115.8,112.05
454,2023-08-02 00:00:00,132.6,132.4,135.0,131.1
455,2023-08-11 00:00:00,140.0,144.5,145.0,138.35
456,2022-08-04 00:00:00,83.5,84.75,85.0,82.45
457,2022-08-05 00:00:00,83.7,84.0,85.95,82.5
458,2022-09-09 00:00:00,94.95,96.6,97.35,94.6
459,2022-09-26 00:00:00,89.65,93.2,93.2,88.5
460,2022-10-28 00:00:00,79.45,80.8,81.3,74.3
461,2022-11-01 00:00:00,81.35,82.85,82.85,81.05
462,2022-12-19 00:00:00,79.85,80.1,80.6,79.5
463,2022-12-26 00:00:00,72.9,72.1,74.0,70.8
464,2023-02-06 00:00:00,81.5,79.3,82.75,78.95
465,2023-04-12 00:00:00,77.65,78.0,78.9,76.95
466,2023-04-17 00:00:00,79.25,78.8,80.6,78.0
467,2023-06-08 00:00:00,102.45,104.8,104.8,101.5
468,2023-07-04 00:00:00,113.65,115.5,115.9,112.05
469,2023-08-10 00:00:00,143.75,144.65,146.25,143.2
470,2022-08-08 00:00:00,83.6,83.7,84.85,83.2
471,2022-08-18 00:00:00,93.3,90.0,95.4,89.65
472,2022-08-26 00:00:00,90.5,92.4,92.85,89.3
473,2022-09-01 00:00:00,97.0,91.75,98.4,91.4
474,2022-09-02 00:00:00,98.7,97.3,100.6,95.15
475,2022-09-07 00:00:00,96.6,95.7,97.45,95.5
476,2022-09-16 00:00:00,94.9,98.0,98.3,93.2
477,2022-10-17 00:00:00,82.65,82.95,83.8,81.2
478,2022-10-19 00:00:00,81.35,81.6,83.0,80.95
479,2022-12-06 00:00:00,80.25,79.9,81.85,79.5
480,2022-12-27 00:00:00,74.1,73.7,75.0,73.45
481,2022-12-30 00:00:00,74.2,74.15,75.6,74.0
482,2023-01-19 00:00:00,77.4,79.5,79.95,77.05
483,2023-01-31 00:00:00,73.6,73.15,74.35,72.45
484,2023-03-20 00:00:00,73.55,74.0,76.1,72.55
485,2023-04-11 00:00:00,78.1,76.4,78.55,75.55
486,2023-04-24 00:00:00,83.3,83.0,84.4,82.75
487,2023-05-17 00:00:00,92.6,91.2,93.0,90.5
488,2023-06-07 00:00:00,102.85,102.5,103.4,101.85
489,2023-06-09 00:00:00,103.0,102.5,104.75,102.0
490,2023-07-11 00:00:00,112.45,110.75,113.25,110.0
491,2023-07-28 00:00:00,121.9,123.5,123.5,120.55
492,2022-08-03 00:00:00,83.5,85.25,85.5,81.25
493,2022-11-15 00:00:00,82.2,84.1,84.95,81.9
494,2022-11-22 00:00:00,76.8,79.35,80.0,76.35
495,2022-12-08 00:00:00,83.3,81.45,84.4,81.35
496,2023-02-10 00:00:00,81.5,80.5,82.2,80.05
497,2023-02-13 00:00:00,81.15,81.5,82.75,79.45
498,2023-02-17 00:00:00,85.5,84.15,85.95,83.5
499,2023-02-23 00:00:00,81.5,81.75,83.0,81.05
500,2023-06-14 00:00:00,110.2,112.4,112.4,108.2
501,2023-08-08 00:00:00,146.3,144.5,148.75,143.1
502,2022-09-12 00:00:00,96.55,95.0,97.4,95.0
503,2022-09-05 00:00:00,99.05,99.9,101.5,98.15
504,2022-10-31 00:00:00,82.45,80.4,82.85,80.4
505,2023-01-11 00:00:00,73.7,72.55,74.5,72.55
506,2023-01-23 00:00:00,76.35,76.7,79.0,76.15
507,2023-01-25 00:00:00,74.4,75.0,75.25,73.1
508,2023-01-30 00:00:00,72.9,73.45,74.85,72.25
509,2023-02-01 00:00:00,73.55,74.85,76.75,72.65
510,2023-02-20 00:00:00,84.95,86.9,87.65,84.4
511,2023-02-22 00:00:00,81.75,83.55,84.6,80.65
512,2023-03-14 00:00:00,76.05,76.2,76.85,74.8
513,2023-04-19 00:00:00,81.1,79.7,81.7,78.75
514,2023-04-25 00:00:00,82.55,83.4,84.5,81.8
515,2023-04-28 00:00:00,81.8,82.4,82.5,81.35
516,2023-05-02 00:00:00,81.85,81.8,82.7,81.5
517,2023-05-10 00:00:00,86.65,83.0,89.7,82.0
518,2023-07-10 00:00:00,110.0,110.4,111.25,108.15
519,2023-07-12 00:00:00,112.85,113.45,114.3,112.1
520,2023-07-17 00:00:00,114.85,112.85,116.3,112.4
521,2023-07-24 00:00:00,121.5,115.0,122.95,114.15
522,2023-07-31 00:00:00,129.2,122.95,131.0,122.75
523,2023-08-04 00:00:00,145.3,146.75,149.7,143.5
524,2023-08-21 00:00:00,138.05,141.2,141.85,137.25
525,2022-08-16 00:00:00,88.35,90.05,91.45,88.1
526,2022-09-13 00:00:00,94.75,97.2,97.45,94.5
527,2022-10-27 00:00:00,80.8,82.25,82.5,80.3
528,2022-11-24 00:00:00,76.5,79.5,79.5,76.1
529,2023-01-02 00:00:00,75.5,74.0,76.35,73.9
530,2023-01-03 00:00:00,75.35,76.55,77.7,75.0
531,2023-01-09 00:00:00,73.45,73.35,75.85,72.9
532,2023-01-17 00:00:00,77.25,74.1,78.4,73.4
533,2023-01-18 00:00:00,78.7,79.0,80.0,78.1
534,2023-02-08 00:00:00,83.5,83.5,84.2,82.2
535,2023-04-18 00:00:00,79.0,80.9,80.9,78.45
536,2023-06-23 00:00:00,115.7,117.5,119.15,115.0
537,2023-07-07 00:00:00,109.75,111.0,112.75,109.1
538,2023-07-19 00:00:00,114.25,113.65,116.0,113.5
539,2023-08-01 00:00:00,131.7,129.95,133.85,129.9
540,2023-08-18 00:00:00,142.75,148.95,148.95,140.65
541,2022-09-21 00:00:00,95.1,92.5,97.45,91.5
542,2022-09-28 00:00:00,88.3,89.0,91.6,87.5
543,2022-10-10 00:00:00,87.9,88.55,89.5,87.65
544,2022-11-07 00:00:00,82.2,83.0,83.5,82.0
545,2022-11-21 00:00:00,79.25,79.0,81.0,79.0
546,2022-11-29 00:00:00,77.15,76.45,78.7,75.55
547,2022-12-01 00:00:00,80.1,77.95,81.25,76.7
548,2022-12-09 00:00:00,82.0,84.0,84.5,81.4
549,2022-12-20 00:00:00,79.35,79.85,80.45,78.15
550,2023-03-17 00:00:00,74.35,75.4,76.1,74.0
551,2023-03-27 00:00:00,67.45,69.5,70.9,66.2
552,2023-04-20 00:00:00,82.9,81.5,83.7,81.0
553,2023-06-05 00:00:00,99.95,95.5,100.4,95.45
554,2023-08-03 00:00:00,146.35,133.6,148.9,133.6
555,2023-08-17 00:00:00,149.75,152.5,155.5,148.25
556,2022-08-02 00:00:00,84.0,83.75,85.6,83.5
557,2022-08-30 00:00:00,91.25,90.7,94.4,90.65
558,2022-08-10 00:00:00,85.6,83.9,86.8,83.3
559,2022-09-19 00:00:00,93.75,94.9,96.05,93.4
560,2022-09-20 00:00:00,93.7,94.65,95.2,93.45
561,2022-10-03 00:00:00,88.1,89.45,90.45,87.6
562,2022-10-06 00:00:00,88.2,89.35,90.65,88.0
563,2022-10-11 00:00:00,86.05,88.5,88.5,85.55
564,2022-11-25 00:00:00,77.1,78.0,78.85,77.0
565,2022-12-28 00:00:00,74.15,74.1,74.9,73.35
566,2023-01-10 00:00:00,72.55,73.75,74.15,72.2
567,2023-01-24 00:00:00,75.4,76.75,77.7,75.05
568,2023-03-09 00:00:00,79.0,80.15,80.6,78.5
569,2023-04-10 00:00:00,75.95,75.6,76.45,74.15
570,2023-04-13 00:00:00,78.8,78.0,80.35,77.4
571,2023-05-12 00:00:00,88.25,88.0,89.15,87.0
572,2023-05-30 00:00:00,91.5,91.85,93.2,91.0
573,2023-06-28 00:00:00,115.1,116.05,117.4,114.0
574,2023-07-03 00:00:00,115.15,114.2,115.6,112.55
575,2023-07-18 00:00:00,113.95,115.7,116.2,113.3
576,2023-07-25 00:00:00,120.85,122.8,124.05,118.2
577,2023-08-07 00:00:00,144.5,145.75,146.15,142.0
578,2023-08-14 00:00:00,145.9,139.5,147.75,138.3
579,2022-09-06 00:00:00,96.25,99.75,99.8,95.95
580,2022-09-15 00:00:00,98.25,95.8,99.9,94.5
581,2022-09-27 00:00:00,90.45,89.65,91.3,87.55
582,2022-12-15 00:00:00,79.95,81.6,82.75,79.5
583,2023-01-12 00:00:00,72.4,74.8,74.8,72.2
584,2023-02-14 00:00:00,82.65,81.2,83.0,80.1
585,2023-02-24 00:00:00,79.9,81.5,82.5,79.25
586,2023-03-15 00:00:00,75.0,76.8,78.9,74.4
587,2023-03-22 00:00:00,72.15,73.7,74.45,72.0
588,2023-05-04 00:00:00,82.75,80.8,83.5,80.15
589,2023-05-19 00:00:00,93.2,92.6,95.7,92.6
590,2023-05-22 00:00:00,95.75,94.95,96.8,93.55
591,2022-08-11 00:00:00,88.85,85.6,89.45,84.35
592,2022-08-29 00:00:00,89.45,86.25,89.75,86.25
593,2022-09-23 00:00:00,93.2,96.05,96.95,92.5
594,2022-10-04 00:00:00,88.7,88.75,90.75,88.35
595,2022-10-12 00:00:00,84.7,86.75,87.0,83.55
596,2022-12-02 00:00:00,79.0,80.1,80.45,78.25
597,2022-12-29 00:00:00,73.6,73.4,74.4,73.3
598,2023-01-04 00:00:00,74.35,75.8,75.95,73.65
599,2023-01-06 00:00:00,72.9,74.0,74.0,72.0
600,2023-02-28 00:00:00,77.9,78.0,79.3,77.5
601,2023-03-13 00:00:00,76.1,78.2,78.9,76.0
602,2023-03-23 00:00:00,71.6,71.5,72.75,71.3
603,2023-05-16 00:00:00,91.9,92.45,93.4,91.5
604,2023-06-02 00:00:00,94.3,92.65,95.0,92.15
605,2023-07-06 00:00:00,111.55,112.45,113.2,111.05
606,2023-07-14 00:00:00,111.85,114.55,114.6,111.25
607,2023-08-16 00:00:00,151.3,146.1,151.8,146.1
608,2023-08-22 00:00:00,136.0,137.5,141.6,135.5
609,2022-08-01 00:00:00,84.0,85.1,85.3,81.1
610,2022-08-17 00:00:00,89.55,89.5,89.9,88.5
611,2022-08-25 00:00:00,91.45,94.0,94.0,91.2
612,2022-09-14 00:00:00,95.4,93.0,96.85,92.95
613,2022-09-30 00:00:00,89.15,87.75,89.9,87.25
614,2022-10-18 00:00:00,82.65,83.4,84.0,82.05
615,2022-11-11 00:00:00,83.45,84.4,85.45,82.6
616,2023-01-16 00:00:00,74.1,75.4,76.35,74.0
617,2023-02-02 00:00:00,74.45,73.15,75.0,73.15
618,2023-03-16 00:00:00,74.85,75.6,75.6,71.9
619,2023-04-26 00:00:00,82.7,82.35,83.4,81.95
620,2023-05-25 00:00:00,93.65,94.35,94.95,93.4
621,2023-08-09 00:00:00,144.65,144.85,145.35,142.3
622,2022-08-22 00:00:00,87.8,90.6,90.75,86.9
623,2022-08-23 00:00:00,86.7,87.35,88.8,86.0
624,2022-08-24 00:00:00,93.0,86.65,93.55,86.05
625,2022-09-08 00:00:00,96.0,97.2,97.4,95.0
626,2022-10-24 00:00:00,81.05,80.05,81.8,80.05
627,2022-11-09 00:00:00,84.5,82.6,85.5,82.1
628,2022-11-18 00:00:00,79.6,80.95,81.25,78.9
629,2023-03-21 00:00:00,73.15,74.5,74.5,72.95
630,2023-03-24 00:00:00,69.8,71.95,72.6,69.25
631,2023-03-28 00:00:00,66.65,67.9,68.85,66.6
632,2023-04-21 00:00:00,82.65,83.3,83.7,81.7
633,2023-05-08 00:00:00,83.45,83.5,84.35,82.8
634,2023-05-11 00:00:00,87.45,87.95,89.8,87.0
635,2023-06-13 00:00:00,109.55,108.15,111.9,107.8
636,2023-06-22 00:00:00,115.9,115.0,117.65,114.6
637,2023-06-30 00:00:00,114.0,115.55,116.5,112.55
638,2023-07-05 00:00:00,112.5,113.0,114.3,111.5
639,2022-09-29 00:00:00,87.75,89.9,90.05,86.6
640,2022-10-21 00:00:00,79.75,83.7,83.7,79.2
641,2022-10-25 00:00:00,81.35,82.05,82.5,80.3
642,2022-11-10 00:00:00,84.65,84.0,85.45,82.9
643,2022-11-23 00:00:00,76.35,77.95,79.6,75.45
644,2022-12-07 00:00:00,80.95,81.0,82.5,80.5
645,2022-12-21 00:00:00,77.05,79.9,81.45,75.15
646,2022-12-23 00:00:00,70.8,73.8,73.95,70.5
647,2023-01-13 00:00:00,75.3,72.75,76.15,72.7
648,2023-02-15 00:00:00,83.95,82.7,84.45,81.85
649,2023-04-05 00:00:00,73.45,71.6,73.95,71.25
650,2023-04-27 00:00:00,82.4,82.95,82.95,81.5
651,2023-05-29 00:00:00,91.85,94.9,94.9,91.4
652,2023-06-19 00:00:00,113.1,112.7,116.2,112.1
653,2023-06-21 00:00:00,114.1,114.0,115.5,113.05
654,2023-06-26 00:00:00,115.75,115.7,117.2,114.0
