,time,close,open,high,low
0,2021-01-18 00:00:00,241.6,248.4,249.55,240.5
1,2021-02-09 00:00:00,253.9,248.0,257.8,246.0
2,2021-02-15 00:00:00,251.65,251.9,252.65,248.0
3,2021-04-22 00:00:00,265.95,266.0,269.1,265.5
4,2021-07-05 00:00:00,410.7,411.95,423.8,408.05
5,2021-11-01 00:00:00,688.15,645.0,721.0,642.0
6,2021-11-16 00:00:00,687.5,728.7,728.7,671.85
7,2021-11-17 00:00:00,684.95,686.8,715.0,680.6
8,2021-12-09 00:00:00,680.5,683.0,690.65,675.65
9,2021-12-20 00:00:00,662.35,730.0,730.0,651.95
10,2021-12-30 00:00:00,760.65,792.9,798.9,742.8
11,2022-01-11 00:00:00,821.65,779.05,839.95,775.0
12,2022-02-23 00:00:00,605.6,570.0,620.5,570.0
13,2022-03-14 00:00:00,575.3,571.0,592.0,571.0
14,2022-03-15 00:00:00,567.05,576.5,597.1,564.0
15,2022-04-22 00:00:00,734.8,693.0,746.8,690.15
16,2022-05-18 00:00:00,721.7,710.7,725.0,700.55
17,2022-05-19 00:00:00,709.65,710.0,734.9,694.45
18,2022-05-23 00:00:00,754.3,731.25,800.0,731.25
19,2022-05-25 00:00:00,738.95,766.25,772.05,733.0
20,2022-07-19 00:00:00,703.15,713.15,713.15,702.0
21,2022-09-09 00:00:00,699.8,705.4,708.7,696.05
22,2021-01-12 00:00:00,246.8,247.15,249.8,244.0
23,2021-01-15 00:00:00,248.4,249.5,251.0,248.0
24,2021-02-10 00:00:00,250.1,250.45,253.9,248.9
25,2021-02-11 00:00:00,241.25,251.0,255.1,235.0
26,2021-02-16 00:00:00,249.95,250.0,252.9,248.1
27,2021-02-19 00:00:00,247.65,245.1,250.95,245.1
28,2021-02-25 00:00:00,248.6,249.2,252.0,247.25
29,2021-03-25 00:00:00,247.6,269.85,272.35,241.0
30,2021-04-08 00:00:00,266.35,264.0,269.8,261.2
31,2021-05-10 00:00:00,285.45,283.15,290.0,282.0
32,2021-05-21 00:00:00,311.0,307.85,318.0,304.35
33,2021-05-25 00:00:00,305.5,316.45,318.35,300.1
34,2021-05-27 00:00:00,353.65,379.0,390.0,348.0
35,2021-06-10 00:00:00,445.75,453.9,454.8,439.0
36,2021-06-21 00:00:00,425.55,425.0,437.0,420.3
37,2021-07-20 00:00:00,404.5,419.7,419.7,395.95
38,2021-08-03 00:00:00,444.85,429.8,449.65,425.25
39,2021-08-12 00:00:00,439.55,427.0,441.0,426.0
40,2021-08-24 00:00:00,400.5,389.0,406.4,388.35
41,2021-08-25 00:00:00,410.6,405.0,413.4,404.95
42,2021-10-19 00:00:00,476.45,476.0,490.0,446.1
43,2021-11-12 00:00:00,722.3,767.9,768.4,719.5
44,2021-12-07 00:00:00,677.3,689.8,720.0,672.05
45,2022-01-24 00:00:00,687.65,793.0,794.4,669.0
46,2022-02-16 00:00:00,637.45,644.1,648.4,634.1
47,2022-04-05 00:00:00,624.95,630.0,637.4,621.0
48,2022-04-19 00:00:00,684.1,691.95,711.05,671.85
49,2022-04-27 00:00:00,694.05,702.05,717.7,691.25
50,2022-04-28 00:00:00,726.85,699.25,730.0,699.25
51,2022-05-02 00:00:00,683.9,702.0,702.0,680.5
52,2022-06-10 00:00:00,731.15,740.0,749.65,727.6
53,2022-06-16 00:00:00,702.05,731.25,754.0,695.0
54,2022-06-21 00:00:00,644.35,620.15,655.0,620.15
55,2022-06-28 00:00:00,677.6,667.7,679.9,663.9
56,2022-06-30 00:00:00,675.05,689.25,691.9,670.0
57,2022-08-11 00:00:00,730.1,727.0,735.0,720.9
58,2022-08-23 00:00:00,712.4,703.8,723.0,685.0
59,2022-09-08 00:00:00,701.85,698.8,707.7,683.9
60,2021-01-20 00:00:00,246.5,244.0,254.4,243.2
61,2021-02-04 00:00:00,255.0,254.5,260.0,253.2
62,2021-03-17 00:00:00,242.5,244.5,246.45,242.5
63,2021-03-18 00:00:00,241.8,243.75,245.0,240.0
64,2021-04-01 00:00:00,264.45,257.0,265.25,257.0
65,2021-05-17 00:00:00,281.55,275.45,283.3,275.45
66,2021-07-08 00:00:00,395.4,406.95,408.0,394.3
67,2021-07-09 00:00:00,396.55,391.45,403.0,389.0
68,2021-08-17 00:00:00,434.3,426.0,440.85,426.0
69,2021-08-18 00:00:00,434.6,439.55,439.55,432.0
70,2021-08-23 00:00:00,391.4,410.0,414.9,390.1
71,2021-09-22 00:00:00,423.6,410.0,427.0,409.95
72,2021-09-23 00:00:00,421.05,423.6,445.0,417.8
73,2021-09-28 00:00:00,418.55,414.8,430.0,409.3
74,2021-11-03 00:00:00,735.35,764.0,771.4,694.95
75,2021-11-25 00:00:00,698.3,692.0,714.95,681.55
76,2021-11-30 00:00:00,686.65,669.9,718.0,660.0
77,2022-02-15 00:00:00,641.4,657.95,657.95,620.55
78,2022-03-03 00:00:00,622.8,607.85,628.5,607.85
79,2022-04-01 00:00:00,609.35,599.0,621.7,596.85
80,2022-04-04 00:00:00,627.8,614.2,633.5,605.55
81,2022-04-21 00:00:00,697.1,694.8,715.0,692.0
82,2022-05-10 00:00:00,667.15,694.0,714.95,660.0
83,2022-06-01 00:00:00,747.7,738.6,750.05,736.05
84,2022-08-05 00:00:00,722.6,706.0,725.0,706.0
85,2022-09-22 00:00:00,794.3,784.5,804.0,780.0
86,2021-01-07 00:00:00,249.7,248.35,250.3,246.0
87,2021-04-20 00:00:00,271.7,262.95,274.9,257.0
88,2021-04-30 00:00:00,264.5,263.05,267.0,261.95
89,2021-05-11 00:00:00,284.4,283.0,289.3,280.0
90,2021-07-23 00:00:00,412.0,421.95,421.95,410.45
91,2021-09-07 00:00:00,409.0,418.0,418.0,405.2
92,2021-09-30 00:00:00,419.7,418.7,423.2,415.0
93,2021-11-24 00:00:00,700.9,702.25,732.0,695.15
94,2021-12-02 00:00:00,699.6,689.45,714.9,689.2
95,2021-12-13 00:00:00,669.95,676.0,694.95,666.85
96,2021-12-15 00:00:00,736.25,680.0,748.9,679.45
97,2022-01-04 00:00:00,773.5,732.05,781.9,732.05
98,2022-01-14 00:00:00,832.6,829.0,841.0,818.5
99,2022-01-27 00:00:00,712.85,698.0,742.7,688.0
100,2022-03-25 00:00:00,577.95,590.0,590.8,574.1
101,2022-05-11 00:00:00,645.65,667.1,690.45,620.1
102,2022-07-01 00:00:00,689.55,670.0,699.0,670.0
103,2022-07-29 00:00:00,694.05,684.8,699.0,682.6
104,2022-08-25 00:00:00,707.45,715.45,724.0,705.0
105,2021-01-01 00:00:00,251.9,252.55,256.0,247.15
106,2021-01-22 00:00:00,247.35,247.0,254.0,244.95
107,2021-01-28 00:00:00,249.4,241.6,254.0,238.65
108,2021-01-05 00:00:00,246.35,246.05,251.0,240.85
109,2021-04-05 00:00:00,258.0,267.8,267.8,255.0
110,2021-03-08 00:00:00,248.1,247.25,265.0,247.1
111,2021-03-15 00:00:00,243.35,249.4,249.4,240.0
112,2021-05-20 00:00:00,302.8,297.85,310.0,290.9
113,2021-03-16 00:00:00,243.35,244.6,247.85,242.45
114,2021-06-11 00:00:00,436.7,445.3,449.3,427.1
115,2021-03-22 00:00:00,258.65,244.9,260.7,244.7
116,2021-06-14 00:00:00,436.55,438.75,453.0,419.3
117,2021-03-23 00:00:00,265.1,261.0,269.0,260.3
118,2021-09-08 00:00:00,430.0,406.15,448.0,406.15
119,2021-03-31 00:00:00,256.15,263.6,266.95,254.0
120,2021-10-01 00:00:00,423.3,418.0,435.0,415.7
121,2021-06-15 00:00:00,440.5,436.55,451.6,436.55
122,2021-11-26 00:00:00,677.75,686.5,698.45,670.65
123,2021-11-29 00:00:00,658.9,666.2,671.15,613.65
124,2021-06-18 00:00:00,425.05,434.45,445.4,408.0
125,2021-06-24 00:00:00,420.75,426.95,428.75,418.0
126,2022-01-05 00:00:00,771.45,772.4,775.0,757.3
127,2021-07-13 00:00:00,400.1,402.65,407.0,399.0
128,2022-03-04 00:00:00,580.1,619.9,620.95,576.05
129,2022-03-09 00:00:00,535.55,538.05,544.7,527.0
130,2021-07-14 00:00:00,400.05,401.0,403.0,396.1
131,2021-08-04 00:00:00,446.25,464.5,473.6,445.0
132,2022-03-24 00:00:00,580.9,569.0,585.0,567.05
133,2021-08-11 00:00:00,424.05,425.6,435.0,402.45
134,2022-03-30 00:00:00,575.25,569.9,579.9,568.4
135,2021-08-31 00:00:00,408.6,409.0,415.0,403.6
136,2022-05-20 00:00:00,723.9,720.0,742.0,718.9
137,2021-09-21 00:00:00,409.45,412.95,412.95,404.85
138,2022-06-06 00:00:00,733.7,738.0,750.4,727.9
139,2022-06-07 00:00:00,729.65,733.7,733.7,724.7
140,2021-10-04 00:00:00,438.35,428.0,441.0,427.0
141,2021-11-11 00:00:00,762.1,761.9,780.0,756.5
142,2022-08-02 00:00:00,739.8,723.0,768.0,719.3
143,2022-01-18 00:00:00,775.85,835.4,836.3,764.95
144,2022-09-06 00:00:00,679.3,694.55,702.75,676.0
145,2022-01-21 00:00:00,786.7,808.0,808.0,776.35
146,2022-09-15 00:00:00,735.25,725.0,754.5,725.0
147,2022-02-11 00:00:00,671.9,655.0,675.9,635.0
148,2022-02-18 00:00:00,625.65,639.0,639.0,623.0
149,2022-03-29 00:00:00,567.05,569.95,576.85,562.55
150,2022-05-16 00:00:00,681.75,668.7,698.65,657.0
151,2022-05-17 00:00:00,699.9,681.0,704.5,672.05
152,2022-08-04 00:00:00,707.4,734.9,738.3,692.6
153,2022-09-01 00:00:00,713.9,708.05,722.0,708.05
154,2022-09-20 00:00:00,784.1,770.0,797.9,766.85
155,2022-09-23 00:00:00,769.8,797.0,802.75,766.95
156,2021-01-11 00:00:00,248.5,256.8,262.0,247.1
157,2021-03-24 00:00:00,269.85,266.0,271.9,265.2
158,2021-04-07 00:00:00,260.05,262.0,263.15,258.9
159,2021-05-31 00:00:00,475.15,426.0,495.0,426.0
160,2021-07-06 00:00:00,404.55,411.0,418.0,403.25
161,2021-01-06 00:00:00,247.7,246.6,250.7,246.55
162,2021-08-06 00:00:00,452.95,449.0,456.25,441.35
163,2021-08-13 00:00:00,436.15,435.0,445.25,430.35
164,2021-08-20 00:00:00,409.7,434.95,434.95,405.6
165,2021-04-15 00:00:00,264.65,257.0,268.0,256.05
166,2021-09-01 00:00:00,414.75,413.0,417.0,405.0
167,2021-06-08 00:00:00,424.75,435.5,437.9,423.0
168,2021-09-20 00:00:00,414.25,424.0,425.5,408.45
169,2021-07-19 00:00:00,411.65,400.7,417.45,395.1
170,2021-10-18 00:00:00,473.75,479.6,480.8,465.1
171,2021-08-02 00:00:00,424.9,428.0,428.0,417.0
172,2021-11-08 00:00:00,779.9,764.9,838.45,750.8
173,2021-09-16 00:00:00,428.0,438.95,439.0,425.25
174,2021-12-08 00:00:00,681.85,694.8,711.0,677.75
175,2022-01-17 00:00:00,827.6,835.0,858.6,821.75
176,2021-10-21 00:00:00,574.7,572.0,614.7,550.95
177,2021-10-25 00:00:00,588.9,594.4,596.9,572.4
178,2022-01-20 00:00:00,808.85,810.0,814.05,801.35
179,2021-11-10 00:00:00,761.15,748.0,775.0,748.0
180,2022-01-31 00:00:00,700.9,721.0,732.5,697.0
181,2021-11-23 00:00:00,701.25,655.0,706.8,645.2
182,2022-02-01 00:00:00,725.9,709.95,732.0,706.0
183,2021-12-06 00:00:00,673.2,698.0,705.0,671.45
184,2022-02-02 00:00:00,730.9,729.0,753.85,726.55
185,2021-12-23 00:00:00,731.3,693.0,764.9,693.0
186,2022-05-12 00:00:00,634.6,627.0,654.65,627.0
187,2022-01-12 00:00:00,801.65,833.0,836.9,790.85
188,2022-05-26 00:00:00,748.3,746.7,749.6,684.95
189,2022-01-25 00:00:00,697.15,658.5,707.55,652.0
190,2022-06-02 00:00:00,745.1,747.7,754.15,735.0
191,2022-02-09 00:00:00,692.25,698.0,703.75,685.95
192,2022-08-24 00:00:00,710.95,711.4,724.0,703.15
193,2022-02-10 00:00:00,657.2,695.0,698.2,655.0
194,2022-02-22 00:00:00,569.3,550.0,577.0,550.0
195,2022-03-08 00:00:00,535.2,535.0,543.3,529.0
196,2022-04-06 00:00:00,644.55,627.0,648.0,627.0
197,2022-05-05 00:00:00,719.9,720.0,757.85,706.55
198,2022-05-27 00:00:00,732.3,761.7,761.7,728.0
199,2022-06-08 00:00:00,742.8,733.3,748.8,726.6
200,2022-06-27 00:00:00,666.3,674.15,683.95,661.0
201,2022-07-07 00:00:00,731.15,735.0,749.0,728.25
202,2022-08-12 00:00:00,774.55,734.7,784.0,728.9
203,2022-09-16 00:00:00,757.15,735.0,772.0,734.85
204,2022-09-19 00:00:00,766.95,769.0,785.0,752.0
205,2021-01-08 00:00:00,255.5,249.7,258.6,248.8
206,2021-02-01 00:00:00,245.85,249.0,249.0,243.0
207,2021-02-02 00:00:00,248.05,247.1,250.0,245.15
208,2021-02-05 00:00:00,256.55,258.2,259.0,255.25
209,2021-02-18 00:00:00,247.8,249.5,250.3,246.55
210,2021-02-24 00:00:00,248.0,248.5,251.8,245.1
211,2021-02-26 00:00:00,243.0,248.7,250.75,240.25
212,2021-03-01 00:00:00,246.85,244.25,249.9,244.25
213,2021-05-06 00:00:00,278.75,276.95,284.0,271.25
214,2021-05-18 00:00:00,300.75,282.95,309.7,274.2
215,2021-06-03 00:00:00,439.85,445.0,459.85,434.0
216,2021-07-29 00:00:00,416.3,415.1,418.4,410.35
217,2021-07-30 00:00:00,421.65,418.75,428.3,412.6
218,2021-10-12 00:00:00,460.4,448.3,473.15,444.25
219,2022-01-06 00:00:00,760.9,773.75,805.25,749.1
220,2022-01-13 00:00:00,836.9,803.05,849.7,803.05
221,2022-01-28 00:00:00,713.0,740.0,740.0,702.0
222,2022-04-07 00:00:00,669.55,652.0,675.0,652.0
223,2022-04-12 00:00:00,688.35,696.5,705.95,673.05
224,2022-04-13 00:00:00,695.6,699.0,708.95,690.0
225,2022-06-24 00:00:00,667.5,676.95,690.0,660.7
226,2022-07-05 00:00:00,717.9,714.0,727.75,713.35
227,2022-07-06 00:00:00,731.25,723.8,739.9,720.0
228,2022-07-08 00:00:00,732.3,734.85,742.0,723.2
229,2022-07-27 00:00:00,685.6,696.0,699.2,680.0
230,2022-08-22 00:00:00,710.9,766.0,767.0,703.9
231,2022-09-21 00:00:00,782.5,786.65,799.75,775.0
232,2021-01-21 00:00:00,245.6,246.95,249.95,245.5
233,2021-01-29 00:00:00,248.6,250.65,257.0,247.75
234,2021-02-17 00:00:00,248.25,249.0,251.95,247.05
235,2021-03-30 00:00:00,262.25,260.45,267.65,260.45
236,2021-04-09 00:00:00,281.85,267.15,288.5,262.0
237,2021-04-27 00:00:00,266.75,262.2,268.3,262.2
238,2021-04-28 00:00:00,263.85,268.1,268.9,262.45
239,2021-05-05 00:00:00,275.55,275.3,278.0,269.0
240,2021-06-01 00:00:00,478.0,481.7,509.95,468.25
241,2021-08-09 00:00:00,440.75,452.0,454.9,438.0
242,2021-08-16 00:00:00,429.9,443.0,443.0,420.1
243,2021-09-27 00:00:00,412.7,416.6,421.75,411.0
244,2021-11-04 00:00:00,764.7,740.0,777.35,736.05
245,2021-11-15 00:00:00,723.7,727.9,740.0,722.0
246,2021-11-18 00:00:00,669.5,683.0,707.15,666.0
247,2021-12-22 00:00:00,690.7,692.0,695.95,685.15
248,2022-02-07 00:00:00,706.55,720.6,722.65,701.05
249,2022-02-28 00:00:00,619.95,595.0,625.0,581.0
250,2022-05-04 00:00:00,690.85,689.25,717.5,676.25
251,2022-05-06 00:00:00,743.05,715.0,749.95,694.5
252,2022-06-14 00:00:00,731.3,711.9,735.0,706.85
253,2022-08-10 00:00:00,720.35,719.75,724.15,700.0
254,2022-08-17 00:00:00,774.0,796.5,801.75,770.1
255,2022-09-05 00:00:00,694.55,702.0,708.05,692.0
256,2021-01-25 00:00:00,242.7,247.0,249.8,240.2
257,2021-02-12 00:00:00,249.9,242.5,251.5,242.5
258,2021-03-03 00:00:00,244.8,246.2,251.4,244.1
259,2021-03-10 00:00:00,247.3,248.3,250.1,246.25
260,2021-03-26 00:00:00,260.45,251.0,265.0,251.0
261,2021-04-29 00:00:00,265.35,267.7,267.7,262.45
262,2021-06-04 00:00:00,438.6,443.4,449.0,436.05
263,2021-06-16 00:00:00,438.9,455.0,455.9,398.0
264,2021-06-28 00:00:00,423.3,427.75,427.75,416.5
265,2021-07-07 00:00:00,404.1,409.75,410.0,402.0
266,2021-08-05 00:00:00,449.4,454.95,455.0,434.4
267,2021-08-26 00:00:00,415.35,416.0,417.5,410.6
268,2021-09-09 00:00:00,431.85,429.9,435.45,424.0
269,2021-09-13 00:00:00,427.3,432.0,433.0,425.15
270,2022-02-03 00:00:00,728.85,736.5,738.7,726.0
271,2022-02-17 00:00:00,638.05,640.65,647.2,632.0
272,2022-02-24 00:00:00,580.7,598.95,598.95,563.85
273,2022-02-25 00:00:00,601.3,600.0,618.0,594.9
274,2022-03-31 00:00:00,599.1,579.25,627.25,573.7
275,2022-05-31 00:00:00,737.45,753.0,774.85,726.1
276,2022-06-03 00:00:00,745.6,751.85,787.9,736.5
277,2022-06-29 00:00:00,685.15,672.6,690.0,667.85
278,2022-07-11 00:00:00,736.4,731.7,744.0,728.3
279,2022-08-16 00:00:00,791.2,786.0,819.9,785.0
280,2022-08-26 00:00:00,715.95,714.65,718.85,709.05
281,2022-09-14 00:00:00,719.9,685.0,729.4,685.0
282,2022-09-27 00:00:00,778.2,775.0,789.0,775.0
283,2021-02-22 00:00:00,250.7,248.9,253.5,246.1
284,2021-02-23 00:00:00,250.6,252.7,255.6,248.4
285,2021-03-02 00:00:00,244.95,247.0,248.1,242.1
286,2021-03-12 00:00:00,244.35,248.5,250.15,243.35
287,2021-04-16 00:00:00,269.0,260.0,273.2,260.0
288,2021-05-03 00:00:00,266.3,263.7,269.0,262.85
289,2021-05-04 00:00:00,270.65,267.75,274.75,267.25
290,2021-05-12 00:00:00,284.25,289.95,300.75,283.1
291,2021-05-14 00:00:00,274.05,289.25,289.25,271.0
292,2021-05-28 00:00:00,421.7,356.95,424.35,356.95
293,2021-06-02 00:00:00,439.9,469.9,473.8,437.1
294,2021-06-29 00:00:00,419.35,420.05,427.0,417.2
295,2021-07-02 00:00:00,410.25,419.2,419.2,407.45
296,2021-07-16 00:00:00,400.7,407.5,412.3,399.05
297,2021-07-22 00:00:00,414.15,411.2,423.8,407.4
298,2021-08-10 00:00:00,428.7,430.0,450.0,422.6
299,2021-09-02 00:00:00,409.5,409.0,415.05,403.1
300,2021-09-14 00:00:00,433.6,429.45,435.9,425.55
301,2021-09-17 00:00:00,426.0,432.95,432.95,416.2
302,2021-11-22 00:00:00,648.8,669.5,694.0,631.95
303,2021-12-17 00:00:00,737.45,748.7,767.5,730.0
304,2021-12-27 00:00:00,710.2,716.0,730.5,702.0
305,2022-02-14 00:00:00,638.75,651.9,658.45,633.05
306,2022-03-11 00:00:00,574.45,580.0,593.75,570.0
307,2022-03-17 00:00:00,580.1,581.0,592.9,576.0
308,2022-03-22 00:00:00,577.55,571.95,582.6,558.0
309,2022-04-25 00:00:00,708.6,725.0,730.4,702.05
310,2022-05-24 00:00:00,752.95,760.7,763.45,743.7
311,2022-06-15 00:00:00,727.15,731.3,738.0,721.1
312,2022-07-13 00:00:00,722.0,734.95,738.0,719.0
313,2022-07-20 00:00:00,705.5,703.05,718.75,703.05
314,2022-08-29 00:00:00,716.25,700.05,733.45,695.45
315,2022-09-12 00:00:00,692.5,704.9,707.25,690.0
316,2022-09-13 00:00:00,691.6,695.0,702.1,688.85
317,2022-09-26 00:00:00,773.25,760.0,789.0,733.05
318,2021-01-13 00:00:00,249.0,249.0,251.0,245.7
319,2021-02-08 00:00:00,245.3,256.6,257.8,242.0
320,2021-03-05 00:00:00,246.0,250.0,263.0,245.0
321,2021-03-19 00:00:00,241.65,241.1,246.0,240.05
322,2021-04-12 00:00:00,269.9,273.95,273.95,263.0
323,2021-05-07 00:00:00,283.15,278.85,291.0,277.75
324,2021-05-24 00:00:00,312.55,309.6,319.0,307.5
325,2021-06-23 00:00:00,423.55,432.2,436.0,420.45
326,2021-10-28 00:00:00,637.4,662.6,675.0,612.35
327,2021-12-01 00:00:00,686.15,695.0,709.45,681.0
328,2021-12-10 00:00:00,675.1,680.5,688.5,671.2
329,2021-12-14 00:00:00,680.05,671.0,693.4,661.0
330,2021-12-31 00:00:00,746.65,762.0,768.8,738.1
331,2022-01-07 00:00:00,795.1,760.9,799.9,760.9
332,2022-01-19 00:00:00,804.5,775.85,809.6,775.85
333,2022-02-04 00:00:00,708.85,728.85,734.4,707.0
334,2022-02-08 00:00:00,694.55,706.0,714.1,688.3
335,2022-02-21 00:00:00,587.6,625.0,626.4,580.65
336,2022-03-16 00:00:00,574.1,580.0,584.85,570.4
337,2022-03-21 00:00:00,567.75,585.0,595.0,565.0
338,2022-04-18 00:00:00,685.05,694.9,695.0,676.65
339,2022-05-09 00:00:00,687.8,740.0,764.45,680.1
340,2022-06-13 00:00:00,711.9,720.2,720.2,695.0
341,2022-07-04 00:00:00,714.8,691.0,740.0,689.05
342,2022-07-12 00:00:00,731.5,740.0,740.0,725.05
343,2022-07-28 00:00:00,681.4,688.0,694.95,680.0
344,2022-08-18 00:00:00,782.05,784.6,797.75,761.0
345,2022-09-02 00:00:00,709.2,720.0,721.9,706.7
346,2022-09-28 00:00:00,755.8,775.0,778.0,750.1
347,2021-01-04 00:00:00,247.85,253.15,254.85,245.7
348,2021-02-03 00:00:00,250.4,250.05,255.0,250.0
349,2021-04-23 00:00:00,267.15,269.0,269.0,265.0
350,2021-04-26 00:00:00,266.15,269.0,269.0,264.5
351,2021-05-19 00:00:00,295.45,301.0,310.0,292.0
352,2021-06-07 00:00:00,433.4,443.4,444.6,431.6
353,2021-07-01 00:00:00,415.85,419.55,420.0,410.95
354,2021-07-15 00:00:00,404.35,403.95,410.0,398.05
355,2021-07-27 00:00:00,429.05,414.15,433.0,414.15
356,2021-07-28 00:00:00,414.95,434.0,434.0,405.1
357,2021-10-06 00:00:00,427.6,447.35,453.35,421.0
358,2021-10-11 00:00:00,448.3,451.3,454.0,441.0
359,2021-10-14 00:00:00,471.55,468.5,487.0,467.0
360,2021-10-20 00:00:00,561.15,486.0,571.7,484.0
361,2021-10-26 00:00:00,581.5,585.0,595.0,569.3
362,2021-12-24 00:00:00,723.15,737.8,738.0,711.0
363,2022-03-10 00:00:00,580.0,550.0,600.7,545.0
364,2022-03-23 00:00:00,566.55,580.55,589.95,560.55
365,2022-03-28 00:00:00,568.4,580.85,580.85,561.0
366,2022-04-11 00:00:00,695.7,667.0,699.95,666.95
367,2022-04-29 00:00:00,702.7,730.0,732.0,700.0
368,2022-06-17 00:00:00,666.15,690.1,698.5,660.5
369,2022-06-23 00:00:00,673.55,676.8,690.0,656.0
370,2022-07-14 00:00:00,727.25,725.65,731.5,713.0
371,2022-08-08 00:00:00,719.75,726.0,738.35,715.2
372,2022-08-30 00:00:00,716.95,722.5,727.0,710.0
373,2021-01-14 00:00:00,248.25,250.0,250.0,247.25
374,2021-03-09 00:00:00,247.05,251.0,256.3,245.15
375,2021-04-13 00:00:00,256.55,268.0,277.95,254.1
376,2021-06-09 00:00:00,450.3,426.0,467.2,417.1
377,2021-06-17 00:00:00,426.3,438.5,448.6,405.25
378,2021-06-22 00:00:00,428.75,429.85,436.05,425.0
379,2021-06-25 00:00:00,424.35,420.75,440.0,420.75
380,2021-07-12 00:00:00,399.45,399.7,409.45,395.4
381,2021-07-26 00:00:00,414.15,416.0,416.0,405.25
382,2021-08-27 00:00:00,396.05,419.0,419.0,394.0
383,2021-08-30 00:00:00,405.65,401.7,416.65,397.65
384,2021-09-03 00:00:00,410.9,414.0,415.3,407.0
385,2021-09-15 00:00:00,432.65,434.05,441.0,430.0
386,2021-10-05 00:00:00,445.1,440.0,459.0,435.0
387,2021-10-29 00:00:00,629.4,647.0,648.85,616.0
388,2021-11-02 00:00:00,772.15,680.0,805.0,674.35
389,2022-01-10 00:00:00,779.05,797.0,809.8,769.4
390,2022-03-07 00:00:00,538.65,565.0,575.0,534.0
391,2022-04-20 00:00:00,692.35,682.0,708.45,682.0
392,2022-04-26 00:00:00,707.55,715.7,723.6,704.0
393,2022-05-13 00:00:00,661.5,645.0,664.55,636.1
394,2022-05-30 00:00:00,743.65,753.95,765.0,733.2
395,2022-06-20 00:00:00,619.95,665.0,669.5,615.0
396,2022-06-22 00:00:00,676.8,647.6,695.5,639.45
397,2022-07-15 00:00:00,710.45,730.0,730.0,704.0
398,2022-07-18 00:00:00,710.2,714.0,730.0,706.15
399,2022-07-21 00:00:00,716.45,709.05,721.0,705.25
400,2022-07-22 00:00:00,707.25,720.0,730.0,705.1
401,2022-08-01 00:00:00,718.5,697.0,720.5,697.0
402,2022-08-19 00:00:00,762.15,785.0,788.05,755.45
403,2022-09-29 00:00:00,784.5,765.8,796.75,760.0
404,2021-01-19 00:00:00,242.9,241.75,244.55,241.15
405,2021-01-27 00:00:00,241.6,244.0,245.95,240.0
406,2021-03-04 00:00:00,247.35,246.0,251.0,244.85
407,2021-04-06 00:00:00,262.0,259.3,264.1,256.25
408,2021-04-19 00:00:00,262.9,262.25,266.0,258.35
409,2021-05-26 00:00:00,366.6,325.0,366.6,313.35
410,2021-06-30 00:00:00,416.2,421.35,422.75,415.0
411,2021-09-06 00:00:00,414.35,417.5,420.0,413.0
412,2021-09-24 00:00:00,416.6,429.0,432.0,415.1
413,2021-09-29 00:00:00,416.6,417.6,423.45,414.05
414,2021-10-07 00:00:00,432.3,434.0,442.0,429.1
415,2021-10-08 00:00:00,440.3,442.9,447.8,432.55
416,2021-10-13 00:00:00,464.55,464.0,484.9,452.65
417,2021-10-22 00:00:00,583.8,564.7,624.7,562.0
418,2021-10-27 00:00:00,666.6,585.9,697.0,585.9
419,2021-11-09 00:00:00,756.1,776.75,810.95,750.0
420,2021-12-03 00:00:00,689.1,710.0,727.8,683.45
421,2021-12-16 00:00:00,758.95,740.75,774.0,721.95
422,2021-12-21 00:00:00,676.9,670.0,697.0,663.15
423,2021-12-28 00:00:00,720.0,718.5,724.8,713.7
424,2021-12-29 00:00:00,792.8,720.0,799.8,719.9
425,2022-01-03 00:00:00,730.9,731.3,754.85,720.0
426,2022-03-02 00:00:00,604.8,610.0,621.45,600.0
427,2022-04-08 00:00:00,662.6,687.8,690.0,661.0
428,2022-06-09 00:00:00,748.8,742.95,756.1,740.45
429,2022-07-25 00:00:00,698.1,710.4,711.95,696.05
430,2022-07-26 00:00:00,690.4,698.1,701.6,689.0
431,2022-08-03 00:00:00,728.75,738.0,744.55,711.35
432,2022-09-07 00:00:00,686.7,682.65,699.9,663.65
433,2022-09-30 00:00:00,766.65,770.0,780.0,760.05
434,2022-10-03 00:00:00,787.3,761.65,807.0,760.65
435,2022-10-14 00:00:00,787.75,797.0,805.0,781.05
436,2022-11-04 00:00:00,667.75,671.5,676.45,657.75
437,2022-11-28 00:00:00,659.15,645.5,662.0,644.05
438,2022-11-16 00:00:00,641.25,660.0,660.9,635.9
439,2022-10-04 00:00:00,789.8,800.0,824.2,785.05
440,2022-10-12 00:00:00,779.4,760.8,792.0,757.65
441,2022-10-13 00:00:00,789.2,782.8,796.0,775.0
442,2022-11-10 00:00:00,639.1,660.0,674.0,631.15
443,2022-12-15 00:00:00,655.2,667.75,676.6,652.0
444,2022-12-21 00:00:00,625.3,627.2,636.55,622.0
445,2023-02-17 00:00:00,642.8,643.0,648.5,636.4
446,2023-03-08 00:00:00,634.1,628.0,644.4,627.9
447,2023-03-13 00:00:00,606.6,631.4,634.95,597.1
448,2023-04-12 00:00:00,611.25,619.8,619.8,600.8
449,2023-05-04 00:00:00,640.15,638.0,642.95,634.05
450,2023-05-16 00:00:00,671.65,669.5,677.2,668.1
451,2023-05-24 00:00:00,687.1,666.95,692.0,665.05
452,2023-05-31 00:00:00,709.1,694.75,712.0,689.55
453,2023-06-13 00:00:00,716.5,712.15,720.3,707.2
454,2023-06-30 00:00:00,716.4,724.9,727.0,715.0
455,2022-10-19 00:00:00,797.3,799.7,801.35,787.6
456,2022-11-01 00:00:00,694.65,707.7,707.7,685.7
457,2022-11-07 00:00:00,680.75,675.0,682.8,666.35
458,2022-12-14 00:00:00,661.15,651.25,664.8,648.1
459,2022-12-28 00:00:00,632.0,632.85,635.55,622.0
460,2023-01-12 00:00:00,601.45,607.0,615.15,598.85
461,2023-01-19 00:00:00,630.7,643.2,645.9,628.0
462,2023-02-09 00:00:00,646.65,629.0,649.2,623.6
463,2023-03-06 00:00:00,629.3,633.8,638.0,628.0
464,2023-07-28 00:00:00,745.45,756.25,756.25,741.05
465,2023-07-31 00:00:00,754.75,756.6,768.0,745.45
466,2022-11-29 00:00:00,671.3,663.95,674.1,662.35
467,2023-01-02 00:00:00,624.25,622.1,629.0,617.8
468,2023-02-15 00:00:00,641.7,645.0,647.9,630.05
469,2023-02-21 00:00:00,650.6,652.55,661.5,640.1
470,2023-02-22 00:00:00,641.35,647.5,650.0,635.3
471,2023-03-17 00:00:00,626.6,627.0,633.9,612.5
472,2023-03-27 00:00:00,603.55,607.0,609.8,596.5
473,2023-03-29 00:00:00,625.05,607.95,630.0,598.9
474,2023-05-11 00:00:00,671.6,632.75,677.3,630.05
475,2023-06-19 00:00:00,715.05,719.8,725.0,713.0
476,2023-07-03 00:00:00,733.0,721.9,735.0,718.0
477,2023-08-07 00:00:00,763.75,761.45,765.1,758.6
478,2023-08-08 00:00:00,767.2,766.65,784.8,760.1
479,2022-10-20 00:00:00,827.8,798.95,844.95,790.3
480,2022-11-11 00:00:00,665.45,650.0,668.0,649.95
481,2022-11-25 00:00:00,648.2,642.8,652.6,637.55
482,2022-12-09 00:00:00,659.95,667.95,667.95,655.0
483,2022-12-23 00:00:00,575.7,607.5,610.55,555.25
484,2023-01-05 00:00:00,603.3,612.1,612.15,599.65
485,2023-03-22 00:00:00,628.3,633.25,634.45,624.35
486,2023-04-10 00:00:00,614.85,621.25,623.25,610.1
487,2023-04-20 00:00:00,603.95,607.6,613.8,602.15
488,2023-05-15 00:00:00,669.4,662.55,673.4,659.35
489,2023-05-19 00:00:00,650.25,664.0,664.0,641.3
490,2023-07-14 00:00:00,753.4,737.6,771.85,734.0
491,2023-07-18 00:00:00,748.05,753.95,756.5,740.55
492,2023-07-21 00:00:00,754.75,741.0,756.0,738.35
493,2022-10-27 00:00:00,733.85,742.25,749.9,721.1
494,2022-12-12 00:00:00,651.15,659.5,660.0,648.0
495,2023-01-04 00:00:00,609.1,622.75,622.75,607.0
496,2023-02-08 00:00:00,630.8,629.95,632.0,616.85
497,2023-02-28 00:00:00,651.25,645.15,653.5,637.0
498,2023-03-09 00:00:00,629.1,637.5,644.95,626.6
499,2023-03-14 00:00:00,604.6,612.6,622.0,600.15
500,2023-04-17 00:00:00,605.85,612.45,612.45,591.0
501,2023-06-05 00:00:00,699.0,707.4,712.0,693.0
502,2023-06-06 00:00:00,706.0,705.0,707.95,700.0
503,2023-06-07 00:00:00,702.8,709.55,721.0,701.0
504,2023-07-11 00:00:00,730.35,727.05,734.95,727.05
505,2022-11-15 00:00:00,654.1,662.5,664.4,651.0
506,2022-12-07 00:00:00,667.35,668.3,675.1,662.45
507,2022-12-22 00:00:00,607.5,626.0,630.95,595.55
508,2022-12-26 00:00:00,616.35,568.5,620.3,566.05
509,2023-01-16 00:00:00,612.1,610.0,614.95,607.0
510,2023-01-20 00:00:00,626.5,637.0,640.4,615.0
511,2023-01-24 00:00:00,618.1,616.7,626.95,615.0
512,2023-02-02 00:00:00,615.5,619.0,620.0,602.25
513,2023-02-20 00:00:00,649.3,650.0,655.0,636.65
514,2023-03-21 00:00:00,630.05,621.85,631.45,616.0
515,2023-03-31 00:00:00,626.85,625.05,629.95,615.1
516,2022-11-14 00:00:00,658.6,665.7,674.0,656.55
517,2023-04-27 00:00:00,624.15,615.0,627.0,611.55
518,2022-10-06 00:00:00,800.45,795.0,818.0,795.0
519,2023-05-10 00:00:00,633.5,633.5,639.0,628.15
520,2023-06-22 00:00:00,715.95,726.35,728.0,711.05
521,2023-08-01 00:00:00,760.15,759.65,766.0,754.6
522,2023-08-03 00:00:00,758.0,760.1,771.05,754.0
523,2023-08-21 00:00:00,803.05,793.65,804.6,790.0
524,2022-12-02 00:00:00,679.35,678.0,683.9,667.75
525,2022-12-16 00:00:00,632.5,652.2,652.2,626.0
526,2023-04-03 00:00:00,623.4,630.0,635.95,611.85
527,2023-04-11 00:00:00,616.7,615.0,618.6,613.4
528,2023-05-02 00:00:00,637.05,633.95,644.0,628.0
529,2023-05-23 00:00:00,668.8,663.75,676.0,660.0
530,2023-06-01 00:00:00,704.3,709.1,713.1,701.0
531,2023-06-09 00:00:00,715.9,711.4,720.0,708.0
532,2023-06-21 00:00:00,722.7,720.05,731.0,720.05
533,2023-07-26 00:00:00,755.45,761.0,768.85,753.05
534,2022-10-21 00:00:00,772.1,832.85,837.55,752.5
535,2022-10-25 00:00:00,744.2,764.5,764.5,739.0
536,2022-12-30 00:00:00,619.0,627.0,635.65,617.0
537,2023-01-03 00:00:00,619.65,627.4,627.4,618.0
538,2023-01-10 00:00:00,609.9,607.0,612.3,598.0
539,2023-01-17 00:00:00,606.95,613.0,619.4,602.0
540,2023-01-25 00:00:00,628.65,613.95,635.0,610.0
541,2023-03-16 00:00:00,622.15,613.9,655.0,611.75
542,2023-04-06 00:00:00,621.25,617.3,625.85,617.15
543,2023-04-13 00:00:00,612.45,610.35,616.5,610.35
544,2023-06-02 00:00:00,704.35,705.4,713.0,693.0
545,2023-06-14 00:00:00,720.85,715.0,723.0,711.05
546,2023-06-15 00:00:00,721.8,725.0,729.8,717.0
547,2023-07-17 00:00:00,752.8,759.25,770.35,746.5
548,2023-07-24 00:00:00,755.1,754.9,760.0,750.4
549,2022-10-28 00:00:00,749.75,735.85,753.4,733.7
550,2022-11-21 00:00:00,635.0,627.0,637.0,618.05
551,2022-12-08 00:00:00,664.6,670.0,673.75,661.55
552,2022-12-19 00:00:00,627.15,630.0,640.5,623.05
553,2022-12-20 00:00:00,627.15,630.1,634.9,619.05
554,2022-12-27 00:00:00,632.85,616.35,635.0,612.0
555,2023-02-07 00:00:00,619.9,619.0,629.9,612.1
556,2023-02-27 00:00:00,641.9,660.0,660.0,638.0
557,2023-03-20 00:00:00,621.85,629.75,629.8,615.05
558,2023-04-05 00:00:00,619.2,623.4,634.75,612.3
559,2023-05-18 00:00:00,669.9,679.35,683.65,665.05
560,2023-05-29 00:00:00,704.05,707.0,712.85,693.8
561,2023-06-16 00:00:00,719.8,721.8,725.4,710.1
562,2023-06-20 00:00:00,722.45,720.0,723.75,711.9
563,2023-06-26 00:00:00,711.7,719.0,728.0,706.3
564,2023-07-19 00:00:00,748.1,748.05,750.9,743.0
565,2023-08-02 00:00:00,759.55,764.95,774.4,752.0
566,2023-08-14 00:00:00,787.55,785.0,794.95,771.1
567,2023-08-22 00:00:00,793.8,800.0,809.65,787.0
568,2022-10-07 00:00:00,802.7,795.0,807.0,793.1
569,2022-10-31 00:00:00,714.7,738.5,740.0,708.85
570,2022-10-17 00:00:00,797.35,787.0,805.0,780.1
571,2022-11-24 00:00:00,639.65,643.0,644.95,636.25
572,2022-12-05 00:00:00,673.15,685.0,687.0,666.0
573,2023-01-09 00:00:00,604.15,609.1,618.2,600.85
574,2023-02-01 00:00:00,618.25,632.35,644.0,612.0
575,2023-02-10 00:00:00,643.7,650.0,658.0,637.05
576,2023-03-15 00:00:00,611.45,614.0,615.95,609.15
577,2023-04-19 00:00:00,607.6,614.0,617.4,603.0
578,2023-05-22 00:00:00,659.85,641.7,667.9,636.9
579,2023-05-25 00:00:00,701.5,694.0,704.0,681.05
580,2023-06-12 00:00:00,709.85,717.95,718.45,706.2
581,2023-07-06 00:00:00,730.9,733.45,733.95,728.3
582,2023-07-12 00:00:00,730.85,733.35,735.65,727.0
583,2023-08-10 00:00:00,775.3,767.2,780.85,762.1
584,2022-11-23 00:00:00,636.55,647.1,649.2,635.0
585,2022-12-01 00:00:00,674.2,699.95,699.95,670.05
586,2022-12-13 00:00:00,648.0,654.45,662.1,645.7
587,2023-02-24 00:00:00,650.75,654.75,657.05,642.55
588,2023-04-25 00:00:00,608.9,603.2,612.75,603.2
589,2023-06-08 00:00:00,707.15,703.2,711.3,702.8
590,2023-07-07 00:00:00,729.25,726.05,746.8,726.0
591,2023-07-13 00:00:00,735.3,731.0,737.95,730.15
592,2023-08-04 00:00:00,761.15,764.55,768.85,758.0
593,2023-08-17 00:00:00,779.3,780.3,787.25,774.1
594,2022-10-10 00:00:00,767.6,794.0,802.95,765.0
595,2022-10-11 00:00:00,757.65,773.0,781.9,745.1
596,2022-10-18 00:00:00,799.7,800.0,807.15,794.0
597,2022-11-02 00:00:00,673.4,686.0,693.0,667.55
598,2022-11-03 00:00:00,676.8,665.0,684.45,665.0
599,2022-11-22 00:00:00,643.85,635.0,646.95,634.4
600,2022-11-30 00:00:00,692.25,674.0,695.45,662.55
601,2023-01-13 00:00:00,609.35,604.5,612.0,599.0
602,2023-01-18 00:00:00,642.9,609.95,655.0,596.2
603,2023-01-23 00:00:00,620.75,621.0,629.65,615.5
604,2023-01-27 00:00:00,620.95,614.75,630.05,610.0
605,2023-02-23 00:00:00,651.45,641.35,653.2,634.05
606,2023-04-21 00:00:00,610.5,604.6,613.8,604.6
607,2023-05-03 00:00:00,638.15,642.4,642.4,625.0
608,2023-05-26 00:00:00,701.4,707.0,708.9,690.1
609,2023-05-30 00:00:00,694.75,704.5,706.0,688.0
610,2023-06-27 00:00:00,713.45,711.7,723.7,710.0
611,2023-07-05 00:00:00,733.1,726.2,734.95,722.0
612,2023-07-10 00:00:00,731.15,729.25,737.95,725.55
613,2023-08-18 00:00:00,786.85,775.6,796.3,772.2
614,2022-11-09 00:00:00,663.5,681.0,689.95,660.0
615,2022-11-17 00:00:00,632.1,644.5,653.95,630.2
616,2023-01-11 00:00:00,607.6,612.95,619.95,605.05
617,2023-02-03 00:00:00,614.55,615.5,620.0,610.1
618,2023-02-13 00:00:00,645.0,636.0,665.0,636.0
619,2023-03-02 00:00:00,635.9,649.45,649.45,631.0
620,2023-03-10 00:00:00,628.25,632.25,632.25,625.05
621,2023-04-28 00:00:00,633.85,627.3,636.65,623.15
622,2023-06-23 00:00:00,720.5,715.95,724.95,711.05
623,2023-08-09 00:00:00,765.05,770.0,778.1,764.0
624,2023-08-16 00:00:00,784.65,789.8,791.45,773.0
625,2022-10-24 00:00:00,762.6,755.0,766.9,755.0
626,2022-11-18 00:00:00,624.75,635.3,644.6,616.3
627,2022-12-06 00:00:00,664.7,670.1,676.0,660.1
628,2022-12-29 00:00:00,625.35,629.0,629.0,617.2
629,2023-01-06 00:00:00,608.7,609.0,611.55,600.0
630,2023-01-31 00:00:00,629.2,624.05,634.3,617.8
631,2023-02-16 00:00:00,636.4,646.35,646.35,630.55
632,2023-03-03 00:00:00,633.3,635.9,644.45,630.1
633,2023-03-24 00:00:00,606.75,631.1,631.1,600.05
634,2023-07-20 00:00:00,749.95,748.85,752.95,740.1
635,2023-01-30 00:00:00,625.45,624.0,629.9,611.2
636,2023-03-01 00:00:00,646.2,654.55,656.55,640.0
637,2023-03-23 00:00:00,627.95,627.0,637.65,621.4
638,2023-04-18 00:00:00,607.4,611.0,615.05,605.0
639,2023-04-24 00:00:00,602.0,613.65,618.5,600.15
640,2023-04-26 00:00:00,612.2,612.95,619.05,605.0
641,2023-05-09 00:00:00,633.5,636.75,641.4,631.0
642,2023-05-12 00:00:00,668.55,677.0,678.0,662.0
643,2023-05-17 00:00:00,678.8,674.0,683.0,671.0
644,2023-07-04 00:00:00,729.25,736.0,738.95,725.05
645,2023-07-27 00:00:00,752.45,762.95,762.95,750.2
646,2023-08-11 00:00:00,783.4,775.5,785.0,770.25
647,2023-02-06 00:00:00,616.0,629.9,629.9,609.35
648,2023-02-14 00:00:00,644.7,645.0,650.65,639.0
649,2023-03-28 00:00:00,606.4,598.7,608.0,598.3
650,2023-05-05 00:00:00,636.55,641.2,643.4,633.0
651,2023-05-08 00:00:00,633.55,636.6,641.9,631.0
652,2023-06-28 00:00:00,717.8,716.0,735.0,715.75
653,2023-07-25 00:00:00,760.2,758.2,765.45,750.05
654,2023-08-23 00:00:00,793.95,798.0,798.0,785.0
