,time,close,open,high,low
0,2021-01-12 00:00:00,955.7,936.75,961.45,932.2
1,2021-02-03 00:00:00,893.25,888.0,917.95,888.0
2,2021-03-01 00:00:00,820.75,816.0,825.0,806.45
3,2021-01-08 00:00:00,938.3,940.4,952.9,932.0
4,2021-01-18 00:00:00,891.25,916.6,918.0,886.7
5,2021-04-27 00:00:00,921.2,917.95,927.05,910.15
6,2021-05-28 00:00:00,1063.2,1075.1,1089.2,1055.15
7,2021-06-15 00:00:00,1107.3,1114.25,1126.9,1098.0
8,2021-07-07 00:00:00,1087.15,1169.9,1181.0,1070.0
9,2021-08-09 00:00:00,981.35,995.1,999.0,978.05
10,2021-08-27 00:00:00,938.1,935.0,948.6,926.0
11,2021-09-28 00:00:00,882.55,884.5,897.9,872.2
12,2021-10-13 00:00:00,894.15,897.95,902.0,889.2
13,2021-10-26 00:00:00,842.35,858.0,858.0,837.2
14,2021-11-08 00:00:00,871.5,868.5,876.7,853.6
15,2021-11-22 00:00:00,808.15,816.0,834.0,798.35
16,2022-01-21 00:00:00,897.4,919.0,919.0,890.15
17,2022-01-24 00:00:00,868.9,890.35,897.35,854.2
18,2022-03-29 00:00:00,776.7,790.15,797.35,769.8
19,2022-04-08 00:00:00,837.25,828.0,840.0,828.0
20,2022-04-22 00:00:00,785.0,768.0,790.0,767.5
21,2022-07-25 00:00:00,660.65,654.2,666.0,652.2
22,2022-08-05 00:00:00,749.8,751.55,762.0,743.7
23,2022-09-14 00:00:00,638.9,616.6,643.4,615.1
24,2022-09-28 00:00:00,600.05,592.6,605.0,592.45
25,2022-12-19 00:00:00,549.35,561.0,563.0,548.05
26,2022-12-23 00:00:00,551.4,561.0,567.0,548.05
27,2023-01-31 00:00:00,533.05,532.0,535.25,528.35
28,2023-02-01 00:00:00,529.2,533.05,539.0,526.9
29,2023-03-01 00:00:00,538.7,544.0,545.0,537.25
30,2023-03-22 00:00:00,548.55,548.0,553.5,540.0
31,2023-04-12 00:00:00,581.9,579.8,583.1,579.0
32,2023-04-26 00:00:00,565.8,570.0,571.5,564.0
33,2023-05-25 00:00:00,620.55,619.0,625.0,609.15
34,2023-05-26 00:00:00,629.8,622.0,640.0,617.4
35,2023-06-05 00:00:00,630.7,634.9,644.4,628.0
36,2023-06-16 00:00:00,630.35,650.5,654.9,627.05
37,2023-06-21 00:00:00,623.2,632.95,633.0,621.0
38,2023-07-05 00:00:00,679.6,694.35,699.7,677.7
39,2023-07-25 00:00:00,779.6,771.0,784.0,755.3
40,2023-08-17 00:00:00,856.15,834.55,860.0,834.05
41,2021-01-06 00:00:00,953.05,970.0,979.0,936.95
42,2021-01-13 00:00:00,946.5,957.0,972.0,935.0
43,2021-03-03 00:00:00,804.25,810.0,811.95,801.0
44,2021-04-05 00:00:00,830.55,845.0,847.55,828.05
45,2021-04-06 00:00:00,830.6,830.55,845.7,825.0
46,2021-04-08 00:00:00,908.15,854.6,914.45,850.7
47,2021-06-09 00:00:00,1069.4,1079.9,1104.9,1060.5
48,2021-07-08 00:00:00,1063.95,1087.15,1108.0,1060.0
49,2021-07-15 00:00:00,1105.9,1089.25,1111.0,1080.15
50,2021-08-16 00:00:00,988.2,990.0,1007.65,976.05
51,2021-11-10 00:00:00,857.15,875.0,880.0,853.1
52,2021-12-14 00:00:00,901.15,885.4,912.05,871.6
53,2021-12-17 00:00:00,843.8,860.0,862.4,832.2
54,2022-01-06 00:00:00,920.85,915.5,923.85,910.3
55,2022-01-14 00:00:00,922.35,916.0,925.0,914.45
56,2022-02-10 00:00:00,921.1,923.0,925.5,912.3
57,2022-02-23 00:00:00,824.9,841.0,858.4,821.2
58,2022-03-08 00:00:00,849.2,873.0,919.5,842.25
59,2022-03-17 00:00:00,825.6,845.1,848.5,815.0
60,2022-04-04 00:00:00,797.3,780.9,804.7,780.9
61,2022-04-11 00:00:00,838.1,843.6,848.4,832.0
62,2022-04-18 00:00:00,791.55,809.2,809.2,788.75
63,2022-05-25 00:00:00,677.55,682.0,689.8,660.3
64,2022-09-08 00:00:00,607.0,616.75,619.15,605.3
65,2022-12-02 00:00:00,581.95,581.85,597.0,572.35
66,2022-12-05 00:00:00,579.05,585.0,586.05,577.0
67,2022-12-06 00:00:00,580.95,590.0,600.0,578.85
68,2023-01-30 00:00:00,532.9,535.45,538.6,529.35
69,2023-02-23 00:00:00,537.95,541.0,543.85,530.45
70,2023-03-16 00:00:00,523.9,533.5,535.25,520.25
71,2023-04-28 00:00:00,574.95,573.0,576.9,568.0
72,2023-05-02 00:00:00,583.95,579.0,587.7,579.0
73,2023-05-08 00:00:00,614.95,610.0,618.0,606.15
74,2023-06-20 00:00:00,627.95,635.0,636.25,623.1
75,2023-07-17 00:00:00,719.1,721.0,729.95,708.15
76,2021-02-12 00:00:00,854.0,855.0,885.0,850.15
77,2021-02-26 00:00:00,811.35,803.55,820.0,793.2
78,2021-03-23 00:00:00,812.55,814.0,817.9,808.15
79,2021-09-14 00:00:00,975.65,979.0,979.0,964.0
80,2021-10-18 00:00:00,890.15,894.3,907.5,885.85
81,2021-11-12 00:00:00,828.7,816.0,840.75,800.15
82,2021-11-24 00:00:00,817.0,813.0,844.35,812.35
83,2022-01-28 00:00:00,896.35,885.0,906.0,877.4
84,2022-03-04 00:00:00,868.7,876.25,882.15,865.0
85,2022-03-21 00:00:00,807.7,829.0,830.0,804.0
86,2022-04-01 00:00:00,777.0,759.95,799.0,756.9
87,2022-04-12 00:00:00,818.8,830.0,839.0,813.95
88,2022-04-26 00:00:00,789.15,778.0,796.8,772.65
89,2022-07-05 00:00:00,643.7,649.9,656.5,636.3
90,2022-07-07 00:00:00,633.4,642.45,642.7,629.65
91,2022-08-10 00:00:00,672.85,773.9,773.9,669.4
92,2022-09-13 00:00:00,624.25,606.9,628.0,604.0
93,2022-10-14 00:00:00,598.0,602.0,604.25,596.3
94,2022-11-09 00:00:00,613.95,624.0,624.0,612.0
95,2022-11-21 00:00:00,569.5,575.0,575.55,567.0
96,2022-11-23 00:00:00,567.65,570.65,576.0,565.3
97,2022-12-14 00:00:00,568.75,573.0,575.0,564.0
98,2023-02-22 00:00:00,544.1,548.75,551.55,541.65
99,2023-03-09 00:00:00,561.15,571.0,571.0,556.1
100,2023-03-21 00:00:00,547.4,542.0,549.4,535.9
101,2023-05-11 00:00:00,637.9,649.0,649.95,633.0
102,2023-05-19 00:00:00,617.85,624.0,625.0,615.0
103,2023-06-09 00:00:00,623.8,625.5,625.85,621.0
104,2023-06-23 00:00:00,674.0,627.9,683.7,627.1
105,2023-07-06 00:00:00,696.7,681.55,699.0,679.6
106,2023-08-07 00:00:00,844.95,843.7,850.95,827.55
107,2023-08-16 00:00:00,831.5,820.4,841.95,812.0
108,2021-04-09 00:00:00,921.95,909.0,932.9,886.5
109,2021-04-22 00:00:00,876.8,889.0,908.15,868.5
110,2021-04-23 00:00:00,877.7,877.0,900.0,875.0
111,2021-07-26 00:00:00,1057.4,1092.15,1092.15,1055.0
112,2021-08-17 00:00:00,965.1,988.2,993.4,961.0
113,2021-08-31 00:00:00,945.3,940.15,959.75,940.05
114,2021-09-20 00:00:00,923.9,931.0,939.9,921.05
115,2021-09-27 00:00:00,877.15,884.35,886.0,871.1
116,2021-10-08 00:00:00,905.8,903.0,912.85,899.85
117,2021-10-21 00:00:00,859.9,868.5,868.5,852.05
118,2021-11-09 00:00:00,873.7,878.0,881.6,871.05
119,2021-11-11 00:00:00,824.15,857.15,864.0,792.3
120,2021-11-25 00:00:00,827.4,820.0,839.45,812.4
121,2021-12-28 00:00:00,891.6,883.1,895.0,881.7
122,2021-12-31 00:00:00,904.65,901.0,906.0,891.6
123,2022-02-14 00:00:00,917.4,904.15,929.0,897.95
124,2022-03-23 00:00:00,788.5,803.0,808.5,785.85
125,2022-04-28 00:00:00,796.9,785.35,801.0,781.0
126,2022-04-29 00:00:00,786.85,796.0,803.95,780.65
127,2022-05-26 00:00:00,673.9,671.4,680.0,663.95
128,2022-06-24 00:00:00,644.7,635.0,650.35,635.0
129,2022-07-12 00:00:00,635.25,637.0,639.9,632.6
130,2022-08-02 00:00:00,751.6,700.0,778.9,700.0
131,2022-09-01 00:00:00,615.05,615.95,621.45,613.25
132,2022-09-15 00:00:00,637.75,643.9,648.3,630.1
133,2022-10-13 00:00:00,596.3,593.5,598.95,588.1
134,2022-11-03 00:00:00,623.2,630.4,635.15,621.25
135,2022-11-10 00:00:00,588.25,613.35,617.4,584.0
136,2022-12-01 00:00:00,576.95,564.5,578.5,564.45
137,2022-12-08 00:00:00,572.85,575.2,576.0,571.8
138,2023-01-02 00:00:00,555.1,564.45,564.45,553.25
139,2023-01-12 00:00:00,558.1,549.9,559.4,547.25
140,2023-01-27 00:00:00,535.45,531.9,538.95,530.15
141,2023-03-02 00:00:00,553.2,540.95,557.7,536.45
142,2023-03-10 00:00:00,554.85,566.0,567.45,553.7
143,2023-03-28 00:00:00,551.1,547.5,562.5,544.85
144,2023-06-07 00:00:00,622.45,620.4,625.4,620.35
145,2021-01-29 00:00:00,890.25,895.6,904.8,882.9
146,2021-02-08 00:00:00,909.1,925.0,930.0,906.0
147,2021-02-24 00:00:00,805.75,825.8,829.8,801.0
148,2021-03-15 00:00:00,826.95,831.8,832.4,808.05
149,2021-05-07 00:00:00,942.0,954.0,954.6,941.1
150,2021-05-20 00:00:00,934.5,924.8,937.5,918.8
151,2021-06-16 00:00:00,1130.75,1110.0,1149.0,1082.35
152,2021-06-29 00:00:00,1094.3,1093.0,1103.0,1083.3
153,2021-07-14 00:00:00,1089.25,1082.35,1129.6,1070.0
154,2021-08-25 00:00:00,933.05,906.95,938.75,906.0
155,2021-09-02 00:00:00,979.9,955.0,989.9,948.0
156,2021-09-16 00:00:00,967.1,978.0,978.0,950.25
157,2021-10-04 00:00:00,912.7,909.9,926.95,905.6
158,2021-10-11 00:00:00,893.4,910.25,910.25,880.65
159,2021-11-01 00:00:00,842.2,825.55,847.75,815.05
160,2021-11-18 00:00:00,815.05,825.0,825.5,811.6
161,2021-11-23 00:00:00,809.55,809.0,822.0,800.0
162,2021-12-15 00:00:00,872.6,904.6,910.0,868.25
163,2021-12-23 00:00:00,840.55,838.0,847.95,832.05
164,2022-01-19 00:00:00,913.35,912.6,919.7,903.05
165,2022-02-02 00:00:00,919.55,904.4,932.0,901.3
166,2022-02-08 00:00:00,910.7,903.3,919.0,900.8
167,2022-03-16 00:00:00,839.25,830.0,844.9,828.0
168,2022-04-05 00:00:00,830.35,803.5,838.0,802.95
169,2022-04-07 00:00:00,834.15,838.0,843.9,829.5
170,2022-04-27 00:00:00,785.35,776.1,793.0,776.1
171,2022-05-05 00:00:00,780.9,784.7,791.2,777.0
172,2022-05-09 00:00:00,739.35,772.9,772.9,736.05
173,2022-05-12 00:00:00,677.9,677.8,683.95,645.1
174,2022-06-01 00:00:00,710.8,692.15,729.5,686.5
175,2022-06-09 00:00:00,689.55,680.2,694.45,680.2
176,2022-06-30 00:00:00,649.8,632.8,654.45,627.0
177,2022-07-01 00:00:00,650.4,652.0,653.0,642.7
178,2022-08-08 00:00:00,750.5,760.0,765.0,749.05
179,2022-09-26 00:00:00,600.65,624.9,625.55,599.0
180,2022-09-27 00:00:00,596.9,603.8,607.0,595.55
181,2022-10-17 00:00:00,595.3,599.9,599.9,592.1
182,2022-12-21 00:00:00,563.5,555.0,568.25,550.9
183,2023-01-09 00:00:00,551.65,555.55,557.8,550.1
184,2023-01-10 00:00:00,551.25,551.1,554.5,549.5
185,2023-02-06 00:00:00,529.1,528.2,538.4,525.35
186,2023-02-15 00:00:00,537.35,529.0,541.9,525.8
187,2023-03-17 00:00:00,536.95,527.6,540.0,526.0
188,2023-04-05 00:00:00,577.9,580.9,583.0,572.1
189,2023-06-06 00:00:00,620.3,631.0,634.45,619.0
190,2023-06-22 00:00:00,627.0,625.0,631.8,624.0
191,2023-07-28 00:00:00,827.2,841.0,844.0,816.5
192,2023-08-08 00:00:00,875.85,845.1,880.8,845.1
193,2023-08-11 00:00:00,848.25,882.4,887.45,845.1
194,2021-01-11 00:00:00,932.15,948.3,951.8,926.0
195,2021-01-20 00:00:00,906.0,915.0,918.9,902.9
196,2021-02-18 00:00:00,790.4,807.6,811.0,788.05
197,2021-02-19 00:00:00,814.7,791.0,823.75,771.5
198,2021-03-09 00:00:00,845.05,861.8,866.6,823.0
199,2021-03-25 00:00:00,818.2,799.0,823.0,778.1
200,2021-04-30 00:00:00,896.35,887.4,912.0,886.0
201,2021-06-08 00:00:00,1070.7,1041.9,1144.7,1022.0
202,2021-06-14 00:00:00,1104.3,1100.0,1130.7,1055.3
203,2021-06-18 00:00:00,1095.8,1056.5,1100.0,1046.0
204,2021-06-25 00:00:00,1096.1,1095.0,1107.0,1085.6
205,2021-07-01 00:00:00,1136.6,1139.0,1156.0,1131.1
206,2021-07-06 00:00:00,1162.05,1157.8,1189.0,1155.3
207,2021-08-06 00:00:00,993.95,1001.35,1009.95,991.05
208,2021-08-20 00:00:00,923.7,959.0,964.0,910.1
209,2021-11-03 00:00:00,859.6,860.0,866.55,852.0
210,2021-12-07 00:00:00,822.65,838.7,838.7,818.0
211,2021-12-13 00:00:00,883.7,869.45,904.0,869.45
212,2021-12-24 00:00:00,847.0,836.6,852.0,833.75
213,2022-01-27 00:00:00,884.05,880.45,887.6,868.0
214,2022-02-22 00:00:00,839.9,859.0,859.0,835.0
215,2022-03-03 00:00:00,884.2,873.9,899.5,873.55
216,2022-03-22 00:00:00,799.35,812.0,818.05,797.0
217,2022-05-04 00:00:00,780.55,787.0,787.9,775.2
218,2022-05-10 00:00:00,699.4,728.0,735.85,691.35
219,2022-06-02 00:00:00,699.65,713.0,713.3,693.3
220,2022-06-13 00:00:00,670.7,680.4,682.4,663.0
221,2022-06-17 00:00:00,668.85,666.7,673.4,660.5
222,2022-06-28 00:00:00,640.25,630.0,644.5,627.1
223,2022-07-11 00:00:00,634.9,642.9,644.45,629.8
224,2022-08-17 00:00:00,650.9,653.9,656.8,649.0
225,2022-09-05 00:00:00,616.5,617.9,624.0,611.65
226,2022-09-16 00:00:00,613.0,640.0,642.2,608.55
227,2022-10-19 00:00:00,588.35,591.05,596.9,586.0
228,2022-11-01 00:00:00,622.85,603.8,627.9,601.3
229,2022-11-28 00:00:00,567.0,567.0,573.9,564.0
230,2022-12-16 00:00:00,563.5,574.55,577.7,560.9
231,2023-01-11 00:00:00,547.15,551.5,553.5,546.5
232,2023-02-07 00:00:00,528.85,531.35,534.9,526.5
233,2023-02-14 00:00:00,528.95,535.0,536.3,525.95
234,2021-01-05 00:00:00,966.45,968.8,970.9,960.2
235,2021-01-19 00:00:00,910.55,899.0,917.95,895.2
236,2021-02-05 00:00:00,911.15,907.0,934.0,898.0
237,2021-02-11 00:00:00,886.25,889.9,915.5,858.35
238,2021-02-15 00:00:00,842.25,865.9,867.95,831.95
239,2021-04-28 00:00:00,902.9,927.0,928.5,901.05
240,2021-05-04 00:00:00,933.55,940.0,954.5,924.4
241,2021-05-27 00:00:00,1074.5,1092.1,1092.4,1067.05
242,2021-08-02 00:00:00,1010.15,1028.0,1029.0,1001.0
243,2021-09-09 00:00:00,980.3,972.0,984.5,966.6
244,2021-11-02 00:00:00,857.8,842.0,864.9,835.25
245,2021-11-17 00:00:00,821.35,830.0,834.0,816.6
246,2021-11-30 00:00:00,837.6,810.15,843.95,810.15
247,2022-01-17 00:00:00,927.75,926.0,944.0,922.1
248,2022-02-17 00:00:00,882.5,884.1,896.0,861.0
249,2022-03-14 00:00:00,836.35,845.05,851.1,828.0
250,2022-05-31 00:00:00,690.95,660.0,698.0,607.75
251,2022-08-01 00:00:00,705.0,688.0,710.9,684.75
252,2022-09-07 00:00:00,611.45,616.0,621.9,608.0
253,2022-09-23 00:00:00,622.95,629.9,639.3,620.5
254,2022-10-10 00:00:00,616.7,624.85,624.85,615.55
255,2022-10-27 00:00:00,604.1,595.15,605.0,595.15
256,2022-11-11 00:00:00,584.0,590.0,593.2,575.35
257,2022-11-16 00:00:00,580.45,581.95,587.7,577.95
258,2022-11-25 00:00:00,566.3,570.0,573.75,560.0
259,2022-12-09 00:00:00,568.05,574.05,575.65,565.0
260,2022-12-29 00:00:00,556.9,556.05,559.2,551.05
261,2023-02-24 00:00:00,539.5,540.65,545.0,535.0
262,2023-03-03 00:00:00,562.3,577.0,579.9,559.6
263,2023-03-23 00:00:00,548.45,547.0,553.0,541.75
264,2023-03-31 00:00:00,563.35,552.35,570.8,550.3
265,2023-04-06 00:00:00,578.2,580.85,580.85,573.25
266,2023-05-18 00:00:00,625.5,622.6,631.0,622.4
267,2023-05-23 00:00:00,620.1,617.15,630.0,617.15
268,2023-05-31 00:00:00,618.8,623.55,626.8,615.75
269,2023-06-12 00:00:00,622.05,623.8,625.95,616.6
270,2023-06-28 00:00:00,691.85,689.1,698.5,687.8
271,2023-08-10 00:00:00,876.05,916.0,916.0,867.25
272,2023-08-22 00:00:00,876.85,857.0,892.6,856.95
273,2023-02-20 00:00:00,549.95,538.0,555.0,535.55
274,2023-05-03 00:00:00,584.65,583.95,585.0,580.2
275,2023-05-10 00:00:00,648.75,620.0,654.0,614.25
276,2023-05-15 00:00:00,630.3,620.25,633.0,615.25
277,2023-06-13 00:00:00,620.55,625.3,625.3,618.2
278,2023-06-15 00:00:00,639.55,620.0,643.8,620.0
279,2023-07-04 00:00:00,692.75,706.9,706.9,691.0
280,2023-07-11 00:00:00,673.3,688.5,688.9,672.1
281,2023-07-13 00:00:00,681.4,678.0,685.0,672.3
282,2023-07-14 00:00:00,714.0,690.0,721.95,687.5
283,2021-01-01 00:00:00,967.3,965.0,980.9,961.35
284,2021-02-04 00:00:00,899.2,900.3,909.9,890.3
285,2021-02-09 00:00:00,900.75,909.0,915.55,897.0
286,2021-02-10 00:00:00,885.85,907.95,909.85,878.0
287,2021-03-30 00:00:00,821.4,806.0,829.1,805.45
288,2021-03-31 00:00:00,825.55,820.0,831.55,817.0
289,2021-04-07 00:00:00,846.4,835.0,856.75,834.6
290,2021-04-12 00:00:00,917.95,935.0,948.85,897.7
291,2021-04-20 00:00:00,893.25,915.0,915.0,888.0
292,2021-04-29 00:00:00,890.15,908.0,910.8,886.05
293,2021-06-10 00:00:00,1101.9,1075.0,1109.0,1071.0
294,2021-07-05 00:00:00,1157.8,1160.0,1166.05,1150.0
295,2021-07-12 00:00:00,1080.7,1076.0,1088.7,1059.0
296,2021-08-05 00:00:00,1001.35,1020.0,1021.25,994.15
297,2021-09-08 00:00:00,974.4,984.65,988.6,971.1
298,2021-09-22 00:00:00,893.95,905.0,908.7,892.0
299,2021-10-12 00:00:00,893.45,893.4,908.6,889.0
300,2021-11-04 00:00:00,859.95,868.0,868.0,858.1
301,2021-12-21 00:00:00,817.95,816.0,839.35,812.45
302,2022-01-18 00:00:00,918.4,926.0,932.0,912.0
303,2022-03-10 00:00:00,843.65,860.3,872.6,837.0
304,2022-03-11 00:00:00,838.6,846.65,851.05,835.0
305,2022-04-06 00:00:00,841.8,831.0,843.45,823.1
306,2022-04-13 00:00:00,811.45,823.1,827.4,808.8
307,2022-06-15 00:00:00,679.8,673.4,685.3,670.6
308,2022-06-22 00:00:00,638.0,648.5,657.65,610.0
309,2022-07-15 00:00:00,636.8,651.6,656.7,632.05
310,2022-07-21 00:00:00,654.7,647.6,662.8,643.65
311,2022-07-28 00:00:00,680.8,676.6,688.1,668.5
312,2022-08-11 00:00:00,639.7,680.0,685.0,636.55
313,2022-09-09 00:00:00,601.9,611.7,611.7,600.05
314,2022-10-06 00:00:00,629.95,628.0,631.5,623.8
315,2022-10-28 00:00:00,598.5,607.05,607.15,594.5
316,2022-11-22 00:00:00,567.85,570.0,572.35,567.0
317,2022-12-07 00:00:00,574.65,585.0,586.0,569.0
318,2022-12-27 00:00:00,559.3,552.0,560.75,550.4
319,2023-02-03 00:00:00,526.8,528.85,536.9,522.35
320,2023-03-08 00:00:00,569.1,570.0,580.0,563.1
321,2023-04-21 00:00:00,569.2,557.0,575.4,555.9
322,2023-05-04 00:00:00,593.25,585.4,599.5,584.65
323,2023-05-24 00:00:00,618.35,620.1,624.45,616.95
324,2023-06-19 00:00:00,631.3,632.0,637.6,628.65
325,2023-07-27 00:00:00,828.95,800.0,834.0,796.45
326,2023-08-02 00:00:00,801.9,821.3,824.75,785.0
327,2021-01-22 00:00:00,905.1,903.95,907.2,882.95
328,2021-01-28 00:00:00,894.35,885.0,900.8,864.0
329,2021-02-22 00:00:00,794.7,815.0,825.95,787.25
330,2021-03-18 00:00:00,818.4,828.0,832.55,801.25
331,2021-04-13 00:00:00,913.25,934.0,939.0,908.45
332,2021-05-17 00:00:00,919.45,938.0,939.9,917.0
333,2021-06-02 00:00:00,1048.05,1043.0,1062.9,1040.7
334,2021-07-09 00:00:00,1075.15,1069.0,1092.9,1053.8
335,2021-07-28 00:00:00,1016.65,1035.05,1039.9,1004.05
336,2021-09-06 00:00:00,980.1,990.4,993.0,973.0
337,2021-12-08 00:00:00,834.7,832.0,843.0,827.1
338,2021-12-30 00:00:00,894.8,903.6,908.8,891.2
339,2022-01-11 00:00:00,917.45,916.0,924.55,910.0
340,2022-02-04 00:00:00,911.1,902.0,925.75,902.0
341,2022-02-15 00:00:00,895.35,928.0,938.8,885.9
342,2022-02-16 00:00:00,881.25,899.7,900.7,879.0
343,2022-02-18 00:00:00,871.0,882.3,885.75,863.95
344,2022-04-19 00:00:00,792.45,800.0,803.0,790.0
345,2022-06-29 00:00:00,632.8,635.45,639.4,629.7
346,2022-07-18 00:00:00,634.5,640.0,641.95,632.15
347,2022-07-19 00:00:00,638.55,635.4,647.9,635.4
348,2022-08-04 00:00:00,750.5,753.05,760.9,738.0
349,2022-08-18 00:00:00,653.15,662.1,669.7,650.15
350,2022-08-23 00:00:00,625.35,634.0,636.55,623.9
351,2022-09-29 00:00:00,614.55,603.2,619.0,602.05
352,2022-10-18 00:00:00,590.25,599.75,602.5,586.55
353,2022-10-31 00:00:00,600.75,600.95,607.0,592.0
354,2022-11-02 00:00:00,630.0,625.0,635.65,620.65
355,2022-11-07 00:00:00,620.9,628.0,628.0,618.6
356,2022-12-12 00:00:00,573.45,568.05,578.45,565.9
357,2023-01-17 00:00:00,543.6,552.1,552.1,542.0
358,2023-02-09 00:00:00,529.5,533.1,535.9,520.85
359,2023-04-10 00:00:00,584.8,580.0,590.9,567.7
360,2023-05-05 00:00:00,608.0,588.7,619.4,588.7
361,2023-05-17 00:00:00,622.4,626.0,630.0,615.5
362,2021-03-10 00:00:00,824.6,850.1,855.0,820.6
363,2021-03-17 00:00:00,820.6,820.4,824.95,813.0
364,2021-03-24 00:00:00,797.7,810.0,819.0,795.0
365,2021-04-16 00:00:00,922.2,903.0,943.55,891.5
366,2021-05-05 00:00:00,932.9,934.0,944.9,926.3
367,2021-05-12 00:00:00,924.75,921.0,932.35,919.25
368,2021-06-01 00:00:00,1045.8,1058.55,1060.6,1041.8
369,2021-06-07 00:00:00,1038.3,1044.15,1047.85,1028.5
370,2021-06-24 00:00:00,1106.65,1072.0,1118.0,1063.05
371,2021-07-27 00:00:00,1038.9,1059.0,1069.35,1022.3
372,2021-09-15 00:00:00,968.15,975.8,982.2,966.0
373,2021-09-23 00:00:00,884.4,904.0,907.0,877.85
374,2021-10-01 00:00:00,902.7,895.9,918.0,883.3
375,2021-10-06 00:00:00,895.2,906.0,906.0,887.0
376,2021-10-29 00:00:00,827.2,818.0,830.55,815.2
377,2021-11-16 00:00:00,832.0,849.7,850.4,830.0
378,2021-11-26 00:00:00,833.3,825.95,858.85,814.05
379,2021-12-09 00:00:00,864.7,836.0,877.0,835.0
380,2022-02-07 00:00:00,906.75,910.65,917.9,895.1
381,2022-02-11 00:00:00,922.65,920.0,926.6,912.7
382,2022-03-25 00:00:00,777.4,790.5,799.65,772.95
383,2022-04-25 00:00:00,767.95,786.0,788.95,765.05
384,2022-05-18 00:00:00,715.15,721.0,732.0,712.15
385,2022-05-24 00:00:00,686.25,692.0,697.7,681.55
386,2022-06-16 00:00:00,668.75,683.4,686.15,665.0
387,2022-06-27 00:00:00,639.0,657.55,657.75,637.55
388,2022-07-06 00:00:00,639.3,646.0,646.0,636.0
389,2022-07-14 00:00:00,650.0,635.8,664.0,634.0
390,2022-07-29 00:00:00,682.15,682.1,684.7,675.25
391,2022-08-12 00:00:00,647.35,645.0,658.3,642.05
392,2022-08-26 00:00:00,624.35,630.0,632.45,623.0
393,2022-09-30 00:00:00,605.8,612.0,614.5,600.05
394,2022-11-24 00:00:00,567.25,569.9,571.8,565.7
395,2022-12-20 00:00:00,552.6,553.75,557.2,549.8
396,2022-12-28 00:00:00,558.4,559.3,559.9,550.95
397,2023-01-16 00:00:00,549.9,558.95,558.95,549.0
398,2023-03-06 00:00:00,568.5,564.2,570.75,560.95
399,2023-03-24 00:00:00,536.2,551.15,551.15,532.6
400,2023-04-11 00:00:00,579.8,585.9,586.4,578.0
401,2023-04-17 00:00:00,569.8,574.95,574.95,568.3
402,2023-05-29 00:00:00,633.1,637.75,659.7,629.1
403,2023-07-12 00:00:00,671.15,676.25,684.8,667.8
404,2023-07-18 00:00:00,713.6,722.7,726.7,708.05
405,2023-07-26 00:00:00,793.85,785.15,797.8,773.65
406,2021-01-14 00:00:00,936.9,946.5,959.5,935.1
407,2021-02-16 00:00:00,819.35,842.25,845.95,812.4
408,2021-02-23 00:00:00,820.35,798.85,824.55,788.0
409,2021-03-26 00:00:00,803.65,814.1,820.0,799.05
410,2021-04-19 00:00:00,900.4,921.85,921.85,895.4
411,2021-05-06 00:00:00,944.2,940.0,959.0,940.0
412,2021-05-14 00:00:00,927.45,934.0,934.0,919.35
413,2021-05-26 00:00:00,1086.3,1060.0,1092.95,1036.6
414,2021-06-04 00:00:00,1040.4,1043.15,1050.75,1038.1
415,2021-06-17 00:00:00,1082.3,1130.0,1130.0,1075.1
416,2021-06-21 00:00:00,1096.5,1084.0,1116.0,1070.2
417,2021-06-22 00:00:00,1087.6,1105.0,1107.35,1082.85
418,2021-07-20 00:00:00,1076.1,1085.1,1090.65,1057.5
419,2021-07-22 00:00:00,1092.45,1088.0,1096.6,1080.9
420,2021-07-23 00:00:00,1094.45,1092.45,1101.45,1078.15
421,2021-08-03 00:00:00,1005.25,1016.1,1020.0,1001.0
422,2021-08-04 00:00:00,1016.25,1005.25,1019.9,991.2
423,2021-09-21 00:00:00,899.8,920.15,925.85,896.1
424,2021-10-25 00:00:00,850.2,844.1,853.95,810.0
425,2021-12-06 00:00:00,832.3,840.0,848.0,831.0
426,2021-12-20 00:00:00,825.75,841.8,841.8,814.15
427,2022-02-09 00:00:00,920.85,906.6,924.0,906.6
428,2022-02-25 00:00:00,795.8,779.0,802.0,766.0
429,2022-03-24 00:00:00,783.2,791.35,804.0,776.0
430,2022-05-16 00:00:00,700.05,686.95,708.0,684.5
431,2022-05-19 00:00:00,699.6,708.6,708.6,694.0
432,2022-05-23 00:00:00,703.85,706.85,714.0,696.7
433,2022-06-07 00:00:00,691.1,695.35,698.0,687.0
434,2022-06-23 00:00:00,634.6,641.4,653.9,630.3
435,2022-07-26 00:00:00,670.7,662.0,676.95,660.3
436,2022-08-19 00:00:00,647.3,653.15,655.0,642.0
437,2022-10-11 00:00:00,601.75,619.7,619.7,599.0
438,2022-10-24 00:00:00,593.9,596.9,596.9,590.0
439,2022-10-25 00:00:00,594.5,591.0,596.0,586.9
440,2022-11-04 00:00:00,625.75,621.25,627.6,618.0
441,2022-11-14 00:00:00,573.4,584.8,585.0,545.0
442,2022-11-18 00:00:00,574.35,572.7,576.5,566.75
443,2022-11-30 00:00:00,560.7,565.8,565.8,558.5
444,2022-12-13 00:00:00,570.6,572.0,577.15,569.0
445,2023-01-05 00:00:00,559.0,560.0,560.95,555.0
446,2023-01-19 00:00:00,534.5,540.65,544.7,529.6
447,2023-01-25 00:00:00,528.25,531.6,532.5,526.1
448,2023-04-19 00:00:00,557.35,566.5,571.05,556.0
449,2023-06-27 00:00:00,685.65,699.4,699.4,684.05
450,2023-06-30 00:00:00,693.2,697.9,699.5,690.0
451,2023-07-19 00:00:00,714.65,714.9,739.7,711.75
452,2023-08-21 00:00:00,861.5,869.0,876.0,860.0
453,2021-01-04 00:00:00,968.8,972.0,974.6,961.0
454,2021-01-21 00:00:00,896.75,906.0,914.0,894.0
455,2021-03-19 00:00:00,810.9,808.2,821.9,797.85
456,2021-03-22 00:00:00,814.45,810.9,818.8,805.65
457,2021-04-01 00:00:00,842.1,829.9,854.9,829.05
458,2021-04-15 00:00:00,910.6,911.55,931.35,898.9
459,2021-05-10 00:00:00,941.45,945.0,948.65,920.0
460,2021-05-25 00:00:00,1051.85,1094.0,1105.0,1032.2
461,2021-05-31 00:00:00,1051.0,1067.7,1076.2,1037.85
462,2021-06-03 00:00:00,1045.05,1053.3,1059.9,1034.0
463,2021-06-11 00:00:00,1097.8,1105.0,1111.8,1080.6
464,2021-07-16 00:00:00,1108.05,1110.0,1113.55,1086.45
465,2021-07-29 00:00:00,1018.4,1015.0,1026.3,1013.0
466,2021-08-12 00:00:00,1041.45,1016.65,1049.0,994.5
467,2021-08-23 00:00:00,902.35,938.0,940.0,891.15
468,2021-08-26 00:00:00,939.25,933.05,942.0,922.75
469,2021-09-07 00:00:00,982.55,987.8,987.8,970.0
470,2021-12-01 00:00:00,842.0,841.8,848.0,831.65
471,2021-12-03 00:00:00,846.35,840.05,850.0,821.2
472,2022-01-03 00:00:00,921.05,911.9,927.0,905.35
473,2022-01-05 00:00:00,915.15,915.0,921.75,912.6
474,2022-01-12 00:00:00,917.45,918.0,929.0,912.2
475,2022-01-13 00:00:00,921.35,924.0,926.0,915.0
476,2022-02-01 00:00:00,904.4,915.0,916.75,892.0
477,2022-03-09 00:00:00,853.65,864.0,864.0,845.0
478,2022-05-13 00:00:00,683.5,681.5,695.2,677.9
479,2022-08-29 00:00:00,615.3,615.95,621.0,612.55
480,2022-09-02 00:00:00,608.8,618.3,619.6,607.0
481,2022-10-03 00:00:00,611.6,606.0,622.9,603.5
482,2022-10-04 00:00:00,624.45,614.8,627.0,613.5
483,2022-11-17 00:00:00,569.85,580.45,584.95,562.2
484,2023-01-06 00:00:00,553.1,561.8,564.0,552.0
485,2023-01-20 00:00:00,535.9,536.45,538.5,529.85
486,2023-02-21 00:00:00,547.8,550.0,554.0,544.4
487,2023-03-29 00:00:00,555.7,551.45,559.8,547.0
488,2023-04-24 00:00:00,568.9,572.0,577.2,565.45
489,2023-06-14 00:00:00,619.95,621.0,625.0,618.65
490,2023-07-07 00:00:00,681.35,696.7,700.85,675.9
491,2023-07-20 00:00:00,752.95,717.0,758.8,716.95
492,2021-01-25 00:00:00,894.45,910.0,914.0,884.0
493,2021-02-01 00:00:00,889.5,894.6,899.0,865.0
494,2021-03-02 00:00:00,802.2,825.0,825.0,799.05
495,2021-03-05 00:00:00,833.8,841.05,853.0,823.1
496,2021-05-03 00:00:00,924.4,929.0,934.0,910.3
497,2021-07-02 00:00:00,1150.0,1141.0,1172.5,1133.0
498,2021-07-30 00:00:00,1024.05,1020.0,1036.0,1002.1
499,2021-09-17 00:00:00,937.4,975.0,975.0,927.25
500,2021-09-24 00:00:00,879.95,890.0,890.0,874.1
501,2021-10-05 00:00:00,897.6,907.2,915.0,895.2
502,2021-10-07 00:00:00,902.25,895.5,906.0,871.0
503,2021-10-14 00:00:00,889.85,898.0,902.8,888.2
504,2021-10-27 00:00:00,830.2,843.0,847.3,827.0
505,2021-10-28 00:00:00,826.1,837.5,837.5,810.6
506,2022-01-04 00:00:00,914.75,930.0,932.15,912.05
507,2022-01-10 00:00:00,916.05,924.65,924.65,911.2
508,2022-01-20 00:00:00,918.55,925.0,925.0,905.55
509,2022-03-02 00:00:00,869.3,870.0,881.0,850.9
510,2022-05-06 00:00:00,768.9,770.4,779.0,766.0
511,2022-05-11 00:00:00,674.45,700.0,706.7,665.0
512,2022-05-17 00:00:00,719.0,694.0,725.9,694.0
513,2022-05-27 00:00:00,679.55,677.4,686.0,671.25
514,2022-06-06 00:00:00,697.55,702.0,702.0,687.9
515,2022-06-10 00:00:00,686.6,683.3,697.75,673.35
516,2022-07-22 00:00:00,654.2,656.3,669.95,651.45
517,2022-08-16 00:00:00,654.8,663.95,663.95,646.05
518,2022-08-22 00:00:00,634.35,647.75,648.35,632.5
519,2022-08-30 00:00:00,615.65,620.0,625.9,612.0
520,2022-09-21 00:00:00,638.25,650.0,650.0,634.0
521,2022-09-22 00:00:00,629.35,633.5,638.0,625.0
522,2022-10-20 00:00:00,589.7,588.8,593.0,587.65
523,2022-10-21 00:00:00,585.45,592.65,594.9,582.0
524,2022-12-22 00:00:00,559.45,566.85,567.7,549.1
525,2022-12-26 00:00:00,551.55,555.95,570.0,547.5
526,2023-01-03 00:00:00,563.1,559.4,565.0,553.7
527,2023-01-13 00:00:00,553.6,559.65,562.25,549.65
528,2023-02-10 00:00:00,524.85,528.95,528.95,518.0
529,2023-02-27 00:00:00,542.8,541.7,545.8,534.3
530,2023-03-13 00:00:00,544.4,554.85,556.8,542.85
531,2023-03-15 00:00:00,534.3,542.2,542.3,533.1
532,2021-01-07 00:00:00,934.55,966.5,966.5,931.0
533,2021-03-04 00:00:00,837.65,804.0,857.0,802.1
534,2021-03-08 00:00:00,851.55,838.15,898.8,838.15
535,2021-03-12 00:00:00,825.1,831.95,847.4,815.65
536,2021-03-16 00:00:00,816.3,831.1,831.95,810.35
537,2021-04-26 00:00:00,907.9,930.0,945.0,901.0
538,2021-05-11 00:00:00,925.6,939.9,945.0,918.0
539,2021-05-19 00:00:00,923.55,930.15,937.8,918.0
540,2021-05-24 00:00:00,1083.15,1188.05,1188.05,1074.1
541,2021-07-19 00:00:00,1089.3,1095.0,1102.75,1084.5
542,2021-08-11 00:00:00,1010.55,983.0,1014.0,972.0
543,2021-08-18 00:00:00,965.35,969.95,973.9,956.45
544,2021-09-30 00:00:00,891.55,887.0,895.0,879.1
545,2021-10-22 00:00:00,839.7,860.6,865.8,833.45
546,2021-11-29 00:00:00,823.6,823.0,845.35,819.2
547,2021-12-29 00:00:00,900.15,904.95,913.8,895.2
548,2022-01-07 00:00:00,915.5,914.0,922.75,911.05
549,2022-02-21 00:00:00,866.85,862.0,881.7,861.0
550,2022-02-24 00:00:00,763.65,800.0,809.0,751.9
551,2022-03-15 00:00:00,825.45,836.35,847.4,822.25
552,2022-03-28 00:00:00,789.4,783.85,793.95,776.05
553,2022-03-30 00:00:00,772.05,780.0,785.95,760.05
554,2022-05-02 00:00:00,786.75,783.55,802.3,775.2
555,2022-05-20 00:00:00,699.05,702.0,708.6,694.0
556,2022-06-03 00:00:00,699.8,703.3,709.05,693.6
557,2022-06-14 00:00:00,670.05,665.1,683.75,665.1
558,2022-06-20 00:00:00,655.7,670.0,670.0,650.1
559,2022-06-21 00:00:00,649.85,659.2,659.2,646.0
560,2022-07-04 00:00:00,647.7,655.0,657.8,642.15
561,2022-08-24 00:00:00,620.0,625.6,633.95,615.0
562,2022-08-25 00:00:00,625.55,624.95,647.0,619.55
563,2022-09-06 00:00:00,618.45,623.0,623.0,615.05
564,2022-11-29 00:00:00,562.9,569.2,576.85,560.0
565,2023-01-04 00:00:00,558.15,566.1,570.0,556.5
566,2023-01-24 00:00:00,531.6,539.15,539.3,530.0
567,2023-02-13 00:00:00,533.95,525.0,549.0,522.3
568,2023-03-14 00:00:00,539.5,547.3,553.8,538.0
569,2023-04-13 00:00:00,574.05,580.0,582.95,573.0
570,2023-04-27 00:00:00,570.95,568.05,576.9,565.8
571,2023-06-01 00:00:00,622.95,623.9,634.0,618.9
572,2023-07-03 00:00:00,694.0,698.9,716.0,690.4
573,2023-08-03 00:00:00,807.25,801.85,816.3,793.6
574,2023-08-04 00:00:00,833.8,813.0,841.5,812.55
575,2023-08-14 00:00:00,825.35,845.1,852.25,818.95
576,2023-04-20 00:00:00,553.9,559.45,559.45,551.0
577,2023-04-25 00:00:00,569.5,571.9,571.9,563.0
578,2023-06-02 00:00:00,627.8,625.0,636.3,623.15
579,2023-07-10 00:00:00,683.85,684.1,699.75,681.1
580,2021-01-15 00:00:00,916.6,941.5,944.9,903.0
581,2021-02-02 00:00:00,887.05,898.0,907.3,882.0
582,2021-02-25 00:00:00,802.3,811.0,824.25,796.05
583,2021-05-18 00:00:00,931.2,928.6,935.0,922.0
584,2021-05-21 00:00:00,990.05,940.0,997.4,937.0
585,2021-06-23 00:00:00,1072.45,1097.0,1097.0,1064.55
586,2021-06-30 00:00:00,1129.35,1095.0,1144.0,1089.0
587,2021-08-10 00:00:00,983.0,983.2,998.0,972.1
588,2021-09-01 00:00:00,940.95,946.0,949.0,922.0
589,2021-09-03 00:00:00,987.45,988.25,993.95,980.15
590,2021-09-29 00:00:00,886.0,884.5,894.5,878.6
591,2021-10-19 00:00:00,882.05,891.0,897.05,878.8
592,2021-10-20 00:00:00,860.15,875.0,888.9,857.0
593,2021-11-15 00:00:00,845.95,831.0,854.0,820.2
594,2021-12-27 00:00:00,890.4,849.1,897.0,840.25
595,2022-01-25 00:00:00,883.45,868.9,889.5,852.35
596,2022-01-31 00:00:00,910.35,905.0,915.15,897.7
597,2022-03-07 00:00:00,844.35,855.0,855.0,822.65
598,2022-03-31 00:00:00,756.15,775.95,780.0,752.1
599,2022-05-30 00:00:00,666.2,683.1,693.9,650.0
600,2022-07-08 00:00:00,639.9,636.7,647.15,636.6
601,2022-07-13 00:00:00,634.9,636.15,638.1,634.0
602,2022-08-03 00:00:00,749.3,743.05,761.45,735.5
603,2022-09-12 00:00:00,602.55,605.0,612.0,599.9
604,2022-09-19 00:00:00,637.1,616.8,643.0,606.1
605,2022-11-15 00:00:00,581.95,576.3,584.85,574.05
606,2022-12-15 00:00:00,572.25,569.85,573.95,568.6
607,2022-12-30 00:00:00,561.65,559.4,565.0,551.3
608,2023-01-23 00:00:00,536.5,538.5,539.9,535.0
609,2023-02-02 00:00:00,525.75,530.0,546.9,502.0
610,2023-02-08 00:00:00,530.7,529.8,534.0,527.95
611,2023-03-27 00:00:00,548.35,538.15,550.1,530.55
612,2023-04-03 00:00:00,580.9,569.8,583.15,564.65
613,2023-05-09 00:00:00,621.05,615.0,624.0,610.0
614,2023-05-12 00:00:00,623.3,636.0,640.5,620.05
615,2023-05-16 00:00:00,625.1,630.0,640.2,620.5
616,2023-05-22 00:00:00,619.55,617.95,628.7,616.0
617,2023-05-30 00:00:00,619.5,649.8,649.8,615.5
618,2023-07-21 00:00:00,768.5,780.0,780.0,750.0
619,2023-07-31 00:00:00,833.95,840.0,859.7,825.25
620,2023-08-18 00:00:00,864.95,860.3,872.9,853.05
621,2023-08-23 00:00:00,892.7,881.3,895.0,878.1
622,2021-01-27 00:00:00,884.5,895.1,902.95,882.05
623,2021-02-17 00:00:00,806.25,823.0,831.9,795.9
624,2021-06-28 00:00:00,1088.25,1082.15,1095.0,1071.45
625,2021-07-13 00:00:00,1084.1,1085.0,1091.85,1074.05
626,2021-08-13 00:00:00,988.55,1040.0,1040.0,980.0
627,2021-08-24 00:00:00,898.85,900.0,906.4,884.6
628,2021-08-30 00:00:00,948.35,944.0,951.6,935.05
629,2021-09-13 00:00:00,970.6,988.8,988.9,965.0
630,2021-12-02 00:00:00,841.55,847.0,860.0,830.0
631,2021-12-10 00:00:00,869.15,865.65,872.85,862.55
632,2021-12-16 00:00:00,859.5,872.6,879.8,853.0
633,2021-12-22 00:00:00,830.05,820.15,839.0,820.15
634,2022-02-03 00:00:00,911.7,922.0,924.15,909.7
635,2022-02-28 00:00:00,869.5,760.2,897.0,760.2
636,2022-04-20 00:00:00,777.95,790.25,799.0,775.6
637,2022-04-21 00:00:00,769.4,781.85,785.45,767.0
638,2022-06-08 00:00:00,688.95,691.1,696.1,681.05
639,2022-07-20 00:00:00,645.0,641.9,654.9,641.0
640,2022-07-27 00:00:00,673.35,678.0,679.45,670.1
641,2022-09-20 00:00:00,649.0,650.0,660.0,645.0
642,2022-10-07 00:00:00,626.3,628.0,630.5,621.0
643,2022-10-12 00:00:00,590.5,603.0,604.5,588.0
644,2023-01-18 00:00:00,540.65,544.45,550.0,539.65
645,2023-02-16 00:00:00,537.75,540.0,540.0,535.8
646,2023-02-17 00:00:00,534.85,539.75,539.75,533.8
647,2023-02-28 00:00:00,537.95,544.8,545.5,536.55
648,2023-03-20 00:00:00,539.25,545.0,545.0,535.0
649,2023-04-18 00:00:00,566.25,570.5,575.0,565.1
650,2023-06-08 00:00:00,623.25,628.0,628.4,620.85
651,2023-06-26 00:00:00,695.45,680.9,705.0,678.1
652,2023-07-24 00:00:00,769.75,772.45,773.0,748.0
653,2023-08-01 00:00:00,824.75,837.0,838.9,820.0
654,2023-08-09 00:00:00,893.65,883.9,916.6,882.6
