,time,close,open,high,low
0,2021-01-06 00:00:00,83.8,84.1,85.2,82.75
1,2021-02-01 00:00:00,84.25,81.95,84.85,80.7
2,2021-03-08 00:00:00,98.4,100.0,101.4,98.1
3,2021-03-25 00:00:00,89.45,91.9,92.1,88.0
4,2021-03-26 00:00:00,90.3,90.9,92.15,89.15
5,2021-04-08 00:00:00,93.65,95.5,96.4,93.0
6,2021-04-09 00:00:00,91.85,93.65,94.4,91.35
7,2021-04-13 00:00:00,86.55,85.0,88.85,85.0
8,2021-05-07 00:00:00,82.9,82.7,84.55,82.45
9,2021-07-12 00:00:00,115.55,108.7,118.85,108.1
10,2021-09-29 00:00:00,96.7,98.05,98.3,96.05
11,2021-10-25 00:00:00,99.1,99.15,101.05,98.1
12,2021-10-26 00:00:00,102.05,103.0,105.0,100.55
13,2021-11-18 00:00:00,100.35,100.5,102.0,98.9
14,2022-02-01 00:00:00,87.5,89.0,90.15,86.8
15,2022-02-14 00:00:00,86.65,88.5,88.5,86.3
16,2022-02-21 00:00:00,85.85,88.6,89.0,85.6
17,2022-02-25 00:00:00,82.9,80.55,83.5,80.55
18,2022-03-10 00:00:00,88.6,84.55,88.9,84.55
19,2022-04-04 00:00:00,89.2,87.55,89.65,87.1
20,2022-05-16 00:00:00,79.65,83.6,84.0,79.0
21,2022-05-18 00:00:00,79.85,80.8,81.8,79.35
22,2021-02-09 00:00:00,88.15,87.0,90.65,86.8
23,2021-02-12 00:00:00,86.65,87.8,88.5,85.8
24,2021-03-16 00:00:00,97.7,94.0,98.6,94.0
25,2021-04-07 00:00:00,95.0,94.95,96.9,94.0
26,2021-04-20 00:00:00,80.15,82.55,84.3,79.8
27,2021-05-11 00:00:00,85.25,83.0,86.1,82.85
28,2021-05-12 00:00:00,84.7,86.1,86.9,84.05
29,2021-05-18 00:00:00,90.05,87.0,92.4,87.0
30,2021-06-30 00:00:00,100.85,103.5,103.5,100.3
31,2021-07-06 00:00:00,109.55,112.2,112.65,108.0
32,2021-07-07 00:00:00,107.65,109.0,109.95,107.05
33,2021-07-23 00:00:00,100.25,104.75,106.1,99.0
34,2021-08-17 00:00:00,88.0,90.0,91.25,87.5
35,2021-09-06 00:00:00,90.95,91.5,92.2,90.1
36,2021-10-18 00:00:00,96.7,96.7,98.75,96.55
37,2021-10-28 00:00:00,100.85,102.5,106.2,99.2
38,2021-11-09 00:00:00,103.0,101.9,104.75,101.3
39,2021-11-11 00:00:00,101.75,101.0,102.5,100.05
40,2021-12-10 00:00:00,94.65,95.0,96.5,94.25
41,2021-12-20 00:00:00,88.6,92.75,94.0,87.5
42,2022-02-08 00:00:00,85.8,86.55,87.35,85.15
43,2022-02-16 00:00:00,88.85,88.55,89.45,87.8
44,2022-02-24 00:00:00,79.3,83.0,83.35,78.5
45,2022-04-28 00:00:00,94.55,96.0,96.55,93.9
46,2022-05-10 00:00:00,85.75,84.55,87.9,84.55
47,2021-02-16 00:00:00,85.4,87.65,88.3,85.0
48,2021-02-25 00:00:00,97.85,98.5,99.5,96.6
49,2021-03-15 00:00:00,94.4,98.3,98.3,92.85
50,2021-04-29 00:00:00,82.25,83.2,83.7,81.8
51,2021-05-25 00:00:00,98.4,94.7,102.4,94.3
52,2021-05-27 00:00:00,97.8,97.7,99.8,95.75
53,2021-05-31 00:00:00,96.2,95.5,97.9,94.8
54,2021-07-16 00:00:00,111.75,112.85,114.7,110.6
55,2021-08-02 00:00:00,93.5,93.1,94.9,93.0
56,2021-08-10 00:00:00,90.6,93.05,95.4,89.3
57,2021-08-12 00:00:00,93.05,93.25,94.9,89.95
58,2021-08-16 00:00:00,89.45,88.6,92.35,88.6
59,2021-08-18 00:00:00,86.85,88.6,89.7,86.7
60,2021-09-15 00:00:00,92.85,93.1,95.4,92.35
61,2021-10-12 00:00:00,98.6,98.8,100.85,97.7
62,2021-11-08 00:00:00,101.75,102.0,102.9,100.9
63,2021-12-02 00:00:00,93.6,92.8,94.1,91.6
64,2021-12-09 00:00:00,94.55,94.5,95.4,93.95
65,2022-01-05 00:00:00,94.4,94.85,95.0,93.5
66,2021-02-15 00:00:00,87.65,86.65,89.3,86.65
67,2021-03-31 00:00:00,89.85,92.75,94.25,88.8
68,2021-04-28 00:00:00,82.75,81.15,83.75,81.15
69,2021-05-19 00:00:00,91.15,91.3,92.8,90.0
70,2021-07-14 00:00:00,113.85,117.15,119.45,112.8
71,2021-07-30 00:00:00,92.65,93.0,96.25,92.0
72,2021-09-17 00:00:00,100.25,93.45,102.0,93.05
73,2021-09-22 00:00:00,98.45,97.75,100.1,97.7
74,2021-11-23 00:00:00,97.95,97.9,98.7,95.5
75,2022-01-18 00:00:00,97.15,100.0,100.7,96.55
76,2022-01-28 00:00:00,88.75,87.75,90.9,86.85
77,2022-03-24 00:00:00,86.5,87.95,88.0,85.0
78,2022-03-30 00:00:00,85.9,85.8,87.1,85.5
79,2022-04-05 00:00:00,90.4,89.9,91.3,88.45
80,2022-05-12 00:00:00,82.55,83.8,87.15,81.4
81,2021-03-04 00:00:00,102.5,100.55,104.4,99.85
82,2021-04-05 00:00:00,89.95,91.5,92.0,88.0
83,2021-04-16 00:00:00,86.3,87.5,88.45,86.0
84,2021-04-22 00:00:00,77.5,78.0,78.0,76.6
85,2021-05-06 00:00:00,82.55,81.9,82.9,81.35
86,2021-05-14 00:00:00,84.4,84.7,89.7,84.0
87,2021-06-03 00:00:00,94.0,96.0,96.0,93.15
88,2021-07-28 00:00:00,95.45,97.0,97.85,94.4
89,2021-08-23 00:00:00,84.1,88.75,89.05,83.75
90,2021-10-11 00:00:00,98.55,98.35,100.15,98.3
91,2021-01-05 00:00:00,84.35,84.35,86.25,82.95
92,2021-01-29 00:00:00,81.85,83.25,87.5,80.8
93,2021-03-24 00:00:00,91.9,92.5,93.5,91.5
94,2021-04-23 00:00:00,76.45,77.6,78.0,75.6
95,2021-05-04 00:00:00,82.75,83.9,85.6,82.1
96,2021-06-25 00:00:00,108.15,108.4,109.85,106.8
97,2021-07-26 00:00:00,94.15,95.2,96.0,90.5
98,2021-08-27 00:00:00,82.55,83.0,85.65,82.1
99,2021-09-07 00:00:00,90.6,91.0,91.95,89.9
100,2021-09-20 00:00:00,99.65,100.25,103.0,98.55
101,2021-09-24 00:00:00,94.35,96.3,96.6,94.0
102,2021-10-08 00:00:00,98.35,99.0,99.7,98.0
103,2021-11-01 00:00:00,99.5,99.45,100.45,97.7
104,2021-11-02 00:00:00,102.4,100.8,104.1,99.8
105,2022-01-11 00:00:00,95.75,98.4,98.4,95.0
106,2022-02-28 00:00:00,83.2,82.9,84.4,80.65
107,2022-03-16 00:00:00,90.6,87.9,91.25,86.5
108,2022-04-21 00:00:00,95.85,96.0,97.5,93.95
109,2022-05-04 00:00:00,86.8,90.25,91.0,85.6
110,2021-02-04 00:00:00,92.15,92.9,94.8,91.05
111,2021-02-10 00:00:00,87.95,88.1,90.0,87.25
112,2021-03-10 00:00:00,98.05,99.0,100.65,97.0
113,2021-03-18 00:00:00,94.05,95.3,97.05,92.3
114,2021-04-27 00:00:00,81.15,77.2,82.9,76.75
115,2021-06-01 00:00:00,93.75,96.9,97.8,93.0
116,2021-06-09 00:00:00,107.95,120.7,125.0,106.85
117,2021-06-28 00:00:00,106.0,107.5,108.05,105.8
118,2021-07-20 00:00:00,109.05,115.8,115.8,108.1
119,2021-08-04 00:00:00,92.65,93.35,94.95,92.5
120,2021-08-05 00:00:00,90.5,92.0,93.0,89.8
121,2021-08-09 00:00:00,94.15,92.0,97.3,91.9
122,2021-12-07 00:00:00,93.5,94.85,94.85,93.05
123,2022-01-07 00:00:00,93.3,95.0,95.35,93.1
124,2022-03-31 00:00:00,85.1,86.55,87.0,84.8
125,2022-04-01 00:00:00,86.85,86.0,87.2,85.1
126,2022-04-26 00:00:00,97.6,94.15,98.8,94.15
127,2021-01-13 00:00:00,83.8,84.15,86.2,83.05
128,2021-01-25 00:00:00,80.25,80.95,82.0,79.5
129,2021-01-27 00:00:00,79.55,80.8,80.95,79.0
130,2021-06-17 00:00:00,113.2,112.5,119.4,111.75
131,2021-08-13 00:00:00,91.3,93.5,95.45,86.2
132,2021-10-20 00:00:00,95.05,95.5,96.35,94.0
133,2021-10-22 00:00:00,100.65,104.5,104.6,98.1
134,2021-11-03 00:00:00,102.2,102.95,103.6,100.95
135,2021-12-27 00:00:00,89.75,91.95,91.95,88.35
136,2022-01-03 00:00:00,93.95,93.05,95.45,92.5
137,2022-02-09 00:00:00,90.8,92.75,92.75,87.05
138,2022-03-29 00:00:00,85.6,86.5,89.15,84.55
139,2022-04-25 00:00:00,93.8,95.45,96.3,93.1
140,2022-01-13 00:00:00,97.7,96.5,100.5,94.65
141,2022-01-24 00:00:00,89.0,93.05,94.4,88.0
142,2022-02-22 00:00:00,83.0,84.5,85.2,81.85
143,2022-03-02 00:00:00,83.45,83.0,85.0,82.0
144,2022-03-03 00:00:00,83.8,85.4,85.4,83.2
145,2022-04-11 00:00:00,91.5,93.0,93.95,91.25
146,2022-05-02 00:00:00,89.9,90.0,91.45,89.0
147,2021-11-22 00:00:00,96.3,100.3,100.35,95.75
148,2021-12-16 00:00:00,94.2,96.95,96.95,93.4
149,2022-01-31 00:00:00,88.85,90.45,91.7,88.4
150,2022-05-05 00:00:00,83.55,88.0,89.0,82.55
151,2022-05-06 00:00:00,86.1,83.9,86.95,81.0
152,2022-05-17 00:00:00,80.7,79.65,81.75,79.65
153,2021-01-07 00:00:00,84.65,83.95,86.0,83.6
154,2021-01-08 00:00:00,84.35,85.05,86.65,84.0
155,2021-01-11 00:00:00,83.8,85.45,86.65,83.05
156,2021-02-17 00:00:00,90.0,86.5,93.25,85.5
157,2021-03-23 00:00:00,93.0,92.5,94.2,92.4
158,2021-05-05 00:00:00,81.2,82.75,83.5,81.0
159,2021-05-10 00:00:00,83.6,84.0,84.6,83.15
160,2021-05-24 00:00:00,93.75,91.7,94.95,90.6
161,2021-06-11 00:00:00,111.9,116.9,118.5,110.1
162,2021-06-15 00:00:00,115.95,114.5,118.4,113.85
163,2021-07-01 00:00:00,103.25,101.8,104.0,101.1
164,2021-09-02 00:00:00,90.0,86.8,90.9,86.8
165,2021-11-12 00:00:00,101.45,102.75,102.75,101.0
166,2021-12-01 00:00:00,92.1,91.0,92.75,91.0
167,2021-12-03 00:00:00,93.45,94.35,94.35,93.0
168,2021-12-13 00:00:00,95.25,94.75,97.0,94.75
169,2022-01-12 00:00:00,96.45,97.5,98.75,95.75
170,2022-02-10 00:00:00,92.3,90.2,92.4,90.2
171,2022-03-11 00:00:00,90.75,88.9,91.95,87.6
172,2021-01-21 00:00:00,80.4,82.85,83.15,79.8
173,2021-02-24 00:00:00,97.0,91.3,100.4,91.3
174,2021-03-01 00:00:00,100.5,101.75,104.0,99.9
175,2021-03-17 00:00:00,94.85,98.0,99.7,94.0
176,2021-06-07 00:00:00,97.7,96.9,100.0,96.0
177,2021-06-23 00:00:00,108.85,108.0,111.0,107.25
178,2021-07-08 00:00:00,106.4,107.0,109.8,106.0
179,2021-08-25 00:00:00,85.45,85.0,86.3,84.25
180,2021-08-30 00:00:00,82.8,83.7,83.7,82.5
181,2021-09-08 00:00:00,89.15,90.9,90.9,88.9
182,2021-09-09 00:00:00,90.15,89.15,90.8,89.15
183,2021-09-13 00:00:00,88.65,90.8,90.8,88.25
184,2021-09-21 00:00:00,98.0,100.9,100.9,97.0
185,2021-09-27 00:00:00,99.4,95.95,101.5,92.8
186,2021-10-07 00:00:00,98.55,100.0,101.05,98.15
187,2021-10-13 00:00:00,98.55,99.0,99.9,98.2
188,2021-11-15 00:00:00,99.55,101.65,102.0,99.35
189,2021-11-26 00:00:00,96.1,98.0,98.0,95.5
190,2021-11-30 00:00:00,91.15,94.45,97.65,90.25
191,2021-12-06 00:00:00,92.95,93.6,94.35,92.15
192,2021-12-14 00:00:00,95.05,95.5,96.45,94.7
193,2021-12-23 00:00:00,91.1,92.1,92.1,90.15
194,2022-02-02 00:00:00,88.85,88.75,89.6,88.25
195,2022-02-03 00:00:00,88.4,89.6,90.0,87.9
196,2022-02-11 00:00:00,89.5,92.4,92.75,89.1
197,2022-02-15 00:00:00,87.55,87.6,90.9,85.45
198,2022-04-18 00:00:00,97.7,89.5,99.6,89.0
199,2021-01-14 00:00:00,83.4,83.8,84.85,83.25
200,2021-01-19 00:00:00,81.85,82.15,83.55,81.55
201,2021-01-20 00:00:00,82.2,82.9,82.9,82.0
202,2021-02-02 00:00:00,85.05,85.9,86.2,83.45
203,2021-02-08 00:00:00,86.65,87.0,89.1,86.25
204,2021-02-23 00:00:00,92.0,91.8,93.9,91.55
205,2021-03-05 00:00:00,98.7,102.0,104.15,97.1
206,2021-03-09 00:00:00,97.45,99.9,100.6,95.6
207,2021-04-30 00:00:00,81.25,81.05,82.8,81.05
208,2021-05-21 00:00:00,90.55,91.4,92.75,90.2
209,2021-06-02 00:00:00,94.35,93.25,96.3,93.15
210,2021-06-16 00:00:00,113.3,116.4,117.4,112.35
211,2021-06-22 00:00:00,107.4,107.25,110.0,106.7
212,2021-08-03 00:00:00,93.35,93.5,94.5,92.85
213,2021-08-24 00:00:00,85.85,84.9,86.4,83.6
214,2021-09-14 00:00:00,94.0,89.0,94.95,88.95
215,2021-09-30 00:00:00,97.85,96.75,99.4,96.55
216,2021-10-27 00:00:00,102.45,102.6,103.7,101.45
217,2021-11-04 00:00:00,100.55,102.0,103.4,99.9
218,2021-11-17 00:00:00,99.8,102.85,105.75,98.15
219,2021-11-25 00:00:00,97.65,99.3,99.3,95.5
220,2021-01-04 00:00:00,83.6,83.95,85.0,83.25
221,2021-01-22 00:00:00,80.1,80.7,81.3,78.5
222,2021-02-03 00:00:00,92.2,85.4,93.9,84.4
223,2021-05-03 00:00:00,83.7,81.0,84.6,79.1
224,2021-06-10 00:00:00,115.35,111.0,117.85,109.2
225,2021-07-02 00:00:00,101.2,103.0,103.8,100.8
226,2021-07-13 00:00:00,117.15,116.45,120.0,115.9
227,2021-07-27 00:00:00,97.0,91.85,98.0,91.65
228,2021-07-29 00:00:00,93.5,94.4,95.65,92.2
229,2021-08-11 00:00:00,91.9,91.9,92.8,85.95
230,2021-09-28 00:00:00,98.3,100.0,100.0,97.75
231,2021-10-06 00:00:00,99.5,103.0,103.0,99.05
232,2021-10-14 00:00:00,96.45,98.65,99.4,95.1
233,2021-10-19 00:00:00,94.75,96.7,97.9,94.15
234,2021-11-24 00:00:00,98.05,99.0,99.85,97.65
235,2021-12-17 00:00:00,92.75,94.2,94.65,92.0
236,2021-12-22 00:00:00,90.55,90.85,91.05,89.7
237,2022-01-19 00:00:00,96.5,98.0,98.0,95.9
238,2022-02-17 00:00:00,89.0,89.9,89.9,88.25
239,2022-02-23 00:00:00,84.05,83.2,85.2,83.2
240,2022-04-20 00:00:00,96.25,94.4,97.6,94.0
241,2022-05-19 00:00:00,80.9,79.0,81.9,78.0
242,2021-01-01 00:00:00,83.3,81.9,83.75,81.4
243,2021-02-05 00:00:00,87.3,91.95,92.6,86.35
244,2021-03-02 00:00:00,101.45,101.0,104.9,100.5
245,2021-04-01 00:00:00,91.5,90.3,92.35,89.9
246,2021-04-06 00:00:00,94.65,91.7,96.0,90.15
247,2021-04-15 00:00:00,87.15,86.0,87.8,86.0
248,2021-04-19 00:00:00,82.55,85.0,85.8,81.7
249,2021-04-26 00:00:00,76.25,77.0,77.6,76.0
250,2021-05-28 00:00:00,94.95,97.9,98.35,94.5
251,2021-06-14 00:00:00,114.15,112.4,116.5,107.55
252,2021-06-18 00:00:00,107.75,114.0,114.95,104.0
253,2021-06-21 00:00:00,106.2,104.0,108.8,104.0
254,2021-06-29 00:00:00,102.45,105.95,107.35,101.0
255,2021-08-31 00:00:00,86.9,83.8,87.8,82.8
256,2021-12-29 00:00:00,93.25,91.95,95.5,90.3
257,2022-01-04 00:00:00,94.25,93.95,95.25,93.0
258,2022-01-06 00:00:00,93.85,93.7,94.8,93.1
259,2022-01-20 00:00:00,96.5,97.45,98.9,95.9
260,2022-01-21 00:00:00,93.4,96.5,96.85,92.65
261,2022-01-25 00:00:00,86.2,90.0,92.7,84.1
262,2022-03-08 00:00:00,83.95,83.3,84.85,82.85
263,2022-03-14 00:00:00,89.6,90.7,91.55,88.95
264,2022-03-15 00:00:00,86.3,90.0,90.55,85.3
265,2022-03-28 00:00:00,86.45,87.65,89.25,86.1
266,2022-04-07 00:00:00,90.6,92.0,94.3,90.25
267,2022-04-13 00:00:00,91.55,90.55,92.55,89.15
268,2022-05-20 00:00:00,83.05,81.0,83.85,80.9
269,2021-01-28 00:00:00,80.35,79.0,83.4,78.9
270,2021-02-11 00:00:00,87.8,88.0,89.2,86.4
271,2021-02-18 00:00:00,92.15,91.1,93.95,88.1
272,2021-02-22 00:00:00,91.75,93.1,95.1,90.6
273,2021-03-03 00:00:00,101.55,102.2,104.9,101.25
274,2021-03-22 00:00:00,92.3,94.8,94.8,91.1
275,2021-05-26 00:00:00,97.8,100.75,101.6,96.0
276,2021-07-05 00:00:00,111.6,102.55,113.5,102.55
277,2021-07-15 00:00:00,111.4,114.25,114.7,111.05
278,2021-07-19 00:00:00,114.45,111.0,116.0,110.1
279,2021-08-06 00:00:00,91.55,91.0,91.95,90.0
280,2021-08-20 00:00:00,86.9,86.85,89.45,86.25
281,2021-08-26 00:00:00,82.95,85.5,85.9,82.8
282,2021-01-12 00:00:00,84.05,83.85,84.75,83.8
283,2021-01-15 00:00:00,83.6,83.4,85.8,82.9
284,2021-01-18 00:00:00,81.45,84.0,84.5,81.05
285,2021-02-19 00:00:00,91.8,94.9,95.0,89.5
286,2021-02-26 00:00:00,99.95,95.85,104.75,94.6
287,2021-03-19 00:00:00,93.65,94.05,94.5,90.3
288,2021-03-30 00:00:00,92.4,91.0,94.25,90.1
289,2021-06-04 00:00:00,95.4,95.55,96.15,94.3
290,2021-06-08 00:00:00,117.2,98.5,117.2,95.7
291,2021-09-03 00:00:00,91.15,91.0,92.35,89.7
292,2021-09-16 00:00:00,93.4,93.95,93.95,93.0
293,2021-10-04 00:00:00,98.95,97.5,99.9,97.3
294,2021-10-21 00:00:00,103.75,96.0,105.5,95.4
295,2021-11-10 00:00:00,102.55,103.4,103.75,102.05
296,2021-12-24 00:00:00,90.25,92.15,92.15,90.0
297,2022-03-09 00:00:00,84.35,85.5,86.0,81.55
298,2022-04-19 00:00:00,94.5,99.1,99.6,92.1
299,2022-05-13 00:00:00,82.75,84.5,85.4,77.5
300,2021-03-12 00:00:00,97.1,98.6,99.3,96.2
301,2021-04-12 00:00:00,85.8,90.9,91.45,85.0
302,2021-05-17 00:00:00,86.65,85.0,87.3,85.0
303,2021-05-20 00:00:00,90.9,92.45,92.7,90.15
304,2021-06-24 00:00:00,107.35,109.05,110.4,106.75
305,2021-07-09 00:00:00,107.85,106.0,108.65,106.0
306,2021-07-22 00:00:00,104.75,110.0,112.4,103.8
307,2021-09-01 00:00:00,88.75,87.0,90.5,86.0
308,2021-10-01 00:00:00,96.8,97.8,98.5,96.55
309,2021-10-29 00:00:00,98.4,97.15,101.95,96.65
310,2021-11-16 00:00:00,103.0,100.45,103.5,99.5
311,2021-11-29 00:00:00,93.05,95.05,96.1,91.3
312,2022-01-10 00:00:00,97.55,93.95,99.45,93.6
313,2022-02-07 00:00:00,86.2,88.25,88.4,85.7
314,2022-02-18 00:00:00,87.75,88.05,89.2,87.25
315,2022-03-04 00:00:00,84.35,83.75,84.95,83.0
316,2022-03-22 00:00:00,89.05,89.3,90.3,88.3
317,2022-05-09 00:00:00,86.95,88.5,88.5,83.55
318,2022-03-17 00:00:00,90.65,92.0,93.0,89.4
319,2022-03-23 00:00:00,86.8,90.0,90.25,86.5
320,2022-03-25 00:00:00,86.1,86.95,88.6,85.1
321,2022-04-12 00:00:00,89.7,92.0,92.0,89.4
322,2022-05-11 00:00:00,83.8,86.65,87.15,82.45
323,2021-12-15 00:00:00,95.3,95.9,98.8,94.4
324,2021-12-21 00:00:00,89.7,89.1,90.6,88.95
325,2021-12-28 00:00:00,90.95,89.75,91.95,89.75
326,2021-12-30 00:00:00,92.5,93.2,93.2,91.75
327,2022-01-14 00:00:00,98.55,97.1,103.65,97.1
328,2022-01-27 00:00:00,86.5,86.2,89.5,80.6
329,2022-02-04 00:00:00,86.95,89.5,89.5,86.7
330,2022-03-07 00:00:00,83.35,84.45,84.55,82.5
331,2022-03-21 00:00:00,89.1,92.6,93.15,88.0
332,2022-04-06 00:00:00,92.1,89.0,92.6,89.0
333,2022-04-27 00:00:00,94.85,96.65,97.5,93.2
334,2021-09-23 00:00:00,95.45,96.7,97.95,94.55
335,2021-10-05 00:00:00,102.4,98.95,105.0,98.05
336,2021-12-08 00:00:00,93.95,94.0,95.4,93.55
337,2021-12-31 00:00:00,93.05,92.5,93.65,92.45
338,2022-01-17 00:00:00,99.4,99.0,102.0,98.5
339,2022-04-08 00:00:00,93.05,91.5,93.4,90.8
340,2022-04-22 00:00:00,95.65,95.85,98.9,94.85
341,2022-04-29 00:00:00,91.55,95.45,95.9,90.1
342,2022-05-27 00:00:00,81.3,77.6,81.9,77.45
343,2022-07-05 00:00:00,77.9,76.3,78.4,76.3
344,2022-06-06 00:00:00,80.6,81.0,81.0,79.15
345,2022-05-30 00:00:00,81.75,82.95,83.0,81.35
346,2022-06-10 00:00:00,78.8,80.0,80.0,78.55
347,2022-06-16 00:00:00,77.1,79.6,79.7,76.6
348,2022-06-01 00:00:00,80.7,81.0,81.75,80.0
349,2022-07-13 00:00:00,79.95,79.95,80.55,79.2
350,2022-07-18 00:00:00,80.45,80.1,81.25,80.0
351,2022-07-19 00:00:00,81.05,81.2,81.45,80.1
352,2022-07-20 00:00:00,82.05,81.0,83.05,81.0
353,2022-08-19 00:00:00,95.6,92.8,96.8,92.45
354,2022-06-22 00:00:00,73.1,75.85,75.85,72.8
355,2022-05-23 00:00:00,84.1,83.05,85.0,81.7
356,2022-07-21 00:00:00,81.4,82.45,82.7,81.1
357,2022-07-22 00:00:00,81.0,82.05,82.65,80.1
358,2022-08-22 00:00:00,110.0,99.0,113.3,99.0
359,2022-06-20 00:00:00,74.3,77.0,77.0,74.0
360,2022-07-01 00:00:00,77.2,75.5,78.5,74.7
361,2022-06-08 00:00:00,80.9,80.65,81.3,79.2
362,2022-06-30 00:00:00,74.7,76.7,77.25,74.1
363,2022-07-26 00:00:00,80.25,80.5,81.4,79.6
364,2022-07-25 00:00:00,80.3,81.0,81.7,80.0
365,2022-08-03 00:00:00,90.2,90.35,91.5,88.5
366,2022-08-12 00:00:00,90.45,90.9,91.2,89.75
367,2022-08-17 00:00:00,92.0,92.0,92.85,91.85
368,2022-06-03 00:00:00,81.45,81.8,82.5,80.8
369,2022-06-23 00:00:00,73.8,72.55,75.4,72.55
370,2022-08-18 00:00:00,92.45,92.0,93.0,91.4
371,2022-06-02 00:00:00,81.2,80.7,81.5,80.5
372,2022-05-24 00:00:00,81.25,84.0,84.2,81.0
373,2022-05-25 00:00:00,78.9,81.85,83.85,77.4
374,2022-06-13 00:00:00,77.6,78.8,78.8,76.65
375,2022-06-24 00:00:00,74.55,74.0,75.0,73.55
376,2022-08-04 00:00:00,90.05,90.85,90.95,88.7
377,2022-06-27 00:00:00,78.0,75.05,80.05,75.0
378,2022-06-07 00:00:00,79.95,80.6,80.6,79.1
379,2022-06-15 00:00:00,78.05,80.6,81.5,77.6
380,2022-06-21 00:00:00,75.2,74.6,76.45,74.6
381,2022-06-28 00:00:00,75.95,77.0,79.0,75.2
382,2022-07-07 00:00:00,78.55,79.95,80.35,77.1
383,2022-08-02 00:00:00,90.35,87.0,90.9,86.0
384,2022-05-26 00:00:00,76.95,78.3,79.6,74.8
385,2022-05-31 00:00:00,80.85,81.75,81.9,80.05
386,2022-06-09 00:00:00,80.0,84.7,84.7,79.1
387,2022-06-14 00:00:00,80.35,77.6,80.9,77.05
388,2022-07-04 00:00:00,77.5,77.9,78.4,77.0
389,2022-07-11 00:00:00,80.1,80.0,80.6,79.0
390,2022-07-15 00:00:00,79.9,79.1,80.2,79.1
391,2022-07-28 00:00:00,86.6,82.8,91.0,82.15
392,2022-08-08 00:00:00,93.25,90.0,94.8,88.95
393,2022-08-16 00:00:00,92.2,90.85,92.45,90.1
394,2022-07-06 00:00:00,78.5,77.9,78.9,76.5
395,2022-07-08 00:00:00,80.05,79.25,81.45,78.65
396,2022-08-10 00:00:00,90.4,91.8,92.9,90.0
397,2022-06-29 00:00:00,76.1,76.0,77.65,75.1
398,2022-06-17 00:00:00,75.4,78.0,78.0,75.05
399,2022-07-14 00:00:00,79.1,79.95,79.95,78.7
400,2022-07-27 00:00:00,81.65,81.4,82.95,79.85
401,2022-08-01 00:00:00,87.05,85.25,87.95,85.25
402,2022-08-05 00:00:00,90.75,90.05,91.4,90.0
403,2022-07-12 00:00:00,79.5,79.05,80.4,79.05
404,2022-07-29 00:00:00,84.75,87.1,87.5,84.0
405,2022-08-11 00:00:00,90.55,91.0,91.4,90.0
406,2022-09-07 00:00:00,110.0,111.0,113.95,109.55
407,2022-11-02 00:00:00,115.95,116.2,119.0,115.0
408,2022-10-12 00:00:00,123.6,120.75,124.35,118.85
409,2022-09-06 00:00:00,111.1,109.4,112.6,107.1
410,2022-09-08 00:00:00,110.5,110.9,111.75,110.0
411,2022-09-27 00:00:00,125.65,120.15,127.4,120.15
412,2022-10-03 00:00:00,122.55,123.5,126.0,121.3
413,2022-10-11 00:00:00,120.5,124.0,125.75,118.35
414,2022-11-01 00:00:00,114.55,113.3,115.8,113.3
415,2022-11-17 00:00:00,109.05,106.5,109.5,106.2
416,2022-11-30 00:00:00,116.4,116.05,117.5,114.1
417,2023-02-03 00:00:00,106.35,108.05,113.0,102.75
418,2023-03-09 00:00:00,100.45,101.0,101.8,98.85
419,2023-03-23 00:00:00,99.6,100.0,100.45,99.2
420,2023-04-03 00:00:00,104.75,99.0,105.2,97.75
421,2023-04-20 00:00:00,110.45,112.0,114.0,109.4
422,2023-05-15 00:00:00,119.5,120.5,120.5,118.55
423,2023-05-29 00:00:00,127.45,128.3,131.4,126.75
424,2023-06-06 00:00:00,132.0,132.35,134.65,129.9
425,2023-06-20 00:00:00,137.85,139.65,139.75,136.55
426,2023-07-27 00:00:00,220.4,222.9,226.0,214.15
427,2023-08-01 00:00:00,229.1,217.35,234.3,215.25
428,2023-08-09 00:00:00,241.2,236.0,247.9,232.35
429,2022-09-14 00:00:00,142.35,133.05,156.8,132.0
430,2022-10-06 00:00:00,125.85,127.45,128.9,124.15
431,2022-12-22 00:00:00,118.8,119.15,123.8,116.05
432,2022-12-23 00:00:00,114.85,118.0,118.5,112.5
433,2023-01-16 00:00:00,127.2,131.4,131.95,127.0
434,2023-02-13 00:00:00,101.95,104.1,104.45,98.65
435,2023-04-11 00:00:00,105.3,104.5,106.3,104.2
436,2023-05-17 00:00:00,119.65,121.0,123.9,118.35
437,2023-05-23 00:00:00,120.7,121.8,122.85,120.0
438,2023-05-30 00:00:00,126.75,128.0,128.5,125.6
439,2023-05-31 00:00:00,132.9,124.0,135.45,122.55
440,2022-09-28 00:00:00,124.05,124.05,134.0,123.1
441,2023-01-09 00:00:00,131.4,132.8,135.85,129.1
442,2023-02-16 00:00:00,100.2,101.4,102.0,98.65
443,2023-02-17 00:00:00,101.15,100.0,102.4,99.95
444,2023-02-21 00:00:00,99.9,99.35,100.6,98.0
445,2023-03-06 00:00:00,96.15,99.7,100.5,95.5
446,2023-03-22 00:00:00,100.0,98.65,100.8,98.55
447,2023-03-24 00:00:00,99.9,99.95,100.5,98.95
448,2023-04-13 00:00:00,105.45,106.55,106.75,103.85
449,2023-05-24 00:00:00,128.15,120.7,129.5,119.3
450,2023-06-07 00:00:00,132.8,132.95,134.6,131.65
451,2023-06-14 00:00:00,135.85,135.0,138.9,134.05
452,2023-06-26 00:00:00,138.65,142.25,143.0,137.7
453,2023-07-03 00:00:00,144.45,141.0,146.85,139.95
454,2023-07-18 00:00:00,191.4,191.0,199.9,186.05
455,2023-07-25 00:00:00,215.65,223.85,227.0,211.9
456,2023-07-26 00:00:00,220.8,217.35,226.0,216.05
457,2022-10-27 00:00:00,115.0,118.3,118.95,114.5
458,2023-01-06 00:00:00,131.65,124.0,132.4,123.5
459,2023-01-12 00:00:00,129.55,135.65,137.5,128.05
460,2022-11-15 00:00:00,108.85,111.8,112.3,108.0
461,2023-01-24 00:00:00,129.4,130.55,132.0,127.85
462,2022-11-16 00:00:00,105.95,109.45,110.2,104.7
463,2023-02-02 00:00:00,109.5,118.4,121.4,107.75
464,2023-02-07 00:00:00,105.1,107.25,108.85,103.0
465,2022-12-01 00:00:00,117.45,116.4,119.0,115.5
466,2023-04-27 00:00:00,119.8,121.0,122.35,118.0
467,2022-12-02 00:00:00,117.25,117.0,118.65,116.0
468,2023-05-03 00:00:00,121.3,119.5,124.5,119.5
469,2022-12-05 00:00:00,124.05,117.8,126.0,117.8
470,2023-05-04 00:00:00,118.7,121.0,121.35,117.35
471,2022-12-12 00:00:00,121.25,118.55,123.1,118.55
472,2023-06-16 00:00:00,135.95,135.0,139.2,135.0
473,2022-12-14 00:00:00,124.05,122.75,125.0,120.8
474,2023-06-27 00:00:00,138.35,137.25,141.45,137.1
475,2022-12-29 00:00:00,120.2,120.9,121.4,119.5
476,2023-07-20 00:00:00,197.7,195.15,207.0,192.0
477,2023-08-11 00:00:00,241.65,245.0,248.0,240.65
478,2023-01-10 00:00:00,130.8,131.8,133.0,129.25
479,2023-02-09 00:00:00,105.25,104.45,107.7,102.3
480,2023-02-23 00:00:00,99.8,99.05,100.6,97.85
481,2023-03-02 00:00:00,96.35,97.75,97.9,94.9
482,2023-03-13 00:00:00,98.85,100.6,101.95,98.1
483,2023-05-11 00:00:00,120.0,119.5,120.85,117.95
484,2023-05-12 00:00:00,119.35,121.2,121.4,118.85
485,2023-08-16 00:00:00,249.4,239.75,252.5,238.7
486,2022-10-18 00:00:00,121.55,122.3,125.8,120.5
487,2022-09-13 00:00:00,134.85,114.0,135.45,113.8
488,2022-11-21 00:00:00,107.45,107.55,109.0,107.1
489,2022-09-21 00:00:00,127.9,132.0,135.9,126.95
490,2022-09-30 00:00:00,122.85,125.65,127.75,122.5
491,2022-12-06 00:00:00,120.7,124.15,125.6,119.6
492,2022-12-19 00:00:00,123.6,120.75,124.5,118.5
493,2022-10-19 00:00:00,116.85,122.85,124.95,116.0
494,2023-02-20 00:00:00,99.35,102.0,102.15,99.05
495,2022-10-28 00:00:00,112.15,115.95,115.95,111.5
496,2023-04-17 00:00:00,109.25,105.0,111.0,104.4
497,2022-11-23 00:00:00,108.25,106.5,109.85,106.2
498,2023-06-12 00:00:00,132.6,132.85,135.8,131.85
499,2022-12-09 00:00:00,120.25,124.9,126.7,119.2
500,2023-06-13 00:00:00,134.7,133.0,136.7,132.9
501,2023-06-28 00:00:00,138.65,139.65,140.45,137.7
502,2022-12-30 00:00:00,123.35,120.2,124.5,120.2
503,2023-01-13 00:00:00,130.0,129.65,131.0,128.2
504,2023-07-11 00:00:00,169.4,165.0,171.1,163.15
505,2023-02-01 00:00:00,119.05,124.7,124.7,117.0
506,2023-07-13 00:00:00,174.6,182.5,187.0,173.35
507,2023-02-10 00:00:00,102.95,105.2,105.9,102.35
508,2023-08-14 00:00:00,240.6,242.9,244.3,226.35
509,2023-03-16 00:00:00,98.0,97.8,98.6,94.75
510,2023-04-05 00:00:00,106.3,105.6,107.5,104.25
511,2023-04-24 00:00:00,117.3,111.25,119.45,111.25
512,2023-04-25 00:00:00,117.15,118.0,120.6,116.35
513,2023-05-09 00:00:00,118.5,118.9,121.0,117.75
514,2023-05-10 00:00:00,118.45,119.5,122.4,118.0
515,2023-05-19 00:00:00,120.1,119.15,124.4,113.65
516,2023-06-05 00:00:00,132.35,131.7,136.9,131.7
517,2023-07-05 00:00:00,152.55,144.65,154.4,144.15
518,2023-07-06 00:00:00,156.05,153.55,158.85,152.15
519,2023-08-18 00:00:00,249.45,248.7,250.9,242.35
520,2022-08-23 00:00:00,104.75,111.1,112.65,103.55
521,2022-09-22 00:00:00,129.4,127.8,132.4,127.2
522,2022-09-23 00:00:00,125.2,130.3,132.1,123.35
523,2022-11-04 00:00:00,113.25,115.65,116.25,112.75
524,2022-12-07 00:00:00,119.3,121.25,122.05,118.45
525,2023-01-04 00:00:00,125.9,129.5,131.25,125.0
526,2023-01-19 00:00:00,127.4,128.0,129.15,126.2
527,2023-02-14 00:00:00,102.95,101.95,104.6,100.5
528,2023-03-01 00:00:00,96.8,93.05,97.5,93.05
529,2023-03-21 00:00:00,99.65,97.85,100.15,96.8
530,2023-03-29 00:00:00,96.9,96.65,97.8,94.6
531,2023-06-08 00:00:00,131.95,133.9,134.4,131.25
532,2023-06-09 00:00:00,131.6,132.85,133.9,130.3
533,2023-06-23 00:00:00,140.15,139.75,142.2,136.0
534,2023-07-17 00:00:00,188.0,186.2,189.5,183.0
535,2023-07-21 00:00:00,230.6,197.0,237.2,195.1
536,2023-07-28 00:00:00,220.3,220.4,223.85,213.95
537,2023-08-08 00:00:00,232.85,232.8,237.15,229.35
538,2022-08-26 00:00:00,104.95,105.2,107.45,104.0
539,2022-08-24 00:00:00,106.15,104.9,108.95,102.55
540,2022-09-19 00:00:00,129.6,138.0,138.5,124.2
541,2022-10-04 00:00:00,125.7,124.0,128.5,123.75
542,2022-12-13 00:00:00,122.75,121.05,124.8,120.5
543,2023-01-25 00:00:00,126.95,128.05,129.35,124.25
544,2023-02-28 00:00:00,94.1,95.7,95.8,92.75
545,2023-03-14 00:00:00,97.2,99.85,99.85,96.6
546,2023-04-12 00:00:00,105.55,107.7,107.7,104.7
547,2023-05-18 00:00:00,119.15,120.95,121.0,118.5
548,2023-07-10 00:00:00,164.4,155.8,165.95,155.75
549,2023-08-22 00:00:00,232.1,239.0,239.95,230.6
550,2022-08-25 00:00:00,104.75,107.4,108.5,104.0
551,2022-09-15 00:00:00,146.45,142.35,153.4,138.35
552,2022-09-01 00:00:00,107.55,105.35,111.3,105.05
553,2022-09-29 00:00:00,124.4,127.95,128.0,120.35
554,2022-10-25 00:00:00,117.2,119.8,120.45,116.0
555,2022-11-07 00:00:00,116.65,114.7,118.0,112.5
556,2022-11-22 00:00:00,106.4,107.95,108.25,105.65
557,2022-12-20 00:00:00,124.55,123.4,126.8,121.95
558,2023-01-03 00:00:00,130.45,131.8,135.0,129.25
559,2023-02-06 00:00:00,107.15,106.6,109.8,105.0
560,2023-02-08 00:00:00,104.5,106.0,106.15,103.5
561,2023-04-10 00:00:00,103.9,106.95,107.3,103.5
562,2023-05-26 00:00:00,127.25,128.0,130.2,126.3
563,2023-07-14 00:00:00,184.6,176.0,185.75,175.1
564,2023-08-03 00:00:00,230.25,232.0,245.0,223.4
565,2022-08-30 00:00:00,104.8,107.15,108.5,102.35
566,2022-08-29 00:00:00,106.0,100.0,108.45,99.15
567,2022-09-05 00:00:00,108.55,106.7,110.5,106.7
568,2022-09-12 00:00:00,112.9,109.45,113.7,109.0
569,2022-09-20 00:00:00,132.55,131.65,139.9,130.5
570,2022-10-10 00:00:00,123.5,126.9,126.9,121.85
571,2022-11-09 00:00:00,114.35,117.95,118.0,113.9
572,2022-11-25 00:00:00,111.4,109.8,115.0,108.55
573,2022-12-15 00:00:00,123.2,124.05,128.4,121.25
574,2022-12-27 00:00:00,121.4,120.0,122.4,116.05
575,2023-01-05 00:00:00,123.9,126.5,127.0,123.0
576,2023-01-11 00:00:00,135.15,131.7,135.85,131.0
577,2023-05-02 00:00:00,119.3,118.45,121.0,116.7
578,2023-05-08 00:00:00,118.85,119.5,121.85,118.3
579,2023-06-01 00:00:00,131.25,133.1,134.1,130.2
580,2023-07-12 00:00:00,178.35,170.05,182.5,168.7
581,2023-08-07 00:00:00,230.85,230.5,235.0,227.65
582,2022-12-16 00:00:00,119.85,122.9,124.0,119.1
583,2023-01-02 00:00:00,131.75,122.0,135.0,122.0
584,2023-01-20 00:00:00,127.1,127.4,128.5,126.05
585,2023-01-23 00:00:00,130.5,127.1,131.0,126.8
586,2023-01-30 00:00:00,120.45,120.15,124.15,118.45
587,2023-03-03 00:00:00,98.85,97.8,99.85,96.7
588,2023-04-19 00:00:00,110.9,108.3,115.0,107.5
589,2023-05-05 00:00:00,119.05,118.3,121.0,116.15
590,2023-05-25 00:00:00,127.6,128.3,133.25,127.0
591,2023-06-30 00:00:00,141.1,139.9,142.1,137.8
592,2023-07-19 00:00:00,194.1,192.0,196.2,188.25
593,2023-08-04 00:00:00,230.05,232.9,237.9,226.15
594,2022-10-13 00:00:00,121.05,123.4,123.65,120.0
595,2022-09-02 00:00:00,106.15,108.25,108.55,105.25
596,2022-10-24 00:00:00,118.25,120.8,121.45,115.6
597,2022-10-31 00:00:00,112.85,113.25,115.9,110.15
598,2022-11-03 00:00:00,114.8,114.5,116.75,114.4
599,2023-01-17 00:00:00,126.85,128.35,130.8,126.4
600,2022-11-10 00:00:00,112.4,113.5,114.6,111.5
601,2023-03-15 00:00:00,97.5,98.65,98.9,97.0
602,2022-11-14 00:00:00,111.2,112.0,112.75,110.1
603,2023-03-20 00:00:00,97.85,98.5,98.5,96.05
604,2022-11-28 00:00:00,113.55,111.4,114.75,111.4
605,2023-03-31 00:00:00,97.55,98.35,101.0,97.05
606,2022-12-08 00:00:00,123.7,119.3,125.95,119.05
607,2023-06-19 00:00:00,139.6,136.85,141.0,135.25
608,2023-03-08 00:00:00,100.3,97.1,101.6,95.8
609,2023-06-21 00:00:00,141.1,137.0,142.55,137.0
610,2023-03-17 00:00:00,98.4,98.1,98.95,97.55
611,2023-03-27 00:00:00,97.05,100.65,100.65,96.3
612,2023-04-06 00:00:00,106.4,106.3,107.45,104.85
613,2023-04-18 00:00:00,107.55,107.7,109.7,107.1
614,2023-04-21 00:00:00,111.4,112.8,115.8,111.0
615,2023-08-21 00:00:00,239.0,250.85,251.0,237.0
616,2022-10-14 00:00:00,119.75,122.9,123.95,118.7
617,2022-10-17 00:00:00,121.5,119.15,122.6,117.8
618,2022-10-20 00:00:00,111.55,118.15,118.5,110.55
619,2022-11-18 00:00:00,109.2,109.65,110.0,107.05
620,2023-01-18 00:00:00,128.65,127.25,130.75,127.25
621,2023-02-24 00:00:00,96.1,99.8,100.7,95.05
622,2023-03-10 00:00:00,100.25,100.2,101.75,98.45
623,2023-04-26 00:00:00,121.2,117.2,121.75,116.45
624,2023-04-28 00:00:00,117.3,119.8,120.05,116.25
625,2023-06-02 00:00:00,132.3,131.0,134.85,130.65
626,2023-07-07 00:00:00,154.35,156.75,156.8,152.0
627,2023-07-24 00:00:00,223.85,229.0,231.0,221.0
628,2023-07-31 00:00:00,218.85,215.6,222.0,215.6
629,2023-08-02 00:00:00,229.35,233.8,252.0,222.0
630,2023-08-10 00:00:00,243.85,241.8,244.7,240.15
631,2023-08-23 00:00:00,236.0,236.0,237.6,229.9
632,2022-09-09 00:00:00,110.05,111.15,113.1,109.95
633,2022-09-16 00:00:00,138.5,146.0,146.0,135.05
634,2022-09-26 00:00:00,119.75,125.0,125.0,114.15
635,2022-10-07 00:00:00,127.75,126.3,131.45,124.95
636,2022-10-21 00:00:00,119.2,112.3,123.35,109.15
637,2022-11-11 00:00:00,111.55,113.3,115.7,110.55
638,2022-11-24 00:00:00,109.35,108.0,110.95,107.95
639,2022-11-29 00:00:00,115.45,114.35,116.8,112.3
640,2022-12-21 00:00:00,118.6,125.8,126.9,113.25
641,2022-12-26 00:00:00,118.7,114.0,119.95,112.55
642,2022-12-28 00:00:00,120.65,122.55,123.8,119.05
643,2023-01-27 00:00:00,122.5,126.15,127.4,118.5
644,2023-01-31 00:00:00,124.7,121.4,125.75,120.05
645,2023-02-15 00:00:00,101.1,103.35,103.45,99.8
646,2023-02-22 00:00:00,99.15,99.9,99.9,98.25
647,2023-02-27 00:00:00,95.75,96.0,96.95,95.1
648,2023-03-28 00:00:00,96.3,97.05,99.0,95.25
649,2023-05-16 00:00:00,120.3,119.25,121.8,119.25
650,2023-05-22 00:00:00,121.5,122.0,125.35,120.35
651,2023-06-15 00:00:00,135.35,137.0,139.8,134.35
652,2023-06-22 00:00:00,138.35,142.45,142.45,137.25
653,2023-07-04 00:00:00,144.6,145.5,149.6,143.55
654,2023-08-17 00:00:00,246.85,250.8,250.8,243.85
