,time,close,open,high,low
0,2021-03-10 00:00:00,128.7,127.5,132.1,127.05
1,2021-03-17 00:00:00,124.0,128.55,128.85,122.95
2,2021-05-21 00:00:00,121.8,119.6,123.5,119.05
3,2021-06-10 00:00:00,128.75,128.3,130.85,127.4
4,2021-07-26 00:00:00,126.8,127.3,129.15,126.4
5,2021-08-11 00:00:00,122.45,122.0,126.5,118.15
6,2021-09-28 00:00:00,118.25,119.8,120.4,117.6
7,2021-10-27 00:00:00,122.5,119.8,125.75,119.2
8,2021-11-18 00:00:00,118.1,119.35,120.8,117.1
9,2021-12-22 00:00:00,113.0,112.35,114.5,112.35
10,2022-01-10 00:00:00,118.95,118.1,119.7,118.1
11,2022-01-14 00:00:00,119.75,119.1,123.0,118.7
12,2022-03-22 00:00:00,101.05,101.5,102.75,100.25
13,2022-04-01 00:00:00,99.15,95.6,100.4,95.6
14,2022-04-22 00:00:00,103.15,101.15,104.5,101.05
15,2022-07-04 00:00:00,99.8,98.4,102.95,98.4
16,2021-02-04 00:00:00,126.75,127.3,129.25,126.5
17,2021-02-22 00:00:00,124.75,126.25,129.25,124.15
18,2021-03-30 00:00:00,115.25,117.0,117.95,114.6
19,2021-05-04 00:00:00,106.9,108.2,109.7,106.0
20,2021-06-09 00:00:00,127.65,124.4,132.3,123.85
21,2021-07-30 00:00:00,128.1,125.6,131.85,124.85
22,2021-08-12 00:00:00,124.4,123.2,125.9,122.5
23,2021-08-18 00:00:00,116.75,118.5,119.15,116.2
24,2021-08-24 00:00:00,113.05,112.8,114.0,111.65
25,2021-10-11 00:00:00,121.25,122.35,122.7,121.0
26,2021-11-23 00:00:00,115.2,113.1,116.75,111.4
27,2021-12-28 00:00:00,122.85,118.85,124.8,118.65
28,2021-12-31 00:00:00,117.75,116.6,119.55,116.6
29,2022-01-31 00:00:00,115.2,115.3,116.85,114.6
30,2022-02-17 00:00:00,109.15,117.9,121.7,106.3
31,2022-03-17 00:00:00,102.65,97.35,104.9,97.35
32,2022-05-13 00:00:00,83.65,82.1,84.9,82.1
33,2022-05-16 00:00:00,86.8,84.7,97.6,83.65
34,2022-06-28 00:00:00,103.5,107.05,109.55,101.8
35,2022-07-07 00:00:00,98.55,98.6,101.5,97.55
36,2021-01-04 00:00:00,128.7,129.5,130.8,127.45
37,2021-02-03 00:00:00,126.75,128.3,134.0,125.4
38,2021-02-08 00:00:00,124.9,126.3,126.9,124.0
39,2021-02-15 00:00:00,121.6,124.0,124.0,121.15
40,2021-04-08 00:00:00,116.6,116.6,119.35,115.9
41,2021-04-19 00:00:00,102.8,106.9,106.9,102.0
42,2021-04-28 00:00:00,109.1,108.6,110.85,108.55
43,2021-07-07 00:00:00,129.05,128.2,130.4,128.2
44,2021-07-08 00:00:00,128.75,129.05,131.6,128.0
45,2021-07-28 00:00:00,124.25,127.5,127.5,123.95
46,2021-08-10 00:00:00,121.2,125.65,125.95,120.3
47,2021-08-16 00:00:00,118.45,120.8,120.8,118.2
48,2021-08-23 00:00:00,112.15,114.4,115.4,110.35
49,2021-08-30 00:00:00,113.45,114.7,115.45,110.85
50,2021-10-18 00:00:00,125.75,129.05,129.65,124.95
51,2021-11-24 00:00:00,115.6,115.25,118.8,115.0
52,2021-11-29 00:00:00,108.65,113.0,113.0,107.5
53,2021-12-16 00:00:00,116.55,119.55,119.55,116.15
54,2022-01-07 00:00:00,118.05,118.25,119.75,117.7
55,2022-03-23 00:00:00,100.25,101.85,102.95,100.0
56,2022-04-19 00:00:00,100.75,103.8,103.8,99.5
57,2022-04-26 00:00:00,101.7,101.1,102.9,101.1
58,2022-04-27 00:00:00,101.25,101.4,102.65,99.5
59,2022-04-29 00:00:00,100.65,101.4,104.0,100.0
60,2021-01-28 00:00:00,122.35,119.1,123.45,119.1
61,2021-02-12 00:00:00,124.55,126.1,127.05,123.85
62,2021-04-05 00:00:00,114.75,116.7,117.15,114.0
63,2021-04-23 00:00:00,106.55,104.0,109.0,104.0
64,2021-04-26 00:00:00,106.1,106.7,108.55,105.7
65,2021-04-30 00:00:00,107.8,107.9,109.25,107.4
66,2021-05-18 00:00:00,117.8,118.85,119.05,117.55
67,2021-05-19 00:00:00,119.55,117.8,121.35,117.5
68,2021-06-28 00:00:00,128.2,126.7,131.6,126.7
69,2021-06-30 00:00:00,131.45,128.45,133.5,127.45
70,2021-10-04 00:00:00,124.3,125.0,128.9,122.85
71,2021-10-20 00:00:00,124.9,122.5,128.0,119.65
72,2021-10-29 00:00:00,117.5,118.1,119.7,116.25
73,2021-11-02 00:00:00,120.4,120.0,122.1,119.5
74,2021-11-10 00:00:00,120.45,121.0,123.0,119.6
75,2021-12-08 00:00:00,112.4,112.4,113.75,112.0
76,2021-12-13 00:00:00,119.3,117.2,121.0,116.45
77,2021-12-29 00:00:00,120.35,122.5,124.7,120.0
78,2022-01-12 00:00:00,119.65,120.55,121.45,119.45
79,2022-01-17 00:00:00,120.4,119.8,121.3,119.8
80,2022-03-08 00:00:00,93.35,92.1,93.9,92.0
81,2022-04-05 00:00:00,102.35,102.9,102.9,100.0
82,2022-04-11 00:00:00,104.05,105.35,105.35,103.55
83,2022-04-20 00:00:00,101.55,102.6,103.0,101.0
84,2022-05-04 00:00:00,95.55,98.1,99.3,94.4
85,2022-05-05 00:00:00,93.05,96.0,96.9,92.4
86,2022-05-30 00:00:00,93.2,93.5,95.6,92.2
87,2022-06-09 00:00:00,91.25,92.25,92.5,91.0
88,2022-06-30 00:00:00,100.65,103.0,104.4,100.0
89,2021-01-05 00:00:00,127.9,127.6,128.85,127.2
90,2021-02-24 00:00:00,127.1,124.5,131.0,124.5
91,2021-03-02 00:00:00,130.9,131.0,134.0,130.05
92,2021-03-08 00:00:00,129.6,127.6,132.6,127.6
93,2021-03-12 00:00:00,129.05,132.5,133.7,127.8
94,2021-03-18 00:00:00,119.95,125.0,126.2,119.0
95,2021-03-25 00:00:00,113.15,116.0,116.65,111.65
96,2021-03-31 00:00:00,114.95,115.6,117.75,114.25
97,2021-04-15 00:00:00,108.85,108.5,110.45,108.1
98,2021-04-20 00:00:00,103.85,104.0,105.5,103.5
99,2021-06-08 00:00:00,124.0,126.9,126.9,123.3
100,2021-08-31 00:00:00,114.75,114.7,116.0,113.7
101,2021-09-15 00:00:00,122.55,120.1,124.3,119.8
102,2021-10-05 00:00:00,123.85,124.0,126.15,123.1
103,2021-11-22 00:00:00,114.05,118.5,118.55,113.2
104,2021-12-01 00:00:00,110.55,111.4,111.5,110.0
105,2021-12-20 00:00:00,110.6,112.1,115.2,109.3
106,2022-01-03 00:00:00,118.15,118.5,119.45,118.0
107,2022-01-24 00:00:00,113.4,117.5,118.35,113.1
108,2022-01-27 00:00:00,113.7,114.0,114.55,112.55
109,2022-01-28 00:00:00,114.45,114.7,116.65,114.0
110,2022-03-31 00:00:00,96.45,98.85,99.0,96.0
111,2022-04-21 00:00:00,101.75,102.5,102.8,101.4
112,2022-05-12 00:00:00,81.45,84.45,84.45,81.0
113,2022-05-17 00:00:00,87.65,86.8,88.25,86.3
114,2022-05-18 00:00:00,87.95,88.3,89.9,87.5
115,2022-05-19 00:00:00,85.9,85.0,86.8,85.0
116,2022-06-20 00:00:00,93.0,84.85,95.0,84.1
117,2022-06-21 00:00:00,88.9,90.3,91.4,88.15
118,2021-01-13 00:00:00,133.85,130.45,139.4,130.1
119,2021-01-21 00:00:00,126.55,128.5,128.8,126.0
120,2021-01-25 00:00:00,122.35,125.6,125.85,121.7
121,2021-02-05 00:00:00,125.6,127.5,127.85,125.15
122,2021-03-01 00:00:00,127.4,127.2,131.25,126.6
123,2021-03-05 00:00:00,127.3,128.85,131.0,126.2
124,2021-03-26 00:00:00,115.65,114.5,117.6,114.3
125,2021-04-09 00:00:00,115.9,116.65,117.85,115.5
126,2021-05-17 00:00:00,117.85,118.2,119.65,117.55
127,2021-07-13 00:00:00,127.4,128.4,129.8,127.0
128,2021-09-01 00:00:00,114.45,114.75,115.7,114.2
129,2021-09-13 00:00:00,121.0,119.0,122.7,117.55
130,2021-09-29 00:00:00,118.2,117.5,119.8,117.5
131,2021-10-19 00:00:00,122.5,126.25,126.6,122.0
132,2021-10-26 00:00:00,119.3,119.2,121.0,119.0
133,2021-11-30 00:00:00,110.05,108.9,118.8,108.9
134,2021-12-06 00:00:00,111.0,111.7,114.4,110.2
135,2021-12-23 00:00:00,115.0,113.8,116.9,113.4
136,2022-02-25 00:00:00,95.3,92.7,96.2,92.7
137,2022-03-15 00:00:00,95.8,97.6,97.6,95.25
138,2022-03-16 00:00:00,97.25,97.9,100.0,96.25
139,2022-03-28 00:00:00,98.4,100.5,100.8,98.05
140,2022-04-12 00:00:00,102.5,103.75,104.15,101.4
141,2022-05-26 00:00:00,98.95,86.1,100.7,86.1
142,2022-06-01 00:00:00,92.5,93.25,93.5,92.15
143,2022-06-27 00:00:00,106.25,107.6,112.5,105.55
144,2022-07-08 00:00:00,98.0,99.1,100.1,96.85
145,2022-07-14 00:00:00,108.4,111.85,112.1,106.8
146,2021-01-06 00:00:00,128.3,128.4,130.3,126.0
147,2021-01-15 00:00:00,128.85,130.1,134.4,128.0
148,2021-02-01 00:00:00,122.7,121.95,125.45,120.8
149,2021-02-10 00:00:00,125.5,126.0,127.3,125.05
150,2021-03-22 00:00:00,119.75,119.0,121.4,118.1
151,2021-05-10 00:00:00,118.9,120.5,122.25,118.25
152,2021-07-15 00:00:00,132.65,127.75,133.25,126.8
153,2021-08-25 00:00:00,113.55,113.8,114.95,113.25
154,2021-09-03 00:00:00,116.7,117.55,118.25,116.35
155,2021-10-28 00:00:00,118.95,122.45,122.45,118.5
156,2022-01-04 00:00:00,118.1,118.3,119.3,117.5
157,2022-02-07 00:00:00,116.3,116.5,117.55,115.3
158,2022-02-08 00:00:00,114.95,116.1,116.85,114.6
159,2022-02-10 00:00:00,114.8,114.95,115.75,114.55
160,2022-02-16 00:00:00,115.95,111.4,116.5,110.7
161,2022-03-10 00:00:00,97.7,99.7,99.7,97.1
162,2022-03-14 00:00:00,96.65,97.95,98.7,96.05
163,2022-05-20 00:00:00,87.65,87.0,88.7,86.5
164,2022-06-07 00:00:00,92.4,91.8,94.6,91.35
165,2021-01-19 00:00:00,128.25,126.9,130.4,126.65
166,2021-01-22 00:00:00,124.85,126.4,127.3,124.55
167,2021-01-27 00:00:00,121.05,121.9,123.5,120.65
168,2021-02-09 00:00:00,126.0,125.4,133.3,124.8
169,2021-02-17 00:00:00,134.45,121.7,137.4,121.4
170,2021-02-23 00:00:00,124.45,125.6,126.8,124.0
171,2021-03-24 00:00:00,116.75,118.8,119.85,116.05
172,2021-04-01 00:00:00,117.15,115.65,118.2,115.45
173,2021-04-12 00:00:00,107.95,114.0,114.0,107.1
174,2021-04-27 00:00:00,108.25,107.0,110.25,106.5
175,2021-05-07 00:00:00,120.5,117.7,123.8,115.0
176,2021-05-20 00:00:00,118.85,119.95,121.95,118.55
177,2021-06-03 00:00:00,121.15,121.0,122.8,120.7
178,2021-06-14 00:00:00,125.0,126.8,126.8,123.4
179,2021-06-16 00:00:00,128.25,132.95,132.95,127.5
180,2021-06-24 00:00:00,130.8,134.0,135.4,130.05
181,2021-07-22 00:00:00,128.8,130.9,132.55,128.5
182,2021-07-29 00:00:00,125.35,125.25,126.95,124.6
183,2021-08-20 00:00:00,113.05,116.5,118.65,110.35
184,2021-09-07 00:00:00,116.7,117.25,117.95,116.0
185,2021-10-12 00:00:00,121.05,121.3,123.7,120.6
186,2021-11-03 00:00:00,118.85,120.4,121.35,118.5
187,2021-11-26 00:00:00,112.0,115.0,115.1,111.1
188,2021-12-30 00:00:00,117.15,120.25,121.3,116.2
189,2022-03-29 00:00:00,95.85,97.6,99.2,95.5
190,2022-04-25 00:00:00,101.4,102.7,102.9,100.65
191,2022-05-09 00:00:00,89.7,90.95,90.95,88.5
192,2022-05-31 00:00:00,91.85,92.1,94.0,90.35
193,2022-06-02 00:00:00,92.1,92.7,93.45,91.35
194,2022-06-15 00:00:00,88.8,88.1,90.9,87.7
195,2022-06-29 00:00:00,101.9,103.0,105.3,100.5
196,2022-07-05 00:00:00,97.75,100.4,100.55,97.0
197,2022-07-13 00:00:00,111.85,114.35,115.8,110.15
198,2021-02-16 00:00:00,121.8,121.7,123.3,121.25
199,2021-03-04 00:00:00,129.45,127.9,132.35,127.5
200,2021-05-11 00:00:00,123.7,117.6,127.5,116.6
201,2021-05-28 00:00:00,122.35,121.2,124.55,120.2
202,2021-06-23 00:00:00,133.1,137.5,137.6,132.0
203,2021-09-02 00:00:00,117.35,115.0,121.4,114.15
204,2021-09-16 00:00:00,121.35,123.4,123.7,120.9
205,2021-09-27 00:00:00,118.85,118.6,122.0,117.5
206,2021-10-06 00:00:00,121.1,124.0,125.45,120.4
207,2021-10-08 00:00:00,121.5,122.5,124.4,121.1
208,2021-10-25 00:00:00,119.15,122.3,122.45,117.05
209,2021-11-16 00:00:00,116.75,117.45,118.0,115.2
210,2022-01-05 00:00:00,118.8,118.8,119.7,117.45
211,2022-01-20 00:00:00,120.25,118.45,122.35,118.1
212,2022-02-03 00:00:00,116.95,117.6,118.6,116.65
213,2022-02-28 00:00:00,94.3,95.0,95.0,92.85
214,2022-04-18 00:00:00,103.75,101.9,105.5,99.4
215,2022-06-03 00:00:00,93.45,92.75,96.6,92.1
216,2022-06-06 00:00:00,92.55,93.0,94.0,91.8
217,2022-06-10 00:00:00,90.65,90.7,91.75,90.15
218,2022-07-01 00:00:00,98.4,100.65,103.0,97.15
219,2021-01-01 00:00:00,127.2,127.2,128.8,126.8
220,2021-01-11 00:00:00,125.7,127.45,128.15,124.4
221,2021-01-18 00:00:00,126.35,129.65,129.65,126.0
222,2021-02-19 00:00:00,127.15,127.8,130.8,125.9
223,2021-03-23 00:00:00,119.55,120.0,121.65,119.0
224,2021-04-29 00:00:00,108.35,109.7,110.4,108.05
225,2021-06-02 00:00:00,120.65,120.6,122.0,120.35
226,2021-06-04 00:00:00,124.1,125.0,126.85,123.1
227,2021-06-18 00:00:00,127.6,128.3,133.7,123.85
228,2021-08-03 00:00:00,130.05,132.9,134.0,129.05
229,2021-09-20 00:00:00,117.5,117.5,122.3,117.1
230,2021-09-23 00:00:00,118.4,118.6,120.7,118.0
231,2021-10-07 00:00:00,121.85,122.0,124.35,121.55
232,2021-10-22 00:00:00,121.4,122.8,124.55,120.75
233,2021-11-12 00:00:00,117.95,120.3,121.9,116.8
234,2021-11-25 00:00:00,115.35,116.0,116.65,115.05
235,2021-12-03 00:00:00,110.35,111.0,112.4,110.15
236,2021-12-07 00:00:00,111.9,111.95,114.0,111.15
237,2022-02-18 00:00:00,108.45,109.15,110.8,108.0
238,2022-05-06 00:00:00,91.0,91.6,92.45,89.75
239,2021-01-12 00:00:00,129.3,126.25,132.0,125.3
240,2021-01-14 00:00:00,131.5,134.6,134.75,131.2
241,2021-05-06 00:00:00,115.35,112.0,116.6,111.55
242,2021-05-27 00:00:00,120.25,120.25,122.25,119.85
243,2021-06-17 00:00:00,127.7,126.4,137.65,126.4
244,2021-06-21 00:00:00,129.7,125.8,131.55,125.0
245,2021-06-29 00:00:00,127.95,128.0,129.45,127.35
246,2021-07-06 00:00:00,128.7,131.5,132.3,128.15
247,2021-08-05 00:00:00,125.85,127.65,127.85,125.2
248,2021-08-13 00:00:00,121.3,121.9,123.25,120.25
249,2021-10-14 00:00:00,128.0,126.0,133.5,124.5
250,2021-12-09 00:00:00,118.65,113.1,119.9,112.35
251,2021-12-10 00:00:00,116.65,117.0,118.25,116.25
252,2021-12-21 00:00:00,112.05,112.25,115.15,111.6
253,2021-12-24 00:00:00,116.1,115.85,118.4,113.8
254,2021-12-27 00:00:00,117.9,117.0,120.6,115.2
255,2022-01-21 00:00:00,117.75,120.0,120.65,117.1
256,2022-02-24 00:00:00,90.6,99.0,99.95,90.0
257,2022-03-21 00:00:00,101.05,103.35,103.35,100.0
258,2022-05-10 00:00:00,88.9,89.9,91.0,88.0
259,2022-05-25 00:00:00,84.0,88.9,88.9,83.25
260,2021-03-16 00:00:00,128.45,128.65,131.35,127.75
261,2021-04-06 00:00:00,114.9,115.1,116.75,113.85
262,2021-04-22 00:00:00,103.65,103.5,104.3,102.7
263,2021-05-12 00:00:00,120.1,123.7,124.9,119.3
264,2021-05-26 00:00:00,119.95,120.0,122.7,119.15
265,2021-06-22 00:00:00,127.6,130.6,132.0,127.0
266,2021-06-25 00:00:00,128.25,131.55,131.55,127.9
267,2021-07-02 00:00:00,131.25,128.5,133.8,128.3
268,2021-08-02 00:00:00,132.1,128.1,135.5,128.1
269,2021-08-04 00:00:00,127.45,130.8,130.85,126.8
270,2021-09-06 00:00:00,117.25,117.6,119.9,116.75
271,2021-09-14 00:00:00,120.25,121.8,121.8,120.0
272,2021-09-21 00:00:00,118.15,120.0,120.0,116.5
273,2021-10-01 00:00:00,124.4,123.6,127.4,123.1
274,2021-10-13 00:00:00,124.5,121.85,127.1,121.15
275,2021-11-17 00:00:00,121.35,117.0,123.35,116.3
276,2021-12-15 00:00:00,119.4,117.3,121.6,116.6
277,2022-01-06 00:00:00,118.25,117.7,118.8,117.45
278,2022-01-18 00:00:00,119.95,122.65,122.65,119.8
279,2022-02-11 00:00:00,113.95,114.6,114.85,113.85
280,2022-02-22 00:00:00,100.85,100.0,102.85,100.0
281,2022-03-04 00:00:00,93.8,94.5,94.55,93.25
282,2022-03-07 00:00:00,92.1,94.95,94.95,91.6
283,2022-04-07 00:00:00,103.65,103.5,105.65,103.15
284,2022-06-13 00:00:00,87.6,90.1,90.4,87.1
285,2022-07-12 00:00:00,114.3,101.7,116.8,101.3
286,2021-03-15 00:00:00,128.4,129.5,130.8,125.85
287,2021-05-25 00:00:00,119.75,121.5,122.9,119.5
288,2021-05-31 00:00:00,122.85,122.8,125.9,120.25
289,2021-06-01 00:00:00,120.5,122.5,124.2,119.85
290,2021-07-27 00:00:00,126.9,127.4,129.0,126.0
291,2021-08-09 00:00:00,125.65,126.35,126.7,125.0
292,2021-09-08 00:00:00,118.95,117.4,122.45,117.05
293,2021-09-17 00:00:00,118.6,122.0,122.0,117.65
294,2021-10-21 00:00:00,122.7,125.85,125.9,122.1
295,2021-11-01 00:00:00,118.9,118.3,120.4,118.3
296,2021-11-08 00:00:00,121.9,120.55,123.4,119.5
297,2021-11-09 00:00:00,121.85,122.5,123.35,121.55
298,2021-11-15 00:00:00,117.05,117.85,119.25,116.45
299,2021-12-14 00:00:00,117.8,118.5,119.35,117.2
300,2022-02-14 00:00:00,110.1,111.1,111.6,110.0
301,2022-03-02 00:00:00,93.45,94.0,94.55,93.0
302,2022-03-24 00:00:00,100.25,99.85,101.25,99.5
303,2022-03-25 00:00:00,100.0,101.05,102.7,99.45
304,2022-04-06 00:00:00,103.0,102.35,104.9,101.7
305,2022-05-11 00:00:00,83.45,88.5,89.2,82.65
306,2022-05-23 00:00:00,88.15,87.55,92.5,86.6
307,2022-06-14 00:00:00,88.9,87.4,91.4,86.8
308,2022-06-22 00:00:00,104.2,89.7,106.3,88.5
309,2022-06-23 00:00:00,107.6,100.1,114.2,98.1
310,2022-07-11 00:00:00,98.0,98.6,101.2,97.15
311,2022-07-15 00:00:00,120.6,109.45,123.9,108.0
312,2021-01-08 00:00:00,127.3,128.0,129.7,126.9
313,2021-01-20 00:00:00,128.05,127.9,129.55,127.65
314,2021-04-07 00:00:00,115.85,114.95,117.85,114.95
315,2021-04-13 00:00:00,109.7,108.25,110.9,107.3
316,2021-04-16 00:00:00,108.65,108.0,109.9,108.0
317,2021-07-01 00:00:00,128.45,131.45,131.45,128.0
318,2021-09-22 00:00:00,118.35,118.7,119.8,117.45
319,2021-11-04 00:00:00,119.9,118.85,121.25,118.85
320,2021-11-11 00:00:00,119.65,120.25,121.4,119.15
321,2021-12-17 00:00:00,113.15,117.0,117.0,112.15
322,2022-02-01 00:00:00,116.05,117.0,119.95,115.25
323,2022-02-04 00:00:00,116.6,117.0,118.25,116.05
324,2022-03-03 00:00:00,94.8,94.05,95.9,94.05
325,2022-04-04 00:00:00,102.2,99.9,103.8,99.75
326,2022-04-28 00:00:00,100.4,101.95,101.95,100.1
327,2022-06-24 00:00:00,106.05,105.5,114.0,105.05
328,2021-01-07 00:00:00,127.1,128.3,129.3,126.75
329,2021-02-02 00:00:00,128.0,123.65,134.75,123.15
330,2021-02-18 00:00:00,128.5,135.0,135.0,127.35
331,2021-02-26 00:00:00,126.25,125.6,133.3,124.4
332,2021-05-03 00:00:00,107.3,106.7,108.45,106.3
333,2021-05-05 00:00:00,110.95,107.1,113.6,107.1
334,2021-06-07 00:00:00,125.9,125.45,127.8,123.7
335,2021-06-15 00:00:00,132.0,125.35,133.5,123.0
336,2021-07-05 00:00:00,131.25,131.85,134.0,130.3
337,2021-07-09 00:00:00,129.1,128.9,131.2,127.5
338,2021-07-23 00:00:00,127.6,129.45,130.15,127.25
339,2021-08-06 00:00:00,126.35,126.65,127.75,125.7
340,2021-08-17 00:00:00,118.3,118.95,120.15,117.7
341,2021-08-26 00:00:00,113.35,113.75,115.0,112.4
342,2021-08-27 00:00:00,114.15,112.45,116.35,112.45
343,2021-09-09 00:00:00,118.45,119.4,119.9,117.6
344,2021-09-24 00:00:00,118.0,119.1,120.95,117.6
345,2021-12-02 00:00:00,109.8,110.85,111.85,108.9
346,2022-01-11 00:00:00,119.7,118.9,122.8,118.35
347,2022-02-21 00:00:00,104.85,106.5,110.85,103.1
348,2022-03-11 00:00:00,97.65,97.6,98.4,96.95
349,2022-04-08 00:00:00,104.55,104.0,106.25,103.2
350,2022-05-02 00:00:00,98.0,100.0,100.15,97.35
351,2022-05-24 00:00:00,86.0,88.15,89.5,85.25
352,2022-05-27 00:00:00,94.55,95.0,99.05,91.3
353,2022-06-08 00:00:00,91.8,92.85,94.05,91.15
354,2022-07-06 00:00:00,97.85,98.25,100.25,97.1
355,2021-01-29 00:00:00,121.1,122.6,123.55,120.4
356,2021-02-11 00:00:00,125.4,125.3,126.5,125.1
357,2021-02-25 00:00:00,127.25,127.9,130.6,127.0
358,2021-03-03 00:00:00,129.95,131.8,133.0,129.0
359,2021-03-09 00:00:00,127.0,130.5,131.0,126.3
360,2021-03-19 00:00:00,118.3,119.45,119.75,114.8
361,2021-05-14 00:00:00,118.05,120.85,121.35,117.6
362,2021-05-24 00:00:00,120.75,122.6,122.6,120.5
363,2021-06-11 00:00:00,126.8,129.2,129.6,126.0
364,2021-07-12 00:00:00,127.85,129.75,129.75,127.55
365,2021-07-14 00:00:00,126.95,127.8,128.55,126.75
366,2021-07-16 00:00:00,136.6,141.95,143.8,135.0
367,2021-07-19 00:00:00,133.55,133.95,136.55,132.75
368,2021-07-20 00:00:00,129.95,134.0,134.35,129.1
369,2021-09-30 00:00:00,124.5,118.5,128.55,118.5
370,2022-01-13 00:00:00,119.1,120.45,121.3,118.8
371,2022-01-19 00:00:00,118.7,119.1,119.8,117.5
372,2022-01-25 00:00:00,114.05,113.0,115.0,112.25
373,2022-02-02 00:00:00,118.5,119.5,120.45,118.05
374,2022-02-09 00:00:00,114.95,115.3,116.5,114.1
375,2022-02-15 00:00:00,110.55,110.85,112.0,107.25
376,2022-02-23 00:00:00,101.05,101.5,103.8,100.6
377,2022-03-09 00:00:00,97.0,94.1,97.5,93.85
378,2022-03-30 00:00:00,98.5,97.05,101.0,97.05
379,2022-04-13 00:00:00,102.55,102.6,103.65,102.1
380,2022-06-16 00:00:00,84.9,90.4,90.7,84.05
381,2022-06-17 00:00:00,82.65,86.0,86.0,81.7
382,2022-10-07 00:00:00,109.0,108.7,110.2,107.8
383,2022-07-18 00:00:00,117.35,119.55,121.9,116.5
384,2022-08-08 00:00:00,117.2,117.8,120.05,116.7
385,2022-07-26 00:00:00,119.4,122.9,124.25,117.8
386,2022-07-25 00:00:00,122.25,121.6,124.8,120.85
387,2022-07-19 00:00:00,123.5,117.9,128.7,117.45
388,2022-08-16 00:00:00,113.65,114.25,114.85,113.05
389,2022-07-28 00:00:00,117.1,118.4,119.75,116.15
390,2022-12-20 00:00:00,109.95,110.35,110.45,108.7
391,2023-01-06 00:00:00,102.65,104.3,104.65,101.6
392,2023-02-03 00:00:00,100.05,101.4,102.0,98.4
393,2023-02-20 00:00:00,97.7,98.45,98.9,97.1
394,2023-03-22 00:00:00,88.95,89.45,89.75,88.65
395,2023-04-05 00:00:00,91.6,91.1,92.85,91.0
396,2023-04-18 00:00:00,94.7,91.05,99.6,91.05
397,2023-05-09 00:00:00,106.65,103.25,112.45,103.25
398,2023-07-05 00:00:00,109.6,107.9,112.0,107.3
399,2023-07-07 00:00:00,108.65,108.7,109.5,108.1
400,2023-07-20 00:00:00,108.9,109.5,110.3,108.6
401,2022-07-27 00:00:00,117.2,119.8,120.7,116.35
402,2022-08-22 00:00:00,114.3,116.8,116.95,113.4
403,2022-09-01 00:00:00,113.7,113.0,116.45,113.0
404,2022-09-23 00:00:00,105.45,110.0,110.85,104.55
405,2022-11-30 00:00:00,114.15,115.15,115.15,113.7
406,2023-01-02 00:00:00,106.35,103.95,107.0,103.5
407,2023-01-09 00:00:00,103.2,103.4,104.4,102.8
408,2023-01-11 00:00:00,104.1,103.8,105.3,103.15
409,2023-02-08 00:00:00,100.75,99.95,101.9,99.5
410,2023-02-17 00:00:00,98.4,99.6,99.8,98.05
411,2023-02-23 00:00:00,97.8,99.25,100.5,97.25
412,2023-02-28 00:00:00,94.25,95.55,95.55,93.3
413,2023-03-14 00:00:00,90.95,92.0,94.2,89.7
414,2023-05-11 00:00:00,107.5,105.4,111.35,105.3
415,2023-06-08 00:00:00,111.45,114.65,114.65,110.35
416,2023-06-30 00:00:00,107.5,108.0,108.5,107.0
417,2023-07-19 00:00:00,109.5,111.1,111.35,109.1
418,2023-08-08 00:00:00,121.45,121.9,125.5,119.25
419,2023-08-17 00:00:00,114.1,115.5,117.35,113.4
420,2022-08-30 00:00:00,113.55,113.7,115.3,112.9
421,2022-08-02 00:00:00,117.3,117.1,119.2,116.7
422,2022-09-16 00:00:00,109.5,111.7,112.0,109.0
423,2022-09-22 00:00:00,109.75,108.5,110.45,107.65
424,2022-09-28 00:00:00,112.15,103.4,114.75,103.3
425,2022-10-11 00:00:00,105.1,108.25,109.05,104.65
426,2022-10-20 00:00:00,105.3,102.0,106.9,101.85
427,2022-12-02 00:00:00,114.5,116.9,116.9,113.05
428,2022-11-04 00:00:00,113.35,113.9,114.5,112.1
429,2022-12-12 00:00:00,111.5,110.95,112.3,109.05
430,2022-11-24 00:00:00,111.7,111.45,114.9,110.05
431,2023-01-10 00:00:00,103.15,103.3,103.9,102.0
432,2022-12-19 00:00:00,110.0,109.35,111.0,108.8
433,2023-01-03 00:00:00,105.2,106.8,106.8,104.6
434,2023-01-18 00:00:00,105.2,105.65,107.0,104.15
435,2023-01-20 00:00:00,104.3,105.8,105.95,103.7
436,2023-03-28 00:00:00,87.1,90.4,91.2,86.55
437,2023-03-09 00:00:00,95.3,95.05,96.2,95.05
438,2023-04-28 00:00:00,95.15,94.7,96.1,94.7
439,2023-03-15 00:00:00,90.75,91.75,92.2,90.3
440,2023-05-25 00:00:00,107.0,108.05,108.05,106.3
441,2023-04-06 00:00:00,91.5,92.0,92.0,90.9
442,2023-05-26 00:00:00,106.45,106.25,107.55,106.1
443,2023-05-30 00:00:00,104.95,104.8,105.65,104.6
444,2023-05-19 00:00:00,104.6,105.55,105.9,102.85
445,2023-06-14 00:00:00,108.4,108.2,109.15,107.8
446,2023-07-06 00:00:00,109.15,109.35,110.0,108.65
447,2023-07-10 00:00:00,108.4,108.8,109.0,107.4
448,2023-08-01 00:00:00,113.1,112.5,114.4,112.0
449,2023-08-11 00:00:00,117.9,117.3,119.95,117.2
450,2023-08-22 00:00:00,115.8,113.05,117.0,113.05
451,2022-09-27 00:00:00,103.45,101.2,104.75,100.4
452,2022-07-29 00:00:00,116.75,118.4,120.15,116.25
453,2022-10-04 00:00:00,108.5,109.6,110.15,107.55
454,2022-08-03 00:00:00,119.55,117.3,124.8,117.1
455,2022-10-13 00:00:00,104.15,104.0,105.75,103.3
456,2022-09-13 00:00:00,113.5,114.3,115.2,113.3
457,2022-10-19 00:00:00,101.95,102.75,103.55,101.5
458,2022-11-16 00:00:00,111.45,108.3,113.3,108.3
459,2022-11-07 00:00:00,110.5,110.35,112.6,110.0
460,2022-11-21 00:00:00,109.2,109.4,110.1,107.85
461,2022-11-11 00:00:00,110.9,110.75,112.7,108.2
462,2022-12-05 00:00:00,114.0,114.0,117.4,113.15
463,2022-11-22 00:00:00,108.35,109.45,109.8,108.0
464,2022-12-27 00:00:00,103.0,103.6,104.9,102.25
465,2022-12-06 00:00:00,114.3,114.5,115.0,113.15
466,2023-01-13 00:00:00,109.35,107.0,111.45,105.8
467,2022-12-16 00:00:00,109.2,111.75,112.2,108.75
468,2023-02-10 00:00:00,100.3,100.75,101.35,100.05
469,2023-03-08 00:00:00,95.35,96.4,96.4,94.65
470,2023-01-05 00:00:00,104.0,104.9,104.95,103.2
471,2023-01-24 00:00:00,103.6,103.25,104.35,103.2
472,2023-02-15 00:00:00,98.8,98.8,99.75,98.15
473,2023-03-16 00:00:00,89.4,91.9,91.9,88.2
474,2023-03-10 00:00:00,94.2,94.8,94.8,93.8
475,2023-03-27 00:00:00,90.85,94.45,96.4,88.15
476,2023-03-31 00:00:00,90.15,91.9,92.55,89.0
477,2023-04-20 00:00:00,93.6,94.45,94.95,93.0
478,2023-05-08 00:00:00,102.9,105.6,105.6,102.4
479,2023-04-03 00:00:00,91.0,91.3,91.8,90.25
480,2023-06-05 00:00:00,108.7,105.6,109.5,105.5
481,2023-04-27 00:00:00,94.55,94.95,95.55,94.1
482,2023-07-03 00:00:00,108.4,108.0,109.65,107.35
483,2023-06-09 00:00:00,110.25,111.5,113.3,110.0
484,2023-07-21 00:00:00,109.8,108.15,111.4,108.15
485,2023-07-13 00:00:00,106.8,108.15,110.65,106.4
486,2023-07-31 00:00:00,112.5,113.0,113.5,112.0
487,2023-08-03 00:00:00,110.55,109.9,111.3,109.6
488,2023-08-16 00:00:00,114.6,113.5,118.0,113.45
489,2023-08-14 00:00:00,113.3,118.85,118.85,112.25
490,2022-08-05 00:00:00,117.3,118.5,119.25,116.9
491,2022-08-29 00:00:00,112.7,111.0,114.7,110.7
492,2022-09-07 00:00:00,114.0,113.9,114.95,113.6
493,2022-09-26 00:00:00,100.7,102.2,104.4,100.0
494,2022-10-14 00:00:00,101.5,105.05,106.55,100.0
495,2022-10-21 00:00:00,103.35,105.5,106.1,102.8
496,2022-10-24 00:00:00,103.9,103.9,105.0,103.0
497,2022-11-29 00:00:00,114.35,114.7,118.1,113.4
498,2022-12-09 00:00:00,110.2,113.9,114.7,109.5
499,2022-12-15 00:00:00,111.75,111.5,115.25,110.6
500,2023-01-17 00:00:00,105.15,106.3,106.3,104.55
501,2023-02-13 00:00:00,99.45,100.7,101.05,99.0
502,2023-02-14 00:00:00,98.85,99.05,99.9,98.4
503,2023-02-24 00:00:00,97.3,98.3,98.7,96.8
504,2023-05-03 00:00:00,96.5,95.5,97.1,94.95
505,2023-05-15 00:00:00,105.45,105.15,107.9,103.5
506,2023-05-22 00:00:00,106.05,107.25,109.95,105.25
507,2023-06-19 00:00:00,108.75,108.9,109.9,107.8
508,2023-07-11 00:00:00,108.0,108.1,108.95,107.8
509,2023-07-25 00:00:00,108.7,109.65,109.95,108.4
510,2022-08-12 00:00:00,113.7,112.95,115.95,112.2
511,2022-08-24 00:00:00,114.5,114.7,116.05,114.15
512,2022-09-12 00:00:00,113.6,114.15,115.05,113.2
513,2022-10-12 00:00:00,104.55,105.6,106.5,103.9
514,2022-10-25 00:00:00,103.85,104.45,105.9,103.2
515,2022-12-08 00:00:00,113.4,114.6,116.9,113.0
516,2023-01-12 00:00:00,103.65,104.75,104.9,102.9
517,2023-02-07 00:00:00,100.0,100.9,101.15,99.25
518,2023-02-09 00:00:00,100.2,100.9,101.9,99.55
519,2023-03-24 00:00:00,98.2,88.8,99.95,88.3
520,2023-04-12 00:00:00,91.85,92.25,93.0,91.65
521,2023-04-19 00:00:00,93.7,95.0,95.8,93.3
522,2023-06-12 00:00:00,108.35,108.8,109.0,107.4
523,2023-08-04 00:00:00,110.2,111.0,111.9,110.05
524,2023-08-10 00:00:00,118.7,120.0,123.0,116.75
525,2022-08-23 00:00:00,114.15,113.0,115.1,112.8
526,2022-08-19 00:00:00,117.8,115.55,121.9,115.55
527,2022-08-01 00:00:00,117.25,117.0,119.4,116.5
528,2022-07-22 00:00:00,120.75,125.65,127.05,119.75
529,2022-08-11 00:00:00,112.5,115.95,115.95,111.95
530,2022-10-06 00:00:00,108.25,108.6,111.0,107.8
531,2022-11-17 00:00:00,110.7,110.95,112.2,110.25
532,2023-03-01 00:00:00,95.35,94.5,96.55,94.4
533,2023-03-29 00:00:00,90.35,88.6,94.8,88.6
534,2023-04-21 00:00:00,94.6,93.7,97.9,92.9
535,2023-05-12 00:00:00,105.45,105.6,107.45,105.0
536,2023-05-16 00:00:00,105.45,105.9,107.25,104.8
537,2023-05-31 00:00:00,105.3,104.8,106.75,104.5
538,2023-06-02 00:00:00,105.5,105.8,106.5,105.0
539,2023-06-26 00:00:00,108.65,108.45,109.0,107.55
540,2023-08-07 00:00:00,119.9,111.4,120.9,110.95
541,2023-08-09 00:00:00,119.5,121.65,121.75,117.45
542,2022-09-14 00:00:00,112.65,112.75,113.5,112.05
543,2022-10-31 00:00:00,106.1,104.35,107.7,104.0
544,2022-11-02 00:00:00,114.65,114.5,116.7,113.0
545,2022-11-10 00:00:00,109.5,110.5,110.95,108.5
546,2022-11-14 00:00:00,109.15,110.4,110.95,108.1
547,2022-12-29 00:00:00,103.1,104.15,104.15,101.85
548,2022-12-30 00:00:00,103.6,103.5,104.85,103.3
549,2023-01-19 00:00:00,105.3,104.55,106.65,104.55
550,2023-01-23 00:00:00,103.6,104.9,105.5,103.2
551,2023-03-13 00:00:00,91.95,94.45,94.75,91.4
552,2023-04-10 00:00:00,91.6,91.5,92.5,90.7
553,2023-05-02 00:00:00,95.75,95.4,96.95,95.1
554,2023-06-01 00:00:00,105.8,106.0,106.85,105.3
555,2023-06-06 00:00:00,108.5,108.7,109.15,107.5
556,2023-06-21 00:00:00,110.2,111.1,112.1,109.85
557,2023-06-23 00:00:00,108.05,108.8,108.8,107.2
558,2023-07-28 00:00:00,112.95,113.4,114.35,111.4
559,2023-08-02 00:00:00,110.35,113.1,113.75,108.85
560,2023-08-21 00:00:00,113.0,113.35,114.65,112.6
561,2022-08-04 00:00:00,117.9,120.0,121.85,116.0
562,2022-08-18 00:00:00,113.75,113.45,115.3,113.4
563,2022-10-10 00:00:00,108.2,107.8,110.2,107.0
564,2022-12-07 00:00:00,113.9,114.8,115.0,113.15
565,2022-12-13 00:00:00,111.7,111.8,112.6,111.5
566,2023-01-27 00:00:00,100.5,102.7,103.55,99.55
567,2023-01-31 00:00:00,102.9,100.65,103.1,100.65
568,2023-04-17 00:00:00,91.25,91.7,92.2,90.0
569,2023-06-13 00:00:00,108.5,108.95,110.45,108.0
570,2023-06-16 00:00:00,108.3,107.5,109.35,107.5
571,2023-06-22 00:00:00,108.75,109.95,110.5,108.5
572,2023-07-14 00:00:00,107.85,107.3,108.65,106.8
573,2022-08-10 00:00:00,117.1,117.75,119.1,116.6
574,2022-10-18 00:00:00,102.25,102.1,103.6,101.0
575,2022-11-01 00:00:00,115.1,108.85,117.45,108.8
576,2022-11-09 00:00:00,110.4,111.0,112.2,109.7
577,2022-11-18 00:00:00,108.85,110.9,111.25,108.35
578,2022-11-28 00:00:00,115.2,111.25,117.4,111.25
579,2022-12-01 00:00:00,115.55,114.95,119.0,113.9
580,2022-12-21 00:00:00,106.1,110.7,113.0,105.4
581,2022-12-23 00:00:00,98.45,104.35,105.95,96.5
582,2023-01-16 00:00:00,106.35,107.35,108.3,106.0
583,2023-03-17 00:00:00,90.25,90.75,90.95,89.0
584,2023-04-11 00:00:00,91.85,91.9,92.3,91.45
585,2023-04-13 00:00:00,91.35,91.7,92.35,91.0
586,2023-04-24 00:00:00,93.85,95.5,95.55,93.5
587,2023-05-24 00:00:00,107.9,109.45,110.0,107.5
588,2023-06-27 00:00:00,108.6,108.9,109.6,108.25
589,2023-07-18 00:00:00,110.75,110.7,113.0,109.55
590,2023-08-18 00:00:00,113.0,115.0,115.35,112.55
591,2022-08-26 00:00:00,114.05,116.25,116.5,113.45
592,2022-09-15 00:00:00,111.85,113.5,113.75,111.5
593,2022-09-20 00:00:00,109.05,110.6,111.45,108.25
594,2022-09-21 00:00:00,108.25,109.0,111.4,108.0
595,2022-09-29 00:00:00,106.85,110.6,111.4,106.1
596,2022-09-30 00:00:00,105.45,105.0,107.5,103.65
597,2022-10-17 00:00:00,101.5,101.45,102.95,99.7
598,2022-10-27 00:00:00,104.2,104.9,105.3,103.25
599,2022-11-03 00:00:00,112.75,113.0,114.4,112.1
600,2022-11-15 00:00:00,108.15,109.5,109.9,107.9
601,2022-11-23 00:00:00,111.45,108.9,112.3,108.5
602,2023-01-25 00:00:00,102.0,103.35,103.85,101.6
603,2023-02-01 00:00:00,100.45,102.95,104.55,99.5
604,2023-02-02 00:00:00,100.75,100.0,101.75,99.8
605,2023-03-03 00:00:00,95.0,94.95,95.75,94.6
606,2023-05-10 00:00:00,104.45,106.15,107.1,103.4
607,2023-06-20 00:00:00,110.85,110.6,115.0,110.25
608,2023-07-12 00:00:00,108.0,108.45,109.6,107.85
609,2023-07-24 00:00:00,109.65,110.5,111.25,109.2
610,2023-07-26 00:00:00,108.65,109.2,109.5,108.55
611,2022-07-21 00:00:00,124.6,124.05,129.65,123.5
612,2022-09-06 00:00:00,114.1,115.9,116.3,113.75
613,2022-09-08 00:00:00,114.5,114.85,115.75,114.1
614,2022-09-19 00:00:00,109.75,109.5,112.5,107.15
615,2022-10-03 00:00:00,108.35,106.4,111.95,105.35
616,2022-10-28 00:00:00,103.8,103.5,105.0,103.3
617,2022-11-25 00:00:00,111.35,112.3,113.75,110.95
618,2022-12-14 00:00:00,111.2,111.9,113.3,110.8
619,2022-12-26 00:00:00,102.25,98.5,102.9,98.5
620,2023-01-30 00:00:00,100.6,100.5,101.45,99.45
621,2023-03-02 00:00:00,94.65,95.5,96.45,94.4
622,2023-05-29 00:00:00,106.65,107.25,107.25,106.15
623,2023-06-07 00:00:00,113.55,108.5,116.0,108.2
624,2023-06-28 00:00:00,107.9,108.95,108.95,107.6
625,2023-07-04 00:00:00,107.25,108.65,108.8,106.65
626,2022-07-20 00:00:00,123.4,125.9,127.9,121.25
627,2022-08-25 00:00:00,115.4,115.0,118.3,115.0
628,2022-12-28 00:00:00,104.2,103.55,104.95,103.15
629,2023-02-06 00:00:00,100.3,99.35,102.9,99.35
630,2023-02-21 00:00:00,97.15,97.85,98.5,96.55
631,2023-02-22 00:00:00,99.25,98.0,105.8,98.0
632,2023-04-26 00:00:00,94.5,94.0,96.8,93.5
633,2023-05-04 00:00:00,97.2,96.85,99.0,96.55
634,2023-06-15 00:00:00,107.55,108.5,108.7,107.15
635,2023-08-23 00:00:00,120.15,116.15,121.7,116.0
636,2022-08-17 00:00:00,113.7,114.0,115.0,113.3
637,2022-09-02 00:00:00,113.25,114.3,115.0,113.0
638,2022-09-05 00:00:00,115.3,113.9,117.65,113.1
639,2022-09-09 00:00:00,113.55,115.15,115.35,113.0
640,2022-12-22 00:00:00,107.35,106.9,109.5,103.1
641,2023-01-04 00:00:00,104.1,105.25,105.7,103.6
642,2023-02-16 00:00:00,99.4,99.7,99.9,99.0
643,2023-02-27 00:00:00,94.6,97.7,99.0,94.0
644,2023-03-06 00:00:00,95.4,95.7,96.5,95.1
645,2023-03-20 00:00:00,89.25,90.2,94.35,88.6
646,2023-03-21 00:00:00,88.7,90.45,90.5,88.55
647,2023-03-23 00:00:00,87.65,88.95,89.25,87.15
648,2023-04-25 00:00:00,94.35,93.85,95.5,93.85
649,2023-05-05 00:00:00,105.6,97.65,111.5,97.15
650,2023-05-17 00:00:00,106.65,106.0,109.6,105.2
651,2023-05-18 00:00:00,104.8,107.6,107.9,104.2
652,2023-05-23 00:00:00,109.45,111.1,113.7,108.7
653,2023-07-17 00:00:00,108.45,108.9,109.65,108.15
654,2023-07-27 00:00:00,112.85,108.95,114.0,108.85
