,time,close,open,high,low
0,2021-01-12 00:00:00,27.55,28.9,29.0,27.25
1,2021-04-15 00:00:00,46.95,47.1,48.8,45.8
2,2021-05-05 00:00:00,53.65,51.0,54.25,50.6
3,2021-05-19 00:00:00,59.4,59.0,61.2,58.1
4,2021-05-24 00:00:00,55.85,58.25,58.4,55.55
5,2021-06-10 00:00:00,59.95,60.2,61.3,59.55
6,2021-06-14 00:00:00,58.4,59.65,59.75,56.55
7,2021-07-02 00:00:00,57.45,57.0,58.8,56.9
8,2021-07-29 00:00:00,63.4,60.8,64.8,60.5
9,2021-08-03 00:00:00,60.1,61.0,62.5,59.8
10,2021-11-24 00:00:00,55.5,55.4,58.8,54.7
11,2022-01-18 00:00:00,52.0,53.8,53.85,51.65
12,2022-02-15 00:00:00,42.6,42.15,42.8,41.1
13,2021-01-18 00:00:00,26.5,27.4,27.5,26.4
14,2022-03-04 00:00:00,36.65,36.35,38.0,36.1
15,2022-04-05 00:00:00,39.0,39.4,39.85,38.5
16,2021-02-01 00:00:00,26.3,26.7,26.8,24.7
17,2022-04-27 00:00:00,36.7,36.85,37.05,36.25
18,2021-02-11 00:00:00,29.4,26.3,30.45,25.45
19,2021-02-26 00:00:00,27.65,27.75,28.5,27.5
20,2022-05-12 00:00:00,28.65,29.9,29.9,28.45
21,2022-05-17 00:00:00,32.25,31.3,32.45,30.9
22,2022-06-03 00:00:00,28.9,30.4,30.6,28.7
23,2021-03-01 00:00:00,27.45,27.9,28.4,27.25
24,2022-06-20 00:00:00,20.15,22.5,22.5,18.6
25,2022-07-12 00:00:00,27.25,27.2,28.35,26.7
26,2021-03-03 00:00:00,30.8,29.35,32.0,29.05
27,2021-03-04 00:00:00,31.65,30.05,33.05,29.65
28,2021-03-19 00:00:00,36.2,35.3,36.6,33.6
29,2022-08-05 00:00:00,43.9,42.0,43.9,41.9
30,2021-03-22 00:00:00,37.2,36.25,38.1,35.75
31,2022-08-11 00:00:00,39.75,37.0,40.5,36.75
32,2021-05-10 00:00:00,60.8,63.2,63.8,59.35
33,2022-08-30 00:00:00,37.4,38.3,38.85,36.9
34,2021-05-28 00:00:00,57.9,59.6,60.3,57.75
35,2022-09-23 00:00:00,33.25,34.65,34.65,33.1
36,2021-06-01 00:00:00,57.9,59.25,60.5,57.5
37,2021-01-08 00:00:00,26.3,27.35,27.4,25.9
38,2021-01-13 00:00:00,27.05,27.8,27.95,26.1
39,2021-01-21 00:00:00,25.8,26.8,26.9,25.55
40,2021-03-18 00:00:00,35.7,38.2,38.45,34.2
41,2021-04-19 00:00:00,52.6,43.0,53.9,42.25
42,2021-06-09 00:00:00,59.65,61.35,62.2,59.0
43,2021-07-09 00:00:00,71.2,71.75,73.65,70.65
44,2021-08-26 00:00:00,50.0,50.85,51.6,49.6
45,2021-08-27 00:00:00,50.6,50.25,51.5,49.5
46,2021-09-08 00:00:00,50.5,50.75,51.6,50.3
47,2021-10-28 00:00:00,50.85,52.6,52.85,50.4
48,2021-11-12 00:00:00,52.75,53.45,53.6,51.1
49,2021-12-10 00:00:00,57.35,52.3,58.0,52.3
50,2022-02-07 00:00:00,44.2,44.65,45.45,43.75
51,2022-04-07 00:00:00,39.7,41.5,41.6,39.3
52,2022-05-04 00:00:00,33.5,34.75,34.8,33.25
53,2022-05-06 00:00:00,33.3,33.0,33.8,32.2
54,2022-05-26 00:00:00,29.35,29.3,30.0,27.6
55,2022-07-11 00:00:00,27.2,24.8,27.6,24.6
56,2022-08-22 00:00:00,35.3,36.0,37.3,34.55
57,2022-09-06 00:00:00,36.55,37.45,37.55,36.5
58,2022-09-08 00:00:00,36.6,37.0,37.4,36.3
59,2022-10-11 00:00:00,32.35,33.3,33.4,32.2
60,2022-11-11 00:00:00,30.6,30.95,31.25,30.5
61,2022-11-23 00:00:00,29.5,29.5,29.85,29.4
62,2023-02-22 00:00:00,29.7,30.3,30.55,29.6
63,2023-04-12 00:00:00,32.25,32.4,32.45,31.75
64,2023-06-19 00:00:00,28.35,28.35,28.8,28.0
65,2023-08-11 00:00:00,33.65,32.75,34.4,32.75
66,2023-08-17 00:00:00,33.3,33.35,34.05,33.1
67,2023-08-23 00:00:00,33.25,32.55,33.4,32.55
68,2022-11-02 00:00:00,31.8,32.4,32.7,31.55
69,2022-11-18 00:00:00,29.55,29.7,29.8,29.0
70,2022-11-28 00:00:00,31.6,31.2,32.25,31.2
71,2022-12-16 00:00:00,33.0,33.25,34.0,32.8
72,2023-01-02 00:00:00,33.75,34.15,34.35,33.6
73,2023-03-15 00:00:00,26.7,27.35,27.55,26.45
74,2023-04-25 00:00:00,32.65,31.5,32.95,31.5
75,2023-08-22 00:00:00,32.4,32.65,32.85,32.35
76,2021-02-08 00:00:00,25.35,24.95,26.1,24.8
77,2021-02-12 00:00:00,29.95,29.6,31.3,29.4
78,2021-02-23 00:00:00,27.2,27.5,28.25,26.8
79,2021-02-24 00:00:00,27.3,27.45,27.9,27.0
80,2021-03-15 00:00:00,37.05,38.35,38.35,35.55
81,2021-04-06 00:00:00,36.2,36.3,37.0,35.7
82,2021-04-08 00:00:00,38.45,37.8,39.65,37.8
83,2021-04-27 00:00:00,54.5,55.85,56.9,53.7
84,2021-06-17 00:00:00,57.4,57.45,58.85,57.0
85,2021-07-22 00:00:00,64.1,65.6,66.4,63.5
86,2021-07-27 00:00:00,62.65,65.4,66.15,62.3
87,2021-07-30 00:00:00,62.2,63.55,64.05,61.8
88,2021-08-23 00:00:00,49.1,53.85,53.85,48.8
89,2021-09-20 00:00:00,51.25,53.0,53.6,50.8
90,2021-10-05 00:00:00,55.75,52.4,56.4,52.15
91,2021-10-29 00:00:00,42.45,43.05,44.9,41.15
92,2021-12-06 00:00:00,51.7,52.3,53.35,51.2
93,2022-01-31 00:00:00,47.15,48.0,48.45,46.8
94,2022-03-07 00:00:00,35.5,36.0,36.85,35.35
95,2022-03-10 00:00:00,38.15,38.1,38.8,37.5
96,2022-03-28 00:00:00,31.55,34.0,34.25,31.35
97,2022-03-31 00:00:00,32.15,33.75,34.05,31.9
98,2022-05-20 00:00:00,31.7,31.75,32.25,31.5
99,2022-06-07 00:00:00,27.2,28.0,28.15,26.85
100,2022-06-24 00:00:00,23.8,22.95,24.85,22.75
101,2022-07-20 00:00:00,27.45,27.45,28.0,27.15
102,2022-08-25 00:00:00,35.65,36.2,36.35,35.55
103,2022-10-28 00:00:00,29.85,30.1,30.35,29.75
104,2022-12-08 00:00:00,32.6,33.25,33.25,32.5
105,2023-01-05 00:00:00,35.35,33.95,35.7,33.75
106,2023-01-11 00:00:00,36.0,35.95,36.35,35.5
107,2023-01-17 00:00:00,37.1,36.5,37.4,36.35
108,2023-01-20 00:00:00,36.1,36.45,36.5,35.9
109,2023-02-03 00:00:00,34.15,34.25,34.6,32.8
110,2023-02-08 00:00:00,32.6,32.6,33.15,32.4
111,2023-02-10 00:00:00,32.6,32.25,32.95,32.25
112,2023-03-10 00:00:00,29.3,28.6,30.0,28.6
113,2023-03-24 00:00:00,26.65,26.7,27.15,26.4
114,2023-05-03 00:00:00,32.45,32.45,33.4,32.3
115,2023-05-16 00:00:00,27.55,27.5,28.7,27.0
116,2023-07-11 00:00:00,28.5,28.6,28.95,28.4
117,2023-07-12 00:00:00,28.35,28.5,28.8,28.2
118,2021-01-19 00:00:00,27.1,26.95,27.8,26.35
119,2021-02-17 00:00:00,28.2,27.2,29.5,27.2
120,2021-03-25 00:00:00,34.1,35.5,35.7,33.35
121,2021-04-28 00:00:00,52.9,54.95,55.45,52.7
122,2021-04-29 00:00:00,52.35,53.05,54.5,52.1
123,2021-06-02 00:00:00,57.65,57.9,58.6,57.45
124,2021-06-28 00:00:00,57.0,58.45,58.6,56.85
125,2021-07-06 00:00:00,66.2,69.7,72.6,65.5
126,2021-07-19 00:00:00,67.7,68.4,69.7,66.7
127,2021-07-23 00:00:00,62.7,64.75,64.95,62.45
128,2021-08-05 00:00:00,58.5,58.45,60.0,55.65
129,2021-08-12 00:00:00,55.6,49.5,56.8,49.35
130,2021-08-25 00:00:00,50.9,51.05,52.3,50.55
131,2021-08-31 00:00:00,51.85,51.1,53.55,50.5
132,2021-09-03 00:00:00,52.55,53.2,53.7,52.25
133,2021-10-22 00:00:00,52.15,53.0,53.65,51.8
134,2021-10-26 00:00:00,51.3,50.9,52.1,50.7
135,2021-12-15 00:00:00,59.05,58.85,61.2,57.55
136,2022-01-03 00:00:00,54.45,54.5,55.4,54.1
137,2022-01-05 00:00:00,52.9,53.05,54.15,52.5
138,2022-01-17 00:00:00,53.45,52.6,54.5,52.0
139,2022-02-10 00:00:00,45.6,43.05,46.5,41.9
140,2022-02-28 00:00:00,36.7,36.2,36.8,35.1
141,2022-03-02 00:00:00,36.5,36.0,37.35,35.75
142,2022-03-08 00:00:00,35.8,35.6,36.65,35.3
143,2022-03-16 00:00:00,34.7,35.3,35.55,34.55
144,2022-06-02 00:00:00,30.1,29.25,30.35,28.8
145,2022-06-30 00:00:00,25.55,25.95,26.7,25.1
146,2022-09-01 00:00:00,36.95,37.0,37.65,36.65
147,2022-09-12 00:00:00,36.8,37.5,37.5,36.7
148,2022-09-27 00:00:00,31.95,31.5,32.5,31.1
149,2022-10-06 00:00:00,32.95,32.45,33.4,32.25
150,2022-12-01 00:00:00,34.15,32.2,35.1,32.1
151,2022-12-22 00:00:00,31.95,32.85,33.2,31.05
152,2022-12-30 00:00:00,33.9,33.6,34.55,33.6
153,2023-01-18 00:00:00,36.95,37.3,39.0,36.6
154,2023-01-27 00:00:00,35.55,37.3,38.05,34.7
155,2023-02-02 00:00:00,34.15,33.8,34.7,33.6
156,2023-02-09 00:00:00,32.6,32.6,32.9,32.35
157,2023-04-18 00:00:00,32.1,31.8,32.3,31.3
158,2023-05-09 00:00:00,32.6,33.45,34.4,32.4
159,2023-05-29 00:00:00,27.15,27.15,27.65,26.8
160,2023-06-27 00:00:00,29.05,29.45,29.8,28.95
161,2023-07-13 00:00:00,28.25,28.5,29.0,28.05
162,2023-08-04 00:00:00,33.8,32.6,34.9,32.6
163,2021-09-17 00:00:00,53.95,55.45,55.65,51.5
164,2021-10-19 00:00:00,52.95,55.2,56.2,52.35
165,2021-12-29 00:00:00,52.95,53.5,54.4,52.6
166,2022-01-04 00:00:00,53.3,54.9,54.9,53.0
167,2022-02-16 00:00:00,42.95,43.25,44.15,42.65
168,2022-03-11 00:00:00,37.8,38.4,38.75,37.5
169,2022-04-21 00:00:00,38.7,38.65,39.45,38.35
170,2022-04-26 00:00:00,37.1,37.8,38.0,36.9
171,2022-07-29 00:00:00,26.3,26.15,26.6,26.0
172,2022-09-29 00:00:00,31.25,32.0,32.4,31.1
173,2022-11-14 00:00:00,30.55,30.65,30.85,30.35
174,2022-12-23 00:00:00,31.65,31.55,32.45,30.7
175,2023-02-17 00:00:00,31.5,31.5,32.0,31.25
176,2023-02-24 00:00:00,29.15,29.95,30.25,29.05
177,2023-03-23 00:00:00,26.7,26.9,27.4,26.5
178,2023-03-31 00:00:00,28.4,25.75,28.65,25.6
179,2023-05-24 00:00:00,27.55,27.9,28.1,27.4
180,2023-05-25 00:00:00,27.5,27.55,27.75,27.2
181,2023-06-01 00:00:00,27.25,27.15,27.5,27.05
182,2023-06-09 00:00:00,28.1,28.2,28.45,27.95
183,2023-06-20 00:00:00,30.15,28.35,30.8,28.3
184,2023-07-04 00:00:00,29.05,29.5,29.65,29.0
185,2023-07-25 00:00:00,31.45,32.6,32.65,31.25
186,2021-02-15 00:00:00,28.85,30.2,30.6,28.3
187,2021-03-08 00:00:00,39.05,33.45,39.05,33.0
188,2021-03-10 00:00:00,39.5,39.25,41.05,37.65
189,2021-03-16 00:00:00,37.9,37.4,38.8,36.85
190,2021-04-01 00:00:00,37.0,35.85,37.7,35.8
191,2021-06-07 00:00:00,60.3,60.6,61.75,60.1
192,2021-06-15 00:00:00,59.8,58.85,60.95,58.6
193,2021-07-12 00:00:00,69.25,71.9,72.1,68.6
194,2021-08-09 00:00:00,53.65,61.5,61.55,52.1
195,2021-09-02 00:00:00,53.2,52.05,54.5,51.8
196,2021-09-21 00:00:00,51.8,51.8,52.2,50.25
197,2021-09-23 00:00:00,51.3,51.7,52.65,51.0
198,2021-10-27 00:00:00,52.6,51.5,54.15,51.0
199,2021-11-02 00:00:00,43.15,43.2,43.85,42.7
200,2021-11-04 00:00:00,42.15,41.7,42.45,41.7
201,2021-11-17 00:00:00,51.35,51.75,52.35,51.0
202,2021-12-27 00:00:00,52.3,52.1,53.2,51.5
203,2021-12-28 00:00:00,53.7,52.6,54.65,52.55
204,2022-01-19 00:00:00,51.9,52.0,52.8,51.35
205,2022-01-20 00:00:00,51.85,52.0,53.1,51.5
206,2022-01-27 00:00:00,48.6,47.85,49.35,47.0
207,2022-03-17 00:00:00,35.9,35.5,36.7,34.75
208,2022-03-29 00:00:00,30.85,31.75,32.4,30.4
209,2022-04-11 00:00:00,42.7,40.3,43.1,40.0
210,2022-04-25 00:00:00,37.15,37.75,37.75,35.55
211,2022-05-10 00:00:00,31.45,32.05,32.85,31.2
212,2022-06-17 00:00:00,22.3,23.7,24.0,21.85
213,2022-06-27 00:00:00,24.4,24.8,25.2,23.9
214,2022-07-18 00:00:00,25.95,26.15,26.4,25.6
215,2022-08-19 00:00:00,36.2,36.45,37.75,36.1
216,2022-09-13 00:00:00,36.75,36.95,37.65,36.65
217,2022-09-19 00:00:00,35.05,35.15,36.25,34.7
218,2022-10-03 00:00:00,31.6,32.35,32.5,31.5
219,2022-11-22 00:00:00,29.65,29.95,30.3,29.5
220,2022-12-15 00:00:00,33.65,34.6,34.8,33.5
221,2022-12-26 00:00:00,32.15,31.75,32.75,31.0
222,2023-01-04 00:00:00,33.85,33.8,34.35,33.5
223,2023-01-19 00:00:00,36.25,36.55,37.1,36.1
224,2023-01-24 00:00:00,37.9,35.95,38.05,35.95
225,2023-02-21 00:00:00,30.35,30.65,31.2,30.05
226,2023-03-27 00:00:00,25.2,26.65,26.65,25.0
227,2023-04-10 00:00:00,32.2,33.9,33.9,31.9
228,2023-04-26 00:00:00,32.6,32.6,33.0,32.3
229,2023-04-27 00:00:00,32.6,32.7,33.5,32.4
230,2023-05-23 00:00:00,27.75,27.35,28.35,27.3
231,2023-05-30 00:00:00,27.0,27.25,27.35,26.8
232,2023-06-30 00:00:00,29.05,29.0,29.45,28.9
233,2023-07-20 00:00:00,32.75,33.9,34.0,32.5
234,2023-07-24 00:00:00,32.45,32.3,32.8,32.15
235,2023-08-09 00:00:00,32.9,32.25,33.55,32.15
236,2021-01-01 00:00:00,28.85,28.7,29.85,28.45
237,2021-04-05 00:00:00,36.05,36.95,37.15,35.0
238,2021-05-25 00:00:00,61.0,56.1,61.85,55.7
239,2021-06-08 00:00:00,60.8,60.95,63.2,58.65
240,2021-06-11 00:00:00,59.55,60.5,61.75,59.25
241,2021-07-01 00:00:00,56.2,57.0,57.55,56.0
242,2021-08-04 00:00:00,58.1,60.7,60.95,56.6
243,2021-09-22 00:00:00,51.15,51.85,52.7,51.0
244,2021-10-14 00:00:00,55.25,55.1,57.25,55.05
245,2021-12-09 00:00:00,52.2,52.45,53.2,51.85
246,2022-01-06 00:00:00,52.7,52.15,53.9,52.0
247,2022-02-11 00:00:00,44.2,45.25,45.45,44.0
248,2022-02-22 00:00:00,36.15,36.4,37.35,35.65
249,2022-04-04 00:00:00,38.95,36.15,39.35,35.7
250,2022-04-28 00:00:00,36.2,37.05,37.2,36.1
251,2022-04-29 00:00:00,35.45,36.65,36.85,35.15
252,2022-06-22 00:00:00,22.4,23.0,23.5,22.1
253,2022-07-25 00:00:00,27.05,27.7,27.9,27.0
254,2022-08-26 00:00:00,35.65,35.95,36.3,35.3
255,2022-09-14 00:00:00,36.3,36.0,37.0,35.9
256,2022-09-15 00:00:00,35.95,36.55,36.7,35.9
257,2022-11-01 00:00:00,32.0,30.25,33.2,30.25
258,2022-11-09 00:00:00,31.0,30.8,31.85,30.6
259,2022-11-16 00:00:00,29.05,29.4,29.9,28.9
260,2022-12-07 00:00:00,33.1,33.9,33.95,32.9
261,2023-01-25 00:00:00,37.55,37.6,39.1,37.25
262,2023-03-01 00:00:00,29.2,28.6,29.4,28.45
263,2023-03-03 00:00:00,29.55,28.9,30.15,28.8
264,2023-03-08 00:00:00,29.65,29.4,30.1,29.15
265,2023-03-13 00:00:00,27.85,29.25,29.45,27.55
266,2021-01-04 00:00:00,28.7,29.1,29.35,28.25
267,2021-01-29 00:00:00,26.55,27.25,27.45,26.3
268,2021-03-24 00:00:00,35.45,37.2,37.4,35.1
269,2021-04-26 00:00:00,55.15,53.0,56.5,51.4
270,2021-06-23 00:00:00,60.35,60.6,62.65,60.0
271,2021-07-05 00:00:00,68.3,57.8,68.9,57.55
272,2021-07-13 00:00:00,68.45,69.8,70.8,67.9
273,2021-07-15 00:00:00,69.9,69.95,72.05,69.3
274,2021-07-20 00:00:00,64.45,67.7,68.15,63.35
275,2021-07-26 00:00:00,64.9,62.95,65.8,62.8
276,2021-08-02 00:00:00,60.7,62.8,63.3,60.25
277,2021-08-17 00:00:00,52.25,51.0,53.65,50.5
278,2021-09-06 00:00:00,52.05,52.8,53.4,51.85
279,2021-09-15 00:00:00,56.8,55.55,58.75,54.45
280,2021-10-06 00:00:00,53.85,55.95,56.35,53.35
281,2021-10-12 00:00:00,54.85,56.25,56.4,54.2
282,2021-11-15 00:00:00,50.9,53.25,53.3,50.5
283,2021-11-30 00:00:00,50.4,50.9,52.25,49.75
284,2021-12-30 00:00:00,53.75,53.0,55.35,52.7
285,2022-02-03 00:00:00,45.25,45.85,46.2,45.05
286,2022-03-21 00:00:00,36.1,36.25,37.4,35.8
287,2022-04-06 00:00:00,41.25,38.6,41.7,38.2
288,2022-04-13 00:00:00,40.7,41.2,41.7,40.5
289,2022-04-19 00:00:00,38.45,40.35,40.6,37.3
290,2022-05-18 00:00:00,32.7,32.4,33.4,32.3
291,2022-05-25 00:00:00,29.0,30.3,30.3,28.9
292,2022-06-06 00:00:00,28.0,29.0,29.1,27.75
293,2022-07-26 00:00:00,26.15,26.95,27.2,25.25
294,2021-01-25 00:00:00,25.9,24.75,26.85,23.2
295,2021-02-25 00:00:00,28.45,27.5,29.7,27.2
296,2021-03-09 00:00:00,38.75,40.5,41.65,36.4
297,2021-04-30 00:00:00,52.8,51.9,56.1,51.6
298,2021-05-04 00:00:00,50.75,54.0,54.3,50.2
299,2021-05-27 00:00:00,59.3,61.5,61.55,59.0
300,2021-01-27 00:00:00,26.8,27.1,27.8,26.25
301,2021-01-28 00:00:00,26.85,26.35,27.4,26.1
302,2021-02-04 00:00:00,25.1,25.15,25.5,24.65
303,2021-02-09 00:00:00,24.85,25.6,25.8,24.75
304,2021-03-05 00:00:00,32.55,31.8,33.85,31.5
305,2021-03-17 00:00:00,37.3,38.0,39.6,36.75
306,2021-05-07 00:00:00,62.55,61.25,64.8,60.5
307,2021-06-16 00:00:00,58.2,59.0,59.55,58.0
308,2021-06-25 00:00:00,58.05,59.5,59.5,57.55
309,2021-07-08 00:00:00,71.95,72.5,74.4,70.2
310,2021-08-10 00:00:00,52.1,53.15,55.95,51.0
311,2021-10-13 00:00:00,54.75,55.25,56.2,54.5
312,2023-03-17 00:00:00,26.55,26.45,27.85,26.4
313,2023-04-24 00:00:00,31.8,32.25,32.35,31.55
314,2023-04-28 00:00:00,32.25,32.6,32.9,32.05
315,2023-05-05 00:00:00,32.75,33.3,33.5,32.6
316,2023-06-07 00:00:00,28.6,27.35,29.35,27.35
317,2023-06-08 00:00:00,28.2,28.7,29.5,28.05
318,2021-01-06 00:00:00,27.65,28.6,28.8,27.15
319,2021-03-02 00:00:00,28.9,27.9,30.65,27.35
320,2021-03-30 00:00:00,35.95,34.9,37.25,34.9
321,2021-06-24 00:00:00,59.15,60.9,61.3,58.7
322,2021-06-30 00:00:00,56.7,57.25,58.3,56.55
323,2021-07-07 00:00:00,72.5,66.75,74.0,65.85
324,2021-08-13 00:00:00,54.5,55.9,56.6,54.05
325,2021-08-24 00:00:00,50.75,49.45,51.4,49.1
326,2021-09-09 00:00:00,50.9,50.6,52.35,50.4
327,2021-09-27 00:00:00,52.2,53.5,53.65,52.0
328,2021-01-22 00:00:00,24.6,26.25,26.25,24.15
329,2021-02-05 00:00:00,24.6,25.6,25.9,24.5
330,2021-02-16 00:00:00,27.7,29.0,29.15,27.45
331,2021-02-18 00:00:00,27.75,28.5,28.55,27.6
332,2021-05-11 00:00:00,64.75,59.5,66.8,59.1
333,2021-05-14 00:00:00,62.8,64.85,65.4,61.1
334,2021-05-20 00:00:00,59.05,60.7,61.35,58.7
335,2021-05-31 00:00:00,59.05,58.4,60.9,58.15
336,2021-06-29 00:00:00,57.1,57.0,57.95,56.7
337,2021-07-16 00:00:00,68.7,70.0,70.55,68.4
338,2021-08-06 00:00:00,61.05,58.6,61.9,58.2
339,2021-08-18 00:00:00,53.85,52.35,55.5,51.4
340,2021-08-20 00:00:00,52.2,53.4,54.8,51.6
341,2021-09-01 00:00:00,51.9,52.35,53.3,51.25
342,2021-09-30 00:00:00,51.25,51.75,52.3,51.0
343,2021-10-04 00:00:00,52.55,51.65,53.3,51.4
344,2021-10-08 00:00:00,55.85,53.55,58.1,52.6
345,2021-11-09 00:00:00,47.35,42.15,48.05,41.9
346,2021-11-11 00:00:00,52.9,52.2,54.75,52.2
347,2021-11-25 00:00:00,56.2,55.7,56.75,53.9
348,2021-12-08 00:00:00,52.05,52.9,53.6,51.8
349,2022-03-03 00:00:00,36.95,36.7,38.2,36.7
350,2022-08-04 00:00:00,39.95,38.2,39.95,37.0
351,2022-08-29 00:00:00,37.6,34.8,38.95,34.4
352,2022-09-02 00:00:00,36.3,36.95,37.3,36.1
353,2022-09-26 00:00:00,31.35,33.15,33.15,31.1
354,2022-10-07 00:00:00,32.95,32.9,33.9,32.7
355,2022-10-18 00:00:00,31.05,31.45,31.55,30.9
356,2022-10-24 00:00:00,30.2,30.35,30.5,30.05
357,2022-10-25 00:00:00,30.05,30.2,30.65,29.95
358,2022-11-15 00:00:00,29.3,28.95,29.45,28.3
359,2022-12-02 00:00:00,33.9,34.2,34.35,33.4
360,2022-12-05 00:00:00,34.45,34.1,34.85,33.75
361,2023-01-16 00:00:00,36.4,36.3,36.7,36.15
362,2023-01-23 00:00:00,36.2,36.2,36.35,36.0
363,2023-02-13 00:00:00,32.05,32.35,32.75,31.8
364,2023-03-06 00:00:00,29.5,29.65,30.25,29.4
365,2023-03-20 00:00:00,26.9,26.95,27.4,26.1
366,2023-04-06 00:00:00,33.75,31.85,34.1,31.5
367,2023-07-06 00:00:00,29.0,29.45,29.45,28.8
368,2023-07-31 00:00:00,32.4,32.65,32.8,32.25
369,2023-08-07 00:00:00,33.4,34.1,34.1,33.25
370,2021-01-07 00:00:00,27.1,27.6,28.2,26.75
371,2021-01-11 00:00:00,28.9,26.8,28.9,25.8
372,2021-01-15 00:00:00,27.2,28.2,28.2,27.0
373,2021-01-20 00:00:00,26.6,27.25,27.35,26.5
374,2021-02-10 00:00:00,26.15,24.65,26.5,24.6
375,2021-03-12 00:00:00,38.0,40.0,40.25,37.55
376,2021-04-07 00:00:00,37.3,36.25,38.05,36.05
377,2021-04-12 00:00:00,43.5,44.0,44.7,40.1
378,2021-04-23 00:00:00,52.15,54.35,55.75,52.0
379,2021-05-03 00:00:00,53.3,52.6,54.4,52.5
380,2021-06-04 00:00:00,60.3,59.45,61.45,58.65
381,2021-06-22 00:00:00,58.65,55.75,60.25,55.5
382,2021-07-28 00:00:00,60.2,63.1,63.1,59.2
383,2021-08-30 00:00:00,50.85,51.05,52.35,50.6
384,2021-11-01 00:00:00,42.85,42.85,44.0,42.2
385,2021-11-16 00:00:00,51.45,51.3,52.9,50.65
386,2021-11-22 00:00:00,52.45,54.4,56.55,51.5
387,2021-12-16 00:00:00,56.95,59.55,60.15,56.5
388,2021-12-21 00:00:00,52.05,51.7,53.4,51.6
389,2022-01-10 00:00:00,53.1,52.65,54.2,52.25
390,2022-02-14 00:00:00,41.8,43.4,43.4,41.5
391,2022-05-27 00:00:00,29.95,30.0,30.6,29.6
392,2022-06-14 00:00:00,25.65,25.7,26.35,25.4
393,2022-07-05 00:00:00,24.15,24.45,24.9,24.0
394,2022-07-13 00:00:00,27.0,27.4,27.75,26.6
395,2022-09-09 00:00:00,37.15,36.9,38.2,36.3
396,2022-09-20 00:00:00,34.85,35.5,35.65,34.7
397,2022-10-04 00:00:00,32.1,32.0,32.75,31.85
398,2022-10-13 00:00:00,31.6,32.0,32.2,31.5
399,2022-10-31 00:00:00,30.2,30.4,30.55,29.9
400,2022-11-25 00:00:00,31.2,31.25,31.75,31.15
401,2023-01-06 00:00:00,35.65,35.6,35.75,34.7
402,2023-01-12 00:00:00,36.05,36.1,36.45,35.65
403,2023-02-06 00:00:00,33.05,32.4,33.2,32.1
404,2023-02-07 00:00:00,32.35,33.0,33.1,32.15
405,2023-03-16 00:00:00,26.25,26.65,26.65,25.8
406,2023-04-13 00:00:00,32.45,32.15,32.9,32.1
407,2023-05-04 00:00:00,33.15,32.45,33.5,32.35
408,2023-06-21 00:00:00,29.35,30.5,30.8,29.3
409,2023-07-17 00:00:00,35.65,34.95,37.5,34.65
410,2023-07-27 00:00:00,33.25,34.5,34.65,33.1
411,2021-09-13 00:00:00,50.65,51.0,51.4,50.35
412,2021-12-23 00:00:00,52.9,53.65,54.15,52.65
413,2021-12-24 00:00:00,51.8,53.25,53.4,51.6
414,2022-01-12 00:00:00,52.95,55.0,55.25,52.0
415,2022-01-24 00:00:00,46.45,50.0,50.05,44.0
416,2022-02-21 00:00:00,38.0,41.5,41.5,37.65
417,2022-02-23 00:00:00,37.95,36.55,38.9,36.55
418,2022-03-22 00:00:00,36.05,36.25,36.55,35.5
419,2022-04-22 00:00:00,38.05,38.35,39.45,37.55
420,2022-05-16 00:00:00,30.8,31.1,31.1,30.0
421,2022-06-28 00:00:00,24.8,24.4,25.0,23.65
422,2022-06-29 00:00:00,25.9,24.7,26.9,24.15
423,2022-07-15 00:00:00,25.85,26.4,26.65,25.6
424,2022-08-01 00:00:00,26.95,26.5,27.45,26.3
425,2022-08-03 00:00:00,33.3,33.3,33.3,32.0
426,2022-08-17 00:00:00,36.85,36.15,38.2,36.05
427,2022-08-23 00:00:00,36.1,35.35,36.5,35.05
428,2022-09-16 00:00:00,35.0,35.95,35.95,34.8
429,2022-10-19 00:00:00,30.65,31.15,31.4,30.55
430,2022-11-30 00:00:00,31.9,31.45,32.45,31.25
431,2023-01-30 00:00:00,34.55,35.0,35.85,33.95
432,2023-03-21 00:00:00,26.5,27.05,27.1,26.25
433,2023-05-02 00:00:00,32.35,32.4,32.8,32.15
434,2023-05-08 00:00:00,33.1,32.5,33.45,32.35
435,2023-05-10 00:00:00,32.25,32.85,32.85,31.8
436,2023-05-12 00:00:00,32.75,32.7,33.9,32.45
437,2023-05-15 00:00:00,28.2,33.1,33.1,27.7
438,2023-05-22 00:00:00,27.25,27.25,27.55,27.1
439,2023-06-02 00:00:00,27.75,27.35,28.45,27.35
440,2023-07-03 00:00:00,29.5,29.05,29.95,29.05
441,2021-11-26 00:00:00,53.1,54.5,56.2,52.5
442,2022-01-28 00:00:00,47.5,49.2,50.05,47.1
443,2022-02-09 00:00:00,42.75,43.3,43.85,42.1
444,2022-04-01 00:00:00,35.65,32.45,36.3,32.15
445,2022-04-18 00:00:00,39.4,40.0,40.35,39.0
446,2022-06-13 00:00:00,26.0,26.75,26.9,25.75
447,2022-07-04 00:00:00,24.5,25.05,25.4,24.3
448,2022-07-27 00:00:00,26.35,26.0,26.75,25.9
449,2022-08-02 00:00:00,27.75,26.7,28.25,26.65
450,2022-09-07 00:00:00,36.6,36.35,37.3,36.2
451,2022-11-24 00:00:00,31.25,29.6,32.1,29.6
452,2022-11-29 00:00:00,31.35,31.8,32.3,31.3
453,2022-12-09 00:00:00,31.7,32.8,32.9,31.5
454,2022-12-13 00:00:00,32.65,32.7,33.1,32.5
455,2023-01-09 00:00:00,35.1,35.95,37.25,34.8
456,2023-01-31 00:00:00,34.4,34.9,34.9,33.85
457,2023-04-03 00:00:00,28.55,28.0,29.1,27.95
458,2023-04-05 00:00:00,31.5,28.25,32.3,28.25
459,2023-04-19 00:00:00,31.9,32.25,32.45,31.75
460,2023-04-20 00:00:00,32.05,31.95,32.3,31.75
461,2023-04-21 00:00:00,32.15,32.3,33.1,32.0
462,2023-05-18 00:00:00,27.55,28.0,28.45,27.4
463,2023-05-19 00:00:00,27.25,27.7,27.8,27.0
464,2023-05-26 00:00:00,27.0,27.55,27.8,26.95
465,2023-06-05 00:00:00,27.8,28.0,28.1,27.6
466,2023-06-12 00:00:00,28.3,28.3,28.7,28.1
467,2023-06-15 00:00:00,28.05,28.05,28.35,27.75
468,2023-06-16 00:00:00,28.3,28.0,28.8,28.0
469,2023-06-28 00:00:00,28.85,29.05,29.35,28.7
470,2023-07-10 00:00:00,28.65,29.05,29.1,28.5
471,2023-07-21 00:00:00,32.2,32.6,32.75,32.0
472,2023-08-03 00:00:00,32.55,32.4,32.95,31.85
473,2021-10-25 00:00:00,50.55,52.3,52.65,50.25
474,2021-11-18 00:00:00,54.4,51.7,55.75,48.4
475,2021-11-23 00:00:00,54.4,51.7,55.2,51.6
476,2021-11-29 00:00:00,50.3,53.4,53.4,49.75
477,2021-12-01 00:00:00,49.6,51.3,51.7,49.25
478,2021-12-03 00:00:00,51.7,50.0,53.8,50.0
479,2021-12-13 00:00:00,58.35,58.2,60.65,56.25
480,2021-12-22 00:00:00,53.25,52.65,53.75,52.3
481,2022-01-14 00:00:00,52.3,52.5,53.1,52.05
482,2022-02-17 00:00:00,42.25,43.8,43.8,42.05
483,2022-02-18 00:00:00,41.5,42.5,42.5,41.0
484,2022-03-23 00:00:00,35.3,36.25,36.5,35.05
485,2022-03-25 00:00:00,34.05,35.05,35.25,33.9
486,2022-05-02 00:00:00,34.5,35.0,35.1,34.25
487,2022-05-13 00:00:00,30.35,29.1,31.5,29.1
488,2022-06-16 00:00:00,23.7,25.7,26.1,23.5
489,2022-07-19 00:00:00,27.0,25.85,27.75,25.75
490,2022-07-28 00:00:00,25.85,26.45,26.9,25.6
491,2022-09-30 00:00:00,31.75,31.7,32.2,30.95
492,2022-10-12 00:00:00,31.9,32.5,32.7,31.8
493,2022-11-10 00:00:00,30.6,30.75,31.2,30.45
494,2022-11-17 00:00:00,29.45,29.0,29.7,28.9
495,2022-11-21 00:00:00,29.9,29.5,30.45,29.35
496,2022-12-06 00:00:00,33.7,34.3,34.4,33.6
497,2022-12-14 00:00:00,34.7,32.85,36.0,32.8
498,2022-12-19 00:00:00,33.2,33.0,33.6,32.55
499,2023-01-13 00:00:00,36.2,36.15,37.15,36.05
500,2023-02-14 00:00:00,32.25,32.25,32.45,31.8
501,2023-02-20 00:00:00,30.65,31.75,31.75,30.0
502,2023-03-28 00:00:00,25.45,25.15,25.7,25.0
503,2023-04-11 00:00:00,32.05,32.25,32.45,31.6
504,2023-06-13 00:00:00,28.25,28.15,28.6,28.05
505,2023-06-14 00:00:00,28.15,28.4,28.5,28.05
506,2023-07-07 00:00:00,28.9,29.0,29.3,28.7
507,2023-07-14 00:00:00,33.9,29.0,33.9,29.0
508,2023-08-14 00:00:00,32.55,33.2,33.35,32.2
509,2023-08-18 00:00:00,32.25,33.25,33.65,31.9
510,2022-03-14 00:00:00,35.75,37.95,38.2,35.45
511,2022-03-24 00:00:00,34.75,35.35,35.7,34.5
512,2022-03-30 00:00:00,33.4,31.5,35.3,31.05
513,2022-04-08 00:00:00,40.15,40.05,41.1,39.7
514,2022-04-20 00:00:00,38.15,38.6,39.35,37.95
515,2022-05-05 00:00:00,33.45,33.6,34.45,33.3
516,2022-06-10 00:00:00,27.1,27.05,27.6,27.0
517,2022-06-21 00:00:00,23.2,20.35,23.65,20.35
518,2022-06-23 00:00:00,22.45,22.4,23.5,22.05
519,2022-07-01 00:00:00,25.05,25.25,25.65,24.8
520,2022-08-12 00:00:00,38.6,40.0,40.9,38.2
521,2022-08-18 00:00:00,36.8,37.0,37.3,36.6
522,2022-09-05 00:00:00,37.3,36.75,38.2,35.95
523,2022-09-28 00:00:00,31.3,31.15,32.6,31.15
524,2022-10-14 00:00:00,31.4,32.1,32.3,31.3
525,2022-10-20 00:00:00,30.85,30.0,31.3,29.95
526,2022-10-27 00:00:00,30.05,30.25,30.65,29.75
527,2022-12-27 00:00:00,33.5,32.2,33.95,32.1
528,2023-02-01 00:00:00,34.05,34.85,35.05,33.75
529,2023-02-28 00:00:00,28.45,28.65,29.45,28.25
530,2023-03-09 00:00:00,29.45,29.8,30.35,29.25
531,2023-04-17 00:00:00,31.7,32.45,32.45,31.25
532,2023-06-06 00:00:00,27.35,27.8,27.95,27.3
533,2023-07-05 00:00:00,29.2,29.1,29.75,29.1
534,2023-07-19 00:00:00,34.05,33.15,34.65,33.15
535,2023-08-10 00:00:00,32.8,33.0,33.45,32.6
536,2021-04-09 00:00:00,45.15,38.6,46.1,38.2
537,2021-04-16 00:00:00,45.35,47.3,47.8,45.15
538,2021-05-06 00:00:00,60.3,54.15,61.8,52.15
539,2021-05-21 00:00:00,57.85,59.5,60.1,57.5
540,2021-06-21 00:00:00,54.9,53.0,56.6,52.5
541,2021-08-16 00:00:00,51.75,54.45,54.45,51.3
542,2021-09-14 00:00:00,55.3,51.0,56.0,50.9
543,2021-09-16 00:00:00,55.1,57.15,57.4,54.85
544,2021-09-24 00:00:00,53.1,51.9,54.6,51.5
545,2021-10-01 00:00:00,51.2,51.0,51.65,50.85
546,2021-10-11 00:00:00,56.3,56.2,57.6,55.2
547,2021-10-20 00:00:00,52.1,53.0,53.7,51.0
548,2021-11-03 00:00:00,41.6,43.25,43.6,41.3
549,2023-08-01 00:00:00,33.15,32.35,33.95,32.35
550,2023-08-02 00:00:00,32.35,33.3,33.75,31.9
551,2023-08-08 00:00:00,32.65,33.6,34.3,32.4
552,2021-01-14 00:00:00,28.0,27.2,28.65,26.5
553,2021-02-02 00:00:00,24.9,25.4,25.85,24.8
554,2021-02-03 00:00:00,24.9,25.25,25.55,24.8
555,2021-04-22 00:00:00,55.15,58.9,62.1,54.0
556,2021-05-12 00:00:00,63.95,65.5,67.4,63.0
557,2021-05-26 00:00:00,61.2,61.5,63.0,60.9
558,2021-06-03 00:00:00,59.05,58.2,60.5,57.6
559,2021-06-18 00:00:00,54.55,58.05,58.4,51.2
560,2021-07-14 00:00:00,70.05,68.7,72.2,67.3
561,2021-09-29 00:00:00,51.55,51.5,53.0,51.15
562,2021-10-07 00:00:00,53.2,54.4,54.9,53.0
563,2021-11-10 00:00:00,51.0,47.3,52.35,46.2
564,2021-12-07 00:00:00,52.05,52.15,52.95,51.8
565,2022-01-07 00:00:00,52.25,53.0,53.55,52.1
566,2022-01-25 00:00:00,48.45,45.9,48.8,44.8
567,2022-02-02 00:00:00,45.6,45.3,46.6,45.25
568,2022-02-25 00:00:00,36.3,35.45,36.65,35.05
569,2022-04-12 00:00:00,40.9,42.5,42.7,40.4
570,2022-05-09 00:00:00,32.25,33.0,33.1,32.1
571,2022-05-11 00:00:00,30.25,32.0,32.1,28.95
572,2022-05-23 00:00:00,31.05,31.9,32.05,30.9
573,2022-05-24 00:00:00,29.95,31.7,31.75,29.75
574,2022-06-01 00:00:00,28.9,28.7,29.75,28.7
575,2022-06-08 00:00:00,27.15,27.5,27.7,26.75
576,2022-06-15 00:00:00,25.2,25.6,25.8,25.05
577,2022-09-21 00:00:00,33.95,34.9,35.1,33.75
578,2022-11-03 00:00:00,31.05,31.7,31.8,30.95
579,2022-12-28 00:00:00,33.1,33.5,33.65,32.95
580,2023-01-03 00:00:00,33.85,33.9,34.35,33.6
581,2023-01-10 00:00:00,35.9,35.2,36.6,34.6
582,2023-02-27 00:00:00,28.55,29.2,29.25,28.2
583,2023-03-14 00:00:00,27.1,27.95,28.0,26.65
584,2023-06-23 00:00:00,28.55,28.55,29.05,28.0
585,2023-07-26 00:00:00,33.95,31.6,34.25,31.45
586,2023-07-28 00:00:00,32.65,33.45,33.75,32.45
587,2021-01-05 00:00:00,28.6,28.3,29.25,28.0
588,2021-02-19 00:00:00,27.75,27.5,28.6,27.3
589,2021-02-22 00:00:00,27.05,27.65,28.1,26.75
590,2021-03-23 00:00:00,37.45,37.5,38.75,37.2
591,2021-03-26 00:00:00,34.3,34.8,35.35,33.7
592,2021-03-31 00:00:00,35.55,36.1,36.7,35.3
593,2021-04-13 00:00:00,46.9,44.0,49.75,43.95
594,2021-04-20 00:00:00,57.75,53.6,61.3,53.2
595,2021-05-17 00:00:00,62.0,63.85,64.3,61.6
596,2021-10-18 00:00:00,54.45,55.6,55.85,54.15
597,2021-10-21 00:00:00,52.75,52.75,53.6,51.1
598,2021-12-17 00:00:00,53.65,56.95,57.1,53.2
599,2021-12-20 00:00:00,51.1,52.95,53.3,50.65
600,2022-01-11 00:00:00,54.55,53.25,56.2,53.0
601,2022-02-01 00:00:00,45.0,43.0,45.45,43.0
602,2022-02-04 00:00:00,44.5,45.55,45.55,44.35
603,2022-02-24 00:00:00,33.55,36.0,36.7,33.4
604,2022-05-30 00:00:00,30.65,30.55,31.35,30.3
605,2022-05-31 00:00:00,28.6,28.0,29.35,27.25
606,2022-07-06 00:00:00,23.9,23.95,24.5,23.6
607,2022-07-21 00:00:00,28.15,27.4,28.7,27.1
608,2022-08-08 00:00:00,40.8,46.9,48.25,40.2
609,2022-08-10 00:00:00,36.9,39.7,40.35,36.75
610,2022-08-16 00:00:00,36.6,37.5,38.3,36.25
611,2022-08-24 00:00:00,35.9,36.1,36.85,35.75
612,2022-09-22 00:00:00,34.05,34.0,34.7,33.85
613,2022-10-10 00:00:00,33.2,32.5,34.0,32.15
614,2022-10-21 00:00:00,30.1,30.95,31.0,30.0
615,2022-11-04 00:00:00,31.0,31.3,31.4,30.8
616,2022-11-07 00:00:00,30.7,31.2,31.2,30.55
617,2022-12-29 00:00:00,33.4,33.1,34.1,32.85
618,2023-02-15 00:00:00,32.4,32.45,32.65,32.15
619,2023-02-16 00:00:00,31.55,32.55,32.7,31.4
620,2023-03-02 00:00:00,28.85,29.0,29.45,28.75
621,2023-05-11 00:00:00,32.7,32.5,32.8,32.35
622,2023-05-17 00:00:00,27.8,27.8,28.25,27.25
623,2023-05-31 00:00:00,27.1,27.0,27.4,26.95
624,2023-06-22 00:00:00,28.65,29.55,29.65,28.35
625,2023-07-18 00:00:00,33.75,35.85,35.85,33.3
626,2023-08-16 00:00:00,33.3,32.8,34.3,32.6
627,2021-05-18 00:00:00,58.8,57.0,61.4,55.5
628,2021-08-11 00:00:00,49.1,52.3,52.75,43.15
629,2021-09-07 00:00:00,50.7,52.2,52.3,50.6
630,2021-09-28 00:00:00,51.65,52.5,52.55,51.0
631,2021-11-08 00:00:00,41.9,42.6,42.85,41.4
632,2021-12-02 00:00:00,49.95,49.6,50.9,48.85
633,2021-12-14 00:00:00,58.65,57.7,60.15,57.0
634,2021-12-31 00:00:00,54.15,54.15,55.85,53.85
635,2022-01-13 00:00:00,52.7,53.4,53.65,52.1
636,2022-01-21 00:00:00,50.05,51.65,52.15,49.65
637,2022-02-08 00:00:00,43.0,44.5,44.5,42.45
638,2022-03-09 00:00:00,36.95,36.3,37.6,35.95
639,2022-03-15 00:00:00,34.7,36.0,36.55,34.35
640,2022-05-19 00:00:00,31.25,31.1,31.8,31.0
641,2022-06-09 00:00:00,27.35,27.15,27.6,27.0
642,2022-07-07 00:00:00,25.5,24.05,25.85,23.9
643,2022-07-08 00:00:00,25.05,25.7,25.7,24.6
644,2022-07-14 00:00:00,26.3,27.05,27.2,25.9
645,2022-07-22 00:00:00,28.0,28.35,28.45,27.5
646,2022-10-17 00:00:00,31.15,31.3,31.75,30.9
647,2022-12-12 00:00:00,32.5,31.6,32.8,31.2
648,2022-12-20 00:00:00,33.05,32.95,33.45,32.6
649,2022-12-21 00:00:00,32.4,33.25,35.6,31.85
650,2023-02-23 00:00:00,29.8,29.85,30.15,29.5
651,2023-03-22 00:00:00,27.05,26.5,27.25,26.5
652,2023-03-29 00:00:00,25.6,25.5,26.0,25.1
653,2023-06-26 00:00:00,29.4,28.5,30.1,28.0
654,2023-08-21 00:00:00,32.2,32.45,32.85,32.1
