,time,close,open,high,low
0,2021-02-15 00:00:00,1838.35,1855.0,1878.7,1811.0
1,2021-03-01 00:00:00,1810.45,1820.0,1841.5,1800.5
2,2021-04-06 00:00:00,1986.25,1985.0,2003.4,1970.0
3,2021-05-05 00:00:00,1987.35,2048.0,2109.8,1966.15
4,2021-05-18 00:00:00,2155.15,2204.5,2204.5,2145.6
5,2021-06-16 00:00:00,2208.4,2243.75,2249.95,2201.0
6,2021-06-25 00:00:00,2174.85,2206.1,2206.1,2167.25
7,2021-08-03 00:00:00,2961.4,2667.95,3180.0,2634.05
8,2021-08-06 00:00:00,2922.4,2887.0,2989.0,2860.8
9,2021-09-24 00:00:00,2864.2,2880.0,2880.0,2848.25
10,2021-09-27 00:00:00,2872.35,2899.0,2940.0,2851.6
11,2021-11-01 00:00:00,2375.0,2385.55,2440.0,2315.5
12,2022-01-05 00:00:00,2463.25,2451.0,2484.75,2426.4
13,2022-01-06 00:00:00,2457.5,2463.25,2476.0,2433.2
14,2022-02-01 00:00:00,2378.0,2426.45,2430.05,2342.1
15,2022-02-02 00:00:00,2434.95,2355.45,2588.2,2355.45
16,2022-02-07 00:00:00,2319.4,2325.05,2347.1,2291.0
17,2022-03-30 00:00:00,2055.75,2158.85,2182.7,2032.05
18,2022-04-06 00:00:00,2250.55,2240.0,2265.0,2227.3
19,2022-05-30 00:00:00,1949.25,1928.4,1962.9,1851.25
20,2022-06-29 00:00:00,1906.85,1890.0,1929.45,1868.0
21,2022-08-05 00:00:00,2185.2,2230.95,2242.75,2168.15
22,2021-01-13 00:00:00,1491.2,1493.0,1522.75,1471.3
23,2021-01-18 00:00:00,1441.1,1475.1,1492.95,1438.8
24,2021-01-28 00:00:00,1481.95,1460.0,1493.2,1445.0
25,2021-02-26 00:00:00,1815.55,1838.0,1867.0,1806.0
26,2021-04-07 00:00:00,2012.8,1996.7,2025.0,1974.1
27,2021-04-09 00:00:00,1972.4,2006.0,2006.0,1950.0
28,2021-04-19 00:00:00,1897.55,1912.4,1916.0,1813.85
29,2021-05-07 00:00:00,2028.65,2044.0,2047.35,1975.0
30,2021-06-01 00:00:00,2216.0,2250.0,2271.0,2205.0
31,2021-06-22 00:00:00,2234.55,2257.0,2271.0,2223.0
32,2021-06-24 00:00:00,2206.1,2183.2,2235.4,2181.0
33,2021-07-19 00:00:00,2500.8,2500.0,2537.9,2500.0
34,2021-07-22 00:00:00,2527.75,2497.8,2550.0,2472.8
35,2021-07-23 00:00:00,2510.1,2546.0,2547.75,2502.05
36,2021-09-07 00:00:00,2805.2,2805.0,2824.45,2766.95
37,2021-09-17 00:00:00,2903.6,2875.0,2944.0,2830.05
38,2021-09-29 00:00:00,2818.1,2844.0,2875.0,2735.1
39,2021-10-28 00:00:00,2443.1,2518.65,2518.65,2425.0
40,2021-11-26 00:00:00,2379.55,2398.7,2409.9,2301.0
41,2021-12-21 00:00:00,2364.4,2385.0,2397.2,2312.15
42,2022-02-03 00:00:00,2366.1,2447.15,2451.9,2351.05
43,2022-02-11 00:00:00,2246.95,2328.0,2334.0,2231.15
44,2022-04-26 00:00:00,2049.05,2086.7,2094.0,2042.95
45,2022-05-04 00:00:00,1974.5,2013.1,2050.1,1956.05
46,2022-06-10 00:00:00,1926.3,1905.8,1940.0,1892.15
47,2022-07-29 00:00:00,1982.75,1962.4,2120.3,1940.0
48,2022-08-03 00:00:00,2247.0,2213.0,2270.0,2190.0
49,2021-01-05 00:00:00,1531.6,1510.0,1595.85,1505.3
50,2021-01-15 00:00:00,1473.25,1495.0,1495.0,1468.0
51,2021-01-27 00:00:00,1467.4,1460.0,1567.2,1450.0
52,2021-02-25 00:00:00,1875.9,1860.0,1898.0,1830.0
53,2021-03-30 00:00:00,1970.85,1940.7,1990.0,1921.1
54,2021-04-22 00:00:00,1906.7,1907.0,1907.85,1884.2
55,2021-04-26 00:00:00,1894.35,1899.95,1924.65,1865.6
56,2021-08-25 00:00:00,2707.25,2649.7,2728.0,2627.0
57,2021-09-09 00:00:00,2814.6,2849.95,2849.95,2805.0
58,2021-10-06 00:00:00,2720.7,2749.95,2769.95,2700.8
59,2022-01-11 00:00:00,2582.3,2470.0,2698.0,2470.0
60,2022-02-08 00:00:00,2291.25,2310.0,2326.0,2256.25
61,2022-02-25 00:00:00,2073.7,2082.8,2185.9,2055.1
62,2022-03-08 00:00:00,1948.85,1912.0,1967.7,1890.15
63,2022-04-08 00:00:00,2250.25,2232.75,2261.0,2220.05
64,2022-04-13 00:00:00,2218.5,2204.0,2226.55,2181.2
65,2022-04-20 00:00:00,2053.8,2163.15,2168.05,1991.0
66,2022-05-06 00:00:00,1975.65,1955.9,1990.25,1919.1
67,2022-06-09 00:00:00,1898.4,1900.05,1924.0,1884.0
68,2022-07-25 00:00:00,1946.95,1927.95,1951.0,1918.0
69,2022-07-27 00:00:00,1960.6,1918.65,1970.0,1918.05
70,2021-02-05 00:00:00,1566.85,1540.0,1590.0,1540.0
71,2021-03-23 00:00:00,1983.55,1996.7,2024.0,1960.0
72,2021-03-24 00:00:00,1980.05,1965.5,2005.0,1960.25
73,2021-04-15 00:00:00,1918.2,1861.0,1935.0,1849.55
74,2021-05-10 00:00:00,2105.3,1987.0,2150.0,1987.0
75,2021-05-14 00:00:00,2103.55,2110.0,2138.95,2090.0
76,2021-05-21 00:00:00,2193.75,2143.5,2245.0,2132.2
77,2021-05-31 00:00:00,2225.15,2219.9,2250.0,2194.0
78,2021-06-11 00:00:00,2276.45,2324.0,2333.0,2272.0
79,2021-06-14 00:00:00,2248.95,2299.55,2299.55,2241.0
80,2021-07-07 00:00:00,2333.3,2335.0,2348.95,2270.15
81,2021-07-08 00:00:00,2330.25,2340.0,2352.95,2326.0
82,2021-08-09 00:00:00,2782.65,2932.9,2951.85,2720.35
83,2021-08-24 00:00:00,2649.95,2591.0,2674.75,2579.4
84,2021-08-27 00:00:00,2757.55,2744.9,2780.2,2702.25
85,2021-09-01 00:00:00,2754.25,2769.4,2775.0,2723.3
86,2021-09-14 00:00:00,2757.85,2797.7,2805.65,2731.4
87,2021-09-30 00:00:00,2833.4,2824.95,2848.45,2800.0
88,2021-12-06 00:00:00,2277.7,2317.85,2354.0,2270.5
89,2021-12-07 00:00:00,2301.85,2263.0,2309.95,2263.0
90,2021-12-23 00:00:00,2380.35,2380.0,2403.25,2352.5
91,2022-01-13 00:00:00,2636.7,2560.15,2660.0,2516.05
92,2022-01-20 00:00:00,2447.55,2485.8,2518.35,2441.4
93,2022-02-18 00:00:00,2206.95,2227.9,2313.85,2181.0
94,2022-03-02 00:00:00,2026.35,2047.0,2047.0,2017.1
95,2022-03-24 00:00:00,2143.85,2175.0,2186.2,2134.2
96,2022-04-19 00:00:00,2152.35,2189.95,2206.6,2111.25
97,2022-04-28 00:00:00,2026.0,2030.4,2050.65,2003.8
98,2022-05-09 00:00:00,1964.3,2009.9,2024.15,1922.75
99,2022-06-08 00:00:00,1910.8,1917.1,1948.75,1900.0
100,2022-06-17 00:00:00,1710.0,1783.55,1788.4,1700.0
101,2022-07-13 00:00:00,1963.95,2008.2,2017.2,1955.1
102,2022-07-22 00:00:00,1918.4,1923.65,1942.4,1909.0
103,2021-01-06 00:00:00,1526.6,1548.0,1554.95,1520.6
104,2021-01-08 00:00:00,1511.05,1525.8,1545.05,1501.0
105,2021-01-21 00:00:00,1482.8,1500.0,1514.35,1470.05
106,2021-02-03 00:00:00,1524.0,1526.9,1543.8,1514.85
107,2021-02-08 00:00:00,1678.6,1591.8,1697.35,1566.85
108,2021-02-09 00:00:00,1731.2,1709.45,1774.4,1637.0
109,2021-02-24 00:00:00,1840.0,1822.3,1869.55,1807.85
110,2021-04-13 00:00:00,1886.5,1860.95,1896.45,1843.55
111,2021-05-25 00:00:00,2193.85,2210.65,2223.85,2165.0
112,2021-06-09 00:00:00,2276.0,2340.0,2340.0,2270.7
113,2021-06-10 00:00:00,2301.45,2293.0,2315.0,2262.6
114,2021-06-29 00:00:00,2191.55,2251.0,2251.0,2178.0
115,2021-08-18 00:00:00,2654.6,2651.45,2720.0,2605.1
116,2021-08-26 00:00:00,2734.6,2707.35,2788.0,2675.45
117,2021-09-16 00:00:00,2870.05,2944.0,2987.95,2830.35
118,2021-10-01 00:00:00,2753.2,2847.6,2848.9,2731.0
119,2021-10-04 00:00:00,2734.0,2773.8,2779.9,2707.45
120,2021-10-07 00:00:00,2706.05,2725.5,2765.0,2671.4
121,2021-10-19 00:00:00,2647.5,2698.0,2719.95,2640.0
122,2021-10-20 00:00:00,2610.05,2656.1,2665.65,2570.0
123,2021-10-25 00:00:00,2501.05,2470.15,2743.0,2456.05
124,2021-11-30 00:00:00,2370.45,2313.45,2388.6,2313.45
125,2021-12-08 00:00:00,2322.9,2313.4,2359.0,2288.2
126,2021-12-29 00:00:00,2430.55,2439.85,2439.85,2404.9
127,2021-12-31 00:00:00,2436.65,2436.05,2472.35,2406.25
128,2022-01-10 00:00:00,2486.4,2461.5,2509.75,2434.95
129,2022-01-17 00:00:00,2619.7,2667.95,2696.35,2580.7
130,2022-02-22 00:00:00,2139.7,2169.0,2190.15,2112.9
131,2022-03-03 00:00:00,2031.6,2036.5,2053.5,1988.0
132,2022-03-09 00:00:00,1997.65,1958.6,2036.65,1921.1
133,2022-04-12 00:00:00,2215.45,2259.95,2262.35,2161.65
134,2022-06-01 00:00:00,1968.95,1940.0,1997.95,1940.0
135,2022-06-02 00:00:00,1996.35,1970.0,2054.0,1968.95
136,2022-07-19 00:00:00,1936.9,1949.95,1967.75,1920.0
137,2022-07-20 00:00:00,1929.3,1948.0,1970.0,1925.85
138,2021-01-20 00:00:00,1487.4,1472.6,1504.0,1470.25
139,2021-01-25 00:00:00,1464.35,1477.8,1484.0,1424.95
140,2021-01-29 00:00:00,1491.55,1489.2,1515.1,1472.3
141,2021-02-02 00:00:00,1525.05,1492.0,1536.95,1492.0
142,2021-04-28 00:00:00,1962.15,1923.4,1974.0,1923.4
143,2021-05-03 00:00:00,1961.35,1882.5,2020.0,1882.5
144,2021-05-17 00:00:00,2186.2,2121.7,2198.5,2102.25
145,2021-06-17 00:00:00,2231.95,2199.95,2245.0,2170.25
146,2021-06-23 00:00:00,2211.65,2245.5,2245.5,2202.0
147,2021-06-30 00:00:00,2224.3,2182.9,2255.0,2177.45
148,2021-08-05 00:00:00,2912.9,2935.0,2999.0,2879.95
149,2021-09-22 00:00:00,2844.85,2825.0,2909.0,2814.85
150,2021-10-05 00:00:00,2734.7,2746.95,2765.0,2724.15
151,2021-10-08 00:00:00,2702.95,2700.0,2723.95,2698.45
152,2021-10-11 00:00:00,2676.25,2707.0,2725.0,2630.0
153,2021-11-09 00:00:00,2456.95,2386.0,2490.0,2369.3
154,2021-12-15 00:00:00,2483.25,2514.0,2535.0,2451.35
155,2022-02-14 00:00:00,2219.7,2225.0,2248.85,2160.4
156,2022-04-07 00:00:00,2233.1,2259.4,2274.9,2230.0
157,2022-05-10 00:00:00,1921.0,1974.1,1977.7,1915.1
158,2022-05-16 00:00:00,1882.0,1898.9,1941.35,1852.55
159,2022-06-15 00:00:00,1816.6,1805.15,1837.4,1805.15
160,2022-06-23 00:00:00,1704.0,1715.2,1721.35,1692.95
161,2022-07-28 00:00:00,1954.35,1946.5,1979.0,1946.5
162,2021-01-19 00:00:00,1472.5,1455.0,1483.9,1452.05
163,2021-02-01 00:00:00,1501.8,1494.0,1510.3,1470.05
164,2021-02-04 00:00:00,1532.6,1525.0,1568.7,1517.95
165,2021-03-19 00:00:00,1948.6,1880.0,1975.0,1800.0
166,2021-03-25 00:00:00,1927.0,1980.0,1986.2,1902.05
167,2021-04-27 00:00:00,1923.4,1897.5,1959.95,1875.0
168,2021-04-29 00:00:00,1949.7,1975.0,1990.0,1934.35
169,2021-05-24 00:00:00,2210.65,2193.0,2249.0,2190.0
170,2021-07-01 00:00:00,2244.6,2231.0,2313.65,2201.0
171,2021-07-09 00:00:00,2333.05,2326.35,2344.15,2308.6
172,2021-07-16 00:00:00,2523.3,2535.0,2538.0,2492.05
173,2021-08-20 00:00:00,2644.8,2639.9,2678.3,2600.0
174,2021-10-22 00:00:00,2518.05,2546.0,2591.5,2481.8
175,2021-10-27 00:00:00,2524.2,2500.0,2736.9,2487.45
176,2021-11-10 00:00:00,2422.45,2457.0,2457.0,2410.1
177,2021-11-15 00:00:00,2362.15,2388.65,2405.45,2350.0
178,2021-11-24 00:00:00,2258.65,2283.2,2296.0,2250.0
179,2021-11-25 00:00:00,2403.85,2250.0,2430.0,2250.0
180,2021-12-22 00:00:00,2380.15,2355.65,2399.0,2334.45
181,2021-12-28 00:00:00,2427.7,2405.7,2443.45,2404.9
182,2022-02-23 00:00:00,2137.35,2143.35,2178.0,2130.05
183,2022-04-29 00:00:00,2028.75,2045.0,2055.0,2025.0
184,2022-05-02 00:00:00,2010.8,2025.0,2025.0,1990.0
185,2022-05-05 00:00:00,1955.3,1984.4,2011.45,1940.0
186,2022-05-18 00:00:00,1902.4,1900.0,1931.85,1900.0
187,2022-05-23 00:00:00,2091.65,2100.0,2300.0,2000.6
188,2022-05-26 00:00:00,1906.25,1897.95,1939.25,1845.0
189,2022-06-07 00:00:00,1927.15,1910.0,1957.45,1881.85
190,2021-03-03 00:00:00,1880.95,1840.0,1950.0,1835.0
191,2021-03-08 00:00:00,1821.75,1817.0,1845.7,1805.0
192,2021-04-08 00:00:00,1989.2,2045.0,2045.0,1980.0
193,2021-04-30 00:00:00,1920.5,1960.45,1974.0,1899.95
194,2021-05-12 00:00:00,2110.5,2165.0,2185.0,2080.0
195,2021-06-08 00:00:00,2324.9,2354.9,2354.9,2280.0
196,2021-06-15 00:00:00,2232.55,2269.5,2270.0,2220.0
197,2021-07-02 00:00:00,2272.45,2254.45,2287.0,2220.2
198,2021-07-28 00:00:00,2590.25,2542.0,2649.0,2471.0
199,2021-08-04 00:00:00,2966.25,2940.05,3060.0,2852.65
200,2021-08-30 00:00:00,2751.4,2775.9,2810.0,2715.2
201,2021-09-21 00:00:00,2812.3,2835.8,2845.8,2802.0
202,2021-11-18 00:00:00,2315.35,2330.3,2350.55,2310.0
203,2021-11-22 00:00:00,2265.65,2315.15,2325.5,2250.0
204,2021-12-01 00:00:00,2291.95,2362.0,2388.2,2280.0
205,2021-12-13 00:00:00,2504.0,2475.0,2529.0,2475.0
206,2021-12-17 00:00:00,2450.45,2462.8,2472.7,2394.05
207,2022-02-15 00:00:00,2306.55,2222.3,2394.7,2186.25
208,2022-03-07 00:00:00,1904.5,2003.0,2003.0,1880.3
209,2022-03-10 00:00:00,2082.4,2025.0,2090.0,2025.0
210,2022-03-28 00:00:00,2139.85,2165.0,2175.95,2122.5
211,2022-03-29 00:00:00,2158.3,2139.85,2214.4,2086.3
212,2022-04-01 00:00:00,2091.55,2047.0,2118.75,2035.85
213,2022-06-03 00:00:00,1940.95,2001.0,2029.9,1928.0
214,2022-06-13 00:00:00,1871.2,1925.4,1925.4,1842.0
215,2022-06-24 00:00:00,1716.3,1702.8,1735.95,1702.8
216,2022-07-01 00:00:00,1971.1,1931.35,2171.5,1901.35
217,2022-07-08 00:00:00,2043.4,2019.05,2074.5,2002.4
218,2021-01-01 00:00:00,1505.05,1482.0,1537.0,1482.0
219,2021-01-22 00:00:00,1470.4,1478.8,1490.0,1444.35
220,2021-02-19 00:00:00,1813.45,1862.0,1881.1,1801.45
221,2021-02-22 00:00:00,1783.7,1813.45,1819.9,1755.0
222,2021-03-12 00:00:00,1862.45,1864.8,1889.4,1806.05
223,2021-04-01 00:00:00,1951.8,1961.0,1977.0,1937.0
224,2021-04-12 00:00:00,1869.8,1950.0,1950.0,1830.55
225,2021-05-27 00:00:00,2197.25,2224.0,2224.0,2190.1
226,2021-07-13 00:00:00,2464.1,2354.4,2541.55,2340.0
227,2021-08-23 00:00:00,2582.95,2666.0,2680.0,2552.55
228,2021-09-23 00:00:00,2860.8,2855.0,2885.75,2845.0
229,2021-12-02 00:00:00,2325.85,2291.95,2340.0,2288.2
230,2021-12-30 00:00:00,2436.05,2404.9,2448.95,2404.9
231,2022-03-23 00:00:00,2172.65,2178.0,2229.0,2160.0
232,2022-06-06 00:00:00,1910.0,1949.9,1949.9,1905.0
233,2021-01-14 00:00:00,1488.9,1498.0,1514.95,1476.55
234,2021-03-02 00:00:00,1832.2,1803.3,1859.2,1803.3
235,2021-03-16 00:00:00,1844.25,1870.0,1878.0,1836.55
236,2021-03-17 00:00:00,1893.2,1878.0,1933.95,1862.75
237,2021-06-03 00:00:00,2486.35,2490.0,2606.5,2431.05
238,2021-07-15 00:00:00,2517.2,2500.7,2538.0,2480.0
239,2021-08-02 00:00:00,2672.75,2612.0,2700.0,2604.4
240,2021-09-08 00:00:00,2852.9,2819.25,2887.95,2795.0
241,2021-10-26 00:00:00,2482.8,2510.0,2518.15,2424.0
242,2021-10-29 00:00:00,2374.05,2455.35,2455.35,2358.0
243,2021-12-16 00:00:00,2474.0,2493.8,2495.7,2460.25
244,2022-01-21 00:00:00,2373.2,2459.8,2459.8,2314.8
245,2022-01-27 00:00:00,2311.35,2300.0,2320.0,2270.15
246,2022-02-21 00:00:00,2169.1,2170.0,2206.0,2155.25
247,2022-02-24 00:00:00,2101.1,2125.0,2130.0,2050.0
248,2022-03-14 00:00:00,2085.15,2105.4,2121.5,2062.8
249,2022-04-21 00:00:00,2075.3,2107.0,2107.0,2041.5
250,2022-05-17 00:00:00,1888.7,1883.05,1897.4,1851.0
251,2022-07-04 00:00:00,1968.5,1950.05,2044.0,1950.05
252,2022-07-18 00:00:00,1940.2,1882.6,2045.95,1882.6
253,2021-02-12 00:00:00,1879.8,1720.0,1988.5,1700.0
254,2021-03-05 00:00:00,1820.7,1870.0,1890.0,1780.0
255,2021-05-19 00:00:00,2135.3,2155.0,2186.95,2125.0
256,2021-05-28 00:00:00,2192.65,2200.5,2230.0,2185.0
257,2021-06-21 00:00:00,2233.4,2219.95,2254.95,2151.0
258,2021-07-27 00:00:00,2527.8,2610.0,2672.0,2470.6
259,2021-10-12 00:00:00,2680.5,2676.25,2697.95,2663.15
260,2021-11-03 00:00:00,2386.85,2416.95,2435.0,2375.0
261,2021-11-17 00:00:00,2350.55,2385.0,2388.4,2285.0
262,2021-11-23 00:00:00,2271.8,2231.1,2292.65,2222.0
263,2021-12-24 00:00:00,2407.45,2382.0,2428.6,2360.0
264,2022-02-28 00:00:00,2046.9,2084.1,2095.95,2038.45
265,2022-03-04 00:00:00,2002.55,2010.0,2047.9,1992.05
266,2022-03-25 00:00:00,2159.45,2143.85,2169.85,2116.85
267,2022-05-12 00:00:00,1900.85,1928.25,1928.25,1859.25
268,2022-05-13 00:00:00,1889.45,1895.05,1946.95,1870.85
269,2022-05-19 00:00:00,1899.15,1899.9,1919.0,1861.15
270,2022-05-24 00:00:00,1997.6,1991.0,2034.0,1912.1
271,2022-06-14 00:00:00,1805.15,1864.95,1864.95,1800.0
272,2022-07-11 00:00:00,2029.7,2053.65,2060.0,2001.0
273,2022-07-12 00:00:00,1998.25,2039.5,2040.1,1980.0
274,2022-07-26 00:00:00,1939.05,1948.8,1952.55,1934.5
275,2021-01-07 00:00:00,1518.3,1530.15,1539.85,1502.0
276,2021-02-11 00:00:00,1716.85,1740.0,1758.8,1707.0
277,2021-03-10 00:00:00,1835.2,1845.0,1858.25,1817.6
278,2021-03-31 00:00:00,1950.75,1979.0,1979.9,1930.05
279,2021-04-20 00:00:00,1907.85,1905.0,1923.75,1881.0
280,2021-05-06 00:00:00,2037.35,2001.15,2089.5,1975.0
281,2021-06-02 00:00:00,2443.75,2216.0,2470.0,2216.0
282,2021-06-04 00:00:00,2345.2,2400.0,2400.0,2326.3
283,2021-06-28 00:00:00,2213.95,2177.0,2250.0,2158.9
284,2021-07-12 00:00:00,2345.75,2330.0,2365.0,2312.45
285,2021-07-14 00:00:00,2507.5,2474.0,2545.0,2431.5
286,2021-08-13 00:00:00,2605.95,2608.0,2629.9,2580.0
287,2021-08-17 00:00:00,2630.25,2644.0,2725.0,2601.0
288,2021-08-31 00:00:00,2770.7,2745.0,2804.0,2730.05
289,2021-09-20 00:00:00,2835.8,2903.6,2903.6,2810.0
290,2021-11-16 00:00:00,2380.7,2379.75,2421.0,2370.05
291,2021-12-10 00:00:00,2473.05,2410.0,2544.95,2382.2
292,2021-12-14 00:00:00,2514.0,2471.0,2530.0,2457.65
293,2022-01-28 00:00:00,2356.85,2322.95,2425.0,2320.0
294,2022-01-31 00:00:00,2414.35,2368.65,2440.0,2356.9
295,2022-02-04 00:00:00,2351.8,2377.95,2384.9,2341.2
296,2022-02-16 00:00:00,2269.45,2295.0,2314.1,2254.6
297,2022-03-17 00:00:00,2234.1,2193.5,2248.0,2170.1
298,2022-03-22 00:00:00,2183.05,2228.55,2228.7,2153.5
299,2022-04-18 00:00:00,2185.85,2196.0,2231.75,2139.8
300,2022-04-22 00:00:00,2064.65,2085.7,2137.95,2035.0
301,2022-04-25 00:00:00,2067.05,2067.0,2089.85,2032.1
302,2022-05-31 00:00:00,1952.2,1955.0,1968.1,1902.2
303,2021-01-11 00:00:00,1511.1,1517.0,1600.0,1501.0
304,2021-02-17 00:00:00,1826.75,1795.0,1898.6,1787.3
305,2021-02-18 00:00:00,1861.05,1816.75,1898.55,1816.75
306,2021-04-23 00:00:00,1890.5,1906.7,1925.85,1875.05
307,2021-06-18 00:00:00,2223.75,2232.0,2250.0,2170.5
308,2021-07-05 00:00:00,2299.0,2296.0,2330.0,2275.1
309,2021-08-16 00:00:00,2634.6,2586.05,2675.0,2586.05
310,2021-09-28 00:00:00,2831.45,2877.95,2877.95,2822.0
311,2021-10-13 00:00:00,2661.25,2656.0,2690.0,2650.0
312,2021-10-21 00:00:00,2578.6,2593.0,2622.9,2513.8
313,2021-11-02 00:00:00,2417.2,2386.9,2430.0,2386.9
314,2021-11-04 00:00:00,2395.35,2405.0,2419.0,2359.2
315,2021-11-08 00:00:00,2382.9,2443.3,2443.3,2340.1
316,2021-11-29 00:00:00,2313.5,2352.0,2371.4,2270.1
317,2022-01-24 00:00:00,2315.85,2385.1,2385.1,2280.1
318,2022-03-16 00:00:00,2148.85,2166.7,2166.7,2140.05
319,2022-04-04 00:00:00,2209.55,2099.9,2229.0,2077.75
320,2022-04-27 00:00:00,2020.25,2049.0,2049.0,1990.0
321,2022-05-11 00:00:00,1928.25,1922.35,1939.25,1882.2
322,2022-06-20 00:00:00,1767.05,1718.55,1788.0,1711.0
323,2022-06-21 00:00:00,1744.9,1767.1,1825.55,1725.5
324,2022-06-22 00:00:00,1706.65,1753.65,1753.65,1699.0
325,2022-07-14 00:00:00,1935.0,1973.8,1973.8,1926.85
326,2022-07-15 00:00:00,1882.6,1933.4,1934.4,1870.2
327,2022-08-01 00:00:00,2166.6,2072.0,2268.6,2072.0
328,2021-01-12 00:00:00,1492.4,1515.0,1563.4,1480.0
329,2021-05-20 00:00:00,2143.7,2166.8,2166.8,2125.15
330,2021-06-07 00:00:00,2332.85,2345.2,2379.0,2300.0
331,2021-08-10 00:00:00,2659.45,2720.0,2720.0,2605.0
332,2021-08-11 00:00:00,2578.25,2640.0,2660.0,2510.25
333,2021-09-02 00:00:00,2826.2,2768.05,2840.0,2760.2
334,2021-09-06 00:00:00,2807.0,2838.45,2838.45,2800.25
335,2021-10-18 00:00:00,2647.6,2690.0,2709.0,2625.0
336,2021-11-12 00:00:00,2388.65,2415.9,2430.0,2375.25
337,2021-12-09 00:00:00,2419.75,2330.0,2440.0,2307.0
338,2021-12-20 00:00:00,2377.1,2469.0,2469.0,2291.05
339,2022-01-03 00:00:00,2450.9,2420.0,2468.0,2406.8
340,2022-01-12 00:00:00,2547.4,2568.0,2599.0,2530.0
341,2022-01-14 00:00:00,2656.35,2645.2,2702.0,2630.0
342,2022-02-17 00:00:00,2216.8,2280.8,2282.55,2210.2
343,2022-03-11 00:00:00,2096.2,2048.9,2158.95,2048.9
344,2022-03-21 00:00:00,2217.75,2240.0,2254.15,2210.05
345,2022-03-31 00:00:00,2028.3,2065.0,2089.05,2005.2
346,2022-05-20 00:00:00,1927.75,1908.65,1956.55,1860.0
347,2022-06-27 00:00:00,1786.0,1724.9,1794.95,1721.5
348,2022-06-28 00:00:00,1908.0,1785.05,1930.0,1757.9
349,2022-06-30 00:00:00,1921.7,1916.4,1929.0,1891.0
350,2022-07-07 00:00:00,2015.4,1971.0,2029.0,1971.0
351,2022-08-04 00:00:00,2231.6,2279.0,2315.0,2160.0
352,2021-02-16 00:00:00,1810.3,1838.35,1852.85,1779.4
353,2021-03-04 00:00:00,1871.0,1868.85,1895.5,1861.05
354,2021-03-09 00:00:00,1842.55,1848.0,1850.8,1833.0
355,2021-03-15 00:00:00,1872.85,1880.0,1882.8,1845.1
356,2021-03-26 00:00:00,1931.0,1941.0,1975.0,1908.2
357,2021-04-05 00:00:00,1971.85,1962.1,2044.0,1960.0
358,2021-04-16 00:00:00,1916.25,1915.2,1928.3,1875.0
359,2021-05-04 00:00:00,2025.4,1954.0,2050.0,1952.7
360,2021-05-11 00:00:00,2125.95,2101.0,2205.0,2081.0
361,2021-09-13 00:00:00,2786.55,2770.0,2834.5,2770.0
362,2021-09-15 00:00:00,2858.55,2759.0,2937.95,2750.0
363,2021-12-03 00:00:00,2315.65,2343.3,2343.3,2295.0
364,2022-01-04 00:00:00,2462.5,2455.0,2525.0,2400.0
365,2022-01-07 00:00:00,2460.6,2460.0,2469.7,2432.0
366,2022-01-25 00:00:00,2307.45,2245.0,2320.0,2243.25
367,2022-03-15 00:00:00,2155.9,2095.6,2184.0,2095.6
368,2022-04-05 00:00:00,2246.85,2225.0,2251.4,2209.0
369,2022-07-05 00:00:00,1970.05,1988.0,1988.0,1944.3
370,2021-01-04 00:00:00,1525.0,1521.0,1563.9,1505.0
371,2021-02-10 00:00:00,1737.25,1750.0,1768.9,1707.0
372,2021-02-23 00:00:00,1813.7,1791.9,1829.9,1756.0
373,2021-03-18 00:00:00,1879.85,1893.2,1979.45,1864.05
374,2021-03-22 00:00:00,1980.85,1965.0,2073.95,1961.2
375,2021-05-26 00:00:00,2195.4,2198.4,2247.95,2170.1
376,2021-07-06 00:00:00,2303.55,2300.0,2342.0,2281.0
377,2021-07-20 00:00:00,2489.3,2508.8,2508.8,2426.8
378,2021-07-26 00:00:00,2589.75,2532.0,2679.0,2508.2
379,2021-07-29 00:00:00,2584.5,2576.6,2616.0,2544.75
380,2021-07-30 00:00:00,2624.75,2613.0,2649.95,2560.0
381,2021-08-12 00:00:00,2609.05,2582.35,2648.2,2575.0
382,2021-09-03 00:00:00,2838.2,2826.2,2876.0,2792.45
383,2021-10-14 00:00:00,2677.55,2678.0,2720.0,2670.0
384,2021-11-11 00:00:00,2397.95,2423.0,2430.6,2372.15
385,2021-12-27 00:00:00,2400.45,2413.9,2413.9,2340.05
386,2022-01-18 00:00:00,2531.45,2625.0,2644.6,2512.2
387,2022-01-19 00:00:00,2499.45,2531.45,2575.0,2475.0
388,2022-02-09 00:00:00,2311.8,2292.55,2338.95,2285.0
389,2022-02-10 00:00:00,2317.25,2312.15,2375.0,2225.05
390,2022-04-11 00:00:00,2245.3,2275.0,2277.45,2235.75
391,2022-05-25 00:00:00,1889.0,1942.7,1980.0,1855.4
392,2022-05-27 00:00:00,1918.8,1891.1,1926.3,1881.0
393,2022-06-16 00:00:00,1776.9,1816.0,1833.85,1752.05
394,2022-07-06 00:00:00,1995.05,1975.5,2020.95,1975.5
395,2022-07-21 00:00:00,1935.3,1922.85,1950.0,1922.85
396,2022-08-02 00:00:00,2234.35,2145.0,2245.0,2116.1
397,2022-09-14 00:00:00,2207.45,2180.0,2238.0,2172.85
398,2022-09-26 00:00:00,2068.1,2075.0,2085.0,2000.0
399,2022-10-19 00:00:00,2069.4,2075.35,2104.45,2050.05
400,2022-12-05 00:00:00,1919.8,1955.0,1960.0,1916.0
401,2022-12-12 00:00:00,1909.6,1906.0,1915.0,1900.0
402,2023-01-30 00:00:00,1880.95,1896.65,1910.4,1872.6
403,2023-02-03 00:00:00,1884.9,1891.9,1892.4,1869.45
404,2022-08-12 00:00:00,2158.85,2153.0,2182.0,2127.0
405,2022-08-25 00:00:00,2041.0,2055.35,2055.35,2031.2
406,2022-09-02 00:00:00,2192.7,2110.85,2245.95,2110.85
407,2022-09-09 00:00:00,2168.1,2150.2,2189.0,2111.8
408,2022-08-24 00:00:00,2045.25,2067.35,2067.35,2038.55
409,2022-09-01 00:00:00,2100.3,2049.45,2129.2,2049.45
410,2022-09-07 00:00:00,2111.8,2126.0,2135.0,2083.0
411,2022-09-27 00:00:00,2063.9,2048.0,2080.95,2032.0
412,2022-11-28 00:00:00,1920.05,1929.4,1980.0,1915.5
413,2022-12-13 00:00:00,1930.15,1906.05,1950.0,1897.55
414,2022-12-23 00:00:00,1826.15,1851.1,1855.55,1822.0
415,2023-01-05 00:00:00,1915.3,1910.0,1920.0,1900.0
416,2023-01-09 00:00:00,1927.55,1925.05,1949.95,1899.5
417,2022-09-05 00:00:00,2134.2,2210.0,2265.0,2085.1
418,2022-09-12 00:00:00,2153.05,2178.95,2216.95,2135.0
419,2022-10-03 00:00:00,2013.7,2056.3,2060.0,2004.0
420,2022-10-04 00:00:00,2064.8,2025.0,2078.0,2019.6
421,2022-11-04 00:00:00,2073.95,2052.1,2078.0,2040.85
422,2023-01-19 00:00:00,1936.9,1932.1,1964.0,1917.05
423,2022-09-16 00:00:00,2227.25,2245.0,2378.45,2200.1
424,2022-10-07 00:00:00,2061.35,2062.6,2076.95,2041.1
425,2022-09-06 00:00:00,2126.1,2144.9,2150.0,2102.0
426,2022-10-14 00:00:00,2049.95,2070.05,2089.0,2040.0
427,2022-09-30 00:00:00,2053.15,2065.1,2076.75,2040.0
428,2022-10-25 00:00:00,2030.5,2041.1,2060.0,2015.05
429,2022-10-21 00:00:00,2034.85,2056.85,2060.0,2030.0
430,2022-10-27 00:00:00,2062.85,2035.15,2073.85,2031.05
431,2022-12-07 00:00:00,1915.85,1939.15,1939.15,1910.1
432,2022-11-29 00:00:00,1908.3,1929.7,1938.25,1903.0
433,2022-12-16 00:00:00,1899.45,1914.0,1922.95,1884.0
434,2022-12-29 00:00:00,1846.05,1863.15,1863.15,1813.2
435,2023-01-02 00:00:00,1886.0,1883.9,1895.95,1870.05
436,2023-02-08 00:00:00,1903.0,1876.6,1930.0,1876.6
437,2023-02-10 00:00:00,1925.1,1945.9,2000.0,1910.0
438,2022-09-19 00:00:00,2134.45,2227.25,2229.55,2126.0
439,2022-09-21 00:00:00,2127.75,2126.0,2173.0,2097.1
440,2022-11-03 00:00:00,2042.05,2056.45,2064.8,2033.0
441,2022-11-07 00:00:00,2046.7,2060.1,2079.0,2041.45
442,2022-11-14 00:00:00,2016.55,2018.0,2028.55,2011.0
443,2022-11-16 00:00:00,1940.5,1997.75,1997.75,1920.5
444,2022-12-22 00:00:00,1858.3,1878.0,1878.0,1850.0
445,2023-01-06 00:00:00,1910.7,1916.5,1940.0,1902.1
446,2023-02-07 00:00:00,1883.9,1913.5,1913.5,1855.0
447,2022-08-10 00:00:00,2133.4,2157.0,2171.15,2109.9
448,2022-08-17 00:00:00,2185.5,2170.0,2215.85,2167.0
449,2022-08-19 00:00:00,2112.7,2175.5,2202.6,2107.4
450,2022-09-08 00:00:00,2129.95,2124.9,2174.9,2100.0
451,2022-09-20 00:00:00,2115.65,2184.9,2184.9,2090.45
452,2022-09-23 00:00:00,2097.5,2124.9,2124.9,2069.5
453,2022-10-13 00:00:00,2068.25,2051.6,2090.95,2031.0
454,2022-11-02 00:00:00,2056.3,2068.4,2089.0,2045.0
455,2022-11-10 00:00:00,2025.15,2052.85,2100.0,1906.55
456,2022-09-22 00:00:00,2114.35,2138.0,2148.0,2101.35
457,2022-08-29 00:00:00,2030.8,2028.0,2050.0,2017.2
458,2022-08-30 00:00:00,2049.45,2040.95,2065.75,2024.5
459,2022-10-06 00:00:00,2066.85,2067.5,2078.4,2048.55
460,2022-10-20 00:00:00,2046.65,2068.95,2074.85,2041.1
461,2022-11-17 00:00:00,1934.05,1949.9,1969.0,1920.0
462,2022-11-23 00:00:00,1910.95,1897.45,1930.0,1870.55
463,2023-01-31 00:00:00,1879.3,1878.85,1890.4,1870.0
464,2022-10-24 00:00:00,2043.0,2040.0,2054.15,2035.1
465,2022-11-15 00:00:00,1997.8,2012.9,2016.5,1992.2
466,2022-12-06 00:00:00,1920.9,1945.0,1945.0,1911.55
467,2023-01-18 00:00:00,1928.25,1904.15,1936.35,1904.15
468,2023-02-01 00:00:00,1878.15,1888.7,1894.6,1858.6
469,2022-08-18 00:00:00,2181.85,2196.45,2212.45,2171.0
470,2022-10-17 00:00:00,2047.8,2054.55,2070.05,2032.0
471,2022-11-01 00:00:00,2072.75,2070.0,2093.7,2048.35
472,2022-12-20 00:00:00,1895.65,1897.05,1910.0,1880.0
473,2023-01-10 00:00:00,1886.45,1916.7,1927.2,1850.0
474,2023-01-13 00:00:00,1906.05,1916.55,1925.0,1897.1
475,2023-02-09 00:00:00,1948.6,1890.0,1961.0,1890.0
476,2022-09-13 00:00:00,2214.25,2163.85,2229.0,2149.55
477,2022-10-10 00:00:00,2041.0,2052.5,2057.95,2030.0
478,2022-11-22 00:00:00,1888.0,1924.55,1924.55,1875.0
479,2022-12-01 00:00:00,1923.1,1926.0,1940.05,1920.0
480,2022-12-08 00:00:00,1911.35,1910.0,1919.95,1910.0
481,2022-12-09 00:00:00,1909.7,1909.05,1925.0,1905.5
482,2022-12-30 00:00:00,1886.9,1835.9,1904.85,1835.9
483,2023-01-11 00:00:00,1915.65,1895.9,1920.45,1881.1
484,2023-01-12 00:00:00,1907.0,1918.6,1934.9,1895.6
485,2022-08-11 00:00:00,2152.85,2168.4,2240.0,2125.55
486,2022-09-29 00:00:00,2054.8,2068.6,2092.0,2040.1
487,2022-10-28 00:00:00,2051.15,2052.35,2067.0,2026.05
488,2022-10-31 00:00:00,2083.25,2041.15,2090.0,2035.0
489,2022-12-26 00:00:00,1865.45,1835.3,1871.0,1806.3
490,2023-01-03 00:00:00,1897.8,1886.0,1903.0,1878.65
491,2023-01-04 00:00:00,1912.45,1905.4,1940.0,1883.1
492,2023-01-24 00:00:00,1903.95,1900.05,1922.35,1887.95
493,2023-01-27 00:00:00,1887.2,1899.3,1903.45,1862.5
494,2022-08-23 00:00:00,2057.2,2070.0,2084.55,2046.3
495,2022-08-16 00:00:00,2166.95,2169.65,2187.2,2155.1
496,2022-08-26 00:00:00,2038.15,2049.95,2060.0,2025.15
497,2022-10-11 00:00:00,2042.15,2043.75,2055.95,2030.05
498,2022-10-12 00:00:00,2051.55,2038.1,2057.15,2030.0
499,2022-12-28 00:00:00,1863.15,1855.35,1879.95,1851.0
500,2023-01-17 00:00:00,1912.45,1905.8,1922.0,1888.0
501,2023-01-23 00:00:00,1909.7,1914.4,1939.6,1900.0
502,2022-09-15 00:00:00,2242.85,2215.0,2260.0,2170.0
503,2022-10-18 00:00:00,2075.35,2047.8,2090.25,1990.0
504,2022-11-09 00:00:00,2076.6,2066.15,2088.9,2046.0
505,2022-11-11 00:00:00,2018.45,2026.0,2045.0,2010.0
506,2022-11-24 00:00:00,1940.75,1913.0,1952.4,1881.15
507,2022-11-30 00:00:00,1919.1,1917.75,1929.85,1907.0
508,2022-12-19 00:00:00,1892.35,1905.05,1910.05,1870.0
509,2022-12-21 00:00:00,1868.65,1895.65,1905.0,1863.95
510,2023-01-16 00:00:00,1906.05,1912.4,1922.95,1889.3
511,2022-08-08 00:00:00,2146.4,2196.15,2260.0,2134.7
512,2022-08-22 00:00:00,2079.3,2119.0,2119.0,2073.6
513,2022-09-28 00:00:00,2066.4,2074.25,2125.8,2035.0
514,2022-11-18 00:00:00,1945.35,1934.2,1970.0,1905.9
515,2022-12-14 00:00:00,1941.15,1939.85,1945.0,1920.0
516,2022-12-27 00:00:00,1862.3,1874.8,1890.05,1854.0
517,2023-01-20 00:00:00,1925.15,1925.3,1959.0,1915.5
518,2023-02-02 00:00:00,1884.75,1862.05,1912.45,1862.0
519,2023-02-06 00:00:00,1903.95,1884.9,1919.5,1870.65
520,2022-11-21 00:00:00,1914.95,1945.55,1945.55,1910.0
521,2022-11-25 00:00:00,1925.95,1950.5,1952.45,1920.0
522,2022-12-02 00:00:00,1932.9,1923.0,1955.85,1912.25
523,2022-12-15 00:00:00,1914.6,1950.9,1965.95,1901.05
524,2023-01-25 00:00:00,1899.7,1899.45,1919.95,1885.65
525,2023-02-16 00:00:00,2027.3,2060.0,2060.0,2016.0
526,2023-03-06 00:00:00,1860.15,1839.95,1894.9,1834.55
527,2023-03-02 00:00:00,1821.45,1815.0,1826.0,1800.0
528,2023-03-03 00:00:00,1836.6,1824.95,1844.0,1810.0
529,2023-03-21 00:00:00,1747.2,1764.5,1766.0,1744.0
530,2023-04-10 00:00:00,1897.05,1919.0,1929.3,1890.0
531,2023-04-26 00:00:00,1869.2,1853.0,1880.8,1853.0
532,2023-04-27 00:00:00,2101.65,1878.3,2241.0,1864.95
533,2023-05-05 00:00:00,1989.8,2013.1,2027.8,1985.05
534,2023-05-16 00:00:00,2055.4,2059.4,2062.0,2040.05
535,2023-05-18 00:00:00,2123.5,2098.4,2149.2,2097.4
536,2023-06-08 00:00:00,2247.65,2282.8,2294.95,2241.1
537,2023-06-12 00:00:00,2258.45,2286.4,2309.9,2247.0
538,2023-06-22 00:00:00,2426.9,2435.1,2483.95,2405.0
539,2023-07-05 00:00:00,2425.85,2450.0,2452.0,2375.0
540,2023-07-20 00:00:00,2437.15,2510.25,2540.0,2430.0
541,2023-07-26 00:00:00,2731.85,2721.95,2758.0,2684.9
542,2023-03-08 00:00:00,1909.7,1860.15,1937.0,1841.55
543,2023-03-27 00:00:00,1749.25,1791.3,1793.95,1745.55
544,2023-04-20 00:00:00,1911.9,1915.0,1943.95,1905.1
545,2023-05-08 00:00:00,1983.4,2000.0,2067.95,1952.0
546,2023-05-30 00:00:00,2275.0,2306.05,2322.0,2268.0
547,2023-06-20 00:00:00,2402.5,2387.3,2425.95,2376.15
548,2023-06-23 00:00:00,2412.45,2400.0,2419.95,2392.65
549,2023-07-07 00:00:00,2436.25,2443.45,2443.9,2400.0
550,2023-07-25 00:00:00,2712.7,2649.4,2739.55,2565.0
551,2023-07-27 00:00:00,2778.65,2735.0,2792.7,2720.05
552,2023-08-18 00:00:00,2370.55,2411.2,2412.05,2334.75
553,2023-03-14 00:00:00,1797.45,1825.5,1851.25,1781.5
554,2023-06-28 00:00:00,2450.7,2417.8,2490.0,2392.05
555,2023-06-30 00:00:00,2441.7,2443.0,2450.0,2420.0
556,2023-07-17 00:00:00,2446.6,2405.0,2454.95,2402.95
557,2023-08-11 00:00:00,2553.85,2551.4,2599.95,2525.05
558,2023-02-13 00:00:00,1921.75,1925.1,1954.45,1892.05
559,2023-03-31 00:00:00,1756.05,1769.9,1776.05,1751.05
560,2023-05-12 00:00:00,2034.35,2053.9,2073.75,2020.0
561,2023-05-26 00:00:00,2302.75,2261.0,2315.95,2242.05
562,2023-06-16 00:00:00,2372.35,2384.0,2386.85,2359.0
563,2023-07-31 00:00:00,2766.5,2744.95,2805.0,2708.05
564,2023-02-15 00:00:00,2059.5,2050.0,2084.45,2026.0
565,2023-03-24 00:00:00,1782.35,1757.0,1794.4,1737.25
566,2023-05-15 00:00:00,2049.25,2044.55,2070.0,2032.1
567,2023-05-24 00:00:00,2282.9,2335.0,2349.95,2269.45
568,2023-07-03 00:00:00,2418.8,2453.95,2469.8,2397.6
569,2023-07-11 00:00:00,2409.1,2414.0,2449.95,2400.15
570,2023-08-09 00:00:00,2495.15,2498.8,2548.75,2488.05
571,2023-03-17 00:00:00,1718.5,1720.0,1740.1,1709.2
572,2023-04-03 00:00:00,1765.65,1720.0,1774.35,1720.0
573,2023-04-05 00:00:00,1839.0,1772.35,1850.0,1768.65
574,2023-04-24 00:00:00,1891.25,1906.1,1908.3,1890.05
575,2023-05-09 00:00:00,2029.9,1993.35,2039.9,1993.35
576,2023-06-02 00:00:00,2264.65,2287.5,2349.0,2259.85
577,2023-06-09 00:00:00,2257.85,2260.0,2272.95,2244.1
578,2023-06-27 00:00:00,2405.75,2427.3,2427.3,2403.25
579,2023-07-21 00:00:00,2450.75,2442.25,2460.0,2400.0
580,2023-08-03 00:00:00,2618.1,2683.45,2683.45,2550.0
581,2023-02-24 00:00:00,1836.6,1857.8,1873.85,1830.05
582,2023-02-23 00:00:00,1856.1,1856.8,1883.15,1841.55
583,2023-03-20 00:00:00,1757.2,1708.5,1788.95,1700.0
584,2023-03-23 00:00:00,1754.15,1767.9,1774.65,1750.0
585,2023-03-29 00:00:00,1761.45,1753.65,1783.35,1751.0
586,2023-05-03 00:00:00,2016.6,2048.4,2070.05,2005.0
587,2023-05-22 00:00:00,2395.8,2325.0,2439.0,2300.25
588,2023-07-28 00:00:00,2744.85,2726.0,2778.2,2707.55
589,2023-08-08 00:00:00,2498.8,2521.0,2521.0,2474.0
590,2023-08-10 00:00:00,2538.7,2489.0,2542.0,2489.0
591,2023-02-17 00:00:00,2005.0,2008.0,2029.0,1997.3
592,2023-03-13 00:00:00,1842.05,1895.9,1905.3,1836.1
593,2023-06-01 00:00:00,2270.45,2259.15,2298.0,2250.0
594,2023-06-07 00:00:00,2271.4,2255.95,2275.0,2240.0
595,2023-06-15 00:00:00,2353.1,2290.0,2397.45,2272.55
596,2023-06-26 00:00:00,2403.25,2401.0,2424.55,2401.0
597,2023-07-13 00:00:00,2415.2,2463.45,2484.95,2339.15
598,2023-05-23 00:00:00,2326.05,2409.0,2434.0,2313.25
599,2023-06-19 00:00:00,2387.3,2400.0,2449.0,2380.0
600,2023-08-14 00:00:00,2510.0,2540.0,2540.0,2496.05
601,2023-08-23 00:00:00,2351.7,2389.95,2405.95,2334.75
602,2023-05-04 00:00:00,2012.9,2017.0,2041.65,2010.0
603,2023-06-06 00:00:00,2254.1,2260.8,2279.95,2240.0
604,2023-07-12 00:00:00,2459.1,2478.0,2490.0,2365.0
605,2023-07-24 00:00:00,2532.85,2430.0,2661.9,2417.6
606,2023-02-21 00:00:00,1915.3,1944.85,1946.95,1910.0
607,2023-02-14 00:00:00,2050.5,1900.05,2085.15,1900.05
608,2023-03-01 00:00:00,1806.95,1778.25,1813.95,1766.55
609,2023-04-13 00:00:00,1879.6,1861.05,1887.15,1854.05
610,2023-05-02 00:00:00,2033.1,2030.0,2068.0,2012.55
611,2023-05-11 00:00:00,2058.3,2046.0,2070.8,2036.65
612,2023-08-02 00:00:00,2645.4,2712.65,2734.05,2630.35
613,2023-08-22 00:00:00,2380.75,2378.25,2409.9,2359.25
614,2023-02-20 00:00:00,1945.8,2004.95,2037.85,1936.15
615,2023-03-10 00:00:00,1886.45,1891.25,1903.2,1878.2
616,2023-04-19 00:00:00,1932.25,1948.9,1963.7,1918.05
617,2023-05-29 00:00:00,2314.05,2327.0,2361.0,2259.1
618,2023-05-31 00:00:00,2247.95,2268.6,2268.65,2228.0
619,2023-06-13 00:00:00,2279.7,2269.75,2322.15,2250.0
620,2023-06-14 00:00:00,2284.2,2290.0,2305.0,2280.0
621,2023-07-10 00:00:00,2438.0,2441.9,2460.0,2415.1
622,2023-07-19 00:00:00,2497.75,2468.0,2547.0,2425.05
623,2023-08-16 00:00:00,2470.75,2510.0,2518.4,2454.05
624,2023-02-27 00:00:00,1823.95,1830.0,1844.85,1790.0
625,2023-03-09 00:00:00,1910.35,1926.75,1943.9,1886.8
626,2023-02-22 00:00:00,1874.15,1915.0,1915.0,1855.05
627,2023-02-28 00:00:00,1778.25,1819.1,1830.35,1775.0
628,2023-03-16 00:00:00,1727.3,1754.6,1758.9,1706.0
629,2023-05-19 00:00:00,2134.85,2125.0,2149.95,2072.15
630,2023-06-21 00:00:00,2422.95,2410.1,2483.95,2394.05
631,2023-07-04 00:00:00,2432.45,2414.5,2466.9,2383.85
632,2023-07-06 00:00:00,2431.25,2403.0,2449.95,2403.0
633,2023-07-14 00:00:00,2417.25,2423.6,2443.6,2405.5
634,2023-07-18 00:00:00,2450.4,2450.25,2460.0,2422.55
635,2023-03-15 00:00:00,1765.4,1806.45,1810.05,1760.0
636,2023-03-22 00:00:00,1767.85,1752.1,1771.75,1750.0
637,2023-04-17 00:00:00,1961.2,1892.4,1986.95,1861.85
638,2023-04-25 00:00:00,1871.4,1894.6,1900.0,1860.05
639,2023-05-10 00:00:00,2059.25,2050.2,2075.0,2011.95
640,2023-05-17 00:00:00,2098.4,2057.9,2120.0,2044.1
641,2023-08-07 00:00:00,2491.1,2558.65,2570.0,2480.0
642,2023-04-06 00:00:00,1912.4,1842.0,1949.9,1839.0
643,2023-04-12 00:00:00,1871.15,1855.4,1884.85,1852.45
644,2023-04-28 00:00:00,2058.8,2065.0,2090.4,2010.0
645,2023-05-25 00:00:00,2263.6,2314.0,2314.0,2250.0
646,2023-06-05 00:00:00,2260.85,2276.0,2290.6,2195.45
647,2023-08-21 00:00:00,2367.3,2370.05,2388.3,2330.8
648,2023-03-28 00:00:00,1750.25,1758.0,1762.45,1745.1
649,2023-04-11 00:00:00,1852.75,1890.05,1890.05,1845.0
650,2023-04-18 00:00:00,1934.35,1958.95,1981.4,1920.05
651,2023-04-21 00:00:00,1908.9,1903.0,1924.35,1885.6
652,2023-08-01 00:00:00,2713.4,2789.0,2789.0,2691.15
653,2023-08-04 00:00:00,2558.65,2602.1,2618.0,2512.6
654,2023-08-17 00:00:00,2451.2,2481.75,2497.45,2434.0
