,time,close,open,high,low
0,2021-01-11 00:00:00,56.35,56.2,56.65,55.9
1,2021-03-18 00:00:00,50.15,51.5,51.65,49.65
2,2021-04-06 00:00:00,49.45,49.75,50.25,49.4
3,2021-04-09 00:00:00,49.5,49.0,51.2,48.8
4,2021-04-20 00:00:00,46.75,46.9,47.4,46.6
5,2021-06-07 00:00:00,65.1,65.0,66.6,64.25
6,2021-06-21 00:00:00,60.65,60.0,61.65,59.05
7,2021-07-13 00:00:00,60.7,61.3,61.45,60.4
8,2021-07-14 00:00:00,60.45,60.85,60.95,60.25
9,2021-07-15 00:00:00,60.3,60.3,62.4,59.95
10,2021-07-20 00:00:00,59.05,60.4,60.55,58.45
11,2021-07-28 00:00:00,56.5,57.4,57.4,55.2
12,2021-08-03 00:00:00,58.65,58.7,59.35,58.3
13,2021-09-07 00:00:00,51.8,52.0,52.45,51.55
14,2021-11-03 00:00:00,66.85,64.4,69.8,64.2
15,2021-11-12 00:00:00,68.4,67.0,68.9,66.1
16,2021-12-13 00:00:00,61.0,61.55,62.6,60.7
17,2022-01-12 00:00:00,66.3,66.55,68.15,66.1
18,2022-01-24 00:00:00,64.9,66.5,67.65,63.55
19,2022-01-31 00:00:00,66.75,67.25,67.75,66.1
20,2022-02-15 00:00:00,65.8,69.45,69.45,62.95
21,2022-03-21 00:00:00,62.45,63.5,63.6,62.1
22,2022-03-28 00:00:00,65.6,64.8,66.4,64.6
23,2022-05-20 00:00:00,83.55,82.0,84.4,81.5
24,2022-06-06 00:00:00,74.25,76.75,76.75,74.0
25,2022-06-21 00:00:00,64.2,61.9,65.15,61.25
26,2022-07-12 00:00:00,68.9,66.8,70.9,66.65
27,2022-09-20 00:00:00,74.85,74.65,76.5,74.35
28,2022-10-06 00:00:00,69.15,70.65,71.05,68.6
29,2022-10-17 00:00:00,68.25,68.4,68.9,67.05
30,2022-10-31 00:00:00,77.05,74.8,77.6,74.7
31,2022-11-14 00:00:00,77.75,80.0,80.25,77.4
32,2022-11-22 00:00:00,78.0,77.7,79.6,77.2
33,2022-12-01 00:00:00,83.4,85.45,85.6,83.0
34,2022-12-12 00:00:00,90.75,88.1,91.9,86.4
35,2023-01-05 00:00:00,84.05,84.9,85.25,81.8
36,2023-02-01 00:00:00,76.55,78.7,80.2,75.8
37,2023-02-15 00:00:00,76.3,76.05,76.85,75.95
38,2023-02-27 00:00:00,78.6,79.15,79.25,77.65
39,2023-05-17 00:00:00,85.3,86.45,87.55,84.9
40,2023-05-23 00:00:00,93.95,90.4,95.0,89.25
41,2023-07-25 00:00:00,118.55,118.6,121.5,117.85
42,2023-08-09 00:00:00,132.65,125.0,139.25,124.8
43,2021-01-04 00:00:00,56.1,56.0,56.75,55.85
44,2021-02-05 00:00:00,55.6,56.85,57.75,55.05
45,2021-02-09 00:00:00,57.6,57.0,58.0,56.55
46,2021-02-19 00:00:00,52.15,53.3,53.8,51.65
47,2021-04-15 00:00:00,47.95,48.05,48.4,47.55
48,2021-04-16 00:00:00,47.8,47.85,48.2,47.75
49,2021-06-17 00:00:00,62.25,62.45,64.75,61.8
50,2021-08-10 00:00:00,55.45,57.8,58.05,55.0
51,2021-09-16 00:00:00,57.25,57.35,58.8,57.0
52,2021-10-11 00:00:00,70.45,70.25,72.9,69.65
53,2021-10-20 00:00:00,68.95,71.4,71.45,67.0
54,2021-01-25 00:00:00,51.4,52.85,53.25,51.0
55,2021-11-30 00:00:00,57.25,59.3,60.7,56.4
56,2021-02-02 00:00:00,51.9,51.85,52.9,51.25
57,2021-12-01 00:00:00,57.75,58.0,58.25,56.75
58,2021-06-03 00:00:00,60.7,61.5,61.9,60.55
59,2021-06-08 00:00:00,64.25,65.2,65.3,63.3
60,2021-12-16 00:00:00,61.1,61.95,62.3,60.65
61,2021-12-27 00:00:00,58.6,58.65,59.05,57.75
62,2021-07-19 00:00:00,60.25,60.0,61.15,59.9
63,2022-01-03 00:00:00,62.85,61.9,63.3,61.75
64,2021-07-30 00:00:00,59.3,57.5,60.4,57.5
65,2022-02-16 00:00:00,66.1,66.6,67.45,65.6
66,2021-09-06 00:00:00,52.2,52.85,52.85,52.1
67,2021-09-27 00:00:00,55.4,56.1,56.45,55.15
68,2022-02-24 00:00:00,56.5,59.05,59.8,56.0
69,2022-03-09 00:00:00,63.8,63.45,64.25,63.2
70,2021-10-21 00:00:00,66.5,69.5,70.15,66.15
71,2022-04-11 00:00:00,71.8,71.3,72.45,71.25
72,2021-10-25 00:00:00,64.45,64.05,65.85,62.85
73,2022-04-19 00:00:00,76.0,73.25,82.4,72.35
74,2021-10-26 00:00:00,64.05,64.8,64.9,63.25
75,2022-04-26 00:00:00,85.45,82.5,86.65,81.95
76,2021-11-17 00:00:00,66.5,66.25,67.65,66.0
77,2022-06-20 00:00:00,61.15,63.0,63.3,58.3
78,2021-11-23 00:00:00,63.95,62.0,64.5,61.85
79,2021-12-07 00:00:00,59.1,59.0,60.3,58.75
80,2022-07-07 00:00:00,67.65,67.55,68.25,67.1
81,2022-07-18 00:00:00,67.85,67.4,68.5,67.05
82,2021-12-17 00:00:00,60.1,61.2,61.2,58.95
83,2022-10-04 00:00:00,70.35,67.95,70.65,66.85
84,2022-01-20 00:00:00,70.0,71.0,72.25,69.5
85,2022-11-01 00:00:00,78.1,77.5,78.65,77.25
86,2022-01-25 00:00:00,65.45,64.6,66.25,63.85
87,2022-11-09 00:00:00,80.85,80.2,82.4,80.2
88,2022-01-27 00:00:00,65.1,64.9,65.65,64.0
89,2022-12-06 00:00:00,87.95,89.2,89.45,86.9
90,2022-02-03 00:00:00,67.0,68.65,68.75,64.1
91,2022-12-20 00:00:00,90.3,91.8,92.25,89.35
92,2022-03-14 00:00:00,64.15,65.0,65.45,63.1
93,2023-01-13 00:00:00,82.15,82.6,83.0,81.4
94,2022-04-06 00:00:00,69.25,69.05,72.2,68.85
95,2023-01-27 00:00:00,74.7,78.5,78.5,74.0
96,2022-04-08 00:00:00,71.1,72.0,73.25,70.75
97,2022-04-25 00:00:00,81.1,80.7,83.9,79.65
98,2023-02-07 00:00:00,74.65,74.6,75.55,74.1
99,2023-03-10 00:00:00,81.35,79.85,82.2,78.9
100,2022-05-19 00:00:00,80.25,77.0,81.85,76.8
101,2023-03-15 00:00:00,79.75,79.95,81.0,79.2
102,2022-06-03 00:00:00,76.85,80.45,80.65,76.4
103,2023-04-06 00:00:00,77.5,78.15,78.5,77.05
104,2022-06-07 00:00:00,73.65,74.05,75.65,73.1
105,2023-04-25 00:00:00,78.65,79.55,79.95,78.1
106,2022-07-25 00:00:00,67.0,67.85,68.3,66.5
107,2023-04-28 00:00:00,81.45,80.45,81.65,80.2
108,2022-08-17 00:00:00,72.95,74.5,74.8,72.65
109,2023-05-16 00:00:00,86.45,86.3,87.2,85.65
110,2023-07-31 00:00:00,116.9,107.0,117.6,106.0
111,2022-09-13 00:00:00,77.65,78.5,78.95,76.85
112,2022-09-15 00:00:00,76.0,77.0,77.5,75.55
113,2022-09-16 00:00:00,74.4,76.2,76.7,74.05
114,2022-09-26 00:00:00,68.2,70.75,70.9,67.5
115,2022-11-03 00:00:00,80.2,78.2,82.35,78.2
116,2023-01-24 00:00:00,79.1,81.5,81.8,78.6
117,2023-02-13 00:00:00,79.35,78.8,79.7,77.6
118,2023-02-14 00:00:00,76.05,79.1,79.5,75.0
119,2023-02-17 00:00:00,78.1,79.45,79.45,77.55
120,2023-03-31 00:00:00,77.15,75.7,78.7,75.7
121,2023-04-20 00:00:00,82.0,79.9,82.8,79.85
122,2021-01-01 00:00:00,55.7,55.25,55.95,55.15
123,2021-01-21 00:00:00,53.45,54.3,54.4,53.25
124,2021-01-28 00:00:00,50.75,50.75,51.65,50.65
125,2021-02-10 00:00:00,57.85,58.4,59.8,57.0
126,2021-03-24 00:00:00,50.25,50.35,50.9,50.1
127,2021-04-05 00:00:00,49.5,50.85,50.95,49.3
128,2021-05-07 00:00:00,50.65,50.0,53.1,49.4
129,2021-05-11 00:00:00,63.6,53.25,64.2,52.5
130,2021-05-26 00:00:00,60.05,60.95,62.0,59.65
131,2021-06-24 00:00:00,60.9,62.25,62.6,60.65
132,2021-07-08 00:00:00,60.9,60.6,63.2,60.55
133,2021-07-16 00:00:00,60.05,60.4,61.15,59.9
134,2021-08-05 00:00:00,58.4,58.95,59.05,57.6
135,2021-08-24 00:00:00,50.85,50.9,51.75,50.1
136,2021-09-30 00:00:00,61.35,61.5,62.8,60.75
137,2021-11-25 00:00:00,65.2,65.85,66.2,64.85
138,2021-12-08 00:00:00,60.35,59.5,60.7,59.4
139,2021-12-15 00:00:00,61.6,61.0,62.9,61.0
140,2022-01-04 00:00:00,61.9,62.75,63.45,61.6
141,2022-02-07 00:00:00,73.65,69.1,74.2,69.1
142,2022-03-17 00:00:00,63.05,63.3,64.0,62.75
143,2022-04-12 00:00:00,68.25,72.0,72.0,67.45
144,2022-04-27 00:00:00,84.3,85.0,86.95,82.8
145,2022-05-11 00:00:00,73.35,77.05,78.75,71.15
146,2022-05-12 00:00:00,70.3,72.6,72.6,69.1
147,2022-05-30 00:00:00,78.6,78.3,79.6,77.6
148,2022-06-10 00:00:00,72.45,72.9,73.5,72.2
149,2022-07-01 00:00:00,62.6,63.6,64.25,61.6
150,2022-07-27 00:00:00,66.35,66.85,67.35,66.05
151,2022-08-24 00:00:00,72.9,70.05,74.6,69.85
152,2022-09-02 00:00:00,77.65,77.35,79.15,76.9
153,2022-09-12 00:00:00,78.15,79.15,79.6,77.7
154,2022-10-07 00:00:00,68.9,69.15,69.6,68.5
155,2023-01-03 00:00:00,86.05,87.0,87.8,85.3
156,2023-01-09 00:00:00,83.45,83.5,83.9,82.75
157,2023-03-06 00:00:00,81.85,80.35,82.25,79.8
158,2023-03-29 00:00:00,75.7,71.5,77.4,71.1
159,2023-04-18 00:00:00,78.95,79.2,79.9,78.65
160,2023-04-21 00:00:00,78.55,82.45,82.45,77.55
161,2023-05-24 00:00:00,92.0,93.85,96.3,91.45
162,2023-06-09 00:00:00,99.95,100.1,101.8,99.2
163,2023-07-19 00:00:00,117.6,118.05,120.5,116.8
164,2023-08-04 00:00:00,115.8,117.15,117.15,115.2
165,2023-08-08 00:00:00,124.05,120.0,125.45,119.6
166,2021-01-20 00:00:00,53.9,54.05,54.55,53.8
167,2021-02-22 00:00:00,51.05,52.0,52.25,50.85
168,2021-03-02 00:00:00,55.05,56.05,57.45,54.8
169,2021-03-05 00:00:00,53.8,54.9,55.75,53.25
170,2021-03-12 00:00:00,52.7,53.45,53.55,52.55
171,2021-03-17 00:00:00,51.0,52.25,52.3,50.75
172,2021-03-22 00:00:00,50.4,51.25,51.6,50.15
173,2021-03-25 00:00:00,48.85,50.3,50.45,48.6
174,2021-04-07 00:00:00,49.45,49.55,50.0,49.35
175,2021-04-19 00:00:00,46.6,47.45,47.5,46.2
176,2021-05-06 00:00:00,49.45,48.65,49.9,48.3
177,2021-05-17 00:00:00,62.0,62.7,64.65,60.55
178,2021-06-25 00:00:00,62.75,61.3,64.2,61.05
179,2021-07-05 00:00:00,60.45,60.5,61.1,60.3
180,2021-08-25 00:00:00,50.55,51.0,51.75,50.4
181,2021-08-26 00:00:00,50.45,50.8,51.1,50.0
182,2021-08-30 00:00:00,51.6,52.5,52.9,51.3
183,2021-09-02 00:00:00,52.1,52.45,52.5,51.9
184,2021-09-14 00:00:00,53.7,53.45,54.45,53.0
185,2021-09-15 00:00:00,55.8,54.0,56.25,53.7
186,2021-09-28 00:00:00,57.7,55.5,58.3,55.45
187,2021-10-28 00:00:00,62.55,64.2,64.25,62.2
188,2021-11-01 00:00:00,64.0,64.0,64.4,62.85
189,2021-11-04 00:00:00,67.65,67.4,68.0,67.3
190,2021-11-10 00:00:00,65.95,66.4,67.25,65.4
191,2021-12-21 00:00:00,58.3,58.45,59.2,57.55
192,2021-12-28 00:00:00,59.65,58.8,60.15,58.75
193,2021-12-30 00:00:00,63.05,60.0,64.1,59.0
194,2022-01-05 00:00:00,61.85,62.0,62.4,61.5
195,2022-01-10 00:00:00,62.9,63.0,63.65,62.75
196,2022-01-19 00:00:00,71.1,68.05,72.95,67.05
197,2022-02-04 00:00:00,68.1,67.2,70.8,67.2
198,2022-04-29 00:00:00,81.8,83.55,83.85,81.0
199,2022-05-02 00:00:00,88.95,81.1,89.75,80.0
200,2022-05-09 00:00:00,82.3,81.45,83.25,79.55
201,2022-05-27 00:00:00,77.6,78.45,78.65,76.6
202,2022-06-13 00:00:00,68.9,71.45,71.45,67.8
203,2022-06-28 00:00:00,65.4,63.8,65.8,63.15
204,2022-07-13 00:00:00,68.65,69.0,70.2,68.4
205,2022-08-23 00:00:00,70.05,68.0,70.75,67.9
206,2022-09-30 00:00:00,68.05,67.3,68.65,65.0
207,2022-11-04 00:00:00,78.05,80.7,80.85,77.85
208,2022-12-13 00:00:00,91.5,91.3,92.6,89.5
209,2022-12-19 00:00:00,91.5,88.85,92.0,87.3
210,2022-12-27 00:00:00,82.8,81.9,83.9,80.2
211,2023-02-21 00:00:00,81.55,78.1,82.15,77.95
212,2023-04-13 00:00:00,79.45,79.55,81.0,78.55
213,2023-04-19 00:00:00,79.85,79.0,80.65,78.95
214,2023-05-04 00:00:00,86.55,88.05,88.45,85.25
215,2023-06-05 00:00:00,98.25,93.0,98.9,92.85
216,2023-08-11 00:00:00,133.15,131.9,136.7,131.3
217,2023-08-14 00:00:00,130.25,133.95,133.95,128.8
218,2021-01-12 00:00:00,56.5,56.45,57.7,56.15
219,2021-01-18 00:00:00,53.4,55.0,55.1,53.0
220,2021-03-16 00:00:00,52.2,52.4,52.65,52.1
221,2021-03-26 00:00:00,49.1,49.15,49.65,48.85
222,2021-05-04 00:00:00,48.4,48.2,49.3,48.1
223,2021-05-20 00:00:00,61.4,62.45,62.75,61.2
224,2021-06-09 00:00:00,63.3,64.6,66.9,62.55
225,2021-09-20 00:00:00,55.15,55.45,56.15,55.0
226,2021-10-12 00:00:00,69.25,71.5,72.0,68.65
227,2021-10-19 00:00:00,71.2,77.05,77.4,70.1
228,2021-11-18 00:00:00,63.75,66.5,66.85,62.85
229,2021-11-22 00:00:00,62.65,63.95,64.3,61.75
230,2022-03-24 00:00:00,61.55,61.9,62.7,60.85
231,2022-07-11 00:00:00,67.2,66.65,67.8,66.4
232,2022-08-29 00:00:00,75.6,74.15,76.95,73.3
233,2022-08-30 00:00:00,76.8,76.2,78.0,76.1
234,2022-09-08 00:00:00,81.0,82.5,84.9,80.6
235,2022-09-19 00:00:00,74.0,74.4,75.2,73.05
236,2022-09-23 00:00:00,71.35,72.6,73.05,71.05
237,2022-10-03 00:00:00,66.75,68.15,68.35,66.5
238,2022-11-10 00:00:00,80.45,80.9,81.95,79.3
239,2022-12-08 00:00:00,92.3,93.5,95.3,91.55
240,2022-12-14 00:00:00,89.65,91.95,92.0,89.05
241,2022-12-26 00:00:00,81.2,78.0,81.5,77.15
242,2023-01-31 00:00:00,78.05,78.2,78.4,76.8
243,2023-02-08 00:00:00,77.7,74.9,78.45,74.5
244,2023-05-29 00:00:00,92.1,95.65,96.0,91.6
245,2023-06-23 00:00:00,97.45,97.55,98.25,95.9
246,2023-07-10 00:00:00,109.25,108.0,110.7,107.0
247,2023-07-20 00:00:00,119.15,117.6,119.6,116.95
248,2023-07-21 00:00:00,117.75,118.0,119.2,117.0
249,2023-07-26 00:00:00,117.15,118.65,119.6,116.5
250,2023-05-11 00:00:00,84.7,83.5,85.95,83.25
251,2023-05-22 00:00:00,91.0,88.0,92.35,87.4
252,2023-07-06 00:00:00,107.95,108.5,109.0,107.05
253,2023-08-03 00:00:00,115.7,115.8,116.5,115.05
254,2023-08-17 00:00:00,125.3,130.0,131.8,124.6
255,2023-08-18 00:00:00,123.3,126.8,129.4,118.65
256,2023-08-23 00:00:00,131.15,129.5,131.45,128.3
257,2023-08-22 00:00:00,128.75,125.4,129.3,124.95
258,2021-01-22 00:00:00,52.45,53.25,54.2,52.2
259,2021-02-03 00:00:00,54.1,52.3,54.3,51.75
260,2021-02-23 00:00:00,51.15,51.2,51.8,50.9
261,2021-03-31 00:00:00,50.4,51.5,52.25,50.2
262,2021-04-12 00:00:00,47.95,49.15,49.4,47.5
263,2021-04-23 00:00:00,47.05,46.95,47.7,46.75
264,2021-04-29 00:00:00,47.55,47.5,47.9,47.35
265,2021-05-14 00:00:00,61.85,64.9,66.7,60.65
266,2021-08-31 00:00:00,52.65,51.65,54.7,51.55
267,2021-10-07 00:00:00,68.4,64.4,68.75,64.3
268,2021-10-18 00:00:00,76.65,78.65,80.1,76.05
269,2021-11-26 00:00:00,62.7,64.7,64.7,62.45
270,2021-11-29 00:00:00,59.0,61.6,62.2,51.4
271,2021-12-06 00:00:00,58.4,59.1,59.35,58.0
272,2022-01-07 00:00:00,62.7,63.95,64.45,62.1
273,2022-01-11 00:00:00,66.15,63.2,66.6,62.7
274,2022-01-21 00:00:00,67.2,69.9,69.9,66.2
275,2022-02-02 00:00:00,68.25,66.0,68.85,66.0
276,2022-03-30 00:00:00,63.45,64.0,64.8,62.9
277,2022-04-01 00:00:00,64.45,62.75,64.9,62.7
278,2022-05-23 00:00:00,81.5,83.55,85.5,80.65
279,2022-05-31 00:00:00,75.45,76.1,77.5,74.7
280,2022-06-14 00:00:00,67.15,68.95,69.95,66.0
281,2022-08-02 00:00:00,71.85,69.05,72.4,68.8
282,2022-11-29 00:00:00,87.35,88.0,89.65,86.1
283,2022-12-02 00:00:00,88.25,84.0,88.8,83.75
284,2023-01-19 00:00:00,81.4,82.1,83.5,80.65
285,2023-01-30 00:00:00,78.15,75.3,78.85,75.25
286,2023-02-02 00:00:00,75.65,76.5,76.9,75.35
287,2023-03-01 00:00:00,79.65,78.6,80.6,78.2
288,2023-03-08 00:00:00,82.2,81.6,82.75,80.85
289,2023-03-09 00:00:00,80.6,82.0,83.05,80.25
290,2023-03-16 00:00:00,79.75,79.7,80.25,77.7
291,2023-03-28 00:00:00,72.1,72.2,72.85,69.7
292,2023-05-08 00:00:00,85.05,85.8,86.95,84.8
293,2023-05-30 00:00:00,90.45,92.1,92.35,89.1
294,2023-06-26 00:00:00,98.2,97.8,98.6,96.5
295,2023-08-07 00:00:00,119.85,116.85,120.85,115.05
296,2021-03-04 00:00:00,54.95,54.6,55.85,54.45
297,2021-04-01 00:00:00,50.75,50.6,51.05,50.5
298,2021-04-27 00:00:00,47.3,47.35,47.4,47.1
299,2021-04-28 00:00:00,47.45,47.3,47.85,47.2
300,2021-05-03 00:00:00,48.05,47.55,48.4,47.35
301,2021-05-12 00:00:00,63.9,66.5,73.75,62.0
302,2021-06-02 00:00:00,61.15,60.3,62.4,60.2
303,2021-06-16 00:00:00,63.0,63.85,64.35,62.6
304,2021-06-29 00:00:00,60.65,63.9,64.2,60.0
305,2021-07-02 00:00:00,60.2,60.9,61.75,59.8
306,2021-07-12 00:00:00,60.85,61.5,61.9,60.65
307,2021-07-22 00:00:00,59.0,59.4,59.85,58.8
308,2021-09-09 00:00:00,52.95,52.5,53.45,52.3
309,2021-09-13 00:00:00,53.4,53.15,54.0,52.8
310,2021-09-23 00:00:00,56.75,56.5,58.5,56.4
311,2021-10-14 00:00:00,77.8,71.95,78.8,70.35
312,2021-12-09 00:00:00,61.25,60.8,61.6,59.9
313,2021-12-22 00:00:00,59.1,58.25,59.8,58.25
314,2021-12-24 00:00:00,58.4,59.35,59.4,58.1
315,2021-12-31 00:00:00,62.05,62.75,63.15,61.6
316,2022-02-11 00:00:00,75.85,73.2,77.5,72.85
317,2022-04-13 00:00:00,67.9,68.95,69.4,67.5
318,2022-05-17 00:00:00,78.75,71.6,80.0,71.2
319,2022-06-01 00:00:00,76.45,75.6,77.2,74.45
320,2022-06-22 00:00:00,61.9,63.65,63.7,61.6
321,2022-06-24 00:00:00,63.75,63.25,64.95,62.4
322,2022-07-22 00:00:00,67.95,68.5,69.25,67.35
323,2022-08-16 00:00:00,74.5,75.0,75.75,73.35
324,2022-08-18 00:00:00,72.05,73.4,73.7,71.4
325,2022-09-09 00:00:00,78.75,81.7,81.7,78.15
326,2022-09-27 00:00:00,68.8,68.7,69.75,68.1
327,2022-11-07 00:00:00,80.1,78.8,81.6,78.15
328,2022-12-15 00:00:00,89.05,89.35,91.65,88.55
329,2023-01-25 00:00:00,78.3,78.95,79.7,77.35
330,2023-02-09 00:00:00,79.0,78.3,79.25,76.95
331,2023-03-14 00:00:00,79.55,78.15,80.1,77.8
332,2023-04-24 00:00:00,79.55,78.7,80.3,77.6
333,2023-05-12 00:00:00,86.25,84.85,86.65,84.0
334,2023-05-15 00:00:00,86.45,86.7,87.7,85.4
335,2023-05-31 00:00:00,94.65,91.15,95.15,90.85
336,2023-06-22 00:00:00,97.8,100.35,101.35,97.25
337,2023-07-11 00:00:00,110.5,109.8,112.0,108.75
338,2021-01-27 00:00:00,51.05,51.4,51.85,50.9
339,2021-02-11 00:00:00,52.85,53.25,53.7,52.05
340,2021-04-26 00:00:00,47.4,47.9,47.9,47.2
341,2021-04-30 00:00:00,47.6,47.4,48.55,47.4
342,2021-05-21 00:00:00,60.7,62.0,62.3,60.55
343,2021-05-31 00:00:00,60.15,60.6,60.75,60.0
344,2021-06-04 00:00:00,63.85,61.1,65.7,60.65
345,2021-06-15 00:00:00,63.45,63.75,64.7,63.2
346,2021-06-28 00:00:00,63.4,63.3,65.65,62.55
347,2021-08-04 00:00:00,58.8,58.95,59.9,58.3
348,2021-08-27 00:00:00,52.0,50.35,52.7,50.25
349,2021-11-09 00:00:00,66.5,67.45,67.7,66.3
350,2022-01-13 00:00:00,66.7,66.7,67.8,65.6
351,2022-02-10 00:00:00,72.95,72.0,74.3,71.2
352,2022-02-14 00:00:00,70.6,74.3,75.4,69.1
353,2022-02-23 00:00:00,61.4,60.0,61.8,59.65
354,2022-03-16 00:00:00,62.65,63.0,63.45,62.1
355,2022-03-22 00:00:00,62.2,62.55,62.9,61.55
356,2022-03-29 00:00:00,63.55,65.5,65.5,63.05
357,2022-04-28 00:00:00,82.85,85.5,86.45,82.05
358,2022-05-13 00:00:00,71.75,72.0,73.8,71.25
359,2022-06-15 00:00:00,67.95,68.45,69.45,67.3
360,2022-06-30 00:00:00,63.65,65.0,65.8,63.3
361,2022-07-14 00:00:00,66.75,68.65,69.0,66.0
362,2022-08-01 00:00:00,69.4,68.4,69.85,67.85
363,2022-08-05 00:00:00,72.6,70.3,73.95,69.95
364,2022-09-14 00:00:00,76.2,76.1,77.2,75.5
365,2022-09-29 00:00:00,67.3,68.4,68.45,67.0
366,2022-10-14 00:00:00,68.25,70.25,70.85,67.9
367,2022-11-21 00:00:00,77.35,77.7,78.45,76.75
368,2022-11-28 00:00:00,87.55,83.8,88.5,83.65
369,2023-01-11 00:00:00,81.1,81.35,82.3,80.6
370,2023-01-12 00:00:00,82.2,81.55,83.2,79.5
371,2023-02-24 00:00:00,79.4,78.9,80.0,78.35
372,2023-03-24 00:00:00,73.65,76.5,76.6,73.25
373,2023-04-26 00:00:00,79.45,78.6,81.6,78.55
374,2023-06-01 00:00:00,93.55,94.35,95.25,93.2
375,2023-06-16 00:00:00,98.55,100.0,100.0,98.2
376,2023-06-30 00:00:00,108.45,103.0,109.8,103.0
377,2023-07-03 00:00:00,110.05,109.15,111.5,107.55
378,2023-07-17 00:00:00,118.4,118.7,119.2,115.75
379,2021-01-08 00:00:00,56.0,55.75,56.75,55.6
380,2021-02-15 00:00:00,51.25,51.4,51.85,51.15
381,2021-03-03 00:00:00,55.25,55.95,57.2,54.85
382,2021-03-08 00:00:00,53.65,54.2,54.75,53.4
383,2021-04-13 00:00:00,48.0,48.15,48.7,47.85
384,2021-05-28 00:00:00,60.2,61.7,61.75,60.0
385,2021-07-01 00:00:00,60.8,61.35,61.4,60.65
386,2021-10-06 00:00:00,63.9,63.55,67.4,62.9
387,2021-11-24 00:00:00,65.6,64.45,66.5,64.4
388,2021-12-14 00:00:00,60.65,60.2,61.3,60.0
389,2021-12-20 00:00:00,57.8,59.4,59.45,56.85
390,2022-02-28 00:00:00,62.3,62.25,62.4,59.1
391,2022-03-02 00:00:00,64.35,61.7,65.0,61.7
392,2022-03-15 00:00:00,62.55,64.35,64.8,62.25
393,2022-04-05 00:00:00,68.8,65.55,69.4,65.55
394,2022-05-05 00:00:00,87.7,87.6,89.25,86.05
395,2022-05-06 00:00:00,82.0,85.0,85.7,81.4
396,2022-05-18 00:00:00,80.3,79.0,83.45,77.75
397,2022-06-08 00:00:00,74.45,74.15,74.8,73.0
398,2022-07-04 00:00:00,64.35,63.1,65.25,63.1
399,2022-08-25 00:00:00,73.55,73.55,75.75,72.55
400,2022-09-01 00:00:00,76.9,76.0,78.85,75.6
401,2022-10-10 00:00:00,68.9,68.0,71.5,67.8
402,2022-10-13 00:00:00,68.75,68.15,69.4,67.8
403,2022-11-02 00:00:00,78.15,78.6,79.3,76.85
404,2022-12-22 00:00:00,84.75,85.35,86.25,81.0
405,2022-12-23 00:00:00,77.4,82.6,83.65,76.6
406,2023-01-10 00:00:00,81.05,83.45,83.45,80.7
407,2023-02-03 00:00:00,74.55,75.95,76.0,72.7
408,2023-02-06 00:00:00,74.55,74.55,75.25,73.7
409,2023-02-22 00:00:00,80.2,80.85,80.85,78.4
410,2023-02-23 00:00:00,80.05,80.6,80.65,78.45
411,2023-03-03 00:00:00,80.0,78.85,81.0,78.75
412,2023-03-13 00:00:00,78.2,81.1,81.35,77.55
413,2023-04-10 00:00:00,76.65,78.0,78.25,76.5
414,2023-04-11 00:00:00,78.55,77.2,78.9,76.65
415,2023-05-05 00:00:00,85.45,86.4,88.2,85.05
416,2023-06-13 00:00:00,99.1,101.5,102.05,98.5
417,2023-06-27 00:00:00,101.35,98.9,101.7,98.2
418,2023-08-16 00:00:00,129.0,128.4,130.25,127.3
419,2021-01-07 00:00:00,55.35,55.9,56.4,55.25
420,2021-01-19 00:00:00,53.95,53.7,54.7,53.55
421,2021-02-17 00:00:00,50.95,51.0,51.55,50.85
422,2021-02-18 00:00:00,53.3,51.0,54.6,51.0
423,2021-06-14 00:00:00,63.55,65.35,65.4,62.5
424,2021-07-27 00:00:00,56.55,57.35,57.75,56.1
425,2021-07-29 00:00:00,57.5,56.75,57.95,56.7
426,2021-08-13 00:00:00,56.4,55.85,56.75,55.65
427,2021-08-17 00:00:00,52.9,54.1,54.25,52.55
428,2021-08-18 00:00:00,51.95,53.3,53.3,51.75
429,2021-08-23 00:00:00,50.05,51.65,51.7,49.8
430,2021-09-01 00:00:00,52.0,52.85,52.9,51.55
431,2021-09-03 00:00:00,52.45,52.25,52.75,52.15
432,2021-09-21 00:00:00,54.15,54.25,54.6,53.55
433,2021-10-05 00:00:00,62.9,63.05,63.8,62.6
434,2021-12-03 00:00:00,58.95,58.95,59.75,58.7
435,2022-02-08 00:00:00,72.8,74.5,75.0,70.9
436,2022-02-21 00:00:00,61.3,63.5,63.95,61.0
437,2022-03-08 00:00:00,62.9,62.9,63.75,62.05
438,2022-03-11 00:00:00,66.0,64.9,66.3,64.5
439,2022-03-31 00:00:00,62.55,63.5,63.8,62.25
440,2022-05-04 00:00:00,85.3,90.0,92.4,84.25
441,2022-06-27 00:00:00,64.2,64.6,65.25,64.05
442,2022-06-29 00:00:00,65.35,64.6,67.05,64.3
443,2022-07-19 00:00:00,67.65,67.85,68.7,67.2
444,2022-09-06 00:00:00,81.95,77.9,82.45,77.7
445,2022-10-24 00:00:00,71.25,70.8,71.5,70.5
446,2022-10-25 00:00:00,73.75,71.6,74.7,70.25
447,2022-12-07 00:00:00,93.45,88.9,94.4,85.7
448,2022-12-09 00:00:00,88.2,92.75,93.2,87.1
449,2022-12-28 00:00:00,85.9,82.8,86.55,81.85
450,2022-12-29 00:00:00,86.1,85.0,86.6,83.8
451,2023-01-02 00:00:00,86.65,86.5,87.75,85.75
452,2023-01-04 00:00:00,83.85,86.45,86.65,83.1
453,2023-01-20 00:00:00,81.0,81.5,82.05,80.5
454,2023-02-16 00:00:00,78.0,76.3,78.7,76.0
455,2023-02-28 00:00:00,78.85,78.55,79.3,76.85
456,2023-06-28 00:00:00,102.1,101.8,102.5,100.4
457,2023-07-12 00:00:00,115.55,111.0,115.95,110.55
458,2023-07-13 00:00:00,116.05,116.1,116.9,114.4
459,2023-07-28 00:00:00,118.9,118.05,120.0,117.6
460,2021-01-05 00:00:00,56.25,55.5,56.8,55.35
461,2021-01-13 00:00:00,56.35,56.85,57.35,56.1
462,2021-01-14 00:00:00,55.9,56.2,56.7,55.8
463,2021-02-16 00:00:00,51.3,51.6,51.7,51.0
464,2021-05-19 00:00:00,62.1,61.4,65.5,60.9
465,2021-05-25 00:00:00,60.65,61.75,61.75,60.3
466,2021-06-23 00:00:00,61.8,62.6,62.85,61.6
467,2021-08-09 00:00:00,57.6,58.55,58.9,57.15
468,2021-08-11 00:00:00,54.95,55.8,56.15,53.2
469,2021-10-13 00:00:00,71.05,71.0,71.9,70.5
470,2021-10-27 00:00:00,64.3,64.45,65.9,63.75
471,2021-12-29 00:00:00,59.85,59.3,60.7,59.25
472,2022-01-18 00:00:00,68.35,70.25,71.0,68.05
473,2022-02-01 00:00:00,65.5,67.0,67.85,65.25
474,2022-02-09 00:00:00,71.65,72.95,73.3,71.4
475,2022-02-17 00:00:00,64.7,66.9,66.9,64.1
476,2022-04-07 00:00:00,70.55,69.7,72.7,69.7
477,2022-04-20 00:00:00,77.7,76.75,80.8,76.5
478,2022-05-24 00:00:00,78.85,82.1,82.55,78.1
479,2022-05-26 00:00:00,77.35,74.3,78.25,72.55
480,2022-06-16 00:00:00,64.2,68.85,68.9,63.5
481,2022-06-23 00:00:00,62.25,62.4,63.1,61.5
482,2022-07-26 00:00:00,66.9,67.4,67.4,66.4
483,2022-07-28 00:00:00,66.05,66.85,67.05,65.7
484,2022-08-10 00:00:00,74.2,72.4,75.15,71.55
485,2022-08-26 00:00:00,76.75,73.95,78.3,73.9
486,2022-09-05 00:00:00,77.9,78.05,78.85,77.4
487,2022-09-21 00:00:00,72.9,73.35,74.4,72.65
488,2022-09-28 00:00:00,67.6,68.1,68.75,67.15
489,2022-10-11 00:00:00,67.65,69.2,69.55,67.5
490,2022-11-23 00:00:00,79.4,78.55,80.5,78.0
491,2022-11-30 00:00:00,84.85,87.3,87.35,84.5
492,2022-12-05 00:00:00,89.3,89.5,91.45,88.7
493,2023-01-16 00:00:00,81.05,82.8,83.2,80.85
494,2023-01-23 00:00:00,81.35,81.45,82.25,80.7
495,2023-03-21 00:00:00,78.05,78.85,79.55,77.8
496,2023-04-12 00:00:00,80.15,78.5,81.1,78.35
497,2023-05-03 00:00:00,87.55,82.4,88.6,82.05
498,2023-05-25 00:00:00,94.8,92.3,95.4,91.6
499,2023-06-07 00:00:00,99.2,97.9,99.9,96.85
500,2023-06-19 00:00:00,97.15,98.6,99.9,96.0
501,2023-06-21 00:00:00,99.6,101.3,102.3,98.6
502,2023-07-14 00:00:00,117.9,116.05,118.2,114.1
503,2021-01-06 00:00:00,55.6,56.45,56.65,55.25
504,2021-02-26 00:00:00,52.85,52.5,53.95,52.1
505,2021-03-09 00:00:00,52.9,53.95,54.6,52.65
506,2021-05-10 00:00:00,53.5,51.4,54.9,51.2
507,2021-05-27 00:00:00,60.95,60.4,61.7,59.25
508,2021-06-10 00:00:00,64.4,63.85,64.9,63.5
509,2021-06-30 00:00:00,61.05,61.15,62.45,60.85
510,2021-07-07 00:00:00,60.5,60.45,60.95,60.15
511,2021-07-23 00:00:00,58.1,59.2,59.35,57.95
512,2021-07-26 00:00:00,57.05,58.05,58.3,56.8
513,2021-08-02 00:00:00,58.85,59.75,60.3,58.7
514,2021-08-12 00:00:00,55.85,54.65,56.0,54.65
515,2021-08-16 00:00:00,54.1,55.05,55.8,53.8
516,2021-10-01 00:00:00,61.7,60.95,62.7,60.5
517,2021-10-08 00:00:00,69.5,69.1,71.25,69.0
518,2021-11-08 00:00:00,67.15,68.0,68.15,66.5
519,2022-01-06 00:00:00,63.3,61.5,63.7,61.1
520,2022-02-25 00:00:00,60.15,58.3,60.6,58.2
521,2022-04-04 00:00:00,65.5,64.7,65.6,64.5
522,2022-04-21 00:00:00,81.25,78.7,83.0,77.4
523,2022-04-22 00:00:00,80.95,80.95,84.3,80.4
524,2022-06-17 00:00:00,63.1,64.1,64.2,61.75
525,2022-07-08 00:00:00,67.05,67.9,68.4,66.75
526,2022-07-20 00:00:00,67.9,68.2,69.65,67.6
527,2022-08-04 00:00:00,70.0,70.9,71.8,68.45
528,2022-08-12 00:00:00,73.8,72.65,75.8,72.2
529,2022-08-22 00:00:00,68.75,71.1,71.45,68.55
530,2022-09-07 00:00:00,81.65,81.8,83.6,80.65
531,2022-10-12 00:00:00,67.95,68.0,68.55,66.6
532,2022-10-28 00:00:00,74.4,74.2,75.2,72.8
533,2022-11-15 00:00:00,76.0,78.15,78.35,75.55
534,2022-11-24 00:00:00,83.55,79.8,84.65,79.7
535,2023-01-06 00:00:00,82.85,84.05,84.35,82.1
536,2023-03-23 00:00:00,76.2,77.2,77.65,76.0
537,2023-04-27 00:00:00,80.15,80.0,81.15,79.0
538,2023-05-02 00:00:00,82.5,81.55,83.35,80.35
539,2023-05-19 00:00:00,85.5,86.45,86.45,85.0
540,2023-08-01 00:00:00,117.95,116.5,118.25,116.5
541,2021-02-08 00:00:00,56.15,56.2,57.65,55.9
542,2021-02-12 00:00:00,51.6,52.9,53.45,51.5
543,2021-02-24 00:00:00,51.85,51.25,52.4,51.25
544,2021-03-23 00:00:00,50.5,50.55,50.95,50.35
545,2021-03-30 00:00:00,51.4,49.15,52.8,49.1
546,2021-04-08 00:00:00,48.95,49.6,49.95,48.75
547,2021-04-22 00:00:00,47.05,46.8,47.3,46.5
548,2021-05-05 00:00:00,48.3,48.75,49.0,48.2
549,2021-06-01 00:00:00,60.15,60.4,63.55,59.7
550,2021-06-18 00:00:00,61.1,62.85,62.85,58.8
551,2021-06-22 00:00:00,62.0,61.5,62.9,61.25
552,2021-08-06 00:00:00,58.5,58.1,58.85,58.05
553,2021-09-17 00:00:00,55.85,57.7,58.4,55.4
554,2021-09-24 00:00:00,56.0,57.0,57.6,55.8
555,2021-10-22 00:00:00,63.6,66.65,67.5,62.0
556,2021-11-15 00:00:00,68.1,68.95,69.85,67.0
557,2021-12-10 00:00:00,61.45,61.2,62.3,61.05
558,2022-01-14 00:00:00,66.3,66.65,67.2,65.15
559,2022-03-04 00:00:00,64.4,65.45,66.5,64.1
560,2022-04-18 00:00:00,72.85,67.4,73.85,67.4
561,2022-05-10 00:00:00,78.0,82.8,84.4,77.25
562,2022-06-02 00:00:00,79.65,76.8,80.0,76.15
563,2022-07-06 00:00:00,67.05,68.1,68.2,65.7
564,2022-07-15 00:00:00,67.1,66.95,67.35,66.4
565,2022-07-29 00:00:00,67.95,66.55,68.45,66.5
566,2022-08-03 00:00:00,70.6,72.1,72.45,69.45
567,2022-08-11 00:00:00,72.5,75.45,75.55,72.1
568,2022-09-22 00:00:00,72.6,72.75,73.65,71.6
569,2022-10-21 00:00:00,70.35,70.4,71.75,69.75
570,2022-11-11 00:00:00,80.7,81.5,82.9,79.85
571,2022-11-25 00:00:00,83.55,83.8,84.95,82.75
572,2022-12-21 00:00:00,84.9,90.7,91.45,83.5
573,2023-01-17 00:00:00,80.2,81.15,81.45,79.2
574,2023-02-20 00:00:00,78.0,78.1,78.5,77.0
575,2023-03-02 00:00:00,78.7,79.6,80.75,78.2
576,2023-04-05 00:00:00,77.7,77.4,78.35,76.5
577,2023-04-17 00:00:00,78.95,79.05,79.95,78.2
578,2023-05-18 00:00:00,86.05,85.6,86.95,85.2
579,2023-06-12 00:00:00,101.05,100.65,102.95,98.7
580,2023-07-05 00:00:00,107.85,107.4,108.8,106.2
581,2023-07-24 00:00:00,117.75,119.0,121.0,117.2
582,2023-07-27 00:00:00,118.6,117.9,119.55,115.8
583,2023-07-18 00:00:00,118.0,118.85,119.0,116.0
584,2023-05-26 00:00:00,95.15,95.3,95.9,93.7
585,2023-06-06 00:00:00,97.35,98.3,99.25,96.7
586,2023-06-08 00:00:00,99.85,99.1,102.5,98.65
587,2023-06-14 00:00:00,99.9,99.6,100.85,96.95
588,2023-06-20 00:00:00,100.5,97.15,101.2,95.8
589,2021-01-15 00:00:00,54.95,56.1,56.15,54.85
590,2021-02-01 00:00:00,51.55,51.5,52.5,50.85
591,2021-02-04 00:00:00,55.2,54.45,55.65,53.95
592,2021-03-15 00:00:00,52.4,53.0,53.05,51.7
593,2021-03-19 00:00:00,51.1,49.95,51.5,48.8
594,2021-07-09 00:00:00,61.0,60.95,61.7,60.7
595,2021-09-08 00:00:00,52.5,52.1,52.8,51.85
596,2021-09-29 00:00:00,61.05,57.5,62.4,57.15
597,2021-10-04 00:00:00,62.65,62.0,63.9,62.0
598,2021-10-29 00:00:00,63.65,62.7,64.15,61.5
599,2021-11-02 00:00:00,64.05,64.2,65.15,63.75
600,2021-11-11 00:00:00,64.8,65.7,66.4,64.0
601,2022-01-28 00:00:00,66.4,65.85,68.8,65.85
602,2022-02-18 00:00:00,63.55,65.0,65.5,63.3
603,2022-02-22 00:00:00,59.2,60.05,60.2,58.55
604,2022-03-03 00:00:00,65.75,65.25,67.5,65.25
605,2022-03-07 00:00:00,63.9,63.7,64.4,63.15
606,2022-03-10 00:00:00,64.6,64.7,65.2,63.7
607,2022-03-23 00:00:00,61.9,62.2,63.15,61.5
608,2022-05-25 00:00:00,73.6,79.55,80.5,72.4
609,2022-07-05 00:00:00,67.55,64.45,69.95,64.45
610,2022-08-08 00:00:00,72.15,73.1,73.6,71.8
611,2022-08-19 00:00:00,71.6,72.1,72.8,71.1
612,2022-10-19 00:00:00,71.55,71.0,73.2,71.0
613,2022-11-16 00:00:00,75.9,76.0,77.25,75.4
614,2022-12-30 00:00:00,86.1,86.1,88.2,85.55
615,2023-01-18 00:00:00,82.5,80.5,83.3,80.05
616,2023-05-10 00:00:00,83.15,85.0,85.1,82.65
617,2023-07-07 00:00:00,107.65,107.95,111.15,107.05
618,2021-01-29 00:00:00,51.3,51.15,51.75,50.8
619,2021-02-25 00:00:00,53.0,52.3,54.0,52.2
620,2021-03-01 00:00:00,54.95,53.2,56.55,53.2
621,2021-03-10 00:00:00,53.0,53.25,53.75,52.9
622,2021-05-18 00:00:00,61.2,63.0,63.45,60.85
623,2021-05-24 00:00:00,61.0,60.75,62.7,60.6
624,2021-06-11 00:00:00,65.05,65.95,66.8,64.6
625,2021-07-06 00:00:00,60.6,60.7,61.8,60.4
626,2021-08-20 00:00:00,51.25,51.95,53.05,51.05
627,2021-09-22 00:00:00,56.3,54.0,56.85,53.7
628,2021-11-16 00:00:00,66.5,68.05,68.3,66.2
629,2021-12-02 00:00:00,58.85,58.3,59.4,57.45
630,2021-12-23 00:00:00,58.9,59.55,59.7,58.75
631,2022-01-17 00:00:00,69.65,66.5,70.5,66.5
632,2022-03-25 00:00:00,64.15,61.6,65.15,61.6
633,2022-05-16 00:00:00,70.5,71.95,72.65,68.75
634,2022-06-09 00:00:00,73.8,73.85,75.2,73.45
635,2022-07-21 00:00:00,67.5,68.15,68.2,67.0
636,2022-10-18 00:00:00,70.05,68.65,70.8,68.05
637,2022-10-20 00:00:00,69.85,70.7,71.55,69.5
638,2022-10-27 00:00:00,73.95,73.9,75.2,72.85
639,2022-11-17 00:00:00,80.45,75.85,81.2,75.7
640,2022-11-18 00:00:00,77.95,81.0,81.05,77.55
641,2022-12-16 00:00:00,88.45,88.95,90.05,85.95
642,2023-02-10 00:00:00,78.85,78.4,79.6,78.0
643,2023-03-17 00:00:00,80.8,80.8,81.85,79.9
644,2023-03-20 00:00:00,78.45,80.8,80.8,77.9
645,2023-03-22 00:00:00,77.1,78.45,78.75,76.6
646,2023-03-27 00:00:00,71.9,73.75,74.15,70.8
647,2023-04-03 00:00:00,77.3,77.15,78.25,77.05
648,2023-05-09 00:00:00,84.55,85.1,86.9,84.0
649,2023-06-02 00:00:00,92.55,93.9,95.75,92.0
650,2023-06-15 00:00:00,98.15,99.95,99.95,96.9
651,2023-07-04 00:00:00,107.4,110.45,110.9,106.45
652,2023-08-02 00:00:00,115.6,117.4,117.95,114.65
653,2023-08-10 00:00:00,130.25,134.5,134.5,128.2
654,2023-08-21 00:00:00,125.05,124.9,127.65,123.6
