,time,close,open,high,low
0,2021-02-03 00:00:00,8.35,8.6,8.6,8.3
1,2021-02-02 00:00:00,8.5,8.6,8.65,8.45
2,2021-02-24 00:00:00,8.45,8.2,8.5,8.15
3,2021-02-19 00:00:00,8.25,8.3,8.6,8.2
4,2021-02-22 00:00:00,8.1,8.25,8.3,8.05
5,2021-01-19 00:00:00,8.5,8.4,8.75,8.35
6,2021-02-16 00:00:00,8.3,8.4,8.45,8.2
7,2021-01-13 00:00:00,8.75,8.9,9.0,8.65
8,2021-02-12 00:00:00,8.55,8.75,8.75,8.5
9,2021-02-23 00:00:00,8.15,8.1,8.3,8.0
10,2021-02-25 00:00:00,8.4,8.45,8.55,8.25
11,2021-03-09 00:00:00,9.05,8.85,9.15,8.8
12,2021-01-15 00:00:00,8.6,8.65,8.75,8.55
13,2021-01-25 00:00:00,7.85,8.1,8.1,7.75
14,2021-01-27 00:00:00,8.0,7.9,8.1,7.7
15,2021-02-10 00:00:00,8.45,8.35,8.75,8.35
16,2021-03-04 00:00:00,9.45,8.9,9.45,8.7
17,2021-01-18 00:00:00,8.35,8.6,8.65,8.25
18,2021-01-28 00:00:00,8.0,8.0,8.05,7.8
19,2021-02-26 00:00:00,8.3,8.25,8.4,8.2
20,2021-01-29 00:00:00,8.1,8.0,8.25,7.95
21,2021-02-09 00:00:00,8.35,8.65,8.65,8.3
22,2021-03-02 00:00:00,8.6,8.2,8.6,8.2
23,2021-03-03 00:00:00,9.0,8.9,9.0,8.75
24,2021-01-12 00:00:00,8.85,8.8,9.1,8.7
25,2021-03-01 00:00:00,8.2,8.3,8.45,8.1
26,2021-03-12 00:00:00,9.0,9.7,9.8,9.0
27,2021-03-15 00:00:00,8.85,8.95,8.95,8.55
28,2021-01-06 00:00:00,9.45,9.25,9.6,9.1
29,2021-01-07 00:00:00,9.25,9.6,9.65,9.25
30,2021-01-21 00:00:00,8.45,8.5,8.85,8.4
31,2021-03-05 00:00:00,9.0,9.9,9.9,9.0
32,2021-03-10 00:00:00,9.45,9.15,9.5,9.15
33,2021-01-11 00:00:00,8.9,9.15,9.15,8.65
34,2021-01-14 00:00:00,8.7,8.8,9.0,8.6
35,2021-01-20 00:00:00,8.45,8.5,8.65,8.4
36,2021-02-17 00:00:00,8.45,8.2,8.55,8.05
37,2021-03-08 00:00:00,8.8,8.9,9.25,8.75
38,2021-02-18 00:00:00,8.35,8.5,8.5,8.2
39,2021-01-01 00:00:00,9.1,9.0,9.2,9.0
40,2021-01-22 00:00:00,8.1,8.45,8.5,8.05
41,2021-02-04 00:00:00,8.35,8.4,8.6,8.25
42,2021-02-05 00:00:00,8.25,8.4,8.5,8.2
43,2021-02-01 00:00:00,8.45,8.2,8.5,8.05
44,2021-02-08 00:00:00,8.6,8.3,8.65,8.15
45,2021-02-15 00:00:00,8.4,8.5,8.6,8.35
46,2021-01-04 00:00:00,9.35,9.3,9.45,9.05
47,2021-01-05 00:00:00,9.15,9.25,9.3,9.05
48,2021-01-08 00:00:00,9.05,9.3,9.4,9.0
49,2021-02-11 00:00:00,8.65,8.45,8.85,8.35
50,2021-03-16 00:00:00,8.7,8.9,9.1,8.65
51,2021-03-18 00:00:00,7.9,8.2,8.35,7.9
52,2021-04-23 00:00:00,7.3,7.35,7.6,7.3
53,2021-04-09 00:00:00,8.1,8.05,8.4,7.95
54,2021-04-05 00:00:00,8.45,8.45,8.7,8.05
55,2021-05-28 00:00:00,11.1,10.7,11.55,10.5
56,2021-06-10 00:00:00,11.35,11.3,11.65,10.8
57,2021-07-14 00:00:00,14.15,13.9,14.45,13.8
58,2021-07-27 00:00:00,12.0,12.05,12.7,11.85
59,2021-08-16 00:00:00,9.75,10.4,10.4,9.7
60,2021-09-07 00:00:00,9.65,9.8,9.95,9.6
61,2021-03-31 00:00:00,8.05,7.55,8.05,7.55
62,2021-04-06 00:00:00,8.2,8.55,8.55,8.2
63,2021-05-03 00:00:00,7.7,7.65,7.8,7.55
64,2021-06-07 00:00:00,10.95,10.55,10.95,10.45
65,2021-08-10 00:00:00,9.4,9.8,10.0,9.4
66,2021-09-03 00:00:00,9.9,10.05,10.15,9.85
67,2021-09-17 00:00:00,10.15,10.15,10.25,9.65
68,2021-04-19 00:00:00,7.4,7.45,7.6,7.3
69,2021-04-29 00:00:00,7.7,7.9,8.1,7.65
70,2021-05-26 00:00:00,10.3,9.5,10.3,9.4
71,2021-05-10 00:00:00,8.1,7.7,8.45,7.7
72,2021-06-25 00:00:00,12.6,12.35,13.15,12.35
73,2021-07-05 00:00:00,15.45,15.45,15.45,15.45
74,2021-05-12 00:00:00,8.35,8.2,8.75,8.2
75,2021-09-01 00:00:00,9.95,10.05,10.1,9.75
76,2021-05-27 00:00:00,10.5,11.0,11.15,10.35
77,2021-07-12 00:00:00,14.3,14.8,14.85,14.25
78,2021-07-29 00:00:00,11.4,11.5,11.7,11.35
79,2021-08-27 00:00:00,9.55,9.5,9.7,9.5
80,2021-04-16 00:00:00,7.8,7.5,7.9,7.5
81,2021-04-27 00:00:00,7.6,7.4,7.7,7.4
82,2021-05-24 00:00:00,9.65,9.6,9.9,9.6
83,2021-06-15 00:00:00,11.35,10.85,11.35,10.8
84,2021-06-28 00:00:00,12.2,12.8,12.85,12.1
85,2021-06-29 00:00:00,12.8,12.25,12.8,12.1
86,2021-07-13 00:00:00,13.8,14.5,14.5,13.75
87,2021-07-19 00:00:00,13.0,12.8,13.45,12.75
88,2021-08-18 00:00:00,9.2,9.7,9.75,9.2
89,2021-08-24 00:00:00,9.65,9.4,9.75,9.25
90,2021-09-13 00:00:00,9.95,9.55,9.95,9.3
91,2021-09-16 00:00:00,10.05,10.25,10.35,9.9
92,2021-03-26 00:00:00,7.4,7.5,7.75,7.35
93,2021-04-07 00:00:00,8.05,8.25,8.3,7.95
94,2021-04-08 00:00:00,8.05,8.05,8.4,8.0
95,2021-03-25 00:00:00,7.5,7.7,7.8,7.45
96,2021-03-23 00:00:00,8.0,8.2,8.35,7.85
97,2021-06-22 00:00:00,14.35,14.35,14.35,14.1
98,2021-04-22 00:00:00,7.4,7.35,7.5,7.25
99,2021-05-20 00:00:00,9.15,8.75,9.55,8.65
100,2021-07-01 00:00:00,14.05,14.05,14.05,13.5
101,2021-07-02 00:00:00,14.75,14.7,14.75,14.35
102,2021-08-17 00:00:00,9.65,9.8,10.15,9.5
103,2021-07-22 00:00:00,12.6,12.5,13.0,12.5
104,2021-08-25 00:00:00,9.65,9.75,9.95,9.55
105,2021-09-08 00:00:00,9.6,9.7,9.8,9.55
106,2021-09-20 00:00:00,9.85,10.05,10.15,9.8
107,2021-05-07 00:00:00,7.7,7.65,7.9,7.55
108,2021-06-18 00:00:00,13.05,13.05,13.05,11.85
109,2021-07-08 00:00:00,14.7,13.9,14.75,13.9
110,2021-08-02 00:00:00,11.5,11.9,11.95,11.45
111,2021-08-11 00:00:00,9.25,9.35,9.45,8.95
112,2021-08-20 00:00:00,9.65,9.1,9.65,9.1
113,2021-04-12 00:00:00,7.55,8.0,8.0,7.5
114,2021-04-13 00:00:00,7.7,7.6,7.8,7.55
115,2021-05-17 00:00:00,9.5,8.8,9.5,8.7
116,2021-06-01 00:00:00,10.4,10.9,11.15,10.4
117,2021-06-04 00:00:00,10.45,10.75,10.8,10.35
118,2021-07-09 00:00:00,14.55,14.55,15.1,14.25
119,2021-08-05 00:00:00,10.1,10.4,10.45,9.95
120,2021-08-23 00:00:00,9.3,10.0,10.1,9.25
121,2021-09-15 00:00:00,10.2,10.45,10.45,10.1
122,2021-03-19 00:00:00,7.65,7.8,7.9,7.55
123,2021-03-17 00:00:00,8.3,8.75,8.8,8.3
124,2021-03-24 00:00:00,7.8,7.95,8.0,7.75
125,2021-03-30 00:00:00,7.7,7.45,7.75,7.35
126,2021-03-22 00:00:00,8.0,7.65,8.0,7.6
127,2021-05-31 00:00:00,10.9,11.2,11.35,10.8
128,2021-07-15 00:00:00,13.55,14.25,14.25,13.5
129,2021-07-26 00:00:00,12.15,12.2,12.3,12.0
130,2021-08-13 00:00:00,10.15,10.15,10.15,9.8
131,2021-09-02 00:00:00,10.0,10.1,10.15,9.95
132,2021-09-06 00:00:00,9.75,9.95,10.0,9.7
133,2021-04-15 00:00:00,7.45,7.55,7.7,7.3
134,2021-04-26 00:00:00,7.4,7.4,7.55,7.3
135,2021-04-30 00:00:00,7.65,7.65,7.9,7.6
136,2021-05-04 00:00:00,7.65,7.7,7.9,7.6
137,2021-06-21 00:00:00,13.7,13.0,13.7,12.55
138,2021-06-24 00:00:00,13.0,13.1,13.15,13.0
139,2021-07-20 00:00:00,12.4,13.0,13.2,12.35
140,2021-05-05 00:00:00,7.6,7.65,7.75,7.6
141,2021-05-18 00:00:00,8.9,9.95,9.95,8.85
142,2021-04-01 00:00:00,8.45,8.4,8.45,8.3
143,2021-05-25 00:00:00,9.4,9.75,9.8,9.35
144,2021-06-08 00:00:00,10.85,10.95,11.15,10.5
145,2021-06-03 00:00:00,10.65,10.4,10.75,10.35
146,2021-06-09 00:00:00,11.15,10.9,11.35,10.9
147,2021-06-17 00:00:00,12.45,12.2,12.45,11.95
148,2021-07-06 00:00:00,14.7,16.2,16.2,14.7
149,2021-08-06 00:00:00,10.1,10.1,10.5,9.85
150,2021-08-09 00:00:00,9.85,10.2,10.35,9.8
151,2021-09-09 00:00:00,9.5,9.6,9.7,9.4
152,2021-09-21 00:00:00,9.75,9.95,10.0,9.6
153,2021-04-20 00:00:00,7.4,7.5,7.6,7.35
154,2021-04-28 00:00:00,7.85,7.7,8.05,7.55
155,2021-05-06 00:00:00,7.6,7.6,7.7,7.5
156,2021-05-21 00:00:00,9.55,9.25,9.75,9.15
157,2021-06-11 00:00:00,11.0,11.6,11.7,10.9
158,2021-06-14 00:00:00,10.85,11.1,11.15,10.45
159,2021-06-16 00:00:00,11.9,11.45,11.9,11.35
160,2021-07-07 00:00:00,14.05,14.0,14.65,14.0
161,2021-07-23 00:00:00,12.1,12.8,12.9,12.0
162,2021-08-04 00:00:00,10.45,10.9,11.45,10.45
163,2021-08-26 00:00:00,9.6,9.7,9.75,9.5
164,2021-05-11 00:00:00,8.2,8.0,8.45,7.85
165,2021-05-19 00:00:00,8.7,8.85,9.0,8.6
166,2021-06-02 00:00:00,10.25,10.1,10.45,10.05
167,2021-06-23 00:00:00,13.65,14.9,14.9,13.65
168,2021-07-16 00:00:00,13.05,13.65,13.75,12.9
169,2021-07-28 00:00:00,11.45,12.1,12.15,11.4
170,2021-07-30 00:00:00,11.65,11.35,11.95,11.35
171,2021-08-31 00:00:00,9.95,10.0,10.25,9.55
172,2021-09-14 00:00:00,10.25,10.1,10.4,10.05
173,2021-05-14 00:00:00,8.65,8.8,9.0,8.5
174,2021-06-30 00:00:00,13.4,13.4,13.4,13.2
175,2021-08-03 00:00:00,10.95,11.6,11.6,10.95
176,2021-08-12 00:00:00,9.7,9.3,9.7,9.3
177,2021-08-30 00:00:00,10.0,9.65,10.0,9.55
178,2021-10-28 00:00:00,9.4,9.75,9.75,9.3
179,2021-09-30 00:00:00,9.65,9.65,9.8,9.6
180,2021-11-04 00:00:00,9.5,9.3,9.5,9.25
181,2021-11-08 00:00:00,9.55,9.6,9.7,9.45
182,2021-10-07 00:00:00,9.9,9.7,10.35,9.65
183,2021-09-23 00:00:00,9.6,9.8,9.9,9.45
184,2021-10-20 00:00:00,10.4,11.0,11.1,10.35
185,2021-11-23 00:00:00,9.55,9.4,9.65,9.25
186,2021-10-22 00:00:00,10.35,10.9,11.1,10.25
187,2021-11-30 00:00:00,10.55,10.85,11.2,10.35
188,2021-12-10 00:00:00,17.4,16.65,17.8,15.9
189,2021-12-27 00:00:00,16.05,16.0,16.05,15.7
190,2021-12-24 00:00:00,15.3,14.25,15.3,14.25
191,2022-01-17 00:00:00,16.4,15.65,16.4,15.6
192,2022-02-21 00:00:00,16.05,17.3,17.45,15.85
193,2022-03-07 00:00:00,14.45,14.75,15.05,14.25
194,2022-05-02 00:00:00,15.4,15.4,15.75,15.15
195,2022-05-17 00:00:00,14.8,14.1,14.85,14.05
196,2022-04-13 00:00:00,17.55,17.85,17.95,17.45
197,2022-04-27 00:00:00,18.65,18.4,19.5,18.1
198,2022-05-31 00:00:00,13.85,13.7,14.45,13.7
199,2022-06-03 00:00:00,13.1,13.65,13.65,13.0
200,2022-05-06 00:00:00,14.6,14.5,14.8,13.9
201,2022-05-23 00:00:00,14.05,14.55,14.55,14.0
202,2022-07-13 00:00:00,12.25,12.65,12.75,12.1
203,2022-08-04 00:00:00,12.8,13.1,13.15,12.75
204,2022-06-17 00:00:00,11.3,11.5,11.85,11.05
205,2022-06-21 00:00:00,11.5,10.85,11.65,10.75
206,2022-08-12 00:00:00,12.3,12.3,12.5,12.25
207,2022-09-02 00:00:00,14.15,15.0,15.3,14.05
208,2022-06-22 00:00:00,12.15,11.35,13.05,11.15
209,2022-08-30 00:00:00,12.9,12.8,13.1,12.75
210,2022-09-06 00:00:00,13.95,14.4,14.85,13.65
211,2022-09-13 00:00:00,13.8,13.9,14.3,13.65
212,2022-09-23 00:00:00,12.85,13.45,13.5,12.8
213,2022-09-14 00:00:00,13.5,13.6,13.75,13.3
214,2022-10-18 00:00:00,14.0,14.2,14.35,13.9
215,2022-12-09 00:00:00,20.05,21.35,21.8,19.4
216,2023-01-16 00:00:00,19.05,19.35,19.6,19.0
217,2023-01-17 00:00:00,19.85,19.1,20.05,18.8
218,2023-01-18 00:00:00,20.7,19.95,21.2,19.7
219,2023-02-10 00:00:00,15.1,15.05,15.65,15.0
220,2023-02-17 00:00:00,14.75,14.85,15.0,14.65
221,2023-03-09 00:00:00,15.35,15.2,16.1,15.2
222,2023-03-16 00:00:00,14.85,14.8,15.05,14.5
223,2022-11-16 00:00:00,15.55,14.2,16.2,14.1
224,2022-12-12 00:00:00,21.3,19.8,21.5,19.8
225,2022-12-30 00:00:00,20.1,20.0,20.45,19.7
226,2023-02-23 00:00:00,13.8,14.2,14.25,13.6
227,2023-03-10 00:00:00,15.65,15.1,16.2,15.05
228,2023-03-20 00:00:00,14.5,14.7,14.8,14.3
229,2021-12-06 00:00:00,12.95,12.15,12.95,11.95
230,2021-12-28 00:00:00,16.85,16.85,16.85,16.85
231,2022-01-27 00:00:00,14.9,14.0,14.9,13.95
232,2022-02-22 00:00:00,16.35,15.25,16.7,15.2
233,2022-03-31 00:00:00,15.7,16.3,16.3,15.6
234,2022-04-25 00:00:00,17.5,17.65,18.4,17.35
235,2022-06-01 00:00:00,13.6,13.9,14.15,13.4
236,2022-06-16 00:00:00,11.7,12.5,13.05,11.6
237,2022-07-05 00:00:00,12.0,12.1,12.4,11.95
238,2022-08-18 00:00:00,12.55,12.6,12.75,12.5
239,2022-08-23 00:00:00,12.3,12.5,12.6,12.15
240,2022-09-26 00:00:00,12.2,12.8,12.8,12.0
241,2022-11-04 00:00:00,14.75,14.0,15.05,13.85
242,2022-11-11 00:00:00,14.65,15.1,15.25,14.6
243,2022-11-22 00:00:00,16.1,17.15,17.35,15.6
244,2022-11-30 00:00:00,17.45,17.2,17.75,17.1
245,2022-12-05 00:00:00,19.2,18.75,19.6,18.5
246,2023-01-06 00:00:00,20.85,21.3,21.5,20.55
247,2023-01-13 00:00:00,19.25,19.15,19.5,18.75
248,2023-01-20 00:00:00,19.75,20.4,20.6,19.6
249,2023-01-31 00:00:00,19.1,18.25,19.3,18.0
250,2021-11-11 00:00:00,9.75,9.8,9.95,9.65
251,2022-01-03 00:00:00,17.0,16.9,17.45,16.8
252,2022-01-05 00:00:00,16.55,16.1,16.75,15.8
253,2022-01-31 00:00:00,14.95,15.8,15.9,14.85
254,2022-02-04 00:00:00,17.0,16.45,17.0,16.1
255,2022-05-04 00:00:00,14.9,15.7,15.7,14.5
256,2022-06-14 00:00:00,12.15,12.25,12.5,12.1
257,2022-07-22 00:00:00,12.6,12.65,12.9,12.5
258,2022-08-24 00:00:00,12.35,12.35,12.55,12.3
259,2022-10-13 00:00:00,14.25,14.5,14.6,14.1
260,2022-12-19 00:00:00,21.35,20.5,21.65,20.4
261,2023-01-02 00:00:00,21.05,20.35,21.3,19.9
262,2023-01-04 00:00:00,20.55,21.4,21.5,20.35
263,2023-03-27 00:00:00,13.4,13.6,13.95,13.25
264,2021-10-27 00:00:00,9.75,9.85,9.9,9.7
265,2021-11-16 00:00:00,10.05,10.25,10.25,10.0
266,2021-11-26 00:00:00,11.1,10.15,11.35,9.85
267,2021-11-29 00:00:00,10.75,11.3,11.7,10.5
268,2021-12-08 00:00:00,15.6,13.2,15.6,13.2
269,2021-12-22 00:00:00,15.35,15.15,15.65,15.0
270,2022-04-05 00:00:00,19.1,17.3,19.75,17.05
271,2022-05-05 00:00:00,14.75,15.05,15.3,14.65
272,2022-05-16 00:00:00,13.85,13.9,14.1,13.5
273,2022-06-24 00:00:00,12.7,12.8,13.15,12.5
274,2022-06-28 00:00:00,12.5,12.45,12.65,12.25
275,2022-06-30 00:00:00,12.1,12.25,12.5,12.0
276,2022-07-11 00:00:00,12.5,12.3,12.7,12.25
277,2022-07-21 00:00:00,12.65,12.65,13.05,12.5
278,2022-08-11 00:00:00,12.3,12.3,12.5,12.2
279,2022-10-21 00:00:00,13.6,14.05,14.2,13.55
280,2022-10-27 00:00:00,13.75,14.0,14.1,13.7
281,2022-11-02 00:00:00,13.9,13.9,14.2,13.85
282,2022-11-10 00:00:00,14.7,15.05,15.3,14.5
283,2023-01-09 00:00:00,20.85,21.05,21.25,20.6
284,2023-01-19 00:00:00,20.4,20.6,20.95,20.2
285,2023-04-06 00:00:00,14.9,14.6,15.25,14.6
286,2021-09-24 00:00:00,9.65,9.7,9.8,9.6
287,2021-09-29 00:00:00,9.7,9.4,9.95,9.4
288,2021-12-13 00:00:00,18.45,18.5,18.8,17.4
289,2021-12-16 00:00:00,15.95,16.5,17.1,15.0
290,2022-02-07 00:00:00,17.1,17.4,18.15,16.8
291,2022-02-08 00:00:00,16.25,17.1,17.1,16.1
292,2022-02-17 00:00:00,17.55,18.55,18.8,17.4
293,2022-04-01 00:00:00,16.8,15.7,17.15,15.55
294,2022-04-28 00:00:00,17.05,18.7,18.9,16.9
295,2022-05-25 00:00:00,13.35,13.85,14.0,13.3
296,2022-05-27 00:00:00,13.25,13.45,13.65,13.2
297,2022-05-30 00:00:00,13.75,13.5,13.95,13.45
298,2022-06-09 00:00:00,12.95,12.9,13.15,12.85
299,2022-07-01 00:00:00,12.1,12.1,12.2,11.8
300,2022-11-01 00:00:00,13.9,14.15,14.25,13.8
301,2022-11-23 00:00:00,16.8,16.1,17.05,15.7
302,2022-12-06 00:00:00,18.8,19.2,19.5,18.6
303,2022-12-07 00:00:00,19.35,18.8,19.9,18.55
304,2022-12-21 00:00:00,19.0,22.25,22.5,18.6
305,2023-02-06 00:00:00,15.8,14.75,16.4,14.55
306,2023-02-28 00:00:00,14.0,13.9,14.15,13.65
307,2023-03-14 00:00:00,14.95,14.4,15.4,13.9
308,2021-10-21 00:00:00,10.8,10.55,11.4,10.45
309,2021-10-13 00:00:00,10.6,10.45,11.0,10.4
310,2021-12-09 00:00:00,15.7,16.15,16.35,14.85
311,2022-01-12 00:00:00,15.0,15.25,15.5,14.9
312,2022-01-20 00:00:00,15.6,15.9,16.0,15.55
313,2022-01-25 00:00:00,14.2,14.15,14.6,13.75
314,2022-02-24 00:00:00,14.0,15.05,15.35,13.85
315,2022-04-08 00:00:00,18.35,18.15,19.1,18.05
316,2022-04-19 00:00:00,16.75,17.05,17.95,16.35
317,2022-04-26 00:00:00,18.3,17.8,18.65,17.4
318,2022-06-29 00:00:00,12.25,12.4,12.6,12.1
319,2022-07-12 00:00:00,12.6,12.35,13.05,12.35
320,2022-07-29 00:00:00,13.4,12.35,14.4,12.3
321,2022-08-08 00:00:00,12.35,12.3,12.65,12.05
322,2022-08-19 00:00:00,12.6,12.6,13.05,12.55
323,2022-10-28 00:00:00,13.5,13.8,13.85,13.4
324,2022-11-03 00:00:00,13.9,13.9,14.05,13.8
325,2022-11-29 00:00:00,17.2,17.5,17.9,17.05
326,2022-12-23 00:00:00,16.75,18.0,19.1,16.5
327,2022-12-26 00:00:00,18.55,17.0,18.75,17.0
328,2023-01-05 00:00:00,21.1,20.7,21.35,20.35
329,2023-01-12 00:00:00,19.15,20.0,20.15,18.9
330,2023-02-01 00:00:00,18.25,19.25,19.9,17.75
331,2023-02-22 00:00:00,14.2,14.1,14.5,14.1
332,2021-10-04 00:00:00,9.8,9.6,10.0,9.55
333,2021-10-11 00:00:00,10.55,11.25,11.35,10.45
334,2021-10-08 00:00:00,10.85,10.05,10.85,9.8
335,2021-10-19 00:00:00,10.95,11.7,12.25,10.9
336,2021-10-26 00:00:00,9.8,9.75,10.3,9.7
337,2021-11-24 00:00:00,9.6,9.65,9.75,9.55
338,2021-12-29 00:00:00,17.65,17.65,17.65,16.4
339,2022-02-01 00:00:00,15.65,14.95,15.65,14.85
340,2022-02-10 00:00:00,16.35,16.7,16.7,16.25
341,2022-02-16 00:00:00,18.3,18.3,19.9,18.05
342,2022-03-11 00:00:00,15.75,15.3,15.95,15.2
343,2022-03-15 00:00:00,14.9,15.65,15.7,14.8
344,2022-03-21 00:00:00,16.4,16.95,17.2,16.3
345,2022-03-30 00:00:00,16.1,16.25,16.65,16.0
346,2022-04-21 00:00:00,17.0,16.9,17.45,16.75
347,2022-05-19 00:00:00,14.05,14.35,14.55,13.8
348,2022-06-02 00:00:00,13.45,13.75,14.15,13.3
349,2022-06-08 00:00:00,12.9,12.95,13.25,12.85
350,2022-06-13 00:00:00,12.25,12.5,12.6,12.15
351,2022-06-20 00:00:00,10.65,11.35,11.45,10.55
352,2022-07-07 00:00:00,12.1,12.05,12.4,12.0
353,2022-07-14 00:00:00,11.95,12.25,12.4,11.85
354,2022-07-26 00:00:00,12.3,12.55,12.6,12.25
355,2022-08-22 00:00:00,12.55,12.65,13.0,12.55
356,2022-09-16 00:00:00,13.0,13.2,13.4,12.65
357,2022-09-28 00:00:00,13.65,14.3,14.85,13.55
358,2022-10-12 00:00:00,14.5,15.3,15.4,14.2
359,2022-11-15 00:00:00,14.2,14.5,14.55,14.0
360,2022-12-15 00:00:00,21.1,21.5,22.25,20.8
361,2022-12-16 00:00:00,20.3,21.05,21.55,20.05
362,2022-12-20 00:00:00,21.95,21.35,22.7,21.1
363,2023-01-10 00:00:00,19.8,20.75,20.85,19.7
364,2023-02-09 00:00:00,15.15,15.4,15.5,15.1
365,2023-03-08 00:00:00,15.1,14.65,15.55,14.55
366,2023-03-22 00:00:00,14.4,14.35,14.65,14.35
367,2023-03-28 00:00:00,12.75,13.3,13.55,12.6
368,2021-10-06 00:00:00,9.6,9.65,9.8,9.55
369,2021-11-09 00:00:00,9.8,9.6,10.0,9.45
370,2021-11-15 00:00:00,10.05,10.45,10.45,9.75
371,2021-12-14 00:00:00,17.1,18.5,18.55,16.85
372,2021-11-18 00:00:00,9.65,10.05,10.1,9.5
373,2021-12-20 00:00:00,14.3,14.4,14.6,13.7
374,2021-11-25 00:00:00,10.35,9.65,10.55,9.55
375,2021-12-31 00:00:00,16.65,17.0,17.25,16.45
376,2022-01-21 00:00:00,15.2,15.5,15.75,15.0
377,2021-12-17 00:00:00,14.75,15.95,15.95,14.65
378,2022-03-04 00:00:00,15.15,15.3,15.6,15.05
379,2021-12-21 00:00:00,14.95,14.6,15.0,14.45
380,2022-03-10 00:00:00,15.4,16.0,16.1,15.25
381,2022-01-06 00:00:00,16.9,16.2,17.25,15.95
382,2022-03-28 00:00:00,16.1,16.75,16.8,16.0
383,2022-01-07 00:00:00,16.6,17.25,17.35,16.45
384,2022-04-18 00:00:00,16.8,17.25,17.85,16.7
385,2022-01-18 00:00:00,15.8,17.0,17.15,15.7
386,2022-06-15 00:00:00,12.4,12.25,12.55,12.25
387,2022-07-15 00:00:00,12.05,12.1,12.15,11.9
388,2022-01-19 00:00:00,15.75,15.85,16.1,15.4
389,2022-02-03 00:00:00,16.2,15.95,16.5,15.45
390,2022-09-07 00:00:00,14.35,13.85,14.9,13.85
391,2022-02-14 00:00:00,17.9,18.3,20.05,17.55
392,2022-09-09 00:00:00,13.6,14.1,14.15,13.5
393,2022-11-09 00:00:00,15.15,14.8,15.5,14.7
394,2022-03-22 00:00:00,16.5,16.45,16.8,16.25
395,2022-04-20 00:00:00,16.7,16.75,17.15,16.5
396,2022-05-24 00:00:00,13.8,14.05,14.25,13.75
397,2022-11-18 00:00:00,17.7,17.25,18.05,17.05
398,2022-06-10 00:00:00,12.8,12.85,13.0,12.7
399,2022-06-23 00:00:00,12.5,12.2,13.05,12.2
400,2022-11-25 00:00:00,16.65,17.0,17.15,16.4
401,2022-11-28 00:00:00,17.4,16.8,17.95,16.7
402,2023-02-02 00:00:00,18.4,18.1,19.05,18.05
403,2022-07-27 00:00:00,12.2,12.3,12.45,12.0
404,2023-02-14 00:00:00,14.25,14.8,14.85,14.1
405,2023-03-31 00:00:00,13.7,14.1,14.3,13.55
406,2022-09-01 00:00:00,14.85,12.75,15.1,12.75
407,2022-09-12 00:00:00,13.8,13.7,14.1,13.65
408,2023-04-10 00:00:00,14.5,14.85,15.05,14.45
409,2022-09-19 00:00:00,12.7,13.0,13.2,12.65
410,2022-09-27 00:00:00,14.6,13.0,14.6,12.85
411,2022-10-03 00:00:00,13.1,13.6,13.95,12.9
412,2022-10-25 00:00:00,14.0,13.9,14.2,13.75
413,2023-02-24 00:00:00,14.05,13.85,14.6,13.85
414,2023-03-02 00:00:00,14.2,14.4,14.7,14.1
415,2021-10-12 00:00:00,10.35,10.5,10.85,10.15
416,2021-10-18 00:00:00,11.6,10.7,11.7,10.6
417,2021-11-17 00:00:00,9.95,10.0,10.3,9.9
418,2021-12-23 00:00:00,14.6,15.45,15.5,14.6
419,2022-03-25 00:00:00,16.65,16.9,17.45,16.55
420,2022-08-17 00:00:00,12.6,12.7,13.0,12.5
421,2022-08-25 00:00:00,12.9,12.4,13.8,12.4
422,2022-10-10 00:00:00,15.05,14.9,15.35,14.7
423,2022-11-17 00:00:00,16.75,15.7,17.1,15.25
424,2022-11-21 00:00:00,17.0,17.7,18.3,16.8
425,2022-12-08 00:00:00,21.05,19.7,21.3,19.4
426,2023-01-23 00:00:00,19.95,19.85,20.8,19.35
427,2023-01-24 00:00:00,19.6,20.05,20.15,19.4
428,2023-01-30 00:00:00,18.1,18.05,18.6,17.6
429,2023-02-03 00:00:00,14.9,17.45,17.45,14.75
430,2023-02-20 00:00:00,14.4,14.7,14.75,14.25
431,2023-03-13 00:00:00,14.35,15.65,15.75,14.25
432,2023-03-17 00:00:00,14.8,14.95,15.25,14.7
433,2023-03-29 00:00:00,13.9,12.8,14.1,12.8
434,2023-04-03 00:00:00,14.75,13.8,14.85,13.65
435,2021-10-25 00:00:00,9.8,10.5,10.55,9.75
436,2021-10-29 00:00:00,9.4,9.4,9.5,9.15
437,2021-11-03 00:00:00,9.2,9.45,9.55,9.0
438,2021-11-10 00:00:00,9.8,9.9,10.15,9.75
439,2021-11-22 00:00:00,9.45,9.7,9.85,9.4
440,2021-12-02 00:00:00,10.75,10.8,11.2,10.45
441,2021-12-07 00:00:00,13.0,13.65,13.85,12.25
442,2021-12-15 00:00:00,16.35,17.15,17.5,16.25
443,2022-01-24 00:00:00,14.45,15.0,15.35,14.45
444,2022-01-28 00:00:00,15.55,15.6,15.6,15.35
445,2022-02-11 00:00:00,19.0,16.1,19.35,15.95
446,2022-02-15 00:00:00,18.1,18.3,18.75,17.3
447,2022-02-28 00:00:00,15.7,15.2,15.95,14.8
448,2022-03-24 00:00:00,16.7,16.0,17.2,15.85
449,2022-04-06 00:00:00,18.8,18.95,19.6,18.55
450,2022-04-22 00:00:00,18.05,16.8,18.3,16.7
451,2022-05-10 00:00:00,13.1,14.2,14.55,12.7
452,2022-05-12 00:00:00,12.9,13.1,13.2,12.6
453,2022-05-13 00:00:00,13.65,13.4,14.25,13.25
454,2022-05-26 00:00:00,13.15,13.35,13.6,12.25
455,2022-07-08 00:00:00,12.4,12.25,12.55,12.2
456,2022-07-18 00:00:00,12.2,12.15,12.3,12.1
457,2022-07-28 00:00:00,12.2,12.35,12.4,12.15
458,2022-08-16 00:00:00,12.65,12.4,12.9,12.3
459,2022-08-29 00:00:00,12.65,12.65,12.85,12.5
460,2022-09-15 00:00:00,13.25,13.6,13.65,13.25
461,2022-09-20 00:00:00,12.85,12.85,13.0,12.75
462,2022-09-22 00:00:00,13.35,12.75,13.75,12.7
463,2022-10-19 00:00:00,13.9,14.1,14.3,13.8
464,2022-12-27 00:00:00,19.15,18.9,19.55,18.0
465,2022-12-29 00:00:00,19.6,18.75,20.25,18.6
466,2023-01-11 00:00:00,19.95,19.95,20.35,19.75
467,2023-03-01 00:00:00,14.35,14.0,14.6,13.7
468,2023-03-03 00:00:00,14.95,14.3,15.4,14.2
469,2023-03-24 00:00:00,13.95,14.3,14.4,13.9
470,2023-04-05 00:00:00,14.8,14.7,14.95,14.45
471,2021-11-01 00:00:00,9.5,9.55,9.75,9.4
472,2022-02-02 00:00:00,15.75,16.1,16.3,15.65
473,2021-09-22 00:00:00,9.7,9.8,10.0,9.65
474,2021-11-02 00:00:00,9.4,9.6,9.75,9.35
475,2021-12-03 00:00:00,11.8,10.75,11.8,10.75
476,2022-01-04 00:00:00,16.15,17.1,17.35,16.15
477,2022-01-14 00:00:00,15.65,15.45,16.0,15.3
478,2022-02-23 00:00:00,15.95,16.5,16.85,15.85
479,2022-02-25 00:00:00,15.45,14.85,15.6,14.7
480,2022-03-08 00:00:00,14.85,14.4,14.95,14.3
481,2022-03-14 00:00:00,15.45,15.7,15.85,15.4
482,2022-03-17 00:00:00,16.7,15.25,17.2,15.1
483,2022-06-27 00:00:00,12.5,12.95,13.15,12.4
484,2022-07-25 00:00:00,12.55,12.55,12.65,12.25
485,2022-08-03 00:00:00,13.0,13.3,13.4,12.85
486,2022-08-10 00:00:00,12.15,12.3,12.55,12.1
487,2022-09-05 00:00:00,14.25,14.25,15.0,14.1
488,2022-10-24 00:00:00,13.85,13.75,13.95,13.7
489,2022-12-01 00:00:00,17.05,17.55,17.6,16.85
490,2022-12-13 00:00:00,20.75,21.45,21.5,20.65
491,2022-12-14 00:00:00,21.65,20.9,22.25,20.05
492,2023-02-15 00:00:00,15.05,14.2,15.2,14.1
493,2021-09-28 00:00:00,9.5,9.8,9.8,9.4
494,2022-02-18 00:00:00,17.3,17.3,18.2,17.15
495,2022-03-03 00:00:00,15.55,15.95,16.15,15.5
496,2022-03-23 00:00:00,16.0,16.6,16.8,15.85
497,2022-04-11 00:00:00,18.2,18.35,19.05,18.15
498,2022-04-12 00:00:00,17.65,18.15,18.35,17.4
499,2022-05-09 00:00:00,14.2,14.4,14.7,14.0
500,2022-06-06 00:00:00,13.05,13.2,13.45,12.95
501,2022-07-04 00:00:00,12.05,12.25,12.25,12.0
502,2022-07-06 00:00:00,11.9,12.0,12.2,11.8
503,2022-07-20 00:00:00,12.7,12.25,12.9,12.25
504,2022-08-02 00:00:00,13.1,13.05,13.5,12.9
505,2022-08-26 00:00:00,12.9,13.05,13.35,12.7
506,2022-09-08 00:00:00,14.05,14.45,14.7,13.95
507,2022-09-21 00:00:00,12.8,12.85,13.0,12.65
508,2022-09-30 00:00:00,13.75,13.55,13.95,13.2
509,2022-10-04 00:00:00,13.35,13.3,13.5,13.1
510,2022-10-06 00:00:00,14.7,13.45,14.9,13.35
511,2022-10-14 00:00:00,13.95,14.5,14.8,13.85
512,2022-10-17 00:00:00,14.0,14.0,14.15,13.6
513,2022-10-20 00:00:00,13.9,13.9,14.15,13.7
514,2022-10-31 00:00:00,14.1,13.6,14.45,13.6
515,2022-12-22 00:00:00,18.3,19.5,19.65,17.8
516,2023-01-03 00:00:00,21.45,21.35,21.65,20.9
517,2023-02-07 00:00:00,15.2,15.95,16.0,15.05
518,2023-02-16 00:00:00,14.9,15.05,15.4,14.8
519,2023-03-06 00:00:00,14.75,15.0,15.3,14.65
520,2023-03-15 00:00:00,14.9,15.55,15.65,14.55
521,2021-09-27 00:00:00,9.75,9.75,9.95,9.7
522,2021-10-05 00:00:00,9.65,9.75,9.9,9.6
523,2021-10-14 00:00:00,10.65,10.7,10.85,10.55
524,2021-11-12 00:00:00,9.85,10.3,10.4,9.7
525,2021-12-01 00:00:00,10.75,10.65,11.05,10.35
526,2021-12-30 00:00:00,16.8,17.7,18.1,16.8
527,2022-01-13 00:00:00,15.5,15.0,15.75,15.0
528,2022-02-09 00:00:00,16.6,16.4,16.85,16.35
529,2022-04-04 00:00:00,17.1,17.3,17.45,16.7
530,2022-04-07 00:00:00,18.0,18.8,19.2,17.6
531,2022-05-11 00:00:00,13.25,13.25,13.55,12.35
532,2022-05-18 00:00:00,14.8,14.75,15.1,14.6
533,2022-05-20 00:00:00,14.3,14.35,14.5,14.1
534,2022-07-19 00:00:00,12.15,12.2,12.5,12.1
535,2022-08-01 00:00:00,13.05,13.35,13.6,12.95
536,2022-09-29 00:00:00,13.5,14.0,14.25,13.3
537,2022-10-07 00:00:00,15.15,14.8,15.65,14.5
538,2022-12-28 00:00:00,18.75,18.9,19.3,18.5
539,2023-02-13 00:00:00,14.7,15.15,15.2,14.65
540,2023-02-21 00:00:00,14.35,14.35,14.7,14.2
541,2023-03-21 00:00:00,14.35,14.6,14.75,14.25
542,2023-03-23 00:00:00,14.25,14.3,14.75,14.2
543,2021-10-01 00:00:00,9.55,9.6,9.7,9.5
544,2022-01-10 00:00:00,16.45,16.65,16.95,16.4
545,2022-01-11 00:00:00,15.65,16.25,16.3,15.65
546,2022-03-02 00:00:00,15.6,15.65,15.95,15.45
547,2022-03-09 00:00:00,15.45,15.0,15.55,14.9
548,2022-03-16 00:00:00,14.95,15.25,15.3,14.9
549,2022-03-29 00:00:00,16.0,16.3,16.45,15.85
550,2022-04-29 00:00:00,15.85,17.3,17.4,15.7
551,2022-06-07 00:00:00,12.95,13.0,13.25,12.85
552,2022-08-05 00:00:00,12.3,12.65,12.8,12.25
553,2022-10-11 00:00:00,15.2,15.15,16.3,14.9
554,2022-11-07 00:00:00,14.65,14.9,14.95,14.55
555,2022-11-14 00:00:00,14.45,14.8,14.9,14.35
556,2022-11-24 00:00:00,16.9,16.9,17.5,16.65
557,2022-12-02 00:00:00,18.55,17.0,19.35,16.85
558,2023-01-25 00:00:00,18.95,19.55,19.6,18.8
559,2023-01-27 00:00:00,18.1,19.0,19.5,17.15
560,2023-02-08 00:00:00,15.35,15.25,15.75,15.1
561,2023-02-27 00:00:00,13.8,14.0,14.1,13.75
562,2023-04-28 00:00:00,16.2,16.5,16.65,16.15
563,2023-04-12 00:00:00,14.3,14.65,14.75,14.25
564,2023-05-03 00:00:00,15.9,16.35,16.55,15.75
565,2023-04-17 00:00:00,14.6,14.25,14.85,14.1
566,2023-07-04 00:00:00,21.3,20.95,22.2,20.75
567,2023-07-12 00:00:00,20.4,20.6,21.1,20.3
568,2023-07-21 00:00:00,19.4,19.85,20.1,19.35
569,2023-06-13 00:00:00,18.85,19.9,19.9,18.65
570,2023-07-31 00:00:00,19.4,19.4,19.65,19.05
571,2023-05-30 00:00:00,17.85,17.85,18.35,17.7
572,2023-06-23 00:00:00,19.85,20.6,20.8,19.6
573,2023-08-21 00:00:00,24.55,25.2,25.45,24.4
574,2023-04-21 00:00:00,14.55,14.65,14.7,14.2
575,2023-05-09 00:00:00,16.15,16.35,17.0,16.0
576,2023-05-26 00:00:00,17.9,17.5,18.1,17.4
577,2023-07-03 00:00:00,20.95,20.2,21.15,20.15
578,2023-05-15 00:00:00,16.4,16.2,16.45,15.9
579,2023-07-06 00:00:00,20.7,21.0,21.25,20.5
580,2023-06-08 00:00:00,18.35,19.35,19.65,18.25
581,2023-06-15 00:00:00,18.25,18.6,19.25,18.05
582,2023-07-20 00:00:00,19.95,20.4,20.65,19.8
583,2023-07-26 00:00:00,19.35,19.35,20.15,18.55
584,2023-07-27 00:00:00,19.05,19.55,19.65,18.9
585,2023-08-07 00:00:00,20.55,20.7,20.9,20.15
586,2023-08-02 00:00:00,19.5,20.25,20.7,19.25
587,2023-08-11 00:00:00,24.7,23.75,26.45,23.6
588,2023-08-03 00:00:00,20.7,19.5,20.9,19.25
589,2023-08-23 00:00:00,26.95,26.6,27.3,26.6
590,2023-05-18 00:00:00,15.95,16.3,16.5,15.8
591,2023-06-01 00:00:00,18.3,18.1,18.65,18.1
592,2023-07-14 00:00:00,20.6,20.5,20.75,20.25
593,2023-07-19 00:00:00,20.35,20.8,20.85,20.25
594,2023-07-24 00:00:00,20.15,19.75,21.05,19.45
595,2023-08-04 00:00:00,20.55,21.25,21.7,20.3
596,2023-04-19 00:00:00,14.75,14.3,15.4,14.25
597,2023-04-26 00:00:00,16.1,15.5,16.3,15.15
598,2023-05-05 00:00:00,16.4,16.9,17.35,16.3
599,2023-06-05 00:00:00,18.8,18.8,19.25,18.6
600,2023-05-08 00:00:00,16.25,16.55,16.75,16.1
601,2023-04-25 00:00:00,15.4,15.45,16.1,15.3
602,2023-06-16 00:00:00,18.35,18.45,18.8,18.25
603,2023-05-19 00:00:00,17.3,16.4,17.65,16.25
604,2023-06-28 00:00:00,20.2,21.0,21.15,20.1
605,2023-08-18 00:00:00,25.0,25.45,26.2,24.4
606,2023-05-24 00:00:00,17.3,16.9,17.75,16.75
607,2023-06-07 00:00:00,19.2,18.5,19.6,18.45
608,2023-06-19 00:00:00,18.15,18.5,18.6,17.8
609,2023-06-20 00:00:00,18.15,18.25,18.45,17.75
610,2023-07-05 00:00:00,21.0,21.3,21.8,20.8
611,2023-07-18 00:00:00,20.7,21.15,21.4,20.25
612,2023-07-28 00:00:00,19.3,19.1,19.8,18.9
613,2023-05-04 00:00:00,16.8,15.9,17.0,15.9
614,2023-06-06 00:00:00,18.4,18.95,18.95,18.3
615,2023-06-26 00:00:00,21.25,20.0,21.65,19.9
616,2023-08-17 00:00:00,25.8,26.7,26.8,25.25
617,2023-06-14 00:00:00,18.55,18.95,19.2,18.4
618,2023-06-22 00:00:00,21.0,18.35,21.4,18.1
619,2023-06-30 00:00:00,20.05,20.2,20.75,19.9
620,2023-07-11 00:00:00,20.45,20.3,21.0,20.15
621,2023-08-08 00:00:00,20.15,20.55,20.75,19.75
622,2023-08-09 00:00:00,24.15,20.25,24.15,20.15
623,2023-08-22 00:00:00,26.35,24.7,26.6,24.7
624,2023-05-11 00:00:00,16.05,15.95,16.45,15.9
625,2023-04-11 00:00:00,14.6,14.55,14.95,14.35
626,2023-04-24 00:00:00,15.35,14.6,15.4,14.4
627,2023-04-18 00:00:00,14.3,14.65,14.75,14.2
628,2023-04-20 00:00:00,14.6,14.85,14.95,14.55
629,2023-05-31 00:00:00,18.1,17.85,18.55,17.7
630,2023-06-09 00:00:00,19.55,18.5,19.75,17.9
631,2023-06-21 00:00:00,18.35,18.2,19.1,18.2
632,2023-07-13 00:00:00,20.35,20.55,21.6,19.9
633,2023-07-25 00:00:00,19.35,20.3,20.5,19.15
634,2023-08-16 00:00:00,26.6,25.95,27.1,25.8
635,2023-05-12 00:00:00,16.15,16.1,16.35,15.95
636,2023-05-17 00:00:00,16.15,16.4,16.6,16.0
637,2023-05-29 00:00:00,17.8,18.1,18.25,17.75
638,2023-06-27 00:00:00,21.0,21.35,21.35,20.65
639,2023-07-07 00:00:00,20.55,20.65,21.1,20.0
640,2023-07-10 00:00:00,20.15,20.75,20.9,19.9
641,2023-07-17 00:00:00,21.05,20.75,21.45,20.65
642,2023-04-13 00:00:00,14.3,14.35,14.45,14.1
643,2023-04-27 00:00:00,16.35,16.2,16.6,16.0
644,2023-05-02 00:00:00,16.45,16.25,16.85,16.2
645,2023-05-10 00:00:00,15.85,16.2,16.25,15.65
646,2023-05-16 00:00:00,16.3,16.5,16.9,16.25
647,2023-05-22 00:00:00,17.4,17.45,18.25,16.75
648,2023-05-23 00:00:00,16.9,17.5,17.8,16.8
649,2023-05-25 00:00:00,17.35,17.35,17.8,17.1
650,2023-06-02 00:00:00,18.65,18.4,19.1,18.4
651,2023-06-12 00:00:00,19.8,19.75,20.35,19.55
652,2023-08-01 00:00:00,20.35,19.45,20.5,19.4
653,2023-08-10 00:00:00,23.45,23.85,25.2,23.25
654,2023-08-14 00:00:00,25.8,24.9,26.2,24.15
