,time,close,open,high,low
0,2021-02-02 00:00:00,149.0,144.65,151.8,144.65
1,2021-03-12 00:00:00,159.45,166.85,167.0,158.0
2,2021-04-15 00:00:00,131.8,133.7,133.8,129.75
3,2021-05-10 00:00:00,142.45,143.25,145.2,141.5
4,2021-05-12 00:00:00,140.95,142.6,144.5,140.1
5,2021-05-20 00:00:00,140.1,142.2,144.5,139.0
6,2021-05-27 00:00:00,144.05,145.85,147.85,142.35
7,2021-07-09 00:00:00,160.4,152.9,162.9,152.2
8,2021-07-29 00:00:00,215.15,212.45,217.5,210.3
9,2021-08-09 00:00:00,213.65,208.0,220.9,206.65
10,2021-09-01 00:00:00,250.2,256.7,257.0,246.5
11,2021-09-27 00:00:00,268.7,255.9,276.4,255.6
12,2021-12-06 00:00:00,285.25,285.05,295.0,271.35
13,2022-04-04 00:00:00,289.2,289.0,295.0,286.05
14,2022-05-17 00:00:00,244.6,237.9,247.0,236.2
15,2022-05-20 00:00:00,239.8,236.7,243.15,233.15
16,2022-05-26 00:00:00,232.8,228.8,234.75,217.9
17,2021-01-08 00:00:00,167.2,169.75,172.4,165.4
18,2021-01-14 00:00:00,168.85,171.0,171.5,166.0
19,2021-02-03 00:00:00,145.25,149.0,155.2,142.5
20,2021-03-01 00:00:00,158.0,159.9,162.0,157.0
21,2021-03-16 00:00:00,161.25,159.7,163.85,156.45
22,2021-04-08 00:00:00,140.25,142.75,143.3,139.5
23,2021-05-06 00:00:00,144.7,139.95,151.0,138.5
24,2021-05-18 00:00:00,141.25,142.0,145.0,140.3
25,2021-06-18 00:00:00,135.75,138.15,139.0,132.55
26,2021-07-01 00:00:00,136.95,137.65,139.95,136.6
27,2021-07-27 00:00:00,209.25,215.85,218.8,207.45
28,2021-07-28 00:00:00,212.2,211.0,219.65,202.35
29,2021-08-17 00:00:00,250.85,237.8,256.75,231.55
30,2021-10-04 00:00:00,286.7,274.2,289.05,272.3
31,2021-10-13 00:00:00,332.4,328.95,345.0,326.0
32,2021-10-19 00:00:00,311.65,341.0,342.0,291.8
33,2021-10-28 00:00:00,301.3,309.15,312.1,300.0
34,2021-11-24 00:00:00,308.95,318.5,318.5,307.2
35,2022-02-24 00:00:00,260.05,261.0,269.7,251.15
36,2022-03-11 00:00:00,272.25,270.0,274.85,263.0
37,2022-03-31 00:00:00,283.85,278.5,286.45,275.45
38,2022-04-25 00:00:00,285.3,285.6,286.9,281.55
39,2021-01-05 00:00:00,163.6,154.05,165.5,153.3
40,2021-01-20 00:00:00,155.7,160.0,160.4,154.0
41,2021-02-04 00:00:00,143.85,144.05,147.55,143.0
42,2021-02-19 00:00:00,173.7,174.85,177.85,170.4
43,2021-03-25 00:00:00,144.75,146.1,146.45,141.45
44,2021-04-01 00:00:00,144.75,139.6,146.0,139.6
45,2021-04-05 00:00:00,139.75,144.45,144.45,136.0
46,2021-05-05 00:00:00,138.75,141.8,141.8,134.05
47,2021-06-01 00:00:00,143.9,147.0,149.95,142.6
48,2021-07-15 00:00:00,179.95,180.5,184.55,178.55
49,2021-07-16 00:00:00,176.8,180.0,181.4,175.0
50,2021-08-05 00:00:00,220.85,218.0,229.8,215.1
51,2021-08-11 00:00:00,203.95,199.0,205.3,187.1
52,2021-08-26 00:00:00,291.4,285.9,294.95,282.0
53,2021-08-31 00:00:00,256.05,256.95,263.6,251.3
54,2021-09-08 00:00:00,266.35,256.0,268.8,255.15
55,2021-09-13 00:00:00,265.65,260.1,270.0,260.1
56,2021-11-09 00:00:00,342.3,335.0,344.9,300.0
57,2021-11-12 00:00:00,336.55,340.85,343.5,334.0
58,2021-11-25 00:00:00,305.5,309.0,311.1,303.0
59,2022-01-04 00:00:00,281.3,274.0,282.55,272.3
60,2022-01-11 00:00:00,283.95,293.15,293.15,282.2
61,2022-02-04 00:00:00,314.95,320.0,323.95,311.5
62,2022-02-22 00:00:00,274.2,267.0,277.0,265.0
63,2022-04-26 00:00:00,293.75,289.0,301.5,289.0
64,2022-05-02 00:00:00,279.45,281.1,285.4,278.0
65,2022-05-12 00:00:00,235.25,236.5,244.05,229.05
66,2021-01-11 00:00:00,165.35,168.8,171.35,164.9
67,2021-03-09 00:00:00,166.15,174.5,175.3,164.0
68,2021-07-13 00:00:00,173.1,164.25,175.5,163.0
69,2021-08-20 00:00:00,239.65,241.15,250.55,234.0
70,2021-10-27 00:00:00,308.3,316.9,319.0,306.0
71,2022-01-19 00:00:00,317.5,321.5,328.25,313.0
72,2022-02-08 00:00:00,308.6,310.65,318.5,305.1
73,2022-03-04 00:00:00,262.4,271.2,271.2,261.0
74,2022-03-23 00:00:00,287.25,287.0,326.3,284.0
75,2022-03-29 00:00:00,283.15,287.9,290.0,280.05
76,2022-04-29 00:00:00,286.95,299.45,299.45,284.0
77,2022-06-07 00:00:00,260.3,260.0,265.8,256.5
78,2021-01-18 00:00:00,156.5,165.6,165.75,154.05
79,2021-02-05 00:00:00,141.45,145.85,146.25,140.7
80,2021-02-10 00:00:00,144.5,143.7,146.3,141.65
81,2021-06-09 00:00:00,139.55,142.5,143.8,138.3
82,2021-07-02 00:00:00,137.15,138.0,140.95,136.8
83,2021-08-30 00:00:00,255.8,269.85,272.25,252.3
84,2021-09-16 00:00:00,250.7,255.7,258.2,250.0
85,2021-09-21 00:00:00,253.4,258.7,259.45,250.0
86,2021-09-30 00:00:00,273.3,275.0,281.95,270.75
87,2021-10-14 00:00:00,334.25,334.8,340.15,329.0
88,2021-11-01 00:00:00,311.95,304.9,315.0,300.0
89,2022-01-05 00:00:00,275.25,281.0,281.3,274.15
90,2022-01-07 00:00:00,274.7,277.15,279.45,273.4
91,2022-01-24 00:00:00,293.1,308.0,308.95,287.3
92,2022-01-27 00:00:00,307.45,299.1,312.0,295.75
93,2022-02-09 00:00:00,306.65,311.65,314.05,302.15
94,2022-02-21 00:00:00,279.0,285.0,287.2,276.0
95,2022-03-09 00:00:00,266.9,252.55,270.55,252.55
96,2022-05-10 00:00:00,254.15,266.45,274.55,251.0
97,2022-06-16 00:00:00,243.85,257.7,259.0,242.55
98,2021-01-12 00:00:00,168.15,165.3,169.75,163.0
99,2021-01-25 00:00:00,148.1,151.7,151.9,147.25
100,2021-01-27 00:00:00,144.45,145.55,147.35,142.65
101,2021-02-11 00:00:00,149.15,145.5,151.0,143.75
102,2021-02-15 00:00:00,165.45,161.5,169.7,156.2
103,2021-02-23 00:00:00,159.15,165.5,165.5,157.0
104,2021-02-26 00:00:00,157.4,155.5,163.0,155.5
105,2021-04-26 00:00:00,124.0,124.15,127.0,123.5
106,2021-05-26 00:00:00,144.9,145.0,148.35,144.3
107,2021-06-03 00:00:00,147.95,149.95,154.0,146.5
108,2021-06-04 00:00:00,145.0,146.0,147.0,144.0
109,2021-06-25 00:00:00,139.05,139.25,140.5,138.2
110,2021-07-19 00:00:00,178.85,173.85,181.15,171.25
111,2021-08-24 00:00:00,269.4,266.45,279.0,255.05
112,2021-09-02 00:00:00,247.6,251.0,258.7,245.0
113,2021-09-07 00:00:00,253.25,242.5,256.0,242.5
114,2021-09-20 00:00:00,257.0,253.0,262.0,251.0
115,2021-10-07 00:00:00,339.95,330.0,347.5,325.8
116,2021-10-21 00:00:00,327.2,332.0,336.0,318.9
117,2021-10-22 00:00:00,312.95,324.9,333.05,306.25
118,2021-10-29 00:00:00,298.75,301.3,304.7,295.1
119,2021-12-09 00:00:00,301.5,302.1,304.7,297.4
120,2021-12-17 00:00:00,278.15,294.5,294.5,276.3
121,2021-12-28 00:00:00,272.85,269.8,277.45,269.7
122,2022-01-03 00:00:00,272.65,273.0,274.75,271.5
123,2022-01-10 00:00:00,293.15,277.7,302.8,274.85
124,2022-02-15 00:00:00,292.5,294.0,296.45,282.65
125,2022-02-28 00:00:00,268.0,261.0,268.5,260.0
126,2022-03-17 00:00:00,268.5,266.5,272.9,266.45
127,2022-05-19 00:00:00,232.35,236.0,240.0,229.0
128,2022-06-15 00:00:00,254.15,252.65,257.95,252.65
129,2021-02-09 00:00:00,141.85,142.2,147.2,141.05
130,2021-03-02 00:00:00,158.55,160.95,160.95,157.5
131,2021-03-04 00:00:00,168.65,160.3,173.3,160.3
132,2021-03-22 00:00:00,153.85,153.95,154.8,149.0
133,2021-04-29 00:00:00,131.3,133.0,133.9,129.25
134,2021-05-14 00:00:00,138.25,141.1,142.9,137.0
135,2021-06-10 00:00:00,139.9,141.2,143.35,139.35
136,2021-06-14 00:00:00,141.15,140.9,141.8,138.0
137,2021-07-26 00:00:00,214.2,198.7,224.9,197.1
138,2021-08-18 00:00:00,250.6,252.0,263.25,238.3
139,2021-09-03 00:00:00,248.65,248.0,255.0,247.0
140,2021-09-28 00:00:00,270.7,272.8,272.8,263.1
141,2021-09-29 00:00:00,274.15,266.3,285.95,266.3
142,2021-11-30 00:00:00,281.45,281.2,297.85,278.3
143,2021-12-16 00:00:00,291.9,299.8,303.0,290.0
144,2021-12-22 00:00:00,280.95,281.0,286.7,277.7
145,2021-12-23 00:00:00,279.05,283.8,285.8,277.1
146,2022-02-14 00:00:00,287.75,285.0,294.5,275.0
147,2022-03-16 00:00:00,262.85,267.0,270.85,260.25
148,2022-03-30 00:00:00,280.65,287.15,289.7,276.35
149,2022-04-11 00:00:00,285.55,291.95,294.0,284.5
150,2022-05-05 00:00:00,269.5,277.9,281.2,265.55
151,2022-05-18 00:00:00,242.4,254.0,254.0,238.5
152,2021-01-29 00:00:00,144.45,146.05,148.75,142.5
153,2021-02-25 00:00:00,159.65,162.0,164.75,159.25
154,2021-04-22 00:00:00,128.85,127.5,129.95,126.0
155,2021-06-08 00:00:00,141.8,144.75,146.5,141.0
156,2021-06-16 00:00:00,138.7,140.85,141.0,138.05
157,2021-06-23 00:00:00,138.25,136.05,142.0,135.15
158,2021-06-24 00:00:00,139.25,139.2,141.75,138.2
159,2021-07-12 00:00:00,162.95,161.3,166.8,158.0
160,2021-07-22 00:00:00,201.9,173.9,201.9,169.55
161,2021-07-30 00:00:00,210.2,214.85,215.15,209.1
162,2021-08-04 00:00:00,218.15,218.0,229.65,212.0
163,2021-08-23 00:00:00,261.85,251.0,272.0,251.0
164,2021-10-18 00:00:00,335.4,334.25,344.0,331.25
165,2021-11-22 00:00:00,299.9,307.35,310.1,291.0
166,2021-11-23 00:00:00,312.0,303.0,315.95,291.0
167,2021-12-27 00:00:00,268.3,268.0,276.4,265.0
168,2022-03-02 00:00:00,269.45,263.0,278.85,263.0
169,2022-03-07 00:00:00,249.65,253.0,258.0,247.0
170,2022-03-10 00:00:00,269.55,270.0,277.25,267.1
171,2022-03-22 00:00:00,283.7,274.9,293.4,273.0
172,2022-05-13 00:00:00,234.8,233.4,243.0,229.05
173,2022-05-27 00:00:00,237.2,230.35,257.7,230.35
174,2021-01-04 00:00:00,156.2,156.0,158.4,153.3
175,2021-02-12 00:00:00,159.35,150.05,163.8,148.45
176,2021-03-03 00:00:00,164.35,159.0,168.7,158.6
177,2021-03-15 00:00:00,157.85,159.9,162.3,156.8
178,2021-04-09 00:00:00,139.8,141.65,142.15,138.6
179,2021-04-28 00:00:00,131.8,129.0,134.45,127.55
180,2021-05-19 00:00:00,141.7,142.85,144.4,141.25
181,2021-05-21 00:00:00,140.3,141.8,143.95,139.5
182,2021-06-07 00:00:00,144.7,146.0,147.75,143.9
183,2021-06-11 00:00:00,139.9,140.05,142.4,139.5
184,2021-07-14 00:00:00,174.85,173.9,179.0,169.55
185,2021-08-16 00:00:00,239.5,216.0,249.65,213.75
186,2021-09-15 00:00:00,255.65,255.45,258.7,248.6
187,2021-10-05 00:00:00,344.0,286.35,344.0,284.0
188,2021-11-04 00:00:00,328.2,323.95,330.0,322.0
189,2021-12-10 00:00:00,299.45,302.95,302.95,297.0
190,2021-12-20 00:00:00,264.05,275.0,276.15,240.6
191,2021-12-24 00:00:00,272.9,284.95,284.95,272.0
192,2021-12-29 00:00:00,275.8,272.85,280.5,272.85
193,2022-02-03 00:00:00,320.45,317.0,328.5,317.0
194,2022-02-07 00:00:00,307.9,315.7,319.7,306.0
195,2022-03-08 00:00:00,252.45,248.0,258.85,245.5
196,2022-04-08 00:00:00,290.05,296.0,297.15,288.3
197,2022-05-04 00:00:00,271.9,283.65,285.6,266.55
198,2022-06-03 00:00:00,273.4,273.55,276.9,269.1
199,2022-06-08 00:00:00,266.25,258.0,271.95,255.0
200,2022-06-10 00:00:00,259.4,262.9,262.9,255.1
201,2021-02-01 00:00:00,143.95,143.55,146.55,143.1
202,2021-03-17 00:00:00,155.65,161.25,163.55,155.0
203,2021-04-30 00:00:00,130.35,129.1,131.05,127.65
204,2021-06-17 00:00:00,137.6,137.0,140.5,137.0
205,2021-06-22 00:00:00,135.75,136.4,136.75,134.3
206,2021-07-07 00:00:00,146.5,140.05,148.8,139.25
207,2021-08-06 00:00:00,213.2,221.35,222.1,207.0
208,2021-08-10 00:00:00,197.55,213.8,215.1,191.25
209,2021-09-14 00:00:00,254.1,265.0,267.7,250.0
210,2021-10-01 00:00:00,271.95,271.7,275.1,269.0
211,2021-11-02 00:00:00,315.7,313.95,322.95,307.35
212,2022-01-20 00:00:00,312.25,315.15,323.25,309.7
213,2022-02-02 00:00:00,316.3,309.0,323.0,306.45
214,2022-03-21 00:00:00,268.95,273.5,273.5,266.75
215,2022-03-25 00:00:00,281.45,283.0,287.0,280.0
216,2022-04-13 00:00:00,290.35,281.75,292.0,281.75
217,2022-04-20 00:00:00,278.75,284.9,290.95,275.6
218,2022-06-02 00:00:00,269.5,263.9,272.5,256.5
219,2021-01-01 00:00:00,154.65,155.8,157.3,153.5
220,2021-01-06 00:00:00,171.2,166.45,173.6,165.05
221,2021-01-21 00:00:00,154.1,157.95,159.1,152.95
222,2021-02-17 00:00:00,162.95,162.0,164.05,159.2
223,2021-05-31 00:00:00,145.0,147.1,147.75,144.35
224,2021-06-29 00:00:00,136.5,138.5,138.9,135.7
225,2021-08-03 00:00:00,219.1,213.0,221.7,210.55
226,2021-09-22 00:00:00,266.45,253.4,268.35,252.0
227,2021-10-11 00:00:00,330.55,334.7,344.8,325.65
228,2021-10-25 00:00:00,303.7,310.0,320.55,295.0
229,2021-11-26 00:00:00,294.95,299.5,303.0,287.6
230,2021-12-14 00:00:00,295.25,303.8,304.95,292.0
231,2021-12-15 00:00:00,295.35,292.4,303.85,292.4
232,2022-01-18 00:00:00,328.65,337.9,344.0,325.0
233,2022-02-10 00:00:00,308.45,310.0,313.35,303.05
234,2022-02-17 00:00:00,288.0,296.0,297.0,285.5
235,2022-04-01 00:00:00,284.85,285.0,288.6,281.0
236,2022-06-06 00:00:00,265.3,277.7,277.7,264.0
237,2021-01-19 00:00:00,157.9,159.45,160.15,154.65
238,2021-02-22 00:00:00,164.85,173.9,176.9,163.05
239,2021-03-05 00:00:00,172.0,170.3,182.85,169.4
240,2021-03-18 00:00:00,149.65,155.75,159.0,147.85
241,2021-03-24 00:00:00,146.5,148.0,150.5,146.0
242,2021-04-12 00:00:00,131.75,139.0,139.0,131.3
243,2021-04-16 00:00:00,131.25,132.95,134.5,130.5
244,2021-04-23 00:00:00,124.9,126.0,129.0,123.9
245,2021-05-03 00:00:00,136.1,131.4,138.0,128.0
246,2021-06-02 00:00:00,148.2,143.9,149.0,143.85
247,2021-06-15 00:00:00,140.25,141.05,141.9,139.95
248,2021-08-02 00:00:00,210.45,211.5,213.95,206.0
249,2021-08-12 00:00:00,200.8,207.45,207.8,195.0
250,2021-08-27 00:00:00,268.25,288.8,290.45,265.05
251,2021-09-23 00:00:00,264.4,268.0,274.5,262.2
252,2021-11-03 00:00:00,320.2,316.8,325.05,315.3
253,2021-11-18 00:00:00,313.0,325.9,327.2,311.0
254,2021-11-29 00:00:00,282.7,290.0,298.0,266.0
255,2021-12-21 00:00:00,278.7,270.0,281.9,264.05
256,2021-12-31 00:00:00,271.05,270.7,278.0,269.0
257,2022-02-11 00:00:00,297.35,304.5,311.95,291.05
258,2022-04-06 00:00:00,302.3,304.0,309.05,298.5
259,2022-04-18 00:00:00,291.1,295.0,303.65,288.95
260,2022-04-27 00:00:00,290.15,292.0,292.95,284.25
261,2022-05-09 00:00:00,267.5,276.5,276.5,260.75
262,2022-05-24 00:00:00,235.6,237.0,241.1,233.0
263,2021-01-13 00:00:00,167.25,168.6,172.0,165.0
264,2021-01-22 00:00:00,150.3,157.8,157.8,147.8
265,2021-02-18 00:00:00,174.25,164.6,177.9,162.15
266,2021-02-24 00:00:00,159.9,160.0,164.0,155.4
267,2021-03-31 00:00:00,138.95,139.9,141.8,138.45
268,2021-04-07 00:00:00,141.4,142.7,142.75,140.9
269,2021-04-27 00:00:00,127.65,124.05,128.35,124.05
270,2021-07-05 00:00:00,142.25,138.8,143.5,137.45
271,2021-09-09 00:00:00,262.2,266.5,267.95,261.0
272,2021-09-17 00:00:00,251.9,251.1,256.6,247.95
273,2022-02-01 00:00:00,302.45,307.0,312.9,295.0
274,2022-02-18 00:00:00,287.4,288.0,295.0,285.05
275,2022-02-25 00:00:00,267.85,270.0,270.0,265.15
276,2022-03-03 00:00:00,271.2,278.7,278.7,269.0
277,2022-03-14 00:00:00,267.1,277.0,277.0,260.0
278,2022-03-15 00:00:00,265.2,264.65,272.95,261.0
279,2022-03-24 00:00:00,283.7,287.25,289.45,281.4
280,2022-04-28 00:00:00,297.1,290.15,303.1,290.15
281,2022-05-11 00:00:00,244.65,255.0,258.95,236.75
282,2022-05-30 00:00:00,246.95,240.0,249.5,238.3
283,2022-05-31 00:00:00,265.65,247.0,268.5,241.6
284,2022-06-01 00:00:00,264.25,264.0,274.55,261.0
285,2022-06-13 00:00:00,251.75,258.0,262.6,250.0
286,2021-03-19 00:00:00,151.95,148.1,154.25,140.45
287,2021-03-23 00:00:00,150.7,153.3,154.6,150.0
288,2021-03-30 00:00:00,139.85,144.2,146.6,138.0
289,2021-04-06 00:00:00,141.1,140.0,143.0,140.0
290,2021-04-19 00:00:00,124.7,132.25,132.25,123.0
291,2021-04-20 00:00:00,127.65,125.5,133.6,125.5
292,2021-05-07 00:00:00,141.4,144.7,145.95,139.7
293,2021-05-28 00:00:00,147.1,145.0,151.0,143.0
294,2021-07-06 00:00:00,139.7,142.5,143.5,139.05
295,2021-07-08 00:00:00,151.65,147.35,153.7,145.8
296,2021-10-08 00:00:00,332.45,340.95,340.95,328.1
297,2021-11-10 00:00:00,338.95,343.0,352.0,335.2
298,2021-11-15 00:00:00,329.25,340.0,343.0,324.55
299,2021-11-16 00:00:00,325.25,331.0,336.0,322.55
300,2021-12-01 00:00:00,277.25,282.25,288.25,275.35
301,2021-12-07 00:00:00,293.95,289.6,302.05,286.1
302,2022-01-21 00:00:00,307.0,312.0,314.75,305.0
303,2022-01-25 00:00:00,299.1,291.55,303.8,284.15
304,2022-01-28 00:00:00,307.1,312.7,321.65,305.85
305,2022-04-12 00:00:00,281.75,286.9,288.45,276.35
306,2022-04-21 00:00:00,293.1,280.0,294.9,279.95
307,2022-04-22 00:00:00,290.2,292.35,297.0,288.1
308,2022-05-23 00:00:00,234.5,241.65,241.65,231.0
309,2022-05-25 00:00:00,230.65,235.6,237.9,223.25
310,2022-06-09 00:00:00,263.15,269.6,269.6,260.1
311,2022-06-14 00:00:00,252.5,250.0,255.85,250.0
312,2021-01-28 00:00:00,146.05,143.0,146.85,141.15
313,2021-02-08 00:00:00,141.75,143.9,144.25,141.0
314,2021-02-16 00:00:00,161.05,162.0,163.9,158.2
315,2021-03-10 00:00:00,164.75,169.0,169.0,164.0
316,2021-03-26 00:00:00,145.65,146.0,149.5,144.0
317,2021-04-13 00:00:00,133.7,132.0,136.4,131.6
318,2021-05-04 00:00:00,137.85,136.1,142.4,136.05
319,2021-05-17 00:00:00,140.4,138.1,142.0,138.1
320,2021-06-28 00:00:00,137.75,140.5,142.0,137.0
321,2021-07-23 00:00:00,197.15,207.9,213.8,194.55
322,2021-08-25 00:00:00,282.85,268.5,287.0,266.05
323,2021-09-24 00:00:00,254.45,263.0,265.0,252.85
324,2021-10-06 00:00:00,323.5,350.0,364.4,319.2
325,2021-10-20 00:00:00,325.6,315.0,334.8,300.05
326,2021-11-11 00:00:00,332.35,339.5,339.5,328.5
327,2021-12-08 00:00:00,299.1,296.45,305.9,295.65
328,2021-12-30 00:00:00,270.25,271.0,278.65,269.8
329,2022-01-06 00:00:00,277.15,274.0,279.75,269.0
330,2022-01-12 00:00:00,295.3,285.0,306.0,285.0
331,2022-01-13 00:00:00,298.35,296.95,304.0,296.05
332,2022-01-14 00:00:00,314.75,298.0,318.0,294.05
333,2022-01-17 00:00:00,337.65,319.0,346.95,314.8
334,2022-02-16 00:00:00,292.6,298.0,300.0,291.3
335,2022-03-28 00:00:00,283.4,283.1,285.55,272.3
336,2022-04-05 00:00:00,304.9,292.4,307.0,287.05
337,2022-04-19 00:00:00,283.1,294.9,294.9,280.25
338,2022-05-16 00:00:00,234.4,234.0,235.95,230.05
339,2021-01-07 00:00:00,169.75,172.9,174.7,168.0
340,2021-01-15 00:00:00,162.35,169.9,169.9,161.1
341,2021-03-08 00:00:00,171.15,175.45,177.9,170.0
342,2021-05-11 00:00:00,142.55,142.0,144.15,139.45
343,2021-05-24 00:00:00,140.5,143.25,143.4,139.45
344,2021-05-25 00:00:00,144.2,140.9,150.7,140.65
345,2021-06-21 00:00:00,134.9,134.75,136.45,132.65
346,2021-06-30 00:00:00,137.3,137.0,140.9,136.5
347,2021-07-20 00:00:00,168.25,178.0,178.75,164.2
348,2021-08-13 00:00:00,216.0,205.0,219.95,205.0
349,2021-09-06 00:00:00,244.95,248.9,250.8,243.0
350,2021-10-12 00:00:00,325.85,330.55,332.5,323.15
351,2021-10-26 00:00:00,315.55,307.4,318.45,304.7
352,2021-11-08 00:00:00,333.75,329.0,336.0,328.6
353,2021-11-17 00:00:00,321.45,325.0,329.9,320.05
354,2021-12-02 00:00:00,281.95,278.0,287.0,278.0
355,2021-12-03 00:00:00,285.05,283.05,290.0,279.5
356,2021-12-13 00:00:00,304.05,299.5,310.0,299.5
357,2022-01-31 00:00:00,307.9,314.95,318.25,304.0
358,2022-02-23 00:00:00,276.45,276.0,282.0,273.4
359,2022-04-07 00:00:00,290.55,305.65,305.65,288.35
360,2022-05-06 00:00:00,271.1,265.0,272.7,259.65
361,2022-06-17 00:00:00,244.05,245.6,246.9,238.25
362,2022-06-30 00:00:00,257.55,263.4,263.4,252.35
363,2022-07-05 00:00:00,273.3,272.6,276.0,268.3
364,2022-07-14 00:00:00,283.8,294.0,294.0,280.15
365,2022-08-18 00:00:00,266.9,272.0,274.5,266.0
366,2022-08-29 00:00:00,274.6,279.0,281.65,272.9
367,2022-09-13 00:00:00,304.55,300.0,311.7,298.25
368,2022-09-20 00:00:00,295.7,294.35,304.95,293.0
369,2022-10-24 00:00:00,343.1,336.2,345.0,336.15
370,2022-11-02 00:00:00,370.45,378.45,389.0,366.0
371,2022-11-11 00:00:00,351.9,359.0,361.15,346.5
372,2022-11-16 00:00:00,349.05,366.1,366.1,346.0
373,2022-11-29 00:00:00,329.45,334.95,336.45,327.5
374,2022-12-07 00:00:00,331.65,340.0,342.05,329.15
375,2022-12-23 00:00:00,301.85,328.6,330.0,295.1
376,2023-01-09 00:00:00,336.5,339.85,344.75,334.35
377,2023-01-10 00:00:00,337.15,338.5,342.5,334.2
378,2023-03-03 00:00:00,270.5,274.75,275.35,268.4
379,2023-03-06 00:00:00,273.85,271.95,278.0,270.95
380,2023-03-17 00:00:00,278.05,285.0,286.0,277.0
381,2023-03-20 00:00:00,274.9,267.15,279.0,265.65
382,2023-03-31 00:00:00,279.7,279.4,284.65,276.55
383,2023-04-20 00:00:00,293.7,290.45,297.7,289.2
384,2023-05-15 00:00:00,285.35,278.2,288.5,275.1
385,2023-07-17 00:00:00,338.7,342.8,347.65,337.0
386,2023-08-16 00:00:00,303.15,306.0,310.2,299.5
387,2023-08-17 00:00:00,302.75,305.0,313.4,299.8
388,2022-10-14 00:00:00,307.35,313.7,315.0,303.55
389,2022-06-22 00:00:00,243.3,244.0,249.0,242.3
390,2022-06-23 00:00:00,246.45,243.3,248.5,242.2
391,2022-06-27 00:00:00,259.9,259.0,261.75,254.7
392,2022-10-21 00:00:00,333.55,335.0,345.0,329.35
393,2022-10-25 00:00:00,343.05,344.4,347.95,332.0
394,2022-11-15 00:00:00,365.3,370.0,373.0,360.0
395,2022-12-13 00:00:00,334.5,324.25,340.15,322.25
396,2022-12-21 00:00:00,339.4,351.25,364.0,337.0
397,2022-12-28 00:00:00,336.25,323.1,341.8,322.4
398,2023-01-11 00:00:00,337.65,336.0,344.9,332.3
399,2023-01-18 00:00:00,338.3,334.75,341.95,332.25
400,2023-02-01 00:00:00,310.2,320.9,323.0,306.5
401,2023-02-06 00:00:00,304.05,310.9,310.9,301.9
402,2023-05-08 00:00:00,282.8,282.6,284.05,280.55
403,2023-05-24 00:00:00,273.5,270.9,278.55,270.1
404,2023-05-30 00:00:00,272.65,266.9,279.0,266.9
405,2023-06-12 00:00:00,319.95,321.8,323.0,314.0
406,2023-06-19 00:00:00,331.7,342.0,346.0,326.0
407,2023-07-04 00:00:00,343.7,353.85,353.85,341.0
408,2023-07-07 00:00:00,349.7,353.0,355.95,344.05
409,2023-08-10 00:00:00,325.2,336.3,347.0,312.1
410,2022-06-24 00:00:00,252.05,247.05,253.0,246.1
411,2022-09-29 00:00:00,320.15,325.0,335.7,315.05
412,2022-10-07 00:00:00,317.75,316.4,326.0,309.15
413,2022-11-09 00:00:00,346.6,355.0,364.6,342.2
414,2022-11-24 00:00:00,326.55,334.8,335.35,325.55
415,2023-01-17 00:00:00,334.75,331.0,336.85,331.0
416,2023-02-03 00:00:00,306.3,305.6,308.95,298.6
417,2023-02-17 00:00:00,293.25,290.0,297.0,288.55
418,2023-06-02 00:00:00,296.55,289.05,299.7,285.1
419,2023-06-16 00:00:00,340.9,345.0,345.55,337.15
420,2023-06-23 00:00:00,327.0,337.0,337.0,326.0
421,2023-07-11 00:00:00,348.2,350.5,351.0,345.5
422,2023-08-08 00:00:00,327.7,340.5,342.0,324.1
423,2022-07-22 00:00:00,297.25,301.8,304.7,294.7
424,2022-07-07 00:00:00,279.6,278.0,282.9,273.75
425,2022-07-20 00:00:00,295.1,300.0,305.0,293.1
426,2022-07-13 00:00:00,290.3,293.4,297.85,287.15
427,2022-09-06 00:00:00,284.6,289.0,289.25,283.4
428,2022-07-21 00:00:00,299.45,295.1,301.0,292.4
429,2022-09-08 00:00:00,294.95,299.0,299.95,292.5
430,2022-08-23 00:00:00,272.35,267.8,277.0,265.15
431,2022-09-16 00:00:00,288.5,300.85,301.55,285.5
432,2022-09-09 00:00:00,296.25,296.95,299.9,294.45
433,2022-09-19 00:00:00,290.25,289.0,293.0,281.25
434,2022-10-10 00:00:00,319.1,314.55,322.7,308.75
435,2022-10-18 00:00:00,317.65,312.4,320.5,309.65
436,2022-11-01 00:00:00,374.65,372.95,378.0,362.75
437,2022-10-11 00:00:00,328.85,320.9,344.05,319.35
438,2022-11-03 00:00:00,366.05,368.6,373.0,363.8
439,2022-11-14 00:00:00,356.6,352.7,367.5,352.6
440,2022-11-04 00:00:00,367.15,368.2,372.0,365.0
441,2022-12-12 00:00:00,323.1,327.5,329.55,318.85
442,2022-12-20 00:00:00,351.25,331.1,362.0,331.0
443,2022-11-21 00:00:00,346.5,337.5,350.4,334.85
444,2023-01-05 00:00:00,343.1,347.1,349.3,342.0
445,2022-11-25 00:00:00,330.1,327.95,335.0,321.55
446,2023-01-19 00:00:00,336.7,335.85,341.75,334.75
447,2023-02-28 00:00:00,277.15,275.0,279.0,269.3
448,2022-12-30 00:00:00,345.9,349.95,356.7,342.0
449,2023-01-03 00:00:00,345.65,346.05,349.35,342.65
450,2023-03-22 00:00:00,287.2,276.1,289.0,274.1
451,2023-02-02 00:00:00,305.7,313.0,314.4,300.0
452,2023-04-19 00:00:00,290.45,290.7,294.75,289.05
453,2023-02-22 00:00:00,268.45,276.1,281.0,264.35
454,2023-04-21 00:00:00,288.75,292.0,293.5,287.0
455,2023-02-27 00:00:00,269.8,271.1,276.5,266.1
456,2023-04-25 00:00:00,285.85,287.0,289.6,283.5
457,2023-04-24 00:00:00,286.7,292.9,294.0,284.95
458,2023-04-26 00:00:00,283.7,285.8,287.15,282.0
459,2023-04-28 00:00:00,282.1,283.9,287.0,280.6
460,2023-07-21 00:00:00,330.35,333.95,335.0,329.05
461,2023-05-03 00:00:00,282.9,283.2,284.65,281.0
462,2023-05-25 00:00:00,273.2,274.8,275.15,269.45
463,2023-07-31 00:00:00,325.6,328.45,334.85,325.0
464,2023-06-21 00:00:00,341.55,338.0,343.65,334.95
465,2023-08-11 00:00:00,314.7,322.3,331.0,311.15
466,2023-08-02 00:00:00,320.8,325.95,330.95,318.65
467,2023-08-23 00:00:00,304.7,307.3,309.85,303.3
468,2023-08-04 00:00:00,331.25,324.2,332.15,324.2
469,2022-07-06 00:00:00,273.4,273.0,278.0,270.0
470,2022-08-08 00:00:00,293.5,294.0,295.5,285.35
471,2022-08-11 00:00:00,286.7,310.0,310.0,282.65
472,2022-12-14 00:00:00,334.3,341.95,341.95,332.5
473,2023-01-24 00:00:00,319.55,331.0,333.3,317.15
474,2023-02-14 00:00:00,294.6,302.5,309.85,289.15
475,2023-02-16 00:00:00,291.0,296.0,298.65,289.25
476,2023-03-14 00:00:00,270.15,271.3,272.5,261.1
477,2023-04-06 00:00:00,286.8,293.0,295.0,284.95
478,2023-05-02 00:00:00,283.3,285.0,287.0,282.0
479,2023-06-05 00:00:00,300.75,297.65,310.0,297.6
480,2023-06-06 00:00:00,310.35,302.8,313.9,300.75
481,2023-06-08 00:00:00,324.95,310.9,329.25,310.9
482,2022-08-04 00:00:00,295.0,289.8,298.0,289.6
483,2022-08-25 00:00:00,289.05,282.0,291.0,277.6
484,2022-09-12 00:00:00,297.2,298.6,300.0,295.55
485,2022-09-23 00:00:00,313.95,326.9,328.8,308.0
486,2022-10-03 00:00:00,314.65,327.45,327.9,310.5
487,2022-10-04 00:00:00,314.1,317.85,325.5,313.0
488,2022-12-06 00:00:00,340.8,330.95,351.6,328.3
489,2023-01-20 00:00:00,333.95,335.2,338.45,332.8
490,2023-02-13 00:00:00,306.1,313.45,318.7,304.2
491,2023-02-20 00:00:00,286.25,290.35,295.55,285.0
492,2023-02-23 00:00:00,276.35,270.0,278.0,264.1
493,2023-03-10 00:00:00,267.35,277.5,277.5,265.85
494,2023-04-03 00:00:00,284.35,284.0,285.8,279.7
495,2023-04-13 00:00:00,283.0,286.15,288.0,278.15
496,2023-06-30 00:00:00,356.4,347.3,362.9,345.1
497,2023-07-27 00:00:00,334.2,337.5,338.3,333.0
498,2022-06-28 00:00:00,256.25,261.5,261.5,255.65
499,2022-06-20 00:00:00,238.25,241.5,244.5,232.0
500,2022-06-29 00:00:00,255.7,256.25,261.1,255.15
501,2022-07-25 00:00:00,297.35,304.0,304.0,292.35
502,2022-07-18 00:00:00,289.85,285.15,292.0,284.0
503,2022-07-28 00:00:00,294.9,289.0,295.6,286.45
504,2022-07-29 00:00:00,295.15,296.0,298.8,291.0
505,2022-08-26 00:00:00,284.5,291.2,293.0,281.2
506,2022-09-21 00:00:00,325.35,297.9,330.5,297.9
507,2022-10-28 00:00:00,367.4,372.95,374.15,359.0
508,2022-11-10 00:00:00,353.95,346.45,357.15,342.3
509,2022-11-30 00:00:00,334.95,323.3,341.3,323.3
510,2022-12-15 00:00:00,326.55,331.1,338.45,324.7
511,2022-12-22 00:00:00,334.4,360.0,360.0,325.25
512,2023-03-02 00:00:00,272.15,276.8,278.15,271.1
513,2023-03-08 00:00:00,276.3,268.15,276.8,268.05
514,2023-03-09 00:00:00,272.8,277.0,279.5,270.0
515,2023-04-17 00:00:00,282.55,287.25,287.85,279.0
516,2023-05-05 00:00:00,281.25,286.0,286.0,280.05
517,2023-05-19 00:00:00,278.35,281.2,282.5,276.35
518,2023-06-01 00:00:00,284.8,286.0,290.0,281.5
519,2023-06-22 00:00:00,338.15,345.0,347.75,335.7
520,2023-07-03 00:00:00,352.2,357.95,359.0,346.35
521,2023-08-21 00:00:00,305.0,306.45,311.0,301.5
522,2022-07-15 00:00:00,283.85,284.2,288.95,282.05
523,2022-08-03 00:00:00,288.4,298.0,298.0,286.1
524,2022-08-10 00:00:00,312.25,295.0,315.5,295.0
525,2022-07-19 00:00:00,294.45,288.5,300.95,287.85
526,2022-08-01 00:00:00,292.0,297.15,298.25,290.0
527,2022-08-24 00:00:00,280.55,273.65,283.05,270.0
528,2022-09-01 00:00:00,276.65,274.75,280.8,271.45
529,2022-09-15 00:00:00,300.45,300.0,307.5,296.15
530,2022-10-13 00:00:00,305.2,314.9,316.5,304.05
531,2022-09-27 00:00:00,326.15,295.9,332.85,292.65
532,2022-12-05 00:00:00,330.5,327.45,332.65,323.6
533,2022-10-31 00:00:00,370.0,374.5,376.9,362.0
534,2022-12-29 00:00:00,348.25,336.35,349.0,335.0
535,2022-11-07 00:00:00,354.35,367.15,369.85,344.5
536,2023-02-10 00:00:00,313.2,311.95,319.7,309.3
537,2022-12-02 00:00:00,325.2,328.9,330.65,324.0
538,2022-12-26 00:00:00,322.85,308.0,325.0,299.8
539,2023-02-24 00:00:00,275.2,279.9,281.0,270.55
540,2023-03-21 00:00:00,277.25,274.95,279.4,274.3
541,2023-04-12 00:00:00,283.25,288.9,290.9,282.2
542,2023-04-05 00:00:00,291.1,288.9,294.0,284.95
543,2023-05-10 00:00:00,280.15,282.3,283.5,278.1
544,2023-04-10 00:00:00,294.15,290.0,296.3,287.5
545,2023-05-18 00:00:00,281.2,284.0,288.7,279.9
546,2023-05-23 00:00:00,271.6,278.9,278.9,270.3
547,2023-04-27 00:00:00,282.8,284.65,286.45,281.45
548,2023-06-27 00:00:00,329.55,327.5,336.0,325.5
549,2023-05-29 00:00:00,265.85,272.6,273.5,263.95
550,2023-06-28 00:00:00,348.3,326.0,349.5,325.95
551,2023-05-31 00:00:00,286.0,275.0,287.55,275.0
552,2023-08-07 00:00:00,337.35,334.5,339.9,326.5
553,2023-06-15 00:00:00,340.55,330.15,342.45,325.55
554,2023-08-18 00:00:00,304.8,302.75,307.0,300.5
555,2023-07-05 00:00:00,348.7,344.9,353.25,342.05
556,2023-07-10 00:00:00,345.65,349.7,351.3,344.0
557,2023-07-26 00:00:00,335.05,334.7,340.0,332.65
558,2023-08-14 00:00:00,305.75,313.2,316.6,301.4
559,2022-09-07 00:00:00,291.75,288.0,295.0,283.05
560,2022-07-27 00:00:00,288.3,293.0,295.0,286.0
561,2022-08-05 00:00:00,289.8,295.0,297.9,288.05
562,2022-08-19 00:00:00,263.1,269.0,271.35,262.15
563,2022-09-05 00:00:00,284.8,280.7,292.0,279.9
564,2022-09-14 00:00:00,299.65,299.95,304.25,296.2
565,2022-09-26 00:00:00,296.9,310.9,314.85,290.0
566,2022-12-01 00:00:00,327.25,334.95,334.95,325.4
567,2022-12-08 00:00:00,326.95,332.65,332.95,325.9
568,2023-01-30 00:00:00,303.85,304.0,309.95,300.0
569,2023-02-07 00:00:00,306.8,304.1,308.6,296.15
570,2023-02-15 00:00:00,290.05,294.7,298.95,288.5
571,2023-05-17 00:00:00,280.85,280.0,282.95,276.05
572,2023-06-09 00:00:00,321.9,327.0,327.0,317.0
573,2023-07-20 00:00:00,333.8,338.8,339.15,331.95
574,2023-07-25 00:00:00,334.35,326.6,336.0,323.3
575,2022-06-21 00:00:00,245.75,243.6,247.3,237.15
576,2022-09-30 00:00:00,324.75,323.0,328.0,315.3
577,2022-10-19 00:00:00,326.55,319.4,329.95,318.0
578,2022-10-20 00:00:00,331.95,326.55,334.7,322.55
579,2022-11-17 00:00:00,350.55,349.8,358.1,345.0
580,2023-01-27 00:00:00,304.2,316.45,317.55,301.05
581,2023-01-31 00:00:00,319.7,304.0,321.7,302.65
582,2023-02-09 00:00:00,309.2,310.0,310.85,305.35
583,2023-03-01 00:00:00,276.9,277.0,280.9,274.3
584,2023-03-23 00:00:00,289.75,287.2,291.55,282.5
585,2023-04-18 00:00:00,290.7,282.55,292.3,281.0
586,2023-07-14 00:00:00,341.45,346.5,350.8,338.7
587,2023-07-19 00:00:00,339.3,339.5,344.0,334.6
588,2022-07-01 00:00:00,260.4,258.8,261.55,251.45
589,2022-07-04 00:00:00,270.0,261.4,274.5,260.75
590,2022-08-12 00:00:00,273.5,284.0,284.5,270.1
591,2022-08-17 00:00:00,271.4,267.85,274.4,265.4
592,2022-08-22 00:00:00,265.3,264.1,266.9,264.1
593,2022-10-12 00:00:00,312.8,332.1,333.9,298.0
594,2022-10-17 00:00:00,308.9,309.8,311.95,305.15
595,2022-11-23 00:00:00,331.85,337.3,341.5,329.25
596,2022-12-09 00:00:00,327.5,327.95,330.05,323.05
597,2022-12-27 00:00:00,321.75,325.0,329.05,318.25
598,2023-01-02 00:00:00,346.05,348.8,352.85,340.8
599,2023-01-23 00:00:00,329.0,334.35,336.95,326.9
600,2023-03-16 00:00:00,282.7,272.0,291.9,267.65
601,2023-03-27 00:00:00,279.75,291.4,291.4,278.0
602,2023-03-29 00:00:00,275.75,268.9,276.8,268.05
603,2023-05-12 00:00:00,276.8,280.0,282.75,275.85
604,2023-06-14 00:00:00,330.15,325.9,333.85,323.45
605,2023-07-28 00:00:00,328.05,333.95,336.85,326.5
606,2023-08-03 00:00:00,324.45,322.7,325.65,318.05
607,2023-08-22 00:00:00,305.0,308.0,312.45,303.1
608,2022-07-12 00:00:00,290.5,281.5,292.75,281.5
609,2022-08-02 00:00:00,295.2,292.8,297.0,289.4
610,2022-09-02 00:00:00,281.85,280.0,287.55,274.65
611,2022-10-27 00:00:00,372.5,345.0,378.95,340.45
612,2022-11-22 00:00:00,335.95,348.8,350.0,333.05
613,2022-11-28 00:00:00,334.05,330.2,336.55,329.15
614,2022-12-16 00:00:00,323.5,329.5,329.95,320.7
615,2022-12-19 00:00:00,329.5,325.15,337.95,321.05
616,2023-01-04 00:00:00,349.75,346.5,352.0,340.55
617,2023-01-16 00:00:00,332.4,335.0,339.75,330.85
618,2023-05-16 00:00:00,281.2,286.7,287.35,280.0
619,2023-05-26 00:00:00,271.3,274.75,278.15,270.15
620,2023-08-01 00:00:00,326.15,328.9,331.55,323.5
621,2022-07-11 00:00:00,281.7,285.4,285.4,279.2
622,2022-07-08 00:00:00,282.55,281.0,284.0,275.1
623,2022-09-28 00:00:00,324.85,322.9,337.8,317.55
624,2022-10-06 00:00:00,314.3,317.0,321.8,313.0
625,2023-01-06 00:00:00,336.55,340.5,346.7,335.0
626,2023-01-12 00:00:00,334.0,337.0,339.75,333.0
627,2023-02-08 00:00:00,310.25,311.4,312.5,302.35
628,2023-02-21 00:00:00,275.9,286.2,288.5,273.1
629,2023-03-13 00:00:00,267.3,269.95,270.05,263.0
630,2023-04-11 00:00:00,288.55,294.15,299.0,287.6
631,2023-05-11 00:00:00,277.5,280.15,281.95,276.0
632,2023-06-13 00:00:00,323.55,321.5,327.45,314.5
633,2023-06-20 00:00:00,338.6,331.95,340.35,325.0
634,2023-07-12 00:00:00,355.75,349.9,359.35,347.1
635,2023-07-13 00:00:00,347.5,356.4,356.4,345.0
636,2023-07-18 00:00:00,339.5,341.9,345.0,331.6
637,2023-07-24 00:00:00,326.6,327.5,334.8,323.5
638,2022-07-26 00:00:00,293.3,299.95,299.95,292.0
639,2022-08-16 00:00:00,264.9,274.0,278.45,262.0
640,2022-08-30 00:00:00,274.75,275.4,282.1,274.1
641,2022-09-22 00:00:00,325.8,327.7,332.9,322.35
642,2022-11-18 00:00:00,336.35,352.0,355.85,333.0
643,2023-01-13 00:00:00,333.8,336.0,336.0,331.3
644,2023-01-25 00:00:00,311.75,320.0,324.55,309.0
645,2023-03-15 00:00:00,273.3,275.95,275.95,269.15
646,2023-03-24 00:00:00,289.65,291.4,296.0,288.0
647,2023-03-28 00:00:00,269.35,276.3,282.65,266.0
648,2023-05-04 00:00:00,283.55,284.4,284.5,281.2
649,2023-05-09 00:00:00,280.9,285.0,286.0,280.25
650,2023-05-22 00:00:00,277.6,279.7,282.5,276.5
651,2023-06-07 00:00:00,309.9,310.35,313.45,306.55
652,2023-06-26 00:00:00,327.5,327.0,333.95,319.0
653,2023-07-06 00:00:00,353.0,344.45,354.9,344.45
654,2023-08-09 00:00:00,335.3,331.35,337.2,324.5
