,time,close,open,high,low
0,2021-01-28 00:00:00,74.75,72.8,75.4,72.6
1,2021-03-24 00:00:00,75.85,76.75,76.95,74.9
2,2021-07-07 00:00:00,78.85,79.0,79.45,78.5
3,2021-07-14 00:00:00,76.95,78.35,78.65,76.85
4,2021-10-06 00:00:00,76.2,77.85,78.65,76.0
5,2021-10-14 00:00:00,77.85,78.1,79.15,77.55
6,2021-10-20 00:00:00,76.3,78.8,79.0,75.75
7,2021-10-22 00:00:00,74.35,74.0,75.15,73.2
8,2021-10-29 00:00:00,72.45,72.75,73.1,71.55
9,2021-11-04 00:00:00,72.6,71.9,72.8,71.65
10,2021-11-08 00:00:00,72.05,72.8,72.85,71.65
11,2021-11-25 00:00:00,71.75,72.35,72.35,71.0
12,2021-12-27 00:00:00,68.75,68.45,68.95,67.65
13,2022-01-11 00:00:00,70.35,70.35,71.25,70.15
14,2022-02-10 00:00:00,68.75,69.0,69.45,68.15
15,2022-02-11 00:00:00,67.95,68.2,69.3,67.8
16,2022-04-26 00:00:00,65.2,66.2,66.8,65.05
17,2022-04-27 00:00:00,65.25,64.95,65.85,64.8
18,2022-05-11 00:00:00,59.7,60.75,61.0,58.8
19,2022-05-13 00:00:00,59.1,59.35,59.9,58.75
20,2022-05-26 00:00:00,58.8,58.1,59.0,57.2
21,2022-07-07 00:00:00,61.05,60.4,61.45,60.05
22,2022-08-01 00:00:00,67.45,67.95,67.95,67.1
23,2022-08-25 00:00:00,67.15,66.5,68.2,66.4
24,2022-09-23 00:00:00,65.2,66.1,66.35,65.0
25,2022-10-10 00:00:00,63.45,64.1,64.35,63.4
26,2022-10-14 00:00:00,63.15,63.2,63.85,62.8
27,2022-10-24 00:00:00,65.25,64.15,65.6,64.1
28,2022-10-25 00:00:00,65.5,65.45,66.0,64.45
29,2022-12-02 00:00:00,82.4,82.35,84.35,81.3
30,2023-01-13 00:00:00,83.25,83.7,83.95,83.0
31,2023-02-22 00:00:00,73.1,74.2,74.5,72.95
32,2023-03-02 00:00:00,74.0,72.3,74.25,72.3
33,2023-03-06 00:00:00,76.1,75.95,77.1,75.55
34,2023-04-19 00:00:00,78.1,77.65,79.45,77.5
35,2023-04-28 00:00:00,82.8,82.9,83.6,82.15
36,2023-05-04 00:00:00,91.65,93.0,98.55,90.3
37,2023-05-09 00:00:00,95.25,99.8,99.8,94.3
38,2023-05-15 00:00:00,96.9,98.0,99.35,96.25
39,2023-06-30 00:00:00,114.95,116.0,116.4,113.75
40,2023-07-18 00:00:00,131.35,129.5,132.75,127.5
41,2023-08-01 00:00:00,155.5,158.5,160.7,152.05
42,2023-08-10 00:00:00,149.8,152.65,156.85,149.0
43,2023-08-16 00:00:00,148.5,148.95,152.15,147.65
44,2023-08-22 00:00:00,158.8,152.4,161.4,152.05
45,2021-01-18 00:00:00,76.7,78.0,78.2,75.75
46,2021-01-05 00:00:00,77.85,78.45,79.35,77.5
47,2021-01-14 00:00:00,79.75,80.3,81.15,79.05
48,2021-01-20 00:00:00,77.45,78.45,78.6,77.3
49,2021-02-12 00:00:00,74.95,74.75,75.7,74.05
50,2021-03-05 00:00:00,83.95,85.7,88.1,83.35
51,2021-03-25 00:00:00,74.2,75.05,75.6,73.75
52,2021-04-12 00:00:00,71.45,75.0,75.0,71.0
53,2021-05-06 00:00:00,73.45,74.45,74.8,73.35
54,2021-05-07 00:00:00,75.0,73.85,76.0,73.65
55,2021-05-27 00:00:00,86.5,89.0,89.5,86.0
56,2021-06-03 00:00:00,84.9,85.95,86.05,84.5
57,2021-08-27 00:00:00,70.6,69.5,71.15,69.15
58,2021-08-31 00:00:00,73.1,72.0,73.4,71.8
59,2021-09-15 00:00:00,73.75,73.3,74.0,73.25
60,2021-10-13 00:00:00,77.8,78.6,79.6,77.45
61,2021-10-21 00:00:00,73.35,76.55,77.0,73.05
62,2021-11-15 00:00:00,70.75,71.3,71.95,70.55
63,2021-11-22 00:00:00,71.15,71.45,72.85,70.5
64,2021-12-28 00:00:00,70.0,69.15,70.25,68.8
65,2022-01-04 00:00:00,70.2,70.45,71.1,69.9
66,2022-01-17 00:00:00,72.7,71.0,73.6,70.95
67,2022-01-21 00:00:00,69.65,70.5,70.85,69.25
68,2022-02-22 00:00:00,61.65,62.0,62.4,61.1
69,2022-03-07 00:00:00,64.4,63.8,65.9,62.4
70,2022-04-28 00:00:00,64.9,65.3,65.75,64.45
71,2022-05-02 00:00:00,64.05,64.7,64.7,63.9
72,2022-06-20 00:00:00,56.25,58.5,58.9,56.0
73,2022-06-23 00:00:00,57.15,56.6,57.55,56.6
74,2022-07-19 00:00:00,64.2,60.9,64.5,60.65
75,2022-08-04 00:00:00,69.55,69.9,70.45,68.25
76,2022-08-10 00:00:00,67.15,66.4,68.25,66.4
77,2022-10-31 00:00:00,70.25,69.05,70.5,68.85
78,2022-11-07 00:00:00,73.2,72.95,73.75,72.25
79,2022-11-22 00:00:00,78.35,77.2,79.1,75.75
80,2022-11-23 00:00:00,79.3,79.0,81.5,78.25
81,2022-12-05 00:00:00,80.65,82.8,82.9,80.4
82,2023-01-05 00:00:00,84.8,79.0,85.4,79.0
83,2023-02-07 00:00:00,83.05,78.65,83.5,78.25
84,2023-02-17 00:00:00,76.25,76.45,77.2,75.8
85,2023-04-13 00:00:00,75.0,75.4,76.0,74.7
86,2023-05-17 00:00:00,99.0,100.75,102.65,98.3
87,2023-05-24 00:00:00,108.55,100.4,109.15,99.95
88,2023-05-25 00:00:00,110.4,108.45,111.0,107.15
89,2023-06-28 00:00:00,115.35,117.0,117.35,114.85
90,2023-07-03 00:00:00,114.7,115.5,116.95,114.0
91,2023-07-21 00:00:00,135.0,129.3,136.8,128.0
92,2021-01-12 00:00:00,79.15,79.0,79.85,78.8
93,2021-01-19 00:00:00,78.5,77.05,78.7,77.05
94,2021-02-08 00:00:00,77.6,75.5,78.5,75.05
95,2021-02-26 00:00:00,80.1,74.1,82.25,73.6
96,2021-03-09 00:00:00,83.0,85.5,85.85,81.25
97,2021-05-20 00:00:00,80.95,83.05,83.7,80.4
98,2021-06-30 00:00:00,79.6,80.7,81.15,79.25
99,2021-08-12 00:00:00,71.95,73.1,73.4,71.8
100,2021-08-23 00:00:00,67.85,70.6,70.75,67.65
101,2021-10-25 00:00:00,73.75,74.95,74.95,72.7
102,2021-12-10 00:00:00,72.15,71.75,72.75,71.65
103,2022-02-09 00:00:00,69.85,69.55,70.05,69.25
104,2022-04-13 00:00:00,67.2,68.0,68.45,67.1
105,2022-05-31 00:00:00,62.3,59.65,63.6,59.05
106,2022-06-08 00:00:00,62.9,61.5,65.3,61.5
107,2022-06-21 00:00:00,57.3,56.75,57.65,56.55
108,2022-07-11 00:00:00,61.05,61.6,61.6,60.85
109,2022-07-13 00:00:00,60.7,61.2,61.3,60.5
110,2022-07-27 00:00:00,67.0,67.65,67.65,66.5
111,2022-09-26 00:00:00,62.75,64.5,64.85,62.6
112,2022-09-27 00:00:00,63.7,63.4,64.5,63.1
113,2022-10-04 00:00:00,64.9,64.75,65.35,64.55
114,2022-11-04 00:00:00,72.75,72.9,74.7,71.95
115,2022-11-15 00:00:00,72.75,73.35,73.7,71.6
116,2022-11-25 00:00:00,80.45,79.6,82.0,78.15
117,2022-12-27 00:00:00,78.2,77.65,78.5,76.1
118,2022-12-28 00:00:00,78.7,78.0,79.4,77.15
119,2023-01-04 00:00:00,78.9,80.3,80.85,78.35
120,2023-02-02 00:00:00,85.0,83.45,85.75,83.0
121,2023-02-14 00:00:00,76.25,78.5,78.65,75.65
122,2023-03-20 00:00:00,75.1,76.0,77.85,74.75
123,2023-04-11 00:00:00,74.4,74.95,74.95,74.15
124,2023-05-16 00:00:00,100.3,97.4,103.35,96.1
125,2023-05-23 00:00:00,100.7,100.45,102.2,99.9
126,2023-06-01 00:00:00,109.9,111.25,111.9,109.1
127,2023-07-28 00:00:00,154.55,148.0,155.6,145.45
128,2023-08-08 00:00:00,154.6,149.8,156.2,147.75
129,2021-02-02 00:00:00,73.8,73.25,75.8,73.25
130,2021-04-09 00:00:00,76.0,76.15,77.1,75.75
131,2021-04-15 00:00:00,72.25,71.8,72.7,71.15
132,2021-04-16 00:00:00,73.25,72.5,73.45,72.05
133,2021-04-27 00:00:00,73.05,72.3,73.3,71.75
134,2021-05-10 00:00:00,78.25,75.55,79.5,75.35
135,2021-05-25 00:00:00,84.15,82.0,85.0,82.0
136,2021-06-01 00:00:00,83.15,85.45,85.75,82.8
137,2021-07-27 00:00:00,75.15,76.3,76.45,74.9
138,2021-07-29 00:00:00,74.65,74.35,75.4,74.35
139,2021-09-01 00:00:00,72.25,73.25,73.65,71.95
140,2021-09-07 00:00:00,72.35,73.0,73.45,72.1
141,2021-09-14 00:00:00,73.0,72.85,73.5,72.65
142,2021-09-16 00:00:00,73.6,73.9,74.4,73.5
143,2021-10-01 00:00:00,78.2,78.6,79.9,77.65
144,2021-12-06 00:00:00,70.65,71.0,71.45,70.5
145,2022-02-08 00:00:00,69.15,70.0,70.65,68.9
146,2022-02-21 00:00:00,63.0,64.95,65.0,62.9
147,2022-03-09 00:00:00,65.1,65.1,65.5,64.95
148,2022-03-23 00:00:00,62.1,61.6,62.6,61.6
149,2022-03-25 00:00:00,64.55,62.3,65.3,62.0
150,2022-05-06 00:00:00,61.9,62.6,62.9,61.75
151,2022-07-06 00:00:00,60.0,59.15,60.3,59.05
152,2022-09-09 00:00:00,69.45,71.35,71.45,69.05
153,2022-09-16 00:00:00,66.4,69.6,70.15,66.05
154,2022-10-13 00:00:00,62.55,62.5,64.0,62.4
155,2022-10-18 00:00:00,64.65,63.25,65.3,63.0
156,2022-11-09 00:00:00,75.4,73.5,76.35,72.25
157,2022-11-29 00:00:00,82.15,84.0,84.3,81.75
158,2023-05-03 00:00:00,94.85,82.7,97.7,82.1
159,2023-05-08 00:00:00,98.9,99.4,101.5,97.2
160,2023-06-15 00:00:00,108.25,110.75,111.4,107.5
161,2023-06-19 00:00:00,114.0,113.2,115.0,111.5
162,2023-06-26 00:00:00,115.3,113.3,116.15,112.05
163,2023-06-27 00:00:00,116.6,115.85,117.7,115.15
164,2021-02-04 00:00:00,74.6,74.1,75.95,73.9
165,2021-02-10 00:00:00,76.1,76.9,77.5,75.6
166,2021-02-15 00:00:00,73.9,75.0,75.7,73.75
167,2021-02-16 00:00:00,71.3,74.1,75.55,70.2
168,2021-02-23 00:00:00,72.05,72.95,73.3,71.9
169,2021-03-03 00:00:00,88.95,92.45,93.3,88.25
170,2021-04-05 00:00:00,75.8,77.35,77.85,75.1
171,2021-05-04 00:00:00,73.85,73.3,76.95,72.7
172,2021-05-14 00:00:00,78.55,79.4,81.25,78.0
173,2021-06-18 00:00:00,81.0,83.0,83.25,80.45
174,2021-06-21 00:00:00,80.9,80.0,81.75,79.8
175,2021-06-25 00:00:00,80.85,81.4,81.9,80.6
176,2021-07-06 00:00:00,79.2,80.75,81.2,79.0
177,2021-07-15 00:00:00,77.8,77.0,79.2,77.0
178,2021-07-28 00:00:00,73.8,75.15,75.25,73.45
179,2021-08-11 00:00:00,72.75,73.0,73.4,71.0
180,2021-08-13 00:00:00,70.75,72.0,73.6,70.35
181,2021-10-26 00:00:00,73.65,73.95,74.25,73.45
182,2021-11-10 00:00:00,73.7,73.0,73.95,72.75
183,2022-01-13 00:00:00,71.15,71.15,71.8,70.65
184,2022-04-07 00:00:00,68.9,68.9,71.25,68.6
185,2022-05-05 00:00:00,62.95,63.55,63.9,62.8
186,2022-06-09 00:00:00,63.0,63.8,64.8,62.6
187,2022-06-28 00:00:00,57.95,57.85,58.5,57.4
188,2022-07-04 00:00:00,59.55,58.9,60.7,58.35
189,2022-07-08 00:00:00,61.7,61.35,62.2,60.85
190,2022-08-16 00:00:00,68.15,68.25,68.55,67.9
191,2022-11-16 00:00:00,73.3,73.45,74.6,72.5
192,2022-11-30 00:00:00,80.25,82.4,82.7,80.1
193,2022-12-07 00:00:00,79.25,78.65,80.0,77.8
194,2022-12-20 00:00:00,84.35,85.8,86.8,83.75
195,2023-01-25 00:00:00,84.95,86.2,86.35,84.25
196,2023-02-23 00:00:00,72.25,73.35,73.5,71.5
197,2023-03-09 00:00:00,77.45,77.45,78.2,76.45
198,2023-03-31 00:00:00,74.45,72.45,75.0,72.1
199,2023-04-20 00:00:00,80.6,78.1,80.95,77.8
200,2023-04-27 00:00:00,82.45,83.8,83.8,82.1
201,2023-05-02 00:00:00,82.55,82.95,83.7,82.15
202,2023-06-02 00:00:00,107.75,110.35,110.9,107.4
203,2023-06-13 00:00:00,112.1,112.8,113.7,110.7
204,2023-06-23 00:00:00,112.95,114.95,116.95,112.3
205,2023-07-19 00:00:00,130.85,132.4,132.8,130.0
206,2023-07-26 00:00:00,147.75,149.15,149.8,145.0
207,2023-07-27 00:00:00,148.75,148.0,149.4,145.55
208,2021-02-25 00:00:00,75.4,73.65,76.6,73.55
209,2021-03-08 00:00:00,84.7,84.8,86.9,84.15
210,2021-03-15 00:00:00,82.1,83.25,83.35,80.5
211,2021-04-07 00:00:00,76.4,76.2,77.5,75.8
212,2021-04-20 00:00:00,70.85,71.2,71.9,70.6
213,2021-04-26 00:00:00,71.55,71.3,72.0,71.3
214,2021-07-13 00:00:00,77.95,79.5,79.65,77.75
215,2021-07-19 00:00:00,77.15,77.0,77.75,76.6
216,2021-08-04 00:00:00,73.85,75.35,75.7,73.65
217,2021-09-13 00:00:00,72.6,72.2,72.95,71.5
218,2021-11-23 00:00:00,71.6,70.85,71.85,70.6
219,2021-12-14 00:00:00,71.7,72.25,72.45,71.55
220,2021-12-29 00:00:00,69.85,70.5,70.85,69.65
221,2022-01-14 00:00:00,71.0,71.0,71.4,70.7
222,2022-01-20 00:00:00,70.85,71.4,72.1,70.6
223,2022-01-27 00:00:00,68.7,68.45,69.1,68.15
224,2022-04-01 00:00:00,66.2,64.1,67.0,64.1
225,2022-04-08 00:00:00,68.65,69.4,69.75,68.2
226,2022-05-17 00:00:00,60.35,59.95,60.65,59.95
227,2022-06-02 00:00:00,62.9,62.0,63.4,61.6
228,2022-07-26 00:00:00,67.5,68.0,69.45,66.8
229,2022-09-02 00:00:00,67.8,67.95,68.3,67.5
230,2022-09-13 00:00:00,70.6,71.45,71.85,70.5
231,2022-09-15 00:00:00,69.7,70.55,70.85,69.5
232,2022-09-19 00:00:00,66.55,66.5,67.5,65.8
233,2022-09-20 00:00:00,66.7,66.7,67.5,66.35
234,2022-12-08 00:00:00,80.45,79.25,81.8,79.2
235,2022-12-12 00:00:00,81.6,80.2,81.9,78.85
236,2022-12-22 00:00:00,78.3,81.55,81.9,76.45
237,2023-01-09 00:00:00,83.35,84.3,84.7,82.65
238,2023-02-01 00:00:00,83.35,88.0,88.85,81.35
239,2023-03-23 00:00:00,75.0,75.0,76.4,74.75
240,2023-04-10 00:00:00,74.35,74.65,75.7,74.15
241,2023-06-05 00:00:00,109.1,108.0,110.95,106.25
242,2023-06-14 00:00:00,111.15,112.15,113.15,110.2
243,2023-07-07 00:00:00,121.75,120.15,124.4,119.35
244,2021-01-13 00:00:00,79.8,79.2,81.45,79.2
245,2021-01-22 00:00:00,73.5,75.6,76.75,72.85
246,2021-03-01 00:00:00,86.2,81.45,89.25,81.2
247,2021-03-22 00:00:00,75.35,74.0,75.9,73.5
248,2021-04-01 00:00:00,78.4,77.6,79.0,77.1
249,2021-04-29 00:00:00,72.85,73.95,74.35,72.75
250,2021-05-21 00:00:00,80.9,81.6,82.85,80.6
251,2021-05-26 00:00:00,85.2,85.0,86.4,84.3
252,2021-05-31 00:00:00,85.0,84.95,86.2,84.65
253,2021-06-02 00:00:00,85.3,83.1,86.3,82.85
254,2021-06-29 00:00:00,80.55,80.65,81.7,80.25
255,2021-08-10 00:00:00,73.15,75.0,75.2,72.8
256,2021-08-24 00:00:00,68.05,68.1,69.1,67.75
257,2021-09-21 00:00:00,72.4,73.15,73.4,71.75
258,2021-12-01 00:00:00,71.1,71.75,72.05,70.7
259,2021-12-22 00:00:00,68.3,68.0,68.7,67.6
260,2022-01-18 00:00:00,71.35,73.1,73.75,71.1
261,2022-04-25 00:00:00,65.6,67.1,67.4,65.15
262,2022-06-14 00:00:00,58.7,58.05,59.6,58.05
263,2022-06-15 00:00:00,59.65,60.65,61.3,59.05
264,2022-06-17 00:00:00,57.5,57.25,58.0,56.85
265,2022-08-05 00:00:00,68.85,69.15,70.0,68.5
266,2022-08-29 00:00:00,67.3,66.15,68.0,66.15
267,2022-09-06 00:00:00,71.65,72.9,73.8,71.0
268,2022-09-12 00:00:00,70.9,69.8,72.45,69.55
269,2022-10-07 00:00:00,64.4,65.0,65.15,64.2
270,2022-11-18 00:00:00,77.95,81.4,81.8,77.05
271,2022-12-06 00:00:00,78.7,80.5,80.65,78.15
272,2023-03-10 00:00:00,80.1,76.3,80.7,76.15
273,2023-03-24 00:00:00,74.2,75.0,75.6,74.0
274,2023-05-10 00:00:00,99.25,94.7,99.9,93.75
275,2023-05-12 00:00:00,98.25,100.4,100.4,97.75
276,2023-07-14 00:00:00,126.75,124.0,128.0,122.0
277,2023-07-20 00:00:00,129.6,130.95,131.35,129.1
278,2021-02-05 00:00:00,74.35,75.0,75.8,74.05
279,2021-02-19 00:00:00,73.65,75.7,77.2,73.3
280,2021-06-11 00:00:00,83.9,84.95,85.45,83.7
281,2021-08-18 00:00:00,71.15,72.0,72.3,71.0
282,2021-09-08 00:00:00,72.0,72.55,72.65,71.6
283,2021-09-20 00:00:00,73.15,73.5,75.35,72.55
284,2021-09-27 00:00:00,72.55,73.7,73.8,72.35
285,2021-09-30 00:00:00,78.75,75.5,79.5,75.4
286,2021-10-19 00:00:00,78.8,79.9,82.5,78.25
287,2021-11-03 00:00:00,71.4,72.25,72.5,70.55
288,2021-12-16 00:00:00,71.25,72.6,72.7,70.95
289,2021-12-20 00:00:00,68.15,69.95,69.95,67.3
290,2021-12-31 00:00:00,70.0,69.25,70.4,69.25
291,2022-01-07 00:00:00,69.8,70.0,70.7,69.4
292,2022-04-06 00:00:00,68.9,67.4,69.5,67.2
293,2022-05-19 00:00:00,58.9,59.0,59.5,58.55
294,2022-05-20 00:00:00,59.45,59.7,60.2,59.35
295,2022-07-01 00:00:00,58.75,57.0,58.95,56.6
296,2022-09-01 00:00:00,67.95,67.8,68.45,67.15
297,2022-10-27 00:00:00,67.7,66.0,69.2,65.75
298,2022-12-21 00:00:00,80.4,84.95,86.2,79.1
299,2023-01-27 00:00:00,83.1,85.0,86.3,81.35
300,2023-02-13 00:00:00,78.1,80.25,80.25,77.6
301,2023-02-20 00:00:00,74.75,75.85,76.55,74.5
302,2023-03-01 00:00:00,72.6,71.5,73.25,71.4
303,2023-04-03 00:00:00,75.4,74.95,75.7,73.8
304,2023-04-05 00:00:00,74.35,75.6,76.45,74.05
305,2023-04-26 00:00:00,83.45,82.3,84.9,82.1
306,2023-05-18 00:00:00,96.9,99.8,99.8,96.5
307,2023-05-19 00:00:00,100.45,97.15,101.8,94.75
308,2023-05-29 00:00:00,110.7,108.65,113.45,105.0
309,2023-07-06 00:00:00,119.7,116.95,123.85,116.2
310,2023-07-11 00:00:00,120.2,120.35,122.1,119.3
311,2023-07-17 00:00:00,128.75,130.0,133.15,127.5
312,2021-01-11 00:00:00,79.2,80.9,81.35,79.0
313,2021-01-25 00:00:00,73.8,74.0,74.25,73.0
314,2021-02-24 00:00:00,72.95,72.45,73.85,72.3
315,2021-03-10 00:00:00,83.05,83.7,85.2,82.75
316,2021-04-08 00:00:00,76.45,76.5,78.0,76.1
317,2021-04-23 00:00:00,71.0,70.65,72.0,70.65
318,2021-05-11 00:00:00,82.0,78.0,83.9,77.0
319,2021-06-23 00:00:00,81.6,82.9,83.25,81.4
320,2021-06-24 00:00:00,80.85,81.95,82.4,80.7
321,2021-09-06 00:00:00,73.0,74.0,74.6,72.5
322,2021-09-17 00:00:00,73.6,73.95,74.45,72.65
323,2021-11-01 00:00:00,72.35,72.75,73.1,72.0
324,2021-11-11 00:00:00,71.5,74.0,74.2,70.9
325,2021-12-03 00:00:00,71.2,71.5,72.1,71.05
326,2021-12-30 00:00:00,69.3,69.8,69.85,69.2
327,2022-01-06 00:00:00,69.9,70.1,70.3,69.5
328,2022-02-03 00:00:00,70.15,70.3,70.8,70.05
329,2022-03-15 00:00:00,61.9,64.4,64.6,61.35
330,2022-04-11 00:00:00,68.75,68.9,69.45,68.5
331,2022-05-12 00:00:00,58.85,59.5,59.75,58.6
332,2022-06-01 00:00:00,62.0,62.85,63.6,61.3
333,2022-06-22 00:00:00,56.6,57.5,57.5,56.3
334,2022-06-27 00:00:00,57.8,58.7,58.7,57.55
335,2022-07-12 00:00:00,60.9,61.0,61.4,60.6
336,2022-07-29 00:00:00,67.0,66.8,67.35,66.5
337,2022-08-18 00:00:00,67.85,67.5,68.5,67.35
338,2022-09-05 00:00:00,71.9,67.45,72.4,67.45
339,2022-09-30 00:00:00,63.85,63.5,64.45,62.9
340,2022-10-03 00:00:00,64.0,64.1,64.75,63.8
341,2022-10-11 00:00:00,62.8,63.55,63.8,62.6
342,2022-10-28 00:00:00,68.7,68.05,69.15,67.6
343,2022-11-11 00:00:00,72.65,73.2,73.55,71.4
344,2022-11-24 00:00:00,79.3,79.6,81.0,78.65
345,2022-12-01 00:00:00,82.0,80.8,82.5,80.15
346,2022-12-14 00:00:00,81.4,82.9,82.95,81.1
347,2023-01-02 00:00:00,79.8,79.3,80.45,78.85
348,2023-01-10 00:00:00,83.35,83.05,84.6,82.8
349,2023-01-20 00:00:00,87.9,84.45,89.35,84.1
350,2023-03-15 00:00:00,76.5,77.25,77.6,76.3
351,2023-04-17 00:00:00,74.95,74.95,75.35,74.55
352,2023-05-22 00:00:00,100.0,100.45,100.95,99.5
353,2023-06-21 00:00:00,119.4,121.0,122.45,117.65
354,2023-07-04 00:00:00,113.6,114.7,115.85,112.85
355,2023-07-13 00:00:00,122.9,122.0,126.8,121.1
356,2023-08-17 00:00:00,150.35,148.95,152.0,148.2
357,2023-08-21 00:00:00,151.85,154.5,154.75,151.35
358,2021-01-01 00:00:00,78.95,78.0,79.2,77.75
359,2021-02-01 00:00:00,72.8,72.7,73.45,72.45
360,2021-02-09 00:00:00,76.95,78.3,78.9,76.7
361,2021-03-18 00:00:00,76.35,77.95,78.5,75.35
362,2021-03-31 00:00:00,77.0,77.0,77.8,76.0
363,2021-05-03 00:00:00,72.7,72.5,73.5,71.9
364,2021-06-09 00:00:00,83.7,85.5,86.3,83.25
365,2021-07-05 00:00:00,80.55,79.45,81.3,79.45
366,2021-10-07 00:00:00,77.65,77.0,78.1,76.55
367,2021-10-08 00:00:00,78.05,77.6,78.5,77.1
368,2021-10-12 00:00:00,78.4,78.7,79.6,78.0
369,2021-12-02 00:00:00,71.4,71.1,71.65,70.85
370,2021-12-07 00:00:00,70.9,71.0,71.3,70.8
371,2022-01-03 00:00:00,70.25,70.25,70.4,69.6
372,2022-01-25 00:00:00,68.65,67.95,68.95,67.3
373,2022-02-01 00:00:00,69.45,70.0,70.25,69.05
374,2022-02-04 00:00:00,69.65,70.45,70.6,69.4
375,2022-02-07 00:00:00,70.3,69.9,71.05,69.7
376,2022-02-14 00:00:00,66.55,67.5,67.55,66.15
377,2022-03-04 00:00:00,64.45,63.85,65.15,63.3
378,2022-03-11 00:00:00,65.05,65.1,65.75,64.5
379,2022-03-16 00:00:00,62.35,62.45,62.65,62.0
380,2022-03-31 00:00:00,64.05,65.7,66.0,63.6
381,2022-05-04 00:00:00,63.05,64.5,64.5,62.7
382,2022-05-10 00:00:00,60.35,60.95,61.65,60.15
383,2022-05-18 00:00:00,60.05,60.65,60.8,59.7
384,2022-06-13 00:00:00,58.75,60.85,60.85,57.9
385,2022-07-20 00:00:00,65.6,64.8,65.7,64.05
386,2022-07-21 00:00:00,66.85,65.75,67.0,65.65
387,2022-07-22 00:00:00,69.0,67.1,69.15,67.1
388,2022-08-11 00:00:00,67.35,67.7,68.15,67.0
389,2022-08-22 00:00:00,66.05,66.5,66.95,65.95
390,2022-09-14 00:00:00,69.85,69.65,70.3,69.35
391,2022-10-17 00:00:00,62.9,63.1,63.35,62.75
392,2022-12-09 00:00:00,80.3,80.95,81.7,77.85
393,2023-01-12 00:00:00,83.6,83.75,85.8,83.0
394,2023-02-06 00:00:00,78.1,80.0,82.45,77.55
395,2023-03-27 00:00:00,71.6,74.3,74.5,71.05
396,2023-03-29 00:00:00,71.7,70.9,72.3,70.5
397,2023-05-30 00:00:00,110.7,110.7,111.65,107.6
398,2023-06-06 00:00:00,110.25,109.6,113.3,109.2
399,2023-06-22 00:00:00,114.95,119.95,120.15,113.35
400,2023-07-12 00:00:00,121.45,120.55,124.65,119.5
401,2023-08-18 00:00:00,152.9,150.35,155.85,150.05
402,2021-01-08 00:00:00,80.05,79.7,80.95,79.0
403,2021-01-29 00:00:00,72.7,74.8,75.65,72.05
404,2021-04-22 00:00:00,70.75,70.8,71.3,70.3
405,2021-05-05 00:00:00,74.1,74.7,74.9,73.85
406,2021-08-09 00:00:00,74.75,74.3,76.35,74.0
407,2021-08-17 00:00:00,71.65,71.3,72.15,70.8
408,2021-08-30 00:00:00,71.8,71.0,72.4,70.65
409,2021-09-03 00:00:00,71.9,72.15,72.45,71.6
410,2021-09-23 00:00:00,74.05,74.4,75.0,73.9
411,2021-10-18 00:00:00,79.4,79.4,79.95,78.9
412,2021-11-16 00:00:00,70.85,71.15,71.5,70.65
413,2021-11-24 00:00:00,71.5,71.7,72.35,71.25
414,2021-11-30 00:00:00,71.7,72.4,73.5,70.9
415,2021-12-15 00:00:00,72.2,71.85,73.35,71.5
416,2022-01-24 00:00:00,67.95,69.5,69.55,67.3
417,2022-02-18 00:00:00,64.95,66.05,66.6,64.8
418,2022-03-24 00:00:00,62.2,62.3,62.7,62.0
419,2022-05-09 00:00:00,60.95,61.5,62.0,60.7
420,2022-05-30 00:00:00,59.7,60.65,60.65,59.1
421,2022-08-03 00:00:00,69.55,67.6,69.9,66.6
422,2022-08-08 00:00:00,66.4,68.9,68.9,66.3
423,2022-08-30 00:00:00,67.95,67.95,68.75,67.5
424,2022-09-28 00:00:00,63.2,63.35,63.85,62.75
425,2022-10-12 00:00:00,62.55,63.3,63.3,62.45
426,2022-10-19 00:00:00,64.95,65.0,66.85,64.65
427,2022-12-23 00:00:00,74.6,77.6,77.75,72.25
428,2022-12-26 00:00:00,76.85,74.55,77.45,73.6
429,2022-12-29 00:00:00,77.55,78.3,79.0,77.0
430,2023-01-03 00:00:00,80.1,80.0,81.5,79.8
431,2023-02-03 00:00:00,83.65,85.9,86.15,81.75
432,2023-03-03 00:00:00,75.5,74.5,76.0,74.35
433,2023-03-08 00:00:00,77.2,75.8,78.1,73.95
434,2023-03-21 00:00:00,75.7,75.5,76.0,74.55
435,2023-05-05 00:00:00,97.5,91.9,101.5,91.5
436,2023-06-08 00:00:00,110.3,113.5,113.85,109.9
437,2023-06-16 00:00:00,112.15,109.0,113.9,108.05
438,2021-01-06 00:00:00,77.55,78.25,79.25,77.2
439,2021-01-07 00:00:00,78.8,78.1,79.2,77.75
440,2021-02-11 00:00:00,75.35,75.5,76.65,74.8
441,2021-02-18 00:00:00,74.65,71.9,75.35,71.6
442,2021-02-22 00:00:00,72.2,73.55,74.35,72.0
443,2021-03-04 00:00:00,86.05,87.1,87.75,85.7
444,2021-03-17 00:00:00,77.7,80.6,80.8,77.5
445,2021-05-12 00:00:00,78.8,82.75,83.85,78.0
446,2021-05-17 00:00:00,82.0,79.5,82.45,78.4
447,2021-06-07 00:00:00,88.2,85.0,89.5,84.85
448,2021-06-17 00:00:00,82.5,82.7,84.4,82.25
449,2021-07-09 00:00:00,79.2,79.8,80.35,79.0
450,2021-07-20 00:00:00,75.75,77.35,77.35,75.55
451,2021-08-03 00:00:00,74.9,74.6,75.0,74.45
452,2021-08-06 00:00:00,73.9,74.15,74.85,73.4
453,2021-08-16 00:00:00,70.95,71.0,71.45,70.7
454,2021-08-20 00:00:00,70.1,71.05,71.9,70.0
455,2021-08-25 00:00:00,69.3,68.45,69.9,68.25
456,2021-09-29 00:00:00,75.3,73.3,76.5,73.3
457,2021-12-08 00:00:00,72.05,71.25,72.4,71.05
458,2022-01-28 00:00:00,68.95,68.75,70.25,68.5
459,2022-02-02 00:00:00,70.1,70.15,70.9,69.8
460,2022-03-02 00:00:00,61.5,61.5,62.85,60.85
461,2022-03-08 00:00:00,64.95,64.4,66.05,64.1
462,2022-03-10 00:00:00,65.05,65.6,66.0,65.0
463,2022-03-21 00:00:00,61.6,62.0,62.4,61.25
464,2022-04-18 00:00:00,66.8,66.9,67.45,66.35
465,2022-04-20 00:00:00,67.95,67.5,68.75,67.15
466,2022-04-22 00:00:00,67.55,68.25,68.6,67.4
467,2022-05-23 00:00:00,59.65,59.85,60.1,59.45
468,2022-06-07 00:00:00,60.05,61.0,61.1,59.9
469,2022-07-05 00:00:00,59.15,59.9,60.45,59.05
470,2022-07-14 00:00:00,60.5,60.7,61.3,60.0
471,2022-08-23 00:00:00,65.8,66.0,66.5,65.45
472,2022-10-06 00:00:00,65.05,65.15,65.4,64.9
473,2022-10-21 00:00:00,63.65,64.4,64.65,63.4
474,2022-11-17 00:00:00,80.7,73.1,81.2,72.85
475,2023-01-30 00:00:00,85.95,83.1,87.5,83.0
476,2023-02-15 00:00:00,76.4,76.15,77.9,75.8
477,2023-02-24 00:00:00,72.3,72.3,73.3,71.95
478,2023-04-24 00:00:00,82.6,79.15,83.0,78.85
479,2023-04-25 00:00:00,82.3,82.9,84.0,82.05
480,2023-07-10 00:00:00,120.35,121.75,122.35,118.3
481,2023-07-25 00:00:00,148.25,142.9,149.8,142.0
482,2023-07-31 00:00:00,158.65,155.0,160.0,152.7
483,2023-08-14 00:00:00,149.7,150.8,151.5,145.65
484,2021-01-15 00:00:00,77.8,79.9,80.05,77.3
485,2021-02-17 00:00:00,71.15,71.2,72.55,71.0
486,2021-03-12 00:00:00,82.9,83.5,84.8,81.2
487,2021-03-23 00:00:00,76.9,75.85,77.5,75.85
488,2021-04-19 00:00:00,70.8,70.6,72.0,70.0
489,2021-04-28 00:00:00,73.6,73.2,74.5,73.2
490,2021-05-19 00:00:00,83.0,80.85,84.7,80.55
491,2021-05-28 00:00:00,84.25,87.0,87.2,84.0
492,2021-07-01 00:00:00,78.95,79.85,79.95,78.8
493,2021-07-08 00:00:00,79.8,79.2,81.35,79.1
494,2021-07-16 00:00:00,77.5,78.0,78.4,77.35
495,2021-07-22 00:00:00,75.95,76.15,76.9,75.8
496,2021-08-02 00:00:00,74.6,75.45,75.75,73.9
497,2021-08-26 00:00:00,69.5,69.45,69.95,69.1
498,2021-09-09 00:00:00,71.8,72.3,72.6,71.55
499,2021-09-28 00:00:00,73.85,72.6,74.9,72.6
500,2021-10-04 00:00:00,78.85,80.0,80.8,78.1
501,2021-10-05 00:00:00,77.65,78.5,79.3,77.15
502,2021-10-11 00:00:00,78.75,78.7,80.5,78.4
503,2021-10-27 00:00:00,73.75,73.95,74.5,73.55
504,2021-12-17 00:00:00,69.95,71.95,71.95,69.75
505,2022-01-10 00:00:00,70.6,70.05,71.05,69.9
506,2022-02-15 00:00:00,67.4,67.0,67.6,65.9
507,2022-02-17 00:00:00,65.75,66.6,67.05,65.4
508,2022-02-23 00:00:00,62.0,62.0,63.2,61.8
509,2022-02-25 00:00:00,60.35,60.0,60.75,58.6
510,2022-03-03 00:00:00,64.9,62.7,66.85,61.2
511,2022-03-29 00:00:00,67.85,66.0,68.75,64.4
512,2022-04-21 00:00:00,68.4,68.4,69.1,68.2
513,2022-05-25 00:00:00,58.0,59.7,60.0,57.45
514,2022-06-10 00:00:00,61.6,62.4,62.75,61.45
515,2022-06-24 00:00:00,57.75,57.6,58.15,57.05
516,2022-06-29 00:00:00,57.3,57.7,57.7,57.05
517,2022-07-15 00:00:00,60.5,60.6,61.0,60.15
518,2022-07-18 00:00:00,60.8,60.6,61.25,60.6
519,2022-11-14 00:00:00,73.35,73.7,74.0,72.25
520,2022-11-21 00:00:00,77.0,78.3,79.1,76.6
521,2022-12-16 00:00:00,81.6,80.8,84.45,80.7
522,2022-12-19 00:00:00,85.55,82.25,87.8,81.0
523,2022-12-30 00:00:00,78.85,78.3,80.65,78.3
524,2023-01-16 00:00:00,84.2,83.6,85.35,83.2
525,2023-03-16 00:00:00,76.6,76.55,76.95,74.9
526,2023-04-06 00:00:00,74.25,74.5,74.8,74.05
527,2023-06-09 00:00:00,109.8,110.3,110.9,109.0
528,2023-06-12 00:00:00,110.0,110.0,110.85,109.0
529,2021-01-21 00:00:00,75.85,78.0,78.25,75.6
530,2021-01-27 00:00:00,73.95,74.5,74.5,73.25
531,2021-02-03 00:00:00,73.75,75.0,75.45,73.5
532,2021-03-16 00:00:00,80.8,82.5,82.75,80.5
533,2021-03-19 00:00:00,73.9,75.3,75.3,72.75
534,2021-04-06 00:00:00,76.1,75.6,76.6,75.2
535,2021-05-24 00:00:00,81.75,81.25,82.6,80.75
536,2021-07-12 00:00:00,79.15,79.5,79.95,79.0
537,2021-08-05 00:00:00,73.9,75.0,75.2,73.35
538,2021-11-12 00:00:00,71.1,71.05,71.75,71.0
539,2021-11-17 00:00:00,70.3,70.75,71.4,70.1
540,2021-12-09 00:00:00,71.75,72.2,72.35,71.55
541,2022-01-12 00:00:00,70.9,70.85,71.6,70.2
542,2022-01-31 00:00:00,69.45,69.6,70.25,69.15
543,2022-03-14 00:00:00,64.15,65.4,65.4,64.0
544,2022-03-28 00:00:00,65.35,64.65,65.7,63.35
545,2022-04-12 00:00:00,67.5,68.95,69.2,67.15
546,2022-04-19 00:00:00,67.4,67.05,69.5,66.35
547,2022-06-06 00:00:00,60.85,61.45,61.45,60.6
548,2022-06-16 00:00:00,57.95,60.05,60.15,57.5
549,2022-07-25 00:00:00,68.1,69.05,69.25,66.5
550,2022-08-02 00:00:00,67.5,67.2,67.8,67.0
551,2022-08-17 00:00:00,68.25,68.15,68.8,67.95
552,2022-08-19 00:00:00,66.7,68.0,68.15,66.5
553,2022-09-21 00:00:00,66.2,66.7,67.2,66.0
554,2022-09-29 00:00:00,63.45,63.55,64.45,62.8
555,2022-10-20 00:00:00,64.2,64.5,65.0,64.0
556,2022-11-01 00:00:00,71.15,70.6,71.8,70.3
557,2022-11-10 00:00:00,72.35,74.5,74.8,71.85
558,2022-11-28 00:00:00,84.0,80.95,86.5,80.85
559,2022-12-13 00:00:00,82.35,81.95,84.0,81.45
560,2023-01-19 00:00:00,84.15,84.55,85.0,83.75
561,2023-02-10 00:00:00,81.05,81.4,82.2,80.75
562,2023-02-28 00:00:00,71.35,71.0,72.45,70.05
563,2023-04-12 00:00:00,75.25,74.5,75.6,73.8
564,2023-05-26 00:00:00,104.7,110.4,110.4,103.65
565,2023-08-03 00:00:00,147.05,149.7,151.4,144.2
566,2023-08-04 00:00:00,147.2,148.0,151.35,145.2
567,2023-08-07 00:00:00,149.7,147.85,151.65,146.15
568,2023-08-09 00:00:00,152.65,155.2,156.2,151.6
569,2021-03-02 00:00:00,87.1,88.0,91.3,85.5
570,2021-03-26 00:00:00,73.7,75.0,75.5,73.5
571,2021-04-13 00:00:00,71.85,72.15,72.8,71.2
572,2021-06-08 00:00:00,87.85,89.4,89.4,87.4
573,2021-06-14 00:00:00,83.9,84.35,85.5,82.25
574,2021-06-28 00:00:00,80.65,81.0,81.25,80.5
575,2021-07-26 00:00:00,75.8,75.0,76.95,74.8
576,2021-09-22 00:00:00,73.9,72.9,74.8,72.5
577,2021-10-28 00:00:00,72.75,73.75,73.95,72.5
578,2021-11-09 00:00:00,73.0,72.3,73.35,71.9
579,2021-11-29 00:00:00,71.9,73.7,73.95,71.1
580,2021-12-13 00:00:00,72.5,72.6,73.5,72.25
581,2021-12-21 00:00:00,67.6,68.8,69.25,67.4
582,2022-01-05 00:00:00,70.8,70.0,71.9,69.5
583,2022-01-19 00:00:00,71.2,71.2,71.9,70.75
584,2022-02-16 00:00:00,66.55,66.25,67.15,66.05
585,2022-02-28 00:00:00,61.65,60.0,61.9,59.6
586,2022-03-17 00:00:00,61.35,62.85,63.0,60.85
587,2022-03-30 00:00:00,65.75,67.8,68.4,65.4
588,2022-04-04 00:00:00,67.3,66.65,68.1,66.5
589,2022-04-29 00:00:00,64.4,65.3,65.6,64.25
590,2022-05-24 00:00:00,59.5,59.65,59.85,59.25
591,2022-05-27 00:00:00,59.7,59.25,60.1,59.05
592,2022-06-30 00:00:00,57.0,57.4,57.55,56.75
593,2022-07-28 00:00:00,66.2,67.1,67.75,65.9
594,2022-08-12 00:00:00,67.75,67.4,68.0,67.35
595,2022-08-26 00:00:00,68.0,67.9,69.15,67.5
596,2022-09-07 00:00:00,70.95,71.5,72.5,70.75
597,2022-09-08 00:00:00,70.8,71.45,71.85,70.7
598,2022-09-22 00:00:00,66.0,66.0,66.95,65.8
599,2022-11-02 00:00:00,69.25,71.0,71.2,69.0
600,2022-12-15 00:00:00,80.65,81.7,82.4,80.3
601,2023-01-06 00:00:00,83.9,84.9,86.9,82.9
602,2023-01-23 00:00:00,88.9,88.9,90.75,87.95
603,2023-01-24 00:00:00,86.6,89.0,89.3,86.2
604,2023-02-09 00:00:00,81.35,83.2,83.5,81.1
605,2023-02-21 00:00:00,74.7,74.95,75.7,74.4
606,2023-02-27 00:00:00,71.1,72.15,72.2,70.6
607,2023-03-13 00:00:00,76.4,80.6,80.6,75.65
608,2023-03-14 00:00:00,76.75,76.35,77.45,75.4
609,2023-03-22 00:00:00,75.0,76.1,76.8,74.7
610,2023-04-21 00:00:00,79.1,80.6,80.85,78.6
611,2023-05-31 00:00:00,110.85,110.15,111.5,108.35
612,2023-06-20 00:00:00,120.75,115.25,121.45,114.65
613,2023-08-11 00:00:00,151.0,150.25,152.8,149.6
614,2023-08-23 00:00:00,164.4,160.6,164.7,160.0
615,2021-01-04 00:00:00,79.2,79.95,79.95,78.55
616,2021-03-30 00:00:00,76.85,74.0,78.7,73.4
617,2021-04-30 00:00:00,72.75,72.4,74.45,72.2
618,2021-05-18 00:00:00,80.9,82.9,83.5,80.55
619,2021-06-04 00:00:00,84.25,85.35,85.65,83.65
620,2021-06-10 00:00:00,84.5,84.3,85.45,84.1
621,2021-06-15 00:00:00,84.1,84.45,85.3,83.7
622,2021-06-16 00:00:00,83.65,84.3,85.3,83.4
623,2021-06-22 00:00:00,81.9,81.8,83.95,81.55
624,2021-07-02 00:00:00,79.1,79.2,79.55,78.5
625,2021-07-23 00:00:00,74.85,76.25,76.4,74.7
626,2021-07-30 00:00:00,75.05,74.75,75.5,74.55
627,2021-09-02 00:00:00,71.95,72.3,72.75,71.8
628,2021-09-24 00:00:00,73.45,74.15,74.45,73.15
629,2021-11-02 00:00:00,71.95,72.75,72.75,71.75
630,2021-11-18 00:00:00,69.75,70.55,70.75,69.0
631,2021-11-26 00:00:00,73.95,72.25,74.8,72.25
632,2021-12-23 00:00:00,68.85,68.8,69.25,68.5
633,2021-12-24 00:00:00,68.45,69.3,69.3,68.35
634,2022-02-24 00:00:00,58.25,61.0,61.25,58.0
635,2022-03-22 00:00:00,61.5,61.8,62.0,61.25
636,2022-04-05 00:00:00,67.7,67.6,68.4,67.25
637,2022-05-16 00:00:00,59.6,59.2,59.9,58.6
638,2022-06-03 00:00:00,61.05,63.5,63.8,60.65
639,2022-08-24 00:00:00,66.2,65.8,66.5,65.8
640,2022-11-03 00:00:00,72.5,68.75,73.25,68.6
641,2023-01-11 00:00:00,83.5,83.0,84.8,83.0
642,2023-01-17 00:00:00,84.95,84.7,85.5,83.1
643,2023-01-18 00:00:00,85.1,85.7,86.3,84.35
644,2023-01-31 00:00:00,87.55,86.45,88.0,85.15
645,2023-02-08 00:00:00,83.15,83.05,84.5,81.8
646,2023-02-16 00:00:00,76.25,76.75,77.35,76.1
647,2023-03-17 00:00:00,75.8,77.1,77.2,75.6
648,2023-03-28 00:00:00,71.0,71.9,72.1,70.35
649,2023-04-18 00:00:00,77.6,75.35,78.25,75.3
650,2023-05-11 00:00:00,100.05,100.6,101.5,97.6
651,2023-06-07 00:00:00,113.3,111.95,114.5,111.6
652,2023-07-05 00:00:00,116.2,113.5,119.35,113.2
653,2023-07-24 00:00:00,141.45,135.9,142.4,135.6
654,2023-08-02 00:00:00,148.5,154.0,154.4,142.95
