,time,close,open,high,low
0,2021-01-08 00:00:00,60.6,60.2,61.25,60.2
1,2021-02-25 00:00:00,76.35,72.7,78.25,71.5
2,2021-06-17 00:00:00,106.25,108.0,109.25,105.6
3,2021-06-23 00:00:00,105.35,107.5,107.5,105.1
4,2021-06-30 00:00:00,103.5,103.0,104.9,103.0
5,2021-07-01 00:00:00,103.35,103.9,104.35,103.1
6,2021-07-30 00:00:00,100.75,97.0,102.9,96.9
7,2021-09-02 00:00:00,110.85,103.75,111.5,103.25
8,2022-01-18 00:00:00,111.95,110.9,114.9,109.55
9,2022-02-23 00:00:00,87.6,87.0,89.1,87.0
10,2022-04-18 00:00:00,95.95,94.8,96.7,94.0
11,2022-04-27 00:00:00,94.45,95.1,97.15,92.5
12,2022-05-25 00:00:00,81.55,83.3,83.65,81.1
13,2022-05-26 00:00:00,84.7,82.1,84.95,80.4
14,2022-06-10 00:00:00,80.45,80.4,81.4,79.65
15,2022-06-16 00:00:00,72.2,74.1,75.0,72.0
16,2022-06-27 00:00:00,73.45,74.2,74.85,73.2
17,2022-07-28 00:00:00,80.8,77.9,82.0,77.2
18,2022-08-25 00:00:00,85.15,84.65,86.5,84.4
19,2022-09-20 00:00:00,82.05,81.25,82.4,81.25
20,2022-10-13 00:00:00,76.85,76.65,77.2,76.05
21,2022-11-09 00:00:00,76.5,73.6,76.5,73.6
22,2022-11-25 00:00:00,88.6,86.5,88.8,86.5
23,2022-12-01 00:00:00,88.75,88.9,90.0,88.05
24,2023-01-09 00:00:00,87.4,87.4,87.4,87.4
25,2023-02-28 00:00:00,88.15,87.9,90.0,86.55
26,2023-03-23 00:00:00,90.25,90.4,91.6,89.95
27,2023-04-21 00:00:00,91.45,92.05,92.7,90.5
28,2023-07-03 00:00:00,115.1,116.45,116.65,113.8
29,2023-07-05 00:00:00,112.75,113.5,114.2,112.0
30,2023-07-24 00:00:00,112.35,111.4,116.3,111.2
31,2023-08-04 00:00:00,119.3,124.4,125.5,118.35
32,2021-02-04 00:00:00,64.0,62.9,64.9,62.85
33,2021-02-09 00:00:00,63.65,62.7,64.9,62.5
34,2021-02-26 00:00:00,73.6,74.9,77.0,72.8
35,2021-03-23 00:00:00,82.95,80.4,85.3,79.95
36,2021-05-25 00:00:00,91.2,90.5,94.2,90.5
37,2021-06-02 00:00:00,91.3,87.9,93.25,87.7
38,2021-08-03 00:00:00,100.2,101.1,102.2,100.1
39,2021-08-10 00:00:00,96.8,99.0,99.5,96.4
40,2021-09-28 00:00:00,98.6,98.1,100.3,97.45
41,2021-11-15 00:00:00,119.2,120.9,121.35,118.8
42,2021-12-06 00:00:00,110.5,113.65,114.5,110.0
43,2021-12-08 00:00:00,114.2,111.5,114.4,111.4
44,2022-01-12 00:00:00,110.1,108.7,111.2,108.5
45,2022-01-27 00:00:00,94.5,94.0,96.45,91.3
46,2022-02-11 00:00:00,95.35,96.8,97.45,95.05
47,2022-02-16 00:00:00,89.35,89.65,90.7,89.1
48,2022-03-04 00:00:00,84.3,84.5,84.95,83.55
49,2022-03-14 00:00:00,83.8,84.15,84.85,82.9
50,2022-04-04 00:00:00,95.0,88.3,96.85,88.1
51,2022-04-19 00:00:00,95.15,96.65,97.9,93.95
52,2022-06-13 00:00:00,78.5,80.0,80.0,78.05
53,2022-07-07 00:00:00,81.75,81.95,83.75,80.5
54,2022-07-26 00:00:00,78.0,79.2,79.4,77.7
55,2022-07-29 00:00:00,83.05,80.2,83.95,80.2
56,2022-09-13 00:00:00,85.55,85.65,86.85,85.4
57,2022-09-14 00:00:00,84.45,84.9,85.0,84.1
58,2022-09-15 00:00:00,84.3,84.8,85.75,84.0
59,2022-11-18 00:00:00,80.65,80.65,80.65,79.0
60,2022-12-23 00:00:00,74.9,78.1,78.1,74.6
61,2023-01-25 00:00:00,108.4,113.5,114.0,108.4
62,2023-04-10 00:00:00,93.25,93.0,95.55,92.6
63,2023-05-18 00:00:00,92.5,93.4,93.9,92.35
64,2023-05-19 00:00:00,92.2,93.0,93.2,91.2
65,2023-05-31 00:00:00,99.7,99.0,100.9,98.15
66,2023-06-01 00:00:00,101.2,100.1,102.0,99.55
67,2023-06-13 00:00:00,105.65,106.2,106.65,104.5
68,2023-07-12 00:00:00,111.95,113.6,113.6,111.55
69,2023-07-14 00:00:00,111.7,110.55,112.15,110.0
70,2023-08-10 00:00:00,124.95,124.75,127.15,123.05
71,2021-01-07 00:00:00,60.2,61.0,61.4,59.9
72,2021-01-18 00:00:00,58.15,59.3,59.35,57.7
73,2021-03-04 00:00:00,78.75,77.7,82.4,77.2
74,2021-04-27 00:00:00,81.4,81.15,82.9,81.0
75,2021-05-31 00:00:00,88.45,89.65,91.0,88.2
76,2021-06-21 00:00:00,106.5,101.0,106.9,101.0
77,2021-06-24 00:00:00,103.8,105.2,106.5,103.2
78,2021-07-08 00:00:00,102.0,102.65,104.0,101.6
79,2021-08-04 00:00:00,102.75,100.2,103.75,100.0
80,2021-09-21 00:00:00,95.75,96.35,97.25,94.45
81,2021-10-11 00:00:00,133.8,131.0,137.75,126.0
82,2021-10-12 00:00:00,134.05,131.4,135.6,130.5
83,2021-11-08 00:00:00,126.75,129.1,131.65,126.4
84,2021-12-23 00:00:00,107.7,108.5,108.7,107.4
85,2021-12-27 00:00:00,104.6,106.1,106.5,104.0
86,2021-12-31 00:00:00,109.05,107.85,109.4,107.5
87,2022-01-04 00:00:00,111.05,111.25,112.4,110.1
88,2022-04-25 00:00:00,95.55,97.05,97.45,95.1
89,2022-06-09 00:00:00,80.8,81.85,82.4,80.1
90,2022-07-13 00:00:00,80.0,80.4,80.8,79.65
91,2022-08-02 00:00:00,84.45,83.5,86.4,82.6
92,2022-09-27 00:00:00,78.15,79.25,79.75,77.65
93,2022-11-10 00:00:00,76.7,78.9,78.9,76.0
94,2022-11-30 00:00:00,88.0,87.85,88.6,86.8
95,2023-02-23 00:00:00,90.35,91.1,91.8,89.6
96,2023-02-27 00:00:00,87.75,89.4,90.0,87.25
97,2023-03-22 00:00:00,91.6,89.1,92.5,89.1
98,2023-04-25 00:00:00,91.15,93.55,94.8,90.8
99,2023-04-27 00:00:00,92.65,92.4,93.6,91.75
100,2023-05-12 00:00:00,93.75,93.25,94.2,93.0
101,2023-05-30 00:00:00,98.45,101.0,101.4,98.05
102,2023-06-09 00:00:00,106.35,105.5,108.35,105.5
103,2023-06-12 00:00:00,106.0,106.5,106.85,104.6
104,2023-08-16 00:00:00,121.65,119.75,122.4,119.4
105,2021-01-13 00:00:00,59.95,61.05,61.6,59.5
106,2021-01-21 00:00:00,58.55,58.3,59.4,58.2
107,2021-01-27 00:00:00,59.55,61.0,61.25,58.4
108,2021-03-09 00:00:00,75.75,77.25,77.6,74.6
109,2021-04-29 00:00:00,80.55,81.1,82.3,80.45
110,2021-05-19 00:00:00,95.1,97.6,98.2,94.85
111,2021-05-27 00:00:00,91.1,89.15,91.85,89.15
112,2021-06-11 00:00:00,98.1,98.7,99.65,96.5
113,2021-06-29 00:00:00,103.65,103.45,104.9,103.0
114,2021-07-06 00:00:00,102.45,103.35,103.35,102.0
115,2021-07-12 00:00:00,100.55,101.0,102.0,100.25
116,2021-07-27 00:00:00,97.75,99.05,99.8,97.5
117,2021-08-11 00:00:00,95.9,98.0,98.2,92.55
118,2021-09-08 00:00:00,102.65,101.85,103.15,101.0
119,2021-10-22 00:00:00,129.15,133.75,138.5,126.5
120,2021-12-09 00:00:00,112.95,115.0,115.2,112.05
121,2022-01-11 00:00:00,108.45,110.25,110.4,108.1
122,2022-01-25 00:00:00,94.8,87.0,95.5,87.0
123,2022-02-18 00:00:00,87.95,87.05,89.5,87.05
124,2022-04-01 00:00:00,86.15,82.7,86.45,82.45
125,2022-06-14 00:00:00,78.4,78.1,79.3,78.1
126,2022-06-15 00:00:00,74.0,78.8,78.95,73.5
127,2022-07-06 00:00:00,80.3,81.65,82.1,78.4
128,2022-08-04 00:00:00,83.55,84.15,85.2,82.6
129,2022-08-05 00:00:00,83.9,84.0,84.4,83.6
130,2022-08-10 00:00:00,81.15,82.8,83.0,80.9
131,2022-09-01 00:00:00,84.65,84.7,85.75,84.5
132,2022-10-20 00:00:00,72.35,75.9,76.45,72.0
133,2022-12-14 00:00:00,91.05,91.7,91.9,89.2
134,2022-12-28 00:00:00,78.75,78.85,79.55,78.1
135,2023-01-04 00:00:00,85.15,86.45,86.9,83.65
136,2023-01-05 00:00:00,84.55,85.4,85.7,83.9
137,2023-02-09 00:00:00,93.25,94.2,94.9,90.15
138,2023-04-18 00:00:00,92.45,92.0,93.4,92.0
139,2023-04-19 00:00:00,92.25,92.65,94.0,92.05
140,2023-05-23 00:00:00,92.95,93.2,93.55,92.75
141,2023-06-07 00:00:00,103.85,101.85,104.9,101.8
142,2023-06-21 00:00:00,115.6,120.4,121.8,114.55
143,2023-07-26 00:00:00,112.65,112.45,113.3,112.15
144,2023-07-27 00:00:00,113.05,113.0,114.15,112.55
145,2023-08-01 00:00:00,121.1,118.95,121.6,118.2
146,2023-08-21 00:00:00,126.1,124.3,128.25,122.6
147,2021-02-10 00:00:00,64.65,63.8,65.65,63.65
148,2021-02-15 00:00:00,69.45,69.75,71.35,66.6
149,2021-02-24 00:00:00,71.1,70.95,71.75,69.6
150,2021-03-18 00:00:00,80.0,84.1,84.65,79.0
151,2021-04-16 00:00:00,84.35,83.0,85.95,82.9
152,2021-05-14 00:00:00,93.2,90.15,96.65,89.9
153,2021-12-01 00:00:00,110.7,112.9,113.2,109.65
154,2021-12-10 00:00:00,112.75,112.15,113.7,112.0
155,2022-01-17 00:00:00,109.4,110.35,110.6,108.85
156,2022-03-08 00:00:00,84.45,82.0,85.2,81.95
157,2022-03-30 00:00:00,81.35,79.2,83.0,79.15
158,2022-05-16 00:00:00,84.8,83.0,85.8,82.5
159,2022-05-30 00:00:00,87.25,85.95,87.95,85.5
160,2022-07-05 00:00:00,81.5,79.0,84.1,79.0
161,2022-07-22 00:00:00,79.9,80.4,80.4,79.7
162,2022-08-01 00:00:00,82.85,83.05,83.5,82.1
163,2022-09-12 00:00:00,85.55,86.85,87.5,85.3
164,2022-11-03 00:00:00,71.85,72.2,72.3,70.55
165,2023-01-11 00:00:00,96.3,95.5,96.3,93.05
166,2023-03-02 00:00:00,97.15,97.15,97.15,97.15
167,2023-04-17 00:00:00,91.95,94.95,95.6,91.5
168,2023-05-02 00:00:00,93.6,95.8,95.8,92.55
169,2023-06-02 00:00:00,101.8,102.0,103.65,100.5
170,2023-07-19 00:00:00,110.95,111.0,111.95,110.45
171,2023-08-02 00:00:00,117.35,121.0,121.1,115.25
172,2023-08-11 00:00:00,122.6,125.6,125.8,121.85
173,2021-03-01 00:00:00,73.95,74.15,76.25,72.7
174,2021-03-12 00:00:00,80.3,77.1,82.4,77.1
175,2021-03-24 00:00:00,80.35,82.0,82.9,79.95
176,2021-03-26 00:00:00,79.25,81.0,81.6,78.6
177,2021-04-05 00:00:00,81.15,78.8,81.9,77.95
178,2021-05-20 00:00:00,92.65,95.05,95.45,92.45
179,2021-06-25 00:00:00,102.6,105.0,105.95,102.2
180,2021-09-15 00:00:00,100.1,98.9,100.9,98.05
181,2021-10-19 00:00:00,130.2,135.0,144.4,127.5
182,2021-11-02 00:00:00,125.25,127.85,129.0,125.0
183,2021-11-11 00:00:00,122.1,124.05,125.7,121.7
184,2021-12-07 00:00:00,110.35,111.35,112.35,110.0
185,2021-12-17 00:00:00,108.95,111.2,111.4,107.55
186,2021-12-29 00:00:00,108.1,107.8,109.2,107.35
187,2022-02-01 00:00:00,95.05,96.35,96.35,94.25
188,2022-02-21 00:00:00,87.15,87.9,89.25,86.0
189,2022-03-10 00:00:00,84.45,85.8,85.9,84.1
190,2022-03-31 00:00:00,82.25,81.35,83.4,81.35
191,2022-04-13 00:00:00,94.8,94.75,95.65,94.55
192,2022-04-26 00:00:00,96.15,96.45,97.0,95.7
193,2022-04-28 00:00:00,92.25,95.3,95.4,92.1
194,2022-05-06 00:00:00,88.85,89.0,89.6,87.8
195,2022-05-18 00:00:00,89.75,87.3,90.35,86.65
196,2022-05-20 00:00:00,84.7,86.25,86.25,84.2
197,2022-08-18 00:00:00,84.15,84.7,84.9,83.45
198,2022-09-08 00:00:00,86.9,87.4,87.45,86.6
199,2022-10-28 00:00:00,72.35,71.25,72.7,70.2
200,2022-11-07 00:00:00,72.9,72.0,73.6,71.9
201,2022-12-27 00:00:00,78.35,77.7,81.0,77.55
202,2023-01-12 00:00:00,94.8,99.8,100.4,92.6
203,2023-01-16 00:00:00,91.4,91.75,92.95,90.3
204,2023-01-19 00:00:00,105.7,105.7,105.7,103.15
205,2023-02-02 00:00:00,87.75,89.0,90.9,86.85
206,2023-02-08 00:00:00,94.05,91.85,95.0,91.3
207,2023-03-01 00:00:00,92.55,92.55,92.55,92.0
208,2023-03-08 00:00:00,94.45,92.5,95.15,92.0
209,2023-03-14 00:00:00,89.85,90.0,90.4,88.05
210,2023-04-05 00:00:00,90.95,86.75,90.95,86.75
211,2023-05-25 00:00:00,93.75,93.9,94.7,93.35
212,2023-07-07 00:00:00,111.1,111.9,113.05,110.3
213,2023-07-31 00:00:00,117.8,114.85,118.75,114.0
214,2023-08-09 00:00:00,124.75,123.5,125.5,122.7
215,2021-04-09 00:00:00,90.75,88.4,92.0,88.05
216,2021-04-15 00:00:00,83.05,84.9,85.0,80.7
217,2021-04-22 00:00:00,81.8,83.0,83.95,81.4
218,2021-05-03 00:00:00,83.55,81.5,84.75,80.9
219,2021-05-17 00:00:00,97.3,94.0,98.2,94.0
220,2021-06-03 00:00:00,91.85,92.0,94.5,91.5
221,2021-08-17 00:00:00,94.9,97.0,98.0,94.5
222,2021-09-06 00:00:00,108.4,109.45,110.2,105.8
223,2021-09-07 00:00:00,106.3,108.2,108.4,105.7
224,2021-10-07 00:00:00,116.8,119.4,119.4,116.0
225,2021-10-08 00:00:00,125.4,117.65,127.85,115.25
226,2021-10-13 00:00:00,137.15,135.1,140.95,133.95
227,2021-11-04 00:00:00,127.8,127.2,128.1,126.6
228,2021-11-09 00:00:00,125.95,127.65,128.9,125.0
229,2021-11-12 00:00:00,120.25,122.25,123.0,117.9
230,2021-11-17 00:00:00,121.5,117.3,123.2,117.3
231,2021-11-23 00:00:00,115.85,113.85,116.7,112.7
232,2021-11-29 00:00:00,107.3,112.0,112.6,105.6
233,2021-12-22 00:00:00,107.15,106.25,107.8,105.65
234,2022-01-05 00:00:00,110.3,111.05,112.0,109.55
235,2022-02-03 00:00:00,95.75,96.2,97.3,95.65
236,2022-02-04 00:00:00,95.3,96.0,96.5,95.0
237,2022-02-09 00:00:00,97.05,94.4,97.9,94.2
238,2022-02-15 00:00:00,88.9,92.0,92.6,87.3
239,2022-02-25 00:00:00,86.2,86.0,87.4,85.25
240,2022-02-28 00:00:00,85.0,85.3,86.2,84.8
241,2022-03-22 00:00:00,81.3,81.4,81.8,80.55
242,2022-03-23 00:00:00,81.25,81.95,82.25,81.0
243,2022-04-06 00:00:00,99.55,98.75,102.9,97.9
244,2022-05-02 00:00:00,91.35,92.0,92.0,89.6
245,2022-05-05 00:00:00,89.6,91.1,92.05,89.1
246,2022-05-11 00:00:00,83.7,86.5,87.55,82.4
247,2022-06-01 00:00:00,83.55,86.25,86.55,81.85
248,2022-08-12 00:00:00,82.3,82.8,82.8,82.1
249,2022-08-30 00:00:00,84.75,85.0,85.3,84.5
250,2022-09-02 00:00:00,84.5,85.0,86.8,84.15
251,2022-09-06 00:00:00,86.05,85.6,87.7,84.95
252,2022-09-28 00:00:00,76.2,77.6,77.7,75.5
253,2022-09-30 00:00:00,76.75,76.8,77.1,76.05
254,2022-10-24 00:00:00,72.6,70.65,73.0,70.05
255,2022-11-22 00:00:00,84.65,84.65,86.0,83.8
256,2022-11-28 00:00:00,88.55,88.8,90.2,88.05
257,2022-12-19 00:00:00,80.7,83.5,84.0,80.6
258,2023-01-13 00:00:00,94.2,94.85,96.4,93.7
259,2023-01-24 00:00:00,114.1,113.2,117.35,110.05
260,2023-02-01 00:00:00,91.3,97.1,98.05,91.25
261,2023-02-03 00:00:00,87.4,89.9,89.9,84.3
262,2023-02-15 00:00:00,91.4,90.0,91.75,88.85
263,2023-03-28 00:00:00,85.5,86.9,87.7,85.0
264,2023-05-05 00:00:00,93.7,94.3,95.3,93.4
265,2023-05-15 00:00:00,93.75,94.15,95.9,92.8
266,2023-07-21 00:00:00,110.8,110.3,111.8,110.1
267,2021-01-01 00:00:00,59.35,59.6,59.65,59.05
268,2021-01-22 00:00:00,59.1,58.5,60.75,57.6
269,2021-02-05 00:00:00,61.35,64.15,65.35,60.75
270,2021-02-18 00:00:00,72.15,72.6,73.7,71.75
271,2021-02-23 00:00:00,70.8,69.95,71.15,69.0
272,2021-04-06 00:00:00,83.65,81.05,84.6,80.5
273,2021-04-20 00:00:00,83.55,81.65,84.0,81.65
274,2021-05-07 00:00:00,82.5,83.05,83.9,82.15
275,2021-05-28 00:00:00,89.45,91.8,91.95,89.1
276,2021-06-14 00:00:00,98.25,97.55,99.45,90.2
277,2021-07-13 00:00:00,100.15,101.7,101.7,100.0
278,2021-07-16 00:00:00,103.6,103.5,104.9,102.8
279,2021-08-02 00:00:00,101.2,103.45,104.15,101.0
280,2021-08-05 00:00:00,100.55,102.6,103.4,99.5
281,2021-08-13 00:00:00,97.3,99.7,99.7,96.8
282,2021-08-25 00:00:00,94.5,95.0,96.25,93.8
283,2021-08-27 00:00:00,97.9,95.9,98.5,95.5
284,2021-09-23 00:00:00,96.85,97.0,97.8,96.5
285,2021-10-25 00:00:00,127.6,129.5,131.3,125.4
286,2021-12-24 00:00:00,106.15,108.7,112.9,105.6
287,2022-03-16 00:00:00,82.95,83.9,84.7,82.7
288,2022-05-17 00:00:00,86.35,85.3,87.8,84.5
289,2022-06-17 00:00:00,72.65,72.0,73.0,71.45
290,2022-06-30 00:00:00,76.05,74.85,79.95,74.7
291,2022-07-01 00:00:00,75.65,77.2,77.2,74.5
292,2022-07-14 00:00:00,79.1,80.4,80.4,79.0
293,2022-10-07 00:00:00,78.3,78.9,79.55,77.9
294,2022-10-12 00:00:00,76.4,77.4,77.85,76.1
295,2022-10-14 00:00:00,76.2,77.4,77.8,75.6
296,2022-11-01 00:00:00,71.7,72.35,72.4,71.0
297,2022-11-16 00:00:00,73.2,73.1,74.0,73.0
298,2022-12-13 00:00:00,91.15,92.0,92.1,90.0
299,2023-01-03 00:00:00,86.3,86.5,87.0,85.4
300,2023-01-23 00:00:00,112.25,111.0,112.25,108.55
301,2023-03-29 00:00:00,86.0,86.4,86.6,84.0
302,2023-05-11 00:00:00,93.35,92.5,93.85,92.15
303,2023-05-22 00:00:00,92.8,92.7,93.35,92.2
304,2023-06-05 00:00:00,102.45,103.5,103.9,101.8
305,2023-06-15 00:00:00,105.45,106.4,106.7,105.15
306,2023-06-26 00:00:00,116.8,118.3,119.05,115.1
307,2021-02-12 00:00:00,68.4,70.8,71.8,66.65
308,2021-02-22 00:00:00,69.35,72.95,72.95,69.0
309,2021-03-03 00:00:00,78.7,76.5,80.7,75.7
310,2021-03-10 00:00:00,75.35,76.0,76.8,74.85
311,2021-03-22 00:00:00,79.95,81.0,81.9,79.5
312,2021-03-30 00:00:00,79.65,79.65,80.0,79.15
313,2021-04-26 00:00:00,81.0,82.95,83.35,80.6
314,2021-06-22 00:00:00,105.95,107.3,108.0,105.0
315,2021-07-22 00:00:00,100.25,99.6,101.6,99.5
316,2021-07-28 00:00:00,96.6,98.0,98.8,95.0
317,2021-08-09 00:00:00,99.25,100.9,101.45,98.7
318,2021-09-03 00:00:00,108.9,111.8,112.75,108.0
319,2021-10-04 00:00:00,114.7,115.8,118.8,113.3
320,2021-10-05 00:00:00,115.5,113.9,116.55,113.5
321,2021-10-14 00:00:00,133.4,138.5,138.6,132.0
322,2021-10-18 00:00:00,134.35,134.85,136.6,132.2
323,2021-10-26 00:00:00,132.2,129.75,133.0,129.05
324,2021-11-01 00:00:00,127.5,127.15,128.8,125.5
325,2021-11-24 00:00:00,117.4,117.45,119.0,116.75
326,2021-11-26 00:00:00,112.9,114.5,118.7,112.25
327,2022-01-03 00:00:00,110.4,109.7,111.15,109.5
328,2022-02-10 00:00:00,97.6,97.8,98.7,97.0
329,2022-02-14 00:00:00,92.35,93.35,94.2,91.7
330,2022-03-11 00:00:00,84.15,84.9,85.0,83.9
331,2022-04-20 00:00:00,94.9,95.95,96.8,94.6
332,2022-04-21 00:00:00,99.85,95.9,101.0,94.9
333,2022-04-22 00:00:00,98.1,99.25,100.35,97.7
334,2022-05-27 00:00:00,85.3,85.0,85.9,84.3
335,2022-06-22 00:00:00,71.45,72.9,72.95,71.25
336,2022-07-12 00:00:00,80.0,79.15,80.5,78.75
337,2022-09-29 00:00:00,76.95,76.95,77.2,76.5
338,2022-11-02 00:00:00,71.75,71.7,72.35,71.5
339,2022-12-15 00:00:00,87.05,86.0,87.95,85.0
340,2022-12-16 00:00:00,84.8,86.85,87.3,84.1
341,2023-01-20 00:00:00,106.95,110.4,110.5,105.0
342,2023-01-27 00:00:00,103.0,104.25,104.95,103.0
343,2023-02-07 00:00:00,91.7,93.5,94.9,91.55
344,2023-05-17 00:00:00,93.2,93.35,94.3,92.9
345,2023-05-26 00:00:00,93.5,93.45,93.9,92.8
346,2023-07-17 00:00:00,111.5,112.0,112.65,110.8
347,2023-07-25 00:00:00,111.95,113.0,114.4,111.8
348,2023-08-08 00:00:00,122.5,121.0,124.4,120.65
349,2021-01-04 00:00:00,60.25,60.15,60.5,59.85
350,2021-01-11 00:00:00,60.45,60.8,61.15,60.0
351,2021-01-19 00:00:00,57.95,58.2,58.75,57.55
352,2021-02-03 00:00:00,62.35,60.05,62.8,60.05
353,2021-02-16 00:00:00,69.05,69.75,70.95,68.2
354,2021-03-02 00:00:00,76.05,74.35,77.45,74.05
355,2021-03-25 00:00:00,79.7,79.95,80.3,78.5
356,2021-03-31 00:00:00,77.75,79.6,81.5,76.8
357,2021-05-06 00:00:00,83.45,83.8,84.15,82.8
358,2021-05-26 00:00:00,89.05,91.9,92.05,88.4
359,2021-07-07 00:00:00,102.25,102.0,102.9,101.7
360,2021-08-20 00:00:00,93.85,95.0,95.8,93.75
361,2021-09-13 00:00:00,99.4,100.15,100.95,98.55
362,2021-09-30 00:00:00,115.85,111.95,118.4,108.35
363,2021-10-28 00:00:00,125.75,127.8,128.95,125.0
364,2021-11-10 00:00:00,123.95,127.15,127.9,122.9
365,2021-11-16 00:00:00,117.6,120.0,120.0,117.0
366,2021-12-21 00:00:00,106.15,106.7,108.25,105.1
367,2022-01-10 00:00:00,109.75,110.2,111.4,109.55
368,2022-01-13 00:00:00,109.8,111.15,111.15,109.55
369,2022-01-31 00:00:00,95.1,94.65,96.7,94.15
370,2022-04-08 00:00:00,96.7,96.55,97.75,95.1
371,2022-05-10 00:00:00,86.5,89.5,90.5,85.7
372,2022-05-24 00:00:00,82.9,84.95,84.95,82.55
373,2022-06-23 00:00:00,72.25,71.5,72.6,71.1
374,2022-07-15 00:00:00,78.55,79.1,79.65,78.1
375,2022-07-27 00:00:00,77.5,78.45,78.45,77.1
376,2022-08-17 00:00:00,84.7,84.2,85.9,84.1
377,2022-08-22 00:00:00,84.2,82.65,85.15,82.5
378,2022-08-23 00:00:00,85.45,83.6,87.05,82.95
379,2022-09-21 00:00:00,80.65,82.25,82.3,80.5
380,2022-10-18 00:00:00,76.1,76.6,77.05,75.6
381,2022-11-15 00:00:00,73.4,73.75,74.1,72.0
382,2022-12-12 00:00:00,90.25,89.4,91.0,88.5
383,2023-01-02 00:00:00,85.05,81.5,85.25,81.4
384,2023-01-10 00:00:00,91.75,91.75,91.75,91.75
385,2023-01-30 00:00:00,97.85,97.85,97.85,97.85
386,2023-02-13 00:00:00,92.65,93.9,94.5,92.25
387,2023-02-17 00:00:00,90.05,89.9,90.55,89.5
388,2023-03-09 00:00:00,95.95,94.8,96.7,93.0
389,2023-03-10 00:00:00,94.4,95.4,95.4,93.35
390,2023-04-06 00:00:00,92.85,92.7,93.45,90.1
391,2023-04-24 00:00:00,92.45,91.85,92.8,91.3
392,2023-05-24 00:00:00,93.95,93.0,94.35,93.0
393,2023-08-07 00:00:00,120.6,120.35,121.75,118.75
394,2021-01-06 00:00:00,60.2,60.45,61.15,59.75
395,2021-02-11 00:00:00,69.6,64.6,70.9,64.45
396,2021-03-15 00:00:00,79.85,81.5,82.0,78.2
397,2021-04-13 00:00:00,84.35,83.0,85.7,82.8
398,2021-04-23 00:00:00,82.0,82.0,83.8,80.2
399,2021-07-20 00:00:00,99.5,101.55,103.6,98.6
400,2021-07-23 00:00:00,99.6,101.0,101.0,99.45
401,2021-08-31 00:00:00,103.4,100.2,104.9,99.75
402,2021-09-01 00:00:00,102.9,103.8,105.6,100.5
403,2021-10-21 00:00:00,133.7,129.0,135.0,121.5
404,2021-11-25 00:00:00,117.0,115.8,117.95,114.75
405,2021-12-28 00:00:00,107.85,105.0,108.9,105.0
406,2022-02-07 00:00:00,95.35,96.3,96.3,94.6
407,2022-02-08 00:00:00,93.55,96.1,96.1,93.2
408,2022-03-03 00:00:00,85.05,84.95,86.4,84.75
409,2022-04-05 00:00:00,98.75,96.0,99.0,95.3
410,2022-04-07 00:00:00,95.95,99.95,100.3,95.25
411,2022-06-07 00:00:00,82.0,81.35,82.3,81.15
412,2022-07-21 00:00:00,80.25,82.05,82.05,79.9
413,2022-10-21 00:00:00,69.65,72.45,72.65,67.5
414,2022-11-23 00:00:00,84.05,84.35,84.5,82.05
415,2022-12-08 00:00:00,85.8,89.5,89.5,85.8
416,2023-01-06 00:00:00,83.25,84.95,85.0,81.95
417,2023-02-06 00:00:00,91.75,88.0,91.75,87.55
418,2023-02-14 00:00:00,88.75,91.5,91.5,88.5
419,2023-02-24 00:00:00,90.45,92.9,92.9,89.0
420,2023-03-03 00:00:00,95.6,96.0,99.45,94.1
421,2023-03-13 00:00:00,89.7,93.6,94.3,89.7
422,2023-03-24 00:00:00,88.7,90.0,90.25,88.5
423,2023-03-31 00:00:00,85.05,86.9,87.9,84.9
424,2023-04-28 00:00:00,95.0,93.0,97.5,91.85
425,2023-06-19 00:00:00,114.75,106.85,115.4,106.85
426,2023-06-20 00:00:00,119.75,115.9,120.8,114.15
427,2023-06-22 00:00:00,113.1,116.05,116.1,110.9
428,2023-08-18 00:00:00,123.5,123.15,126.6,122.9
429,2023-08-22 00:00:00,125.8,126.9,127.75,124.9
430,2021-01-05 00:00:00,60.35,60.0,61.5,59.7
431,2021-02-01 00:00:00,59.9,60.95,61.4,59.55
432,2021-04-08 00:00:00,88.45,88.65,89.7,88.0
433,2021-06-15 00:00:00,107.2,105.0,110.8,104.0
434,2021-07-05 00:00:00,102.45,103.1,104.25,102.15
435,2021-08-06 00:00:00,100.45,100.0,101.7,99.3
436,2021-08-12 00:00:00,99.4,99.7,102.4,98.25
437,2021-09-27 00:00:00,97.45,98.7,99.3,97.1
438,2021-10-20 00:00:00,126.95,128.0,129.75,120.55
439,2021-12-13 00:00:00,113.4,114.0,116.4,113.1
440,2021-12-14 00:00:00,113.85,113.4,114.8,112.75
441,2021-12-16 00:00:00,111.2,112.9,112.9,111.0
442,2022-01-06 00:00:00,109.35,110.0,110.3,108.75
443,2022-01-20 00:00:00,100.5,107.3,108.85,100.05
444,2022-01-21 00:00:00,94.45,100.0,101.15,93.75
445,2022-01-28 00:00:00,94.5,94.25,97.6,94.05
446,2022-03-09 00:00:00,84.3,85.75,86.5,83.85
447,2022-03-21 00:00:00,80.75,81.9,82.4,80.6
448,2022-03-25 00:00:00,81.3,80.9,81.6,80.5
449,2022-03-29 00:00:00,78.7,80.3,80.8,78.5
450,2022-05-12 00:00:00,82.85,82.5,84.0,80.8
451,2022-05-31 00:00:00,88.45,88.0,89.15,87.3
452,2022-06-21 00:00:00,72.55,72.9,73.7,71.3
453,2022-07-11 00:00:00,79.3,80.85,81.5,76.7
454,2022-07-20 00:00:00,81.8,82.95,83.2,80.95
455,2022-07-25 00:00:00,78.95,80.4,80.4,78.8
456,2022-08-11 00:00:00,82.2,81.75,82.85,81.5
457,2022-09-05 00:00:00,85.2,85.2,85.5,84.4
458,2022-09-07 00:00:00,86.55,86.0,87.4,85.7
459,2022-09-19 00:00:00,81.0,80.2,81.5,79.7
460,2022-09-26 00:00:00,78.3,80.6,80.75,77.65
461,2022-10-06 00:00:00,78.65,78.0,79.35,77.3
462,2022-10-10 00:00:00,77.9,78.05,78.3,77.0
463,2022-10-11 00:00:00,77.2,78.0,78.5,77.05
464,2022-10-17 00:00:00,76.05,76.25,76.6,75.3
465,2022-11-24 00:00:00,84.8,83.6,86.0,83.6
466,2022-12-02 00:00:00,90.05,89.0,90.7,88.75
467,2022-12-20 00:00:00,78.95,81.0,81.4,77.0
468,2022-12-29 00:00:00,78.95,78.1,79.6,78.1
469,2022-12-30 00:00:00,81.2,79.35,82.4,79.3
470,2023-02-22 00:00:00,91.8,95.05,96.1,90.6
471,2023-03-20 00:00:00,89.05,91.05,91.05,88.2
472,2023-04-26 00:00:00,92.0,91.4,92.65,90.6
473,2023-05-16 00:00:00,93.35,94.0,95.0,93.15
474,2023-05-29 00:00:00,100.9,95.0,102.4,95.0
475,2023-06-08 00:00:00,105.35,105.0,107.7,104.05
476,2023-07-06 00:00:00,111.95,112.9,113.8,111.3
477,2023-07-28 00:00:00,113.5,113.35,116.25,113.0
478,2021-01-12 00:00:00,60.85,60.3,61.85,60.05
479,2021-01-28 00:00:00,58.65,59.0,59.35,58.4
480,2021-02-02 00:00:00,59.9,60.3,60.9,59.8
481,2021-03-05 00:00:00,75.75,78.65,79.5,75.2
482,2021-03-08 00:00:00,76.8,77.0,77.95,76.25
483,2021-03-17 00:00:00,83.3,81.1,87.0,80.0
484,2021-04-12 00:00:00,83.05,88.0,88.5,82.4
485,2021-06-04 00:00:00,91.3,92.0,92.85,91.0
486,2021-06-16 00:00:00,108.2,107.2,109.5,106.35
487,2021-06-28 00:00:00,103.45,102.6,105.0,102.6
488,2021-08-16 00:00:00,97.4,97.3,99.0,93.7
489,2021-08-24 00:00:00,94.55,91.9,97.9,91.65
490,2021-09-17 00:00:00,98.85,100.4,100.55,97.35
491,2021-09-20 00:00:00,96.55,99.0,99.0,96.05
492,2021-09-24 00:00:00,98.3,96.9,99.0,96.9
493,2021-09-29 00:00:00,111.55,99.55,115.95,99.5
494,2021-10-27 00:00:00,128.8,132.9,132.9,127.2
495,2021-10-29 00:00:00,126.25,126.0,127.6,121.3
496,2021-11-18 00:00:00,117.2,121.95,122.65,117.0
497,2021-12-20 00:00:00,104.65,108.4,108.4,103.15
498,2021-12-30 00:00:00,106.55,108.2,109.0,106.1
499,2022-02-02 00:00:00,96.2,95.95,96.7,95.3
500,2022-04-12 00:00:00,94.65,96.55,97.35,94.0
501,2022-05-23 00:00:00,84.95,85.7,85.95,83.55
502,2022-06-03 00:00:00,81.65,82.5,82.95,81.4
503,2022-06-06 00:00:00,81.4,81.5,82.0,80.75
504,2022-06-08 00:00:00,82.1,82.4,82.6,81.1
505,2022-06-24 00:00:00,73.7,72.6,73.95,72.05
506,2022-06-28 00:00:00,72.8,73.25,73.4,71.7
507,2022-08-19 00:00:00,82.55,84.2,84.45,82.2
508,2022-09-22 00:00:00,81.9,80.55,82.2,80.15
509,2022-10-03 00:00:00,76.5,76.8,76.9,76.2
510,2022-10-04 00:00:00,77.65,77.4,78.95,76.5
511,2022-11-04 00:00:00,71.7,72.3,72.4,71.0
512,2022-12-21 00:00:00,78.1,79.5,82.85,77.0
513,2023-02-20 00:00:00,90.05,90.05,90.7,88.9
514,2023-02-21 00:00:00,94.4,89.25,94.55,89.25
515,2023-03-21 00:00:00,89.05,89.45,90.1,88.55
516,2023-04-03 00:00:00,86.65,86.0,87.15,85.6
517,2023-05-08 00:00:00,93.6,94.5,95.9,93.1
518,2023-05-09 00:00:00,92.75,94.1,95.6,92.25
519,2023-05-10 00:00:00,92.5,92.5,93.0,91.3
520,2023-06-23 00:00:00,117.75,113.05,118.8,113.05
521,2023-06-28 00:00:00,112.8,111.0,113.45,108.95
522,2023-07-04 00:00:00,113.75,115.05,115.55,113.0
523,2023-07-10 00:00:00,111.15,111.75,113.4,110.8
524,2023-07-18 00:00:00,110.3,111.85,111.9,109.2
525,2023-07-20 00:00:00,110.7,111.7,112.3,110.5
526,2021-01-15 00:00:00,59.3,59.6,60.25,58.6
527,2021-02-08 00:00:00,62.65,62.0,63.45,62.0
528,2021-02-17 00:00:00,71.6,69.0,74.4,68.55
529,2021-02-19 00:00:00,72.5,72.1,74.9,70.85
530,2021-03-19 00:00:00,81.0,78.5,81.95,76.0
531,2021-04-01 00:00:00,78.8,78.1,79.8,78.1
532,2021-04-07 00:00:00,87.95,83.5,88.4,83.25
533,2021-04-28 00:00:00,81.1,82.0,82.5,80.75
534,2021-05-04 00:00:00,82.15,84.25,85.5,81.6
535,2021-05-24 00:00:00,89.95,90.4,91.5,88.2
536,2021-06-08 00:00:00,93.15,92.45,94.6,92.0
537,2021-06-10 00:00:00,97.95,96.5,98.65,96.1
538,2021-07-02 00:00:00,102.9,103.6,103.9,102.7
539,2021-07-19 00:00:00,101.8,102.1,103.6,100.6
540,2021-07-29 00:00:00,96.65,96.6,97.8,95.55
541,2021-08-23 00:00:00,91.65,94.4,95.05,91.25
542,2021-09-09 00:00:00,101.35,101.4,102.35,101.1
543,2021-09-16 00:00:00,100.25,100.6,100.9,99.4
544,2021-10-06 00:00:00,118.65,116.25,124.45,114.55
545,2021-11-22 00:00:00,112.6,118.9,118.9,111.1
546,2021-12-02 00:00:00,111.85,110.7,112.5,110.1
547,2022-01-14 00:00:00,110.15,109.85,110.5,108.75
548,2022-01-19 00:00:00,112.85,112.8,113.9,110.1
549,2022-02-24 00:00:00,85.25,86.0,87.5,82.0
550,2022-03-07 00:00:00,81.95,83.0,84.0,81.45
551,2022-03-28 00:00:00,80.1,81.3,81.5,80.0
552,2022-05-19 00:00:00,84.35,87.75,87.95,83.75
553,2022-06-29 00:00:00,74.45,75.3,76.4,73.45
554,2022-07-18 00:00:00,81.85,79.5,82.5,78.65
555,2022-08-26 00:00:00,84.85,85.45,85.95,84.5
556,2022-09-09 00:00:00,86.3,87.8,88.45,86.05
557,2022-11-17 00:00:00,76.85,76.85,76.85,76.85
558,2022-12-22 00:00:00,78.5,78.6,79.85,76.8
559,2023-03-16 00:00:00,88.3,87.1,88.9,85.5
560,2023-06-06 00:00:00,101.4,102.9,103.55,101.0
561,2023-06-16 00:00:00,106.8,105.45,108.5,105.45
562,2023-07-11 00:00:00,112.75,111.25,113.7,111.2
563,2023-07-13 00:00:00,110.2,112.5,113.35,109.5
564,2023-08-03 00:00:00,123.2,117.1,123.8,116.1
565,2023-08-14 00:00:00,120.15,124.1,124.4,118.5
566,2023-08-17 00:00:00,123.15,122.1,124.1,121.5
567,2021-01-14 00:00:00,59.65,60.05,60.45,59.2
568,2021-01-20 00:00:00,57.85,58.25,59.0,57.65
569,2021-01-29 00:00:00,60.75,58.95,61.0,58.7
570,2021-03-16 00:00:00,81.8,80.0,82.6,79.15
571,2021-04-19 00:00:00,81.05,82.5,83.0,80.55
572,2021-04-30 00:00:00,81.25,80.0,81.95,79.9
573,2021-05-05 00:00:00,83.25,82.15,83.65,82.0
574,2021-05-18 00:00:00,97.65,98.2,101.1,96.0
575,2021-05-21 00:00:00,92.2,93.35,95.0,92.0
576,2021-06-07 00:00:00,91.7,91.8,93.05,91.1
577,2021-06-09 00:00:00,96.2,93.75,99.0,93.55
578,2021-07-09 00:00:00,100.85,101.95,102.0,100.5
579,2021-07-14 00:00:00,101.95,100.3,103.0,100.3
580,2021-07-15 00:00:00,103.15,103.4,104.9,102.05
581,2021-07-26 00:00:00,99.3,99.5,101.5,99.0
582,2021-11-03 00:00:00,126.05,125.95,127.5,125.0
583,2022-03-17 00:00:00,81.25,83.95,84.4,80.4
584,2022-04-11 00:00:00,97.25,95.9,97.75,95.0
585,2022-04-29 00:00:00,92.25,93.2,93.5,92.0
586,2022-05-04 00:00:00,90.3,92.3,93.65,90.05
587,2022-05-09 00:00:00,89.75,87.9,90.0,85.9
588,2022-06-02 00:00:00,81.75,83.05,84.0,81.6
589,2022-07-04 00:00:00,77.6,76.9,78.1,75.3
590,2022-08-24 00:00:00,84.45,86.0,86.45,84.05
591,2022-09-16 00:00:00,79.75,84.15,84.6,79.4
592,2022-10-19 00:00:00,75.6,76.2,77.1,75.3
593,2022-11-11 00:00:00,76.5,77.1,78.0,76.3
594,2022-11-14 00:00:00,74.45,74.2,76.0,74.2
595,2022-11-21 00:00:00,84.4,80.0,84.65,79.4
596,2022-11-29 00:00:00,87.5,87.05,88.85,87.0
597,2022-12-06 00:00:00,95.05,95.0,95.75,93.0
598,2022-12-07 00:00:00,90.3,91.3,92.9,90.3
599,2023-01-17 00:00:00,95.95,91.9,95.95,91.4
600,2023-01-31 00:00:00,96.05,94.5,99.65,92.95
601,2023-02-10 00:00:00,93.6,94.8,94.85,91.8
602,2023-03-15 00:00:00,87.45,90.4,91.2,87.0
603,2023-05-03 00:00:00,94.8,93.35,95.85,93.1
604,2023-06-14 00:00:00,105.8,106.0,106.7,105.05
605,2021-01-25 00:00:00,60.2,59.2,60.75,58.35
606,2021-05-10 00:00:00,83.4,82.6,84.05,82.0
607,2021-05-11 00:00:00,86.25,83.0,91.4,82.85
608,2021-05-12 00:00:00,89.45,86.95,92.5,86.35
609,2021-06-01 00:00:00,87.45,89.0,89.55,87.1
610,2021-06-18 00:00:00,104.55,107.55,107.75,99.6
611,2021-08-18 00:00:00,95.0,95.05,96.7,94.5
612,2021-08-26 00:00:00,95.6,95.1,96.3,94.4
613,2021-08-30 00:00:00,99.75,99.0,100.55,98.8
614,2021-09-14 00:00:00,98.1,100.15,100.4,97.9
615,2021-09-22 00:00:00,96.3,98.7,98.7,95.5
616,2021-10-01 00:00:00,115.05,114.0,117.7,112.8
617,2021-11-30 00:00:00,110.9,108.8,114.0,107.7
618,2021-12-03 00:00:00,112.2,112.0,114.25,111.7
619,2021-12-15 00:00:00,112.8,114.1,114.1,112.5
620,2022-01-07 00:00:00,109.8,110.0,111.9,108.4
621,2022-01-24 00:00:00,89.35,94.1,94.45,80.15
622,2022-02-17 00:00:00,88.5,89.9,90.2,88.2
623,2022-02-22 00:00:00,87.95,85.6,88.4,85.55
624,2022-03-02 00:00:00,84.2,85.0,85.8,84.05
625,2022-03-15 00:00:00,82.75,84.75,84.75,82.25
626,2022-03-24 00:00:00,80.45,81.3,81.9,80.0
627,2022-05-13 00:00:00,83.35,84.05,86.0,82.5
628,2022-06-20 00:00:00,72.15,72.95,74.65,71.25
629,2022-07-08 00:00:00,80.35,81.95,82.05,80.25
630,2022-07-19 00:00:00,82.35,81.95,83.9,81.55
631,2022-08-03 00:00:00,84.15,85.0,85.8,83.5
632,2022-08-08 00:00:00,82.75,83.25,83.55,82.05
633,2022-08-16 00:00:00,84.1,83.0,85.0,82.5
634,2022-08-29 00:00:00,84.65,83.45,84.9,82.7
635,2022-09-23 00:00:00,80.8,82.0,82.2,80.3
636,2022-10-31 00:00:00,72.0,72.8,72.9,71.6
637,2022-12-05 00:00:00,94.1,90.9,94.55,90.9
638,2022-12-09 00:00:00,87.9,86.0,90.05,86.0
639,2023-01-18 00:00:00,100.7,98.8,100.7,97.3
640,2023-02-16 00:00:00,89.85,93.0,93.0,89.25
641,2023-03-06 00:00:00,94.15,95.9,97.2,93.7
642,2023-03-17 00:00:00,90.95,88.3,91.45,88.3
643,2023-03-27 00:00:00,86.9,88.5,89.0,86.3
644,2023-04-11 00:00:00,90.9,94.0,94.0,90.65
645,2023-04-12 00:00:00,93.65,91.3,95.8,89.8
646,2023-04-13 00:00:00,95.6,94.0,96.3,92.5
647,2023-04-20 00:00:00,92.35,92.85,92.95,92.05
648,2023-05-04 00:00:00,94.25,94.35,96.2,93.8
649,2023-06-27 00:00:00,115.55,116.75,117.35,115.25
650,2023-06-30 00:00:00,115.2,113.45,116.4,113.0
651,2023-08-23 00:00:00,126.45,126.1,127.3,125.6
