,time,close,open,high,low
0,2021-12-23 00:00:00,1458.1,1505.0,1514.0,1442.95
1,2021-12-31 00:00:00,1676.25,1650.5,1717.95,1650.0
2,2022-01-19 00:00:00,1757.05,1770.0,1781.0,1728.0
3,2022-01-24 00:00:00,1447.35,1600.0,1635.8,1411.2
4,2022-02-18 00:00:00,1431.0,1460.0,1475.95,1422.85
5,2022-03-14 00:00:00,1510.95,1516.7,1532.0,1494.0
6,2022-04-20 00:00:00,1560.25,1571.0,1598.45,1550.0
7,2022-06-22 00:00:00,1224.8,1285.0,1294.0,1215.0
8,2022-07-06 00:00:00,1494.65,1421.4,1510.0,1414.1
9,2022-07-19 00:00:00,1453.15,1473.0,1488.0,1443.1
10,2022-08-26 00:00:00,1281.35,1267.7,1287.0,1260.3
11,2022-09-12 00:00:00,1425.25,1362.1,1448.65,1358.1
12,2022-09-19 00:00:00,1318.8,1340.0,1348.85,1313.8
13,2022-10-07 00:00:00,1390.5,1381.0,1401.0,1369.9
14,2022-10-25 00:00:00,1350.95,1351.35,1359.0,1337.0
15,2022-11-29 00:00:00,1202.2,1217.45,1217.45,1195.75
16,2022-12-05 00:00:00,1203.5,1224.0,1224.0,1198.05
17,2022-12-08 00:00:00,1154.85,1188.0,1188.0,1150.9
18,2022-12-15 00:00:00,1147.75,1148.7,1161.25,1145.0
19,2023-01-11 00:00:00,1065.1,1054.0,1069.9,1049.85
20,2023-01-18 00:00:00,1072.05,1070.85,1079.1,1068.95
21,2023-02-09 00:00:00,1080.55,1085.0,1092.0,1073.2
22,2023-02-23 00:00:00,1155.25,1148.95,1165.0,1141.95
23,2023-03-06 00:00:00,1213.0,1170.0,1221.95,1165.15
24,2023-04-20 00:00:00,1009.6,1017.1,1019.0,1004.0
25,2023-04-26 00:00:00,1000.05,1000.0,1009.0,995.05
26,2023-05-16 00:00:00,1060.65,1075.0,1083.2,1058.0
27,2023-07-11 00:00:00,1299.75,1253.0,1315.35,1232.0
28,2023-07-20 00:00:00,1458.75,1457.1,1492.1,1451.15
29,2023-08-09 00:00:00,1601.75,1602.0,1610.55,1564.05
30,2023-08-16 00:00:00,1662.1,1650.0,1674.0,1614.6
31,2022-03-03 00:00:00,1403.95,1404.6,1419.9,1385.0
32,2022-05-09 00:00:00,1371.6,1398.0,1401.0,1364.0
33,2022-06-17 00:00:00,1253.8,1285.3,1322.2,1240.0
34,2022-09-01 00:00:00,1356.15,1346.0,1385.9,1345.0
35,2022-10-04 00:00:00,1393.25,1410.0,1417.5,1390.2
36,2022-10-19 00:00:00,1332.3,1344.7,1363.2,1327.8
37,2022-10-27 00:00:00,1356.55,1368.0,1369.95,1350.1
38,2022-11-03 00:00:00,1274.75,1285.0,1291.4,1272.95
39,2022-11-14 00:00:00,1251.05,1299.0,1299.0,1248.25
40,2022-12-27 00:00:00,1099.4,1106.0,1134.7,1095.05
41,2023-01-19 00:00:00,1082.7,1067.3,1093.45,1067.3
42,2023-01-20 00:00:00,1105.9,1092.0,1124.0,1088.0
43,2023-01-24 00:00:00,1133.3,1138.15,1146.0,1124.95
44,2023-01-27 00:00:00,1121.0,1135.0,1147.6,1079.1
45,2023-02-15 00:00:00,1128.45,1108.0,1132.5,1096.9
46,2023-02-21 00:00:00,1154.75,1151.0,1168.65,1145.65
47,2023-02-27 00:00:00,1150.3,1163.9,1164.65,1134.3
48,2023-03-23 00:00:00,1069.3,1082.35,1103.0,1064.0
49,2023-04-10 00:00:00,1000.1,1010.0,1017.4,994.95
50,2023-04-13 00:00:00,1028.1,1007.0,1040.3,1006.0
51,2023-04-25 00:00:00,998.9,1004.1,1009.7,994.0
52,2023-04-27 00:00:00,1063.45,1005.0,1078.0,1004.25
53,2023-08-08 00:00:00,1595.85,1597.0,1609.6,1590.0
54,2023-08-23 00:00:00,1659.0,1660.5,1670.6,1657.25
55,2021-12-24 00:00:00,1430.75,1441.0,1453.0,1390.05
56,2021-12-29 00:00:00,1674.8,1630.0,1777.0,1622.0
57,2022-01-12 00:00:00,1711.5,1738.75,1757.95,1703.5
58,2022-01-28 00:00:00,1350.95,1290.0,1397.8,1267.05
59,2022-02-11 00:00:00,1473.85,1498.0,1499.95,1463.5
60,2022-04-11 00:00:00,1652.1,1544.7,1675.0,1538.05
61,2022-04-13 00:00:00,1651.95,1670.0,1697.0,1650.15
62,2022-04-22 00:00:00,1600.7,1547.5,1635.0,1543.7
63,2022-05-25 00:00:00,1264.75,1310.0,1320.0,1225.2
64,2022-05-26 00:00:00,1255.25,1264.75,1282.15,1227.6
65,2022-07-05 00:00:00,1416.5,1421.8,1425.0,1397.65
66,2022-07-13 00:00:00,1480.55,1490.1,1523.35,1473.0
67,2022-07-14 00:00:00,1445.4,1486.0,1486.0,1434.95
68,2022-07-27 00:00:00,1370.8,1371.5,1412.35,1345.0
69,2022-08-05 00:00:00,1305.05,1313.0,1329.0,1296.1
70,2022-08-08 00:00:00,1347.05,1334.9,1365.0,1305.6
71,2022-08-19 00:00:00,1300.3,1312.6,1327.05,1297.95
72,2022-09-27 00:00:00,1326.9,1304.5,1343.6,1304.15
73,2022-11-16 00:00:00,1206.45,1230.0,1241.9,1202.0
74,2022-12-14 00:00:00,1151.2,1163.1,1174.4,1148.0
75,2023-01-17 00:00:00,1071.55,1066.0,1077.0,1064.95
76,2023-03-29 00:00:00,995.35,996.1,1011.0,990.0
77,2021-12-27 00:00:00,1452.05,1419.0,1469.8,1402.6
78,2023-04-24 00:00:00,996.75,990.0,1029.0,984.05
79,2022-01-05 00:00:00,1766.35,1770.2,1806.95,1746.05
80,2023-06-09 00:00:00,1173.1,1170.0,1188.0,1170.0
81,2022-02-04 00:00:00,1505.6,1573.9,1595.0,1495.0
82,2023-06-28 00:00:00,1224.35,1218.0,1239.4,1210.35
83,2022-02-08 00:00:00,1485.9,1520.0,1547.0,1466.8
84,2023-07-13 00:00:00,1338.9,1350.0,1373.0,1332.0
85,2022-02-17 00:00:00,1464.55,1480.0,1498.85,1455.0
86,2023-08-07 00:00:00,1586.7,1600.0,1642.5,1566.0
87,2022-03-29 00:00:00,1515.5,1486.0,1526.95,1486.0
88,2022-06-10 00:00:00,1376.55,1355.1,1390.0,1344.0
89,2022-06-15 00:00:00,1337.5,1335.15,1351.3,1325.0
90,2022-07-26 00:00:00,1361.3,1395.5,1424.0,1346.7
91,2022-08-16 00:00:00,1336.45,1368.4,1374.0,1332.05
92,2022-08-30 00:00:00,1356.3,1348.0,1359.95,1341.85
93,2022-09-08 00:00:00,1369.65,1374.0,1379.0,1358.1
94,2022-09-21 00:00:00,1358.6,1370.1,1386.2,1352.75
95,2022-11-23 00:00:00,1156.1,1184.9,1187.55,1152.0
96,2022-11-25 00:00:00,1189.95,1161.0,1197.5,1157.75
97,2022-12-02 00:00:00,1210.05,1213.0,1218.0,1204.85
98,2022-12-07 00:00:00,1176.2,1192.0,1198.1,1171.25
99,2022-12-09 00:00:00,1146.7,1162.0,1178.45,1140.05
100,2022-12-28 00:00:00,1059.0,1099.4,1100.0,1056.0
101,2023-02-01 00:00:00,1121.0,1162.5,1183.2,1107.15
102,2023-02-06 00:00:00,1071.95,1110.0,1110.0,1061.35
103,2023-02-13 00:00:00,1126.95,1106.0,1148.0,1097.55
104,2023-03-15 00:00:00,1096.45,1137.2,1146.05,1088.05
105,2023-03-21 00:00:00,1071.3,1066.0,1082.0,1057.15
106,2023-03-22 00:00:00,1082.35,1080.0,1094.3,1071.6
107,2023-04-28 00:00:00,1098.2,1063.25,1118.0,1054.55
108,2023-05-09 00:00:00,1081.7,1093.05,1113.0,1076.45
109,2023-05-18 00:00:00,1066.8,1064.9,1086.3,1062.25
110,2023-05-22 00:00:00,1071.3,1077.05,1102.5,1055.0
111,2023-05-24 00:00:00,1061.95,1065.0,1084.0,1057.0
112,2023-05-29 00:00:00,1090.55,1086.95,1099.7,1077.0
113,2023-06-02 00:00:00,1100.95,1110.0,1126.0,1091.8
114,2023-06-05 00:00:00,1109.05,1107.0,1122.0,1100.05
115,2023-06-08 00:00:00,1167.8,1166.9,1174.95,1155.75
116,2023-08-02 00:00:00,1503.0,1512.05,1541.95,1475.15
117,2023-08-18 00:00:00,1657.95,1657.9,1673.0,1649.0
118,2022-02-10 00:00:00,1503.8,1511.0,1534.0,1485.7
119,2022-02-15 00:00:00,1432.1,1420.0,1448.0,1371.55
120,2022-02-16 00:00:00,1471.65,1445.8,1509.0,1429.3
121,2022-04-01 00:00:00,1522.0,1516.0,1544.0,1511.1
122,2022-04-05 00:00:00,1585.7,1553.0,1600.0,1533.0
123,2022-05-06 00:00:00,1409.7,1420.0,1436.35,1398.1
124,2022-05-17 00:00:00,1315.7,1278.7,1327.5,1254.4
125,2022-05-18 00:00:00,1290.2,1335.0,1341.0,1273.0
126,2022-06-13 00:00:00,1329.75,1358.0,1359.65,1314.95
127,2022-06-23 00:00:00,1244.95,1232.0,1252.0,1225.0
128,2022-09-20 00:00:00,1373.2,1325.5,1407.2,1325.5
129,2022-10-03 00:00:00,1390.2,1396.7,1421.2,1385.0
130,2022-10-10 00:00:00,1403.55,1372.25,1415.8,1371.2
131,2022-10-13 00:00:00,1347.05,1377.95,1377.95,1340.0
132,2022-11-11 00:00:00,1283.75,1238.8,1290.0,1230.05
133,2022-12-19 00:00:00,1130.05,1148.8,1150.05,1120.05
134,2022-12-20 00:00:00,1127.8,1128.0,1152.7,1120.1
135,2022-12-21 00:00:00,1115.35,1129.95,1135.95,1111.0
136,2023-02-10 00:00:00,1099.15,1087.0,1109.95,1085.0
137,2023-03-08 00:00:00,1191.85,1200.1,1235.0,1184.3
138,2023-03-10 00:00:00,1192.9,1184.75,1204.0,1166.05
139,2023-05-23 00:00:00,1070.6,1072.0,1085.0,1062.35
140,2023-06-12 00:00:00,1176.35,1177.0,1193.8,1170.05
141,2023-06-13 00:00:00,1191.55,1184.0,1208.25,1180.05
142,2023-07-04 00:00:00,1186.6,1195.0,1204.3,1176.0
143,2023-07-06 00:00:00,1237.6,1244.0,1256.95,1225.9
144,2023-07-14 00:00:00,1427.5,1345.0,1476.7,1345.0
145,2023-07-28 00:00:00,1484.0,1487.0,1504.0,1460.85
146,2023-08-14 00:00:00,1654.35,1689.15,1720.0,1650.05
147,2022-02-22 00:00:00,1346.2,1366.5,1385.0,1316.0
148,2022-03-09 00:00:00,1475.1,1427.7,1486.0,1425.95
149,2022-03-30 00:00:00,1524.2,1532.0,1557.9,1506.65
150,2022-03-31 00:00:00,1510.7,1532.7,1541.9,1501.05
151,2022-04-25 00:00:00,1564.95,1570.0,1582.9,1551.05
152,2022-05-05 00:00:00,1455.85,1442.0,1474.2,1428.0
153,2022-05-12 00:00:00,1171.45,1159.0,1215.0,1141.1
154,2022-06-03 00:00:00,1306.2,1311.0,1322.85,1294.15
155,2022-06-30 00:00:00,1411.9,1380.8,1423.9,1331.0
156,2022-07-18 00:00:00,1469.5,1442.0,1480.15,1442.0
157,2022-07-22 00:00:00,1442.5,1436.9,1464.7,1432.05
158,2022-08-10 00:00:00,1375.0,1359.0,1399.0,1335.0
159,2022-08-23 00:00:00,1261.25,1267.7,1275.0,1256.5
160,2022-09-26 00:00:00,1302.85,1325.05,1331.7,1294.25
161,2022-10-06 00:00:00,1381.15,1409.0,1411.85,1378.5
162,2022-10-20 00:00:00,1353.0,1330.0,1361.95,1327.95
163,2022-12-12 00:00:00,1171.3,1151.0,1183.85,1139.45
164,2022-12-30 00:00:00,1040.55,1051.0,1094.95,1037.15
165,2023-01-09 00:00:00,1038.05,1038.8,1045.0,1029.0
166,2023-02-16 00:00:00,1130.35,1129.5,1135.5,1120.05
167,2023-02-20 00:00:00,1161.05,1127.9,1165.0,1115.05
168,2023-03-17 00:00:00,1069.1,1085.0,1086.0,1060.85
169,2023-04-18 00:00:00,1015.05,1019.0,1027.0,1012.0
170,2023-04-19 00:00:00,1011.75,1018.55,1025.0,1009.05
171,2023-05-05 00:00:00,1094.35,1072.8,1099.0,1071.1
172,2023-05-12 00:00:00,1067.0,1093.0,1093.05,1018.55
173,2023-06-01 00:00:00,1101.75,1089.0,1109.95,1077.95
174,2023-06-21 00:00:00,1221.15,1190.0,1229.5,1182.0
175,2023-07-12 00:00:00,1337.35,1311.0,1351.9,1310.5
176,2023-08-10 00:00:00,1582.65,1600.0,1615.0,1573.9
177,2022-01-03 00:00:00,1820.5,1689.9,1847.0,1681.25
178,2022-01-07 00:00:00,1674.6,1727.0,1758.4,1658.0
179,2022-01-10 00:00:00,1745.25,1680.0,1764.0,1647.35
180,2022-03-04 00:00:00,1452.45,1399.0,1487.8,1390.0
181,2022-03-15 00:00:00,1464.25,1510.25,1521.95,1452.05
182,2022-03-16 00:00:00,1519.55,1488.8,1532.25,1488.05
183,2022-03-21 00:00:00,1577.15,1555.0,1595.0,1550.05
184,2022-03-24 00:00:00,1544.35,1576.0,1579.0,1530.0
185,2022-04-07 00:00:00,1547.3,1590.0,1592.0,1540.0
186,2022-04-26 00:00:00,1538.25,1583.9,1589.7,1521.25
187,2022-05-04 00:00:00,1424.1,1494.9,1498.65,1405.4
188,2022-07-15 00:00:00,1440.8,1450.95,1467.0,1429.05
189,2022-08-01 00:00:00,1318.25,1329.9,1336.1,1311.0
190,2022-08-04 00:00:00,1306.85,1320.0,1331.95,1288.05
191,2022-08-18 00:00:00,1305.85,1309.65,1327.65,1302.0
192,2022-09-06 00:00:00,1346.85,1377.7,1379.7,1344.0
193,2022-11-21 00:00:00,1187.85,1212.5,1217.55,1179.9
194,2022-11-22 00:00:00,1176.6,1192.0,1198.8,1172.0
195,2022-11-30 00:00:00,1209.95,1202.0,1219.35,1202.0
196,2022-12-01 00:00:00,1204.85,1217.4,1226.0,1201.5
197,2022-12-16 00:00:00,1143.45,1143.05,1155.0,1140.0
198,2023-01-04 00:00:00,1036.75,1055.7,1059.0,1035.0
199,2023-01-13 00:00:00,1072.5,1074.4,1083.9,1068.9
200,2023-01-16 00:00:00,1069.4,1073.95,1078.45,1051.3
201,2023-02-24 00:00:00,1163.9,1169.0,1172.0,1156.0
202,2023-03-27 00:00:00,1026.95,1062.9,1062.9,1025.0
203,2023-04-03 00:00:00,1007.2,996.8,1010.5,991.35
204,2023-05-04 00:00:00,1075.65,1085.0,1090.45,1072.35
205,2023-06-20 00:00:00,1176.95,1168.0,1190.95,1161.05
206,2023-06-22 00:00:00,1183.75,1221.0,1229.0,1172.7
207,2023-06-26 00:00:00,1241.4,1238.0,1275.0,1227.4
208,2023-07-18 00:00:00,1438.5,1478.95,1484.4,1425.2
209,2023-07-25 00:00:00,1493.9,1456.95,1524.0,1452.05
210,2023-08-21 00:00:00,1652.0,1668.0,1669.6,1650.05
211,2021-12-22 00:00:00,1493.3,1394.0,1505.0,1391.6
212,2022-01-06 00:00:00,1726.9,1764.0,1764.0,1713.0
213,2022-02-21 00:00:00,1387.45,1430.0,1430.0,1384.55
214,2022-03-11 00:00:00,1509.8,1503.9,1539.0,1490.0
215,2022-04-06 00:00:00,1586.1,1570.0,1634.1,1560.05
216,2022-06-06 00:00:00,1336.6,1302.0,1343.6,1281.05
217,2022-07-01 00:00:00,1404.8,1399.9,1421.25,1373.2
218,2022-07-21 00:00:00,1427.9,1456.9,1456.9,1410.0
219,2022-08-17 00:00:00,1307.75,1343.7,1349.9,1305.1
220,2022-09-13 00:00:00,1405.95,1439.95,1455.0,1399.0
221,2022-11-02 00:00:00,1284.95,1293.0,1293.0,1278.05
222,2022-12-13 00:00:00,1162.65,1175.0,1181.45,1156.0
223,2023-01-05 00:00:00,1031.7,1041.0,1042.0,1022.0
224,2023-02-03 00:00:00,1101.7,1128.95,1129.95,1086.7
225,2023-02-07 00:00:00,1057.5,1075.5,1077.5,1040.55
226,2023-03-03 00:00:00,1165.65,1140.0,1175.0,1135.95
227,2023-03-13 00:00:00,1143.35,1192.95,1209.45,1130.0
228,2023-03-16 00:00:00,1073.2,1095.95,1101.0,1065.95
229,2023-03-31 00:00:00,992.3,1010.3,1015.0,990.0
230,2023-04-05 00:00:00,1009.35,1017.0,1022.35,1001.0
231,2023-04-21 00:00:00,1009.3,1009.55,1016.0,1001.0
232,2023-05-10 00:00:00,1072.75,1081.0,1084.15,1068.65
233,2023-05-25 00:00:00,1064.8,1066.0,1074.4,1060.0
234,2023-06-16 00:00:00,1178.5,1197.0,1204.0,1172.0
235,2023-07-07 00:00:00,1217.15,1237.95,1243.05,1212.0
236,2023-07-31 00:00:00,1499.95,1488.8,1528.4,1487.0
237,2021-12-28 00:00:00,1617.2,1460.0,1640.5,1455.0
238,2022-02-01 00:00:00,1456.5,1389.0,1468.0,1352.45
239,2022-02-09 00:00:00,1503.45,1486.0,1529.7,1482.0
240,2022-03-07 00:00:00,1392.3,1409.0,1434.9,1382.05
241,2022-05-11 00:00:00,1167.85,1281.9,1285.5,1128.8
242,2022-05-13 00:00:00,1249.7,1206.0,1292.0,1200.35
243,2022-06-20 00:00:00,1223.7,1275.0,1287.15,1188.0
244,2022-06-29 00:00:00,1374.25,1345.0,1381.65,1345.0
245,2022-07-12 00:00:00,1487.45,1479.0,1509.5,1469.5
246,2022-08-02 00:00:00,1311.7,1322.0,1322.0,1308.05
247,2022-08-12 00:00:00,1360.0,1377.7,1383.75,1354.5
248,2022-08-25 00:00:00,1259.35,1263.25,1285.0,1253.65
249,2022-09-30 00:00:00,1399.2,1365.0,1407.8,1355.05
250,2022-10-18 00:00:00,1339.75,1332.0,1385.4,1323.75
251,2022-12-29 00:00:00,1045.0,1057.0,1059.05,1037.05
252,2023-01-25 00:00:00,1127.35,1134.7,1135.0,1124.05
253,2023-02-14 00:00:00,1102.5,1139.95,1139.95,1093.45
254,2023-05-11 00:00:00,1090.35,1085.0,1111.0,1081.05
255,2023-05-15 00:00:00,1074.15,1067.0,1089.4,1051.85
256,2023-05-31 00:00:00,1083.65,1073.0,1091.0,1066.0
257,2023-06-07 00:00:00,1166.2,1145.0,1172.0,1144.55
258,2023-06-30 00:00:00,1205.5,1235.0,1242.65,1201.0
259,2023-07-17 00:00:00,1480.9,1470.0,1496.4,1456.9
260,2023-07-26 00:00:00,1497.55,1496.05,1520.0,1489.7
261,2023-08-22 00:00:00,1654.3,1662.0,1667.5,1650.0
262,2021-12-30 00:00:00,1639.7,1664.0,1735.0,1625.15
263,2022-01-13 00:00:00,1699.15,1719.4,1738.0,1685.0
264,2022-01-20 00:00:00,1718.45,1756.0,1775.0,1707.0
265,2022-02-23 00:00:00,1421.75,1392.0,1455.0,1380.35
266,2022-03-10 00:00:00,1504.8,1509.0,1538.0,1495.0
267,2022-03-22 00:00:00,1572.95,1583.0,1584.0,1555.0
268,2022-03-23 00:00:00,1575.5,1583.0,1625.0,1566.65
269,2022-04-18 00:00:00,1587.0,1639.0,1644.0,1576.05
270,2022-05-10 00:00:00,1280.45,1380.0,1384.9,1251.0
271,2022-05-30 00:00:00,1365.7,1328.85,1402.5,1320.35
272,2022-05-31 00:00:00,1328.6,1355.0,1395.8,1312.2
273,2022-06-02 00:00:00,1299.3,1295.0,1317.35,1292.95
274,2022-06-08 00:00:00,1369.15,1372.9,1379.8,1344.5
275,2022-06-27 00:00:00,1359.55,1320.0,1389.95,1313.95
276,2022-08-29 00:00:00,1335.5,1253.0,1345.0,1252.0
277,2022-09-09 00:00:00,1359.7,1375.0,1379.7,1353.25
278,2022-11-15 00:00:00,1229.15,1263.55,1264.0,1224.2
279,2022-11-17 00:00:00,1214.95,1224.0,1224.0,1204.05
280,2022-12-23 00:00:00,1087.05,1090.0,1105.5,1076.6
281,2023-03-01 00:00:00,1127.35,1150.5,1156.95,1122.0
282,2023-04-11 00:00:00,998.6,1005.0,1010.75,994.95
283,2023-05-02 00:00:00,1087.4,1102.0,1126.0,1080.1
284,2023-07-27 00:00:00,1496.05,1504.75,1505.0,1475.65
285,2022-01-04 00:00:00,1760.25,1835.0,1876.4,1745.0
286,2022-04-04 00:00:00,1546.55,1529.0,1564.0,1514.05
287,2022-04-19 00:00:00,1574.0,1597.0,1628.4,1542.3
288,2022-05-24 00:00:00,1307.9,1330.0,1331.95,1284.75
289,2022-06-07 00:00:00,1367.15,1350.0,1375.0,1342.05
290,2022-07-11 00:00:00,1479.05,1462.0,1490.0,1452.0
291,2022-07-20 00:00:00,1440.95,1479.95,1480.0,1435.05
292,2022-08-24 00:00:00,1254.4,1260.0,1276.25,1250.0
293,2022-09-07 00:00:00,1365.35,1341.95,1374.75,1334.0
294,2022-09-29 00:00:00,1359.8,1338.9,1368.8,1321.5
295,2022-10-17 00:00:00,1317.15,1339.0,1344.25,1304.6
296,2022-10-24 00:00:00,1351.35,1326.0,1353.95,1326.0
297,2022-10-28 00:00:00,1315.25,1335.0,1335.0,1309.0
298,2022-12-26 00:00:00,1098.5,1090.0,1104.0,1080.45
299,2023-02-02 00:00:00,1121.5,1125.05,1147.65,1110.0
300,2023-05-03 00:00:00,1083.5,1080.4,1095.45,1076.2
301,2023-05-30 00:00:00,1074.2,1096.0,1096.0,1068.6
302,2023-06-14 00:00:00,1200.95,1198.8,1205.7,1190.05
303,2023-08-03 00:00:00,1540.65,1510.0,1559.9,1505.95
304,2023-08-04 00:00:00,1537.15,1550.1,1564.95,1525.0
305,2023-08-11 00:00:00,1689.15,1585.0,1698.0,1585.0
306,2023-08-17 00:00:00,1658.15,1662.1,1672.3,1644.15
307,2022-03-02 00:00:00,1387.0,1384.0,1423.95,1372.2
308,2022-04-21 00:00:00,1561.7,1568.7,1592.5,1550.0
309,2022-05-02 00:00:00,1483.5,1468.7,1518.95,1460.15
310,2022-05-19 00:00:00,1297.6,1252.15,1318.0,1232.25
311,2022-06-09 00:00:00,1367.3,1361.85,1393.85,1353.8
312,2022-06-28 00:00:00,1364.05,1348.0,1384.9,1321.15
313,2022-07-04 00:00:00,1406.1,1410.0,1432.5,1396.45
314,2022-08-11 00:00:00,1380.15,1391.0,1392.0,1362.35
315,2022-09-15 00:00:00,1387.65,1397.0,1407.0,1372.45
316,2022-09-16 00:00:00,1345.05,1384.0,1391.7,1337.0
317,2022-09-22 00:00:00,1358.35,1354.7,1381.2,1348.5
318,2022-09-28 00:00:00,1321.35,1314.0,1340.0,1314.0
319,2022-10-11 00:00:00,1369.0,1412.0,1415.0,1365.0
320,2022-10-12 00:00:00,1377.65,1379.5,1382.95,1336.15
321,2022-10-14 00:00:00,1333.85,1369.0,1372.0,1323.0
322,2022-10-21 00:00:00,1326.7,1360.0,1360.0,1320.0
323,2022-10-31 00:00:00,1308.25,1327.25,1337.2,1291.05
324,2022-11-18 00:00:00,1213.45,1224.0,1247.95,1200.0
325,2022-11-24 00:00:00,1149.85,1163.7,1163.7,1128.1
326,2022-11-28 00:00:00,1209.8,1198.25,1216.0,1189.0
327,2023-01-10 00:00:00,1049.35,1040.0,1055.0,1032.6
328,2023-01-30 00:00:00,1132.95,1128.45,1140.05,1119.1
329,2023-03-14 00:00:00,1120.4,1143.35,1155.9,1112.0
330,2023-03-20 00:00:00,1054.3,1073.95,1074.0,1049.0
331,2023-04-06 00:00:00,1007.05,1010.0,1010.0,1002.6
332,2023-05-17 00:00:00,1061.7,1060.7,1069.0,1050.0
333,2023-06-06 00:00:00,1138.1,1115.0,1176.9,1113.25
334,2023-06-27 00:00:00,1208.15,1234.1,1247.0,1202.0
335,2023-07-05 00:00:00,1235.5,1180.1,1244.0,1180.1
336,2022-01-14 00:00:00,1735.3,1685.0,1762.5,1685.0
337,2022-01-27 00:00:00,1438.35,1480.0,1525.0,1425.0
338,2022-02-25 00:00:00,1410.1,1425.0,1466.35,1400.0
339,2022-03-25 00:00:00,1531.7,1549.7,1560.05,1528.0
340,2022-05-20 00:00:00,1325.55,1329.0,1342.0,1305.0
341,2022-05-23 00:00:00,1310.95,1344.0,1357.5,1285.0
342,2022-05-27 00:00:00,1310.4,1269.9,1318.9,1261.0
343,2022-06-01 00:00:00,1309.1,1326.9,1343.7,1301.75
344,2022-06-14 00:00:00,1335.15,1300.05,1343.55,1300.05
345,2022-06-16 00:00:00,1301.75,1359.0,1369.0,1283.7
346,2022-06-21 00:00:00,1268.1,1240.65,1285.0,1231.45
347,2022-06-24 00:00:00,1308.55,1262.0,1315.45,1260.1
348,2022-09-05 00:00:00,1370.1,1352.6,1388.0,1326.85
349,2022-09-14 00:00:00,1383.7,1385.1,1408.0,1380.15
350,2022-12-06 00:00:00,1192.2,1200.0,1213.5,1188.0
351,2022-12-22 00:00:00,1089.1,1120.0,1128.95,1080.0
352,2023-01-12 00:00:00,1070.45,1070.0,1079.95,1065.65
353,2023-02-08 00:00:00,1080.95,1057.5,1092.0,1056.35
354,2023-02-17 00:00:00,1122.85,1123.95,1147.8,1111.0
355,2023-02-28 00:00:00,1147.1,1151.0,1160.0,1145.0
356,2023-06-15 00:00:00,1186.05,1205.0,1205.0,1176.4
357,2023-06-19 00:00:00,1168.65,1186.9,1189.95,1152.5
358,2023-06-23 00:00:00,1237.0,1191.0,1260.0,1168.55
359,2023-07-19 00:00:00,1455.65,1444.0,1473.45,1440.0
360,2022-01-17 00:00:00,1855.05,1735.0,1917.4,1710.1
361,2022-02-07 00:00:00,1522.3,1501.7,1535.0,1462.65
362,2022-02-14 00:00:00,1404.2,1440.0,1450.95,1390.0
363,2022-02-28 00:00:00,1397.65,1400.0,1422.95,1373.95
364,2022-04-29 00:00:00,1488.1,1493.4,1509.65,1476.65
365,2022-05-16 00:00:00,1265.1,1250.0,1287.5,1235.0
366,2022-07-07 00:00:00,1484.95,1505.5,1542.2,1474.0
367,2022-07-25 00:00:00,1401.85,1444.7,1444.7,1396.4
368,2022-08-03 00:00:00,1311.7,1315.0,1362.5,1305.1
369,2022-08-22 00:00:00,1269.35,1302.0,1305.0,1261.3
370,2022-09-02 00:00:00,1345.95,1363.7,1370.05,1338.05
371,2022-09-23 00:00:00,1341.0,1367.0,1367.8,1333.7
372,2022-11-01 00:00:00,1284.1,1300.0,1325.0,1280.2
373,2022-11-07 00:00:00,1249.25,1284.0,1284.0,1244.5
374,2022-11-09 00:00:00,1247.5,1256.0,1276.4,1240.0
375,2023-01-03 00:00:00,1055.7,1051.7,1076.0,1044.5
376,2023-01-31 00:00:00,1135.9,1141.0,1141.35,1115.9
377,2023-03-09 00:00:00,1184.75,1199.3,1203.15,1172.3
378,2023-04-17 00:00:00,1017.8,1023.05,1023.05,1007.9
379,2023-07-03 00:00:00,1188.3,1211.8,1215.8,1179.5
380,2023-08-01 00:00:00,1516.15,1504.0,1529.0,1501.0
381,2022-01-21 00:00:00,1606.75,1712.4,1720.0,1582.9
382,2022-01-25 00:00:00,1484.4,1440.5,1549.9,1412.5
383,2022-01-31 00:00:00,1359.95,1377.6,1399.0,1345.1
384,2022-02-24 00:00:00,1366.35,1350.0,1393.65,1331.15
385,2022-03-08 00:00:00,1418.55,1395.85,1437.55,1390.0
386,2022-03-28 00:00:00,1475.65,1537.65,1539.45,1451.0
387,2022-04-08 00:00:00,1544.4,1553.7,1558.7,1532.65
388,2022-04-12 00:00:00,1657.2,1663.0,1716.45,1640.25
389,2022-07-08 00:00:00,1460.05,1524.0,1524.0,1447.2
390,2022-07-28 00:00:00,1358.0,1392.0,1396.15,1355.25
391,2023-03-24 00:00:00,1057.1,1074.9,1080.0,1044.0
392,2023-05-19 00:00:00,1072.3,1067.0,1099.0,1060.55
393,2023-05-26 00:00:00,1084.1,1069.7,1110.0,1067.7
394,2023-07-10 00:00:00,1245.2,1217.0,1253.9,1200.1
395,2021-12-21 00:00:00,1393.65,1565.0,1590.0,1282.6
396,2022-01-11 00:00:00,1720.1,1744.95,1816.3,1706.3
397,2022-01-18 00:00:00,1772.75,1855.05,1884.6,1750.0
398,2022-02-02 00:00:00,1607.5,1470.0,1618.0,1470.0
399,2022-02-03 00:00:00,1584.4,1609.85,1655.0,1551.15
400,2022-03-17 00:00:00,1533.7,1534.0,1616.4,1525.0
401,2022-04-27 00:00:00,1482.25,1528.0,1532.05,1475.0
402,2022-04-28 00:00:00,1483.25,1485.1,1528.95,1480.1
403,2022-07-29 00:00:00,1316.85,1370.0,1370.95,1300.5
404,2022-11-04 00:00:00,1260.9,1273.0,1284.1,1253.25
405,2022-11-10 00:00:00,1220.95,1240.05,1256.2,1216.0
406,2023-01-02 00:00:00,1048.85,1047.25,1054.9,1028.65
407,2023-01-06 00:00:00,1027.9,1035.0,1059.35,1023.0
408,2023-01-23 00:00:00,1126.9,1115.0,1152.0,1112.4
409,2023-02-22 00:00:00,1148.95,1143.2,1155.25,1120.0
410,2023-03-02 00:00:00,1140.6,1127.35,1148.45,1121.75
411,2023-03-28 00:00:00,995.05,1035.0,1039.45,989.1
412,2023-04-12 00:00:00,1003.65,1001.0,1008.45,999.1
413,2023-05-08 00:00:00,1098.3,1096.0,1111.95,1090.05
414,2023-07-21 00:00:00,1454.1,1439.8,1476.95,1436.0
415,2023-07-24 00:00:00,1452.05,1445.0,1468.45,1445.0
