,time,close,open,high,low
0,2021-02-05 00:00:00,116.05,117.15,118.0,114.1
1,2021-02-10 00:00:00,117.1,117.9,118.5,115.75
2,2021-02-11 00:00:00,113.4,116.0,116.0,111.0
3,2021-03-02 00:00:00,133.85,134.2,134.85,131.6
4,2021-04-22 00:00:00,141.05,137.0,141.5,137.0
5,2021-04-29 00:00:00,154.0,149.4,154.6,148.25
6,2021-05-03 00:00:00,159.0,152.0,159.65,151.3
7,2021-05-25 00:00:00,181.65,184.0,185.75,180.4
8,2021-07-16 00:00:00,178.7,173.2,179.75,172.1
9,2021-08-02 00:00:00,180.15,182.35,183.5,177.15
10,2021-08-13 00:00:00,171.75,175.0,175.0,169.0
11,2021-09-13 00:00:00,151.55,152.0,152.65,150.2
12,2021-09-21 00:00:00,138.1,136.0,138.75,133.55
13,2021-11-08 00:00:00,145.25,144.0,146.1,141.65
14,2021-11-24 00:00:00,143.0,143.25,144.75,141.5
15,2021-11-25 00:00:00,143.0,142.8,143.65,141.35
16,2022-01-17 00:00:00,144.8,146.4,146.4,143.5
17,2022-01-19 00:00:00,141.6,140.35,143.1,139.8
18,2022-02-22 00:00:00,140.05,137.0,140.5,135.9
19,2021-01-20 00:00:00,121.25,120.95,122.35,119.65
20,2021-03-03 00:00:00,136.5,134.6,137.45,134.35
21,2021-03-04 00:00:00,137.55,135.0,139.6,133.6
22,2021-03-16 00:00:00,136.15,136.4,137.5,134.3
23,2021-03-18 00:00:00,132.25,134.3,135.8,130.4
24,2021-04-05 00:00:00,140.95,139.0,143.55,136.05
25,2021-04-12 00:00:00,134.25,142.0,142.0,133.25
26,2021-04-15 00:00:00,141.3,140.1,142.85,138.15
27,2021-04-19 00:00:00,137.9,138.5,140.25,136.15
28,2021-04-30 00:00:00,155.75,154.0,158.7,152.75
29,2021-06-18 00:00:00,178.2,180.55,181.5,171.6
30,2021-07-05 00:00:00,175.25,183.95,184.35,174.8
31,2021-07-08 00:00:00,167.1,168.05,169.85,166.15
32,2021-08-18 00:00:00,166.95,168.2,168.5,165.8
33,2021-10-13 00:00:00,151.6,151.6,155.0,150.4
34,2022-01-04 00:00:00,135.8,136.0,136.5,134.35
35,2022-01-21 00:00:00,139.75,143.0,143.3,138.4
36,2022-02-04 00:00:00,153.4,154.4,155.45,152.6
37,2021-03-05 00:00:00,132.9,137.45,137.45,130.75
38,2021-05-04 00:00:00,157.7,160.6,164.15,157.25
39,2021-05-17 00:00:00,186.6,186.25,188.3,179.05
40,2021-05-24 00:00:00,182.85,173.0,184.0,171.5
41,2021-06-01 00:00:00,181.4,183.25,183.55,178.7
42,2021-06-14 00:00:00,185.8,183.9,187.0,180.75
43,2021-06-28 00:00:00,182.1,179.3,184.95,178.8
44,2021-07-13 00:00:00,171.8,167.0,174.7,165.7
45,2021-09-06 00:00:00,153.65,154.0,155.9,151.3
46,2021-09-22 00:00:00,144.6,139.0,145.7,137.35
47,2021-10-20 00:00:00,149.15,152.5,152.85,148.15
48,2021-11-01 00:00:00,145.65,144.0,146.65,143.4
49,2021-11-29 00:00:00,134.95,136.0,138.0,130.8
50,2022-01-13 00:00:00,146.05,142.1,146.45,141.0
51,2022-02-21 00:00:00,140.05,141.0,143.4,139.65
52,2021-01-12 00:00:00,127.45,128.3,130.5,126.85
53,2021-03-09 00:00:00,131.55,139.35,139.65,128.5
54,2021-04-16 00:00:00,142.5,142.6,145.3,142.0
55,2021-06-10 00:00:00,179.45,181.1,185.3,178.15
56,2021-06-23 00:00:00,178.8,188.5,189.0,178.05
57,2021-07-01 00:00:00,184.45,184.5,185.45,182.95
58,2021-08-20 00:00:00,151.0,161.85,161.85,150.3
59,2021-09-01 00:00:00,152.2,154.0,154.0,150.0
60,2021-09-09 00:00:00,152.0,152.0,153.3,151.3
61,2021-09-29 00:00:00,142.9,139.05,144.85,139.05
62,2021-10-18 00:00:00,157.55,155.6,159.6,155.25
63,2021-11-09 00:00:00,147.8,146.0,148.5,144.8
64,2021-11-23 00:00:00,142.25,136.3,143.6,136.15
65,2021-12-03 00:00:00,145.95,143.5,147.5,142.6
66,2022-01-14 00:00:00,145.95,145.15,146.9,144.3
67,2022-01-31 00:00:00,138.95,140.3,141.35,138.1
68,2021-01-06 00:00:00,123.25,122.0,126.4,121.25
69,2021-01-25 00:00:00,110.1,112.95,113.1,107.6
70,2021-02-09 00:00:00,116.75,123.55,123.55,115.55
71,2021-02-16 00:00:00,115.5,113.25,117.3,113.2
72,2021-03-01 00:00:00,131.55,129.3,132.25,127.7
73,2021-03-12 00:00:00,134.1,138.5,138.75,132.05
74,2021-04-26 00:00:00,142.65,140.25,143.5,139.25
75,2021-05-05 00:00:00,167.35,160.9,168.2,160.25
76,2021-05-31 00:00:00,182.15,180.0,182.8,177.65
77,2021-06-11 00:00:00,183.9,181.55,184.95,179.15
78,2021-06-17 00:00:00,179.8,177.5,180.5,176.2
79,2021-06-21 00:00:00,184.85,175.0,185.7,173.8
80,2021-06-29 00:00:00,181.55,182.1,184.6,180.65
81,2021-07-27 00:00:00,174.55,175.4,177.6,173.7
82,2021-01-08 00:00:00,125.5,129.5,129.5,125.0
83,2021-01-28 00:00:00,106.85,105.0,108.35,104.25
84,2021-02-01 00:00:00,108.85,106.15,110.4,103.65
85,2021-02-04 00:00:00,116.55,110.9,117.4,110.2
86,2021-04-06 00:00:00,139.15,142.0,142.9,138.1
87,2021-04-09 00:00:00,145.25,144.95,146.2,142.65
88,2021-06-22 00:00:00,185.4,187.05,187.7,184.4
89,2021-06-25 00:00:00,177.75,177.25,180.2,176.55
90,2021-07-12 00:00:00,165.65,168.0,168.6,165.25
91,2021-08-06 00:00:00,178.35,180.5,181.8,177.95
92,2021-08-16 00:00:00,172.4,171.0,175.45,170.15
93,2021-09-08 00:00:00,152.25,152.4,152.9,150.95
94,2021-10-21 00:00:00,145.95,150.0,150.3,144.2
95,2021-10-27 00:00:00,140.3,143.0,143.95,140.0
96,2021-12-31 00:00:00,133.3,131.6,134.4,131.15
97,2022-01-03 00:00:00,135.3,134.4,135.6,133.6
98,2022-02-14 00:00:00,152.75,156.0,157.3,152.0
99,2021-01-05 00:00:00,120.95,122.35,122.4,119.45
100,2021-01-13 00:00:00,126.1,128.35,128.9,123.85
101,2021-02-18 00:00:00,120.0,116.5,120.75,116.2
102,2021-05-11 00:00:00,196.95,195.0,198.9,188.2
103,2021-07-06 00:00:00,169.45,171.3,175.5,168.25
104,2021-08-17 00:00:00,167.5,172.0,173.2,166.0
105,2021-09-14 00:00:00,151.9,152.1,153.7,151.1
106,2021-09-15 00:00:00,154.25,152.1,154.5,151.6
107,2021-09-17 00:00:00,147.4,152.0,152.1,146.05
108,2021-10-22 00:00:00,142.5,146.6,147.0,141.0
109,2021-10-28 00:00:00,134.55,140.3,142.25,133.1
110,2021-11-22 00:00:00,135.6,136.45,137.2,133.15
111,2021-12-20 00:00:00,130.5,133.7,133.7,127.9
112,2022-01-18 00:00:00,140.05,145.3,145.65,139.7
113,2021-02-12 00:00:00,112.4,114.0,114.4,111.8
114,2021-02-26 00:00:00,127.0,126.9,131.4,124.4
115,2021-03-22 00:00:00,128.2,127.65,129.35,126.25
116,2021-03-30 00:00:00,132.55,128.45,133.85,127.7
117,2021-04-01 00:00:00,138.45,136.1,139.2,135.75
118,2021-04-20 00:00:00,137.6,139.0,140.9,136.5
119,2021-05-12 00:00:00,202.95,201.05,213.2,197.8
120,2021-05-14 00:00:00,185.75,203.8,203.8,182.7
121,2021-05-26 00:00:00,177.1,180.95,181.3,176.4
122,2021-05-27 00:00:00,178.55,177.8,181.9,175.9
123,2021-06-04 00:00:00,193.3,184.35,193.95,182.65
124,2021-06-24 00:00:00,175.6,179.7,179.7,174.1
125,2021-07-09 00:00:00,167.55,167.45,168.0,165.65
126,2021-07-22 00:00:00,175.6,174.45,176.5,171.1
127,2021-07-23 00:00:00,173.5,177.0,179.1,172.65
128,2021-07-29 00:00:00,182.75,175.3,184.8,174.4
129,2021-08-12 00:00:00,173.45,172.75,175.0,170.25
130,2021-08-24 00:00:00,154.75,149.0,155.4,148.3
131,2021-09-02 00:00:00,153.3,151.9,154.25,151.05
132,2021-10-14 00:00:00,153.55,152.8,154.4,152.3
133,2022-01-06 00:00:00,138.65,138.3,139.75,137.65
134,2022-01-25 00:00:00,135.65,133.65,137.35,132.8
135,2022-01-28 00:00:00,138.1,136.35,141.15,135.0
136,2021-08-10 00:00:00,168.4,174.5,175.4,167.05
137,2021-11-18 00:00:00,135.8,138.25,139.25,135.3
138,2021-12-01 00:00:00,137.6,132.85,138.5,132.75
139,2021-12-08 00:00:00,146.95,146.0,147.5,146.0
140,2021-12-16 00:00:00,136.45,138.9,139.0,135.25
141,2021-12-29 00:00:00,131.4,131.7,133.45,130.7
142,2022-01-27 00:00:00,134.2,135.0,136.55,132.8
143,2021-02-08 00:00:00,117.75,116.0,119.75,115.0
144,2021-04-28 00:00:00,147.55,147.65,148.7,145.35
145,2021-05-18 00:00:00,187.6,192.0,194.55,185.0
146,2021-08-31 00:00:00,154.05,156.0,156.75,153.0
147,2021-10-04 00:00:00,148.4,144.8,148.7,143.1
148,2021-10-11 00:00:00,153.05,146.4,154.0,146.0
149,2021-10-12 00:00:00,151.6,154.8,154.8,149.3
150,2021-11-10 00:00:00,144.25,146.65,147.05,144.0
151,2021-11-11 00:00:00,144.65,145.1,145.8,142.8
152,2021-11-12 00:00:00,143.05,147.0,147.65,142.25
153,2021-01-21 00:00:00,117.2,121.1,122.0,116.35
154,2021-01-29 00:00:00,105.2,108.0,108.6,104.55
155,2021-02-15 00:00:00,112.1,112.5,113.4,111.55
156,2021-03-15 00:00:00,135.85,135.2,136.45,132.0
157,2021-03-19 00:00:00,133.35,131.65,133.8,126.7
158,2021-03-24 00:00:00,126.95,131.0,132.15,126.25
159,2021-03-31 00:00:00,135.35,132.8,137.4,132.15
160,2021-04-08 00:00:00,144.2,140.0,145.75,140.0
161,2021-04-13 00:00:00,138.4,135.2,139.0,133.15
162,2021-06-03 00:00:00,185.6,185.0,187.9,184.0
163,2021-06-09 00:00:00,179.4,179.5,182.6,176.4
164,2021-07-30 00:00:00,181.2,182.8,186.5,180.6
165,2021-08-09 00:00:00,174.45,179.4,179.4,173.55
166,2021-09-16 00:00:00,152.1,154.0,154.7,151.7
167,2021-10-06 00:00:00,143.35,147.5,148.85,142.8
168,2021-01-01 00:00:00,116.35,114.9,117.0,114.6
169,2021-01-07 00:00:00,127.95,126.0,128.7,125.3
170,2021-01-15 00:00:00,121.75,125.3,126.6,121.05
171,2021-01-19 00:00:00,120.75,116.75,121.4,116.75
172,2021-01-22 00:00:00,111.9,117.0,117.8,111.2
173,2021-04-07 00:00:00,139.6,139.0,141.65,139.0
174,2021-05-10 00:00:00,200.0,190.0,202.7,189.0
175,2021-05-21 00:00:00,176.2,180.0,180.9,175.05
176,2021-06-15 00:00:00,180.9,186.0,187.2,180.05
177,2021-07-14 00:00:00,172.05,176.0,177.0,171.3
178,2021-07-19 00:00:00,174.85,176.9,179.25,172.5
179,2021-07-26 00:00:00,174.8,173.6,176.4,172.55
180,2021-08-05 00:00:00,180.05,178.4,181.0,174.45
181,2021-09-20 00:00:00,136.0,143.2,143.2,135.0
182,2021-10-01 00:00:00,143.65,142.3,145.4,140.95
183,2021-10-25 00:00:00,140.5,143.0,143.95,138.8
184,2021-11-17 00:00:00,138.2,139.0,140.55,137.35
185,2021-12-02 00:00:00,141.6,137.75,142.3,135.8
186,2021-12-10 00:00:00,147.9,147.0,148.45,146.6
187,2021-12-22 00:00:00,133.95,134.4,134.7,132.85
188,2022-01-10 00:00:00,139.95,140.05,141.2,139.3
189,2022-02-07 00:00:00,153.95,153.9,155.95,152.5
190,2022-02-08 00:00:00,153.4,154.5,155.35,150.35
191,2022-02-11 00:00:00,158.15,158.9,161.4,157.1
192,2022-02-16 00:00:00,152.7,151.95,154.45,149.05
193,2022-02-17 00:00:00,144.65,147.9,148.0,144.0
194,2021-01-11 00:00:00,128.8,126.2,130.2,123.6
195,2021-01-18 00:00:00,116.35,122.05,122.4,115.45
196,2021-01-27 00:00:00,106.8,109.3,111.2,106.1
197,2021-05-07 00:00:00,184.75,172.45,192.8,171.6
198,2021-06-08 00:00:00,178.2,183.55,184.25,177.5
199,2021-07-02 00:00:00,182.95,186.5,186.5,181.55
200,2021-07-07 00:00:00,168.25,166.0,168.6,166.0
201,2021-07-20 00:00:00,171.55,175.15,175.25,170.25
202,2021-08-23 00:00:00,146.8,152.6,154.7,145.25
203,2021-10-05 00:00:00,146.65,148.0,149.55,146.1
204,2021-10-19 00:00:00,152.35,158.95,158.95,151.5
205,2021-10-26 00:00:00,142.55,140.8,143.3,139.75
206,2021-11-30 00:00:00,132.85,135.5,137.7,132.4
207,2022-02-10 00:00:00,159.3,156.25,160.5,156.1
208,2021-03-10 00:00:00,132.55,133.2,133.45,130.1
209,2021-03-23 00:00:00,131.95,128.8,133.0,128.0
210,2021-06-02 00:00:00,183.3,182.55,185.4,181.5
211,2021-06-07 00:00:00,182.3,195.2,195.2,181.35
212,2021-08-03 00:00:00,181.15,180.15,182.8,178.0
213,2021-08-26 00:00:00,148.55,155.25,157.45,147.9
214,2021-10-29 00:00:00,143.15,133.7,144.8,133.6
215,2021-11-16 00:00:00,139.45,141.0,141.9,138.5
216,2021-12-07 00:00:00,145.3,144.9,146.3,144.05
217,2021-12-21 00:00:00,133.3,125.0,134.8,125.0
218,2021-12-27 00:00:00,132.5,132.5,134.05,130.5
219,2022-02-02 00:00:00,150.5,146.5,151.2,145.3
220,2021-02-02 00:00:00,110.8,110.55,113.1,108.25
221,2021-02-19 00:00:00,117.95,122.45,123.4,116.1
222,2021-02-23 00:00:00,122.85,120.7,125.5,120.2
223,2021-03-26 00:00:00,126.75,125.45,128.8,125.45
224,2021-05-19 00:00:00,184.35,184.9,192.0,183.2
225,2021-08-25 00:00:00,156.25,156.9,157.9,153.55
226,2021-09-27 00:00:00,139.85,140.95,141.35,138.6
227,2021-11-26 00:00:00,135.9,140.5,142.75,135.5
228,2021-12-15 00:00:00,137.85,139.0,141.4,137.65
229,2021-12-17 00:00:00,134.95,136.5,136.9,134.2
230,2021-12-24 00:00:00,132.6,135.9,135.9,131.8
231,2021-12-30 00:00:00,131.4,132.0,132.1,129.8
232,2022-01-11 00:00:00,136.45,140.0,140.4,136.1
233,2022-02-03 00:00:00,153.95,150.75,154.95,149.8
234,2022-02-18 00:00:00,142.15,144.6,145.7,141.55
235,2022-02-23 00:00:00,142.75,141.4,144.7,140.75
236,2021-01-04 00:00:00,122.4,118.05,123.15,117.5
237,2021-01-14 00:00:00,125.45,126.1,126.65,124.55
238,2021-02-17 00:00:00,116.5,115.75,117.25,114.45
239,2021-02-22 00:00:00,120.0,119.0,121.4,117.4
240,2021-04-23 00:00:00,138.65,140.0,143.05,137.6
241,2021-04-27 00:00:00,146.45,143.45,147.8,142.65
242,2021-05-20 00:00:00,178.7,180.0,183.7,176.7
243,2021-05-28 00:00:00,179.25,182.1,186.8,178.4
244,2021-06-16 00:00:00,178.8,180.9,184.1,178.3
245,2021-07-28 00:00:00,174.2,174.9,175.95,171.35
246,2021-08-11 00:00:00,171.8,169.5,172.8,166.95
247,2021-08-27 00:00:00,152.2,150.5,155.0,150.25
248,2021-09-23 00:00:00,142.9,146.75,146.75,142.0
249,2021-11-03 00:00:00,141.9,142.45,143.35,141.0
250,2021-11-15 00:00:00,140.2,143.8,143.95,140.0
251,2021-12-06 00:00:00,142.95,145.0,145.0,141.5
252,2021-12-23 00:00:00,134.95,134.75,137.0,134.5
253,2022-02-15 00:00:00,149.3,153.25,153.25,144.1
254,2021-02-03 00:00:00,110.55,111.15,112.8,110.0
255,2021-02-24 00:00:00,123.75,124.15,125.8,123.1
256,2021-02-25 00:00:00,128.0,124.45,129.15,124.2
257,2021-03-08 00:00:00,138.25,137.6,139.9,136.15
258,2021-03-17 00:00:00,133.05,136.65,136.65,132.65
259,2021-03-25 00:00:00,124.05,126.95,128.5,122.0
260,2021-05-06 00:00:00,170.4,169.75,171.95,167.5
261,2021-06-30 00:00:00,184.1,183.2,186.9,182.25
262,2021-07-15 00:00:00,172.65,172.8,173.45,171.55
263,2021-08-04 00:00:00,179.2,181.45,184.25,178.5
264,2021-08-30 00:00:00,155.55,154.0,156.0,153.6
265,2021-09-03 00:00:00,154.6,152.8,156.75,152.8
266,2021-09-07 00:00:00,151.35,153.5,154.7,151.0
267,2021-09-24 00:00:00,140.0,143.6,145.05,139.3
268,2021-09-28 00:00:00,140.5,140.05,142.9,139.15
269,2021-09-30 00:00:00,143.0,145.25,148.4,142.65
270,2021-10-08 00:00:00,145.6,145.45,149.05,144.35
271,2021-11-04 00:00:00,142.35,142.8,142.9,142.05
272,2021-12-09 00:00:00,147.05,147.2,148.2,146.25
273,2021-12-28 00:00:00,132.7,133.25,133.45,132.4
274,2022-01-05 00:00:00,138.6,135.8,138.9,135.25
275,2021-12-14 00:00:00,138.65,138.8,140.35,137.5
276,2021-10-07 00:00:00,144.35,144.85,146.15,143.45
277,2021-11-02 00:00:00,141.85,145.5,145.5,141.6
278,2021-12-13 00:00:00,147.5,149.4,150.1,146.7
279,2022-01-12 00:00:00,141.3,139.0,142.25,138.05
280,2022-01-24 00:00:00,133.95,139.75,139.75,133.05
281,2022-02-01 00:00:00,145.5,140.9,146.0,138.7
282,2022-01-07 00:00:00,138.65,139.5,139.65,136.9
283,2022-01-20 00:00:00,143.25,142.0,144.95,141.35
284,2022-02-09 00:00:00,155.7,153.0,157.65,152.8
285,2022-03-22 00:00:00,151.65,152.8,154.75,150.6
286,2022-03-17 00:00:00,151.3,151.95,152.85,150.4
287,2022-03-04 00:00:00,148.1,151.25,153.75,147.6
288,2022-02-24 00:00:00,134.45,139.0,140.5,133.8
289,2022-02-28 00:00:00,143.15,140.9,144.2,139.4
290,2022-03-07 00:00:00,153.05,146.65,153.85,146.6
291,2022-04-18 00:00:00,168.25,168.0,169.7,165.7
292,2022-05-02 00:00:00,160.35,159.0,161.2,157.55
293,2022-06-24 00:00:00,107.55,105.85,108.25,104.65
294,2022-07-13 00:00:00,105.55,103.8,106.15,102.65
295,2022-07-19 00:00:00,103.85,102.95,104.7,102.65
296,2022-08-24 00:00:00,120.65,119.95,123.45,118.3
297,2022-09-21 00:00:00,128.75,127.6,130.3,127.3
298,2022-09-29 00:00:00,125.15,123.5,125.7,122.8
299,2022-10-14 00:00:00,132.35,133.0,134.0,130.75
300,2022-10-19 00:00:00,131.3,131.55,133.0,130.2
301,2022-11-22 00:00:00,116.9,115.4,117.65,114.55
302,2022-12-05 00:00:00,122.75,120.9,123.05,120.45
303,2022-12-22 00:00:00,116.9,119.7,120.4,116.5
304,2023-03-02 00:00:00,113.9,114.0,115.5,113.65
305,2023-03-24 00:00:00,108.35,111.55,111.6,108.0
306,2023-04-21 00:00:00,109.85,111.95,112.0,107.65
307,2023-06-09 00:00:00,107.55,108.85,108.85,106.6
308,2023-07-05 00:00:00,107.5,107.1,107.75,106.8
309,2023-07-10 00:00:00,107.8,107.15,108.7,106.4
310,2022-03-24 00:00:00,157.1,151.65,157.95,151.15
311,2022-04-13 00:00:00,167.6,169.7,172.0,167.2
312,2022-03-09 00:00:00,152.8,154.9,155.0,152.0
313,2022-04-28 00:00:00,162.75,161.5,163.75,160.0
314,2022-05-12 00:00:00,137.6,141.9,142.4,136.0
315,2022-07-06 00:00:00,106.25,107.8,107.8,103.55
316,2022-08-05 00:00:00,110.9,108.0,112.4,107.75
317,2022-06-01 00:00:00,126.45,127.4,127.6,125.1
318,2022-08-22 00:00:00,112.7,114.4,115.4,112.1
319,2022-06-09 00:00:00,122.0,123.65,123.85,120.75
320,2022-09-22 00:00:00,131.35,128.35,131.75,128.0
321,2022-08-02 00:00:00,107.45,107.0,107.75,105.5
322,2022-10-31 00:00:00,99.75,101.8,101.8,98.6
323,2022-08-12 00:00:00,116.9,115.7,118.15,115.3
324,2022-11-15 00:00:00,109.0,110.0,111.95,107.8
325,2022-09-12 00:00:00,126.5,124.9,126.8,124.5
326,2022-12-12 00:00:00,124.3,121.8,124.7,120.0
327,2022-11-03 00:00:00,110.6,108.55,112.9,108.2
328,2023-01-03 00:00:00,125.6,126.45,127.55,125.0
329,2022-11-24 00:00:00,117.05,118.6,119.7,116.05
330,2023-01-06 00:00:00,121.8,122.0,124.4,121.25
331,2022-11-29 00:00:00,117.15,117.5,119.15,116.55
332,2023-03-09 00:00:00,114.15,115.0,115.75,113.9
333,2022-12-20 00:00:00,121.45,123.65,123.85,120.2
334,2023-05-09 00:00:00,109.5,108.9,110.0,108.75
335,2022-12-29 00:00:00,119.75,118.8,120.0,118.3
336,2023-06-14 00:00:00,108.95,109.45,110.3,108.75
337,2023-07-21 00:00:00,111.0,110.9,111.7,110.25
338,2023-03-15 00:00:00,117.0,117.55,117.85,116.4
339,2023-04-10 00:00:00,110.85,111.05,111.7,110.2
340,2023-08-16 00:00:00,117.25,118.75,119.1,116.25
341,2023-04-27 00:00:00,108.6,109.0,109.0,108.2
342,2023-05-08 00:00:00,108.45,109.0,109.35,107.55
343,2023-05-10 00:00:00,108.6,109.5,110.1,108.1
344,2023-05-18 00:00:00,104.8,106.9,106.95,104.45
345,2023-05-19 00:00:00,105.65,105.2,105.8,103.75
346,2023-06-02 00:00:00,108.9,107.0,109.3,106.9
347,2023-06-30 00:00:00,104.65,104.95,105.5,104.15
348,2023-07-13 00:00:00,111.45,112.75,113.5,110.2
349,2023-07-24 00:00:00,111.0,110.95,111.5,110.35
350,2023-08-01 00:00:00,116.85,118.05,118.7,116.5
351,2023-08-07 00:00:00,112.6,113.75,113.95,111.9
352,2023-08-23 00:00:00,123.5,122.0,123.6,121.6
353,2022-03-11 00:00:00,157.3,153.0,158.0,152.85
354,2022-08-17 00:00:00,116.05,116.7,117.2,115.5
355,2022-03-21 00:00:00,151.55,152.25,153.8,151.0
356,2022-08-19 00:00:00,116.0,115.75,117.5,115.55
357,2022-10-06 00:00:00,132.9,130.35,133.25,130.15
358,2022-04-22 00:00:00,166.9,167.95,170.7,166.45
359,2022-11-07 00:00:00,114.35,112.95,114.6,111.8
360,2022-04-29 00:00:00,160.65,163.0,164.7,159.95
361,2022-11-09 00:00:00,113.75,114.95,114.95,112.55
362,2022-05-06 00:00:00,152.45,155.0,156.6,150.8
363,2022-11-10 00:00:00,112.7,113.1,114.4,112.0
364,2022-05-31 00:00:00,126.1,123.9,127.65,123.1
365,2022-11-17 00:00:00,105.65,106.95,107.0,104.5
366,2022-06-14 00:00:00,113.75,114.0,116.45,112.85
367,2022-12-09 00:00:00,122.15,125.0,125.9,120.9
368,2022-07-12 00:00:00,103.2,107.35,107.35,101.75
369,2022-12-15 00:00:00,124.85,125.8,126.75,124.5
370,2022-07-20 00:00:00,103.95,104.65,105.6,103.75
371,2022-12-23 00:00:00,111.55,115.55,116.8,111.2
372,2022-07-28 00:00:00,105.6,105.5,107.0,104.45
373,2023-01-25 00:00:00,123.85,124.4,125.5,123.1
374,2022-07-29 00:00:00,107.8,107.0,109.3,106.15
375,2023-02-28 00:00:00,111.1,112.35,113.05,110.05
376,2022-09-16 00:00:00,125.15,126.0,128.35,124.9
377,2022-09-28 00:00:00,122.2,123.1,124.3,121.9
378,2023-03-23 00:00:00,110.95,111.1,111.95,110.75
379,2022-09-30 00:00:00,127.75,125.05,128.95,124.8
380,2023-04-19 00:00:00,113.3,112.5,114.6,112.2
381,2023-05-26 00:00:00,106.5,104.5,106.85,104.35
382,2022-10-10 00:00:00,136.25,133.75,136.8,132.85
383,2023-05-29 00:00:00,106.9,107.0,107.8,106.3
384,2023-06-20 00:00:00,107.2,106.3,108.2,106.2
385,2022-10-12 00:00:00,130.6,132.05,134.7,129.4
386,2022-10-17 00:00:00,133.4,132.55,133.95,130.35
387,2022-10-24 00:00:00,130.95,132.5,132.5,130.4
388,2023-06-26 00:00:00,104.8,104.8,105.05,103.8
389,2022-11-21 00:00:00,115.25,113.5,115.95,112.05
390,2023-06-28 00:00:00,104.5,104.9,105.6,104.3
391,2022-12-06 00:00:00,120.9,122.95,122.95,119.35
392,2023-08-03 00:00:00,113.15,114.05,114.75,112.45
393,2022-12-07 00:00:00,119.95,120.8,121.2,119.5
394,2022-12-08 00:00:00,124.35,120.0,124.65,120.0
395,2023-01-23 00:00:00,125.4,127.8,129.25,125.2
396,2023-02-01 00:00:00,120.95,124.9,124.95,118.8
397,2023-02-13 00:00:00,118.3,118.95,120.0,117.9
398,2023-02-16 00:00:00,121.55,118.9,121.9,118.5
399,2023-03-01 00:00:00,114.6,111.9,114.95,111.45
400,2023-03-20 00:00:00,112.7,113.0,114.95,111.05
401,2023-03-27 00:00:00,107.4,108.5,109.65,107.1
402,2023-03-31 00:00:00,111.55,110.75,112.25,110.6
403,2023-05-16 00:00:00,107.0,107.5,107.95,106.7
404,2023-06-05 00:00:00,109.0,110.0,110.3,108.9
405,2023-07-14 00:00:00,113.0,112.3,113.2,111.1
406,2022-03-14 00:00:00,156.25,157.3,159.4,153.6
407,2022-04-05 00:00:00,168.6,171.15,171.4,168.05
408,2022-04-08 00:00:00,174.45,171.5,175.0,171.15
409,2022-05-19 00:00:00,140.1,139.0,141.0,137.75
410,2022-06-03 00:00:00,126.85,129.55,129.65,126.25
411,2022-06-13 00:00:00,114.0,118.25,118.25,113.1
412,2022-08-11 00:00:00,115.8,118.0,118.0,115.5
413,2022-08-30 00:00:00,122.25,124.0,125.25,121.95
414,2022-09-07 00:00:00,123.9,121.9,124.0,121.15
415,2022-09-23 00:00:00,127.9,131.45,132.7,127.2
416,2022-10-13 00:00:00,129.0,130.95,131.5,126.0
417,2022-10-20 00:00:00,132.6,130.55,133.05,130.1
418,2022-11-16 00:00:00,107.45,108.0,110.05,106.05
419,2023-01-09 00:00:00,123.7,122.95,124.45,122.55
420,2023-01-11 00:00:00,128.4,123.75,128.95,123.45
421,2023-01-19 00:00:00,129.15,127.9,129.5,127.25
422,2023-02-06 00:00:00,119.05,118.65,120.1,118.1
423,2023-02-21 00:00:00,119.3,119.65,122.95,119.0
424,2023-03-21 00:00:00,111.35,113.9,113.95,110.9
425,2023-05-22 00:00:00,105.15,105.65,106.95,104.8
426,2023-06-01 00:00:00,106.9,106.5,107.5,106.5
427,2023-06-27 00:00:00,104.5,105.0,105.9,104.25
428,2023-08-18 00:00:00,115.25,116.95,117.5,114.4
429,2023-08-22 00:00:00,120.9,118.75,121.2,118.2
430,2022-04-01 00:00:00,166.55,163.75,166.95,163.3
431,2022-04-20 00:00:00,170.0,170.7,171.6,168.3
432,2022-04-21 00:00:00,169.95,169.95,170.6,166.85
433,2022-05-09 00:00:00,148.2,150.5,150.8,146.75
434,2022-05-11 00:00:00,142.7,142.4,144.95,140.05
435,2022-07-07 00:00:00,109.7,108.0,111.0,106.0
436,2022-09-20 00:00:00,127.3,126.75,129.0,126.5
437,2022-10-04 00:00:00,129.7,129.0,130.2,127.1
438,2022-11-01 00:00:00,104.6,100.0,104.85,98.8
439,2022-12-14 00:00:00,125.25,123.8,125.9,123.25
440,2023-01-13 00:00:00,131.1,129.15,131.8,128.65
441,2023-01-18 00:00:00,128.4,125.9,128.85,125.7
442,2023-02-02 00:00:00,119.6,120.8,122.15,118.3
443,2023-02-15 00:00:00,118.25,116.0,120.65,115.8
444,2023-02-27 00:00:00,112.1,112.45,112.5,110.25
445,2023-04-11 00:00:00,113.35,111.05,113.55,110.7
446,2023-05-24 00:00:00,105.1,107.1,107.15,104.9
447,2023-05-30 00:00:00,107.2,106.9,107.8,106.45
448,2023-06-07 00:00:00,109.5,109.3,109.85,109.1
449,2023-06-19 00:00:00,106.15,107.2,107.7,106.05
450,2023-07-11 00:00:00,108.0,107.9,108.45,107.5
451,2023-08-09 00:00:00,112.65,111.8,112.9,111.1
452,2022-03-31 00:00:00,162.55,157.1,163.55,157.1
453,2022-03-03 00:00:00,152.6,155.0,156.4,151.7
454,2022-02-25 00:00:00,141.0,139.0,142.0,138.2
455,2022-03-29 00:00:00,158.9,162.4,162.85,158.3
456,2022-03-10 00:00:00,153.25,153.25,154.0,150.3
457,2022-04-19 00:00:00,169.2,169.55,173.75,167.4
458,2022-05-16 00:00:00,137.85,138.0,139.4,136.0
459,2022-05-18 00:00:00,142.55,144.5,144.5,141.5
460,2022-05-23 00:00:00,128.15,136.8,136.8,124.5
461,2022-06-17 00:00:00,108.6,107.9,110.3,106.25
462,2022-05-30 00:00:00,123.9,126.0,126.35,123.05
463,2022-07-05 00:00:00,108.6,109.5,111.35,108.25
464,2022-08-10 00:00:00,116.0,113.3,117.05,112.0
465,2022-08-01 00:00:00,107.7,108.75,108.75,107.0
466,2022-09-02 00:00:00,122.0,121.65,122.35,119.9
467,2022-08-08 00:00:00,113.1,112.25,114.0,112.0
468,2022-09-09 00:00:00,123.95,123.5,125.15,123.05
469,2022-09-01 00:00:00,122.15,121.8,122.8,121.25
470,2022-09-19 00:00:00,126.1,125.75,127.15,124.5
471,2022-10-07 00:00:00,134.85,133.55,135.6,131.8
472,2022-12-13 00:00:00,123.8,124.4,124.75,122.6
473,2022-10-21 00:00:00,130.35,132.6,136.75,129.0
474,2022-12-19 00:00:00,123.95,123.8,124.4,123.0
475,2022-10-25 00:00:00,130.75,130.75,132.4,128.15
476,2022-12-26 00:00:00,115.85,111.75,116.3,111.6
477,2022-10-27 00:00:00,104.3,92.25,109.05,92.25
478,2022-12-27 00:00:00,119.5,117.5,120.55,117.15
479,2022-11-04 00:00:00,111.7,111.1,112.45,110.35
480,2023-01-12 00:00:00,128.5,129.3,129.3,126.7
481,2022-12-16 00:00:00,123.55,124.0,124.95,122.1
482,2023-01-17 00:00:00,125.9,128.1,128.1,125.15
483,2023-02-17 00:00:00,121.2,121.7,123.75,120.5
484,2023-01-20 00:00:00,127.45,129.0,130.1,127.05
485,2023-02-23 00:00:00,117.05,116.25,117.8,114.25
486,2023-02-07 00:00:00,117.7,119.65,119.65,115.75
487,2023-02-10 00:00:00,118.8,119.9,119.9,118.3
488,2023-03-22 00:00:00,111.85,111.9,113.2,111.2
489,2023-05-02 00:00:00,109.85,108.9,110.4,108.65
490,2023-02-14 00:00:00,115.95,118.9,119.2,114.15
491,2023-05-15 00:00:00,106.75,107.05,107.9,105.3
492,2023-03-14 00:00:00,116.4,114.8,118.1,114.6
493,2023-05-25 00:00:00,104.3,105.15,105.45,103.85
494,2023-03-28 00:00:00,106.8,108.05,108.4,106.25
495,2023-07-07 00:00:00,106.9,106.95,107.95,106.65
496,2023-04-03 00:00:00,111.4,112.0,113.15,110.6
497,2023-04-20 00:00:00,112.2,113.85,113.85,111.85
498,2023-05-05 00:00:00,108.25,111.25,111.3,108.0
499,2023-05-17 00:00:00,106.1,107.2,107.6,105.65
500,2023-08-10 00:00:00,113.7,112.65,114.65,112.5
501,2023-08-14 00:00:00,118.7,115.0,119.15,112.8
502,2022-03-08 00:00:00,153.25,155.0,155.0,149.0
503,2022-03-30 00:00:00,159.2,159.7,161.75,155.95
504,2022-04-06 00:00:00,172.15,167.5,174.35,167.1
505,2022-04-07 00:00:00,170.6,173.0,173.55,169.55
506,2022-04-27 00:00:00,160.05,160.0,163.15,158.5
507,2022-05-24 00:00:00,126.4,130.0,131.2,125.55
508,2022-06-10 00:00:00,119.5,120.8,120.8,118.05
509,2022-07-01 00:00:00,109.65,107.15,110.0,106.35
510,2022-07-11 00:00:00,109.0,107.75,110.7,107.4
511,2022-08-04 00:00:00,107.4,106.5,108.75,105.35
512,2022-08-29 00:00:00,123.85,119.55,124.1,119.55
513,2022-09-05 00:00:00,122.5,121.95,123.85,121.4
514,2022-09-26 00:00:00,122.75,125.8,125.8,120.6
515,2022-10-03 00:00:00,125.75,127.7,128.05,125.05
516,2022-10-18 00:00:00,131.8,134.75,134.75,131.0
517,2022-10-28 00:00:00,100.95,104.5,104.5,100.4
518,2022-11-02 00:00:00,109.25,105.15,110.15,104.5
519,2022-11-11 00:00:00,113.7,113.7,114.8,112.8
520,2022-11-14 00:00:00,113.55,114.2,115.0,112.9
521,2022-11-23 00:00:00,118.35,116.85,118.75,116.2
522,2023-01-02 00:00:00,126.05,124.2,126.4,124.05
523,2023-01-16 00:00:00,127.55,129.9,130.9,126.65
524,2023-02-24 00:00:00,112.0,114.85,115.15,111.55
525,2023-05-04 00:00:00,111.25,111.0,111.8,110.65
526,2023-05-11 00:00:00,108.0,109.25,109.3,107.75
527,2023-06-12 00:00:00,108.0,107.95,108.6,107.0
528,2023-06-15 00:00:00,107.75,109.1,109.35,107.5
529,2023-07-04 00:00:00,107.1,108.0,108.05,106.5
530,2023-07-06 00:00:00,107.05,107.5,107.55,106.45
531,2023-07-17 00:00:00,113.5,114.0,114.65,113.25
532,2023-07-20 00:00:00,111.0,112.55,112.55,110.9
533,2022-04-12 00:00:00,169.65,173.2,173.55,167.5
534,2022-03-16 00:00:00,150.55,149.0,153.0,148.85
535,2022-06-06 00:00:00,124.6,123.95,125.2,121.2
536,2022-03-28 00:00:00,161.4,158.0,163.05,156.4
537,2022-06-21 00:00:00,108.55,105.6,109.05,104.45
538,2022-07-25 00:00:00,105.65,104.5,106.15,103.55
539,2022-04-04 00:00:00,170.25,167.75,171.1,167.0
540,2022-08-18 00:00:00,116.9,115.5,117.15,115.35
541,2022-04-25 00:00:00,158.9,163.0,163.45,157.4
542,2022-09-14 00:00:00,127.1,124.35,129.0,123.55
543,2022-05-26 00:00:00,125.9,123.0,126.85,119.2
544,2022-09-27 00:00:00,124.25,122.1,124.85,121.9
545,2022-06-15 00:00:00,114.05,114.8,115.1,113.45
546,2023-02-09 00:00:00,119.9,120.9,122.0,119.25
547,2023-03-29 00:00:00,110.2,107.0,111.0,105.65
548,2022-06-16 00:00:00,108.0,115.25,115.45,107.6
549,2022-06-28 00:00:00,111.25,111.65,112.05,109.45
550,2023-05-23 00:00:00,105.75,105.5,106.7,105.5
551,2022-11-18 00:00:00,111.1,106.9,111.5,106.5
552,2023-06-13 00:00:00,108.75,108.35,109.65,108.25
553,2022-11-25 00:00:00,118.3,117.25,118.65,117.25
554,2023-07-25 00:00:00,112.2,111.9,112.75,111.05
555,2022-12-21 00:00:00,119.0,121.7,122.9,118.45
556,2023-07-28 00:00:00,112.55,112.0,112.75,110.9
557,2023-01-04 00:00:00,121.6,124.75,125.6,121.0
558,2023-08-08 00:00:00,111.3,112.7,113.2,110.9
559,2023-03-03 00:00:00,113.45,114.5,114.9,113.0
560,2023-08-21 00:00:00,118.5,116.0,118.8,115.35
561,2023-04-17 00:00:00,111.45,111.2,112.1,110.7
562,2023-04-28 00:00:00,108.5,109.0,109.4,108.25
563,2023-06-21 00:00:00,106.75,107.8,107.8,106.2
564,2023-07-27 00:00:00,112.2,113.0,113.55,112.0
565,2023-08-11 00:00:00,113.75,114.2,114.35,112.3
566,2022-03-02 00:00:00,151.1,143.9,151.7,142.7
567,2022-06-30 00:00:00,108.2,109.5,110.65,107.2
568,2022-07-15 00:00:00,99.9,101.0,102.4,99.6
569,2022-07-21 00:00:00,104.4,103.9,104.75,103.4
570,2022-08-16 00:00:00,116.95,116.45,118.05,114.95
571,2022-08-25 00:00:00,122.05,121.85,124.6,121.2
572,2022-12-01 00:00:00,119.9,119.25,121.5,118.4
573,2022-12-30 00:00:00,123.05,120.25,123.7,120.05
574,2023-01-27 00:00:00,122.95,124.25,125.0,120.8
575,2023-02-20 00:00:00,118.7,122.15,122.15,118.0
576,2023-03-08 00:00:00,114.45,113.5,114.85,113.1
577,2023-03-13 00:00:00,114.45,115.0,116.2,113.75
578,2023-04-06 00:00:00,111.0,111.1,111.85,110.5
579,2023-04-26 00:00:00,108.45,109.0,109.15,108.05
580,2023-05-03 00:00:00,110.15,109.85,110.3,108.5
581,2023-07-18 00:00:00,111.4,113.75,113.95,110.85
582,2023-08-02 00:00:00,113.75,116.9,117.0,112.2
583,2022-05-05 00:00:00,157.0,158.3,160.85,156.35
584,2022-05-13 00:00:00,136.1,140.5,141.5,135.35
585,2022-05-27 00:00:00,124.95,124.0,126.55,122.7
586,2022-06-02 00:00:00,127.8,127.0,129.25,125.3
587,2022-06-07 00:00:00,122.7,124.5,125.7,121.35
588,2022-06-08 00:00:00,123.65,123.6,124.75,122.2
589,2022-06-22 00:00:00,102.85,107.75,107.85,102.3
590,2022-06-27 00:00:00,111.25,109.4,111.9,108.1
591,2022-07-18 00:00:00,103.3,100.5,103.5,100.5
592,2022-07-22 00:00:00,104.05,104.85,105.45,103.4
593,2022-08-03 00:00:00,106.0,107.05,108.3,104.25
594,2022-09-06 00:00:00,122.0,123.1,123.4,121.7
595,2022-12-02 00:00:00,119.9,120.65,121.45,119.55
596,2023-01-31 00:00:00,123.15,123.45,125.45,122.6
597,2023-02-03 00:00:00,118.65,120.75,121.0,116.5
598,2023-03-10 00:00:00,114.5,113.5,114.7,112.05
599,2023-03-16 00:00:00,113.15,115.8,116.0,112.6
600,2023-03-17 00:00:00,115.05,114.1,115.6,113.95
601,2023-04-12 00:00:00,113.25,114.0,114.6,112.85
602,2023-04-13 00:00:00,111.3,113.2,113.3,111.1
603,2023-04-18 00:00:00,112.3,111.85,112.6,111.5
604,2023-05-31 00:00:00,106.8,106.9,107.1,105.35
605,2023-06-16 00:00:00,107.0,107.95,108.45,106.8
606,2023-07-12 00:00:00,111.6,108.5,112.15,108.1
607,2022-03-15 00:00:00,147.55,153.7,154.75,146.75
608,2022-05-10 00:00:00,140.85,146.8,148.85,140.05
609,2022-05-17 00:00:00,143.8,139.0,144.4,139.0
610,2022-06-23 00:00:00,105.0,102.85,105.5,101.65
611,2022-07-04 00:00:00,108.7,107.2,109.1,106.85
612,2022-07-08 00:00:00,108.95,110.55,110.95,108.3
613,2022-07-14 00:00:00,101.65,105.5,105.8,101.05
614,2022-07-27 00:00:00,104.5,104.5,104.85,102.9
615,2022-09-15 00:00:00,125.65,127.65,127.65,124.75
616,2022-11-30 00:00:00,117.7,117.75,118.9,117.15
617,2022-12-28 00:00:00,119.6,119.45,120.4,118.5
618,2023-01-10 00:00:00,123.05,123.9,125.0,122.6
619,2023-01-24 00:00:00,124.45,126.05,126.05,123.45
620,2023-02-22 00:00:00,115.65,119.15,119.4,115.2
621,2023-03-06 00:00:00,114.1,113.75,114.5,111.45
622,2023-04-24 00:00:00,109.85,109.85,110.45,107.95
623,2023-04-25 00:00:00,108.8,109.7,110.25,108.6
624,2023-06-06 00:00:00,109.2,109.1,109.5,108.7
625,2023-06-23 00:00:00,104.7,105.7,105.7,104.4
626,2023-07-26 00:00:00,112.4,112.95,113.0,112.1
627,2023-07-31 00:00:00,117.25,113.1,117.55,112.8
628,2022-03-23 00:00:00,151.1,153.0,153.55,149.0
629,2022-03-25 00:00:00,157.15,158.0,160.8,156.7
630,2022-04-11 00:00:00,173.9,174.5,175.35,172.8
631,2022-04-26 00:00:00,160.5,160.0,161.5,159.0
632,2022-05-04 00:00:00,156.65,162.0,162.0,155.5
633,2022-05-20 00:00:00,146.45,143.5,146.85,142.75
634,2022-05-25 00:00:00,121.05,127.85,127.85,120.05
635,2022-06-20 00:00:00,104.6,108.9,108.9,101.55
636,2022-06-29 00:00:00,109.5,110.1,111.15,109.0
637,2022-07-26 00:00:00,104.15,105.9,106.6,103.9
638,2022-08-23 00:00:00,119.2,111.95,120.0,111.7
639,2022-08-26 00:00:00,122.95,123.5,125.0,122.5
640,2022-09-08 00:00:00,122.35,124.7,125.15,122.15
641,2022-09-13 00:00:00,125.5,127.35,127.5,125.25
642,2022-10-11 00:00:00,130.85,137.45,137.45,130.35
643,2022-11-28 00:00:00,117.05,117.85,118.5,116.45
644,2023-01-05 00:00:00,121.85,122.25,122.5,120.2
645,2023-01-30 00:00:00,122.4,123.55,125.85,121.55
646,2023-02-08 00:00:00,120.45,118.3,121.1,117.45
647,2023-04-05 00:00:00,111.6,111.55,112.2,109.0
648,2023-05-12 00:00:00,106.7,108.15,108.35,106.55
649,2023-06-08 00:00:00,108.6,109.8,110.5,108.4
650,2023-06-22 00:00:00,105.75,106.35,107.0,105.25
651,2023-07-03 00:00:00,107.5,106.0,107.7,105.7
652,2023-07-19 00:00:00,111.75,112.3,112.45,111.05
653,2023-08-04 00:00:00,113.25,113.7,114.45,113.1
654,2023-08-17 00:00:00,116.7,117.0,117.9,115.5
