,time,close,open,high,low
0,2021-03-04 00:00:00,17.0,17.25,17.3,16.9
1,2021-01-29 00:00:00,13.65,,14.3,13.5
2,2021-02-11 00:00:00,17.85,17.3,18.45,17.3
3,2021-02-19 00:00:00,17.2,17.0,18.15,17.0
4,2021-03-16 00:00:00,19.15,20.25,20.25,19.0
5,2021-04-20 00:00:00,15.75,16.15,16.5,15.55
6,2021-04-26 00:00:00,15.95,15.85,16.45,15.85
7,2021-11-16 00:00:00,24.9,25.0,25.65,24.85
8,2021-11-17 00:00:00,24.9,24.95,25.4,24.75
9,2021-12-06 00:00:00,22.75,22.35,23.4,22.25
10,2021-12-27 00:00:00,23.1,23.4,24.3,22.7
11,2022-03-29 00:00:00,22.55,23.25,23.8,22.4
12,2022-05-05 00:00:00,25.1,25.7,26.0,25.0
13,2022-05-18 00:00:00,23.7,24.35,24.9,23.5
14,2022-06-06 00:00:00,23.45,23.25,23.7,23.05
15,2022-06-21 00:00:00,20.15,19.15,20.3,19.15
16,2022-07-19 00:00:00,22.3,21.75,22.45,21.75
17,2022-09-01 00:00:00,25.2,25.45,26.05,24.75
18,2022-09-06 00:00:00,26.15,27.05,27.1,26.0
19,2022-09-09 00:00:00,25.85,26.4,26.8,25.6
20,2022-09-30 00:00:00,28.1,27.45,28.8,27.25
21,2022-10-24 00:00:00,28.0,27.65,28.45,27.6
22,2022-11-01 00:00:00,28.75,27.8,29.7,27.8
23,2022-11-03 00:00:00,30.5,30.5,30.95,30.1
24,2022-12-08 00:00:00,38.45,38.0,39.25,37.4
25,2022-12-14 00:00:00,38.05,37.9,38.5,37.3
26,2022-12-30 00:00:00,33.55,34.0,34.35,33.35
27,2023-02-01 00:00:00,30.4,31.4,32.7,28.85
28,2023-02-22 00:00:00,30.2,31.15,31.15,29.9
29,2023-03-14 00:00:00,28.1,29.2,29.2,27.9
30,2023-04-03 00:00:00,27.05,25.2,27.4,25.05
31,2023-05-02 00:00:00,31.2,31.95,32.0,31.0
32,2023-05-24 00:00:00,38.05,35.2,38.7,35.1
33,2023-05-26 00:00:00,37.95,38.5,39.0,37.6
34,2023-06-09 00:00:00,39.75,40.35,40.6,39.25
35,2023-06-13 00:00:00,40.55,40.9,41.3,40.2
36,2023-06-27 00:00:00,41.45,40.95,42.35,40.95
37,2023-07-12 00:00:00,46.15,44.6,46.95,44.3
38,2023-07-18 00:00:00,43.65,44.1,45.6,43.0
39,2023-07-24 00:00:00,43.1,42.75,44.4,42.75
40,2023-08-18 00:00:00,54.25,51.65,54.95,51.65
41,2021-02-04 00:00:00,15.8,15.0,15.8,14.5
42,2021-04-09 00:00:00,17.8,18.15,18.5,17.7
43,2021-06-15 00:00:00,21.25,21.65,22.35,21.0
44,2021-07-20 00:00:00,21.95,23.1,23.45,21.85
45,2021-08-27 00:00:00,25.45,25.95,26.75,25.2
46,2021-09-27 00:00:00,25.65,27.2,27.25,25.65
47,2021-10-21 00:00:00,25.6,26.2,26.2,24.95
48,2021-10-27 00:00:00,25.7,25.35,26.45,25.35
49,2021-11-10 00:00:00,25.45,25.35,25.9,25.2
50,2021-11-24 00:00:00,24.25,23.95,24.8,23.95
51,2021-12-20 00:00:00,22.4,23.35,23.6,21.9
52,2021-12-21 00:00:00,22.8,22.9,24.95,22.55
53,2022-01-05 00:00:00,27.7,27.2,28.6,27.05
54,2022-01-12 00:00:00,32.55,34.05,36.75,31.15
55,2022-03-08 00:00:00,23.75,23.4,23.95,22.9
56,2022-03-17 00:00:00,25.5,25.45,26.7,25.05
57,2022-03-28 00:00:00,23.05,24.4,24.5,22.75
58,2022-04-12 00:00:00,26.95,26.9,27.45,26.2
59,2022-04-18 00:00:00,26.7,26.85,27.4,26.1
60,2022-05-02 00:00:00,26.5,28.0,28.15,26.4
61,2022-06-01 00:00:00,23.65,23.45,24.0,23.4
62,2022-06-22 00:00:00,19.0,19.95,19.95,18.75
63,2022-07-08 00:00:00,21.3,21.05,21.5,20.75
64,2022-07-27 00:00:00,22.0,21.95,22.2,21.6
65,2022-08-24 00:00:00,23.9,23.5,24.65,23.5
66,2022-08-30 00:00:00,25.0,24.35,25.35,23.8
67,2022-09-20 00:00:00,29.35,29.55,30.15,29.15
68,2022-10-18 00:00:00,27.1,27.0,27.5,26.75
69,2022-11-15 00:00:00,31.8,31.7,32.55,31.1
70,2022-11-24 00:00:00,37.8,36.5,38.25,36.25
71,2023-02-07 00:00:00,30.9,32.0,32.25,30.2
72,2023-02-13 00:00:00,30.95,33.3,33.55,30.7
73,2023-05-22 00:00:00,36.35,37.0,37.6,36.0
74,2023-05-31 00:00:00,36.7,37.3,37.4,36.1
75,2023-06-05 00:00:00,42.7,43.85,44.2,42.15
76,2023-06-06 00:00:00,42.15,43.2,43.2,40.8
77,2023-06-23 00:00:00,40.8,42.2,42.3,40.1
78,2021-01-08 00:00:00,15.25,,15.95,15.0
79,2021-01-12 00:00:00,14.7,,15.15,14.4
80,2021-01-21 00:00:00,14.0,,14.6,14.0
81,2021-02-02 00:00:00,14.45,14.0,14.45,13.55
82,2021-03-03 00:00:00,17.25,16.85,17.65,16.85
83,2021-04-27 00:00:00,15.95,15.95,16.25,15.9
84,2021-06-16 00:00:00,21.2,21.5,21.95,20.55
85,2021-08-02 00:00:00,22.75,22.0,22.75,21.55
86,2021-09-07 00:00:00,26.05,25.95,26.6,25.75
87,2021-10-13 00:00:00,27.2,28.5,28.6,26.95
88,2021-12-01 00:00:00,22.35,22.25,23.05,21.8
89,2022-01-17 00:00:00,31.8,32.65,33.65,31.5
90,2022-01-19 00:00:00,32.25,30.8,32.55,30.0
91,2022-02-15 00:00:00,27.6,27.3,28.35,26.35
92,2022-03-11 00:00:00,24.9,24.85,25.25,24.5
93,2022-03-14 00:00:00,24.8,24.9,25.65,24.55
94,2022-04-04 00:00:00,25.45,25.0,25.8,24.65
95,2022-06-15 00:00:00,22.4,22.05,22.7,22.05
96,2022-07-20 00:00:00,22.3,22.5,22.8,22.15
97,2022-07-25 00:00:00,21.85,22.8,22.8,21.75
98,2022-08-05 00:00:00,23.35,23.1,23.8,22.8
99,2022-08-22 00:00:00,23.5,24.35,24.35,23.3
100,2022-09-26 00:00:00,27.2,29.25,29.35,26.85
101,2022-09-29 00:00:00,27.45,28.05,28.6,26.95
102,2022-12-07 00:00:00,37.8,39.2,39.75,37.65
103,2022-12-12 00:00:00,37.85,37.15,38.45,36.75
104,2022-12-29 00:00:00,33.6,32.95,34.2,32.7
105,2023-02-09 00:00:00,32.55,33.15,33.35,31.95
106,2023-03-24 00:00:00,26.0,27.3,27.65,25.85
107,2023-04-27 00:00:00,30.35,30.8,31.15,30.25
108,2023-04-28 00:00:00,31.75,30.7,32.0,30.7
109,2023-05-04 00:00:00,32.95,31.75,33.2,31.4
110,2023-05-17 00:00:00,37.4,38.95,39.4,36.55
111,2023-06-21 00:00:00,42.75,41.6,44.4,41.6
112,2023-07-07 00:00:00,42.3,42.75,43.35,41.65
113,2023-07-21 00:00:00,42.6,43.5,43.65,41.95
114,2023-08-02 00:00:00,44.25,44.75,46.35,43.4
115,2023-08-11 00:00:00,47.7,48.9,50.65,47.25
116,2021-01-11 00:00:00,14.8,,15.6,14.6
117,2021-02-09 00:00:00,18.45,18.65,19.5,17.55
118,2021-03-15 00:00:00,19.8,20.8,21.2,19.0
119,2021-04-01 00:00:00,18.55,18.3,18.8,18.15
120,2021-04-29 00:00:00,16.85,17.5,18.0,16.75
121,2021-05-26 00:00:00,18.7,18.5,19.3,18.3
122,2021-05-31 00:00:00,17.15,17.7,18.6,16.75
123,2021-06-01 00:00:00,18.05,17.55,18.7,17.55
124,2021-06-07 00:00:00,20.75,21.6,21.95,20.6
125,2021-08-23 00:00:00,23.15,25.05,25.3,23.1
126,2021-08-24 00:00:00,24.3,23.15,24.3,23.0
127,2021-09-20 00:00:00,24.05,24.35,25.4,24.05
128,2021-10-04 00:00:00,27.1,26.1,27.1,26.1
129,2021-10-07 00:00:00,30.25,28.25,30.25,28.25
130,2022-01-06 00:00:00,27.0,27.1,27.8,26.85
131,2022-02-28 00:00:00,24.65,24.2,25.35,23.5
132,2022-03-22 00:00:00,25.5,25.05,26.0,24.95
133,2022-03-31 00:00:00,23.3,23.25,23.7,22.8
134,2022-06-24 00:00:00,20.05,19.1,20.25,19.1
135,2022-07-01 00:00:00,19.95,20.35,20.7,19.75
136,2022-07-22 00:00:00,22.45,22.4,22.6,22.0
137,2022-08-25 00:00:00,24.05,24.1,24.75,23.9
138,2022-09-02 00:00:00,26.25,25.2,27.15,25.0
139,2022-09-07 00:00:00,26.5,26.1,27.4,25.9
140,2022-09-13 00:00:00,27.05,26.15,27.5,26.15
141,2022-09-15 00:00:00,27.8,28.0,29.35,27.4
142,2022-10-27 00:00:00,28.1,28.4,28.4,27.05
143,2022-11-18 00:00:00,32.35,32.6,32.85,31.75
144,2022-12-01 00:00:00,39.7,38.4,40.0,37.55
145,2023-01-12 00:00:00,34.45,35.75,35.75,34.15
146,2023-03-03 00:00:00,30.8,30.2,30.95,30.1
147,2023-03-15 00:00:00,27.35,28.35,28.8,27.2
148,2023-05-29 00:00:00,36.9,38.25,38.3,35.75
149,2023-06-15 00:00:00,42.05,42.65,43.2,41.7
150,2023-08-01 00:00:00,44.85,43.8,46.1,43.7
151,2023-08-23 00:00:00,60.1,60.0,61.4,59.4
152,2021-01-14 00:00:00,14.2,,14.5,14.0
153,2021-02-12 00:00:00,17.25,18.3,18.3,17.15
154,2021-04-23 00:00:00,16.15,16.0,16.5,15.8
155,2021-05-11 00:00:00,15.65,15.8,16.0,15.5
156,2021-05-28 00:00:00,17.35,18.85,18.85,17.15
157,2021-08-20 00:00:00,24.3,24.35,26.0,24.3
158,2021-09-09 00:00:00,26.3,26.15,27.0,25.8
159,2021-09-17 00:00:00,25.3,26.65,27.1,25.3
160,2021-11-29 00:00:00,21.55,22.7,22.85,21.0
161,2021-12-03 00:00:00,22.45,23.3,23.65,22.1
162,2021-12-14 00:00:00,25.65,25.9,26.8,25.35
163,2021-12-29 00:00:00,24.35,24.45,24.65,24.0
164,2022-01-13 00:00:00,32.7,32.9,33.75,30.8
165,2022-01-20 00:00:00,33.55,32.0,35.0,31.65
166,2022-02-01 00:00:00,29.4,30.1,30.3,28.65
167,2022-03-21 00:00:00,24.9,26.1,26.1,24.75
168,2022-03-23 00:00:00,24.95,25.75,25.95,24.6
169,2022-04-21 00:00:00,27.5,27.2,28.2,27.05
170,2022-08-26 00:00:00,24.45,24.25,25.15,24.25
171,2022-11-07 00:00:00,31.3,30.45,31.9,30.2
172,2022-12-27 00:00:00,32.95,32.25,34.45,32.25
173,2023-02-15 00:00:00,31.8,31.05,32.3,30.8
174,2023-03-02 00:00:00,30.0,30.65,30.95,29.8
175,2023-03-09 00:00:00,30.95,30.85,31.7,30.65
176,2023-03-10 00:00:00,30.55,30.6,30.9,30.0
177,2023-03-17 00:00:00,27.45,27.9,28.2,27.15
178,2023-03-29 00:00:00,24.9,24.25,25.8,24.15
179,2023-04-10 00:00:00,27.05,27.55,27.6,26.8
180,2023-05-08 00:00:00,31.9,32.0,32.35,31.55
181,2023-05-11 00:00:00,35.9,32.1,36.45,32.0
182,2023-05-18 00:00:00,35.95,37.0,38.75,35.65
183,2023-06-08 00:00:00,40.15,41.55,41.85,39.75
184,2023-06-16 00:00:00,42.0,42.3,42.7,41.8
185,2023-06-19 00:00:00,41.85,42.2,42.8,41.25
186,2023-06-20 00:00:00,41.6,41.85,42.5,41.0
187,2023-07-20 00:00:00,43.0,43.2,43.9,42.8
188,2023-07-27 00:00:00,43.4,44.1,44.3,43.1
189,2021-03-09 00:00:00,17.0,17.35,17.5,16.6
190,2021-03-26 00:00:00,18.8,18.3,19.15,18.05
191,2021-04-07 00:00:00,17.85,17.75,18.45,17.7
192,2021-04-13 00:00:00,16.85,16.5,17.3,16.5
193,2021-04-19 00:00:00,15.9,16.5,16.5,15.45
194,2021-04-28 00:00:00,16.9,15.85,17.2,15.85
195,2021-05-19 00:00:00,16.6,16.75,17.2,16.3
196,2021-07-12 00:00:00,23.8,22.45,23.8,22.45
197,2021-09-13 00:00:00,26.0,26.3,26.7,25.4
198,2021-12-15 00:00:00,25.4,25.65,26.45,25.2
199,2021-12-17 00:00:00,24.0,24.7,25.1,23.8
200,2022-03-04 00:00:00,23.55,24.05,24.8,23.4
201,2022-03-25 00:00:00,24.4,25.0,25.2,24.3
202,2022-04-05 00:00:00,26.0,25.75,26.5,25.15
203,2022-04-07 00:00:00,27.3,26.4,28.1,26.2
204,2022-04-25 00:00:00,26.2,26.6,27.55,26.05
205,2022-04-28 00:00:00,28.25,29.65,29.7,28.05
206,2022-05-06 00:00:00,24.45,24.7,25.0,24.0
207,2022-05-27 00:00:00,23.05,23.4,23.4,22.9
208,2022-06-03 00:00:00,23.25,23.5,24.0,23.1
209,2022-06-17 00:00:00,21.25,21.45,21.8,20.9
210,2022-07-05 00:00:00,20.45,20.3,21.0,20.3
211,2022-07-18 00:00:00,22.05,21.5,22.2,21.25
212,2022-08-01 00:00:00,24.0,24.8,24.8,23.75
213,2022-08-08 00:00:00,22.95,23.5,23.7,22.9
214,2022-09-14 00:00:00,27.7,26.55,28.8,26.2
215,2022-09-19 00:00:00,28.8,27.4,29.5,27.4
216,2022-10-10 00:00:00,29.4,28.7,30.1,28.25
217,2022-11-10 00:00:00,32.0,33.1,33.7,31.55
218,2022-12-09 00:00:00,37.1,38.8,39.4,36.2
219,2023-01-05 00:00:00,34.45,33.95,34.7,33.15
220,2023-01-06 00:00:00,33.9,34.65,35.25,33.45
221,2023-01-09 00:00:00,33.85,34.25,34.5,33.55
222,2023-01-11 00:00:00,35.35,33.3,36.4,33.15
223,2023-02-10 00:00:00,33.0,32.35,34.1,32.3
224,2023-04-06 00:00:00,27.25,27.15,27.9,26.85
225,2023-06-30 00:00:00,43.75,43.15,45.6,43.15
226,2023-07-28 00:00:00,44.1,43.7,44.85,43.25
227,2021-01-25 00:00:00,14.0,,14.4,13.9
228,2021-02-18 00:00:00,17.5,17.45,18.0,16.8
229,2021-02-24 00:00:00,17.2,17.7,17.7,17.0
230,2021-03-10 00:00:00,18.7,17.1,18.7,16.65
231,2021-04-05 00:00:00,17.85,18.5,18.5,17.4
232,2021-05-18 00:00:00,15.75,15.75,16.05,15.6
233,2021-06-02 00:00:00,19.85,18.4,19.85,18.1
234,2021-06-03 00:00:00,21.3,21.5,21.8,20.2
235,2021-06-21 00:00:00,22.15,21.3,22.8,21.0
236,2021-06-29 00:00:00,20.7,20.3,21.2,20.25
237,2021-07-05 00:00:00,20.15,20.05,20.4,19.8
238,2021-07-06 00:00:00,20.25,20.4,21.35,20.15
239,2021-08-04 00:00:00,22.4,23.8,24.0,22.4
240,2021-10-11 00:00:00,28.65,29.9,30.8,28.5
241,2021-11-08 00:00:00,25.85,26.2,27.35,25.5
242,2021-11-09 00:00:00,25.35,25.1,26.35,25.1
243,2021-12-09 00:00:00,24.9,24.9,25.45,24.35
244,2021-12-16 00:00:00,25.0,25.9,25.95,24.8
245,2021-12-31 00:00:00,28.25,27.0,29.3,26.05
246,2022-02-07 00:00:00,30.95,31.25,32.2,30.4
247,2022-02-10 00:00:00,29.95,31.1,31.2,29.75
248,2022-02-17 00:00:00,26.5,28.15,28.15,26.3
249,2022-02-24 00:00:00,22.4,24.5,24.65,22.15
250,2022-04-06 00:00:00,26.45,25.8,26.7,25.55
251,2022-04-11 00:00:00,27.2,27.55,27.75,27.0
252,2022-04-19 00:00:00,27.1,27.0,28.45,26.5
253,2022-06-07 00:00:00,23.15,23.4,23.65,23.0
254,2022-07-07 00:00:00,20.75,20.9,21.05,20.6
255,2022-07-13 00:00:00,21.6,21.75,22.5,21.45
256,2022-09-27 00:00:00,28.15,27.65,28.5,27.25
257,2022-12-05 00:00:00,39.95,40.95,41.35,39.5
258,2023-01-23 00:00:00,34.95,35.25,35.6,34.8
259,2023-01-24 00:00:00,33.6,35.05,35.3,33.15
260,2023-01-31 00:00:00,30.8,31.0,31.95,30.4
261,2023-02-21 00:00:00,31.25,31.25,31.75,31.05
262,2023-03-01 00:00:00,30.65,28.95,30.8,28.95
263,2023-03-06 00:00:00,30.35,30.85,31.4,30.15
264,2023-03-23 00:00:00,27.05,26.7,27.8,26.55
265,2023-04-13 00:00:00,28.2,28.3,28.55,27.65
266,2023-04-26 00:00:00,30.8,30.2,31.1,30.15
267,2023-06-12 00:00:00,40.95,39.55,41.45,39.55
268,2023-06-14 00:00:00,42.45,42.2,44.2,41.85
269,2023-07-10 00:00:00,42.45,42.5,42.9,41.7
270,2023-07-31 00:00:00,43.6,44.3,44.5,43.35
271,2023-08-09 00:00:00,51.35,50.0,53.6,49.5
272,2023-08-21 00:00:00,53.75,54.75,55.15,53.0
273,2021-01-15 00:00:00,14.0,,14.4,14.0
274,2021-01-28 00:00:00,13.95,,14.0,13.25
275,2021-02-05 00:00:00,16.5,16.45,16.8,15.8
276,2021-02-22 00:00:00,16.8,17.65,17.8,16.4
277,2021-02-25 00:00:00,17.35,17.2,17.8,17.05
278,2021-05-17 00:00:00,15.65,15.95,16.0,15.55
279,2021-05-21 00:00:00,17.1,17.2,17.7,16.9
280,2021-06-17 00:00:00,21.65,20.85,22.6,20.7
281,2021-07-01 00:00:00,20.2,20.85,20.9,20.1
282,2021-07-26 00:00:00,22.0,21.6,22.5,21.25
283,2021-08-16 00:00:00,28.25,28.25,28.25,28.25
284,2021-09-24 00:00:00,27.0,26.7,27.25,25.7
285,2021-10-05 00:00:00,28.45,27.7,28.45,26.85
286,2021-10-26 00:00:00,25.35,24.95,26.05,24.75
287,2021-10-28 00:00:00,25.15,25.9,26.45,24.95
288,2021-10-29 00:00:00,25.8,25.0,26.25,24.7
289,2021-11-22 00:00:00,23.25,24.55,24.8,22.55
290,2021-11-23 00:00:00,23.9,22.75,24.15,22.75
291,2021-12-22 00:00:00,25.15,25.0,26.4,24.8
292,2022-01-21 00:00:00,32.1,33.3,34.1,31.55
293,2022-01-28 00:00:00,28.45,29.9,30.45,27.9
294,2022-01-31 00:00:00,29.5,28.75,30.0,28.55
295,2022-02-03 00:00:00,31.5,31.8,32.9,31.0
296,2022-02-09 00:00:00,31.05,33.1,33.1,30.7
297,2022-05-20 00:00:00,24.0,23.75,24.35,23.45
298,2022-05-23 00:00:00,25.5,23.95,27.0,23.05
299,2022-07-15 00:00:00,21.4,21.1,21.55,20.5
300,2022-08-04 00:00:00,23.1,24.05,24.35,22.9
301,2022-08-11 00:00:00,22.05,22.3,22.8,21.95
302,2022-08-12 00:00:00,22.55,22.6,23.2,22.0
303,2022-08-18 00:00:00,23.15,23.3,23.75,22.95
304,2022-08-19 00:00:00,24.0,23.25,24.4,23.15
305,2022-10-20 00:00:00,27.8,28.05,28.75,27.5
306,2022-10-31 00:00:00,27.95,28.0,28.3,27.8
307,2022-11-11 00:00:00,31.2,32.7,32.8,31.0
308,2022-11-14 00:00:00,31.6,31.55,32.75,31.15
309,2022-11-21 00:00:00,31.8,32.0,32.35,31.45
310,2022-12-06 00:00:00,38.9,39.75,40.3,38.6
311,2022-12-15 00:00:00,38.0,38.3,40.75,37.25
312,2023-02-23 00:00:00,30.0,30.65,30.65,29.75
313,2023-03-08 00:00:00,30.7,30.3,31.15,29.85
314,2023-03-31 00:00:00,24.85,25.3,26.05,24.6
315,2023-05-10 00:00:00,31.95,31.65,32.1,30.9
316,2023-06-22 00:00:00,42.15,42.8,43.65,41.35
317,2023-07-05 00:00:00,43.1,44.0,44.45,42.8
318,2021-01-18 00:00:00,13.8,,14.35,13.65
319,2021-01-27 00:00:00,13.5,,14.0,13.45
320,2021-02-15 00:00:00,16.2,17.8,17.8,15.8
321,2021-02-17 00:00:00,17.4,16.1,17.7,15.9
322,2021-02-23 00:00:00,17.4,17.0,17.6,16.5
323,2021-03-18 00:00:00,16.95,18.2,18.3,16.75
324,2021-05-07 00:00:00,15.75,16.15,16.15,15.5
325,2021-05-20 00:00:00,17.2,16.5,17.55,16.5
326,2021-05-24 00:00:00,16.6,16.95,17.5,16.45
327,2021-06-10 00:00:00,20.05,19.6,20.2,19.6
328,2021-06-14 00:00:00,21.65,21.2,22.9,19.9
329,2021-07-23 00:00:00,21.8,21.85,22.4,21.4
330,2021-08-03 00:00:00,23.55,23.0,23.85,23.0
331,2021-08-12 00:00:00,25.7,24.75,25.7,23.85
332,2021-09-28 00:00:00,25.35,25.65,26.25,24.8
333,2021-09-30 00:00:00,25.3,25.2,25.8,24.9
334,2021-11-26 00:00:00,22.95,23.75,23.85,22.65
335,2021-12-07 00:00:00,23.8,23.4,24.3,23.35
336,2022-02-21 00:00:00,25.6,26.55,27.05,25.3
337,2022-03-16 00:00:00,24.85,24.5,25.25,24.5
338,2022-05-12 00:00:00,22.1,22.0,22.75,21.5
339,2022-05-30 00:00:00,23.35,23.2,23.8,23.15
340,2022-06-13 00:00:00,21.4,22.4,22.7,21.0
341,2022-07-11 00:00:00,21.3,21.1,21.55,21.0
342,2022-07-29 00:00:00,24.85,22.2,25.3,22.2
343,2022-08-03 00:00:00,24.1,25.2,25.3,23.7
344,2022-09-12 00:00:00,26.25,26.35,26.6,26.0
345,2022-09-28 00:00:00,27.6,27.9,28.65,27.5
346,2022-10-11 00:00:00,28.1,29.15,29.85,28.0
347,2022-10-13 00:00:00,27.3,27.65,27.7,27.1
348,2022-10-25 00:00:00,28.05,28.2,28.85,27.85
349,2022-11-09 00:00:00,32.7,32.95,34.05,32.3
350,2022-11-30 00:00:00,37.8,38.4,39.4,37.4
351,2022-12-16 00:00:00,36.4,38.0,38.5,35.6
352,2022-12-20 00:00:00,37.4,37.3,37.55,36.45
353,2022-12-23 00:00:00,30.1,32.0,32.4,29.75
354,2023-02-16 00:00:00,32.9,32.0,33.2,31.75
355,2023-03-13 00:00:00,28.8,30.4,30.65,28.65
356,2023-03-27 00:00:00,24.75,26.2,26.2,24.5
357,2023-04-25 00:00:00,30.15,30.75,31.15,30.0
358,2023-05-23 00:00:00,35.25,36.3,36.5,35.1
359,2023-06-28 00:00:00,43.1,41.45,43.5,41.0
360,2023-07-25 00:00:00,43.45,43.3,44.85,43.25
361,2021-02-01 00:00:00,13.8,,14.1,13.4
362,2021-03-02 00:00:00,17.1,17.55,17.75,17.0
363,2021-03-12 00:00:00,20.55,20.3,20.55,19.5
364,2021-03-25 00:00:00,17.65,18.85,19.0,17.35
365,2021-04-06 00:00:00,18.1,18.25,18.4,17.65
366,2021-06-08 00:00:00,20.3,20.95,21.2,19.9
367,2021-06-24 00:00:00,20.7,21.3,21.3,20.55
368,2021-07-13 00:00:00,25.9,25.0,26.15,24.2
369,2021-08-06 00:00:00,22.65,22.0,23.2,21.8
370,2021-08-26 00:00:00,25.95,26.4,26.75,24.6
371,2021-09-01 00:00:00,25.75,24.0,25.75,24.0
372,2021-09-03 00:00:00,26.5,27.7,28.0,25.9
373,2021-09-21 00:00:00,24.3,24.05,24.8,23.1
374,2021-10-08 00:00:00,29.4,31.2,31.8,29.1
375,2021-10-22 00:00:00,25.05,25.4,26.0,24.45
376,2021-11-18 00:00:00,24.55,25.1,25.2,23.65
377,2021-11-30 00:00:00,21.8,21.7,22.35,21.25
378,2021-12-02 00:00:00,23.05,22.5,23.35,22.3
379,2021-12-13 00:00:00,25.6,26.0,27.05,25.35
380,2022-01-03 00:00:00,28.4,28.6,29.8,28.05
381,2022-01-27 00:00:00,29.6,30.85,30.9,29.15
382,2022-02-02 00:00:00,31.5,30.0,31.75,29.8
383,2022-02-04 00:00:00,31.2,31.8,32.3,30.85
384,2022-02-18 00:00:00,26.5,26.45,27.1,26.4
385,2022-02-22 00:00:00,25.75,24.5,25.95,24.25
386,2022-02-23 00:00:00,25.6,25.75,26.65,25.5
387,2022-05-26 00:00:00,23.0,23.1,23.3,22.25
388,2022-06-20 00:00:00,19.1,21.3,21.3,18.45
389,2022-06-28 00:00:00,21.25,21.0,21.45,20.8
390,2022-07-12 00:00:00,21.45,21.3,21.75,21.15
391,2022-07-21 00:00:00,22.25,22.5,22.5,22.05
392,2022-08-16 00:00:00,22.9,22.85,23.15,22.65
393,2022-08-17 00:00:00,23.4,23.1,23.85,22.85
394,2022-09-21 00:00:00,29.35,29.45,29.6,27.6
395,2023-01-02 00:00:00,35.6,33.75,36.3,33.55
396,2023-01-19 00:00:00,35.45,35.0,36.7,34.85
397,2023-02-08 00:00:00,32.75,30.65,33.35,30.65
398,2023-02-24 00:00:00,30.2,30.65,31.95,30.0
399,2023-04-17 00:00:00,29.6,28.2,29.8,27.95
400,2023-06-01 00:00:00,40.7,36.85,41.0,36.8
401,2023-06-02 00:00:00,43.3,41.35,43.5,41.0
402,2023-06-07 00:00:00,41.55,42.45,42.75,41.1
403,2023-07-26 00:00:00,43.8,43.75,45.0,43.45
404,2021-01-01 00:00:00,16.05,,16.45,15.9
405,2021-01-04 00:00:00,15.75,,16.35,15.6
406,2021-01-06 00:00:00,15.55,,16.3,15.3
407,2021-03-24 00:00:00,18.4,18.5,19.3,18.0
408,2021-03-30 00:00:00,18.7,19.5,19.7,18.5
409,2021-04-16 00:00:00,16.65,16.55,17.0,16.5
410,2021-05-12 00:00:00,16.4,15.65,16.6,15.6
411,2021-05-14 00:00:00,15.8,16.4,16.7,15.7
412,2021-05-27 00:00:00,18.45,19.05,19.05,17.9
413,2021-06-04 00:00:00,21.45,21.45,22.0,19.6
414,2021-07-22 00:00:00,21.85,22.7,22.7,21.7
415,2021-07-27 00:00:00,22.0,22.0,22.35,21.5
416,2021-08-30 00:00:00,25.15,25.5,26.05,24.75
417,2021-09-08 00:00:00,26.05,26.35,26.35,25.3
418,2021-09-14 00:00:00,25.95,26.0,27.05,25.5
419,2021-10-14 00:00:00,27.7,27.35,28.0,26.75
420,2021-10-20 00:00:00,25.45,26.05,26.75,25.0
421,2021-11-01 00:00:00,26.6,25.8,27.9,25.8
422,2021-12-23 00:00:00,24.45,25.75,25.75,24.15
423,2021-12-30 00:00:00,26.1,24.75,26.95,24.5
424,2022-01-24 00:00:00,29.4,32.3,32.5,27.85
425,2022-02-14 00:00:00,27.3,28.5,28.5,26.2
426,2022-03-02 00:00:00,24.7,24.4,25.3,24.35
427,2022-04-13 00:00:00,27.05,27.15,27.8,26.9
428,2022-04-27 00:00:00,29.2,28.6,30.65,28.45
429,2022-05-10 00:00:00,23.5,24.45,24.7,23.25
430,2022-05-16 00:00:00,23.5,23.45,23.9,23.05
431,2022-06-02 00:00:00,23.45,23.6,23.7,23.2
432,2022-07-26 00:00:00,21.7,22.0,22.5,21.6
433,2022-07-28 00:00:00,22.05,22.3,22.55,21.85
434,2022-08-02 00:00:00,24.8,23.9,26.5,23.7
435,2022-08-23 00:00:00,23.8,23.6,23.95,23.3
436,2022-09-16 00:00:00,27.4,28.0,28.6,26.75
437,2022-11-25 00:00:00,40.05,38.0,41.65,37.95
438,2022-12-13 00:00:00,37.45,37.85,38.85,37.0
439,2022-12-19 00:00:00,37.3,36.7,37.65,36.0
440,2022-12-26 00:00:00,31.85,30.6,32.35,30.0
441,2023-01-25 00:00:00,32.95,33.75,33.75,32.6
442,2023-01-30 00:00:00,30.75,32.2,33.0,28.8
443,2023-02-14 00:00:00,31.45,31.05,31.85,30.25
444,2023-02-20 00:00:00,31.6,31.8,32.4,31.2
445,2023-02-28 00:00:00,29.0,29.1,29.55,28.75
446,2023-04-05 00:00:00,26.85,27.3,27.45,26.4
447,2023-04-11 00:00:00,27.0,27.25,27.6,26.8
448,2023-04-12 00:00:00,28.2,27.1,28.85,27.05
449,2023-04-18 00:00:00,29.2,29.75,29.9,28.7
450,2023-04-19 00:00:00,29.75,28.85,30.9,28.85
451,2023-05-05 00:00:00,31.95,32.95,33.7,31.8
452,2023-05-09 00:00:00,31.45,32.0,32.55,31.2
453,2023-05-12 00:00:00,36.65,35.75,36.95,35.15
454,2023-05-16 00:00:00,38.65,40.05,42.15,38.15
455,2023-08-04 00:00:00,48.45,49.4,49.9,48.05
456,2021-01-22 00:00:00,14.6,,14.7,14.0
457,2021-01-05 00:00:00,15.85,,15.95,15.25
458,2021-01-19 00:00:00,14.35,,14.45,13.8
459,2021-02-26 00:00:00,17.7,17.35,18.0,16.9
460,2021-03-01 00:00:00,17.5,17.5,18.0,17.2
461,2021-03-08 00:00:00,17.0,17.4,17.4,16.85
462,2021-04-08 00:00:00,18.5,18.0,19.2,18.0
463,2021-04-15 00:00:00,16.9,17.2,17.2,16.3
464,2021-05-25 00:00:00,18.25,16.8,18.25,16.65
465,2021-06-09 00:00:00,19.35,20.7,20.7,19.15
466,2021-06-18 00:00:00,21.75,22.0,22.8,20.8
467,2021-06-23 00:00:00,20.95,22.0,22.4,20.6
468,2021-06-25 00:00:00,20.35,20.7,21.05,20.3
469,2021-07-07 00:00:00,20.4,20.3,20.65,20.0
470,2021-07-28 00:00:00,21.85,22.0,22.45,20.9
471,2021-08-10 00:00:00,23.4,22.35,23.4,22.35
472,2021-08-13 00:00:00,26.95,26.95,26.95,26.95
473,2021-09-06 00:00:00,25.95,25.95,27.45,25.6
474,2021-09-22 00:00:00,25.5,24.3,25.5,24.2
475,2021-11-11 00:00:00,26.05,25.45,26.75,25.45
476,2021-11-15 00:00:00,25.05,26.15,27.1,24.85
477,2021-12-08 00:00:00,24.45,24.3,24.8,23.7
478,2022-01-04 00:00:00,27.35,28.85,29.2,26.85
479,2022-01-07 00:00:00,27.5,27.25,28.35,27.0
480,2022-03-03 00:00:00,24.55,25.2,25.65,24.45
481,2022-03-07 00:00:00,23.0,23.3,23.3,22.5
482,2022-04-20 00:00:00,26.95,27.2,27.55,26.65
483,2022-05-04 00:00:00,25.3,26.85,27.25,25.0
484,2022-05-19 00:00:00,23.2,23.3,23.55,23.0
485,2022-06-10 00:00:00,22.85,23.0,23.4,22.6
486,2022-06-27 00:00:00,21.2,20.35,23.5,20.35
487,2022-10-28 00:00:00,27.85,28.35,28.4,27.6
488,2022-11-16 00:00:00,33.15,31.95,35.0,31.05
489,2022-11-23 00:00:00,35.95,31.55,36.75,31.55
490,2022-11-29 00:00:00,38.45,40.8,40.8,38.0
491,2022-12-02 00:00:00,40.65,39.95,42.0,39.25
492,2022-12-28 00:00:00,33.2,33.25,33.65,32.5
493,2023-01-03 00:00:00,35.05,36.0,36.05,34.55
494,2023-01-20 00:00:00,35.1,35.35,35.7,34.65
495,2023-02-27 00:00:00,28.9,30.2,30.4,28.5
496,2023-04-20 00:00:00,30.05,29.9,30.7,29.7
497,2023-05-03 00:00:00,31.55,31.1,33.2,31.05
498,2023-05-19 00:00:00,37.05,36.35,38.15,35.8
499,2023-05-30 00:00:00,37.45,37.05,37.9,36.65
500,2023-07-11 00:00:00,44.5,42.7,45.6,42.7
501,2021-02-08 00:00:00,18.15,16.7,18.15,16.55
502,2021-02-10 00:00:00,17.65,18.5,18.85,17.4
503,2021-04-22 00:00:00,16.45,15.8,16.7,15.8
504,2021-05-06 00:00:00,16.1,16.25,16.3,15.9
505,2021-06-30 00:00:00,20.5,21.05,21.4,20.4
506,2021-07-09 00:00:00,21.65,21.55,22.25,21.45
507,2021-07-16 00:00:00,22.45,23.4,24.15,22.4
508,2021-07-19 00:00:00,22.9,22.2,23.55,22.05
509,2021-08-05 00:00:00,22.25,22.4,22.5,21.7
510,2021-08-25 00:00:00,25.5,25.5,25.5,24.75
511,2021-09-15 00:00:00,25.35,25.7,26.25,25.1
512,2021-10-01 00:00:00,25.85,25.5,26.5,25.45
513,2021-10-06 00:00:00,27.5,29.85,29.85,27.05
514,2021-10-18 00:00:00,27.15,27.8,28.3,26.95
515,2021-10-25 00:00:00,24.85,25.1,26.6,24.6
516,2021-11-02 00:00:00,26.9,26.8,27.45,26.05
517,2021-11-25 00:00:00,23.8,24.25,24.45,23.5
518,2022-03-24 00:00:00,24.5,24.65,25.15,24.3
519,2022-05-24 00:00:00,23.85,25.8,25.8,23.65
520,2022-06-30 00:00:00,20.35,20.85,21.4,20.25
521,2022-07-06 00:00:00,20.3,20.5,20.75,19.9
522,2022-09-08 00:00:00,26.3,26.95,27.3,26.15
523,2022-09-23 00:00:00,29.55,31.05,31.25,29.4
524,2022-10-04 00:00:00,27.9,28.0,28.45,27.65
525,2022-10-07 00:00:00,28.7,28.2,29.15,27.65
526,2022-10-19 00:00:00,26.9,27.25,27.5,26.8
527,2022-11-04 00:00:00,30.25,30.5,30.85,29.75
528,2022-11-22 00:00:00,31.25,32.0,32.15,31.1
529,2022-12-21 00:00:00,33.85,37.75,38.15,33.4
530,2023-01-17 00:00:00,35.35,35.75,35.8,34.7
531,2023-02-06 00:00:00,31.8,30.0,33.05,29.6
532,2023-04-24 00:00:00,30.6,30.4,31.45,29.85
533,2023-08-22 00:00:00,60.0,54.0,61.7,54.0
534,2021-03-05 00:00:00,16.95,17.3,17.35,16.55
535,2021-03-23 00:00:00,17.55,17.15,17.6,17.0
536,2021-04-12 00:00:00,16.9,17.5,17.5,16.4
537,2021-05-05 00:00:00,16.05,15.8,16.55,15.8
538,2021-05-10 00:00:00,15.85,15.7,16.25,15.4
539,2021-06-11 00:00:00,21.1,20.2,22.05,19.85
540,2021-08-17 00:00:00,26.85,29.65,29.65,26.85
541,2021-09-02 00:00:00,27.0,26.4,27.0,25.95
542,2021-10-19 00:00:00,25.95,27.4,27.6,25.45
543,2021-11-03 00:00:00,26.05,27.2,27.55,25.95
544,2021-11-04 00:00:00,26.5,26.3,26.7,26.05
545,2021-11-12 00:00:00,26.15,26.5,26.75,25.5
546,2021-12-24 00:00:00,23.95,24.4,24.55,23.7
547,2022-01-11 00:00:00,33.6,36.5,36.5,32.55
548,2022-02-11 00:00:00,29.05,29.6,29.6,28.9
549,2022-02-16 00:00:00,27.45,27.95,28.8,27.15
550,2022-03-09 00:00:00,24.3,24.1,25.35,23.85
551,2022-04-01 00:00:00,24.65,23.35,25.35,23.1
552,2022-04-26 00:00:00,29.05,26.8,29.95,26.5
553,2022-05-09 00:00:00,24.05,24.15,24.65,23.8
554,2022-05-11 00:00:00,22.55,23.9,23.95,21.6
555,2022-05-31 00:00:00,23.6,23.35,24.15,23.15
556,2022-06-08 00:00:00,23.1,23.15,23.4,23.05
557,2022-06-16 00:00:00,21.2,22.75,23.0,21.05
558,2022-07-04 00:00:00,20.3,20.2,20.35,19.65
559,2022-10-14 00:00:00,27.0,27.75,28.05,26.85
560,2022-10-21 00:00:00,27.2,27.95,28.4,27.05
561,2022-11-28 00:00:00,40.5,40.3,42.0,39.2
562,2023-02-02 00:00:00,29.75,30.35,31.1,29.4
563,2023-03-16 00:00:00,27.7,27.5,28.05,26.8
564,2023-03-22 00:00:00,26.7,26.65,27.4,26.5
565,2023-03-28 00:00:00,24.0,24.95,25.2,23.85
566,2023-05-15 00:00:00,39.3,37.2,41.5,36.7
567,2023-08-07 00:00:00,52.3,48.75,53.6,48.5
568,2023-08-16 00:00:00,50.6,49.7,51.6,48.3
569,2023-08-17 00:00:00,51.65,50.55,52.3,50.3
570,2021-01-13 00:00:00,14.3,,14.95,14.2
571,2021-05-04 00:00:00,16.05,16.35,16.6,15.95
572,2021-07-02 00:00:00,19.9,20.5,20.5,19.7
573,2021-07-08 00:00:00,21.65,20.0,22.35,20.0
574,2021-07-14 00:00:00,24.65,25.9,25.9,24.65
575,2021-07-29 00:00:00,21.9,22.15,22.25,21.0
576,2021-07-30 00:00:00,21.7,21.85,22.1,21.55
577,2021-08-18 00:00:00,25.55,25.55,26.05,25.55
578,2021-09-16 00:00:00,26.6,25.9,26.6,25.55
579,2021-09-23 00:00:00,26.6,25.75,26.75,25.2
580,2021-09-29 00:00:00,25.45,25.35,25.95,24.6
581,2021-10-12 00:00:00,27.85,28.75,29.0,27.45
582,2022-01-10 00:00:00,33.0,27.7,33.0,27.65
583,2022-01-25 00:00:00,30.65,28.1,34.75,28.0
584,2022-02-25 00:00:00,24.4,23.35,24.6,23.0
585,2022-03-10 00:00:00,24.65,24.85,25.9,24.5
586,2022-03-30 00:00:00,23.25,23.0,23.75,22.85
587,2022-04-08 00:00:00,27.6,27.55,28.4,27.0
588,2022-04-29 00:00:00,28.2,28.5,29.25,27.55
589,2022-06-09 00:00:00,23.15,23.05,23.35,23.05
590,2022-06-14 00:00:00,21.95,21.4,22.2,21.4
591,2022-06-23 00:00:00,19.25,19.3,19.5,18.75
592,2022-08-29 00:00:00,23.9,23.8,24.2,23.55
593,2022-10-12 00:00:00,27.55,28.15,28.35,27.45
594,2022-11-02 00:00:00,30.2,28.7,30.95,28.7
595,2022-12-22 00:00:00,32.55,34.2,34.8,31.9
596,2023-01-10 00:00:00,33.45,33.95,34.1,32.8
597,2023-01-13 00:00:00,35.25,34.7,35.5,34.2
598,2023-03-20 00:00:00,26.7,27.45,27.5,26.35
599,2023-06-26 00:00:00,40.85,40.9,41.8,40.55
600,2023-07-03 00:00:00,43.75,44.0,44.7,43.0
601,2023-07-04 00:00:00,43.85,43.65,45.4,42.75
602,2023-08-08 00:00:00,56.15,53.7,59.45,53.35
603,2023-08-10 00:00:00,48.65,51.55,52.25,48.1
604,2021-01-07 00:00:00,15.5,,16.2,15.4
605,2021-01-20 00:00:00,14.2,,14.55,14.0
606,2021-02-03 00:00:00,15.05,15.05,15.15,14.6
607,2021-02-16 00:00:00,16.1,16.0,16.75,16.0
608,2021-03-17 00:00:00,17.75,18.8,19.35,17.6
609,2021-03-19 00:00:00,17.15,16.5,17.5,16.1
610,2021-03-22 00:00:00,16.75,17.8,17.8,16.6
611,2021-03-31 00:00:00,18.15,18.75,18.95,17.95
612,2021-04-30 00:00:00,15.8,16.8,17.0,15.5
613,2021-05-03 00:00:00,16.1,15.8,16.5,15.5
614,2021-06-22 00:00:00,21.75,22.7,22.7,21.6
615,2021-06-28 00:00:00,20.3,20.5,20.95,20.2
616,2021-07-15 00:00:00,23.55,23.7,24.25,23.45
617,2021-08-09 00:00:00,22.3,23.3,23.3,22.15
618,2021-08-11 00:00:00,24.5,24.3,24.55,22.25
619,2021-08-31 00:00:00,24.55,25.5,25.55,24.5
620,2021-12-10 00:00:00,25.7,25.0,26.35,24.05
621,2021-12-28 00:00:00,23.8,23.4,24.55,23.1
622,2022-01-14 00:00:00,32.55,32.85,33.7,32.25
623,2022-01-18 00:00:00,30.65,32.0,32.75,30.5
624,2022-02-08 00:00:00,32.55,31.25,33.45,29.15
625,2022-03-15 00:00:00,24.05,24.85,25.35,23.95
626,2022-04-22 00:00:00,27.55,27.4,27.7,27.0
627,2022-05-13 00:00:00,22.95,22.45,23.65,22.35
628,2022-05-17 00:00:00,24.1,23.8,24.3,23.4
629,2022-05-25 00:00:00,22.8,23.9,24.05,22.65
630,2022-06-29 00:00:00,20.8,21.15,21.5,20.55
631,2022-07-14 00:00:00,21.1,21.9,21.9,20.95
632,2022-08-10 00:00:00,22.2,23.0,23.95,21.85
633,2022-09-05 00:00:00,26.8,27.0,27.4,26.4
634,2022-09-22 00:00:00,30.85,28.85,31.9,28.85
635,2022-10-03 00:00:00,27.65,27.85,28.45,27.5
636,2022-10-06 00:00:00,27.85,27.9,28.4,26.7
637,2022-10-17 00:00:00,26.8,26.7,27.15,26.2
638,2022-11-17 00:00:00,32.55,32.9,33.15,32.15
639,2023-01-04 00:00:00,33.8,35.05,35.55,33.5
640,2023-01-16 00:00:00,35.45,35.4,35.9,34.85
641,2023-01-18 00:00:00,35.15,35.4,35.8,34.85
642,2023-01-27 00:00:00,32.25,33.15,33.3,30.9
643,2023-02-03 00:00:00,29.55,29.9,30.1,28.3
644,2023-02-17 00:00:00,31.8,32.85,32.95,31.7
645,2023-03-21 00:00:00,26.7,26.95,27.25,25.9
646,2023-04-21 00:00:00,30.2,30.2,30.75,29.0
647,2023-05-25 00:00:00,38.25,38.6,39.3,37.5
648,2023-07-06 00:00:00,42.7,43.3,43.75,42.25
649,2023-07-13 00:00:00,44.8,46.7,47.7,44.4
650,2023-07-14 00:00:00,44.9,45.1,45.4,44.05
651,2023-07-17 00:00:00,44.3,45.15,45.75,44.1
652,2023-07-19 00:00:00,43.0,43.95,44.4,42.85
653,2023-08-03 00:00:00,48.5,44.35,49.15,44.25
654,2023-08-14 00:00:00,49.65,47.75,50.0,46.5
