,time,close,open,high,low
0,2021-01-20 00:00:00,377.65,380.0,384.15,375.25
1,2021-02-18 00:00:00,394.7,388.5,400.0,386.0
2,2021-02-24 00:00:00,388.8,382.8,397.0,382.45
3,2021-03-16 00:00:00,398.55,398.0,403.85,396.3
4,2021-03-25 00:00:00,371.5,374.5,374.95,365.9
5,2021-04-01 00:00:00,388.75,381.5,391.95,381.5
6,2021-04-22 00:00:00,357.0,358.85,361.95,356.0
7,2021-04-23 00:00:00,358.35,358.85,367.45,352.05
8,2021-04-26 00:00:00,359.7,358.35,366.0,358.3
9,2021-03-17 00:00:00,395.2,398.5,404.0,392.0
10,2021-05-17 00:00:00,367.4,371.05,374.75,366.6
11,2021-02-05 00:00:00,372.2,373.9,374.7,369.05
12,2021-02-12 00:00:00,392.85,378.9,409.8,375.1
13,2021-03-01 00:00:00,392.6,391.1,398.1,390.35
14,2021-03-10 00:00:00,403.95,405.1,411.85,402.45
15,2021-04-07 00:00:00,379.2,375.95,381.1,374.6
16,2021-05-05 00:00:00,360.95,368.85,368.85,356.95
17,2021-02-26 00:00:00,390.35,408.0,408.0,387.65
18,2021-03-22 00:00:00,367.35,370.0,375.6,364.85
19,2021-04-08 00:00:00,378.45,382.9,382.9,375.5
20,2021-04-28 00:00:00,361.85,363.0,367.35,359.8
21,2021-05-21 00:00:00,385.6,386.0,394.0,382.85
22,2021-01-13 00:00:00,390.65,403.9,403.9,387.0
23,2021-01-15 00:00:00,381.05,390.9,394.05,377.0
24,2021-01-25 00:00:00,371.9,386.0,388.9,371.0
25,2021-03-04 00:00:00,416.3,392.0,419.9,392.0
26,2021-03-09 00:00:00,404.45,406.0,415.4,401.85
27,2021-04-05 00:00:00,379.15,387.0,389.95,375.8
28,2021-04-06 00:00:00,374.6,381.0,384.95,372.5
29,2021-04-16 00:00:00,368.6,369.0,373.9,366.45
30,2021-04-20 00:00:00,358.85,361.0,368.35,356.3
31,2021-05-06 00:00:00,356.95,363.45,363.45,354.1
32,2021-05-31 00:00:00,441.55,449.0,453.45,436.4
33,2021-01-01 00:00:00,348.5,345.7,350.8,336.35
34,2021-01-06 00:00:00,368.1,364.8,370.0,363.9
35,2021-01-08 00:00:00,421.05,414.0,426.35,391.0
36,2021-01-11 00:00:00,411.0,423.85,425.2,396.4
37,2021-01-19 00:00:00,379.6,373.0,385.5,371.0
38,2021-02-19 00:00:00,376.1,396.9,398.0,373.2
39,2021-04-12 00:00:00,359.8,375.0,379.9,358.6
40,2021-04-30 00:00:00,361.75,365.0,367.95,360.7
41,2021-05-19 00:00:00,381.45,384.25,394.85,378.8
42,2021-06-04 00:00:00,481.05,460.0,485.4,456.25
43,2021-01-14 00:00:00,389.65,390.0,398.75,387.1
44,2021-01-22 00:00:00,385.2,394.5,395.35,382.05
45,2021-01-29 00:00:00,366.1,377.4,379.7,363.95
46,2021-02-08 00:00:00,368.8,373.0,374.5,366.5
47,2021-02-22 00:00:00,385.1,381.0,391.0,376.0
48,2021-05-03 00:00:00,362.1,363.95,363.95,359.0
49,2021-02-11 00:00:00,375.1,370.0,386.0,369.45
50,2021-03-05 00:00:00,401.55,421.8,424.95,400.0
51,2021-04-13 00:00:00,373.8,373.9,379.0,361.0
52,2021-05-26 00:00:00,453.55,454.0,480.0,442.65
53,2021-06-03 00:00:00,457.25,463.0,465.4,455.0
54,2021-01-18 00:00:00,370.75,381.15,383.45,366.85
55,2021-01-27 00:00:00,372.8,374.0,379.0,361.5
56,2021-01-28 00:00:00,367.85,367.0,375.85,367.0
57,2021-02-02 00:00:00,374.15,376.0,379.7,372.85
58,2021-03-15 00:00:00,395.95,400.0,406.75,392.55
59,2021-05-07 00:00:00,357.85,359.8,363.05,357.5
60,2021-06-02 00:00:00,462.1,461.0,469.6,454.05
61,2021-01-04 00:00:00,355.3,351.0,356.0,346.25
62,2021-03-23 00:00:00,372.0,369.0,374.7,367.0
63,2021-02-01 00:00:00,369.1,369.7,373.95,360.0
64,2021-02-23 00:00:00,382.0,382.0,391.8,380.05
65,2021-03-18 00:00:00,385.35,396.4,399.5,375.25
66,2021-03-30 00:00:00,389.25,386.1,391.75,380.75
67,2021-05-24 00:00:00,399.05,389.4,404.0,387.8
68,2021-06-01 00:00:00,458.7,442.0,462.0,442.0
69,2021-01-12 00:00:00,398.45,410.5,410.5,397.5
70,2021-02-10 00:00:00,369.4,368.05,371.0,367.2
71,2021-03-12 00:00:00,402.75,405.95,409.85,397.6
72,2021-03-19 00:00:00,368.9,380.0,385.35,365.1
73,2021-01-21 00:00:00,391.5,383.95,397.7,381.05
74,2021-02-04 00:00:00,370.95,371.35,377.35,369.4
75,2021-02-09 00:00:00,367.85,368.25,373.0,365.0
76,2021-02-17 00:00:00,386.6,374.05,389.5,374.05
77,2021-03-02 00:00:00,395.3,394.65,405.0,393.2
78,2021-03-03 00:00:00,400.25,398.0,402.0,396.0
79,2021-03-26 00:00:00,384.85,371.1,389.9,371.1
80,2021-03-31 00:00:00,380.95,388.4,391.15,378.85
81,2021-04-29 00:00:00,366.15,364.0,369.7,362.95
82,2021-05-11 00:00:00,359.45,356.0,361.8,356.0
83,2021-05-12 00:00:00,373.3,361.95,377.5,359.95
84,2021-05-27 00:00:00,459.85,455.0,463.95,440.1
85,2021-02-15 00:00:00,385.6,410.0,410.0,378.2
86,2021-02-25 00:00:00,408.8,394.7,416.0,392.1
87,2021-03-08 00:00:00,402.4,405.0,411.35,400.1
88,2021-03-24 00:00:00,374.1,372.0,379.7,370.05
89,2021-04-15 00:00:00,368.5,370.1,373.5,362.35
90,2021-04-27 00:00:00,363.2,361.6,364.7,360.75
91,2021-05-10 00:00:00,359.6,363.9,363.9,357.1
92,2021-02-16 00:00:00,379.35,385.55,387.1,372.25
93,2021-04-09 00:00:00,380.55,378.0,382.0,376.15
94,2021-04-19 00:00:00,360.75,360.0,368.0,350.0
95,2021-05-28 00:00:00,449.95,464.9,465.0,446.3
96,2021-01-05 00:00:00,362.45,351.2,369.7,348.85
97,2021-01-07 00:00:00,401.3,373.0,409.0,372.0
98,2021-02-03 00:00:00,369.95,379.0,380.0,365.0
99,2021-05-04 00:00:00,365.45,365.0,377.75,364.0
100,2021-05-14 00:00:00,370.2,376.9,383.35,368.3
101,2021-05-18 00:00:00,381.7,364.5,383.0,364.5
102,2021-05-20 00:00:00,384.3,381.0,387.0,378.0
103,2021-05-25 00:00:00,450.55,402.4,467.8,399.1
104,2021-06-07 00:00:00,500.6,487.0,505.0,486.0
105,2021-06-23 00:00:00,527.65,498.1,539.7,495.7
106,2021-06-14 00:00:00,500.85,501.0,507.3,471.95
107,2021-06-09 00:00:00,474.15,510.0,510.0,425.1
108,2021-07-07 00:00:00,514.4,525.0,526.4,511.0
109,2021-06-25 00:00:00,512.65,519.4,538.0,509.5
110,2021-08-23 00:00:00,452.4,471.0,471.0,440.1
111,2021-09-09 00:00:00,494.5,478.8,498.5,475.35
112,2021-10-08 00:00:00,501.2,510.0,511.75,498.0
113,2021-10-12 00:00:00,497.7,512.0,515.0,495.0
114,2021-10-29 00:00:00,467.15,468.0,474.8,462.3
115,2021-11-11 00:00:00,496.95,493.0,512.0,491.0
116,2021-12-02 00:00:00,568.4,568.85,579.95,565.0
117,2021-07-27 00:00:00,521.25,517.15,527.95,517.15
118,2021-08-31 00:00:00,465.55,457.65,472.05,450.55
119,2021-10-19 00:00:00,484.45,499.3,499.3,481.1
120,2021-11-24 00:00:00,566.85,587.9,592.95,560.55
121,2021-08-06 00:00:00,506.55,510.2,514.95,505.0
122,2021-09-03 00:00:00,473.25,477.0,478.8,468.0
123,2021-09-13 00:00:00,514.25,496.6,519.4,496.0
124,2021-09-15 00:00:00,527.9,527.0,529.95,516.5
125,2021-09-30 00:00:00,487.1,487.45,492.6,483.0
126,2021-10-25 00:00:00,451.7,460.0,465.8,442.75
127,2021-11-01 00:00:00,470.6,468.0,472.8,463.5
128,2021-11-04 00:00:00,494.35,490.0,497.0,489.0
129,2021-12-01 00:00:00,568.65,572.0,574.0,556.3
130,2021-07-28 00:00:00,517.95,524.25,524.25,514.25
131,2021-07-29 00:00:00,522.8,521.5,529.0,515.25
132,2021-09-17 00:00:00,513.3,524.0,530.0,505.7
133,2021-09-20 00:00:00,497.2,511.65,511.65,490.25
134,2021-09-27 00:00:00,490.1,492.0,497.45,485.1
135,2021-11-18 00:00:00,585.9,601.0,607.5,575.6
136,2021-11-26 00:00:00,553.55,585.0,589.0,546.0
137,2021-11-30 00:00:00,567.05,564.0,581.6,555.0
138,2021-06-18 00:00:00,481.6,490.35,491.45,456.0
139,2021-06-10 00:00:00,496.85,481.9,501.85,473.3
140,2021-06-29 00:00:00,514.4,528.6,529.9,511.35
141,2021-07-14 00:00:00,546.35,548.0,553.9,535.25
142,2021-07-23 00:00:00,526.45,519.85,545.0,515.5
143,2021-08-02 00:00:00,527.3,522.0,540.0,522.0
144,2021-08-12 00:00:00,498.75,488.4,510.0,488.35
145,2021-09-02 00:00:00,472.2,469.05,479.05,465.55
146,2021-09-07 00:00:00,473.15,476.0,478.0,470.5
147,2021-09-16 00:00:00,518.85,526.15,527.0,512.3
148,2021-09-22 00:00:00,490.55,497.0,497.0,477.15
149,2021-10-07 00:00:00,505.1,503.0,513.0,495.2
150,2021-10-21 00:00:00,451.3,475.0,491.0,445.1
151,2021-10-28 00:00:00,473.9,459.05,480.0,453.6
152,2021-06-24 00:00:00,515.5,536.5,537.7,512.0
153,2021-07-15 00:00:00,538.3,546.2,547.0,532.25
154,2021-08-20 00:00:00,464.0,471.9,475.0,462.0
155,2021-08-30 00:00:00,454.8,452.4,457.95,445.9
156,2021-09-06 00:00:00,475.25,476.3,482.0,472.85
157,2021-09-08 00:00:00,478.3,472.65,480.8,470.55
158,2021-08-09 00:00:00,495.55,511.25,514.3,492.85
159,2021-06-15 00:00:00,500.0,504.0,504.0,492.0
160,2021-10-04 00:00:00,492.6,488.55,497.0,479.65
161,2021-11-02 00:00:00,473.3,470.6,478.1,467.2
162,2021-11-23 00:00:00,581.7,588.45,593.4,576.75
163,2021-06-30 00:00:00,519.8,534.9,538.0,513.3
164,2021-07-12 00:00:00,512.8,511.65,518.0,503.65
165,2021-08-17 00:00:00,472.9,476.65,486.0,468.0
166,2021-08-24 00:00:00,454.95,459.3,460.2,453.25
167,2021-10-01 00:00:00,478.55,490.0,490.0,475.6
168,2021-10-14 00:00:00,490.55,496.9,496.9,486.25
169,2021-10-18 00:00:00,495.6,494.5,504.7,488.5
170,2021-10-22 00:00:00,456.8,457.0,462.25,452.8
171,2021-12-10 00:00:00,581.2,591.45,596.55,579.95
172,2021-06-11 00:00:00,501.05,502.7,507.85,490.0
173,2021-06-22 00:00:00,500.0,491.0,503.0,491.0
174,2021-07-01 00:00:00,525.2,530.0,530.0,520.0
175,2021-07-16 00:00:00,538.7,536.5,543.75,534.15
176,2021-08-18 00:00:00,475.3,476.95,482.05,471.05
177,2021-10-11 00:00:00,503.25,505.5,507.8,498.95
178,2021-11-12 00:00:00,505.05,498.9,509.9,488.4
179,2021-12-03 00:00:00,572.6,567.9,593.7,565.2
180,2021-12-07 00:00:00,573.05,565.8,579.95,554.95
181,2021-07-19 00:00:00,531.75,536.0,546.65,526.85
182,2021-07-05 00:00:00,511.3,521.0,526.0,510.0
183,2021-07-09 00:00:00,511.6,514.45,516.8,509.5
184,2021-07-22 00:00:00,515.0,521.0,531.95,512.0
185,2021-08-16 00:00:00,473.15,495.0,501.0,472.0
186,2021-08-25 00:00:00,457.45,454.95,465.4,454.5
187,2021-09-14 00:00:00,523.2,517.4,531.0,506.85
188,2021-09-29 00:00:00,487.45,483.5,495.25,477.7
189,2021-12-08 00:00:00,580.05,573.05,585.15,573.05
190,2021-07-26 00:00:00,517.1,522.8,530.8,515.0
191,2021-09-21 00:00:00,497.75,497.2,504.95,476.25
192,2021-10-13 00:00:00,491.45,500.0,503.05,488.0
193,2021-10-27 00:00:00,459.05,465.0,465.8,451.05
194,2021-11-08 00:00:00,498.45,499.0,502.7,494.0
195,2021-11-15 00:00:00,550.95,510.0,554.95,510.0
196,2021-11-17 00:00:00,600.0,584.0,605.0,573.2
197,2021-11-29 00:00:00,557.9,545.1,563.0,515.55
198,2021-06-16 00:00:00,481.65,500.0,504.0,475.0
199,2021-07-06 00:00:00,521.3,515.0,533.0,511.35
200,2021-06-21 00:00:00,482.4,475.0,484.6,461.8
201,2021-06-28 00:00:00,524.5,516.7,532.5,516.7
202,2021-07-02 00:00:00,517.55,527.25,531.45,515.0
203,2021-08-04 00:00:00,514.0,523.0,527.8,511.55
204,2021-08-13 00:00:00,489.85,494.7,502.7,487.45
205,2021-08-27 00:00:00,451.25,458.3,458.9,447.0
206,2021-09-28 00:00:00,481.5,486.0,489.55,477.0
207,2021-10-20 00:00:00,472.1,482.3,484.95,470.65
208,2021-11-25 00:00:00,585.55,570.0,589.65,570.0
209,2021-12-06 00:00:00,555.85,570.0,577.25,551.0
210,2021-07-30 00:00:00,522.0,527.0,528.85,520.0
211,2021-08-10 00:00:00,493.7,499.5,516.5,487.4
212,2021-08-26 00:00:00,454.65,457.9,460.45,452.15
213,2021-09-23 00:00:00,499.35,496.0,501.4,491.5
214,2021-09-24 00:00:00,493.05,500.0,503.0,491.1
215,2021-11-10 00:00:00,492.45,491.0,501.0,490.0
216,2021-11-16 00:00:00,587.85,554.0,598.0,551.0
217,2021-12-09 00:00:00,587.3,580.2,594.5,574.25
218,2021-06-08 00:00:00,508.9,503.0,513.7,500.2
219,2021-08-11 00:00:00,488.35,492.9,497.75,475.25
220,2021-06-17 00:00:00,485.6,481.65,490.0,480.35
221,2021-07-08 00:00:00,512.0,519.35,524.4,507.0
222,2021-07-13 00:00:00,543.85,520.0,557.7,513.75
223,2021-07-20 00:00:00,518.1,532.0,536.75,501.5
224,2021-08-03 00:00:00,522.65,528.0,532.65,515.05
225,2021-08-05 00:00:00,511.5,519.8,519.8,507.05
226,2021-09-01 00:00:00,469.05,464.9,470.3,458.15
227,2021-10-06 00:00:00,502.05,508.0,516.5,494.4
228,2021-11-09 00:00:00,492.2,499.0,501.95,490.0
229,2021-11-22 00:00:00,586.35,591.4,608.6,571.7
230,2021-10-26 00:00:00,460.5,456.95,464.95,456.95
231,2021-11-03 00:00:00,488.3,473.3,491.1,473.3
232,2021-10-05 00:00:00,501.3,492.9,504.0,492.9
233,2022-01-18 00:00:00,526.75,533.95,540.0,525.5
234,2022-03-08 00:00:00,391.2,384.0,395.5,377.05
235,2022-04-11 00:00:00,415.6,415.0,418.75,410.0
236,2022-04-20 00:00:00,413.65,409.0,419.0,407.6
237,2022-05-23 00:00:00,361.4,368.3,372.0,358.35
238,2022-07-14 00:00:00,410.0,415.0,415.0,401.8
239,2022-07-15 00:00:00,407.9,410.0,413.2,402.1
240,2022-08-23 00:00:00,449.65,440.7,455.3,438.0
241,2022-08-29 00:00:00,450.9,439.8,455.8,436.7
242,2022-11-16 00:00:00,527.45,525.7,532.85,521.05
243,2023-01-06 00:00:00,542.95,552.4,552.45,532.15
244,2023-01-19 00:00:00,568.55,560.0,570.0,557.5
245,2023-02-21 00:00:00,683.1,670.0,688.5,660.3
246,2023-03-15 00:00:00,783.2,764.65,789.0,764.0
247,2023-04-03 00:00:00,816.7,823.3,829.4,811.8
248,2023-05-23 00:00:00,881.85,879.95,891.45,876.8
249,2023-05-24 00:00:00,873.5,885.0,890.0,860.0
250,2023-07-18 00:00:00,896.7,868.8,902.0,867.45
251,2021-12-20 00:00:00,526.05,550.0,550.4,515.15
252,2021-12-15 00:00:00,570.55,571.0,582.25,567.75
253,2022-01-27 00:00:00,490.3,473.1,492.4,465.0
254,2022-01-11 00:00:00,529.6,532.0,535.95,528.0
255,2022-01-17 00:00:00,529.85,529.95,533.7,528.35
256,2022-01-25 00:00:00,479.9,461.15,485.0,450.0
257,2022-02-03 00:00:00,503.65,515.0,517.25,501.0
258,2022-03-11 00:00:00,388.2,396.3,398.1,386.05
259,2022-03-17 00:00:00,396.25,395.0,405.25,392.1
260,2022-04-12 00:00:00,408.35,415.0,415.0,405.25
261,2022-09-26 00:00:00,441.0,464.85,464.85,437.0
262,2022-10-24 00:00:00,523.4,500.0,534.0,500.0
263,2022-12-13 00:00:00,561.2,558.95,576.4,557.0
264,2022-12-14 00:00:00,559.2,562.85,573.0,557.0
265,2023-01-03 00:00:00,560.85,553.95,565.4,552.0
266,2023-01-13 00:00:00,552.6,546.0,554.85,536.0
267,2023-02-01 00:00:00,538.8,556.0,567.6,532.0
268,2023-03-28 00:00:00,796.6,791.9,808.0,786.7
269,2023-04-24 00:00:00,869.2,861.95,873.0,855.25
270,2023-05-08 00:00:00,915.2,905.2,937.0,905.2
271,2023-06-08 00:00:00,792.5,805.95,811.8,785.0
272,2023-06-15 00:00:00,847.9,839.95,853.95,837.9
273,2023-07-13 00:00:00,865.0,825.0,912.75,820.9
274,2023-07-19 00:00:00,977.65,900.0,986.0,899.95
275,2023-08-03 00:00:00,1006.55,997.95,1015.0,995.0
276,2023-08-16 00:00:00,1025.15,1020.15,1069.55,993.35
277,2022-02-18 00:00:00,467.8,477.1,479.65,466.05
278,2021-12-29 00:00:00,527.25,528.25,531.0,525.0
279,2022-02-23 00:00:00,434.3,455.0,458.1,429.4
280,2022-01-12 00:00:00,536.8,543.95,545.0,534.25
281,2022-03-03 00:00:00,409.15,410.0,416.4,406.15
282,2022-02-01 00:00:00,487.45,496.0,502.5,482.45
283,2022-03-09 00:00:00,391.55,394.9,404.0,390.0
284,2022-04-07 00:00:00,416.25,416.0,429.0,410.25
285,2022-04-04 00:00:00,397.35,401.7,402.9,391.05
286,2022-04-08 00:00:00,417.25,417.0,423.6,415.0
287,2022-04-26 00:00:00,408.05,405.0,409.0,400.3
288,2022-04-28 00:00:00,407.25,407.1,412.6,403.65
289,2022-04-29 00:00:00,401.4,408.8,412.9,396.15
290,2022-07-12 00:00:00,412.4,414.7,416.3,409.2
291,2022-06-15 00:00:00,379.55,379.0,381.95,373.9
292,2022-06-16 00:00:00,360.3,381.95,384.4,351.4
293,2022-07-22 00:00:00,412.75,415.0,419.4,411.05
294,2022-06-22 00:00:00,355.75,365.0,369.7,354.1
295,2022-08-12 00:00:00,436.1,431.8,443.85,426.0
296,2022-07-07 00:00:00,399.85,404.0,406.0,396.35
297,2022-08-17 00:00:00,467.3,469.0,478.0,460.0
298,2022-07-27 00:00:00,396.05,400.75,407.9,393.15
299,2022-12-12 00:00:00,555.4,553.45,561.7,550.8
300,2022-08-05 00:00:00,429.8,425.6,433.0,425.6
301,2023-03-20 00:00:00,798.25,795.0,818.15,783.05
302,2023-04-12 00:00:00,823.1,844.9,848.95,816.6
303,2022-08-08 00:00:00,427.35,430.7,433.45,425.2
304,2023-05-02 00:00:00,908.65,904.5,922.7,900.45
305,2022-08-19 00:00:00,455.25,469.2,470.25,453.5
306,2023-05-22 00:00:00,878.8,884.9,888.4,868.0
307,2023-06-20 00:00:00,838.6,855.3,858.8,832.0
308,2022-08-24 00:00:00,446.2,449.9,454.7,444.0
309,2022-09-22 00:00:00,471.05,475.0,476.4,469.5
310,2022-09-27 00:00:00,452.4,442.65,459.45,437.45
311,2022-10-25 00:00:00,522.9,529.0,538.0,515.05
312,2022-12-09 00:00:00,553.45,572.5,578.0,548.75
313,2022-12-21 00:00:00,536.1,560.0,572.05,530.5
314,2022-12-22 00:00:00,517.3,540.2,543.45,508.9
315,2023-03-24 00:00:00,788.0,816.0,820.0,778.85
316,2023-04-05 00:00:00,837.0,815.0,845.8,808.0
317,2023-05-12 00:00:00,903.0,900.0,906.0,894.55
318,2023-06-02 00:00:00,795.4,796.25,808.5,781.0
319,2023-07-25 00:00:00,987.65,1023.0,1024.95,980.35
320,2023-07-26 00:00:00,1012.15,982.3,1018.95,980.75
321,2023-08-10 00:00:00,1088.65,1109.4,1140.0,1080.0
322,2022-02-10 00:00:00,491.2,499.0,499.0,490.0
323,2022-04-27 00:00:00,407.15,406.0,408.8,402.35
324,2022-05-05 00:00:00,375.0,390.0,393.25,366.15
325,2022-05-12 00:00:00,365.0,356.9,368.0,349.45
326,2022-05-20 00:00:00,361.5,352.2,365.0,351.75
327,2022-06-10 00:00:00,384.2,382.35,389.5,382.05
328,2022-07-04 00:00:00,381.0,380.8,382.95,378.15
329,2022-07-05 00:00:00,394.1,383.9,398.3,380.25
330,2022-07-11 00:00:00,416.3,407.95,420.0,401.05
331,2022-07-21 00:00:00,414.05,412.7,415.0,406.85
332,2022-07-26 00:00:00,401.6,408.0,408.0,400.1
333,2022-08-02 00:00:00,434.45,434.7,438.9,426.15
334,2022-08-11 00:00:00,429.25,429.95,433.9,426.3
335,2022-09-13 00:00:00,479.8,487.6,487.95,478.0
336,2022-09-14 00:00:00,481.95,476.9,483.7,474.25
337,2022-10-12 00:00:00,462.65,450.55,469.25,446.9
338,2022-11-02 00:00:00,513.5,511.95,520.4,511.9
339,2023-02-20 00:00:00,673.35,681.35,684.95,663.6
340,2023-04-06 00:00:00,863.55,842.0,874.0,832.25
341,2023-05-04 00:00:00,895.05,901.0,912.0,891.05
342,2023-05-17 00:00:00,904.35,896.95,910.0,891.1
343,2023-05-19 00:00:00,880.85,900.0,900.0,875.0
344,2023-08-01 00:00:00,1007.7,1058.55,1059.7,993.8
345,2023-08-11 00:00:00,1088.25,1091.45,1117.2,1076.0
346,2022-02-22 00:00:00,443.6,453.0,454.95,440.0
347,2022-03-22 00:00:00,398.05,402.0,402.95,397.1
348,2022-04-06 00:00:00,415.1,408.0,417.5,402.5
349,2022-05-26 00:00:00,355.6,349.15,360.0,345.0
350,2022-06-07 00:00:00,391.3,392.0,394.85,384.1
351,2022-08-10 00:00:00,426.1,429.7,431.95,424.8
352,2022-09-23 00:00:00,464.85,471.75,474.9,444.3
353,2022-10-11 00:00:00,454.7,454.6,470.0,450.3
354,2022-10-27 00:00:00,521.9,518.0,532.0,513.75
355,2022-10-31 00:00:00,521.5,521.0,525.55,516.5
356,2022-11-01 00:00:00,511.2,525.0,525.0,508.15
357,2022-11-07 00:00:00,531.45,533.95,536.8,525.0
358,2022-11-23 00:00:00,545.55,554.0,559.45,542.0
359,2022-12-19 00:00:00,570.0,580.0,583.85,567.0
360,2023-01-02 00:00:00,551.55,550.0,560.0,543.0
361,2023-03-06 00:00:00,785.1,775.85,847.5,765.0
362,2023-03-08 00:00:00,774.1,775.0,783.9,758.2
363,2023-03-13 00:00:00,787.55,787.4,794.5,776.5
364,2023-03-29 00:00:00,810.4,795.0,815.0,793.0
365,2023-04-10 00:00:00,853.6,877.9,894.95,842.2
366,2023-04-21 00:00:00,853.45,867.7,873.9,850.0
367,2023-04-26 00:00:00,880.25,874.9,887.4,862.5
368,2023-05-26 00:00:00,843.25,850.0,865.0,828.0
369,2023-06-16 00:00:00,872.35,863.95,887.0,858.1
370,2023-07-12 00:00:00,820.45,825.0,830.3,814.0
371,2023-07-21 00:00:00,1003.15,981.1,1014.65,981.1
372,2023-08-02 00:00:00,1000.8,1022.0,1028.95,982.0
373,2023-08-17 00:00:00,1028.2,1027.1,1052.3,1024.85
374,2023-08-21 00:00:00,1067.8,1071.75,1082.7,1062.5
375,2021-12-24 00:00:00,531.1,539.45,539.45,522.8
376,2022-02-08 00:00:00,487.1,496.0,499.9,485.0
377,2022-02-15 00:00:00,460.45,453.0,466.0,437.05
378,2022-03-04 00:00:00,400.15,407.0,407.0,392.0
379,2022-03-07 00:00:00,378.45,395.0,395.0,374.0
380,2022-03-14 00:00:00,383.35,392.0,392.0,379.35
381,2022-03-29 00:00:00,371.65,373.5,374.5,368.5
382,2022-04-01 00:00:00,394.5,379.35,398.05,375.25
383,2022-05-24 00:00:00,361.7,358.0,366.95,357.0
384,2022-05-25 00:00:00,349.1,355.5,362.95,346.0
385,2022-05-27 00:00:00,362.55,362.0,366.75,357.5
386,2022-06-09 00:00:00,389.35,379.1,392.0,377.6
387,2022-06-13 00:00:00,368.05,376.15,381.45,366.1
388,2022-06-23 00:00:00,360.8,359.45,363.6,356.2
389,2022-06-24 00:00:00,376.35,364.5,379.0,363.15
390,2022-07-25 00:00:00,408.3,416.0,416.0,405.4
391,2022-08-25 00:00:00,445.75,449.95,449.95,444.8
392,2022-09-12 00:00:00,484.95,481.9,489.9,481.9
393,2022-10-20 00:00:00,448.65,458.6,464.35,445.8
394,2022-10-28 00:00:00,520.35,518.0,535.9,515.9
395,2022-11-09 00:00:00,534.95,534.0,545.3,527.55
396,2022-11-22 00:00:00,554.85,567.05,569.0,552.1
397,2023-01-16 00:00:00,556.2,554.6,559.5,551.45
398,2023-01-31 00:00:00,553.95,535.5,556.0,525.35
399,2023-02-07 00:00:00,542.45,550.4,553.5,536.6
400,2023-02-17 00:00:00,681.35,663.8,698.0,660.2
401,2023-02-24 00:00:00,720.75,719.0,729.75,706.2
402,2023-03-10 00:00:00,791.5,787.35,800.0,775.0
403,2023-04-11 00:00:00,843.15,858.3,865.0,836.0
404,2023-04-18 00:00:00,854.85,862.8,872.1,852.4
405,2023-06-05 00:00:00,802.8,795.0,807.8,792.0
406,2023-06-19 00:00:00,855.3,872.0,877.9,850.25
407,2023-06-23 00:00:00,812.25,826.8,833.65,801.0
408,2023-07-06 00:00:00,828.8,842.1,844.75,823.0
409,2023-07-24 00:00:00,1025.55,1004.95,1038.0,980.2
410,2023-08-22 00:00:00,1042.95,1065.0,1073.4,1032.7
411,2021-12-31 00:00:00,528.1,529.6,533.85,526.3
412,2022-01-21 00:00:00,499.9,513.0,514.0,494.55
413,2021-12-13 00:00:00,572.2,589.0,589.0,567.6
414,2022-03-31 00:00:00,377.65,372.6,380.5,372.6
415,2022-04-22 00:00:00,408.55,416.35,418.7,403.3
416,2022-05-02 00:00:00,394.8,397.85,400.0,393.0
417,2022-05-04 00:00:00,385.75,401.0,404.2,381.2
418,2022-06-03 00:00:00,396.1,409.4,409.4,391.2
419,2022-06-08 00:00:00,384.25,394.4,394.4,381.55
420,2022-06-21 00:00:00,364.45,361.0,373.8,353.5
421,2022-09-05 00:00:00,462.2,464.0,472.0,460.35
422,2022-10-07 00:00:00,463.7,467.55,470.0,458.0
423,2022-11-24 00:00:00,558.75,548.3,563.0,544.2
424,2022-11-29 00:00:00,580.05,561.0,585.2,559.05
425,2022-12-01 00:00:00,574.55,557.8,579.0,555.7
426,2022-12-28 00:00:00,555.55,549.9,559.0,538.55
427,2022-12-29 00:00:00,542.65,555.0,555.0,542.0
428,2023-01-10 00:00:00,530.3,543.0,543.0,527.0
429,2023-01-20 00:00:00,556.85,570.4,573.4,553.65
430,2023-02-10 00:00:00,564.4,575.0,586.0,562.05
431,2023-02-16 00:00:00,670.6,675.0,677.0,648.0
432,2023-03-31 00:00:00,812.6,820.0,842.0,801.0
433,2023-04-20 00:00:00,858.5,872.0,876.4,852.0
434,2023-04-27 00:00:00,876.9,875.0,886.7,874.1
435,2023-05-09 00:00:00,899.55,920.1,920.1,895.0
436,2023-05-10 00:00:00,888.8,900.0,904.35,881.0
437,2023-06-28 00:00:00,801.7,783.95,813.45,783.95
438,2022-04-25 00:00:00,400.05,408.0,408.45,395.9
439,2022-05-30 00:00:00,373.2,376.0,380.0,365.0
440,2022-12-07 00:00:00,559.05,560.05,568.75,554.25
441,2022-12-08 00:00:00,569.25,559.85,572.9,559.25
442,2023-01-23 00:00:00,550.05,560.0,564.9,547.4
443,2023-01-27 00:00:00,541.8,548.8,551.25,526.4
444,2023-01-30 00:00:00,535.7,542.0,544.35,528.85
445,2023-02-13 00:00:00,565.3,567.8,567.8,562.5
446,2023-03-23 00:00:00,819.45,792.0,826.25,792.0
447,2023-04-17 00:00:00,862.95,840.0,868.95,836.5
448,2023-05-31 00:00:00,800.95,794.25,809.5,774.6
449,2023-06-13 00:00:00,804.15,805.95,806.5,796.0
450,2023-06-26 00:00:00,799.5,813.7,813.7,794.0
451,2023-07-07 00:00:00,822.6,828.8,834.85,804.65
452,2022-01-06 00:00:00,530.05,533.0,534.35,527.3
453,2022-01-07 00:00:00,527.9,531.0,538.0,525.0
454,2022-02-14 00:00:00,454.15,462.05,470.0,447.05
455,2022-03-02 00:00:00,408.7,413.2,419.35,405.45
456,2022-03-25 00:00:00,382.35,395.0,395.0,377.5
457,2022-04-21 00:00:00,416.35,417.75,421.95,413.7
458,2022-05-09 00:00:00,366.8,370.0,370.0,361.6
459,2022-06-29 00:00:00,377.0,381.2,381.2,374.1
460,2022-07-06 00:00:00,399.6,401.0,407.0,393.1
461,2022-09-01 00:00:00,458.7,462.0,465.7,455.1
462,2022-09-21 00:00:00,475.25,476.9,479.75,465.6
463,2022-10-06 00:00:00,468.1,464.9,469.95,462.9
464,2022-10-17 00:00:00,464.6,463.5,468.0,456.05
465,2022-10-18 00:00:00,460.2,466.8,466.85,458.2
466,2022-11-14 00:00:00,518.15,512.7,535.9,512.0
467,2022-11-17 00:00:00,526.65,530.1,545.0,521.0
468,2022-11-25 00:00:00,566.25,559.9,567.75,557.0
469,2022-11-30 00:00:00,552.6,577.35,593.9,546.2
470,2022-12-23 00:00:00,509.45,514.95,518.3,491.15
471,2023-01-05 00:00:00,550.4,547.95,556.0,546.1
472,2023-06-01 00:00:00,789.45,800.95,802.2,778.0
473,2023-06-06 00:00:00,781.0,806.5,817.3,777.0
474,2023-06-22 00:00:00,822.9,836.4,836.4,815.0
475,2023-07-05 00:00:00,840.7,839.15,844.95,823.55
476,2023-08-14 00:00:00,1016.1,1096.9,1096.9,1005.0
477,2023-08-23 00:00:00,1049.1,1058.0,1058.0,1043.5
478,2021-12-17 00:00:00,552.65,566.0,568.45,538.0
479,2021-12-21 00:00:00,527.75,528.5,539.4,526.0
480,2021-12-22 00:00:00,537.85,534.0,540.0,528.0
481,2022-02-16 00:00:00,483.0,469.65,489.75,466.15
482,2022-02-24 00:00:00,395.85,416.95,424.15,374.4
483,2022-02-28 00:00:00,413.6,410.0,420.4,407.0
484,2022-03-10 00:00:00,392.45,405.0,414.95,384.0
485,2022-05-10 00:00:00,360.0,362.0,369.85,356.0
486,2022-05-13 00:00:00,359.85,375.0,390.0,357.5
487,2022-07-29 00:00:00,424.55,405.0,431.0,405.0
488,2022-10-13 00:00:00,457.75,465.0,465.0,453.5
489,2022-10-21 00:00:00,494.85,450.9,502.4,450.5
490,2022-12-16 00:00:00,578.15,588.85,588.85,561.2
491,2023-01-11 00:00:00,536.25,540.0,542.7,524.75
492,2023-01-18 00:00:00,559.3,559.0,564.85,549.8
493,2023-03-02 00:00:00,707.5,731.0,739.0,703.5
494,2023-04-13 00:00:00,837.85,830.0,854.45,830.0
495,2023-04-28 00:00:00,894.9,880.9,922.4,880.0
496,2023-06-27 00:00:00,783.6,803.55,805.0,780.5
497,2023-07-10 00:00:00,807.6,822.95,824.9,804.7
498,2023-07-27 00:00:00,1002.15,1012.25,1017.95,993.6
499,2023-08-04 00:00:00,1006.5,1006.55,1013.55,1001.05
500,2023-08-07 00:00:00,1075.15,1018.9,1089.95,1012.0
501,2022-01-10 00:00:00,531.05,532.05,533.0,528.2
502,2022-01-05 00:00:00,534.75,545.9,549.3,531.2
503,2022-01-20 00:00:00,511.15,525.0,527.9,509.7
504,2022-03-24 00:00:00,389.3,394.0,400.3,384.0
505,2022-04-05 00:00:00,407.85,398.5,415.0,398.5
506,2022-04-13 00:00:00,419.15,415.0,419.95,410.0
507,2022-05-19 00:00:00,348.0,362.25,362.3,343.5
508,2022-07-01 00:00:00,378.4,374.0,381.95,371.35
509,2022-07-20 00:00:00,409.85,407.4,417.0,406.45
510,2022-09-28 00:00:00,457.9,449.0,465.0,448.3
511,2022-10-10 00:00:00,452.25,463.7,463.7,450.0
512,2022-10-14 00:00:00,461.7,461.0,470.0,454.1
513,2022-11-03 00:00:00,514.55,513.5,521.5,512.0
514,2022-11-15 00:00:00,527.15,519.05,532.0,506.8
515,2022-12-06 00:00:00,562.35,562.05,569.15,558.4
516,2022-12-30 00:00:00,547.0,542.65,553.95,542.65
517,2023-01-09 00:00:00,539.7,549.85,557.0,537.2
518,2023-01-12 00:00:00,539.85,538.0,546.55,530.5
519,2023-02-09 00:00:00,561.75,549.5,575.0,535.0
520,2023-02-27 00:00:00,701.4,720.75,720.75,690.55
521,2023-03-27 00:00:00,795.2,790.0,800.0,762.0
522,2023-05-29 00:00:00,795.7,840.0,840.0,792.55
523,2023-06-07 00:00:00,798.75,782.0,802.7,782.0
524,2023-07-03 00:00:00,855.3,864.0,871.85,846.1
525,2023-08-08 00:00:00,1084.05,1075.0,1105.1,1047.45
526,2023-08-09 00:00:00,1101.2,1086.0,1108.0,1071.95
527,2021-12-16 00:00:00,566.4,576.3,577.15,562.0
528,2022-01-03 00:00:00,538.05,525.3,543.85,525.3
529,2022-01-13 00:00:00,532.1,543.0,543.0,529.45
530,2022-01-19 00:00:00,524.85,527.7,530.85,522.95
531,2022-01-31 00:00:00,496.45,505.4,514.0,493.25
532,2022-02-17 00:00:00,480.55,483.3,486.25,477.1
533,2022-03-28 00:00:00,371.75,380.1,382.35,371.0
534,2022-04-18 00:00:00,413.9,416.0,417.8,411.3
535,2022-06-14 00:00:00,374.55,365.85,376.95,365.85
536,2022-07-08 00:00:00,407.95,400.0,413.9,397.0
537,2022-08-03 00:00:00,430.3,440.0,440.8,425.25
538,2022-08-04 00:00:00,425.6,434.7,435.7,414.95
539,2022-08-22 00:00:00,443.55,455.25,455.25,438.6
540,2022-08-30 00:00:00,461.0,453.9,465.9,451.0
541,2022-09-20 00:00:00,475.1,466.4,480.3,465.9
542,2022-10-19 00:00:00,458.5,462.55,474.85,456.2
543,2022-11-04 00:00:00,529.75,516.95,535.9,512.0
544,2022-11-21 00:00:00,567.5,530.05,570.0,530.05
545,2022-12-05 00:00:00,560.4,568.85,568.9,558.0
546,2022-12-15 00:00:00,586.7,559.85,592.0,558.05
547,2023-01-04 00:00:00,545.4,560.85,563.25,541.0
548,2023-01-25 00:00:00,543.4,541.5,556.75,540.0
549,2023-02-02 00:00:00,552.9,538.8,564.4,538.05
550,2023-02-23 00:00:00,713.9,665.0,720.0,662.6
551,2023-03-01 00:00:00,733.05,701.0,740.0,700.0
552,2023-03-09 00:00:00,793.4,775.0,798.0,770.1
553,2023-05-05 00:00:00,901.05,896.3,919.3,890.0
554,2023-05-30 00:00:00,789.8,795.0,801.4,774.05
555,2023-06-30 00:00:00,858.75,807.4,864.55,803.8
556,2023-07-11 00:00:00,821.95,813.45,834.9,810.0
557,2023-07-20 00:00:00,996.95,995.0,1004.15,974.2
558,2021-12-28 00:00:00,528.25,526.65,534.65,526.65
559,2022-01-04 00:00:00,542.85,542.0,545.6,537.1
560,2022-01-14 00:00:00,530.0,535.0,535.1,529.0
561,2022-02-02 00:00:00,509.25,487.45,515.0,487.45
562,2022-02-11 00:00:00,484.7,490.0,492.4,482.1
563,2022-03-15 00:00:00,379.6,386.0,393.5,375.4
564,2022-05-18 00:00:00,364.85,370.0,371.0,363.35
565,2022-06-01 00:00:00,363.2,374.0,375.5,360.0
566,2022-06-28 00:00:00,382.85,388.45,388.45,378.2
567,2022-06-30 00:00:00,376.3,377.95,382.9,372.45
568,2022-07-13 00:00:00,410.85,413.0,418.1,407.25
569,2022-07-18 00:00:00,406.05,410.0,410.5,405.0
570,2022-08-01 00:00:00,433.65,428.7,442.0,428.5
571,2022-09-08 00:00:00,483.7,490.0,493.85,480.0
572,2022-09-16 00:00:00,464.65,475.85,481.4,460.8
573,2022-11-10 00:00:00,510.4,530.0,533.3,505.1
574,2022-11-28 00:00:00,559.4,568.0,574.9,555.1
575,2022-12-27 00:00:00,540.7,536.5,545.55,532.6
576,2023-02-06 00:00:00,547.45,550.0,558.0,545.15
577,2023-02-08 00:00:00,548.1,542.65,550.0,536.4
578,2023-02-15 00:00:00,671.6,608.0,700.0,608.0
579,2023-02-22 00:00:00,661.5,675.0,695.9,648.5
580,2023-02-28 00:00:00,705.7,702.05,710.0,691.0
581,2023-03-21 00:00:00,779.65,804.5,807.0,771.35
582,2023-05-15 00:00:00,885.7,905.7,914.0,876.9
583,2023-06-09 00:00:00,801.8,795.95,805.0,788.0
584,2023-07-04 00:00:00,839.15,860.2,868.05,835.0
585,2021-12-14 00:00:00,568.7,571.9,576.15,565.25
586,2022-01-28 00:00:00,505.4,493.0,514.0,493.0
587,2022-02-09 00:00:00,500.0,495.0,512.0,485.5
588,2022-03-21 00:00:00,398.25,409.0,430.0,395.0
589,2022-03-23 00:00:00,395.7,402.65,404.05,394.25
590,2022-03-30 00:00:00,372.6,375.3,377.05,370.0
591,2022-04-19 00:00:00,409.1,415.0,424.7,391.5
592,2022-05-06 00:00:00,370.0,370.25,374.0,366.1
593,2022-05-16 00:00:00,360.2,365.25,365.25,354.65
594,2022-05-17 00:00:00,363.75,360.0,364.75,358.75
595,2022-05-31 00:00:00,370.7,377.0,377.2,367.05
596,2022-06-02 00:00:00,400.55,365.0,407.85,364.95
597,2022-06-06 00:00:00,392.25,395.0,399.0,387.05
598,2022-06-17 00:00:00,362.3,354.9,368.0,353.85
599,2022-06-20 00:00:00,355.05,367.75,367.75,351.1
600,2022-06-27 00:00:00,386.4,383.85,389.5,377.5
601,2022-08-26 00:00:00,446.55,449.85,455.0,441.0
602,2022-09-02 00:00:00,458.55,458.7,464.35,455.0
603,2022-09-07 00:00:00,485.05,460.3,488.0,460.0
604,2022-09-09 00:00:00,481.4,484.0,490.0,472.25
605,2022-09-15 00:00:00,476.45,482.8,488.0,471.2
606,2022-09-29 00:00:00,472.15,459.0,489.85,459.0
607,2022-09-30 00:00:00,469.5,470.0,472.0,460.55
608,2022-11-18 00:00:00,531.35,530.1,537.3,523.35
609,2022-12-02 00:00:00,564.1,574.9,574.9,561.95
610,2023-01-17 00:00:00,554.8,556.2,563.9,553.15
611,2023-01-24 00:00:00,541.55,553.95,553.95,538.65
612,2023-02-14 00:00:00,597.8,575.0,606.0,557.9
613,2023-03-16 00:00:00,776.15,773.15,786.2,762.0
614,2023-04-19 00:00:00,866.2,855.65,876.8,855.65
615,2023-05-03 00:00:00,910.25,911.9,922.5,902.35
616,2023-05-11 00:00:00,900.45,890.9,911.2,890.9
617,2023-05-16 00:00:00,891.95,893.8,901.95,888.6
618,2023-05-18 00:00:00,890.65,907.95,910.0,886.2
619,2023-06-12 00:00:00,799.65,806.0,811.45,796.3
620,2023-06-21 00:00:00,828.2,844.4,865.0,825.0
621,2023-07-14 00:00:00,874.6,884.5,884.5,858.0
622,2023-07-17 00:00:00,864.95,870.0,882.25,861.1
623,2023-07-31 00:00:00,1058.65,1060.0,1069.0,1028.75
624,2021-12-23 00:00:00,534.6,539.0,541.5,530.1
625,2021-12-27 00:00:00,526.35,531.1,535.0,525.0
626,2021-12-30 00:00:00,529.65,528.0,530.9,526.6
627,2022-01-24 00:00:00,461.15,492.0,500.0,456.1
628,2022-02-04 00:00:00,499.9,500.15,503.65,492.45
629,2022-02-07 00:00:00,498.4,504.7,509.8,492.0
630,2022-02-21 00:00:00,457.4,473.95,473.95,456.0
631,2022-02-25 00:00:00,423.45,398.9,428.0,398.9
632,2022-03-16 00:00:00,389.85,384.0,392.0,377.5
633,2022-05-11 00:00:00,355.3,364.0,367.65,349.1
634,2022-07-19 00:00:00,405.3,406.0,408.45,402.2
635,2022-07-28 00:00:00,397.7,399.95,406.9,396.0
636,2022-08-16 00:00:00,458.8,442.4,465.0,437.0
637,2022-08-18 00:00:00,469.2,474.0,474.0,462.4
638,2022-09-06 00:00:00,459.25,465.85,467.6,458.1
639,2022-09-19 00:00:00,462.95,469.3,475.0,460.5
640,2022-10-03 00:00:00,462.6,470.95,471.05,452.6
641,2022-10-04 00:00:00,462.7,470.0,475.0,458.35
642,2022-11-11 00:00:00,514.6,509.5,519.35,501.0
643,2022-12-20 00:00:00,558.6,572.0,572.95,555.55
644,2022-12-26 00:00:00,534.9,501.6,539.5,496.5
645,2023-02-03 00:00:00,554.8,552.9,559.5,535.05
646,2023-03-03 00:00:00,775.85,710.0,782.95,710.0
647,2023-03-14 00:00:00,753.5,785.0,792.05,740.5
648,2023-03-17 00:00:00,807.8,781.35,821.4,775.0
649,2023-03-22 00:00:00,803.15,780.0,808.0,780.0
650,2023-04-25 00:00:00,874.9,875.0,889.0,867.25
651,2023-05-25 00:00:00,841.05,874.9,874.9,836.6
652,2023-06-14 00:00:00,832.45,809.4,836.8,805.5
653,2023-07-28 00:00:00,1039.25,1002.0,1045.0,986.05
654,2023-08-18 00:00:00,1064.95,1045.8,1122.6,1031.5
