,time,close,open,high,low
0,2021-02-26 00:00:00,239.8,240.0,243.75,235.1
1,2021-03-10 00:00:00,229.5,236.6,238.0,228.4
2,2021-04-08 00:00:00,217.0,220.95,223.25,214.05
3,2021-05-07 00:00:00,196.8,202.15,202.2,196.05
4,2021-06-07 00:00:00,279.25,252.0,286.8,249.75
5,2021-06-23 00:00:00,258.2,262.55,266.8,256.0
6,2021-06-24 00:00:00,253.7,259.1,263.9,252.9
7,2021-01-20 00:00:00,236.8,235.5,245.0,233.65
8,2021-02-04 00:00:00,239.75,226.35,244.0,226.2
9,2021-02-24 00:00:00,239.7,237.9,244.1,236.0
10,2021-04-27 00:00:00,201.45,200.65,205.3,199.8
11,2021-07-08 00:00:00,269.0,276.2,284.05,267.05
12,2021-08-10 00:00:00,273.7,280.0,300.0,270.1
13,2021-08-20 00:00:00,261.25,267.95,268.5,258.5
14,2021-01-01 00:00:00,206.75,198.7,212.0,192.65
15,2021-02-05 00:00:00,237.45,236.0,246.5,234.45
16,2021-02-11 00:00:00,251.25,240.1,255.0,237.25
17,2021-02-12 00:00:00,242.65,247.5,255.0,238.3
18,2021-02-17 00:00:00,241.5,236.15,244.25,236.1
19,2021-03-09 00:00:00,230.95,241.1,241.1,230.0
20,2021-03-17 00:00:00,226.55,233.45,236.0,226.05
21,2021-06-09 00:00:00,253.8,266.15,267.05,252.9
22,2021-06-15 00:00:00,270.85,278.7,278.9,267.0
23,2021-06-25 00:00:00,251.8,251.05,257.1,250.1
24,2021-07-01 00:00:00,270.85,277.0,277.0,267.5
25,2021-07-12 00:00:00,270.5,269.1,274.65,269.0
26,2021-07-15 00:00:00,270.2,276.0,276.0,269.1
27,2021-07-23 00:00:00,268.65,270.4,272.4,268.0
28,2021-01-15 00:00:00,247.8,257.9,273.3,243.65
29,2021-01-19 00:00:00,235.5,237.0,248.65,232.5
30,2021-02-18 00:00:00,241.15,240.1,250.05,233.0
31,2021-04-15 00:00:00,212.65,209.1,216.35,209.0
32,2021-04-23 00:00:00,199.7,202.0,203.45,197.1
33,2021-07-07 00:00:00,276.5,281.05,283.9,272.3
34,2021-07-09 00:00:00,271.75,271.2,274.7,264.0
35,2021-08-13 00:00:00,282.35,302.55,302.55,278.3
36,2021-08-16 00:00:00,274.05,283.5,290.7,270.0
37,2021-08-17 00:00:00,270.3,276.0,278.2,268.5
38,2021-01-06 00:00:00,200.85,205.5,208.75,199.0
39,2021-01-13 00:00:00,210.7,205.0,212.0,200.95
40,2021-01-18 00:00:00,235.0,255.0,255.0,223.65
41,2021-01-22 00:00:00,239.25,232.3,247.8,226.6
42,2021-03-15 00:00:00,224.55,226.65,227.8,221.0
43,2021-04-01 00:00:00,223.65,220.0,226.0,218.05
44,2021-05-11 00:00:00,198.05,198.5,201.35,197.0
45,2021-05-31 00:00:00,222.4,218.8,227.0,214.25
46,2021-07-27 00:00:00,279.3,267.0,289.0,266.0
47,2021-07-29 00:00:00,291.85,275.2,296.0,275.2
48,2021-08-03 00:00:00,279.4,289.9,289.9,277.15
49,2021-08-05 00:00:00,287.15,282.7,293.0,279.0
50,2021-08-12 00:00:00,309.3,296.0,315.95,294.3
51,2021-01-28 00:00:00,225.95,227.25,234.1,225.0
52,2021-02-02 00:00:00,224.15,229.95,229.95,218.05
53,2021-03-02 00:00:00,243.05,243.5,246.05,241.1
54,2021-03-05 00:00:00,234.05,242.25,242.25,233.5
55,2021-03-12 00:00:00,226.6,232.8,232.8,225.0
56,2021-03-24 00:00:00,224.45,230.05,244.0,221.0
57,2021-04-29 00:00:00,200.05,202.0,204.65,199.0
58,2021-05-28 00:00:00,213.3,215.15,221.0,212.1
59,2021-06-08 00:00:00,264.0,280.0,280.0,263.0
60,2021-06-22 00:00:00,262.65,261.0,270.05,261.0
61,2021-06-30 00:00:00,273.25,283.0,285.0,270.05
62,2021-08-25 00:00:00,255.5,257.95,259.45,255.0
63,2021-01-11 00:00:00,200.65,204.05,205.0,198.9
64,2021-01-29 00:00:00,222.25,231.95,232.0,220.0
65,2021-02-16 00:00:00,241.7,246.55,248.7,238.85
66,2021-02-23 00:00:00,238.1,242.25,247.15,235.0
67,2021-03-01 00:00:00,240.35,246.95,248.0,239.35
68,2021-03-08 00:00:00,238.95,242.2,243.75,235.15
69,2021-03-26 00:00:00,222.85,229.95,229.95,221.5
70,2021-04-13 00:00:00,214.75,205.75,217.5,205.55
71,2021-05-12 00:00:00,197.4,204.2,205.5,197.05
72,2021-06-14 00:00:00,277.6,278.6,286.65,260.3
73,2021-06-16 00:00:00,264.75,271.6,277.3,263.0
74,2021-06-21 00:00:00,261.4,246.5,264.9,237.95
75,2021-07-13 00:00:00,268.45,275.0,275.0,267.05
76,2021-01-08 00:00:00,204.55,208.0,210.9,202.0
77,2021-01-27 00:00:00,233.4,231.1,241.8,230.0
78,2021-02-15 00:00:00,245.8,244.5,254.75,243.2
79,2021-04-20 00:00:00,203.6,206.65,214.45,202.0
80,2021-05-04 00:00:00,201.15,208.65,209.9,198.85
81,2021-06-02 00:00:00,231.95,218.0,234.5,215.2
82,2021-07-14 00:00:00,269.85,276.0,276.0,268.2
83,2021-07-19 00:00:00,271.95,277.95,277.95,269.6
84,2021-08-11 00:00:00,291.55,290.0,295.0,275.0
85,2021-08-18 00:00:00,262.75,273.95,273.95,259.95
86,2021-08-24 00:00:00,256.15,246.6,263.95,245.3
87,2021-02-01 00:00:00,219.9,231.75,231.8,217.65
88,2021-03-22 00:00:00,216.7,235.6,239.0,212.7
89,2021-05-21 00:00:00,219.75,240.0,240.0,217.8
90,2021-05-27 00:00:00,214.0,216.0,217.3,212.1
91,2021-06-10 00:00:00,256.25,254.0,264.0,254.0
92,2021-08-02 00:00:00,289.55,289.95,294.0,286.35
93,2021-01-05 00:00:00,207.45,203.2,209.0,200.25
94,2021-01-25 00:00:00,235.1,235.15,246.45,231.0
95,2021-03-18 00:00:00,222.5,228.05,234.5,218.05
96,2021-03-23 00:00:00,229.6,215.8,232.9,214.7
97,2021-04-06 00:00:00,215.75,223.75,228.0,214.55
98,2021-04-07 00:00:00,216.5,220.75,222.3,215.0
99,2021-05-06 00:00:00,202.1,203.9,205.9,196.2
100,2021-05-10 00:00:00,197.6,195.0,202.8,195.0
101,2021-05-18 00:00:00,203.05,206.4,206.45,202.15
102,2021-06-18 00:00:00,246.55,262.95,264.55,235.0
103,2021-07-02 00:00:00,274.15,273.0,279.9,268.65
104,2021-07-05 00:00:00,281.2,285.0,286.2,280.0
105,2021-08-23 00:00:00,249.3,265.55,265.55,245.25
106,2021-01-04 00:00:00,203.2,213.7,213.7,202.0
107,2021-01-21 00:00:00,236.15,237.45,243.2,230.1
108,2021-03-31 00:00:00,218.3,232.8,232.8,216.35
109,2021-04-05 00:00:00,223.45,226.5,226.5,215.55
110,2021-04-16 00:00:00,209.25,214.55,214.55,207.55
111,2021-04-28 00:00:00,201.0,201.2,203.9,200.1
112,2021-05-19 00:00:00,200.55,200.05,204.25,199.7
113,2021-06-11 00:00:00,276.35,267.0,297.55,265.1
114,2021-06-29 00:00:00,270.25,281.0,281.0,266.1
115,2021-07-26 00:00:00,265.05,268.65,272.7,264.3
116,2021-02-03 00:00:00,228.05,221.35,233.95,221.3
117,2021-02-08 00:00:00,234.85,245.0,245.0,234.1
118,2021-02-09 00:00:00,243.55,234.95,253.85,233.8
119,2021-02-10 00:00:00,238.95,244.45,244.45,237.35
120,2021-02-25 00:00:00,241.85,240.45,245.0,239.3
121,2021-03-16 00:00:00,231.85,229.7,233.75,226.35
122,2021-03-04 00:00:00,241.7,242.1,245.0,236.1
123,2021-05-26 00:00:00,216.0,224.95,224.95,212.2
124,2021-03-30 00:00:00,222.0,222.75,228.0,220.7
125,2021-06-01 00:00:00,218.55,223.0,225.95,216.35
126,2021-05-05 00:00:00,197.2,206.8,206.8,196.05
127,2021-05-14 00:00:00,197.5,204.0,204.0,196.0
128,2021-06-17 00:00:00,258.9,265.2,273.55,256.6
129,2021-06-03 00:00:00,241.05,228.4,252.0,228.0
130,2021-07-22 00:00:00,269.65,273.8,273.8,265.3
131,2021-06-28 00:00:00,276.5,253.0,279.9,253.0
132,2021-08-04 00:00:00,282.8,283.0,301.55,276.6
133,2021-02-22 00:00:00,241.3,242.05,244.0,235.15
134,2021-03-25 00:00:00,222.95,227.25,227.75,221.5
135,2021-04-26 00:00:00,200.05,204.5,204.6,198.5
136,2021-04-30 00:00:00,200.85,200.3,203.0,199.55
137,2021-05-20 00:00:00,229.3,203.8,235.95,199.8
138,2021-05-25 00:00:00,217.8,221.35,223.0,214.8
139,2021-06-04 00:00:00,249.75,255.0,255.0,237.05
140,2021-07-28 00:00:00,275.2,279.0,283.05,273.4
141,2021-07-30 00:00:00,287.2,294.0,303.7,282.55
142,2021-08-09 00:00:00,275.8,281.6,283.9,267.85
143,2021-01-12 00:00:00,205.25,202.9,206.4,197.05
144,2021-01-14 00:00:00,252.8,215.0,252.8,212.1
145,2021-03-19 00:00:00,222.3,222.6,233.0,217.0
146,2021-04-09 00:00:00,216.3,219.75,221.0,214.1
147,2021-04-12 00:00:00,205.95,216.65,216.65,201.1
148,2021-04-19 00:00:00,204.4,207.1,208.9,198.05
149,2021-08-06 00:00:00,281.65,282.55,291.0,280.2
150,2021-01-07 00:00:00,207.8,207.8,215.0,201.15
151,2021-02-19 00:00:00,240.05,238.95,244.7,234.2
152,2021-03-03 00:00:00,244.3,246.0,250.0,242.0
153,2021-04-22 00:00:00,201.1,203.55,207.6,199.15
154,2021-05-03 00:00:00,204.95,202.2,206.9,201.0
155,2021-05-17 00:00:00,201.35,201.0,207.4,198.05
156,2021-05-24 00:00:00,220.0,219.2,224.75,218.95
157,2021-07-06 00:00:00,278.8,283.9,295.0,276.05
158,2021-07-16 00:00:00,274.5,272.85,275.65,265.0
159,2021-07-20 00:00:00,267.45,278.8,278.8,266.5
160,2021-10-08 00:00:00,273.2,274.45,278.2,271.1
161,2021-08-26 00:00:00,249.75,259.25,261.55,247.55
162,2021-09-30 00:00:00,266.2,266.0,274.95,265.2
163,2021-09-02 00:00:00,271.4,269.35,274.7,266.25
164,2021-08-31 00:00:00,270.0,273.0,280.0,268.1
165,2021-09-08 00:00:00,265.55,266.9,271.4,260.6
166,2021-09-03 00:00:00,273.25,278.95,278.95,271.6
167,2021-09-17 00:00:00,266.65,269.8,270.9,260.0
168,2021-09-06 00:00:00,267.6,273.25,277.5,267.0
169,2021-09-20 00:00:00,260.3,267.9,269.95,259.0
170,2021-10-11 00:00:00,327.8,306.0,327.8,295.15
171,2021-10-19 00:00:00,343.25,359.9,363.0,337.95
172,2021-11-04 00:00:00,360.6,365.9,366.0,356.0
173,2021-09-09 00:00:00,273.7,265.55,279.5,262.65
174,2021-09-22 00:00:00,279.25,259.0,286.0,259.0
175,2021-09-16 00:00:00,267.4,275.05,277.8,265.35
176,2021-10-13 00:00:00,364.5,365.0,379.8,359.85
177,2021-10-14 00:00:00,365.85,360.55,374.0,360.2
178,2021-11-08 00:00:00,373.0,361.0,376.4,350.15
179,2021-11-16 00:00:00,345.25,342.0,352.45,337.95
180,2021-11-15 00:00:00,343.35,350.0,352.5,342.0
181,2021-10-01 00:00:00,266.4,263.1,269.75,263.0
182,2021-10-06 00:00:00,272.0,267.6,284.55,267.6
183,2021-10-12 00:00:00,364.3,340.0,387.0,335.0
184,2021-11-25 00:00:00,320.45,302.1,322.0,301.45
185,2021-11-26 00:00:00,305.8,322.5,322.5,303.0
186,2021-09-23 00:00:00,281.3,285.5,286.75,275.55
187,2021-09-29 00:00:00,270.6,265.1,274.0,261.95
188,2021-11-12 00:00:00,347.95,338.5,356.0,333.0
189,2021-09-24 00:00:00,282.4,281.3,285.0,275.9
190,2021-10-20 00:00:00,322.6,342.3,361.95,318.0
191,2021-10-29 00:00:00,314.2,315.0,329.0,310.3
192,2021-11-01 00:00:00,324.9,317.0,332.0,317.0
193,2021-11-29 00:00:00,298.4,308.0,320.0,295.85
194,2021-08-27 00:00:00,253.0,254.9,258.15,250.05
195,2021-09-21 00:00:00,260.2,263.0,263.0,251.65
196,2021-08-30 00:00:00,273.0,294.0,298.95,270.0
197,2021-09-14 00:00:00,269.5,266.0,274.95,263.65
198,2021-09-27 00:00:00,275.45,283.0,286.75,273.55
199,2021-10-26 00:00:00,326.05,328.0,338.0,319.25
200,2021-11-02 00:00:00,347.8,327.8,362.8,320.35
201,2021-11-09 00:00:00,361.85,372.65,378.4,359.95
202,2021-11-10 00:00:00,356.65,361.2,366.0,351.0
203,2021-11-18 00:00:00,321.25,332.15,336.5,317.15
204,2021-09-01 00:00:00,266.5,270.0,272.0,266.0
205,2021-10-18 00:00:00,357.25,368.0,369.5,351.8
206,2021-10-27 00:00:00,321.4,327.95,329.4,320.2
207,2021-11-22 00:00:00,297.75,322.0,336.65,295.0
208,2021-11-24 00:00:00,299.45,307.95,323.95,297.05
209,2021-10-04 00:00:00,271.0,266.1,275.5,266.1
210,2021-10-05 00:00:00,269.95,271.0,272.75,267.0
211,2021-10-25 00:00:00,327.05,327.75,345.05,309.5
212,2021-11-03 00:00:00,355.9,349.0,365.0,344.1
213,2021-11-11 00:00:00,353.5,357.7,371.8,351.0
214,2021-11-17 00:00:00,334.0,345.25,349.5,330.8
215,2021-09-07 00:00:00,262.8,269.95,269.95,261.55
216,2021-09-15 00:00:00,277.6,270.0,279.95,270.0
217,2021-10-28 00:00:00,316.55,320.75,336.0,312.35
218,2021-09-13 00:00:00,263.75,273.65,274.8,263.0
219,2021-09-28 00:00:00,268.2,279.95,279.95,263.65
220,2021-11-23 00:00:00,307.05,296.1,310.0,291.0
221,2021-10-07 00:00:00,277.45,273.5,281.7,270.55
222,2021-10-21 00:00:00,332.1,325.8,334.9,312.35
223,2021-10-22 00:00:00,321.85,334.7,345.0,312.35
224,2021-12-07 00:00:00,298.05,299.45,313.6,292.85
225,2022-01-07 00:00:00,312.2,318.5,333.65,311.55
226,2022-01-11 00:00:00,310.35,313.75,317.45,308.1
227,2022-01-19 00:00:00,346.35,347.25,351.85,339.65
228,2022-01-24 00:00:00,312.65,335.35,348.4,306.0
229,2022-02-11 00:00:00,299.8,305.5,308.1,296.4
230,2022-03-10 00:00:00,255.85,246.0,260.0,246.0
231,2022-03-11 00:00:00,255.85,255.0,259.75,250.8
232,2022-03-30 00:00:00,276.4,269.5,286.15,269.5
233,2022-04-06 00:00:00,289.95,288.2,297.3,288.0
234,2022-05-11 00:00:00,234.1,243.75,243.75,216.9
235,2022-06-24 00:00:00,230.15,235.0,235.0,225.0
236,2022-07-20 00:00:00,286.0,283.95,289.2,281.0
237,2022-07-21 00:00:00,282.45,284.0,285.0,278.2
238,2022-07-26 00:00:00,280.15,283.35,284.9,275.0
239,2022-09-19 00:00:00,282.05,285.0,289.7,278.9
240,2022-09-22 00:00:00,290.3,287.0,295.0,287.0
241,2022-10-31 00:00:00,265.6,270.1,270.9,262.0
242,2022-11-16 00:00:00,308.95,297.7,321.8,296.25
243,2023-01-10 00:00:00,358.05,355.45,365.0,355.0
244,2023-01-23 00:00:00,363.9,352.35,374.95,352.35
245,2023-02-02 00:00:00,333.2,322.0,335.75,322.0
246,2023-03-15 00:00:00,312.8,322.6,326.5,306.35
247,2023-04-24 00:00:00,323.55,333.35,333.9,322.05
248,2023-05-16 00:00:00,317.65,316.8,324.9,315.3
249,2023-06-01 00:00:00,334.8,318.0,348.0,310.0
250,2023-06-20 00:00:00,312.9,312.8,314.4,311.1
251,2023-08-22 00:00:00,428.5,420.0,429.95,416.15
252,2021-12-02 00:00:00,295.95,297.6,302.8,291.35
253,2021-12-08 00:00:00,302.6,299.95,309.0,299.95
254,2021-12-27 00:00:00,314.3,318.0,318.0,308.95
255,2022-03-04 00:00:00,262.0,257.8,279.95,255.1
256,2022-05-19 00:00:00,236.5,233.5,241.35,233.5
257,2022-06-10 00:00:00,261.45,266.85,267.0,260.0
258,2022-06-30 00:00:00,263.6,261.05,265.95,261.05
259,2022-07-22 00:00:00,278.65,280.0,286.45,277.0
260,2022-07-25 00:00:00,283.35,278.0,285.0,277.05
261,2022-08-29 00:00:00,291.3,289.9,296.35,286.55
262,2022-09-02 00:00:00,303.2,310.2,310.25,299.0
263,2022-09-06 00:00:00,301.05,304.0,309.0,297.9
264,2022-09-13 00:00:00,311.25,320.85,325.0,308.3
265,2022-10-13 00:00:00,268.05,266.05,269.9,263.85
266,2022-10-28 00:00:00,268.15,273.75,273.75,266.0
267,2022-11-04 00:00:00,272.95,266.0,273.85,262.05
268,2022-12-14 00:00:00,347.3,354.4,359.3,345.0
269,2022-12-16 00:00:00,344.5,343.05,348.5,335.65
270,2022-12-19 00:00:00,406.8,344.5,413.0,344.5
271,2023-01-03 00:00:00,363.95,377.0,377.0,362.2
272,2023-01-04 00:00:00,358.75,363.95,375.0,356.5
273,2023-01-11 00:00:00,355.95,359.6,376.45,353.7
274,2023-01-12 00:00:00,359.55,359.75,363.85,354.25
275,2023-04-03 00:00:00,297.75,298.7,302.9,294.6
276,2023-04-13 00:00:00,309.6,308.15,312.95,305.55
277,2023-04-25 00:00:00,319.65,325.8,328.0,318.1
278,2023-05-24 00:00:00,308.05,304.95,314.95,304.95
279,2023-06-07 00:00:00,315.4,313.7,319.9,312.75
280,2023-07-17 00:00:00,388.6,386.05,405.0,386.05
281,2023-08-03 00:00:00,428.95,427.5,434.05,420.15
282,2021-12-14 00:00:00,338.25,331.15,340.6,323.0
283,2021-12-29 00:00:00,306.95,310.0,316.35,303.15
284,2022-01-13 00:00:00,337.35,314.85,351.0,311.4
285,2022-01-18 00:00:00,348.35,355.5,357.55,341.0
286,2022-02-23 00:00:00,276.6,270.6,289.0,266.5
287,2022-03-17 00:00:00,285.05,243.45,286.7,242.05
288,2022-04-19 00:00:00,303.05,307.1,318.0,295.1
289,2022-06-08 00:00:00,265.5,261.55,271.0,261.55
290,2022-07-05 00:00:00,273.2,270.0,278.0,270.0
291,2022-07-28 00:00:00,280.55,282.1,284.45,276.0
292,2022-08-04 00:00:00,290.55,291.15,295.75,285.0
293,2022-10-18 00:00:00,270.1,268.6,273.9,262.1
294,2022-12-22 00:00:00,359.25,377.65,380.0,352.2
295,2023-01-17 00:00:00,349.05,366.1,371.05,344.65
296,2023-02-17 00:00:00,342.7,343.0,349.0,338.2
297,2023-03-01 00:00:00,314.35,315.55,322.0,312.2
298,2023-03-09 00:00:00,337.8,326.7,344.0,322.15
299,2023-03-16 00:00:00,304.15,312.8,319.95,301.35
300,2023-03-21 00:00:00,309.75,305.95,312.5,302.95
301,2023-04-12 00:00:00,306.05,307.4,309.0,303.15
302,2023-04-19 00:00:00,325.3,328.8,329.95,325.0
303,2023-04-26 00:00:00,314.85,312.0,324.0,312.0
304,2023-05-03 00:00:00,317.7,315.5,321.9,315.5
305,2023-05-05 00:00:00,317.25,324.45,324.45,314.95
306,2023-06-08 00:00:00,317.55,317.0,323.45,314.0
307,2023-06-09 00:00:00,312.85,319.9,319.9,312.1
308,2023-07-12 00:00:00,345.75,318.95,350.9,316.0
309,2023-08-16 00:00:00,405.45,403.3,417.0,398.55
310,2023-08-23 00:00:00,441.45,430.0,442.5,430.0
311,2021-12-06 00:00:00,295.9,300.0,308.95,294.65
312,2022-02-21 00:00:00,269.15,279.4,283.3,265.55
313,2022-02-22 00:00:00,263.6,266.3,267.8,257.6
314,2022-03-08 00:00:00,223.1,216.8,233.65,216.8
315,2022-04-12 00:00:00,303.9,292.25,310.0,284.6
316,2022-05-25 00:00:00,236.05,240.5,244.0,235.0
317,2022-05-26 00:00:00,235.15,233.15,238.35,231.55
318,2022-06-03 00:00:00,267.8,270.85,273.9,262.95
319,2022-07-18 00:00:00,280.1,283.0,283.0,275.1
320,2022-07-19 00:00:00,279.1,283.9,288.0,276.2
321,2022-07-29 00:00:00,286.05,284.75,290.0,279.9
322,2022-08-01 00:00:00,300.55,286.55,311.0,286.55
323,2022-08-24 00:00:00,286.35,284.75,294.0,278.65
324,2022-09-15 00:00:00,293.15,305.0,308.6,290.0
325,2022-09-26 00:00:00,270.65,284.0,284.0,268.1
326,2022-11-18 00:00:00,344.6,325.4,368.5,325.0
327,2022-12-02 00:00:00,338.2,337.15,341.4,336.85
328,2022-12-06 00:00:00,350.05,349.7,355.0,343.0
329,2023-01-13 00:00:00,360.0,362.0,363.85,357.15
330,2023-02-20 00:00:00,345.5,347.95,354.6,342.55
331,2023-02-22 00:00:00,334.7,344.0,344.0,329.0
332,2023-02-23 00:00:00,331.05,334.7,338.8,329.1
333,2023-02-27 00:00:00,316.05,325.55,331.05,312.65
334,2023-03-06 00:00:00,330.3,324.6,335.95,322.35
335,2023-03-27 00:00:00,299.65,308.35,309.85,296.9
336,2023-06-21 00:00:00,316.85,314.9,326.0,312.15
337,2023-07-20 00:00:00,382.95,380.5,391.05,379.35
338,2023-08-04 00:00:00,457.65,433.0,478.0,428.9
339,2023-08-18 00:00:00,415.85,405.0,419.0,399.95
340,2021-12-10 00:00:00,340.35,305.0,349.9,298.0
341,2022-01-12 00:00:00,314.4,315.0,323.0,311.85
342,2022-02-24 00:00:00,251.35,272.95,273.0,243.8
343,2022-03-14 00:00:00,245.1,258.15,258.15,242.75
344,2022-03-21 00:00:00,295.4,292.95,309.95,281.1
345,2022-04-22 00:00:00,297.6,303.0,314.25,291.35
346,2022-04-27 00:00:00,289.0,285.0,292.9,282.15
347,2022-06-23 00:00:00,223.9,220.05,232.8,220.05
348,2022-06-28 00:00:00,260.2,272.5,272.5,259.2
349,2022-07-01 00:00:00,268.35,263.1,274.9,262.65
350,2022-09-30 00:00:00,278.95,267.1,281.95,253.8
351,2022-11-25 00:00:00,340.1,336.05,350.0,335.55
352,2022-11-28 00:00:00,345.1,342.0,348.0,335.05
353,2023-02-06 00:00:00,340.55,331.0,345.3,325.3
354,2023-02-10 00:00:00,346.85,350.0,354.45,343.6
355,2023-03-23 00:00:00,314.75,309.45,318.9,306.55
356,2023-03-28 00:00:00,281.8,295.25,300.9,278.65
357,2023-05-23 00:00:00,305.2,307.05,310.9,299.8
358,2023-06-22 00:00:00,312.5,318.75,319.5,311.0
359,2023-07-26 00:00:00,383.6,380.0,388.5,375.0
360,2023-07-27 00:00:00,384.0,386.85,389.0,382.55
361,2023-08-10 00:00:00,450.85,453.0,459.1,445.55
362,2021-12-09 00:00:00,302.5,305.3,308.6,299.45
363,2021-12-13 00:00:00,331.95,343.7,353.0,328.15
364,2021-12-23 00:00:00,299.9,308.0,310.5,298.0
365,2022-01-05 00:00:00,309.6,313.95,314.0,306.45
366,2022-02-18 00:00:00,280.8,282.5,285.3,279.4
367,2022-03-29 00:00:00,271.25,279.95,290.0,269.05
368,2022-04-20 00:00:00,296.45,309.0,309.7,295.0
369,2022-06-09 00:00:00,268.25,263.45,271.4,261.6
370,2022-06-14 00:00:00,247.8,248.9,254.95,245.3
371,2022-06-15 00:00:00,244.5,249.95,250.0,241.55
372,2022-06-17 00:00:00,240.35,240.75,246.4,238.35
373,2022-06-27 00:00:00,272.5,234.75,275.9,232.25
374,2022-09-05 00:00:00,304.0,300.05,311.95,299.0
375,2022-09-23 00:00:00,285.3,293.2,293.2,284.0
376,2022-10-14 00:00:00,267.95,268.05,274.9,266.55
377,2022-11-10 00:00:00,278.45,289.95,289.95,275.0
378,2022-11-29 00:00:00,354.55,346.45,363.5,341.5
379,2022-12-12 00:00:00,362.9,361.4,368.55,358.2
380,2023-01-02 00:00:00,372.35,372.0,378.6,367.0
381,2023-01-06 00:00:00,353.1,360.5,364.15,352.0
382,2023-02-01 00:00:00,326.4,346.4,354.05,320.0
383,2023-02-07 00:00:00,337.95,345.6,345.6,336.55
384,2023-04-05 00:00:00,305.85,298.1,310.0,298.0
385,2023-04-20 00:00:00,332.15,331.75,335.4,323.05
386,2023-05-10 00:00:00,321.35,326.5,328.05,318.2
387,2023-05-30 00:00:00,321.9,319.95,324.0,313.0
388,2021-12-03 00:00:00,297.1,297.4,300.0,294.45
389,2021-12-24 00:00:00,308.8,302.85,319.0,294.15
390,2021-12-28 00:00:00,310.45,317.95,318.45,306.3
391,2021-12-30 00:00:00,305.35,310.0,311.9,304.05
392,2021-12-31 00:00:00,305.95,307.75,311.85,303.5
393,2022-01-28 00:00:00,312.15,320.55,323.6,308.95
394,2022-03-03 00:00:00,265.55,271.0,271.15,258.6
395,2022-03-22 00:00:00,307.5,293.0,315.35,290.0
396,2022-03-25 00:00:00,287.95,298.0,301.0,280.3
397,2022-04-18 00:00:00,309.7,308.0,315.15,297.65
398,2022-04-25 00:00:00,291.6,296.8,297.9,287.65
399,2022-05-12 00:00:00,230.85,232.0,235.0,221.7
400,2022-06-13 00:00:00,250.05,253.6,254.8,246.0
401,2022-08-03 00:00:00,289.0,290.0,295.0,286.0
402,2022-08-05 00:00:00,286.3,296.2,296.2,286.15
403,2022-08-16 00:00:00,296.55,300.0,302.4,289.95
404,2022-11-22 00:00:00,352.25,350.85,356.8,342.55
405,2022-12-01 00:00:00,340.85,351.0,351.0,338.15
406,2022-12-05 00:00:00,348.7,336.9,352.0,335.1
407,2022-12-23 00:00:00,334.25,350.0,360.25,326.6
408,2023-01-19 00:00:00,346.25,347.0,353.95,344.15
409,2023-01-31 00:00:00,346.4,330.2,350.0,325.5
410,2023-02-16 00:00:00,344.55,347.0,352.5,339.0
411,2023-03-03 00:00:00,326.5,319.95,329.45,313.05
412,2023-03-20 00:00:00,302.3,306.0,310.45,299.0
413,2023-04-11 00:00:00,305.55,299.95,316.95,299.05
414,2023-05-19 00:00:00,302.15,309.8,314.9,294.9
415,2023-05-22 00:00:00,306.8,309.95,311.5,304.0
416,2023-06-13 00:00:00,318.25,318.6,323.0,316.2
417,2023-06-23 00:00:00,306.95,313.2,316.85,306.05
418,2023-07-04 00:00:00,311.15,316.0,319.05,307.5
419,2023-07-19 00:00:00,377.7,374.45,380.95,369.0
420,2023-07-31 00:00:00,432.05,384.95,439.0,384.15
421,2021-11-30 00:00:00,287.75,301.15,315.0,280.0
422,2021-12-01 00:00:00,296.15,290.6,301.0,290.6
423,2021-12-21 00:00:00,295.3,294.5,309.8,287.0
424,2021-12-22 00:00:00,305.95,297.95,308.95,297.95
425,2022-01-10 00:00:00,314.05,312.2,319.0,312.05
426,2022-02-01 00:00:00,317.3,313.55,328.9,313.55
427,2022-03-24 00:00:00,295.5,302.0,302.0,290.0
428,2022-10-04 00:00:00,268.1,274.15,276.5,266.5
429,2022-10-12 00:00:00,266.95,271.2,271.2,264.0
430,2022-10-19 00:00:00,271.35,268.0,272.95,268.0
431,2022-11-30 00:00:00,349.3,355.9,361.2,347.45
432,2022-12-30 00:00:00,366.2,370.5,378.0,361.4
433,2023-02-08 00:00:00,339.15,338.05,347.05,335.1
434,2023-03-10 00:00:00,342.75,342.9,345.1,332.6
435,2023-04-06 00:00:00,302.9,306.0,307.45,301.6
436,2023-04-10 00:00:00,297.7,305.0,305.0,297.05
437,2023-04-21 00:00:00,333.35,335.0,335.1,330.0
438,2023-04-27 00:00:00,314.75,314.85,324.7,312.8
439,2023-06-26 00:00:00,309.95,307.0,310.95,303.6
440,2023-07-13 00:00:00,376.25,351.9,398.4,343.95
441,2023-08-21 00:00:00,418.7,419.45,425.0,409.9
442,2021-12-15 00:00:00,326.65,339.9,342.0,324.7
443,2022-02-10 00:00:00,309.35,320.2,325.9,307.0
444,2022-03-07 00:00:00,216.2,244.0,250.0,213.1
445,2022-04-07 00:00:00,286.25,289.0,295.0,284.0
446,2022-04-11 00:00:00,292.25,296.8,300.85,286.45
447,2022-04-29 00:00:00,265.5,288.75,288.75,258.45
448,2022-05-17 00:00:00,245.2,234.5,247.0,234.5
449,2022-05-24 00:00:00,240.4,237.7,243.4,236.25
450,2022-06-21 00:00:00,230.2,228.0,232.0,226.55
451,2022-08-08 00:00:00,285.95,282.0,290.15,281.3
452,2022-08-12 00:00:00,298.75,286.0,326.8,286.0
453,2022-09-07 00:00:00,297.3,301.3,304.0,296.0
454,2022-09-08 00:00:00,297.2,301.75,303.0,296.0
455,2022-10-21 00:00:00,262.5,270.0,273.1,261.0
456,2022-12-07 00:00:00,348.1,356.5,364.0,346.35
457,2022-12-09 00:00:00,361.4,353.55,375.9,350.45
458,2022-12-15 00:00:00,339.7,344.0,354.9,336.4
459,2023-01-25 00:00:00,355.1,354.95,357.7,349.05
460,2023-02-15 00:00:00,346.35,350.0,350.05,341.55
461,2023-02-28 00:00:00,315.0,318.0,322.3,310.0
462,2023-03-31 00:00:00,294.6,296.0,298.9,290.4
463,2023-05-04 00:00:00,320.7,316.0,325.0,313.55
464,2021-12-20 00:00:00,292.25,299.2,299.2,288.1
465,2022-01-06 00:00:00,315.4,310.0,318.0,304.0
466,2022-01-21 00:00:00,334.05,338.05,349.9,328.0
467,2022-02-02 00:00:00,317.05,321.1,324.7,314.6
468,2022-02-09 00:00:00,325.45,327.0,328.0,315.0
469,2022-07-08 00:00:00,283.75,285.0,289.6,275.0
470,2022-07-15 00:00:00,284.75,282.25,292.25,275.05
471,2022-07-27 00:00:00,280.0,281.15,283.5,277.0
472,2022-08-02 00:00:00,290.2,300.6,302.35,288.0
473,2022-09-16 00:00:00,284.3,293.0,297.45,282.1
474,2022-09-27 00:00:00,275.75,273.0,281.9,270.0
475,2022-10-06 00:00:00,275.4,272.9,277.45,269.65
476,2022-10-27 00:00:00,270.25,268.0,272.9,264.8
477,2022-11-03 00:00:00,264.2,263.95,265.95,261.0
478,2023-03-17 00:00:00,306.3,305.95,315.0,301.85
479,2023-04-17 00:00:00,322.15,307.0,324.9,305.1
480,2023-05-08 00:00:00,331.55,314.95,332.5,314.95
481,2023-05-11 00:00:00,319.95,323.7,323.8,317.5
482,2023-05-18 00:00:00,308.8,313.7,319.8,306.95
483,2023-06-27 00:00:00,312.2,312.0,319.95,309.1
484,2023-07-14 00:00:00,382.6,380.0,396.95,378.15
485,2023-08-09 00:00:00,451.6,448.8,456.35,444.05
486,2023-08-14 00:00:00,407.6,415.0,415.0,384.85
487,2022-02-04 00:00:00,326.85,319.0,331.5,314.65
488,2022-01-25 00:00:00,314.1,312.65,327.25,300.0
489,2022-01-27 00:00:00,315.85,315.5,321.8,307.05
490,2022-01-03 00:00:00,308.65,310.0,314.5,305.6
491,2021-12-16 00:00:00,310.5,330.85,335.9,308.95
492,2022-02-14 00:00:00,282.25,284.05,299.6,279.45
493,2022-02-15 00:00:00,287.3,288.4,295.0,282.15
494,2022-02-16 00:00:00,294.15,298.0,298.25,289.7
495,2022-02-17 00:00:00,283.1,295.6,296.95,280.0
496,2022-05-31 00:00:00,266.3,252.55,268.3,250.1
497,2022-06-20 00:00:00,223.95,242.25,248.55,217.35
498,2022-09-28 00:00:00,273.15,278.0,289.9,270.1
499,2022-09-29 00:00:00,268.9,278.6,281.0,266.35
500,2022-10-03 00:00:00,268.8,279.9,279.9,265.1
501,2022-10-17 00:00:00,268.55,263.95,271.9,261.15
502,2022-10-24 00:00:00,269.9,262.55,270.9,262.55
503,2022-11-17 00:00:00,322.7,314.85,326.0,310.55
504,2022-11-24 00:00:00,336.8,343.8,349.5,334.15
505,2022-12-08 00:00:00,352.9,354.0,355.0,347.2
506,2022-12-13 00:00:00,356.65,364.5,367.95,354.0
507,2023-02-03 00:00:00,326.1,333.2,333.2,316.25
508,2023-02-14 00:00:00,350.45,343.65,355.0,333.5
509,2023-02-21 00:00:00,342.2,348.3,349.1,338.0
510,2023-02-24 00:00:00,330.65,331.05,337.95,327.0
511,2022-02-03 00:00:00,319.85,317.05,323.5,315.9
512,2022-02-08 00:00:00,325.9,317.45,327.8,315.2
513,2022-03-16 00:00:00,238.95,242.05,243.55,235.85
514,2022-04-01 00:00:00,281.15,280.15,282.0,276.65
515,2022-04-26 00:00:00,290.35,297.3,309.0,287.1
516,2022-04-28 00:00:00,283.95,294.45,294.75,282.0
517,2022-05-04 00:00:00,260.3,273.35,276.4,257.95
518,2022-08-11 00:00:00,284.45,280.15,288.0,280.05
519,2022-09-09 00:00:00,322.65,302.9,333.9,296.55
520,2022-09-21 00:00:00,287.25,286.0,290.1,286.0
521,2022-11-09 00:00:00,285.4,282.0,288.75,277.0
522,2022-11-14 00:00:00,286.2,277.45,290.0,275.0
523,2022-11-15 00:00:00,298.35,287.0,299.8,284.85
524,2022-12-20 00:00:00,396.45,409.7,419.7,389.0
525,2022-12-29 00:00:00,367.25,368.8,371.4,360.0
526,2023-01-20 00:00:00,349.65,349.4,354.0,343.25
527,2023-01-27 00:00:00,337.5,355.15,359.7,334.5
528,2023-02-09 00:00:00,347.95,354.8,362.6,345.0
529,2023-03-02 00:00:00,314.2,315.2,326.9,311.0
530,2023-03-24 00:00:00,308.45,317.3,317.3,303.5
531,2023-05-09 00:00:00,324.6,333.0,333.95,320.0
532,2023-05-15 00:00:00,316.8,319.75,319.8,314.9
533,2023-05-31 00:00:00,317.25,316.0,323.0,306.6
534,2023-06-15 00:00:00,311.0,318.7,318.75,310.0
535,2023-06-16 00:00:00,313.55,311.0,316.05,310.7
536,2023-06-19 00:00:00,311.25,312.65,315.05,310.1
537,2023-07-03 00:00:00,314.5,311.0,318.6,311.0
538,2023-07-10 00:00:00,322.1,328.3,332.85,321.0
539,2023-07-11 00:00:00,318.95,322.0,326.0,313.85
540,2023-07-28 00:00:00,384.95,385.7,387.4,380.1
541,2022-03-15 00:00:00,241.3,245.8,247.75,236.0
542,2022-03-28 00:00:00,276.15,288.0,295.75,272.1
543,2022-03-31 00:00:00,275.25,287.95,287.95,272.2
544,2022-05-02 00:00:00,270.65,258.1,278.9,258.1
545,2022-05-10 00:00:00,239.05,248.2,251.5,235.65
546,2022-05-18 00:00:00,244.45,248.5,252.55,240.65
547,2022-05-23 00:00:00,239.4,243.6,249.75,237.75
548,2022-05-30 00:00:00,252.95,253.5,254.95,248.25
549,2022-06-01 00:00:00,266.95,265.2,279.0,265.2
550,2022-06-02 00:00:00,265.55,267.45,272.25,265.0
551,2022-06-22 00:00:00,224.85,229.7,229.7,222.55
552,2022-08-17 00:00:00,293.45,300.0,300.0,290.35
553,2022-08-19 00:00:00,292.25,294.05,299.8,289.2
554,2022-08-26 00:00:00,293.65,297.0,301.75,290.25
555,2022-09-01 00:00:00,309.6,315.9,319.1,305.0
556,2022-09-14 00:00:00,304.0,306.6,322.3,303.0
557,2022-09-20 00:00:00,286.75,286.8,295.0,283.2
558,2022-10-10 00:00:00,272.9,267.75,274.0,267.75
559,2022-10-25 00:00:00,266.25,269.0,270.0,265.0
560,2022-11-02 00:00:00,261.6,265.6,267.75,260.7
561,2022-11-23 00:00:00,343.8,354.85,360.95,340.15
562,2022-12-28 00:00:00,368.8,377.9,382.0,366.05
563,2023-01-30 00:00:00,328.0,337.25,344.0,326.0
564,2023-02-13 00:00:00,346.05,350.0,356.55,342.55
565,2023-03-22 00:00:00,309.6,310.9,319.25,307.6
566,2023-04-18 00:00:00,327.8,322.0,329.0,316.05
567,2023-04-28 00:00:00,322.55,315.05,332.0,311.25
568,2023-05-12 00:00:00,317.05,319.75,321.45,315.0
569,2023-05-17 00:00:00,312.95,319.95,322.35,311.0
570,2023-06-05 00:00:00,317.0,322.6,323.6,314.25
571,2023-07-24 00:00:00,368.8,373.0,378.0,361.25
572,2022-01-20 00:00:00,344.85,348.75,359.95,341.1
573,2022-01-31 00:00:00,319.35,314.0,323.95,312.75
574,2022-02-28 00:00:00,260.25,255.35,269.0,253.8
575,2022-03-02 00:00:00,266.05,259.2,272.0,254.85
576,2022-03-23 00:00:00,302.1,308.15,313.95,296.6
577,2022-04-08 00:00:00,295.35,282.05,304.15,282.05
578,2022-05-05 00:00:00,263.9,264.2,268.4,254.1
579,2022-06-16 00:00:00,247.15,244.9,250.75,237.9
580,2022-07-04 00:00:00,273.15,270.6,279.0,270.05
581,2022-08-18 00:00:00,292.35,291.55,296.15,291.55
582,2022-08-22 00:00:00,285.05,290.0,294.0,283.05
583,2022-10-07 00:00:00,274.4,275.95,277.4,272.05
584,2022-11-11 00:00:00,277.45,288.0,288.0,275.0
585,2022-12-21 00:00:00,375.4,398.85,400.05,370.0
586,2022-12-26 00:00:00,342.85,331.75,353.0,324.0
587,2023-03-13 00:00:00,326.0,337.1,342.1,323.0
588,2023-03-14 00:00:00,316.6,329.7,329.7,312.25
589,2023-03-29 00:00:00,287.55,286.95,293.5,283.6
590,2023-05-02 00:00:00,319.05,327.35,327.35,316.05
591,2023-05-26 00:00:00,309.15,308.0,313.85,303.1
592,2023-05-29 00:00:00,317.1,304.0,317.95,304.0
593,2023-06-06 00:00:00,313.7,317.9,317.9,311.0
594,2023-07-05 00:00:00,319.95,311.8,323.1,307.55
595,2021-12-17 00:00:00,300.75,311.1,320.8,296.5
596,2022-01-04 00:00:00,309.5,312.65,314.7,305.9
597,2022-01-14 00:00:00,367.85,336.3,374.0,331.3
598,2022-02-07 00:00:00,315.7,327.8,334.5,310.25
599,2022-04-13 00:00:00,314.35,303.9,320.0,300.1
600,2022-05-20 00:00:00,240.25,238.05,249.0,231.6
601,2022-06-06 00:00:00,271.5,265.1,274.9,258.0
602,2022-06-07 00:00:00,271.5,263.6,272.9,263.6
603,2022-07-06 00:00:00,264.25,273.7,277.3,260.05
604,2022-07-07 00:00:00,284.3,264.6,295.75,264.6
605,2022-07-13 00:00:00,280.7,281.8,284.15,280.0
606,2022-08-23 00:00:00,280.55,280.85,285.95,279.0
607,2022-08-25 00:00:00,297.2,291.8,307.0,289.0
608,2022-08-30 00:00:00,315.55,295.0,326.0,294.15
609,2022-10-11 00:00:00,266.0,274.95,274.95,265.25
610,2022-11-01 00:00:00,262.45,270.65,270.65,260.25
611,2022-12-27 00:00:00,374.3,344.5,386.65,344.45
612,2023-01-05 00:00:00,358.85,358.75,369.45,355.15
613,2023-01-09 00:00:00,361.4,358.4,366.15,351.65
614,2023-01-16 00:00:00,366.1,365.4,375.05,362.65
615,2023-01-18 00:00:00,350.15,350.5,354.8,342.65
616,2023-01-24 00:00:00,354.95,366.95,370.55,352.4
617,2023-05-25 00:00:00,307.85,309.3,311.9,303.1
618,2023-06-02 00:00:00,318.4,327.05,327.05,316.1
619,2023-06-14 00:00:00,315.6,320.45,320.45,315.2
620,2023-06-28 00:00:00,309.5,312.0,315.8,308.4
621,2023-07-18 00:00:00,374.45,392.0,394.45,369.3
622,2023-07-25 00:00:00,378.25,368.9,385.0,368.85
623,2022-01-17 00:00:00,350.2,368.5,370.8,348.25
624,2022-02-25 00:00:00,256.95,266.0,270.0,254.85
625,2022-03-09 00:00:00,240.6,226.45,243.0,220.05
626,2022-04-04 00:00:00,281.65,281.15,285.85,275.0
627,2022-04-05 00:00:00,293.9,277.05,298.0,276.85
628,2022-04-21 00:00:00,306.0,299.95,316.95,297.05
629,2022-05-06 00:00:00,250.55,260.0,266.1,248.15
630,2022-05-09 00:00:00,244.6,273.4,273.4,240.65
631,2022-05-13 00:00:00,231.45,235.45,239.0,230.0
632,2022-05-16 00:00:00,232.3,232.7,237.4,231.5
633,2022-05-27 00:00:00,238.0,235.6,246.5,235.6
634,2022-06-29 00:00:00,264.1,261.0,267.6,261.0
635,2022-07-11 00:00:00,283.2,283.75,287.8,273.35
636,2022-07-12 00:00:00,281.05,286.5,286.75,277.2
637,2022-07-14 00:00:00,278.3,280.0,280.3,276.15
638,2022-08-10 00:00:00,285.55,287.85,289.0,283.15
639,2022-09-12 00:00:00,317.65,329.95,333.95,315.6
640,2022-10-20 00:00:00,266.1,273.95,273.95,265.0
641,2022-11-07 00:00:00,280.5,274.0,284.8,268.05
642,2022-11-21 00:00:00,349.25,349.3,372.5,346.65
643,2023-03-08 00:00:00,326.4,331.0,333.35,326.0
644,2023-06-12 00:00:00,318.6,317.55,322.45,311.55
645,2023-06-30 00:00:00,312.25,314.4,314.4,308.4
646,2023-07-06 00:00:00,333.15,323.1,338.0,321.95
647,2023-07-07 00:00:00,328.3,335.9,336.9,326.0
648,2023-07-21 00:00:00,372.65,382.95,389.5,370.0
649,2023-08-01 00:00:00,423.9,434.0,441.8,416.75
650,2023-08-02 00:00:00,417.1,425.0,434.5,408.15
651,2023-08-07 00:00:00,443.55,462.9,471.75,440.55
652,2023-08-08 00:00:00,448.05,446.5,460.0,440.95
653,2023-08-11 00:00:00,420.0,452.9,452.95,416.0
654,2023-08-17 00:00:00,407.55,406.8,414.95,405.1
