,time,close,open,high,low
0,2021-03-30 00:00:00,222.75,236.1,236.1,220.3
1,2021-04-09 00:00:00,219.35,218.95,222.8,214.0
2,2021-04-23 00:00:00,215.2,218.4,218.45,212.0
3,2021-01-15 00:00:00,219.05,218.65,220.0,215.0
4,2021-05-07 00:00:00,229.5,227.0,234.0,224.3
5,2021-06-02 00:00:00,233.2,232.0,238.5,229.75
6,2021-06-10 00:00:00,247.55,238.35,252.0,238.3
7,2021-07-22 00:00:00,246.45,245.35,249.3,243.8
8,2021-07-30 00:00:00,259.25,262.5,270.9,257.05
9,2021-08-17 00:00:00,238.05,238.0,242.1,236.3
10,2021-08-31 00:00:00,227.25,225.0,230.0,225.0
11,2021-10-14 00:00:00,241.15,243.85,245.7,240.15
12,2021-11-22 00:00:00,228.0,228.05,232.4,226.0
13,2021-11-26 00:00:00,226.5,226.6,227.9,221.7
14,2021-12-15 00:00:00,224.15,228.0,228.0,223.5
15,2021-12-23 00:00:00,220.9,218.3,222.15,216.5
16,2022-01-05 00:00:00,223.9,221.0,230.75,221.0
17,2022-02-10 00:00:00,234.3,238.0,239.0,233.2
18,2022-03-02 00:00:00,212.55,213.95,214.35,210.75
19,2022-03-14 00:00:00,242.0,238.0,244.9,236.35
20,2022-03-21 00:00:00,290.8,293.0,304.45,275.35
21,2022-04-19 00:00:00,353.35,366.0,374.3,351.0
22,2021-02-16 00:00:00,239.45,242.0,242.5,232.0
23,2021-03-05 00:00:00,248.35,258.1,263.6,245.0
24,2021-03-17 00:00:00,239.9,247.8,248.55,237.45
25,2021-04-05 00:00:00,220.0,218.95,223.0,213.65
26,2021-04-15 00:00:00,213.4,218.5,218.5,203.65
27,2021-05-25 00:00:00,236.1,236.05,241.8,235.0
28,2021-06-07 00:00:00,241.0,246.0,246.0,233.0
29,2021-06-28 00:00:00,244.1,246.3,246.55,241.05
30,2021-08-25 00:00:00,230.0,233.8,233.8,226.05
31,2021-09-06 00:00:00,227.7,228.0,232.45,227.0
32,2021-01-21 00:00:00,209.1,215.05,216.95,206.7
33,2021-09-13 00:00:00,230.3,231.3,231.95,228.0
34,2021-02-01 00:00:00,212.05,205.0,213.75,205.0
35,2021-10-19 00:00:00,233.65,238.1,241.8,232.55
36,2021-02-04 00:00:00,220.85,213.05,226.95,210.05
37,2021-10-25 00:00:00,233.15,233.8,233.8,226.7
38,2021-02-10 00:00:00,224.0,222.4,225.15,217.5
39,2021-12-01 00:00:00,226.65,220.3,227.95,220.3
40,2021-02-15 00:00:00,237.35,229.95,245.9,224.8
41,2022-02-01 00:00:00,224.35,219.9,234.75,218.9
42,2021-02-23 00:00:00,227.05,228.0,229.7,225.1
43,2022-02-04 00:00:00,230.3,235.5,236.4,228.25
44,2021-07-19 00:00:00,254.65,252.95,259.0,250.35
45,2022-02-22 00:00:00,214.0,213.2,215.0,212.05
46,2021-08-06 00:00:00,250.75,255.05,256.95,249.4
47,2022-03-03 00:00:00,214.0,214.5,216.5,212.6
48,2021-09-02 00:00:00,229.6,228.75,233.5,228.25
49,2022-03-15 00:00:00,257.8,246.0,263.0,245.95
50,2021-10-01 00:00:00,231.9,231.0,233.0,229.3
51,2022-03-23 00:00:00,292.4,295.05,299.9,289.8
52,2022-01-14 00:00:00,219.8,219.9,220.5,218.15
53,2022-03-24 00:00:00,286.85,289.0,295.7,283.55
54,2022-04-05 00:00:00,332.7,331.0,336.0,326.0
55,2022-04-04 00:00:00,330.9,340.0,340.0,325.0
56,2022-04-07 00:00:00,334.45,344.2,354.0,330.25
57,2022-04-27 00:00:00,345.55,352.0,359.0,332.0
58,2022-04-18 00:00:00,364.35,358.8,375.0,342.25
59,2022-04-26 00:00:00,355.2,345.0,357.0,344.0
60,2021-01-07 00:00:00,212.9,215.0,217.5,212.1
61,2021-01-11 00:00:00,217.6,212.4,218.25,212.4
62,2021-01-13 00:00:00,219.15,219.0,221.9,215.05
63,2021-02-22 00:00:00,227.0,238.0,238.45,224.75
64,2021-02-26 00:00:00,227.45,238.0,238.0,224.0
65,2021-03-03 00:00:00,261.85,275.0,275.0,259.35
66,2021-03-22 00:00:00,233.35,230.65,234.85,227.1
67,2021-05-17 00:00:00,227.75,228.2,231.0,224.95
68,2021-07-16 00:00:00,253.0,253.25,257.35,251.25
69,2021-07-23 00:00:00,244.0,247.95,248.5,242.5
70,2021-08-16 00:00:00,238.05,242.0,245.3,235.95
71,2021-09-21 00:00:00,225.8,225.1,227.5,217.2
72,2021-09-30 00:00:00,231.8,236.25,238.5,231.1
73,2021-11-02 00:00:00,229.45,228.95,231.45,228.0
74,2021-12-14 00:00:00,225.1,228.05,233.8,224.2
75,2022-02-14 00:00:00,218.65,222.0,224.9,218.2
76,2022-02-21 00:00:00,218.9,215.6,221.6,215.6
77,2022-05-05 00:00:00,344.5,344.9,349.7,335.3
78,2022-05-10 00:00:00,331.5,339.15,345.0,326.7
79,2022-05-13 00:00:00,317.15,317.0,329.75,312.75
80,2022-05-16 00:00:00,321.3,328.5,328.5,305.9
81,2022-05-26 00:00:00,314.9,327.05,345.0,302.0
82,2021-03-01 00:00:00,249.05,231.0,255.55,230.2
83,2021-03-31 00:00:00,219.05,226.3,232.9,216.8
84,2021-04-27 00:00:00,214.15,212.75,215.05,210.0
85,2021-05-14 00:00:00,227.35,227.0,231.0,224.75
86,2021-06-01 00:00:00,231.6,236.0,239.9,230.2
87,2021-06-09 00:00:00,238.3,237.4,246.05,237.0
88,2021-06-21 00:00:00,244.55,237.0,246.95,234.5
89,2021-09-09 00:00:00,231.3,232.95,233.5,226.85
90,2021-09-14 00:00:00,230.65,238.4,238.4,229.4
91,2021-10-08 00:00:00,244.8,240.9,245.95,237.0
92,2021-10-27 00:00:00,234.0,230.95,236.9,230.35
93,2021-11-04 00:00:00,234.85,229.95,236.15,229.95
94,2021-12-21 00:00:00,213.6,217.9,217.9,211.25
95,2021-12-31 00:00:00,218.0,217.0,222.9,217.0
96,2022-01-18 00:00:00,218.0,219.25,224.05,217.5
97,2022-01-21 00:00:00,215.9,218.9,218.9,214.25
98,2022-02-09 00:00:00,235.8,228.8,239.95,228.1
99,2022-02-16 00:00:00,222.95,223.0,226.9,220.35
100,2022-03-09 00:00:00,216.35,215.8,219.0,211.05
101,2022-05-06 00:00:00,346.3,351.0,369.9,345.0
102,2021-01-27 00:00:00,208.45,204.0,209.6,202.0
103,2021-01-28 00:00:00,208.05,207.75,211.85,205.05
104,2021-02-19 00:00:00,236.8,236.3,241.1,235.0
105,2021-02-24 00:00:00,237.5,225.2,239.95,225.0
106,2021-03-04 00:00:00,259.15,256.0,264.0,256.0
107,2021-04-20 00:00:00,211.0,208.05,213.05,208.05
108,2021-04-22 00:00:00,215.65,214.35,216.5,209.6
109,2021-04-30 00:00:00,211.85,214.0,215.6,210.0
110,2021-05-11 00:00:00,240.3,233.0,244.0,230.0
111,2021-05-28 00:00:00,232.05,230.65,235.95,230.25
112,2021-06-18 00:00:00,238.35,244.95,245.05,229.05
113,2021-06-24 00:00:00,247.8,255.6,259.8,244.9
114,2021-07-06 00:00:00,261.85,270.0,283.7,260.0
115,2021-07-09 00:00:00,267.95,266.2,275.25,263.05
116,2021-08-26 00:00:00,226.8,228.0,232.6,225.3
117,2021-10-28 00:00:00,230.95,237.0,237.0,228.1
118,2022-01-11 00:00:00,217.35,219.4,221.85,214.95
119,2022-03-11 00:00:00,231.9,221.0,235.95,218.0
120,2022-05-19 00:00:00,337.35,348.0,348.0,335.0
121,2022-05-31 00:00:00,326.6,336.55,352.8,321.0
122,2021-02-03 00:00:00,214.25,212.0,216.0,209.6
123,2021-02-05 00:00:00,215.65,220.0,222.0,214.2
124,2021-02-11 00:00:00,228.4,221.55,229.4,221.55
125,2021-03-02 00:00:00,268.5,265.0,272.0,256.0
126,2021-03-15 00:00:00,240.6,242.25,245.0,234.6
127,2021-08-03 00:00:00,254.45,259.9,259.9,253.7
128,2021-08-09 00:00:00,252.8,253.0,254.65,245.3
129,2021-09-08 00:00:00,232.75,227.95,237.5,227.1
130,2021-09-17 00:00:00,228.25,233.9,236.0,225.0
131,2021-10-12 00:00:00,243.45,243.4,246.0,240.1
132,2021-10-26 00:00:00,230.35,230.55,234.45,227.0
133,2021-10-29 00:00:00,229.55,231.95,233.2,223.55
134,2021-11-11 00:00:00,235.25,238.0,239.35,235.1
135,2021-11-24 00:00:00,229.95,231.0,232.8,229.0
136,2021-12-10 00:00:00,227.9,230.9,233.0,227.1
137,2022-01-13 00:00:00,218.3,222.95,222.95,217.5
138,2022-01-19 00:00:00,216.95,217.9,219.85,216.65
139,2022-01-25 00:00:00,211.5,210.2,212.7,207.3
140,2022-02-07 00:00:00,228.45,230.0,232.0,225.1
141,2022-02-28 00:00:00,213.85,209.05,216.5,207.85
142,2022-03-16 00:00:00,285.65,266.0,288.95,261.0
143,2022-03-25 00:00:00,285.4,285.95,289.0,275.05
144,2022-03-31 00:00:00,294.7,288.7,299.75,284.0
145,2021-01-08 00:00:00,212.35,216.85,216.85,210.9
146,2021-01-14 00:00:00,216.75,218.0,219.9,215.65
147,2021-01-18 00:00:00,214.0,219.05,223.7,213.0
148,2021-02-08 00:00:00,218.9,221.0,223.0,216.9
149,2021-02-25 00:00:00,237.4,238.0,241.4,231.7
150,2021-04-06 00:00:00,228.85,220.0,230.95,217.45
151,2021-04-07 00:00:00,216.65,225.85,228.3,214.7
152,2021-05-19 00:00:00,231.05,230.0,232.4,226.6
153,2021-05-20 00:00:00,231.8,231.05,242.8,230.55
154,2021-06-15 00:00:00,252.3,244.95,259.5,243.1
155,2021-06-25 00:00:00,246.3,248.55,250.7,243.95
156,2021-07-08 00:00:00,266.2,278.0,281.7,264.05
157,2021-07-13 00:00:00,267.95,270.0,273.8,267.3
158,2021-08-10 00:00:00,244.6,254.65,254.65,237.5
159,2021-08-11 00:00:00,236.15,244.0,244.0,231.0
160,2021-09-20 00:00:00,223.1,224.1,228.95,222.5
161,2021-10-06 00:00:00,241.3,246.95,250.1,240.2
162,2021-10-20 00:00:00,234.75,233.95,237.0,230.6
163,2021-11-01 00:00:00,228.55,227.4,231.0,227.0
164,2021-11-12 00:00:00,234.35,236.95,237.9,233.5
165,2021-11-18 00:00:00,230.75,231.75,232.0,229.55
166,2021-11-29 00:00:00,225.85,222.1,226.7,216.95
167,2021-12-03 00:00:00,229.8,234.0,234.0,227.1
168,2022-02-23 00:00:00,215.95,215.25,220.0,215.0
169,2022-03-08 00:00:00,213.05,215.0,216.0,211.45
170,2022-03-10 00:00:00,220.0,221.3,221.5,217.0
171,2022-03-22 00:00:00,295.05,296.65,300.4,283.0
172,2022-04-12 00:00:00,335.25,341.15,341.15,325.35
173,2022-05-17 00:00:00,343.9,339.5,345.0,335.1
174,2022-05-24 00:00:00,341.15,348.75,348.75,335.1
175,2021-01-05 00:00:00,216.55,216.5,221.0,215.05
176,2021-01-12 00:00:00,218.95,215.0,220.5,215.0
177,2021-02-18 00:00:00,239.65,237.0,248.0,234.2
178,2021-04-19 00:00:00,210.2,211.5,213.1,208.0
179,2021-04-26 00:00:00,211.5,213.1,217.15,211.0
180,2021-05-04 00:00:00,226.0,214.9,239.4,212.45
181,2021-05-21 00:00:00,231.2,236.2,237.5,228.1
182,2021-05-24 00:00:00,237.75,234.0,239.45,231.0
183,2021-05-31 00:00:00,238.35,229.55,239.0,229.55
184,2021-07-01 00:00:00,245.35,253.5,262.5,243.2
185,2021-07-26 00:00:00,248.2,243.1,250.25,243.1
186,2021-07-27 00:00:00,249.0,248.95,252.0,247.6
187,2021-08-12 00:00:00,238.95,239.0,243.9,237.0
188,2021-11-25 00:00:00,226.6,229.0,231.0,225.5
189,2021-12-06 00:00:00,226.35,231.7,231.7,225.0
190,2021-12-07 00:00:00,226.75,226.05,228.55,225.5
191,2021-12-09 00:00:00,229.5,227.2,231.0,223.0
192,2021-12-22 00:00:00,216.25,213.8,218.9,213.05
193,2022-01-12 00:00:00,219.65,218.4,225.0,218.4
194,2022-01-28 00:00:00,209.3,210.0,210.55,209.0
195,2022-02-11 00:00:00,225.15,231.1,231.55,223.0
196,2022-03-17 00:00:00,285.5,288.85,298.8,277.0
197,2022-04-06 00:00:00,342.55,329.05,345.05,329.05
198,2022-04-20 00:00:00,355.85,355.15,365.35,353.05
199,2022-05-18 00:00:00,350.85,345.0,355.0,342.95
200,2021-02-17 00:00:00,238.95,239.5,245.8,231.35
201,2021-04-12 00:00:00,213.05,220.0,220.0,210.5
202,2021-06-03 00:00:00,242.15,237.8,243.4,234.85
203,2021-06-14 00:00:00,243.1,247.15,247.55,238.45
204,2021-06-30 00:00:00,252.4,244.8,255.0,239.95
205,2021-07-14 00:00:00,262.35,270.0,270.05,260.3
206,2021-08-23 00:00:00,217.55,230.55,231.45,214.85
207,2021-09-22 00:00:00,226.8,225.8,230.0,225.8
208,2021-09-29 00:00:00,229.2,224.2,230.4,224.2
209,2021-10-21 00:00:00,230.75,235.95,235.95,229.8
210,2021-11-08 00:00:00,241.5,239.0,243.0,236.2
211,2021-11-10 00:00:00,238.35,237.0,241.7,234.6
212,2022-04-28 00:00:00,332.6,354.0,354.0,331.0
213,2022-05-09 00:00:00,339.1,345.5,350.6,338.0
214,2022-06-01 00:00:00,328.25,328.85,336.0,323.0
215,2021-01-22 00:00:00,209.45,209.0,212.3,206.6
216,2021-02-12 00:00:00,227.35,227.3,232.0,222.0
217,2021-06-04 00:00:00,242.15,245.8,247.9,241.0
218,2021-06-29 00:00:00,241.35,249.0,249.0,239.2
219,2021-07-15 00:00:00,253.05,265.0,267.1,251.7
220,2021-08-13 00:00:00,242.95,240.0,250.0,240.0
221,2021-08-27 00:00:00,229.6,231.95,231.95,225.7
222,2021-09-01 00:00:00,227.9,227.85,231.9,227.1
223,2021-09-03 00:00:00,229.6,228.65,231.95,228.0
224,2021-09-23 00:00:00,232.0,226.95,238.0,226.95
225,2021-10-07 00:00:00,238.65,241.95,245.2,236.75
226,2021-11-09 00:00:00,237.05,243.1,244.7,236.55
227,2022-01-20 00:00:00,217.35,216.05,219.0,216.05
228,2022-01-27 00:00:00,209.85,209.5,210.85,208.0
229,2022-04-01 00:00:00,325.4,298.0,331.4,293.05
230,2021-02-09 00:00:00,222.2,219.4,224.5,217.0
231,2021-03-08 00:00:00,248.45,252.8,252.8,244.0
232,2021-03-09 00:00:00,245.15,250.2,253.85,242.1
233,2021-03-24 00:00:00,231.05,235.1,236.7,228.5
234,2021-03-25 00:00:00,226.2,229.65,234.1,224.05
235,2021-05-12 00:00:00,230.7,239.0,239.0,227.3
236,2021-05-18 00:00:00,226.9,228.3,230.15,225.0
237,2021-06-08 00:00:00,236.65,240.5,243.9,235.75
238,2021-06-22 00:00:00,254.55,249.8,261.85,238.3
239,2021-07-29 00:00:00,262.35,261.15,271.0,260.5
240,2021-09-27 00:00:00,232.0,231.0,238.0,224.9
241,2022-01-07 00:00:00,219.05,222.8,224.65,218.3
242,2022-01-31 00:00:00,208.6,210.0,210.45,205.15
243,2022-02-15 00:00:00,222.05,219.95,224.0,217.9
244,2022-02-18 00:00:00,222.2,224.0,224.95,220.25
245,2022-03-30 00:00:00,286.85,298.7,302.4,282.0
246,2022-04-08 00:00:00,337.45,336.2,342.0,335.0
247,2022-04-25 00:00:00,344.45,353.0,353.0,340.95
248,2022-05-02 00:00:00,338.95,330.0,348.8,328.7
249,2022-05-11 00:00:00,332.0,336.5,344.9,316.0
250,2022-05-12 00:00:00,313.85,327.0,334.0,307.05
251,2021-01-06 00:00:00,214.05,217.0,219.7,210.55
252,2021-01-19 00:00:00,213.3,213.05,216.6,212.65
253,2021-01-25 00:00:00,202.65,211.05,211.85,200.55
254,2021-01-29 00:00:00,205.9,205.0,209.0,202.0
255,2021-03-12 00:00:00,238.05,243.9,248.5,236.6
256,2021-04-08 00:00:00,217.55,218.7,220.75,216.4
257,2021-04-16 00:00:00,210.95,217.3,217.9,209.0
258,2021-05-03 00:00:00,212.85,212.25,215.5,212.0
259,2021-05-26 00:00:00,229.1,237.55,237.55,227.0
260,2021-06-11 00:00:00,247.15,248.0,252.95,244.7
261,2021-06-23 00:00:00,254.95,258.7,265.25,252.0
262,2021-08-20 00:00:00,227.25,232.2,235.15,225.55
263,2021-08-24 00:00:00,228.05,218.95,229.0,218.85
264,2021-09-16 00:00:00,231.5,231.95,239.4,228.95
265,2021-10-11 00:00:00,243.3,245.0,245.9,240.0
266,2021-12-13 00:00:00,228.05,227.9,231.95,226.55
267,2021-12-27 00:00:00,217.5,221.9,221.9,216.1
268,2022-01-10 00:00:00,218.05,223.0,224.35,216.1
269,2022-02-03 00:00:00,232.9,240.0,244.75,231.4
270,2022-02-25 00:00:00,211.0,214.9,215.65,210.0
271,2022-04-11 00:00:00,338.35,339.95,347.4,335.55
272,2022-04-13 00:00:00,358.8,336.0,373.4,335.3
273,2022-05-27 00:00:00,323.95,321.45,340.05,320.55
274,2021-02-02 00:00:00,210.0,212.65,213.4,209.1
275,2021-03-26 00:00:00,228.7,225.2,233.7,225.2
276,2021-04-01 00:00:00,224.4,220.0,225.0,220.0
277,2021-04-29 00:00:00,213.0,217.6,217.6,211.5
278,2021-05-06 00:00:00,225.2,231.85,231.85,225.0
279,2021-05-27 00:00:00,233.05,227.35,239.95,227.35
280,2021-06-17 00:00:00,242.25,244.9,249.45,241.0
281,2021-07-05 00:00:00,266.55,254.3,272.6,250.05
282,2021-07-12 00:00:00,268.05,268.1,276.0,266.0
283,2021-08-02 00:00:00,258.1,256.2,264.65,255.55
284,2021-08-04 00:00:00,248.4,255.0,258.0,247.15
285,2021-09-15 00:00:00,230.95,230.95,234.4,230.3
286,2021-09-28 00:00:00,228.8,233.65,235.65,227.0
287,2021-10-04 00:00:00,236.4,232.95,237.5,230.6
288,2021-10-13 00:00:00,241.75,242.0,247.0,240.8
289,2021-11-17 00:00:00,231.3,231.5,235.0,229.55
290,2021-11-30 00:00:00,222.4,227.0,229.05,218.15
291,2021-12-08 00:00:00,226.0,229.45,229.5,223.35
292,2021-12-16 00:00:00,222.35,226.6,226.6,221.0
293,2021-12-24 00:00:00,220.95,222.0,223.0,217.35
294,2021-12-28 00:00:00,219.1,222.0,224.35,209.75
295,2022-01-06 00:00:00,218.9,220.5,224.05,215.8
296,2022-01-24 00:00:00,210.2,219.0,219.0,207.6
297,2022-03-07 00:00:00,213.0,213.95,215.95,208.6
298,2022-03-29 00:00:00,296.4,275.0,298.0,275.0
299,2022-04-21 00:00:00,351.75,358.85,361.95,350.0
300,2022-05-25 00:00:00,327.65,345.0,345.0,326.0
301,2021-01-01 00:00:00,217.7,217.8,221.85,215.15
302,2021-01-04 00:00:00,217.9,217.45,224.0,215.3
303,2021-03-10 00:00:00,240.8,247.05,248.55,238.8
304,2021-03-16 00:00:00,245.15,246.5,254.55,243.3
305,2021-03-19 00:00:00,230.65,235.0,235.0,220.2
306,2021-03-23 00:00:00,235.6,231.5,238.7,231.5
307,2021-01-20 00:00:00,214.3,216.8,218.5,213.1
308,2021-03-18 00:00:00,232.25,240.0,244.0,228.0
309,2021-05-05 00:00:00,228.2,231.0,235.15,225.0
310,2021-05-10 00:00:00,232.95,233.9,234.9,226.15
311,2021-06-16 00:00:00,244.2,253.7,254.9,242.75
312,2021-07-07 00:00:00,273.7,269.0,282.0,267.0
313,2021-07-20 00:00:00,244.1,255.95,258.0,243.0
314,2021-07-28 00:00:00,259.05,253.5,264.0,240.9
315,2021-08-05 00:00:00,255.05,249.0,258.8,244.05
316,2021-08-30 00:00:00,229.0,231.0,235.0,226.65
317,2021-09-07 00:00:00,225.85,227.05,229.6,223.0
318,2021-09-24 00:00:00,228.15,233.3,235.05,227.5
319,2021-10-22 00:00:00,232.45,232.8,234.0,229.5
320,2021-11-15 00:00:00,233.35,233.5,236.9,231.0
321,2021-11-16 00:00:00,234.8,235.9,236.0,232.15
322,2021-12-17 00:00:00,219.9,222.45,222.45,218.0
323,2021-12-29 00:00:00,218.25,223.25,223.25,217.1
324,2021-12-30 00:00:00,216.85,218.65,221.0,215.2
325,2022-01-17 00:00:00,217.65,220.5,221.8,216.95
326,2022-02-02 00:00:00,231.4,227.0,234.75,224.6
327,2022-03-28 00:00:00,277.45,288.0,289.7,272.5
328,2022-04-29 00:00:00,334.95,336.2,344.0,332.1
329,2022-05-04 00:00:00,338.2,344.9,344.9,332.0
330,2022-05-23 00:00:00,343.05,355.0,355.6,340.0
331,2021-04-13 00:00:00,212.95,211.75,227.4,211.0
332,2021-04-28 00:00:00,215.75,215.0,218.5,212.0
333,2021-07-02 00:00:00,249.35,248.65,255.8,244.0
334,2021-08-18 00:00:00,233.85,237.0,239.95,232.45
335,2021-10-05 00:00:00,243.85,235.8,250.0,234.45
336,2021-10-18 00:00:00,238.35,241.1,244.5,236.9
337,2021-11-03 00:00:00,229.55,229.95,232.1,228.3
338,2021-11-23 00:00:00,230.9,226.0,232.9,225.0
339,2021-12-02 00:00:00,230.6,226.95,235.0,224.8
340,2021-12-20 00:00:00,212.35,219.9,219.9,210.0
341,2022-01-03 00:00:00,217.55,221.0,221.35,217.1
342,2022-01-04 00:00:00,220.95,217.75,225.8,217.55
343,2022-02-08 00:00:00,228.75,234.0,234.0,226.5
344,2022-02-17 00:00:00,225.1,222.75,227.7,222.0
345,2022-02-24 00:00:00,208.55,213.8,213.8,208.0
346,2022-03-04 00:00:00,213.25,216.4,218.75,209.45
347,2022-04-22 00:00:00,354.4,352.0,364.85,346.2
348,2022-05-20 00:00:00,350.25,342.95,355.05,342.95
349,2022-05-30 00:00:00,331.8,339.0,339.4,324.1
350,2022-07-05 00:00:00,329.45,333.8,339.8,328.0
351,2022-06-02 00:00:00,337.7,328.55,342.0,327.65
352,2022-07-07 00:00:00,327.9,332.3,336.9,326.0
353,2022-06-10 00:00:00,325.05,329.0,333.95,324.0
354,2022-06-15 00:00:00,313.35,308.45,314.75,306.2
355,2022-07-19 00:00:00,334.4,335.95,343.95,332.15
356,2022-07-26 00:00:00,339.85,345.5,359.75,336.05
357,2022-10-13 00:00:00,433.35,429.0,438.1,429.0
358,2022-12-15 00:00:00,437.75,446.0,447.25,436.95
359,2023-01-11 00:00:00,417.7,414.0,419.85,408.05
360,2023-02-06 00:00:00,445.9,446.3,452.0,439.9
361,2023-02-17 00:00:00,441.15,438.3,444.0,435.35
362,2023-03-01 00:00:00,427.65,423.9,431.85,423.25
363,2023-06-06 00:00:00,444.05,449.5,449.5,441.0
364,2023-07-03 00:00:00,414.7,422.9,425.35,414.0
365,2023-07-27 00:00:00,419.35,425.5,425.5,418.95
366,2023-08-10 00:00:00,411.75,412.9,413.85,410.15
367,2023-08-14 00:00:00,414.95,414.6,415.95,410.2
368,2022-07-04 00:00:00,327.9,319.9,329.9,319.9
369,2022-07-20 00:00:00,334.95,337.0,339.5,334.0
370,2022-07-22 00:00:00,336.55,336.75,340.0,332.1
371,2022-08-17 00:00:00,440.4,445.4,448.3,436.05
372,2022-08-25 00:00:00,464.9,480.0,498.0,461.25
373,2022-08-26 00:00:00,468.4,470.05,470.95,451.65
374,2022-09-09 00:00:00,482.85,493.5,493.5,471.05
375,2022-09-23 00:00:00,440.9,455.05,459.5,437.7
376,2022-09-26 00:00:00,413.1,432.35,436.7,410.25
377,2022-10-21 00:00:00,453.5,468.25,469.8,450.1
378,2022-11-01 00:00:00,491.05,492.55,493.0,482.75
379,2022-11-07 00:00:00,469.75,481.0,481.0,465.1
380,2022-12-20 00:00:00,441.9,448.8,451.0,440.1
381,2022-12-26 00:00:00,405.15,378.2,409.0,376.5
382,2022-12-30 00:00:00,420.1,416.0,424.35,416.0
383,2023-01-13 00:00:00,414.9,408.6,422.0,408.6
384,2023-02-15 00:00:00,438.8,431.75,445.0,429.75
385,2023-04-18 00:00:00,460.6,463.0,465.05,453.55
386,2023-04-20 00:00:00,463.1,458.95,467.2,458.1
387,2023-05-05 00:00:00,459.5,470.6,472.0,457.55
388,2023-05-29 00:00:00,443.3,437.7,448.6,437.1
389,2023-06-02 00:00:00,443.1,442.35,447.7,442.0
390,2023-06-22 00:00:00,422.35,424.7,428.35,421.55
391,2023-07-26 00:00:00,422.1,423.0,424.95,420.5
392,2023-07-28 00:00:00,418.55,421.0,421.0,417.75
393,2022-06-30 00:00:00,307.3,316.45,318.5,305.05
394,2022-07-13 00:00:00,330.35,334.4,343.65,330.0
395,2022-09-02 00:00:00,489.9,498.9,499.4,487.25
396,2022-09-12 00:00:00,473.65,482.8,485.45,471.0
397,2022-09-13 00:00:00,483.8,475.5,487.75,473.05
398,2022-10-06 00:00:00,443.8,426.7,447.8,426.7
399,2022-10-12 00:00:00,432.05,436.05,442.7,429.0
400,2022-12-05 00:00:00,431.6,416.15,440.0,416.15
401,2023-02-24 00:00:00,430.2,431.6,435.35,429.55
402,2023-04-10 00:00:00,425.15,430.0,434.25,422.0
403,2023-04-19 00:00:00,458.1,461.0,469.0,453.9
404,2023-05-30 00:00:00,447.7,446.45,452.25,440.8
405,2023-08-01 00:00:00,431.2,428.0,434.0,424.4
406,2023-08-21 00:00:00,433.15,438.55,444.7,429.75
407,2022-06-14 00:00:00,305.45,304.05,313.9,303.0
408,2022-08-24 00:00:00,477.4,464.2,480.0,464.2
409,2022-09-28 00:00:00,431.2,411.5,436.0,410.55
410,2022-10-27 00:00:00,489.85,484.4,491.65,480.0
411,2022-11-17 00:00:00,431.05,439.0,440.5,429.0
412,2022-11-22 00:00:00,429.85,434.9,434.9,423.8
413,2022-12-16 00:00:00,433.25,441.95,441.95,424.3
414,2023-01-05 00:00:00,419.1,419.9,423.5,417.5
415,2023-02-27 00:00:00,422.05,433.0,433.0,420.15
416,2023-03-02 00:00:00,425.55,430.5,435.25,424.0
417,2023-03-15 00:00:00,406.35,409.9,414.9,404.2
418,2023-03-31 00:00:00,413.85,422.5,422.5,412.0
419,2023-05-03 00:00:00,463.65,459.2,467.35,457.3
420,2023-05-04 00:00:00,469.85,468.9,473.85,459.45
421,2023-05-26 00:00:00,437.65,436.95,439.0,432.05
422,2023-06-21 00:00:00,424.75,428.0,428.0,421.95
423,2023-07-12 00:00:00,424.65,427.0,427.0,423.35
424,2023-07-24 00:00:00,417.8,426.0,427.7,415.55
425,2023-08-07 00:00:00,410.8,415.0,416.8,410.0
426,2023-08-17 00:00:00,448.05,441.0,452.0,440.9
427,2022-08-01 00:00:00,382.95,381.5,400.0,377.0
428,2022-08-12 00:00:00,421.85,427.7,431.5,420.0
429,2022-08-23 00:00:00,463.45,468.9,479.6,459.0
430,2022-09-14 00:00:00,479.2,471.1,492.0,471.0
431,2022-10-14 00:00:00,432.65,441.0,443.35,430.0
432,2022-11-02 00:00:00,475.85,493.5,493.5,462.0
433,2022-11-28 00:00:00,428.95,442.0,442.9,426.0
434,2023-01-02 00:00:00,423.55,423.55,427.45,420.0
435,2023-01-16 00:00:00,411.35,421.0,421.0,409.0
436,2023-02-09 00:00:00,448.9,442.0,457.1,441.8
437,2023-03-16 00:00:00,400.25,409.9,409.9,393.8
438,2023-03-22 00:00:00,420.05,413.15,423.5,411.35
439,2023-03-28 00:00:00,400.2,405.55,407.0,395.3
440,2023-04-05 00:00:00,431.7,429.15,437.0,426.05
441,2023-05-08 00:00:00,473.15,461.0,477.8,461.0
442,2023-06-26 00:00:00,407.1,413.0,413.0,391.3
443,2023-07-21 00:00:00,425.0,424.35,426.75,422.05
444,2023-08-22 00:00:00,434.15,437.0,438.95,430.6
445,2022-06-03 00:00:00,339.1,342.8,346.0,336.2
446,2022-06-07 00:00:00,336.9,344.85,345.55,334.0
447,2022-06-16 00:00:00,299.7,318.05,325.05,295.6
448,2022-06-22 00:00:00,286.05,301.7,301.7,283.9
449,2022-07-06 00:00:00,331.7,330.0,334.75,326.0
450,2022-07-08 00:00:00,332.9,331.15,333.75,326.65
451,2022-08-05 00:00:00,388.05,390.05,392.3,385.5
452,2022-09-16 00:00:00,449.4,474.0,475.0,441.0
453,2022-12-01 00:00:00,422.9,432.0,433.45,420.8
454,2022-12-22 00:00:00,411.35,428.35,431.8,403.55
455,2023-01-10 00:00:00,407.95,414.1,414.1,406.45
456,2023-02-01 00:00:00,438.05,456.0,460.0,431.6
457,2023-02-10 00:00:00,441.25,451.6,452.4,440.05
458,2023-04-03 00:00:00,429.15,416.0,432.0,414.9
459,2023-04-06 00:00:00,429.9,435.9,435.9,426.15
460,2023-04-17 00:00:00,463.0,468.35,475.0,452.1
461,2023-04-24 00:00:00,460.7,465.0,466.0,456.6
462,2023-04-28 00:00:00,453.4,452.0,455.0,449.8
463,2023-06-13 00:00:00,433.15,434.8,435.75,430.55
464,2023-06-20 00:00:00,424.55,425.05,428.4,421.1
465,2023-07-06 00:00:00,423.25,414.0,425.0,413.85
466,2023-07-19 00:00:00,418.8,422.0,422.0,417.2
467,2023-07-25 00:00:00,421.3,416.4,427.7,416.4
468,2022-06-20 00:00:00,287.45,297.0,297.3,282.0
469,2022-06-29 00:00:00,316.45,313.7,318.8,312.7
470,2022-07-28 00:00:00,346.6,345.5,350.0,343.2
471,2022-08-16 00:00:00,436.8,424.8,439.3,416.8
472,2022-08-18 00:00:00,437.9,441.95,442.0,433.0
473,2022-09-08 00:00:00,485.45,487.0,490.75,480.65
474,2022-09-15 00:00:00,470.0,478.0,482.6,467.5
475,2022-09-27 00:00:00,416.1,415.0,424.9,402.2
476,2022-10-18 00:00:00,450.05,440.5,452.0,438.25
477,2022-10-20 00:00:00,463.7,453.5,468.9,451.0
478,2022-10-28 00:00:00,482.35,490.85,492.0,473.75
479,2022-10-31 00:00:00,492.55,492.9,498.9,488.0
480,2022-12-21 00:00:00,424.15,445.0,449.0,420.0
481,2022-12-28 00:00:00,420.95,410.35,424.0,410.35
482,2023-01-09 00:00:00,413.05,424.7,424.7,412.0
483,2023-02-14 00:00:00,432.45,437.9,437.9,422.95
484,2023-02-20 00:00:00,435.3,442.55,455.05,431.75
485,2023-03-21 00:00:00,409.15,405.0,412.75,404.5
486,2023-03-23 00:00:00,414.4,420.0,423.45,410.0
487,2023-05-12 00:00:00,463.55,468.95,471.0,459.0
488,2023-06-23 00:00:00,418.45,424.0,424.0,416.6
489,2023-07-14 00:00:00,414.05,419.95,423.45,410.0
490,2023-07-20 00:00:00,424.35,421.0,425.0,418.85
491,2023-08-03 00:00:00,421.05,435.0,436.0,417.0
492,2022-06-09 00:00:00,330.35,333.5,335.0,321.35
493,2022-08-19 00:00:00,442.9,438.1,453.8,438.1
494,2022-09-07 00:00:00,483.35,464.5,487.8,461.3
495,2022-09-22 00:00:00,455.05,429.2,461.0,429.2
496,2022-10-04 00:00:00,425.95,436.0,436.0,424.2
497,2022-11-04 00:00:00,470.65,476.2,479.5,466.0
498,2022-11-09 00:00:00,462.55,474.9,476.75,460.1
499,2023-01-27 00:00:00,410.4,415.0,422.95,404.25
500,2023-02-22 00:00:00,429.2,435.0,435.0,427.75
501,2023-03-09 00:00:00,429.35,431.7,441.0,426.1
502,2023-05-10 00:00:00,460.7,474.5,475.0,460.0
503,2023-05-18 00:00:00,455.5,462.5,464.9,452.0
504,2023-05-19 00:00:00,455.35,460.0,460.0,451.65
505,2023-05-24 00:00:00,451.1,462.95,462.95,447.15
506,2023-08-11 00:00:00,412.2,415.9,415.9,410.3
507,2022-06-17 00:00:00,297.15,297.0,305.05,295.0
508,2022-06-21 00:00:00,297.8,284.0,302.95,284.0
509,2022-07-29 00:00:00,347.65,352.75,356.3,343.0
510,2022-08-11 00:00:00,426.15,432.8,435.5,423.25
511,2022-10-03 00:00:00,425.15,438.0,441.6,423.0
512,2022-10-11 00:00:00,436.35,446.9,454.4,434.0
513,2022-10-17 00:00:00,437.55,428.5,442.0,425.0
514,2022-10-24 00:00:00,463.9,457.5,465.9,455.05
515,2022-11-25 00:00:00,435.2,446.35,446.35,434.0
516,2022-11-29 00:00:00,415.4,425.1,435.0,414.0
517,2022-12-13 00:00:00,439.6,447.9,447.9,437.0
518,2022-12-19 00:00:00,444.7,434.0,449.4,430.2
519,2023-01-31 00:00:00,453.8,425.05,465.0,425.05
520,2023-02-07 00:00:00,440.1,448.0,453.05,436.7
521,2023-03-10 00:00:00,430.05,429.9,433.4,426.1
522,2023-03-13 00:00:00,419.95,434.25,434.25,418.5
523,2023-03-17 00:00:00,410.55,404.25,413.95,403.35
524,2023-03-20 00:00:00,403.4,410.55,411.75,399.0
525,2023-04-27 00:00:00,449.8,454.75,455.1,445.05
526,2023-05-15 00:00:00,464.15,460.0,467.9,456.7
527,2023-05-31 00:00:00,444.55,451.95,451.95,438.1
528,2023-06-08 00:00:00,437.1,445.0,449.0,436.0
529,2023-06-16 00:00:00,431.25,434.95,435.2,430.0
530,2023-07-10 00:00:00,421.6,424.3,426.6,418.0
531,2023-08-09 00:00:00,410.4,411.5,412.5,408.1
532,2023-08-18 00:00:00,438.05,451.8,451.8,435.85
533,2022-06-13 00:00:00,312.05,316.25,322.95,309.0
534,2022-07-14 00:00:00,321.25,334.4,334.4,318.1
535,2022-08-02 00:00:00,384.9,388.7,392.0,383.0
536,2022-08-10 00:00:00,423.75,415.0,438.5,410.25
537,2022-11-03 00:00:00,476.2,494.0,499.0,473.0
538,2022-11-16 00:00:00,437.1,444.05,449.0,435.1
539,2023-01-03 00:00:00,422.7,426.0,427.75,420.0
540,2023-02-16 00:00:00,438.3,442.0,443.1,435.0
541,2023-05-22 00:00:00,456.9,452.05,458.65,452.05
542,2023-06-01 00:00:00,446.75,445.85,449.95,445.5
543,2023-06-09 00:00:00,432.6,441.45,441.45,428.75
544,2023-06-30 00:00:00,418.8,423.25,423.25,417.15
545,2023-07-31 00:00:00,424.65,420.5,426.0,420.0
546,2023-08-08 00:00:00,411.5,411.15,413.5,407.05
547,2022-06-23 00:00:00,295.0,295.0,298.0,286.45
548,2022-06-28 00:00:00,313.7,297.6,320.0,295.0
549,2022-07-01 00:00:00,317.1,308.0,318.9,305.05
550,2022-07-18 00:00:00,333.35,315.35,336.0,315.35
551,2022-07-27 00:00:00,342.7,340.0,348.2,337.25
552,2022-08-04 00:00:00,389.9,382.9,395.45,371.1
553,2022-08-22 00:00:00,468.9,442.9,474.95,435.5
554,2022-09-19 00:00:00,441.75,441.8,456.4,435.25
555,2022-09-20 00:00:00,448.35,445.35,458.0,443.6
556,2022-10-07 00:00:00,444.4,443.5,449.45,433.1
557,2022-10-10 00:00:00,443.55,439.0,456.6,434.15
558,2022-10-19 00:00:00,450.1,454.75,464.0,445.8
559,2022-11-21 00:00:00,427.85,429.4,437.85,424.15
560,2022-11-30 00:00:00,426.3,416.5,429.0,416.5
561,2022-12-02 00:00:00,420.7,422.9,426.6,418.3
562,2022-12-06 00:00:00,428.6,431.6,436.45,425.0
563,2023-01-18 00:00:00,411.35,409.55,412.9,408.65
564,2023-02-13 00:00:00,429.7,447.0,453.65,418.8
565,2023-03-08 00:00:00,429.0,428.5,431.7,422.2
566,2023-03-29 00:00:00,410.3,398.1,414.05,398.05
567,2023-04-11 00:00:00,429.9,427.3,432.9,427.0
568,2023-04-21 00:00:00,463.65,466.05,469.95,460.1
569,2023-04-25 00:00:00,461.5,462.95,477.55,455.7
570,2023-05-23 00:00:00,460.15,459.0,464.2,455.1
571,2023-06-15 00:00:00,429.1,435.65,435.65,426.0
572,2023-07-07 00:00:00,423.35,425.05,433.3,421.05
573,2022-06-08 00:00:00,333.0,332.1,335.95,331.0
574,2022-09-06 00:00:00,463.15,483.7,483.7,458.1
575,2022-09-29 00:00:00,438.6,436.25,442.95,434.55
576,2023-02-21 00:00:00,435.4,441.85,447.0,433.25
577,2023-03-03 00:00:00,428.6,427.0,433.0,425.25
578,2023-05-09 00:00:00,470.45,496.0,496.0,456.05
579,2023-05-17 00:00:00,457.9,461.0,463.7,454.45
580,2023-05-25 00:00:00,433.45,453.8,453.8,429.0
581,2023-06-05 00:00:00,446.5,447.0,450.85,444.0
582,2023-06-12 00:00:00,429.1,435.0,435.0,427.1
583,2023-06-28 00:00:00,422.75,424.5,425.4,414.0
584,2023-07-05 00:00:00,414.25,419.45,419.65,412.15
585,2023-07-13 00:00:00,419.95,427.0,428.55,417.1
586,2022-07-15 00:00:00,318.35,324.45,326.0,314.15
587,2022-07-21 00:00:00,333.5,339.0,340.0,332.0
588,2022-07-25 00:00:00,343.95,338.0,352.7,337.75
589,2022-09-01 00:00:00,496.45,489.0,498.7,486.25
590,2022-11-10 00:00:00,457.15,460.0,471.9,453.5
591,2022-11-24 00:00:00,441.95,455.0,455.0,440.05
592,2023-01-04 00:00:00,418.5,425.0,427.0,414.55
593,2023-01-17 00:00:00,408.85,412.0,412.0,405.9
594,2023-02-02 00:00:00,447.75,432.65,456.95,432.65
595,2023-03-06 00:00:00,425.85,431.8,432.95,425.05
596,2023-03-27 00:00:00,408.65,413.0,418.45,405.0
597,2023-04-12 00:00:00,436.65,433.7,444.0,427.8
598,2023-05-02 00:00:00,459.2,456.45,464.55,456.35
599,2022-06-06 00:00:00,342.7,340.4,344.9,337.5
600,2022-07-11 00:00:00,327.65,334.9,335.8,325.8
601,2022-06-24 00:00:00,294.5,302.6,302.6,292.75
602,2022-08-03 00:00:00,384.85,388.35,390.95,382.0
603,2022-08-29 00:00:00,493.25,459.0,510.0,450.05
604,2022-09-30 00:00:00,442.45,423.0,446.0,423.0
605,2022-11-14 00:00:00,449.35,453.2,458.0,445.0
606,2022-11-18 00:00:00,429.4,432.0,435.65,427.5
607,2022-12-08 00:00:00,436.3,429.75,438.75,428.8
608,2022-12-12 00:00:00,443.1,448.5,448.5,437.65
609,2022-12-14 00:00:00,445.0,443.75,448.9,439.0
610,2022-12-27 00:00:00,413.75,405.5,417.7,403.55
611,2023-01-12 00:00:00,411.6,420.0,420.95,410.0
612,2023-01-24 00:00:00,422.45,421.0,427.75,418.55
613,2023-01-25 00:00:00,421.35,423.0,427.95,418.7
614,2023-02-03 00:00:00,439.7,457.6,457.6,430.0
615,2023-02-28 00:00:00,423.6,420.3,426.25,418.2
616,2023-03-14 00:00:00,404.05,418.15,424.0,401.0
617,2023-04-26 00:00:00,450.25,465.9,467.1,445.0
618,2023-05-11 00:00:00,464.55,464.9,471.95,460.2
619,2023-05-16 00:00:00,458.9,468.0,468.0,457.15
620,2023-06-14 00:00:00,431.35,437.0,437.45,429.55
621,2023-07-11 00:00:00,423.5,422.0,425.35,421.05
622,2023-07-18 00:00:00,418.6,419.5,422.55,416.05
623,2023-08-04 00:00:00,413.6,420.0,420.0,410.6
624,2023-08-16 00:00:00,438.5,415.45,441.85,412.0
625,2022-07-12 00:00:00,330.6,326.95,332.85,325.0
626,2022-08-08 00:00:00,406.4,398.0,415.0,387.0
627,2022-09-05 00:00:00,481.55,494.0,494.0,480.5
628,2022-10-25 00:00:00,478.55,467.35,480.35,460.0
629,2022-11-23 00:00:00,449.8,433.9,450.1,431.3
630,2022-12-07 00:00:00,429.75,430.0,434.95,425.0
631,2022-12-23 00:00:00,376.5,411.25,411.35,371.0
632,2022-12-29 00:00:00,418.5,418.2,419.95,414.05
633,2023-01-06 00:00:00,416.35,423.3,424.45,412.55
634,2023-01-19 00:00:00,415.65,415.0,417.9,405.7
635,2023-01-20 00:00:00,420.65,416.3,424.0,412.1
636,2023-01-30 00:00:00,421.95,418.55,428.15,411.95
637,2023-04-13 00:00:00,457.25,441.0,473.0,437.8
638,2023-06-07 00:00:00,445.25,445.0,448.5,444.15
639,2023-06-27 00:00:00,421.3,407.1,425.5,407.1
640,2023-08-02 00:00:00,431.1,435.0,435.5,426.0
641,2022-06-27 00:00:00,302.8,296.0,306.85,296.0
642,2022-08-30 00:00:00,491.8,498.0,505.6,481.0
643,2022-09-21 00:00:00,436.35,448.55,452.45,432.0
644,2022-11-11 00:00:00,448.7,468.7,468.7,445.2
645,2022-11-15 00:00:00,447.4,455.0,455.0,445.35
646,2022-12-09 00:00:00,445.4,439.0,452.0,433.65
647,2023-01-23 00:00:00,422.5,428.0,428.0,418.5
648,2023-02-08 00:00:00,441.2,444.2,449.7,435.8
649,2023-02-23 00:00:00,430.2,425.0,432.5,424.75
650,2023-03-24 00:00:00,415.05,418.45,422.8,411.4
651,2023-06-19 00:00:00,424.85,434.85,434.9,424.0
652,2023-07-04 00:00:00,413.4,416.0,416.0,412.0
653,2023-07-17 00:00:00,418.4,415.0,421.2,415.0
654,2023-08-23 00:00:00,433.2,434.15,437.0,432.05
