,time,close,open,high,low
0,2021-01-28 00:00:00,738.99,730.0,761.6,730.0
1,2021-02-02 00:00:00,760.33,770.8000000000001,770.8000000000001,749.3000000000001
2,2021-03-09 00:00:00,1155.95,1180.0,1196.19,1125.2
3,2021-04-01 00:00:00,1120.46,1104.0,1142.92,1093.0
4,2021-04-19 00:00:00,1060.16,1056.0,1064.79,1026.8
5,2021-04-23 00:00:00,1075.5600000000002,1064.12,1089.99,1057.01
6,2021-05-18 00:00:00,1039.5700000000002,1040.4,1060.2,1031.95
7,2021-05-27 00:00:00,1052.97,1052.8,1060.0,1042.19
8,2021-06-29 00:00:00,905.96,920.0,920.0,899.8000000000001
9,2021-07-12 00:00:00,875.43,884.0,895.0,874.0
10,2021-07-14 00:00:00,879.98,885.0200000000001,888.9100000000001,876.0
11,2021-07-26 00:00:00,866.38,871.2,871.49,865.8000000000001
12,2021-08-03 00:00:00,846.5,851.9000000000001,860.0,843.0
13,2021-08-20 00:00:00,801.1100000000001,815.8000000000001,815.8000000000001,800.0
14,2021-09-24 00:00:00,1064.75,1039.68,1075.0,1031.4
15,2021-01-14 00:00:00,748.58,759.8000000000001,762.4000000000001,746.0
16,2021-02-04 00:00:00,759.0100000000001,757.44,765.0,754.0
17,2021-03-05 00:00:00,1175.14,1204.2,1257.13,1160.0
18,2021-03-10 00:00:00,1167.5,1165.92,1186.99,1140.0
19,2021-03-25 00:00:00,1029.03,1073.44,1078.88,1020.25
20,2021-01-13 00:00:00,758.2800000000001,777.4000000000001,780.0,755.4000000000001
21,2021-04-06 00:00:00,1092.79,1095.8,1115.0,1085.0
22,2021-03-02 00:00:00,1123.6,1089.0,1123.6,1060.0
23,2021-04-16 00:00:00,1080.86,1080.2,1099.6,1077.71
24,2021-03-03 00:00:00,1143.63,1179.78,1179.78,1123.6
25,2021-04-20 00:00:00,1068.75,1071.8,1094.01,1054.4
26,2021-03-08 00:00:00,1170.88,1196.0,1220.0,1160.0
27,2021-05-21 00:00:00,1019.46,1032.0,1038.2,1016.0
28,2021-03-22 00:00:00,1059.8100000000002,1074.17,1088.0,1051.0600000000002
29,2021-06-07 00:00:00,1055.23,1071.2,1082.64,1020.21
30,2021-04-08 00:00:00,1116.35,1150.0,1157.72,1111.12
31,2021-05-25 00:00:00,1029.44,1053.8,1062.0,1025.0
32,2021-06-11 00:00:00,1046.33,1060.0,1068.0,1045.0
33,2021-07-05 00:00:00,908.52,922.8,922.8,900.0
34,2021-06-02 00:00:00,1053.3,1046.0,1056.0,1045.0
35,2021-07-07 00:00:00,898.18,900.0,904.0,888.0
36,2021-08-02 00:00:00,851.88,844.0,864.0,832.2
37,2021-08-10 00:00:00,832.69,830.0,860.0,825.0
38,2021-08-18 00:00:00,818.8100000000001,826.0100000000001,835.0,816.0
39,2021-10-04 00:00:00,1122.53,1093.72,1130.47,1080.0
40,2021-09-03 00:00:00,920.89,908.6,927.99,908.6
41,2021-10-12 00:00:00,1192.75,1224.0,1244.0,1180.8
42,2021-09-21 00:00:00,990.16,941.0,990.16,936.2
43,2021-09-29 00:00:00,1058.35,1052.2,1070.0,1040.63
44,2021-10-18 00:00:00,1149.6,1195.0,1195.0,1142.0
45,2021-11-03 00:00:00,1059.4,1070.0,1098.0,1051.0
46,2021-10-13 00:00:00,1171.8,1202.0,1203.0,1168.0
47,2021-11-17 00:00:00,1197.2,1192.0,1210.0,1191.15
48,2021-11-16 00:00:00,1189.3,1207.4,1213.05,1182.0
49,2021-01-22 00:00:00,755.59,748.0,772.0,742.2
50,2021-03-17 00:00:00,1163.04,1196.0,1197.98,1160.0
51,2021-04-13 00:00:00,1090.0200000000002,1049.6,1109.98,1047.67
52,2021-06-04 00:00:00,1071.16,1086.96,1088.0,1064.4
53,2021-06-15 00:00:00,1031.09,1030.0,1039.0,1030.0
54,2021-06-16 00:00:00,1024.85,1026.25,1031.0,1023.0
55,2021-07-06 00:00:00,900.99,924.8,924.8,897.2
56,2021-07-29 00:00:00,829.3000000000001,838.0,840.39,818.0
57,2021-08-23 00:00:00,767.23,800.0,804.4100000000001,763.02
58,2021-01-06 00:00:00,788.9100000000001,807.2,807.6,781.0
59,2021-02-09 00:00:00,841.75,859.0,863.0,781.1100000000001
60,2021-02-23 00:00:00,1065.54,1100.0,1108.76,1058.0
61,2021-03-16 00:00:00,1189.95,1185.1,1201.0,1178.4
62,2021-04-22 00:00:00,1065.05,1072.0,1076.7,1053.0
63,2021-05-03 00:00:00,1105.0,1094.26,1133.0,1094.26
64,2021-05-10 00:00:00,1052.04,1068.8,1077.0,1050.0
65,2021-06-21 00:00:00,918.96,900.0,979.3,898.79
66,2021-09-22 00:00:00,1009.7,1008.0,1017.0,993.25
67,2021-09-27 00:00:00,1068.7,1079.91,1088.0,1055.2
68,2021-09-28 00:00:00,1057.95,1078.68,1080.0,1045.0
69,2021-11-08 00:00:00,1082.7,1088.0,1098.0,1060.0
70,2021-01-05 00:00:00,801.1800000000001,791.6,809.0,780.0
71,2021-02-16 00:00:00,1037.88,1024.0,1070.0,1014.0
72,2021-02-24 00:00:00,1051.47,1070.2,1087.0,1012.6
73,2021-03-18 00:00:00,1118.16,1175.0,1175.44,1105.0
74,2021-03-30 00:00:00,1057.47,1059.8,1065.0,1042.13
75,2021-05-12 00:00:00,1043.73,1060.0,1062.0,1040.4
76,2021-05-17 00:00:00,1035.92,1040.0200000000002,1043.99,1010.21
77,2021-05-28 00:00:00,1044.95,1056.0,1064.0,1043.0
78,2021-06-25 00:00:00,917.2,940.0,940.0,913.8
79,2021-07-09 00:00:00,874.3200000000002,879.6,891.6,870.4000000000001
80,2021-10-07 00:00:00,1154.3,1114.0,1154.3,1111.0
81,2021-10-08 00:00:00,1212.0,1212.0,1212.0,1212.0
82,2021-10-11 00:00:00,1219.25,1215.0,1260.0,1122.55
83,2021-11-15 00:00:00,1198.9,1187.0,1205.0,1181.9
84,2021-01-29 00:00:00,729.2,749.0,753.74,726.0
85,2021-02-22 00:00:00,1086.03,1060.0,1108.76,1056.0
86,2021-03-19 00:00:00,1069.5,1104.8,1104.8,1062.26
87,2021-03-24 00:00:00,1073.44,1136.0,1160.0,1068.0
88,2021-05-04 00:00:00,1095.13,1108.0,1129.96,1086.0
89,2021-07-15 00:00:00,877.7700000000001,879.98,887.9700000000001,874.2
90,2021-07-16 00:00:00,875.3200000000002,884.8000000000001,884.8000000000001,870.4000000000001
91,2021-07-20 00:00:00,868.59,873.1200000000001,876.0,859.8000000000001
92,2021-08-31 00:00:00,951.88,959.8,962.0,921.11
93,2021-10-22 00:00:00,1098.2,1080.0,1146.0,1060.45
94,2021-11-10 00:00:00,1084.95,1101.7,1129.0,1055.0
95,2021-01-01 00:00:00,773.4300000000001,761.39,778.3600000000001,756.4200000000001
96,2021-01-07 00:00:00,789.2600000000001,791.0,812.6600000000001,783.0
97,2021-01-11 00:00:00,788.5100000000001,799.6,802.99,770.5300000000001
98,2021-01-15 00:00:00,730.95,751.02,759.3100000000001,727.2600000000001
99,2021-02-12 00:00:00,1069.43,1069.43,1069.43,1069.43
100,2021-02-17 00:00:00,1074.1,1040.0,1089.7700000000002,1037.95
101,2021-05-14 00:00:00,1031.59,1044.0200000000002,1049.6,1018.1
102,2021-06-14 00:00:00,1040.12,1050.0,1052.0,1020.0
103,2021-06-18 00:00:00,946.09,995.4,995.4,946.09
104,2021-07-01 00:00:00,841.6500000000001,845.1,903.7,834.8600000000001
105,2021-07-13 00:00:00,886.1100000000001,890.0,890.0,876.0600000000001
106,2021-07-19 00:00:00,874.1700000000001,870.0,877.93,870.0
107,2021-07-27 00:00:00,853.0600000000001,876.0,876.0,851.0
108,2021-07-28 00:00:00,826.38,856.0,860.0,822.0
109,2021-08-12 00:00:00,828.2,820.0,840.0,812.1600000000001
110,2021-08-25 00:00:00,791.5500000000001,814.98,838.0,783.8000000000001
111,2021-10-25 00:00:00,1042.8,1115.0,1135.0,1030.0
112,2021-10-26 00:00:00,1071.4,1050.0,1089.0,1050.0
113,2021-11-23 00:00:00,1117.55,1094.0,1129.0,1071.0
114,2021-01-27 00:00:00,744.6800000000001,757.6,762.2,740.0
115,2021-02-01 00:00:00,763.0300000000001,733.0,765.6600000000001,725.57
116,2021-02-15 00:00:00,1030.29,1122.9,1122.9,1015.96
117,2021-03-23 00:00:00,1112.8,1065.6,1112.8,1045.0
118,2021-03-31 00:00:00,1091.5600000000002,1057.98,1110.34,1046.26
119,2021-04-12 00:00:00,1047.67,1092.0,1092.0,1029.18
120,2021-04-27 00:00:00,1132.28,1137.6,1172.0,1120.2
121,2021-04-28 00:00:00,1106.35,1136.4,1147.8,1101.2
122,2021-08-09 00:00:00,832.5799999999999,844.84,858.8000000000001,825.0
123,2021-10-20 00:00:00,1077.25,1107.9,1107.9,1026.0
124,2021-10-21 00:00:00,1066.7,1081.0,1098.0,1050.0
125,2021-10-28 00:00:00,1039.95,1067.0,1082.9,1037.0
126,2021-01-19 00:00:00,718.4100000000001,713.0,726.2,710.25
127,2021-03-15 00:00:00,1175.69,1171.6,1180.0,1136.25
128,2021-03-26 00:00:00,1036.7700000000002,1047.0,1073.0,1030.2
129,2021-04-07 00:00:00,1137.16,1099.0,1147.42,1095.74
130,2021-04-30 00:00:00,1104.59,1108.0,1111.03,1095.4
131,2021-06-01 00:00:00,1056.0700000000002,1060.0,1075.0,1046.21
132,2021-06-28 00:00:00,918.11,937.0,937.3,916.0
133,2021-07-23 00:00:00,871.49,879.6,879.8000000000001,866.0
134,2021-02-25 00:00:00,1039.24,1078.0,1078.0,1031.89
135,2021-08-17 00:00:00,831.0500000000001,835.9200000000001,839.8000000000001,826.0
136,2021-02-26 00:00:00,1039.88,1029.6,1050.88,1011.42
137,2021-11-11 00:00:00,1145.25,1133.9,1180.95,1125.0
138,2021-03-01 00:00:00,1070.1,1066.0,1091.8,1045.0
139,2021-11-18 00:00:00,1156.85,1204.0,1204.0,1150.0
140,2021-04-15 00:00:00,1080.0600000000002,1096.0,1099.7700000000002,1064.0200000000002
141,2021-05-20 00:00:00,1019.99,1029.71,1031.6,1019.0
142,2021-06-23 00:00:00,919.52,925.0,935.0,909.0
143,2021-06-30 00:00:00,860.6700000000001,905.8,910.0,860.6700000000001
144,2021-07-02 00:00:00,883.73,852.0,883.73,851.9200000000001
145,2021-09-02 00:00:00,922.69,937.8,939.8,904.2
146,2021-09-07 00:00:00,934.64,948.0,958.0,922.3200000000002
147,2021-09-08 00:00:00,981.37,946.8,981.37,928.0
148,2021-09-16 00:00:00,974.85,988.0,990.0,972.28
149,2021-11-01 00:00:00,1068.7,1072.0,1084.55,1040.0
150,2021-11-02 00:00:00,1066.9,1074.0,1077.25,1055.05
151,2021-03-04 00:00:00,1200.8100000000002,1139.0,1200.8100000000002,1124.2
152,2021-03-12 00:00:00,1162.92,1185.0,1190.0,1143.99
153,2021-04-09 00:00:00,1107.86,1116.2,1133.95,1104.0
154,2021-05-24 00:00:00,1043.3200000000002,1030.0,1066.0,1024.21
155,2021-06-03 00:00:00,1075.58,1055.0,1109.6,1055.0
156,2021-08-04 00:00:00,835.59,859.8000000000001,859.8000000000001,829.98
157,2021-08-05 00:00:00,829.4100000000001,849.8000000000001,849.8000000000001,822.4000000000001
158,2021-08-26 00:00:00,831.1200000000001,813.1500000000001,831.1200000000001,800.0
159,2021-09-23 00:00:00,1034.74,1019.6,1051.8,1002.0
160,2021-10-06 00:00:00,1099.34,1157.5200000000002,1159.6,1092.0
161,2021-10-19 00:00:00,1116.0,1159.25,1160.0,1110.0
162,2021-11-04 00:00:00,1082.65,1072.8,1085.3,1062.0
163,2021-11-09 00:00:00,1101.7,1084.0,1120.0,1072.75
164,2021-11-12 00:00:00,1168.65,1161.5,1172.0,1140.0
165,2021-01-04 00:00:00,791.71,777.0,808.0,773.2
166,2021-01-21 00:00:00,746.99,764.98,773.8000000000001,731.0
167,2021-02-03 00:00:00,757.44,764.77,773.8000000000001,754.2
168,2021-02-19 00:00:00,1055.97,1086.98,1110.0,1019.23
169,2021-04-29 00:00:00,1109.5700000000002,1124.0,1136.0,1108.0
170,2021-06-22 00:00:00,919.21,940.0,946.53,916.46
171,2021-07-22 00:00:00,873.5100000000001,874.0,879.8000000000001,866.0
172,2021-07-30 00:00:00,837.0500000000001,839.8000000000001,843.98,823.3000000000001
173,2021-08-06 00:00:00,832.25,831.0,837.8000000000001,830.0
174,2021-08-11 00:00:00,820.43,837.6,838.0,820.0
175,2021-08-13 00:00:00,839.3200000000002,836.8000000000001,844.0,831.5
176,2021-09-01 00:00:00,933.79,945.88,945.88,921.38
177,2021-09-09 00:00:00,1011.95,986.0,1019.42,984.0
178,2021-09-17 00:00:00,986.92,988.0,1015.98,970.0
179,2021-09-20 00:00:00,943.01,982.8,984.0,940.0
180,2021-10-01 00:00:00,1082.88,1063.42,1086.0,1058.21
181,2021-10-27 00:00:00,1065.7,1080.0,1099.4,1064.0
182,2021-11-22 00:00:00,1105.75,1170.0,1170.0,1080.0
183,2021-01-25 00:00:00,749.73,760.0,766.0,737.5
184,2021-04-26 00:00:00,1126.01,1076.0,1146.39,1076.0
185,2021-06-08 00:00:00,1074.59,1063.98,1082.0,1050.0
186,2021-08-24 00:00:00,803.1500000000001,784.0,805.59,775.3000000000001
187,2021-08-27 00:00:00,872.6700000000001,855.0,872.6700000000001,840.0
188,2021-09-06 00:00:00,940.29,927.98,952.0,913.6
189,2021-09-15 00:00:00,983.13,984.0,1000.0,978.0
190,2021-10-14 00:00:00,1176.6,1172.0,1195.95,1172.0
191,2021-01-12 00:00:00,773.0300000000001,790.0,790.0,771.0
192,2021-02-05 00:00:00,834.9100000000001,770.0,834.9100000000001,766.8800000000001
193,2021-02-08 00:00:00,857.21,880.0,915.79,843.04
194,2021-05-05 00:00:00,1100.0,1113.0,1120.0,1085.18
195,2021-05-06 00:00:00,1055.13,1100.2,1105.0,1049.0
196,2021-05-07 00:00:00,1058.23,1068.0600000000002,1083.99,1055.8
197,2021-05-11 00:00:00,1056.78,1044.8,1063.0,1033.0
198,2021-05-19 00:00:00,1025.78,1040.17,1045.59,1024.4
199,2021-08-30 00:00:00,916.3,899.8000000000001,916.3,886.0
200,2021-01-08 00:00:00,793.1,793.4100000000001,802.0100000000001,787.19
201,2021-01-18 00:00:00,712.7600000000001,727.2600000000001,737.6700000000001,705.4100000000001
202,2021-01-20 00:00:00,754.33,721.7600000000001,754.33,720.0600000000001
203,2021-02-10 00:00:00,925.92,856.0,925.92,850.0100000000001
204,2021-02-11 00:00:00,1018.51,971.4,1018.51,960.03
205,2021-02-18 00:00:00,1072.87,1089.6,1090.8,1055.0
206,2021-04-05 00:00:00,1085.96,1102.46,1119.98,1065.0
207,2021-05-26 00:00:00,1049.8100000000002,1030.01,1053.0,1030.01
208,2021-05-31 00:00:00,1062.5,1114.0,1116.8,1056.0
209,2021-06-17 00:00:00,995.88,1024.85,1024.85,991.8
210,2021-06-24 00:00:00,917.71,926.0,940.0,913.6
211,2021-07-08 00:00:00,880.0,909.4,909.4,873.6
212,2021-08-16 00:00:00,835.9200000000001,844.0,844.0200000000001,834.6
213,2021-09-30 00:00:00,1068.89,1068.2,1091.0,1061.0
214,2021-10-05 00:00:00,1148.67,1129.8,1177.98,1129.0
215,2021-10-29 00:00:00,1050.0,1037.65,1069.65,1005.0
216,2021-11-30 00:00:00,1148.9,1120.0,1164.0,1120.0
217,2021-12-23 00:00:00,1072.2,1080.0,1087.8,1069.2
218,2021-11-29 00:00:00,1116.25,1110.0,1149.55,1065.55
219,2021-12-27 00:00:00,1082.7,1084.35,1085.0,1064.25
220,2021-12-01 00:00:00,1115.8,1152.0,1168.85,1110.0
221,2022-02-11 00:00:00,1222.7,1242.0,1255.0,1219.05
222,2022-02-17 00:00:00,1228.55,1190.0,1237.0,1187.95
223,2021-11-26 00:00:00,1181.6,1175.0,1229.0,1158.0
224,2022-02-03 00:00:00,1290.65,1314.0,1343.95,1280.0
225,2021-12-10 00:00:00,1083.95,1065.0,1099.5,1058.1
226,2022-02-09 00:00:00,1286.5,1300.95,1309.95,1282.0
227,2021-12-17 00:00:00,1080.85,1093.55,1098.0,1071.0
228,2022-01-20 00:00:00,1391.65,1391.0,1415.0,1372.0
229,2022-01-04 00:00:00,1317.4,1207.7,1368.8,1203.45
230,2022-01-24 00:00:00,1243.75,1366.0,1370.0,1220.0
231,2022-01-06 00:00:00,1334.25,1302.0,1348.0,1270.0
232,2022-01-13 00:00:00,1436.5,1426.0,1460.65,1395.0
233,2022-01-14 00:00:00,1480.3,1431.0,1511.0,1418.7
234,2022-01-18 00:00:00,1449.5,1495.0,1511.0,1436.5
235,2022-02-04 00:00:00,1259.2,1254.05,1280.0,1245.0
236,2022-02-10 00:00:00,1262.2,1296.45,1296.45,1256.0
237,2022-02-22 00:00:00,1206.75,1120.0,1214.55,1120.0
238,2021-12-08 00:00:00,1084.75,1091.0,1099.0,1080.65
239,2021-11-24 00:00:00,1153.4,1147.1,1206.45,1128.0
240,2021-12-22 00:00:00,1079.65,1070.0,1095.0,1070.0
241,2022-01-07 00:00:00,1302.6,1348.0,1354.4,1297.65
242,2022-01-17 00:00:00,1486.45,1493.0,1504.0,1462.9
243,2022-01-27 00:00:00,1208.75,1284.0,1284.0,1203.0
244,2022-01-28 00:00:00,1212.8,1226.9,1268.25,1200.85
245,2021-12-13 00:00:00,1078.25,1093.8,1097.0,1071.0
246,2022-01-05 00:00:00,1327.2,1322.0,1357.9,1295.0
247,2022-01-21 00:00:00,1379.1,1375.0,1414.0,1361.0
248,2021-11-25 00:00:00,1196.85,1161.85,1204.0,1153.4
249,2022-02-01 00:00:00,1312.85,1336.0,1344.9,1281.6
250,2021-12-15 00:00:00,1094.05,1105.0,1207.15,1088.0
251,2022-02-02 00:00:00,1309.25,1324.7,1329.25,1297.0
252,2021-12-03 00:00:00,1097.1,1124.95,1125.0,1094.0
253,2021-12-02 00:00:00,1114.0,1117.0,1139.0,1111.0
254,2022-01-31 00:00:00,1310.35,1250.0,1323.15,1231.7
255,2021-12-16 00:00:00,1085.95,1105.0,1111.55,1071.5
256,2021-12-09 00:00:00,1066.9,1092.8,1092.8,1062.1
257,2022-01-19 00:00:00,1388.35,1430.0,1433.95,1371.55
258,2022-02-14 00:00:00,1165.0,1070.0,1202.9,1069.95
259,2022-02-16 00:00:00,1190.2,1230.0,1230.0,1185.75
260,2021-12-28 00:00:00,1075.05,1087.0,1090.0,1071.05
261,2022-02-15 00:00:00,1185.75,1189.0,1216.85,1165.0
262,2021-12-07 00:00:00,1080.05,1110.0,1111.05,1075.0
263,2022-01-03 00:00:00,1194.25,1134.4,1208.1,1115.15
264,2022-02-21 00:00:00,1227.55,1175.1,1250.0,1160.0
265,2021-12-20 00:00:00,1056.9,1069.9,1070.0,1030.6
266,2021-12-29 00:00:00,1103.6,1077.0,1122.0,1071.1
267,2022-01-10 00:00:00,1308.9,1307.0,1346.0,1298.1
268,2021-12-30 00:00:00,1105.75,1116.4,1116.4,1098.25
269,2021-12-31 00:00:00,1127.45,1106.0,1136.7,1106.0
270,2021-12-21 00:00:00,1064.75,1061.85,1082.0,1054.85
271,2021-12-06 00:00:00,1066.55,1094.0,1099.8,1062.05
272,2022-01-11 00:00:00,1388.4,1308.9,1417.95,1302.4
273,2022-02-07 00:00:00,1292.3,1340.0,1380.0,1280.05
274,2022-02-18 00:00:00,1200.15,1200.0,1218.0,1190.8
275,2021-12-14 00:00:00,1100.85,1082.0,1109.7,1082.0
276,2021-12-24 00:00:00,1084.35,1079.0,1090.0,1065.0
277,2022-01-12 00:00:00,1428.7,1406.0,1459.0,1369.0
278,2022-01-25 00:00:00,1283.85,1240.0,1359.0,1200.0
279,2022-02-08 00:00:00,1288.9,1315.0,1323.05,1270.0
280,2022-03-14 00:00:00,1213.0,1251.95,1264.0,1209.05
281,2022-04-08 00:00:00,1275.95,1248.3,1281.95,1248.3
282,2022-02-25 00:00:00,1194.05,1174.0,1200.0,1154.9
283,2022-05-06 00:00:00,1110.4,1126.0,1143.65,1096.1
284,2022-04-20 00:00:00,1207.75,1210.0,1236.45,1205.55
285,2022-05-25 00:00:00,944.75,975.0,986.6,940.05
286,2022-04-26 00:00:00,1194.6,1205.0,1214.2,1191.0
287,2022-06-06 00:00:00,999.85,1010.0,1010.0,983.0
288,2022-04-28 00:00:00,1225.15,1208.0,1230.0,1185.4
289,2022-07-05 00:00:00,1015.8,1032.45,1040.4,1010.55
290,2022-06-07 00:00:00,996.85,996.0,1005.0,977.0
291,2022-07-15 00:00:00,1018.15,1035.5,1042.0,1015.0
292,2022-08-08 00:00:00,1106.35,1114.95,1125.3,1075.6
293,2022-06-08 00:00:00,998.6,1005.0,1018.0,993.5
294,2022-08-12 00:00:00,1168.7,1190.0,1195.0,1156.0
295,2022-07-26 00:00:00,1031.45,1029.0,1042.5,1020.25
296,2022-08-03 00:00:00,1088.25,1110.0,1111.0,1084.0
297,2022-09-16 00:00:00,1269.5,1314.9,1316.85,1259.0
298,2022-11-15 00:00:00,1251.7,1263.0,1265.95,1238.1
299,2022-08-23 00:00:00,1255.55,1299.0,1299.0,1248.0
300,2022-08-29 00:00:00,1323.7,1253.1,1347.25,1244.25
301,2022-12-28 00:00:00,1061.25,1056.0,1068.0,1040.0
302,2022-09-19 00:00:00,1274.1,1280.0,1292.0,1231.4
303,2022-10-07 00:00:00,1271.3,1280.0,1284.4,1263.05
304,2023-02-09 00:00:00,1043.6,1030.0,1050.0,1030.0
305,2023-02-17 00:00:00,1024.65,1024.7,1037.45,1021.55
306,2022-11-16 00:00:00,1260.35,1254.0,1276.0,1232.9
307,2023-03-23 00:00:00,973.2,992.0,992.0,970.0
308,2023-04-21 00:00:00,902.55,910.0,914.0,900.0
309,2022-12-15 00:00:00,1138.85,1160.0,1161.25,1132.0
310,2023-06-02 00:00:00,963.35,967.05,971.95,960.0
311,2022-12-21 00:00:00,1054.5,1075.05,1094.95,1048.05
312,2023-07-04 00:00:00,1062.95,1079.95,1088.1,1058.0
313,2023-07-06 00:00:00,1067.45,1072.35,1078.3,1062.9
314,2022-12-26 00:00:00,1044.1,1029.4,1056.05,1003.0
315,2023-01-06 00:00:00,1055.3,1042.2,1060.0,1025.25
316,2023-07-11 00:00:00,1070.15,1037.6,1073.1,1027.25
317,2023-02-14 00:00:00,1034.9,1035.75,1045.55,1031.0
318,2023-07-18 00:00:00,1071.7,1086.55,1095.55,1070.0
319,2023-02-16 00:00:00,1023.4,1024.0,1037.9,1021.85
320,2023-03-10 00:00:00,991.0,998.35,998.35,982.55
321,2023-03-15 00:00:00,948.5,966.6,973.5,945.0
322,2023-03-17 00:00:00,954.8,940.0,965.75,940.0
323,2023-04-13 00:00:00,939.9,945.0,952.9,939.0
324,2023-05-15 00:00:00,921.4,885.05,928.0,866.5
325,2023-06-23 00:00:00,1083.9,1119.7,1119.7,1075.6
326,2023-07-13 00:00:00,1065.8,1057.25,1088.0,1053.5
327,2023-07-24 00:00:00,1050.65,1045.0,1063.1,1037.0
328,2022-02-23 00:00:00,1200.1,1206.0,1239.8,1195.0
329,2022-03-22 00:00:00,1224.55,1230.0,1230.0,1204.0
330,2022-04-01 00:00:00,1268.55,1269.0,1283.7,1260.0
331,2022-05-24 00:00:00,1015.65,1049.7,1062.0,1010.0
332,2022-06-02 00:00:00,1029.55,1047.0,1055.0,1025.5
333,2022-06-21 00:00:00,956.0,929.0,974.0,927.35
334,2022-07-08 00:00:00,1039.85,1025.0,1045.6,1015.0
335,2022-08-02 00:00:00,1109.5,1105.0,1124.05,1092.3
336,2022-08-22 00:00:00,1300.15,1222.0,1305.0,1212.5
337,2022-08-26 00:00:00,1333.6,1335.0,1369.0,1328.0
338,2022-09-06 00:00:00,1259.85,1290.0,1290.0,1255.55
339,2022-10-06 00:00:00,1277.85,1250.0,1289.4,1250.0
340,2022-11-11 00:00:00,1262.95,1201.0,1270.0,1181.05
341,2022-11-17 00:00:00,1228.1,1255.5,1272.9,1217.5
342,2022-11-21 00:00:00,1260.35,1293.4,1300.0,1253.25
343,2022-11-28 00:00:00,1225.65,1217.0,1232.15,1213.0
344,2022-12-05 00:00:00,1231.4,1237.0,1247.95,1223.0
345,2022-12-06 00:00:00,1217.95,1230.0,1232.6,1215.1
346,2023-01-04 00:00:00,1043.65,1072.5,1077.4,1042.0
347,2023-01-05 00:00:00,1037.0,1049.1,1052.95,1033.0
348,2023-02-10 00:00:00,1049.05,1047.85,1062.4,1045.9
349,2023-02-15 00:00:00,1020.8,1033.9,1036.95,1018.0
350,2023-03-27 00:00:00,935.7,950.0,951.9,930.0
351,2023-04-17 00:00:00,928.9,939.0,939.5,928.0
352,2023-04-18 00:00:00,917.8,928.9,934.6,916.0
353,2023-05-04 00:00:00,922.8,924.0,929.1,920.0
354,2023-05-12 00:00:00,919.9,929.0,930.4,917.2
355,2023-06-21 00:00:00,1119.5,1085.4,1139.2,1084.25
356,2023-06-30 00:00:00,1096.3,1096.7,1100.85,1081.5
357,2023-07-10 00:00:00,1032.1,1073.95,1073.95,1026.25
358,2023-07-28 00:00:00,1046.8,1061.05,1068.65,1044.05
359,2023-08-08 00:00:00,1111.4,1116.75,1135.0,1105.5
360,2023-08-17 00:00:00,1079.95,1091.8,1106.9,1077.0
361,2022-03-04 00:00:00,1157.95,1185.0,1197.95,1155.0
362,2022-04-19 00:00:00,1207.55,1237.0,1247.9,1200.0
363,2022-05-12 00:00:00,1002.45,1039.0,1042.0,999.0
364,2022-05-18 00:00:00,1107.9,1095.0,1153.8,1072.0
365,2022-06-15 00:00:00,1019.7,988.9,1029.3,975.05
366,2022-07-06 00:00:00,1011.8,1016.9,1022.0,1002.0
367,2022-07-22 00:00:00,1043.6,1051.0,1056.6,1039.25
368,2022-08-10 00:00:00,1101.45,1117.0,1117.6,1097.0
369,2022-08-25 00:00:00,1328.25,1298.9,1340.0,1287.0
370,2022-10-21 00:00:00,1180.1,1181.0,1195.5,1171.0
371,2022-11-10 00:00:00,1182.4,1190.65,1197.0,1155.0
372,2022-11-29 00:00:00,1251.5,1230.0,1260.0,1217.0
373,2022-12-08 00:00:00,1185.5,1197.0,1205.0,1182.8
374,2022-12-23 00:00:00,1022.5,1059.95,1061.9,1012.0
375,2023-02-07 00:00:00,1063.7,1082.6,1084.6,1058.8
376,2023-02-20 00:00:00,1029.55,1024.65,1036.0,1021.05
377,2023-02-24 00:00:00,990.15,1021.5,1023.0,984.35
378,2023-03-06 00:00:00,1045.55,1018.6,1049.85,1015.55
379,2023-03-08 00:00:00,1030.9,1042.1,1044.95,1024.2
380,2023-03-16 00:00:00,931.7,953.15,953.15,930.0
381,2023-04-12 00:00:00,944.9,950.1,958.55,944.0
382,2023-04-26 00:00:00,893.45,906.75,906.75,892.0
383,2023-04-27 00:00:00,920.6,898.75,923.65,877.6
384,2023-05-10 00:00:00,936.8,944.7,955.6,931.4
385,2023-06-06 00:00:00,987.0,975.5,1002.95,975.5
386,2023-06-08 00:00:00,1001.95,1000.0,1011.0,985.55
387,2023-07-12 00:00:00,1057.25,1072.0,1079.4,1055.0
388,2023-08-14 00:00:00,1067.6,1071.1,1080.0,1056.0
389,2022-03-11 00:00:00,1251.0,1254.9,1280.0,1235.0
390,2022-02-28 00:00:00,1218.25,1190.0,1227.4,1158.0
391,2022-03-23 00:00:00,1220.7,1235.0,1248.3,1217.3
392,2022-04-12 00:00:00,1257.0,1290.0,1291.0,1245.0
393,2022-04-13 00:00:00,1270.1,1268.9,1273.95,1251.0
394,2022-04-18 00:00:00,1229.25,1268.0,1268.0,1223.65
395,2022-05-04 00:00:00,1183.45,1221.0,1224.0,1175.0
396,2022-05-16 00:00:00,966.9,1045.0,1045.0,960.0
397,2022-05-27 00:00:00,937.4,915.5,954.8,911.0
398,2022-06-17 00:00:00,957.75,988.0,988.0,952.0
399,2022-06-30 00:00:00,1060.3,1040.1,1067.8,1032.05
400,2022-07-27 00:00:00,1039.85,1029.85,1047.0,1026.0
401,2022-09-01 00:00:00,1312.55,1311.0,1338.95,1302.0
402,2022-09-26 00:00:00,1202.65,1251.0,1251.0,1178.0
403,2022-10-25 00:00:00,1181.65,1196.0,1199.0,1175.0
404,2022-10-28 00:00:00,1155.6,1163.05,1172.95,1138.05
405,2023-01-02 00:00:00,1072.05,1090.95,1093.6,1069.0
406,2023-01-18 00:00:00,1017.25,1021.0,1028.0,1015.2
407,2023-02-23 00:00:00,1017.7,1025.65,1025.65,1009.0
408,2023-03-24 00:00:00,950.1,973.6,978.2,946.65
409,2023-05-24 00:00:00,925.2,908.0,933.0,903.35
410,2023-06-01 00:00:00,958.85,965.0,977.4,954.0
411,2023-06-28 00:00:00,1088.0,1106.05,1107.9,1085.0
412,2023-07-17 00:00:00,1086.55,1086.3,1102.8,1084.2
413,2023-08-01 00:00:00,1138.85,1084.0,1165.0,1075.05
414,2022-03-24 00:00:00,1219.5,1218.95,1238.15,1212.4
415,2022-03-25 00:00:00,1208.75,1220.0,1230.0,1203.0
416,2022-04-04 00:00:00,1270.15,1281.9,1293.9,1264.5
417,2022-04-27 00:00:00,1201.4,1185.0,1215.0,1163.4
418,2022-05-09 00:00:00,1119.0,1090.0,1132.0,1080.0
419,2022-05-30 00:00:00,1033.45,990.0,1044.9,963.0
420,2022-06-23 00:00:00,1016.25,975.5,1025.0,975.5
421,2022-07-20 00:00:00,1055.8,1078.0,1081.15,1048.0
422,2022-09-21 00:00:00,1262.95,1275.85,1292.9,1259.0
423,2022-11-02 00:00:00,1166.15,1165.0,1171.45,1156.35
424,2022-11-07 00:00:00,1153.25,1165.0,1178.0,1145.0
425,2022-11-14 00:00:00,1260.0,1266.85,1279.7,1252.5
426,2022-11-24 00:00:00,1210.75,1235.05,1235.05,1181.8
427,2022-12-14 00:00:00,1161.3,1175.0,1176.45,1158.05
428,2023-01-27 00:00:00,1049.7,1054.0,1061.0,1039.95
429,2023-01-30 00:00:00,1065.05,1049.65,1068.0,1033.4
430,2023-01-31 00:00:00,1105.2,1061.0,1110.0,1058.55
431,2023-02-28 00:00:00,1024.15,979.9,1053.0,963.0
432,2023-04-05 00:00:00,968.45,1000.0,1009.0,966.0
433,2023-04-11 00:00:00,944.6,946.7,963.8,943.05
434,2023-04-24 00:00:00,903.85,904.05,923.2,900.55
435,2023-04-28 00:00:00,931.65,928.8,939.4,920.6
436,2023-05-25 00:00:00,937.95,930.0,942.05,928.2
437,2023-06-15 00:00:00,1031.75,1003.25,1042.0,1000.6
438,2023-06-26 00:00:00,1095.7,1082.05,1109.65,1062.8
439,2023-07-21 00:00:00,1047.3,1063.65,1063.65,1043.35
440,2022-04-05 00:00:00,1272.2,1280.0,1282.0,1262.2
441,2022-04-22 00:00:00,1218.85,1213.0,1223.0,1211.05
442,2022-05-10 00:00:00,1079.0,1119.0,1131.1,1054.9
443,2022-05-11 00:00:00,1035.3,1065.05,1079.0,1013.4
444,2022-05-23 00:00:00,1039.15,1060.0,1070.0,1025.2
445,2022-06-20 00:00:00,928.75,966.9,966.9,922.35
446,2022-06-29 00:00:00,1043.05,1016.6,1049.5,1010.3
447,2022-07-04 00:00:00,1025.0,1016.4,1042.8,1006.65
448,2022-08-30 00:00:00,1309.45,1345.0,1366.35,1298.0
449,2022-09-15 00:00:00,1317.45,1330.0,1342.5,1311.0
450,2022-12-01 00:00:00,1248.6,1263.7,1270.0,1238.05
451,2023-01-10 00:00:00,1024.2,1049.9,1050.75,1016.0
452,2023-01-11 00:00:00,1023.65,1025.0,1037.35,1021.1
453,2023-01-20 00:00:00,1035.95,1028.45,1042.0,1026.85
454,2023-03-03 00:00:00,1013.2,1012.95,1018.95,1006.2
455,2023-03-14 00:00:00,964.1,980.1,990.0,961.05
456,2023-04-25 00:00:00,903.05,908.8,940.0,901.0
457,2023-05-08 00:00:00,940.35,934.45,948.0,928.05
458,2023-05-18 00:00:00,911.2,909.7,925.0,905.95
459,2023-08-16 00:00:00,1091.85,1067.35,1095.0,1060.0
460,2023-08-18 00:00:00,1082.85,1079.0,1088.0,1062.65
461,2023-08-23 00:00:00,1092.25,1087.8,1095.0,1083.05
462,2022-03-10 00:00:00,1258.6,1287.7,1289.0,1246.1
463,2022-06-28 00:00:00,1026.95,1030.0,1040.75,1014.0
464,2022-07-21 00:00:00,1039.05,1058.5,1065.0,1035.0
465,2022-09-08 00:00:00,1320.2,1274.8,1332.0,1269.3
466,2022-10-20 00:00:00,1175.1,1179.0,1183.65,1165.0
467,2022-11-25 00:00:00,1218.0,1215.65,1235.0,1210.0
468,2022-12-02 00:00:00,1233.45,1248.0,1248.0,1230.0
469,2022-12-19 00:00:00,1071.4,1090.0,1092.05,1051.55
470,2023-03-21 00:00:00,976.8,980.0,997.9,972.05
471,2023-04-10 00:00:00,946.7,964.05,970.4,941.35
472,2023-05-19 00:00:00,915.1,919.95,919.95,909.0
473,2023-05-29 00:00:00,942.3,925.0,944.8,925.0
474,2023-05-30 00:00:00,945.25,945.0,949.0,934.6
475,2023-06-27 00:00:00,1105.9,1099.0,1110.4,1087.5
476,2023-07-03 00:00:00,1073.85,1099.0,1100.0,1070.85
477,2023-08-03 00:00:00,1098.95,1119.1,1139.05,1096.0
478,2023-08-11 00:00:00,1071.1,1102.9,1105.3,1067.35
479,2022-03-29 00:00:00,1229.3,1216.0,1234.85,1207.0
480,2022-06-03 00:00:00,1015.85,1059.7,1059.7,1010.0
481,2022-06-10 00:00:00,1002.75,995.0,1010.0,986.2
482,2022-07-13 00:00:00,1026.4,1022.05,1040.0,1022.05
483,2022-08-17 00:00:00,1205.8,1225.0,1233.7,1199.55
484,2022-08-18 00:00:00,1208.55,1205.8,1225.25,1197.0
485,2022-08-19 00:00:00,1232.2,1215.0,1264.0,1208.0
486,2022-09-13 00:00:00,1355.15,1338.0,1363.0,1329.05
487,2022-09-28 00:00:00,1205.15,1207.7,1225.0,1195.65
488,2022-10-04 00:00:00,1245.6,1267.9,1267.9,1240.0
489,2022-10-11 00:00:00,1215.05,1244.7,1244.7,1207.25
490,2022-12-16 00:00:00,1092.25,1109.85,1127.0,1090.0
491,2022-12-30 00:00:00,1082.75,1089.35,1101.25,1074.95
492,2023-01-12 00:00:00,1035.55,1021.4,1040.0,1021.4
493,2023-01-25 00:00:00,1049.35,1040.9,1062.0,1027.0
494,2023-02-21 00:00:00,1031.7,1029.55,1036.95,1026.05
495,2023-05-16 00:00:00,909.05,926.0,928.0,901.6
496,2023-06-22 00:00:00,1117.8,1120.35,1125.3,1100.2
497,2023-08-21 00:00:00,1074.7,1082.85,1084.8,1067.2
498,2022-03-07 00:00:00,1148.0,1145.0,1165.0,1108.5
499,2022-02-24 00:00:00,1114.5,1155.0,1185.85,1106.05
500,2022-03-03 00:00:00,1194.75,1210.0,1222.0,1190.25
501,2022-05-19 00:00:00,1061.5,1041.0,1088.3,1041.0
502,2022-06-22 00:00:00,980.7,958.7,990.4,934.1
503,2022-06-27 00:00:00,1041.05,1046.25,1047.4,1020.8
504,2022-07-28 00:00:00,1042.55,1050.0,1056.0,1040.0
505,2022-09-05 00:00:00,1279.2,1297.9,1304.0,1275.1
506,2022-10-10 00:00:00,1239.3,1251.3,1259.5,1235.0
507,2022-10-13 00:00:00,1180.65,1201.65,1215.0,1158.0
508,2022-10-14 00:00:00,1174.75,1209.2,1209.2,1170.8
509,2022-10-18 00:00:00,1179.1,1170.0,1180.95,1161.45
510,2022-10-19 00:00:00,1190.85,1182.0,1198.7,1167.0
511,2022-11-04 00:00:00,1161.8,1163.0,1169.0,1143.55
512,2022-12-20 00:00:00,1067.75,1070.0,1095.8,1060.0
513,2023-01-16 00:00:00,1025.85,1033.0,1035.0,1020.1
514,2023-01-23 00:00:00,1025.8,1044.0,1044.0,1022.0
515,2023-02-03 00:00:00,1074.3,1077.7,1099.7,1054.55
516,2023-02-13 00:00:00,1030.55,1049.05,1059.9,1028.0
517,2023-03-20 00:00:00,971.8,943.8,979.0,943.8
518,2023-03-31 00:00:00,987.1,965.0,989.5,962.2
519,2023-05-05 00:00:00,928.9,922.0,936.05,920.2
520,2023-05-31 00:00:00,959.15,949.0,964.0,940.55
521,2023-06-05 00:00:00,986.35,969.95,988.45,966.0
522,2023-06-19 00:00:00,1024.2,1046.85,1046.85,1015.0
523,2023-07-19 00:00:00,1075.3,1076.95,1088.0,1056.0
524,2023-07-27 00:00:00,1066.2,1083.8,1088.95,1061.05
525,2023-08-07 00:00:00,1110.55,1145.45,1145.45,1100.0
526,2023-08-09 00:00:00,1121.1,1115.0,1129.85,1111.0
527,2023-08-22 00:00:00,1083.05,1080.0,1093.6,1076.05
528,2022-04-25 00:00:00,1196.75,1198.0,1206.3,1190.5
529,2022-03-09 00:00:00,1217.5,1179.8,1234.85,1161.0
530,2022-05-17 00:00:00,1108.8,982.0,1132.0,939.0
531,2022-03-15 00:00:00,1192.7,1224.0,1232.2,1187.9
532,2022-05-26 00:00:00,909.4,930.0,939.0,871.55
533,2022-04-06 00:00:00,1254.05,1266.0,1271.4,1248.0
534,2022-06-14 00:00:00,969.6,980.1,993.15,965.05
535,2022-04-29 00:00:00,1221.75,1234.25,1239.0,1209.15
536,2022-05-02 00:00:00,1219.65,1201.75,1228.6,1200.0
537,2022-06-24 00:00:00,1025.75,1028.8,1044.55,996.4
538,2022-07-14 00:00:00,1035.65,1028.1,1040.4,1010.85
539,2022-05-05 00:00:00,1152.25,1205.0,1207.15,1140.3
540,2022-08-24 00:00:00,1286.1,1287.0,1328.0,1271.0
541,2022-05-13 00:00:00,1034.3,1019.0,1062.5,1011.5
542,2022-09-07 00:00:00,1259.6,1252.9,1275.0,1251.0
543,2022-05-20 00:00:00,1052.4,1090.0,1091.55,1043.0
544,2022-09-09 00:00:00,1309.1,1335.0,1345.9,1305.35
545,2022-05-31 00:00:00,1052.05,1030.0,1060.0,990.9
546,2022-09-12 00:00:00,1325.65,1322.0,1350.0,1319.45
547,2022-06-16 00:00:00,991.65,1030.0,1042.0,980.75
548,2022-09-14 00:00:00,1326.5,1315.3,1343.95,1314.9
549,2022-07-01 00:00:00,1009.45,1060.0,1060.3,1004.65
550,2022-09-22 00:00:00,1267.95,1255.0,1281.5,1253.0
551,2022-07-25 00:00:00,1029.1,1042.95,1050.85,1025.8
552,2022-09-29 00:00:00,1209.6,1226.75,1226.75,1186.1
553,2022-08-04 00:00:00,1104.8,1099.0,1124.0,1072.0
554,2022-09-30 00:00:00,1261.15,1203.0,1268.4,1200.0
555,2022-09-20 00:00:00,1275.85,1277.0,1298.0,1266.0
556,2022-11-18 00:00:00,1286.95,1230.0,1298.9,1218.0
557,2022-10-12 00:00:00,1210.05,1217.0,1232.4,1207.0
558,2022-11-09 00:00:00,1190.95,1166.3,1205.0,1150.5
559,2022-12-07 00:00:00,1196.45,1222.0,1222.0,1193.5
560,2023-01-13 00:00:00,1025.65,1040.7,1041.95,1023.0
561,2023-01-19 00:00:00,1023.3,1017.4,1034.9,1015.0
562,2022-12-09 00:00:00,1174.7,1193.9,1198.6,1170.65
563,2023-04-06 00:00:00,959.05,970.0,978.4,954.05
564,2023-06-09 00:00:00,1014.3,1007.95,1020.0,998.05
565,2023-02-06 00:00:00,1080.6,1093.9,1097.0,1073.0
566,2023-03-02 00:00:00,1007.9,1022.0,1037.8,1002.0
567,2023-06-14 00:00:00,1003.25,989.3,1009.0,972.0
568,2023-06-16 00:00:00,1034.3,1038.7,1059.25,1008.0
569,2023-07-07 00:00:00,1056.75,1061.0,1077.6,1051.2
570,2023-07-20 00:00:00,1064.25,1079.0,1079.0,1061.0
571,2022-04-07 00:00:00,1245.8,1249.0,1275.0,1233.65
572,2022-07-07 00:00:00,1009.5,1022.0,1024.9,1005.9
573,2022-07-11 00:00:00,1039.85,1038.8,1054.65,1022.9
574,2022-07-19 00:00:00,1061.1,1068.4,1077.55,1055.0
575,2022-09-27 00:00:00,1207.7,1212.0,1228.7,1186.0
576,2022-10-27 00:00:00,1163.2,1181.65,1187.85,1157.0
577,2022-11-03 00:00:00,1163.0,1159.0,1178.85,1151.45
578,2022-12-12 00:00:00,1161.6,1183.0,1184.0,1160.0
579,2022-12-22 00:00:00,1069.1,1054.5,1091.95,1020.5
580,2022-12-27 00:00:00,1049.5,1057.45,1058.5,1025.0
581,2023-01-03 00:00:00,1072.05,1079.65,1079.65,1070.0
582,2023-01-17 00:00:00,1019.6,1025.85,1029.5,1016.0
583,2023-03-09 00:00:00,1002.0,1030.9,1034.25,999.75
584,2023-04-20 00:00:00,908.7,918.5,922.0,906.5
585,2023-05-09 00:00:00,944.7,945.0,949.0,939.0
586,2023-05-11 00:00:00,925.55,942.4,942.4,920.0
587,2023-05-26 00:00:00,924.95,941.65,941.65,916.1
588,2023-06-07 00:00:00,995.3,995.0,1002.55,990.1
589,2023-06-12 00:00:00,1016.55,1014.9,1025.8,1003.25
590,2023-06-13 00:00:00,988.8,1017.0,1021.65,985.0
591,2023-07-05 00:00:00,1072.35,1064.8,1083.4,1064.8
592,2023-08-02 00:00:00,1119.1,1149.0,1165.0,1106.3
593,2022-03-21 00:00:00,1231.3,1216.0,1243.0,1198.35
594,2022-03-17 00:00:00,1210.7,1220.0,1224.95,1205.0
595,2022-03-30 00:00:00,1247.95,1236.0,1262.0,1231.1
596,2022-06-01 00:00:00,1046.65,1045.05,1068.7,1027.0
597,2022-07-29 00:00:00,1061.4,1045.0,1068.95,1035.55
598,2022-08-05 00:00:00,1099.25,1111.0,1127.4,1095.3
599,2022-08-16 00:00:00,1214.85,1178.8,1226.35,1160.1
600,2022-09-23 00:00:00,1271.6,1267.95,1305.0,1245.9
601,2022-10-03 00:00:00,1246.1,1261.0,1263.0,1221.55
602,2022-10-24 00:00:00,1190.4,1198.0,1199.95,1180.25
603,2022-10-31 00:00:00,1154.5,1157.0,1167.1,1145.5
604,2022-11-22 00:00:00,1234.9,1264.65,1272.4,1230.0
605,2022-11-30 00:00:00,1254.1,1256.85,1271.95,1241.5
606,2022-12-13 00:00:00,1163.65,1164.55,1175.35,1161.1
607,2022-12-29 00:00:00,1077.0,1056.9,1083.0,1046.05
608,2023-01-09 00:00:00,1045.55,1064.0,1068.6,1040.0
609,2023-01-24 00:00:00,1040.9,1031.6,1043.0,1022.55
610,2023-02-02 00:00:00,1066.45,1065.05,1079.95,1045.25
611,2023-02-22 00:00:00,1021.55,1034.0,1038.45,1019.05
612,2023-03-13 00:00:00,975.2,990.95,990.95,971.1
613,2023-03-29 00:00:00,960.4,955.0,974.0,948.0
614,2023-05-23 00:00:00,908.45,910.0,912.25,906.0
615,2023-08-10 00:00:00,1100.3,1110.95,1114.8,1095.0
616,2022-03-02 00:00:00,1183.3,1201.0,1214.5,1180.0
617,2022-03-08 00:00:00,1158.05,1150.0,1169.95,1140.4
618,2022-03-16 00:00:00,1198.55,1230.0,1230.0,1192.7
619,2022-03-28 00:00:00,1206.0,1215.0,1218.0,1191.3
620,2022-03-31 00:00:00,1260.05,1258.0,1278.0,1236.5
621,2022-04-11 00:00:00,1287.85,1275.3,1336.6,1270.05
622,2022-06-09 00:00:00,1014.75,999.0,1019.95,982.0
623,2022-06-13 00:00:00,981.45,975.0,999.0,957.5
624,2022-07-18 00:00:00,1069.25,1038.0,1100.0,1026.1
625,2022-08-01 00:00:00,1098.65,1073.15,1131.0,1065.05
626,2022-08-11 00:00:00,1185.55,1116.1,1197.5,1107.85
627,2023-02-01 00:00:00,1070.55,1102.9,1114.75,1052.5
628,2023-02-08 00:00:00,1039.75,1063.7,1070.25,1030.05
629,2023-03-22 00:00:00,990.65,981.7,995.75,966.0
630,2023-03-28 00:00:00,951.05,936.0,962.4,928.05
631,2023-04-19 00:00:00,912.5,921.05,925.75,911.0
632,2023-05-17 00:00:00,901.4,910.05,922.45,897.35
633,2023-06-20 00:00:00,1081.2,1024.0,1100.0,1017.0
634,2023-07-26 00:00:00,1076.7,1043.75,1086.85,1032.0
635,2023-07-31 00:00:00,1073.75,1050.95,1076.9,1048.1
636,2022-04-21 00:00:00,1225.85,1222.0,1231.2,1215.35
637,2022-07-12 00:00:00,1025.6,1035.0,1046.15,1020.5
638,2022-09-02 00:00:00,1294.9,1325.0,1328.05,1290.85
639,2022-10-17 00:00:00,1157.75,1166.0,1175.55,1146.0
640,2022-11-01 00:00:00,1160.2,1159.4,1174.2,1152.55
641,2022-11-23 00:00:00,1228.9,1236.0,1257.95,1221.0
642,2023-02-27 00:00:00,978.8,989.5,993.9,927.55
643,2023-03-01 00:00:00,1022.1,1022.0,1027.4,1012.0
644,2023-04-03 00:00:00,989.05,1018.0,1018.0,985.35
645,2023-05-02 00:00:00,935.0,934.0,946.8,933.2
646,2023-05-03 00:00:00,924.2,934.7,935.0,922.0
647,2023-05-22 00:00:00,905.6,915.85,917.0,902.25
648,2023-07-14 00:00:00,1086.3,1071.35,1097.0,1066.15
649,2023-07-25 00:00:00,1036.3,1054.6,1058.0,1032.0
650,2023-08-04 00:00:00,1109.35,1107.0,1142.9,1105.0
