,time,close,open,high,low
0,2021-01-15 00:00:00,522.55,511.95,527.9,511.4
1,2021-02-08 00:00:00,538.3,538.0,546.0,528.15
2,2021-02-12 00:00:00,535.8,545.8,547.3,531.5
3,2021-01-13 00:00:00,491.7,502.0,505.8,484.4
4,2021-02-18 00:00:00,541.05,536.35,556.6,532.0
5,2021-04-28 00:00:00,608.05,602.95,613.7,601.2
6,2021-04-01 00:00:00,653.6,640.95,656.9,635.0
7,2021-06-07 00:00:00,850.5,841.0,862.25,834.2
8,2021-05-17 00:00:00,770.75,757.0,785.0,752.05
9,2021-06-21 00:00:00,772.2,800.0,800.0,768.3
10,2021-08-02 00:00:00,791.05,808.55,810.65,785.05
11,2021-08-10 00:00:00,771.1,780.35,787.0,762.5
12,2021-07-07 00:00:00,816.9,804.9,821.5,802.0
13,2021-07-09 00:00:00,814.55,812.0,823.0,808.1
14,2021-09-28 00:00:00,716.8,728.0,732.9,710.25
15,2021-07-13 00:00:00,831.95,828.9,833.8,823.1
16,2021-10-14 00:00:00,747.85,753.0,759.0,745.25
17,2021-09-06 00:00:00,755.75,755.0,759.0,749.45
18,2021-11-29 00:00:00,689.35,704.0,710.25,679.25
19,2021-09-13 00:00:00,756.0,754.0,767.7,751.65
20,2021-12-02 00:00:00,698.2,691.5,700.45,687.25
21,2021-12-09 00:00:00,742.2,728.1,744.0,727.55
22,2021-09-14 00:00:00,752.5,760.9,764.85,751.0
23,2021-09-29 00:00:00,717.15,711.9,722.9,709.0
24,2021-12-22 00:00:00,754.3,735.0,757.0,735.0
25,2021-10-20 00:00:00,715.9,733.7,734.9,711.25
26,2021-12-31 00:00:00,747.1,748.0,757.1,745.55
27,2022-01-18 00:00:00,799.1,821.55,825.0,795.85
28,2021-11-09 00:00:00,746.35,744.7,753.4,742.65
29,2021-12-24 00:00:00,746.85,759.0,759.0,739.1
30,2022-01-06 00:00:00,782.75,766.0,787.0,759.45
31,2022-01-28 00:00:00,790.25,778.0,806.5,777.55
32,2022-02-18 00:00:00,724.95,728.0,736.2,719.0
33,2022-04-01 00:00:00,781.55,770.5,783.5,770.5
34,2022-02-08 00:00:00,758.65,757.0,763.95,744.1
35,2022-05-09 00:00:00,777.6,772.0,806.65,768.55
36,2022-05-30 00:00:00,782.55,760.35,787.8,760.35
37,2022-05-05 00:00:00,823.25,830.4,841.4,819.1
38,2022-06-14 00:00:00,715.7,721.9,731.95,712.25
39,2022-05-11 00:00:00,792.15,801.0,812.7,782.8
40,2022-06-15 00:00:00,712.15,721.5,723.6,707.05
41,2022-07-28 00:00:00,727.7,725.9,730.8,719.4
42,2022-06-21 00:00:00,654.2,642.25,656.95,642.25
43,2022-08-12 00:00:00,788.9,768.0,790.0,768.0
44,2022-07-27 00:00:00,721.6,715.0,723.0,708.0
45,2022-08-18 00:00:00,773.95,789.0,791.5,773.0
46,2022-08-19 00:00:00,768.25,773.95,779.55,764.0
47,2022-09-09 00:00:00,742.0,742.0,756.85,740.1
48,2022-09-02 00:00:00,745.8,760.25,762.1,744.3
49,2022-09-16 00:00:00,703.4,746.35,753.25,699.0
50,2022-09-07 00:00:00,741.1,736.05,743.0,734.0
51,2022-09-19 00:00:00,712.25,706.95,718.55,696.05
52,2022-09-20 00:00:00,719.9,715.85,723.6,714.2
53,2022-10-25 00:00:00,694.45,709.95,709.95,691.15
54,2022-11-11 00:00:00,767.9,760.0,769.9,759.05
55,2023-01-09 00:00:00,734.2,724.0,736.15,722.6
56,2022-11-17 00:00:00,771.45,767.5,776.0,761.1
57,2023-02-14 00:00:00,761.6,736.5,766.95,735.6
58,2022-12-22 00:00:00,729.35,755.25,761.45,727.45
59,2023-02-15 00:00:00,769.35,760.95,770.4,759.2
60,2023-01-03 00:00:00,719.35,722.5,727.25,717.2
61,2023-03-09 00:00:00,712.1,716.7,723.2,710.95
62,2023-04-06 00:00:00,726.15,734.0,734.0,723.0
63,2023-02-16 00:00:00,770.35,770.0,773.7,767.0
64,2023-02-24 00:00:00,738.3,748.85,754.8,736.0
65,2023-06-15 00:00:00,680.8,682.75,688.0,676.65
66,2023-02-28 00:00:00,694.2,708.0,710.6,693.25
67,2023-07-25 00:00:00,626.0,635.0,635.0,624.05
68,2023-03-23 00:00:00,709.7,717.75,718.2,708.1
69,2023-08-01 00:00:00,625.7,621.0,628.3,611.0
70,2023-04-13 00:00:00,737.0,739.9,744.1,734.0
71,2023-08-07 00:00:00,606.8,604.5,609.75,604.0
72,2023-04-17 00:00:00,737.15,742.95,744.5,732.0
73,2023-04-27 00:00:00,727.2,716.3,730.75,716.3
74,2023-05-11 00:00:00,682.9,682.2,687.45,680.35
75,2023-05-12 00:00:00,678.2,685.05,685.8,673.0
76,2023-05-31 00:00:00,685.1,684.25,691.05,682.0
77,2023-06-19 00:00:00,685.6,694.95,696.0,681.5
78,2023-07-03 00:00:00,680.3,688.4,688.95,678.0
79,2021-01-27 00:00:00,574.25,588.15,601.15,569.0
80,2021-03-02 00:00:00,589.45,603.0,608.8,580.15
81,2021-03-05 00:00:00,591.55,615.45,615.9,586.0
82,2021-01-04 00:00:00,473.15,473.4,475.0,466.65
83,2021-03-26 00:00:00,585.4,606.0,606.0,581.0
84,2021-03-19 00:00:00,625.45,598.0,628.9,586.2
85,2021-04-29 00:00:00,615.8,613.4,621.0,609.8
86,2021-04-27 00:00:00,597.45,591.1,605.2,589.4
87,2021-05-28 00:00:00,811.7,818.45,824.45,809.0
88,2021-06-03 00:00:00,840.25,842.95,845.0,828.0
89,2021-06-16 00:00:00,838.2,843.9,854.55,836.15
90,2021-06-15 00:00:00,841.8,834.2,845.65,830.4
91,2021-07-19 00:00:00,833.25,834.9,849.0,822.3
92,2021-07-08 00:00:00,814.1,813.4,824.75,807.35
93,2021-08-06 00:00:00,777.3,779.9,791.7,775.6
94,2021-09-09 00:00:00,757.9,761.65,762.0,754.1
95,2021-08-13 00:00:00,779.1,778.0,784.3,770.6
96,2021-09-23 00:00:00,726.85,725.1,732.0,723.05
97,2021-09-02 00:00:00,753.35,752.0,757.9,746.0
98,2021-10-08 00:00:00,738.0,728.05,747.45,726.25
99,2021-09-07 00:00:00,752.05,757.0,759.95,746.0
100,2021-10-12 00:00:00,744.3,742.45,749.9,738.05
101,2021-09-30 00:00:00,707.7,717.15,719.9,706.15
102,2021-12-20 00:00:00,708.3,703.5,715.6,693.3
103,2022-01-10 00:00:00,821.6,792.1,825.0,791.7
104,2021-10-26 00:00:00,713.25,695.0,716.45,693.6
105,2021-11-24 00:00:00,721.7,726.0,736.1,716.15
106,2022-01-19 00:00:00,813.25,798.0,815.0,789.2
107,2022-01-12 00:00:00,822.4,821.1,825.1,812.4
108,2022-03-21 00:00:00,775.9,770.0,777.75,760.0
109,2022-03-25 00:00:00,798.55,807.0,814.5,791.6
110,2022-04-13 00:00:00,818.65,805.65,836.45,805.0
111,2022-05-17 00:00:00,817.35,808.0,819.7,798.7
112,2022-05-13 00:00:00,781.55,774.0,795.0,772.1
113,2022-06-03 00:00:00,769.65,782.9,782.9,766.55
114,2022-06-07 00:00:00,746.2,778.5,779.8,742.1
115,2022-05-23 00:00:00,791.25,810.0,815.35,788.75
116,2022-05-27 00:00:00,756.6,754.0,762.7,746.65
117,2022-06-08 00:00:00,735.15,746.0,748.7,730.0
118,2022-06-23 00:00:00,633.2,613.0,635.65,607.5
119,2022-06-13 00:00:00,726.4,726.0,732.4,719.55
120,2022-06-27 00:00:00,657.1,648.0,666.5,644.1
121,2022-07-01 00:00:00,643.5,630.0,646.0,621.95
122,2022-07-13 00:00:00,679.5,683.65,686.25,677.0
123,2022-07-11 00:00:00,690.8,688.45,695.0,683.25
124,2022-10-19 00:00:00,676.8,685.0,689.1,675.6
125,2022-12-20 00:00:00,754.85,769.0,771.55,749.0
126,2022-08-24 00:00:00,759.75,760.2,763.7,753.0
127,2022-12-28 00:00:00,723.55,716.0,731.9,714.0
128,2022-08-25 00:00:00,762.65,762.5,778.0,758.3
129,2022-10-31 00:00:00,730.2,717.5,732.0,711.0
130,2023-01-10 00:00:00,724.65,735.85,735.85,720.0
131,2023-01-23 00:00:00,749.45,742.95,753.45,738.2
132,2022-11-09 00:00:00,753.6,755.8,759.45,747.3
133,2023-01-13 00:00:00,718.8,721.0,723.6,714.4
134,2023-01-31 00:00:00,757.2,748.0,766.7,748.0
135,2023-01-30 00:00:00,745.15,748.75,750.55,737.6
136,2023-02-07 00:00:00,709.25,715.4,716.95,701.15
137,2023-02-13 00:00:00,733.8,730.0,736.4,725.0
138,2021-01-05 00:00:00,471.25,469.0,472.5,466.35
139,2023-03-21 00:00:00,708.15,708.65,720.0,704.65
140,2021-02-01 00:00:00,534.1,548.9,548.9,510.0
141,2023-02-21 00:00:00,747.15,761.75,764.1,744.3
142,2021-02-04 00:00:00,548.05,558.7,568.55,544.3
143,2023-03-29 00:00:00,707.4,714.6,718.0,698.4
144,2023-03-02 00:00:00,705.9,713.65,716.0,704.1
145,2021-02-11 00:00:00,543.55,530.2,545.6,530.2
146,2023-03-31 00:00:00,717.65,705.0,722.45,705.0
147,2021-03-10 00:00:00,621.3,630.6,630.6,612.5
148,2021-03-17 00:00:00,609.2,623.65,626.85,605.0
149,2023-05-23 00:00:00,680.65,670.45,681.75,670.45
150,2021-04-26 00:00:00,590.65,587.1,597.9,585.9
151,2021-06-25 00:00:00,805.15,809.0,814.0,801.85
152,2023-04-03 00:00:00,729.65,718.5,731.25,717.8
153,2023-07-05 00:00:00,669.8,679.0,679.0,669.2
154,2021-06-28 00:00:00,809.1,805.0,812.6,801.3
155,2021-07-15 00:00:00,836.25,821.75,839.3,819.25
156,2023-04-24 00:00:00,729.85,735.0,739.2,723.25
157,2021-07-29 00:00:00,819.7,822.95,822.95,810.0
158,2021-08-03 00:00:00,790.55,795.0,795.0,780.6
159,2023-05-08 00:00:00,715.4,718.7,725.0,700.45
160,2021-08-25 00:00:00,726.1,731.05,737.95,721.45
161,2023-05-26 00:00:00,688.1,676.0,688.95,676.0
162,2021-10-22 00:00:00,704.35,714.25,722.5,699.25
163,2021-11-03 00:00:00,737.05,720.3,756.5,720.3
164,2021-11-08 00:00:00,742.65,740.0,744.0,731.0
165,2023-07-04 00:00:00,676.95,684.9,688.55,675.8
166,2021-11-16 00:00:00,780.05,786.0,794.0,777.1
167,2021-11-17 00:00:00,755.6,777.0,777.0,752.7
168,2021-11-22 00:00:00,716.5,743.0,747.1,706.75
169,2023-07-14 00:00:00,639.55,632.0,640.1,631.5
170,2021-11-26 00:00:00,703.8,726.0,726.0,701.0
171,2022-01-05 00:00:00,764.5,759.0,769.85,757.4
172,2023-07-20 00:00:00,639.4,642.0,643.7,637.0
173,2022-02-23 00:00:00,688.0,700.05,702.65,684.85
174,2023-08-11 00:00:00,599.7,611.0,611.9,598.05
175,2022-02-25 00:00:00,654.7,656.2,663.85,644.65
176,2022-03-11 00:00:00,725.45,723.85,729.0,716.2
177,2022-04-19 00:00:00,804.9,807.0,823.9,800.0
178,2022-04-22 00:00:00,816.55,828.9,828.9,811.3
179,2022-04-25 00:00:00,803.05,805.0,808.95,791.5
180,2022-06-30 00:00:00,632.4,645.0,645.75,630.15
181,2022-07-05 00:00:00,656.4,659.0,671.65,654.6
182,2022-08-05 00:00:00,743.45,735.0,750.0,731.0
183,2022-08-08 00:00:00,749.15,743.4,751.55,736.55
184,2022-09-05 00:00:00,746.85,741.35,753.75,740.0
185,2022-10-03 00:00:00,665.1,671.2,681.8,664.0
186,2022-10-10 00:00:00,683.0,680.0,686.8,677.5
187,2022-11-21 00:00:00,759.6,765.0,765.0,755.3
188,2022-12-01 00:00:00,778.85,780.0,788.65,776.45
189,2022-12-02 00:00:00,783.7,780.1,785.0,768.0
190,2023-02-08 00:00:00,722.65,711.0,723.8,710.0
191,2023-02-10 00:00:00,726.9,717.1,729.35,716.55
192,2023-03-03 00:00:00,710.0,709.0,714.85,704.85
193,2023-04-19 00:00:00,735.95,741.9,741.9,731.5
194,2023-04-28 00:00:00,740.3,733.0,741.9,730.8
195,2023-05-16 00:00:00,672.85,677.0,677.85,671.0
196,2021-01-11 00:00:00,497.45,506.0,508.9,493.3
197,2021-01-20 00:00:00,576.35,563.0,581.85,556.5
198,2021-01-21 00:00:00,584.55,576.35,594.0,576.35
199,2021-03-16 00:00:00,620.25,625.05,639.55,616.55
200,2021-04-12 00:00:00,589.55,625.0,627.65,581.5
201,2021-05-10 00:00:00,674.6,635.7,680.35,635.55
202,2021-05-14 00:00:00,743.3,710.0,764.4,705.05
203,2021-05-18 00:00:00,769.4,776.5,778.0,759.15
204,2021-09-01 00:00:00,748.65,745.15,752.5,739.8
205,2021-09-20 00:00:00,705.6,738.0,738.0,701.0
206,2021-09-21 00:00:00,721.85,705.6,727.9,700.0
207,2021-09-22 00:00:00,724.9,721.0,726.15,713.75
208,2021-10-01 00:00:00,712.65,707.0,714.05,698.25
209,2021-10-05 00:00:00,714.65,705.0,719.6,700.55
210,2021-10-07 00:00:00,727.5,735.3,736.0,723.0
211,2021-10-28 00:00:00,729.9,743.0,748.2,725.85
212,2021-11-01 00:00:00,720.05,745.0,745.0,700.0
213,2021-11-15 00:00:00,784.05,771.0,791.4,770.35
214,2021-12-01 00:00:00,690.5,687.5,693.75,681.55
215,2021-12-17 00:00:00,715.6,729.0,732.15,713.55
216,2022-01-14 00:00:00,824.65,836.0,836.05,818.0
217,2022-01-21 00:00:00,786.9,801.0,804.85,780.1
218,2022-02-02 00:00:00,785.95,786.6,799.6,782.0
219,2022-03-08 00:00:00,724.2,730.4,740.95,707.6
220,2022-03-24 00:00:00,799.1,795.0,801.85,789.05
221,2022-03-29 00:00:00,782.0,781.5,790.4,779.05
222,2022-05-02 00:00:00,830.25,815.55,837.7,812.7
223,2022-05-04 00:00:00,824.2,830.9,848.0,816.95
224,2022-06-09 00:00:00,747.3,734.2,751.0,726.7
225,2022-09-14 00:00:00,748.3,748.0,760.15,743.8
226,2022-11-01 00:00:00,717.0,737.8,739.45,711.25
227,2022-12-26 00:00:00,718.25,712.45,725.35,707.5
228,2023-01-18 00:00:00,732.35,721.25,734.0,721.05
229,2023-02-27 00:00:00,708.3,736.0,738.0,704.0
230,2023-03-08 00:00:00,716.7,702.05,717.65,702.05
231,2023-03-10 00:00:00,711.65,710.0,714.9,705.05
232,2023-04-18 00:00:00,738.65,737.15,743.1,735.25
233,2023-05-24 00:00:00,682.25,680.65,684.8,674.0
234,2023-06-16 00:00:00,690.85,681.3,695.8,681.1
235,2023-08-10 00:00:00,609.65,615.95,618.9,606.25
236,2021-01-08 00:00:00,503.65,485.0,506.0,484.8
237,2021-01-28 00:00:00,565.45,569.0,570.7,557.2
238,2021-03-01 00:00:00,590.6,570.0,592.7,570.0
239,2021-03-23 00:00:00,633.35,622.5,643.95,621.0
240,2021-04-13 00:00:00,604.6,594.0,618.5,589.0
241,2021-05-26 00:00:00,812.6,795.0,815.75,791.5
242,2021-06-18 00:00:00,808.0,839.0,839.25,790.85
243,2021-06-23 00:00:00,804.0,809.0,810.95,793.1
244,2021-07-20 00:00:00,814.25,835.45,837.5,803.75
245,2021-08-30 00:00:00,740.45,732.95,744.55,730.0
246,2021-09-03 00:00:00,752.8,756.35,760.0,747.1
247,2021-09-08 00:00:00,762.0,753.5,772.5,747.4
248,2021-09-17 00:00:00,742.35,759.0,759.0,736.1
249,2021-10-18 00:00:00,751.1,749.2,762.0,745.2
250,2021-11-04 00:00:00,737.7,745.0,745.0,731.1
251,2021-11-18 00:00:00,741.45,755.6,761.9,740.0
252,2021-11-23 00:00:00,725.25,710.0,729.05,705.25
253,2021-12-28 00:00:00,761.75,763.9,765.0,757.2
254,2022-01-04 00:00:00,761.75,769.15,769.15,755.5
255,2022-01-27 00:00:00,771.95,794.85,794.85,765.0
256,2022-02-15 00:00:00,744.7,725.1,746.95,716.15
257,2022-02-17 00:00:00,727.05,737.0,742.7,725.75
258,2022-02-22 00:00:00,693.35,689.0,695.7,676.25
259,2022-03-02 00:00:00,689.55,663.65,697.0,659.5
260,2022-03-04 00:00:00,713.75,712.0,735.9,704.8
261,2022-04-04 00:00:00,784.35,781.45,790.0,779.05
262,2022-04-05 00:00:00,793.55,791.95,800.65,790.3
263,2022-04-18 00:00:00,805.15,813.65,817.7,792.3
264,2022-05-12 00:00:00,764.95,782.0,789.25,753.0
265,2022-05-18 00:00:00,821.1,817.0,827.0,809.25
266,2022-05-26 00:00:00,747.45,764.0,766.0,733.05
267,2022-06-10 00:00:00,734.4,738.0,739.95,732.55
268,2022-07-04 00:00:00,654.5,643.4,657.8,636.05
269,2022-07-20 00:00:00,686.25,693.0,697.5,685.15
270,2022-07-26 00:00:00,726.35,733.95,739.5,724.05
271,2023-07-10 00:00:00,660.1,666.5,666.5,658.85
272,2023-07-31 00:00:00,624.7,625.0,631.0,621.0
273,2023-08-09 00:00:00,615.2,604.0,616.9,602.8
274,2023-08-16 00:00:00,589.8,590.3,593.0,583.0
275,2023-05-19 00:00:00,668.0,674.0,676.0,657.05
276,2023-05-22 00:00:00,670.4,668.0,672.05,661.95
277,2023-05-30 00:00:00,689.05,691.0,694.0,684.1
278,2023-06-08 00:00:00,690.05,695.0,698.9,689.05
279,2023-06-12 00:00:00,678.95,680.25,682.55,674.2
280,2023-06-30 00:00:00,687.55,681.0,688.25,681.0
281,2023-07-26 00:00:00,631.9,628.0,635.85,627.55
282,2021-02-02 00:00:00,566.3,541.0,568.5,541.0
283,2021-02-25 00:00:00,593.0,560.8,597.0,559.0
284,2021-03-24 00:00:00,608.85,625.0,636.4,607.0
285,2021-04-15 00:00:00,607.35,611.0,623.9,597.4
286,2021-05-21 00:00:00,779.85,775.0,786.0,763.25
287,2021-05-31 00:00:00,815.1,811.7,821.85,808.25
288,2021-07-12 00:00:00,821.45,820.0,831.7,815.95
289,2021-08-04 00:00:00,785.0,792.7,798.85,780.3
290,2021-08-16 00:00:00,772.8,780.0,784.5,770.0
291,2021-10-04 00:00:00,702.95,713.1,719.9,694.0
292,2021-11-12 00:00:00,769.55,770.0,774.7,765.05
293,2021-12-23 00:00:00,754.75,759.0,759.0,748.65
294,2022-02-07 00:00:00,756.6,764.2,774.9,750.25
295,2022-02-11 00:00:00,753.2,765.85,766.95,750.0
296,2022-02-28 00:00:00,665.45,651.0,668.95,644.1
297,2022-03-09 00:00:00,725.2,732.5,734.8,712.7
298,2022-06-22 00:00:00,613.65,650.2,651.95,611.0
299,2022-07-25 00:00:00,733.95,725.1,737.7,723.9
300,2022-07-29 00:00:00,741.1,737.0,745.0,732.0
301,2022-08-03 00:00:00,731.35,739.9,744.4,725.0
302,2022-08-04 00:00:00,731.75,738.4,740.95,721.4
303,2022-09-21 00:00:00,717.5,717.0,724.45,705.0
304,2022-09-23 00:00:00,702.85,724.0,727.3,700.0
305,2022-11-22 00:00:00,768.75,760.0,770.0,757.05
306,2022-11-25 00:00:00,777.15,778.05,780.95,770.6
307,2022-12-06 00:00:00,787.9,801.9,802.8,782.3
308,2022-12-21 00:00:00,754.9,761.45,767.5,751.8
309,2023-01-04 00:00:00,715.65,721.2,722.1,712.0
310,2023-02-06 00:00:00,714.55,715.5,716.7,701.35
311,2023-03-01 00:00:00,713.3,699.2,714.45,694.55
312,2023-03-06 00:00:00,711.05,713.55,718.5,709.0
313,2023-03-17 00:00:00,715.65,705.5,717.85,696.8
314,2023-06-09 00:00:00,680.25,692.0,692.4,677.8
315,2023-06-14 00:00:00,682.75,682.0,689.45,678.65
316,2023-06-28 00:00:00,680.35,675.85,682.0,674.0
317,2023-07-13 00:00:00,631.0,642.5,649.5,630.0
318,2023-07-19 00:00:00,639.15,642.4,645.7,638.2
319,2023-08-17 00:00:00,584.95,589.0,591.3,584.0
320,2023-08-21 00:00:00,585.7,582.0,590.0,580.1
321,2023-08-23 00:00:00,584.3,585.0,585.65,583.35
322,2021-01-07 00:00:00,482.5,476.0,486.5,474.45
323,2021-01-12 00:00:00,501.5,494.75,505.5,491.2
324,2021-02-10 00:00:00,534.4,543.0,546.45,532.45
325,2021-02-15 00:00:00,537.45,540.0,543.95,534.55
326,2021-02-17 00:00:00,539.0,525.3,542.6,525.3
327,2021-03-03 00:00:00,613.6,595.8,616.85,589.2
328,2021-04-06 00:00:00,661.35,648.0,668.85,645.0
329,2021-05-24 00:00:00,789.35,781.95,793.95,773.7
330,2021-07-23 00:00:00,819.7,827.5,827.6,816.0
331,2021-08-11 00:00:00,773.8,772.0,781.9,757.0
332,2021-08-17 00:00:00,760.75,775.7,777.55,745.8
333,2021-08-20 00:00:00,728.25,751.0,757.8,722.1
334,2021-09-15 00:00:00,762.1,756.8,763.6,752.6
335,2021-09-16 00:00:00,754.0,763.0,769.75,753.1
336,2021-10-11 00:00:00,742.45,740.0,754.4,740.0
337,2021-10-25 00:00:00,695.3,704.0,708.0,686.25
338,2021-10-29 00:00:00,740.2,735.9,746.0,716.55
339,2021-11-10 00:00:00,771.3,746.25,774.0,741.1
340,2021-12-03 00:00:00,712.75,700.1,717.75,699.75
341,2021-12-08 00:00:00,728.1,727.1,735.65,725.95
342,2021-12-27 00:00:00,756.6,746.65,760.0,740.25
343,2022-01-13 00:00:00,841.0,823.1,844.9,823.1
344,2022-01-25 00:00:00,791.15,754.5,795.15,746.1
345,2022-02-01 00:00:00,785.0,785.0,795.6,766.9
346,2022-02-21 00:00:00,704.15,724.9,724.9,701.85
347,2022-03-16 00:00:00,752.45,749.95,756.65,743.9
348,2022-04-08 00:00:00,809.75,806.0,819.5,805.65
349,2022-04-12 00:00:00,805.65,817.65,817.65,800.5
350,2022-04-28 00:00:00,824.3,814.25,827.0,804.25
351,2022-05-16 00:00:00,802.25,784.7,806.5,775.05
352,2022-07-07 00:00:00,682.75,667.0,684.65,664.45
353,2022-09-08 00:00:00,737.5,744.85,747.65,734.0
354,2022-09-15 00:00:00,742.6,750.0,756.4,741.0
355,2022-09-30 00:00:00,672.05,656.8,674.85,654.4
356,2022-10-04 00:00:00,689.95,678.0,691.7,674.0
357,2022-10-18 00:00:00,682.05,681.45,689.05,680.0
358,2022-10-28 00:00:00,713.9,707.0,715.9,703.45
359,2022-11-16 00:00:00,767.5,770.45,771.3,762.25
360,2022-12-05 00:00:00,802.8,787.5,807.0,784.5
361,2022-12-07 00:00:00,778.15,788.0,792.3,776.15
362,2022-12-12 00:00:00,773.05,762.0,775.0,756.6
363,2022-12-14 00:00:00,780.9,768.5,782.0,762.6
364,2023-01-06 00:00:00,718.15,721.4,729.35,715.35
365,2023-01-12 00:00:00,717.8,721.4,722.9,714.35
366,2023-01-24 00:00:00,745.95,750.0,753.6,743.0
367,2022-08-23 00:00:00,759.55,737.0,762.0,737.0
368,2022-09-26 00:00:00,679.9,698.0,701.95,670.4
369,2022-10-07 00:00:00,690.45,685.0,699.9,683.95
370,2022-10-21 00:00:00,700.2,712.7,724.0,696.8
371,2022-10-27 00:00:00,706.45,701.4,709.0,695.8
372,2022-11-24 00:00:00,774.15,772.35,779.95,767.8
373,2022-11-28 00:00:00,779.65,777.0,784.95,775.45
374,2023-03-16 00:00:00,696.4,705.85,705.85,692.05
375,2023-04-21 00:00:00,734.7,732.5,743.9,731.0
376,2023-05-18 00:00:00,673.35,679.0,681.8,672.15
377,2023-05-29 00:00:00,690.0,690.0,691.5,686.25
378,2023-06-22 00:00:00,674.4,686.1,686.1,671.05
379,2023-08-03 00:00:00,600.45,612.5,612.5,590.1
380,2023-08-14 00:00:00,590.3,600.0,600.5,586.0
381,2021-02-23 00:00:00,566.4,530.0,570.0,514.05
382,2021-03-12 00:00:00,620.3,626.6,632.95,614.1
383,2021-03-22 00:00:00,628.15,624.95,636.9,617.65
384,2021-04-19 00:00:00,597.45,595.1,603.0,587.0
385,2021-06-11 00:00:00,835.15,842.95,844.7,830.0
386,2021-06-29 00:00:00,805.4,810.0,817.95,799.3
387,2021-07-02 00:00:00,799.35,791.5,806.6,789.0
388,2021-07-30 00:00:00,808.55,821.25,834.5,786.15
389,2021-08-31 00:00:00,741.25,743.0,747.35,735.45
390,2021-10-13 00:00:00,747.45,744.3,754.25,741.65
391,2021-10-19 00:00:00,733.7,755.0,759.9,728.6
392,2021-12-06 00:00:00,716.55,712.7,733.0,705.0
393,2022-01-11 00:00:00,819.55,821.8,828.0,816.0
394,2022-02-14 00:00:00,721.7,744.3,749.05,716.0
395,2022-03-07 00:00:00,731.9,710.05,735.0,685.75
396,2022-04-06 00:00:00,805.3,796.2,811.8,792.1
397,2022-04-27 00:00:00,798.4,809.9,810.15,794.2
398,2022-05-25 00:00:00,764.0,794.5,798.0,758.4
399,2022-06-28 00:00:00,656.0,651.1,665.5,647.65
400,2022-07-08 00:00:00,690.25,685.0,692.3,681.25
401,2022-08-02 00:00:00,739.6,766.2,766.2,730.0
402,2022-08-16 00:00:00,788.55,790.0,804.25,786.1
403,2022-09-06 00:00:00,738.1,749.7,751.95,735.9
404,2022-10-06 00:00:00,686.0,691.0,694.85,683.5
405,2022-11-03 00:00:00,726.2,716.9,727.7,711.1
406,2022-12-09 00:00:00,763.7,779.45,781.95,757.05
407,2022-12-27 00:00:00,716.35,724.95,724.95,710.0
408,2023-02-17 00:00:00,770.15,763.0,780.0,763.0
409,2023-04-05 00:00:00,732.3,729.65,736.2,725.9
410,2023-04-20 00:00:00,732.05,738.4,739.0,730.65
411,2023-04-25 00:00:00,714.65,719.9,721.2,705.3
412,2023-05-02 00:00:00,752.5,744.3,759.95,743.55
413,2023-06-01 00:00:00,677.95,685.0,685.1,676.5
414,2023-06-05 00:00:00,690.0,689.0,691.5,684.65
415,2023-07-06 00:00:00,672.75,671.0,674.0,669.5
416,2023-08-02 00:00:00,619.15,628.8,629.55,614.0
417,2021-02-19 00:00:00,552.8,542.95,565.0,539.5
418,2021-02-22 00:00:00,539.75,556.0,560.95,536.55
419,2021-03-04 00:00:00,615.45,602.0,631.45,599.1
420,2021-03-18 00:00:00,601.3,617.65,622.8,594.05
421,2021-03-31 00:00:00,641.85,623.0,654.0,620.1
422,2021-04-09 00:00:00,634.9,656.0,656.0,630.7
423,2021-04-20 00:00:00,591.75,606.0,613.0,585.6
424,2021-06-04 00:00:00,836.25,835.0,845.35,832.1
425,2021-07-28 00:00:00,814.65,818.65,818.65,796.95
426,2021-08-09 00:00:00,778.1,780.8,784.4,770.2
427,2021-08-12 00:00:00,777.1,773.0,785.65,772.05
428,2021-08-18 00:00:00,762.2,764.55,766.3,753.5
429,2021-10-21 00:00:00,717.45,723.05,723.4,706.3
430,2021-11-25 00:00:00,727.3,725.05,737.85,721.75
431,2021-12-07 00:00:00,726.95,720.0,730.7,717.0
432,2022-02-03 00:00:00,773.5,788.95,791.0,771.0
433,2022-03-10 00:00:00,724.2,731.55,742.4,720.0
434,2022-03-17 00:00:00,761.6,759.0,764.5,754.55
435,2022-04-07 00:00:00,803.35,797.0,809.0,790.45
436,2022-04-11 00:00:00,819.85,811.0,824.0,810.15
437,2022-05-20 00:00:00,808.25,818.0,828.0,803.5
438,2022-07-22 00:00:00,725.0,710.95,730.65,709.0
439,2022-09-29 00:00:00,656.8,667.05,675.45,654.0
440,2022-10-11 00:00:00,664.15,686.45,686.45,660.2
441,2022-10-20 00:00:00,713.5,675.0,715.8,666.9
442,2022-11-23 00:00:00,768.5,772.95,776.05,766.25
443,2022-12-15 00:00:00,770.75,782.0,788.5,765.5
444,2022-12-23 00:00:00,711.2,722.1,727.5,707.95
445,2023-02-22 00:00:00,739.3,745.05,749.3,736.55
446,2023-03-15 00:00:00,702.45,705.8,714.9,700.15
447,2023-03-28 00:00:00,714.65,704.15,715.5,702.4
448,2023-05-05 00:00:00,714.85,735.1,735.1,709.65
449,2023-05-15 00:00:00,675.95,679.4,680.95,675.0
450,2023-06-23 00:00:00,666.85,674.75,675.75,665.5
451,2023-07-07 00:00:00,663.0,672.85,676.0,661.8
452,2023-07-21 00:00:00,634.6,640.0,640.5,633.75
453,2023-07-24 00:00:00,632.15,637.8,637.8,630.7
454,2021-01-19 00:00:00,564.0,561.0,570.9,553.65
455,2021-02-09 00:00:00,538.6,539.5,556.0,535.55
456,2021-03-08 00:00:00,629.95,601.0,636.2,600.0
457,2021-03-15 00:00:00,621.35,623.3,625.45,604.45
458,2021-03-25 00:00:00,595.65,613.0,618.25,591.5
459,2021-04-16 00:00:00,611.75,610.0,618.8,602.0
460,2021-04-22 00:00:00,591.6,589.0,598.9,581.9
461,2021-04-23 00:00:00,585.4,592.1,597.05,581.3
462,2021-05-05 00:00:00,640.7,621.7,643.0,616.65
463,2021-05-06 00:00:00,633.0,640.7,641.0,626.65
464,2021-05-19 00:00:00,782.15,773.0,805.3,765.55
465,2021-06-10 00:00:00,838.7,849.0,853.8,837.0
466,2021-06-24 00:00:00,813.45,809.0,815.45,796.6
467,2021-07-06 00:00:00,803.3,808.0,816.0,801.4
468,2021-07-16 00:00:00,837.55,843.0,852.4,830.8
469,2021-08-05 00:00:00,777.25,790.0,790.0,772.0
470,2021-10-06 00:00:00,727.3,716.0,744.45,715.5
471,2021-11-30 00:00:00,681.7,689.0,702.75,678.55
472,2021-12-10 00:00:00,737.45,741.95,747.65,734.85
473,2021-12-13 00:00:00,740.4,739.5,751.9,735.5
474,2021-12-15 00:00:00,739.95,746.95,755.7,736.25
475,2021-12-16 00:00:00,733.9,740.0,747.4,728.85
476,2022-01-03 00:00:00,764.2,753.0,766.9,750.0
477,2022-01-17 00:00:00,824.75,825.45,830.7,815.7
478,2022-04-20 00:00:00,825.25,809.5,826.9,807.05
479,2022-04-26 00:00:00,812.35,814.0,819.3,807.1
480,2022-05-31 00:00:00,779.6,782.5,791.2,775.0
481,2022-06-01 00:00:00,779.75,772.6,784.4,772.6
482,2022-06-16 00:00:00,683.65,722.1,725.5,679.4
483,2022-06-24 00:00:00,640.85,633.0,645.25,631.05
484,2022-07-12 00:00:00,680.2,687.0,691.45,676.25
485,2022-07-18 00:00:00,685.05,676.95,687.75,675.0
486,2022-07-21 00:00:00,705.0,687.9,706.95,685.5
487,2022-08-26 00:00:00,760.0,766.5,779.0,758.15
488,2022-09-12 00:00:00,756.35,745.7,758.9,744.05
489,2022-10-12 00:00:00,673.6,665.0,675.55,660.7
490,2022-10-13 00:00:00,663.9,675.0,676.5,662.1
491,2022-12-13 00:00:00,767.4,776.0,776.0,763.05
492,2023-01-05 00:00:00,720.3,719.25,724.7,713.4
493,2023-02-02 00:00:00,696.4,741.0,744.95,684.25
494,2023-05-25 00:00:00,675.8,682.5,685.45,674.15
495,2023-06-27 00:00:00,674.35,679.0,681.0,672.1
496,2023-07-11 00:00:00,644.25,654.95,654.95,640.15
497,2021-01-14 00:00:00,509.4,494.1,515.0,493.0
498,2021-01-29 00:00:00,560.65,569.85,576.0,557.0
499,2021-02-05 00:00:00,536.5,553.85,553.85,535.0
500,2021-02-24 00:00:00,553.95,547.0,567.0,546.0
501,2021-03-30 00:00:00,627.95,597.0,634.65,591.0
502,2021-04-07 00:00:00,654.45,660.0,673.95,652.4
503,2021-05-12 00:00:00,691.65,691.95,702.55,680.6
504,2021-05-25 00:00:00,796.65,795.0,806.0,789.5
505,2021-06-08 00:00:00,853.55,850.4,864.7,840.2
506,2021-06-22 00:00:00,802.5,779.0,806.5,776.6
507,2021-07-01 00:00:00,791.5,796.0,798.55,786.45
508,2021-07-22 00:00:00,828.0,817.95,829.5,816.0
509,2021-08-26 00:00:00,719.65,725.0,729.8,717.0
510,2021-09-24 00:00:00,718.65,728.0,731.9,713.55
511,2021-12-30 00:00:00,746.65,755.0,760.35,744.9
512,2022-02-09 00:00:00,770.5,764.5,772.45,760.0
513,2022-03-15 00:00:00,741.0,730.0,746.0,728.55
514,2022-03-23 00:00:00,793.95,780.5,796.4,780.0
515,2022-06-06 00:00:00,779.0,771.95,781.0,764.55
516,2022-07-06 00:00:00,662.5,655.9,664.15,652.6
517,2022-08-22 00:00:00,744.7,760.25,762.95,743.15
518,2022-09-01 00:00:00,756.45,764.05,766.65,751.3
519,2022-09-27 00:00:00,677.7,683.3,687.85,672.5
520,2022-09-28 00:00:00,663.7,676.7,677.5,660.55
521,2022-11-07 00:00:00,748.45,742.55,749.95,739.05
522,2022-11-18 00:00:00,765.95,776.0,776.0,760.25
523,2023-01-20 00:00:00,737.8,747.6,748.4,735.2
524,2023-01-25 00:00:00,737.95,744.0,746.75,735.25
525,2023-02-03 00:00:00,715.7,701.1,718.0,697.5
526,2023-03-13 00:00:00,704.7,712.0,718.9,702.25
527,2023-03-27 00:00:00,700.65,698.45,708.0,693.2
528,2023-04-11 00:00:00,742.55,742.0,744.0,737.7
529,2023-04-12 00:00:00,739.9,746.0,747.7,736.0
530,2023-04-26 00:00:00,715.35,714.7,716.8,707.5
531,2023-05-04 00:00:00,731.5,740.25,742.75,728.15
532,2023-05-17 00:00:00,677.8,673.25,683.45,672.15
533,2023-06-20 00:00:00,683.45,685.0,685.1,678.7
534,2023-06-26 00:00:00,679.2,672.65,680.85,667.5
535,2023-08-08 00:00:00,604.35,608.4,608.9,602.15
536,2021-01-06 00:00:00,472.4,471.95,481.9,467.15
537,2021-01-18 00:00:00,561.3,524.95,568.0,524.0
538,2021-02-03 00:00:00,558.25,562.1,579.95,555.0
539,2021-04-30 00:00:00,606.9,610.8,621.0,604.05
540,2021-05-20 00:00:00,767.5,786.4,797.4,763.0
541,2021-06-14 00:00:00,834.6,838.2,838.2,815.2
542,2021-06-17 00:00:00,835.05,834.85,848.0,828.65
543,2021-07-26 00:00:00,819.95,819.0,826.75,806.65
544,2021-07-27 00:00:00,812.75,820.0,825.65,806.15
545,2021-08-23 00:00:00,718.95,732.0,737.55,714.5
546,2021-12-21 00:00:00,733.65,716.65,737.6,712.65
547,2022-01-31 00:00:00,776.5,803.75,812.7,775.0
548,2022-02-04 00:00:00,767.2,773.6,776.8,765.0
549,2022-02-10 00:00:00,770.1,775.0,778.95,767.95
550,2022-02-24 00:00:00,632.3,673.0,674.75,622.0
551,2022-03-03 00:00:00,713.75,707.9,724.6,688.95
552,2022-03-30 00:00:00,776.15,782.0,785.5,774.0
553,2022-03-31 00:00:00,769.6,778.55,778.95,765.0
554,2022-05-10 00:00:00,789.8,792.0,800.65,778.55
555,2022-05-19 00:00:00,814.0,807.8,816.35,803.0
556,2022-06-02 00:00:00,775.35,775.0,787.45,769.0
557,2022-06-17 00:00:00,665.15,683.4,687.7,659.25
558,2022-06-20 00:00:00,640.45,668.0,671.95,630.55
559,2022-08-01 00:00:00,767.35,753.0,780.4,744.05
560,2022-08-11 00:00:00,767.5,769.35,774.2,760.35
561,2022-08-29 00:00:00,750.45,750.0,756.05,739.4
562,2022-10-14 00:00:00,678.3,674.0,687.6,672.0
563,2022-10-17 00:00:00,678.05,679.6,684.0,671.8
564,2022-11-14 00:00:00,774.05,771.75,785.0,768.65
565,2022-11-15 00:00:00,770.25,774.05,780.0,764.5
566,2022-11-30 00:00:00,789.7,777.9,793.55,774.35
567,2022-12-16 00:00:00,770.45,766.2,774.15,759.05
568,2022-12-19 00:00:00,770.15,770.95,773.9,763.25
569,2022-12-30 00:00:00,716.15,726.2,732.0,713.4
570,2023-01-11 00:00:00,717.8,726.0,727.7,715.4
571,2023-05-10 00:00:00,679.7,695.8,695.8,677.3
572,2023-06-02 00:00:00,683.35,679.0,684.5,678.9
573,2023-06-07 00:00:00,693.95,697.0,697.75,692.8
574,2023-07-12 00:00:00,643.85,647.85,651.2,642.5
575,2023-08-22 00:00:00,583.85,590.0,590.0,583.0
576,2023-01-27 00:00:00,744.7,741.65,756.7,735.2
577,2023-02-01 00:00:00,742.15,765.1,771.6,730.0
578,2023-02-23 00:00:00,745.15,743.0,756.65,740.0
579,2023-03-20 00:00:00,708.1,714.0,714.7,700.25
580,2023-03-24 00:00:00,696.9,713.8,713.8,694.2
581,2023-05-03 00:00:00,739.8,751.5,755.8,738.55
582,2023-05-09 00:00:00,694.4,710.0,710.0,692.65
583,2023-06-21 00:00:00,686.1,683.5,687.0,682.05
584,2023-07-17 00:00:00,643.8,643.0,647.0,637.25
585,2023-07-18 00:00:00,639.95,645.6,646.0,638.35
586,2021-01-01 00:00:00,469.3,469.9,476.6,466.85
587,2021-01-25 00:00:00,588.15,571.7,593.0,567.0
588,2021-03-09 00:00:00,624.9,634.0,637.7,611.25
589,2021-04-05 00:00:00,646.25,650.0,664.75,631.6
590,2021-04-08 00:00:00,651.6,657.0,664.6,650.0
591,2021-05-04 00:00:00,611.25,621.0,645.65,608.05
592,2021-05-07 00:00:00,629.4,635.0,641.85,625.25
593,2021-05-27 00:00:00,819.75,816.05,825.5,809.6
594,2021-06-01 00:00:00,815.8,818.0,826.4,808.35
595,2021-06-02 00:00:00,837.6,815.0,840.85,810.5
596,2021-06-09 00:00:00,845.55,855.0,862.95,838.65
597,2021-06-30 00:00:00,792.85,810.0,811.0,790.6
598,2021-07-14 00:00:00,819.75,823.4,827.4,818.0
599,2021-09-27 00:00:00,725.85,722.95,737.0,716.25
600,2021-11-11 00:00:00,764.7,774.0,777.95,760.5
601,2021-12-29 00:00:00,758.35,759.0,767.7,754.6
602,2022-01-07 00:00:00,788.95,782.0,790.7,776.55
603,2022-02-16 00:00:00,735.8,750.0,750.0,732.3
604,2022-03-22 00:00:00,780.95,775.0,787.0,771.05
605,2022-04-21 00:00:00,829.15,831.0,833.65,821.0
606,2022-04-29 00:00:00,822.9,832.0,834.0,816.35
607,2022-05-24 00:00:00,792.55,789.0,798.8,783.65
608,2022-06-29 00:00:00,644.4,652.05,653.95,641.55
609,2022-07-14 00:00:00,670.15,680.3,685.0,666.6
610,2022-07-15 00:00:00,669.35,672.45,676.45,663.05
611,2022-07-19 00:00:00,684.35,679.95,687.75,677.2
612,2022-08-10 00:00:00,765.3,757.0,767.4,752.0
613,2022-08-17 00:00:00,790.5,787.0,793.7,783.85
614,2022-08-30 00:00:00,769.25,754.25,770.1,751.65
615,2022-09-22 00:00:00,721.35,709.1,726.6,709.1
616,2022-11-02 00:00:00,717.55,720.6,728.3,713.8
617,2022-11-04 00:00:00,738.85,730.0,739.95,725.0
618,2022-12-08 00:00:00,777.85,782.05,782.9,773.3
619,2023-01-16 00:00:00,714.05,721.45,723.0,710.5
620,2023-01-19 00:00:00,747.55,732.0,748.85,730.0
621,2023-02-09 00:00:00,717.1,721.05,722.75,714.05
622,2023-02-20 00:00:00,757.95,762.0,769.75,755.0
623,2023-03-14 00:00:00,697.65,708.25,709.0,687.6
624,2023-03-22 00:00:00,716.15,710.0,717.2,710.0
625,2023-06-06 00:00:00,694.0,691.0,696.95,690.4
626,2023-08-18 00:00:00,578.45,584.0,587.65,576.95
627,2023-07-27 00:00:00,626.75,634.2,637.3,625.3
628,2023-07-28 00:00:00,625.15,628.0,630.45,622.25
629,2021-01-22 00:00:00,566.95,585.4,592.5,564.0
630,2021-02-16 00:00:00,538.95,542.65,545.65,537.1
631,2021-02-26 00:00:00,561.55,585.0,589.4,555.45
632,2021-05-03 00:00:00,617.8,605.5,619.75,596.15
633,2021-05-11 00:00:00,684.35,673.0,688.45,667.9
634,2021-07-05 00:00:00,807.6,801.5,810.7,798.05
635,2021-08-24 00:00:00,731.05,721.9,732.8,717.0
636,2021-08-27 00:00:00,729.25,724.95,743.4,722.55
637,2021-10-27 00:00:00,741.5,714.5,748.0,712.0
638,2021-11-02 00:00:00,720.3,720.8,726.4,711.0
639,2021-12-14 00:00:00,747.05,733.6,748.45,733.6
640,2022-01-20 00:00:00,808.45,820.0,823.0,804.0
641,2022-01-24 00:00:00,762.6,776.7,786.0,755.5
642,2022-03-14 00:00:00,730.75,728.0,733.55,720.1
643,2022-03-28 00:00:00,780.75,795.05,797.95,778.0
644,2022-05-06 00:00:00,786.85,815.0,815.0,779.45
645,2022-09-13 00:00:00,755.7,759.0,768.0,753.35
646,2022-10-24 00:00:00,708.1,711.0,714.7,702.85
647,2022-11-10 00:00:00,756.1,754.95,758.6,748.05
648,2022-11-29 00:00:00,774.85,782.0,784.8,772.3
649,2022-12-29 00:00:00,722.55,724.7,729.85,717.0
650,2023-01-02 00:00:00,722.0,718.6,724.0,711.95
651,2023-01-17 00:00:00,719.2,715.0,723.0,713.6
652,2023-04-10 00:00:00,737.75,729.95,739.0,727.3
653,2023-06-13 00:00:00,682.25,676.1,684.0,676.1
654,2023-08-04 00:00:00,603.35,604.5,607.35,600.45
