,time,close,open,high,low
0,2021-03-15 00:00:00,45.25306500000001,45.7028,45.787885,44.99781
1,2021-04-13 00:00:00,42.165695,41.144675,43.63645,41.05959
2,2021-05-25 00:00:00,45.09505,45.459700000000005,45.520475000000005,44.523765
3,2021-07-30 00:00:00,78.74009,80.58765,84.5988,77.60967500000001
4,2021-09-14 00:00:00,76.637275,77.25718,78.71578000000001,75.62841
5,2021-09-22 00:00:00,80.17438,78.76440000000001,82.617535,78.76440000000001
6,2021-10-12 00:00:00,85.42533999999999,86.27619,86.95687,84.999915
7,2021-10-13 00:00:00,84.20984,85.8143,86.83532,83.784415
8,2021-12-08 00:00:00,94.15263,95.0521,97.14276,93.8366
9,2021-12-10 00:00:00,99.245575,95.24658,101.311925,95.24658
10,2022-01-13 00:00:00,115.606205,116.675845,119.009605,114.76751000000002
11,2022-01-31 00:00:00,104.48438,99.1848,110.34309,99.1848
12,2022-02-02 00:00:00,110.14861,110.6105,111.826,108.64139
13,2022-03-07 00:00:00,104.87334,98.4555,107.194945,98.4555
14,2022-04-19 00:00:00,144.51079500000003,155.81494500000002,157.224925,138.567
15,2022-06-22 00:00:00,94.05539,97.67758,97.9693,93.362555
16,2022-09-28 00:00:00,75.43393,76.0903,76.30909,75.154365
17,2022-10-18 00:00:00,68.67575000000001,70.64486000000001,71.69019,68.33541000000001
18,2022-10-19 00:00:00,68.298945,68.67575000000001,69.2835,66.73095
19,2022-11-10 00:00:00,73.18525500000001,75.8472,76.12676499999999,72.89353500000001
20,2022-12-01 00:00:00,82.350125,78.25389,83.60209,77.950015
21,2022-12-13 00:00:00,83.80872500000001,82.155645,85.75352500000001,81.65729
22,2022-12-23 00:00:00,72.942155,72.93,74.3886,72.49242
23,2022-12-28 00:00:00,74.327825,76.60081000000001,77.39088500000001,74.1455
24,2023-01-16 00:00:00,75.8472,76.50357,77.50028,75.397465
25,2023-01-19 00:00:00,75.66487500000001,76.224005,76.3334,75.40962
26,2021-01-14 00:00:00,49.17913000000001,49.483005000000006,49.944895,49.13051
27,2021-03-08 00:00:00,45.92159,46.881835,47.027695,45.411080000000005
28,2021-03-26 00:00:00,35.650615,36.82965,36.82965,35.27381
29,2021-05-24 00:00:00,44.487300000000005,43.70938,44.80333,43.551365
30,2021-05-26 00:00:00,44.669625,45.09505,45.38677,44.256355000000006
31,2021-07-14 00:00:00,70.83933999999999,70.49900000000001,71.86036000000001,70.15866000000001
32,2021-07-16 00:00:00,70.74210000000001,71.896825,72.00622,70.268055
33,2021-07-19 00:00:00,69.028245,70.000645,71.39847,68.396185
34,2021-08-20 00:00:00,75.40962,78.76440000000001,79.70033500000001,74.643855
35,2021-01-21 00:00:00,47.05200500000001,47.8907,48.121645,46.833215
36,2021-02-18 00:00:00,48.510605000000005,48.875255,49.094045,47.91501
37,2021-04-12 00:00:00,41.05959,42.7856,42.7856,40.13581
38,2021-05-05 00:00:00,40.366755000000005,40.184430000000006,41.120365,40.12365500000001
39,2021-05-10 00:00:00,40.40322,41.302690000000005,41.302690000000005,40.147965000000006
40,2021-06-07 00:00:00,61.51645500000001,54.636725000000006,63.13307,54.636725000000006
41,2021-06-23 00:00:00,66.305525,64.88338999999999,67.788435,64.190555
42,2021-07-28 00:00:00,75.66487500000001,75.25160500000001,77.366575,73.97533
43,2021-08-11 00:00:00,76.199695,74.63170000000001,76.977615,69.72108
44,2021-08-27 00:00:00,75.65272,74.85049,77.67045,74.46153000000001
45,2021-01-11 00:00:00,49.799035,50.418940000000006,50.649885,49.628865000000005
46,2021-01-18 00:00:00,48.073025,48.656465,49.49516,47.91501
47,2021-01-29 00:00:00,45.60556,46.26193000000001,46.784595,45.398925
48,2021-02-16 00:00:00,47.659755,48.972495,49.142665,47.45312
49,2021-02-23 00:00:00,47.74484,46.45641,48.06087,46.432100000000005
50,2021-03-05 00:00:00,46.808905,47.355880000000006,47.598980000000005,46.31055
51,2021-03-30 00:00:00,33.81521,35.9788,36.234055000000005,33.5478
52,2021-04-28 00:00:00,41.825355,42.46957,42.68836,41.5701
53,2021-05-03 00:00:00,40.391065000000005,39.72254,41.0839,39.69823
54,2021-05-04 00:00:00,40.075035,40.463995,41.302690000000005,39.880555
55,2021-07-01 00:00:00,70.535465,70.2559,70.91227,69.06471
56,2021-08-12 00:00:00,79.71249,75.8472,80.223,75.6041
57,2021-08-18 00:00:00,79.78542,82.89710000000001,83.492695,79.00750000000001
58,2021-08-24 00:00:00,76.72236000000001,75.6041,77.68260500000001,75.19083
59,2021-08-30 00:00:00,76.40633000000001,76.16323000000001,77.40304,75.980905
60,2021-08-31 00:00:00,76.84391000000001,76.81960000000001,79.37215,76.3334
61,2021-09-02 00:00:00,75.713495,77.11132,77.40304,75.348845
62,2021-10-11 00:00:00,86.3005,87.88065,87.88065,85.729215
63,2021-01-05 00:00:00,49.37361,49.3493,49.8355,49.1062
64,2021-02-25 00:00:00,48.15811,48.073025,48.340435,47.6476
65,2021-03-02 00:00:00,47.684065,47.854235,48.1338,47.42881
66,2021-03-03 00:00:00,47.42881,48.01225,48.01225,47.355880000000006
67,2021-04-15 00:00:00,40.925885,42.15354000000001,42.165695,39.8684
68,2021-04-23 00:00:00,40.634165,41.47286,41.86182,40.415375
69,2021-05-20 00:00:00,43.211025,44.82764,45.131515,42.85853
70,2021-06-14 00:00:00,67.0956,66.36630000000001,69.01608999999999,63.813750000000006
71,2021-06-18 00:00:00,64.190555,65.46683,66.767415,62.37946000000001
72,2021-06-22 00:00:00,64.312105,64.29995000000001,66.05027,63.74082
73,2021-07-05 00:00:00,74.48584,76.3334,77.64614,73.963175
74,2021-07-22 00:00:00,71.896825,68.99178,72.68690000000001,68.979625
75,2021-07-29 00:00:00,81.15893500000001,76.0903,82.4109,75.28807
76,2021-08-17 00:00:00,83.22528500000001,78.776555,85.437495,78.752245
77,2021-09-27 00:00:00,89.7039,90.28734,92.6211,87.58893
78,2021-09-30 00:00:00,90.50613,88.2453,91.8918,88.2453
79,2021-11-01 00:00:00,72.78414,72.455955,75.1179,71.98191000000001
80,2021-11-04 00:00:00,72.95431,72.29794,73.4162,72.042685
81,2021-11-18 00:00:00,99.610225,104.80041,105.7485,98.74722
82,2022-01-10 00:00:00,112.87133,115.42388,116.189645,112.543145
83,2022-01-19 00:00:00,114.37855,114.998455,115.93439,112.7984
84,2022-01-25 00:00:00,94.22556000000002,98.18809,98.18809,92.1349
85,2021-02-09 00:00:00,46.72382,46.79675,47.29510500000001,46.21331
86,2021-03-25 00:00:00,35.76001,37.546795,37.89929,35.103640000000006
87,2021-04-05 00:00:00,45.80004,43.5149,47.25864000000001,43.113785
88,2021-06-03 00:00:00,48.10949,45.60556,48.3769,45.60556
89,2021-06-08 00:00:00,69.91556000000001,61.723090000000006,73.1731,59.0733
90,2021-07-09 00:00:00,69.84263,70.2559,71.337695,69.41720500000001
91,2021-08-04 00:00:00,74.19412,80.32024,80.63627,73.56206
92,2021-09-03 00:00:00,75.008505,76.30909,77.415195,68.89453999999999
93,2021-10-21 00:00:00,79.09258500000001,84.93914,84.98776000000001,77.792
94,2021-12-21 00:00:00,97.009055,98.443345,99.124025,96.231135
95,2022-01-07 00:00:00,114.366395,114.81613,116.39628,112.57961000000002
96,2022-01-17 00:00:00,119.033915,116.688,123.2517,116.08025
97,2022-03-02 00:00:00,103.742925,102.089845,105.62695,101.555025
98,2022-03-11 00:00:00,112.36082,109.395,117.162045,108.37398
99,2022-03-15 00:00:00,114.96199,116.9311,118.85159,113.0415
100,2022-03-25 00:00:00,136.22108500000002,139.502935,143.1859,133.960255
101,2021-09-15 00:00:00,80.95230000000001,76.78313500000002,81.4385,76.78313500000002
102,2021-09-28 00:00:00,87.746945,90.26303,90.55475,86.3005
103,2021-10-01 00:00:00,84.999915,90.06855,90.06855,84.246305
104,2021-10-29 00:00:00,72.455955,73.91455500000001,75.361,71.86036000000001
105,2021-11-03 00:00:00,71.76312,72.88138000000001,73.80516000000001,71.03382
106,2021-11-30 00:00:00,97.811285,100.8865,106.89107,96.55932
107,2021-12-01 00:00:00,99.1848,98.91739,101.8589,98.16378
108,2021-12-09 00:00:00,94.68745,94.796845,96.00019,94.37142
109,2022-02-18 00:00:00,106.57504,105.11644,108.361825,104.80041
110,2022-03-03 00:00:00,107.146325,105.7485,108.6657,105.031355
111,2022-04-25 00:00:00,140.037755,145.15501,145.49535,138.700705
112,2022-05-26 00:00:00,98.38257,100.03565,102.5882,80.32024
113,2022-08-12 00:00:00,84.732505,86.42205,86.42205,84.5988
114,2022-09-22 00:00:00,76.40633000000001,78.01079,78.338975,75.99306000000001
115,2022-04-06 00:00:00,150.175025,150.175025,152.897745,148.60703
116,2022-06-07 00:00:00,107.64468,108.9088,110.160765,106.91538
117,2022-06-20 00:00:00,92.827735,94.29849,96.498545,90.591215
118,2022-07-01 00:00:00,100.023495,100.54616,101.409165,98.832305
119,2022-07-04 00:00:00,99.47652,100.4003,101.42132,98.9417
120,2022-07-26 00:00:00,91.831025,90.77354,94.553745,89.71605500000001
121,2022-08-03 00:00:00,87.15135000000001,88.75581000000001,89.764675,86.78670000000001
122,2022-08-05 00:00:00,85.680595,87.746945,88.379005,85.34025500000001
123,2022-08-22 00:00:00,86.580065,87.516,87.7591,84.72035000000001
124,2022-10-06 00:00:00,77.20856,77.81631000000002,78.81302,77.0627
125,2022-11-15 00:00:00,75.275915,75.008505,76.77098000000001,74.789715
126,2022-12-06 00:00:00,79.967745,81.1954,81.1954,79.34783999999999
127,2022-12-08 00:00:00,81.56005,81.669445,82.65400000000001,80.842905
128,2023-01-20 00:00:00,75.06928,75.79858,76.24831499999999,74.65601000000001
129,2021-10-19 00:00:00,86.64084,89.011065,90.06855,85.61982
130,2021-11-22 00:00:00,91.758095,96.85104,99.11187,90.21441000000002
131,2022-02-03 00:00:00,107.74192,110.14861,110.3674,107.23141
132,2022-02-15 00:00:00,104.07111,96.0245,104.89765,96.0245
133,2022-02-25 00:00:00,101.1296,100.59478,109.395,100.47323
134,2022-03-09 00:00:00,107.79054,106.964,111.04808,105.857895
135,2022-04-05 00:00:00,150.64907000000002,148.16945,155.80279,147.816955
136,2022-05-11 00:00:00,114.998455,126.8982,128.70929500000005,111.24256
137,2022-06-29 00:00:00,102.90423,102.102,105.5054,101.6158
138,2022-07-14 00:00:00,95.550455,99.4279,99.52514,95.307355
139,2022-08-01 00:00:00,88.865205,89.448645,90.01993,88.56133000000001
140,2022-08-24 00:00:00,86.15464,87.516,88.2453,85.8143
141,2022-09-05 00:00:00,84.64742,85.072845,85.46180500000001,84.3557
142,2022-09-13 00:00:00,90.82216,93.30178,93.5935,90.4332
143,2022-09-23 00:00:00,78.01079,77.01408,79.34783999999999,76.57650000000001
144,2022-12-02 00:00:00,83.006495,82.77555000000001,84.489405,82.423055
145,2022-12-19 00:00:00,75.56763500000001,78.387595,78.387595,75.13005500000001
146,2023-01-02 00:00:00,75.93228500000001,76.47926000000001,76.661585,75.26376
147,2023-01-10 00:00:00,74.886955,76.151075,76.64943000000001,74.68032
148,2022-04-11 00:00:00,155.401675,158.9874,158.9874,151.585005
149,2022-05-05 00:00:00,140.937225,144.6445,144.6445,139.7825
150,2022-05-10 00:00:00,125.694855,132.0033,134.6774,124.58875
151,2022-05-13 00:00:00,106.538575,107.024775,112.40944,104.82472
152,2022-06-08 00:00:00,104.48438,108.750785,109.44362,103.694305
153,2022-07-20 00:00:00,88.90167,86.42205,91.4056,85.87507500000001
154,2022-08-04 00:00:00,87.19997000000001,87.990045,88.63426000000001,85.486115
155,2022-08-18 00:00:00,88.670725,88.09944,90.1901,87.7591
156,2022-08-19 00:00:00,86.61653000000001,89.33925,89.33925,86.32481000000001
157,2022-08-23 00:00:00,87.17566000000001,85.364565,89.21770000000001,85.364565
158,2022-09-16 00:00:00,81.76668500000001,85.8143,86.64084,81.03738500000001
159,2022-11-01 00:00:00,68.420495,68.542045,69.0404,67.89783
160,2022-11-24 00:00:00,74.984195,74.89911000000001,75.73780500000001,74.084725
161,2022-11-28 00:00:00,77.60967500000001,75.1179,79.29922,74.77756000000001
162,2022-12-05 00:00:00,81.09816000000001,83.50485,83.50485,80.405325
163,2023-01-11 00:00:00,75.44608500000001,75.25160500000001,76.57650000000001,75.06928
164,2023-01-24 00:00:00,77.85277500000001,75.89582,79.00750000000001,75.640565
165,2021-02-11 00:00:00,47.08847,46.69951,47.501740000000005,46.69951
166,2021-03-04 00:00:00,47.416655000000006,47.30726,47.878545,47.28295
167,2021-04-07 00:00:00,43.0287,43.97679,43.97679,42.34802
168,2021-04-20 00:00:00,41.71596,43.00439,43.211025,41.44855
169,2021-05-14 00:00:00,42.17785,41.557945,43.00439,40.88942
170,2021-05-18 00:00:00,44.7304,44.499455000000005,44.9735,43.61214
171,2021-05-21 00:00:00,43.466280000000005,43.758,44.60885,43.2718
172,2021-06-15 00:00:00,66.93758500000001,66.00165,68.74868000000001,66.00165
173,2021-08-23 00:00:00,75.50686,76.72236000000001,77.86493,72.97862
174,2021-09-06 00:00:00,75.53117,75.55548,76.758825,74.65601000000001
175,2021-09-08 00:00:00,72.17639,73.6593,74.1455,71.045975
176,2021-11-29 00:00:00,102.892075,102.70975,104.87334,93.88522
177,2022-01-12 00:00:00,116.092405,114.35424,117.14989,114.257
178,2022-01-14 00:00:00,116.651535,115.69129,117.80626,114.755355
179,2022-01-18 00:00:00,115.08354,119.62951,120.346655,113.84373
180,2022-02-08 00:00:00,106.2347,105.94298,107.4502,102.819145
181,2022-02-10 00:00:00,106.84245,106.964,108.05795,105.7485
182,2022-02-11 00:00:00,106.06453,105.7485,111.5829,104.533
183,2021-01-01 00:00:00,49.1062,49.17913000000001,49.774725,48.8631
184,2021-01-22 00:00:00,45.885125,46.833215,47.03985,45.459700000000005
185,2021-01-25 00:00:00,46.930455,45.9459,48.498450000000005,44.523765
186,2021-02-22 00:00:00,48.680775,49.05758,49.51947,48.40121
187,2021-04-22 00:00:00,41.05959,41.44855,41.71596,40.86511
188,2021-05-12 00:00:00,40.98666,41.0839,41.557945,40.71925
189,2021-10-04 00:00:00,87.84418500000001,86.27619,88.43978000000001,85.61982
190,2021-10-07 00:00:00,86.920405,86.288345,88.2453,86.06955500000001
191,2021-10-25 00:00:00,69.49013500000001,84.5988,84.5988,68.10446499999999
192,2021-10-26 00:00:00,76.418485,69.49013500000001,78.2782,69.41720500000001
193,2021-11-08 00:00:00,73.63499,73.1731,75.348845,73.13663500000001
194,2021-11-16 00:00:00,102.819145,95.915105,105.21368,94.578055
195,2022-03-10 00:00:00,109.73534,111.3398,112.28789,108.47122
196,2022-04-01 00:00:00,148.205915,150.4789,150.86786,146.61361000000002
197,2022-05-09 00:00:00,130.094965,129.3292,133.303885,124.284875
198,2022-05-25 00:00:00,100.388145,109.395,109.796115,97.884215
199,2022-06-06 00:00:00,108.993885,115.42388,115.946545,108.30105
200,2022-06-13 00:00:00,99.901945,100.27875,102.102,97.252155
201,2022-06-15 00:00:00,98.564895,99.221265,100.874345,97.7262
202,2022-07-11 00:00:00,99.075405,100.78926,101.238995,98.710755
203,2022-07-12 00:00:00,98.880925,99.1848,100.59478,98.26102
204,2022-07-13 00:00:00,98.47981,99.1848,100.49754,98.2124
205,2022-08-02 00:00:00,88.75581000000001,89.4608,89.813295,88.56133000000001
206,2022-10-13 00:00:00,71.73881000000002,73.93886499999999,74.352135,71.49571
207,2022-11-04 00:00:00,71.48355500000001,71.4714,72.32225,71.03382
208,2022-12-14 00:00:00,82.374435,84.20984,85.5712,81.94901000000002
209,2022-12-15 00:00:00,79.967745,82.909255,83.23743999999999,79.7368
210,2022-12-29 00:00:00,73.67145500000001,74.327825,75.361,73.233875
211,2023-02-01 00:00:00,77.80415500000001,81.1954,81.1954,76.35771000000001
212,2021-12-02 00:00:00,98.856615,99.64669,100.27875,97.859905
213,2022-01-05 00:00:00,115.61836,118.8759,118.8759,112.60392
214,2022-01-21 00:00:00,112.032635,118.644955,118.99745,111.0967
215,2022-03-22 00:00:00,142.07979500000002,127.8706,145.42242000000002,127.8706
216,2022-03-31 00:00:00,151.13527000000002,144.47433,152.64249,143.96382000000003
217,2022-04-08 00:00:00,158.52551000000005,154.283415,160.00842000000003,154.1254
218,2022-05-06 00:00:00,130.59332,138.0808,138.0808,129.64523
219,2022-06-09 00:00:00,105.35954,103.0744,105.7485,102.53958
220,2022-06-24 00:00:00,96.77811,96.0245,99.658845,96.0245
221,2022-07-27 00:00:00,92.560325,91.6487,93.30178,91.1625
222,2022-07-28 00:00:00,88.816585,93.484105,93.49626,87.516
223,2022-09-02 00:00:00,84.69604,86.03309,86.90825000000001,84.538025
224,2022-09-20 00:00:00,78.752245,79.37215,81.426345,78.387595
225,2023-01-13 00:00:00,76.515725,75.65272,77.15993999999999,74.984195
226,2023-01-23 00:00:00,75.43393,75.227295,75.96875,74.65601000000001
227,2023-01-30 00:00:00,73.768695,73.9024,74.99635,73.46482
228,2023-02-08 00:00:00,81.00092000000001,78.71578000000001,81.6816,78.411905
229,2021-01-04 00:00:00,49.774725,49.337145,50.05429,48.680775
230,2021-01-07 00:00:00,49.39792,50.3217,50.649885,49.27637
231,2021-01-08 00:00:00,50.115065,49.592400000000005,50.68635,49.410075
232,2021-01-15 00:00:00,48.54707,49.3493,49.458695,48.26750500000001
233,2021-01-19 00:00:00,47.878545,48.32828000000001,48.802325,47.76915
234,2021-02-01 00:00:00,45.933745,45.739265,46.663045,45.2166
235,2021-02-17 00:00:00,48.632155,48.121645,48.91172,47.368035
236,2021-02-03 00:00:00,47.270795,45.97021,48.08518000000001,45.7028
237,2021-02-19 00:00:00,48.875255,48.510605000000005,49.81119,47.93932
238,2021-03-01 00:00:00,47.392345,47.4045,47.708375,46.9183
239,2021-03-10 00:00:00,45.642025,46.103915,46.86968,45.496165000000005
240,2021-03-24 00:00:00,37.58326,37.862825,38.1667,37.07275
241,2021-04-08 00:00:00,43.344730000000006,42.80991,44.9735,42.80991
242,2021-05-11 00:00:00,41.266225,40.28167,41.74027,40.06288000000001
243,2021-05-27 00:00:00,46.20115500000001,44.669625,46.371325,44.2442
244,2021-06-28 00:00:00,65.843635,65.10218,67.19284,64.50658500000002
245,2021-07-02 00:00:00,76.26047,71.2283,76.96546000000001,70.49900000000001
246,2021-07-08 00:00:00,70.754255,70.2559,72.358715,69.59953
247,2021-07-12 00:00:00,70.681325,70.35314,71.9576,70.195125
248,2021-09-17 00:00:00,78.19311499999999,79.116895,80.92799,76.86822
249,2021-09-21 00:00:00,78.95888000000001,76.94115000000001,79.70033500000001,75.79858
250,2021-01-20 00:00:00,47.708375,47.975785,48.32828000000001,47.29510500000001
251,2021-02-05 00:00:00,47.586825000000005,48.27966,49.1062,47.06416
252,2021-03-12 00:00:00,45.642025,45.62987,46.176845,45.496165000000005
253,2021-05-07 00:00:00,41.144675,42.22647,42.578965,40.780025
254,2021-05-31 00:00:00,45.642025,46.432100000000005,46.687355,45.459700000000005
255,2021-08-02 00:00:00,78.5213,79.37215,81.98547500000001,78.07156499999999
256,2021-08-25 00:00:00,75.04497,77.20856,77.20856,74.279205
257,2021-08-26 00:00:00,74.77756000000001,75.1179,76.72236000000001,74.18196499999999
258,2021-09-01 00:00:00,76.50357,77.52459,78.39975,75.81073500000001
259,2021-01-12 00:00:00,49.68964,49.799035,50.20015,49.51947
260,2021-02-10 00:00:00,47.027695,46.760285,47.489585,46.6752
261,2021-02-15 00:00:00,48.83879,48.01225,49.1062,47.829925
262,2021-02-26 00:00:00,47.392345,47.6476,48.06087,47.1614
263,2021-03-16 00:00:00,43.940325,46.14038000000001,46.16469,43.78231
264,2021-03-18 00:00:00,39.394355,42.03199,42.17785,38.263940000000005
265,2021-03-19 00:00:00,37.34016,37.9236,38.896,36.477155
266,2021-03-22 00:00:00,36.41638,35.9788,37.1943,35.9788
267,2021-04-27 00:00:00,41.995525,41.047435,43.10163000000001,40.86511
268,2021-05-19 00:00:00,44.58454,44.9735,46.33486,44.36575
269,2021-06-02 00:00:00,45.666335,46.189,46.60227,45.471855000000005
270,2021-06-09 00:00:00,65.05356,69.70892500000001,74.72894,63.886680000000005
271,2021-11-25 00:00:00,102.965005,98.35826000000002,103.5606,97.9693
272,2021-12-28 00:00:00,116.95541,103.8037,118.34108,103.8037
273,2022-02-01 00:00:00,110.05137,105.274455,112.3122,105.0192
274,2022-02-09 00:00:00,106.67228,106.392715,108.05795,104.7761
275,2022-03-24 00:00:00,137.54598,143.6721,145.531815,136.415565
276,2022-04-27 00:00:00,137.22995,139.2963,144.4014,136.3791
277,2022-08-16 00:00:00,86.0574,85.61982,86.774545,84.91483000000001
278,2022-09-01 00:00:00,85.65628500000001,83.3833,86.5436,83.3833
279,2022-10-03 00:00:00,75.48255,75.361,78.13234,74.87480000000001
280,2022-10-11 00:00:00,74.87480000000001,76.77098000000001,77.792,74.425065
281,2022-10-17 00:00:00,70.04926499999999,71.69019,71.69019,69.7697
282,2022-11-03 00:00:00,71.021665,69.806165,72.07915,69.23488
283,2022-11-16 00:00:00,74.084725,74.92342000000001,75.275915,73.53775
284,2022-12-20 00:00:00,75.25160500000001,75.23945,76.175385,74.473685
285,2023-01-27 00:00:00,73.80516000000001,76.734515,77.67045,73.19741
286,2021-01-13 00:00:00,49.458695,50.139375,50.139375,49.1062
287,2021-01-27 00:00:00,45.92159,46.99123,47.13709,45.75142
288,2021-04-16 00:00:00,41.8132,41.120365,42.396640000000005,40.8408
289,2021-06-21 00:00:00,63.70435500000001,64.1784,64.81046,62.61040500000001
290,2021-06-24 00:00:00,66.062425,66.36630000000001,67.788435,65.69777500000001
291,2021-06-25 00:00:00,64.652445,66.41492,66.475695,64.32426000000001
292,2021-06-29 00:00:00,67.75197,65.70993,69.38074,65.11433500000001
293,2021-07-15 00:00:00,71.36200500000001,71.10675,73.25818500000001,70.681325
294,2021-07-20 00:00:00,68.43265000000001,69.69677,69.74539,67.11991
295,2021-10-27 00:00:00,75.78642500000001,76.21185,79.42077,74.473685
296,2021-10-28 00:00:00,74.70463000000001,75.361,76.81960000000001,73.9024
297,2021-12-20 00:00:00,96.7538,95.7814,98.078695,94.0797
298,2021-12-24 00:00:00,99.06325,100.86219,101.652265,97.811285
299,2022-01-04 00:00:00,119.41072,117.9035,120.67484,113.81942
300,2022-03-21 00:00:00,125.42744500000002,114.9863,126.837425,114.487945
301,2022-03-29 00:00:00,134.470765,138.020025,138.020025,133.9481
302,2022-04-12 00:00:00,153.27455,155.3409,155.3409,150.2358
303,2022-04-18 00:00:00,154.02816,157.94207000000003,158.36749500000002,153.05576000000002
304,2022-04-26 00:00:00,138.79794500000003,144.38924500000002,144.38924500000002,137.89847500000002
305,2022-04-28 00:00:00,139.51509,139.0532,143.35607000000002,137.5946
306,2022-05-20 00:00:00,114.415015,115.4725,116.918945,113.09012
307,2022-06-21 00:00:00,97.26431,92.6211,99.172645,92.6211
308,2021-09-24 00:00:00,90.09286000000002,79.4937,94.17694,79.481545
309,2021-10-06 00:00:00,84.635265,86.5436,88.06297500000001,84.00320500000001
310,2022-01-20 00:00:00,120.492515,114.84044,121.7931,114.560875
311,2022-02-04 00:00:00,106.64797,108.27674,108.27674,105.33523
312,2022-02-14 00:00:00,97.130605,104.533,104.533,96.38915
313,2022-02-16 00:00:00,106.30763,104.156195,107.6933,103.02578
314,2022-03-17 00:00:00,115.047075,117.1742,118.6328,113.09012
315,2022-04-29 00:00:00,139.63664,140.2687,142.89418,138.8101
316,2022-05-18 00:00:00,116.675845,117.6604,121.11242,114.257
317,2022-07-08 00:00:00,101.555025,99.9141,102.503115,98.054385
318,2022-07-29 00:00:00,88.913825,89.7039,90.62768,88.68288000000001
319,2022-08-29 00:00:00,83.93027500000001,82.89710000000001,85.78999,82.75124
320,2022-09-08 00:00:00,85.972315,85.52258,86.920405,85.40103
321,2022-11-07 00:00:00,80.56334,72.93,82.38659,72.553195
322,2022-11-17 00:00:00,75.96875,73.73223,76.55219,73.59852500000001
323,2022-11-25 00:00:00,75.470395,75.361,76.81960000000001,75.1179
324,2022-11-30 00:00:00,77.13563,76.540035,77.40304,75.21513999999999
325,2022-12-09 00:00:00,80.02852,81.9247,82.32581499999999,79.59094
326,2023-01-18 00:00:00,76.224005,76.69805000000001,77.792,75.883665
327,2021-03-09 00:00:00,46.055295,45.982365,46.638735,45.72711
328,2021-03-23 00:00:00,37.862825,36.61086,38.62859,36.61086
329,2021-03-31 00:00:00,33.52349,34.046155000000006,34.568819999999995,33.0616
330,2021-04-19 00:00:00,42.408795,40.1115,43.065165,39.26065
331,2021-04-30 00:00:00,40.330290000000005,40.755715,41.64303,39.50375
332,2021-06-11 00:00:00,66.93758500000001,67.5818,69.67246000000002,66.256905
333,2021-09-16 00:00:00,78.946725,81.6816,82.4109,78.2782
334,2021-11-02 00:00:00,72.24932,73.39189,74.765405,71.9576
335,2021-12-29 00:00:00,118.60849,118.134445,119.8483,113.91666
336,2021-12-30 00:00:00,115.42388,117.87919,118.53556,114.52441000000002
337,2022-01-03 00:00:00,117.356525,110.282315,118.36539,109.92982
338,2022-01-24 00:00:00,98.77153,112.60392,112.62823,97.932835
339,2022-02-21 00:00:00,105.89436,104.65455,107.267875,103.34181
340,2022-02-23 00:00:00,106.33194,106.964,108.9088,105.7485
341,2022-03-04 00:00:00,105.28661,106.59935,109.1519,103.00147
342,2022-03-14 00:00:00,116.95541,113.0415,117.891345,112.3122
343,2022-06-02 00:00:00,113.588475,116.651535,116.651535,112.87133
344,2022-06-23 00:00:00,94.54159,94.0797,96.0245,92.438775
345,2022-07-07 00:00:00,97.519565,100.8865,101.482095,96.693025
346,2022-08-10 00:00:00,84.5988,85.121465,86.16679500000001,83.6264
347,2022-08-11 00:00:00,86.15464,85.37672,88.43978000000001,85.29163500000001
348,2022-09-12 00:00:00,92.32938,91.67301,95.25873500000002,90.6763
349,2022-09-15 00:00:00,86.25188,89.80114,90.202255,86.11817500000001
350,2022-09-19 00:00:00,78.54561000000001,82.1678,82.84848000000001,78.290355
351,2022-09-26 00:00:00,76.21185,77.792,77.792,75.6041
352,2022-09-27 00:00:00,76.12676499999999,77.33011,77.33011,74.87480000000001
353,2022-10-25 00:00:00,67.99507,69.58737500000001,69.58737500000001,67.59395500000001
354,2022-10-28 00:00:00,66.70664,69.13763999999999,69.13763999999999,65.8801
355,2022-11-11 00:00:00,73.93886499999999,74.82618000000001,75.74996000000002,73.05155
356,2022-11-18 00:00:00,74.77756000000001,75.85935500000001,76.28478000000001,74.26705
357,2023-01-12 00:00:00,75.178675,76.029525,76.06599,74.862645
358,2023-02-02 00:00:00,76.84391000000001,77.792,81.12247,76.345555
359,2021-02-12 00:00:00,46.86968,47.08847,47.270795,46.65089
360,2021-03-17 00:00:00,41.509325,43.758,43.95248,40.804335
361,2021-04-06 00:00:00,44.26851,46.189,46.590115,43.575675
362,2021-05-17 00:00:00,43.83093,42.287245,44.487300000000005,42.287245
363,2021-06-10 00:00:00,67.691195,65.637,68.979625,65.637
364,2021-07-23 00:00:00,70.82718500000001,72.44380000000001,72.78414,70.559775
365,2021-07-26 00:00:00,71.31338500000001,70.413915,72.05484,70.413915
366,2021-08-03 00:00:00,80.00421000000001,78.86164,80.83075000000001,78.64285000000001
367,2021-09-09 00:00:00,74.75325000000001,72.17639,75.54332500000001,71.86036000000001
368,2021-09-13 00:00:00,77.074855,74.36429,78.2782,74.1455
369,2021-10-05 00:00:00,85.83861,87.39445,87.61324,85.52258
370,2021-11-23 00:00:00,95.19796,91.344825,95.75709,88.7315
371,2021-11-26 00:00:00,103.17164,102.102,105.444625,100.655555
372,2021-12-14 00:00:00,105.371695,105.5054,107.91209,104.302055
373,2021-12-27 00:00:00,102.5882,97.4831,103.63353,96.7538
374,2022-01-28 00:00:00,96.07312,92.584635,98.64998,88.038665
375,2022-02-22 00:00:00,106.028065,101.287615,106.514265,99.671
376,2022-03-16 00:00:00,115.703445,115.78853,119.04607,114.86475
377,2022-04-13 00:00:00,159.023865,154.161865,160.117815,154.14971
378,2022-05-27 00:00:00,103.12302,100.81357,107.9364,100.582625
379,2022-06-10 00:00:00,102.819145,104.533,104.533,101.652265
380,2022-06-17 00:00:00,94.27418,92.8642,94.78469,89.4608
381,2022-07-05 00:00:00,101.8589,100.42461000000002,103.92525,99.96272
382,2022-07-15 00:00:00,92.52386,95.7814,96.498545,91.928265
383,2022-07-21 00:00:00,91.369135,88.90167,92.64541,86.98118000000001
384,2022-10-04 00:00:00,77.050545,76.38202,77.60967500000001,76.3334
385,2022-10-10 00:00:00,76.55219,76.21185,77.3058,75.68918500000001
386,2022-10-12 00:00:00,73.93886499999999,74.92342000000001,75.835045,73.6593
387,2021-10-20 00:00:00,84.635265,87.2729,87.2729,83.784415
388,2021-11-11 00:00:00,85.54689,80.19869,87.2729,79.019655
389,2021-11-15 00:00:00,95.85433,87.7591,96.94828,85.87507500000001
390,2021-12-07 00:00:00,94.66314,94.809,96.425615,93.5935
391,2021-12-22 00:00:00,98.6986,97.89637,100.13289,97.543875
392,2022-01-11 00:00:00,113.35753,113.40615,119.763215,112.62823
393,2022-01-27 00:00:00,91.028795,92.378,92.511705,89.7039
394,2022-02-07 00:00:00,105.323075,104.533,108.531995,104.533
395,2022-04-20 00:00:00,141.99471,146.3462,147.5617,140.5118
396,2022-05-12 00:00:00,105.77281,110.646965,113.0415,98.6986
397,2022-06-01 00:00:00,115.42388,112.494525,117.6604,112.470215
398,2022-07-18 00:00:00,85.74137,86.78670000000001,88.43978000000001,84.513715
399,2022-07-22 00:00:00,90.421045,90.94371,91.79456,89.947
400,2022-07-25 00:00:00,90.31165,89.947,91.296205,89.82545
401,2022-08-08 00:00:00,85.70490500000001,85.08500000000001,87.041955,83.3833
402,2022-09-09 00:00:00,90.639835,86.25188,91.13819,85.41318500000001
403,2022-12-16 00:00:00,77.950015,79.311375,80.06498500000001,77.31795500000001
404,2022-12-26 00:00:00,73.30680500000001,72.58966000000001,75.1179,72.44380000000001
405,2022-12-30 00:00:00,75.89582,74.60739,76.515725,74.595235
406,2023-01-03 00:00:00,76.84391000000001,76.0903,77.23287,75.93228500000001
407,2023-01-25 00:00:00,76.564345,77.792,77.792,76.13892
408,2023-02-07 00:00:00,78.07156499999999,77.0627,78.54561000000001,77.0627
409,2021-07-06 00:00:00,70.2559,74.63170000000001,76.00521499999999,69.5266
410,2021-08-05 00:00:00,77.57321,74.376445,78.74009,72.46811000000001
411,2021-08-09 00:00:00,78.144495,79.311375,79.44508,77.0627
412,2021-09-20 00:00:00,76.442795,77.74338,79.9799,75.72565
413,2021-09-29 00:00:00,87.81987500000001,86.3005,91.84318,86.3005
414,2021-10-08 00:00:00,87.63755,87.22428000000001,89.521575,87.041955
415,2021-10-14 00:00:00,84.343545,85.08500000000001,85.99662500000001,83.6264
416,2021-12-13 00:00:00,105.371695,100.27875,106.18608,99.25773
417,2021-12-16 00:00:00,100.47323,102.68544,102.770525,99.002475
418,2021-12-31 00:00:00,109.71103,115.66698,116.37197,108.76294
419,2022-04-07 00:00:00,152.897745,150.9651,156.05804500000002,150.320885
420,2022-04-22 00:00:00,144.98484,141.48420000000002,148.291,140.25654500000002
421,2022-05-16 00:00:00,114.925525,110.34309,116.4449,107.30434
422,2022-05-19 00:00:00,112.57961000000002,113.0415,115.217245,111.16963
423,2022-06-28 00:00:00,104.034645,102.3451,106.40487,99.1848
424,2022-08-25 00:00:00,85.54689,87.017645,87.39445,85.20655000000001
425,2022-09-06 00:00:00,85.87507500000001,86.5436,87.868495,85.58335500000001
426,2022-09-14 00:00:00,88.913825,89.4608,89.89838,88.02651000000002
427,2022-10-07 00:00:00,77.88924,77.20856,78.98319,77.20856
428,2022-10-14 00:00:00,71.386315,73.9024,73.9024,70.997355
429,2022-10-21 00:00:00,68.62713000000001,69.5266,70.122195,68.33541000000001
430,2022-10-31 00:00:00,67.812745,66.888965,69.271345,66.888965
431,2023-01-17 00:00:00,76.515725,76.06599,76.79529,75.470395
432,2021-01-06 00:00:00,49.896275,49.410075,51.22117,49.22775
433,2021-01-28 00:00:00,46.189,45.459700000000005,46.529340000000005,45.131515
434,2021-02-08 00:00:00,46.735975,47.6476,48.073025,46.6752
435,2021-04-09 00:00:00,43.223180000000006,43.5149,44.58454,42.7856
436,2021-05-28 00:00:00,46.468565000000005,46.6752,47.08847,45.459700000000005
437,2021-06-16 00:00:00,65.61269,66.97405,67.5818,65.17511
438,2021-07-13 00:00:00,70.122195,71.25261,71.31338500000001,69.830475
439,2021-08-10 00:00:00,74.497995,78.15665,78.30251000000001,71.36200500000001
440,2021-08-16 00:00:00,79.94343500000001,78.71578000000001,81.4385,78.19311499999999
441,2021-09-23 00:00:00,79.554475,80.575495,81.4385,78.168805
442,2021-10-18 00:00:00,87.80772,85.30378999999999,88.2453,84.367855
443,2021-10-22 00:00:00,75.762115,79.99205500000001,81.377725,75.04497
444,2021-11-10 00:00:00,81.09816000000001,74.63170000000001,82.09487,73.9024
445,2021-11-17 00:00:00,104.812565,101.6158,105.9916,98.4555
446,2021-12-15 00:00:00,101.798125,105.72419,106.2347,100.922965
447,2021-12-17 00:00:00,97.53172,100.98374,102.102,96.55932
448,2022-01-06 00:00:00,113.69787,114.257,115.88577,112.202805
449,2022-03-23 00:00:00,146.05447999999998,139.5394,149.591585,138.567
450,2022-03-30 00:00:00,143.45331000000002,135.6498,147.3186,135.57687
451,2022-05-02 00:00:00,139.5394,135.6498,143.392535,135.6498
452,2022-05-04 00:00:00,141.77592,140.5118,148.26669,138.78579
453,2022-05-24 00:00:00,109.796115,115.44819,121.0638,106.4778
454,2022-05-31 00:00:00,111.89893,104.7761,114.257,104.0468
455,2022-06-03 00:00:00,115.022765,114.366395,118.97314,113.2846
456,2022-06-27 00:00:00,102.503115,100.03565,104.034645,99.671
457,2022-07-06 00:00:00,100.728485,102.46665,102.5882,99.98703
458,2022-10-20 00:00:00,68.99178,67.5818,69.392895,67.5818
459,2022-10-24 00:00:00,69.30781,68.82161,69.67246000000002,68.809455
460,2022-10-27 00:00:00,68.38403000000001,68.65144,70.073575,67.60611000000002
461,2022-11-21 00:00:00,74.31567,74.63170000000001,75.591945,73.62283500000001
462,2022-12-07 00:00:00,81.474965,80.39317,82.77555000000001,79.46939
463,2023-01-31 00:00:00,79.38430500000001,74.04826000000001,80.91583500000002,73.44051
464,2023-02-06 00:00:00,77.14778500000001,76.224005,78.557765,76.224005
465,2022-12-22 00:00:00,73.355425,75.32453500000001,76.029525,72.699055
466,2022-12-27 00:00:00,76.612965,74.12119,77.245025,73.817315
467,2023-02-09 00:00:00,84.74466000000001,81.15893500000001,86.27619,79.82188500000001
468,2022-06-14 00:00:00,98.77153,99.20911,101.725195,98.467655
469,2022-08-17 00:00:00,87.041955,87.00549,88.43978000000001,85.59551
470,2022-08-26 00:00:00,84.55018000000001,86.25188,86.531445,84.221995
471,2022-08-30 00:00:00,84.489405,84.5988,85.91154,84.13691000000001
472,2022-09-07 00:00:00,84.805435,85.47396,85.78999,84.5988
473,2022-09-21 00:00:00,77.85277500000001,78.95888000000001,79.74895500000001,77.172095
474,2022-09-30 00:00:00,76.418485,76.807445,77.26933500000001,74.1455
475,2022-11-02 00:00:00,69.81832,68.77299,70.88796,68.38403000000001
476,2022-11-09 00:00:00,75.85935500000001,80.95230000000001,82.1678,74.87480000000001
477,2022-11-14 00:00:00,74.546615,74.33998000000001,75.105745,73.29465
478,2022-11-22 00:00:00,74.133345,74.60739,75.23945,73.78085
479,2022-11-23 00:00:00,74.546615,74.68032,75.6041,74.1455
480,2022-11-29 00:00:00,76.12676499999999,77.792,78.217425,75.79858
481,2022-12-21 00:00:00,74.80187,75.762115,77.67045,74.1455
482,2023-01-09 00:00:00,76.053835,75.361,77.18425,75.361
483,2021-02-02 00:00:00,45.92159,46.11607,46.79675,45.7028
484,2021-02-04 00:00:00,48.25535,47.270795,48.437675,47.01554
485,2021-02-24 00:00:00,48.32828000000001,47.6476,48.595690000000005,47.4045
486,2021-04-01 00:00:00,40.220895,34.435115,40.220895,34.435115
487,2021-04-26 00:00:00,41.071745,41.05959,41.327000000000005,40.54908
488,2021-04-29 00:00:00,40.98666,42.214315000000006,42.420950000000005,40.64632
489,2021-05-06 00:00:00,42.17785,40.585545,42.63974,39.69823
490,2021-06-01 00:00:00,46.030985,45.714955,46.298395,44.63316
491,2021-06-04 00:00:00,53.810185,48.54707,56.25334,48.364745
492,2021-06-17 00:00:00,64.239175,64.15409,66.013805,63.838060000000006
493,2021-06-30 00:00:00,69.79401000000001,68.420495,71.42278,67.5818
494,2021-07-07 00:00:00,70.62055000000001,70.2559,72.2007,69.61168500000001
495,2021-07-27 00:00:00,74.85049,71.78743,75.6041,70.52331000000001
496,2021-08-06 00:00:00,78.727935,79.00750000000001,80.70920000000001,77.792
497,2021-08-13 00:00:00,78.93457,78.655005,82.89710000000001,77.81631000000002
498,2021-09-07 00:00:00,73.30680500000001,76.04168,76.321245,72.68690000000001
499,2021-11-09 00:00:00,74.48584,74.084725,75.57979,73.91455500000001
500,2021-11-12 00:00:00,88.0022,85.3281,89.26632000000001,84.999915
501,2021-11-24 00:00:00,97.373705,95.68416,102.102,94.3228
502,2021-12-03 00:00:00,97.616805,98.9417,99.93841,96.9969
503,2021-12-06 00:00:00,93.994615,98.151625,98.151625,93.39902
504,2021-12-23 00:00:00,100.1572,99.16049,103.305345,99.06325
505,2022-02-17 00:00:00,106.805985,106.69659,108.9088,105.9916
506,2022-02-24 00:00:00,97.130605,104.520845,104.520845,94.821155
507,2022-02-28 00:00:00,102.75837,98.50412,103.305345,98.2124
508,2022-03-08 00:00:00,105.225835,106.295475,107.365115,102.5882
509,2022-03-28 00:00:00,136.707285,137.169175,139.75819,134.02103
510,2022-04-04 00:00:00,147.12412,149.02030000000002,150.320885,146.46775
511,2022-04-21 00:00:00,142.249965,143.429,147.05119,141.36265
512,2022-05-17 00:00:00,115.241555,114.93768,117.87919,110.8536
513,2022-05-23 00:00:00,114.30562,116.4449,118.36539,113.0415
514,2022-05-30 00:00:00,105.687725,105.7485,106.98831,103.85232
515,2022-06-16 00:00:00,93.1073,105.18937,105.18937,92.378
516,2022-06-30 00:00:00,100.54616,102.90423,104.0468,99.69531
517,2022-07-19 00:00:00,86.33696499999999,84.86621000000001,87.2729,83.16451
518,2022-09-29 00:00:00,76.06599,76.26047,78.18096000000001,73.34327
519,2022-12-12 00:00:00,81.80315,80.00421000000001,83.06727000000001,78.290355
520,2023-01-04 00:00:00,75.45824,77.03838999999999,77.03838999999999,74.89911000000001
521,2023-01-05 00:00:00,75.44608500000001,75.6041,76.04168,74.77756000000001
522,2023-01-06 00:00:00,74.765405,75.23945,76.50357,74.26705
523,2023-02-03 00:00:00,76.953305,77.42735,80.089295,75.1179
524,2023-03-03 00:00:00,83.662865,82.4109,84.30708000000001,81.56005
525,2023-02-16 00:00:00,87.17566000000001,90.275185,91.1625,85.93585
526,2023-03-29 00:00:00,81.110315,78.241735,81.839615,77.84062
527,2023-04-21 00:00:00,87.917115,87.39445,89.947,87.39445
528,2023-02-10 00:00:00,85.88723,86.42205,86.944715,85.486115
529,2023-03-17 00:00:00,84.416475,85.5712,86.10602,83.89381000000002
530,2023-03-20 00:00:00,80.794285,83.14020000000001,84.586645,79.90697
531,2023-04-11 00:00:00,88.87736000000001,87.95358,91.86749,86.88394
532,2023-04-17 00:00:00,86.42205,89.88622500000001,89.934845,85.8143
533,2023-05-15 00:00:00,88.87736000000001,89.21770000000001,91.04095,87.78341
534,2023-03-16 00:00:00,84.55018000000001,85.5712,85.5712,82.447365
535,2023-03-28 00:00:00,78.44837,79.46939,79.46939,77.42735
536,2023-04-24 00:00:00,86.68946000000001,87.94142500000001,90.056395,86.434205
537,2023-05-09 00:00:00,88.65857,88.05082,92.30507,87.990045
538,2023-03-02 00:00:00,82.00978500000001,81.1954,82.593225,79.50585500000001
539,2023-02-15 00:00:00,89.497265,85.923695,89.87407,85.923695
540,2023-04-05 00:00:00,82.714775,81.45065500000001,83.55347,81.41419
541,2023-04-10 00:00:00,87.52815500000001,85.93585,87.77125500000001,85.75352500000001
542,2023-04-18 00:00:00,86.88394,87.02980000000001,87.516,86.25188
543,2023-05-10 00:00:00,89.71605500000001,88.97460000000001,90.14148,88.09944
544,2023-03-27 00:00:00,79.05612,80.223,80.478255,78.533455
545,2023-04-13 00:00:00,89.934845,89.67959,90.907245,88.99891000000001
546,2023-02-17 00:00:00,85.729215,86.73808000000001,87.83203,85.40103
547,2023-02-23 00:00:00,82.04625,82.48383000000001,83.22528500000001,80.332395
548,2023-02-28 00:00:00,77.19640500000001,78.44837,79.37215,76.64943000000001
549,2023-03-22 00:00:00,81.56005,80.05283,82.89710000000001,80.05283
550,2023-04-19 00:00:00,86.61653000000001,87.260745,87.516,86.16679500000001
551,2023-04-20 00:00:00,87.2729,87.02980000000001,89.05968500000002,86.823165
552,2023-03-15 00:00:00,86.00878,85.69275,87.92927,85.5712
553,2023-05-05 00:00:00,88.06297500000001,88.7315,90.94371,87.2729
554,2023-05-12 00:00:00,88.767965,91.08957,91.08957,88.500555
555,2023-05-18 00:00:00,90.712765,89.16908000000001,91.12603500000002,89.14477
556,2023-02-21 00:00:00,81.76668500000001,83.82088,84.610955,81.4385
557,2023-03-06 00:00:00,86.580065,84.1126,87.260745,83.80872500000001
558,2023-04-27 00:00:00,86.47067,86.3005,87.32152,86.13033
559,2023-05-11 00:00:00,90.1901,90.4332,91.4056,89.84976
560,2023-02-22 00:00:00,82.155645,81.80315,83.34683500000001,81.377725
561,2023-02-27 00:00:00,78.44837,82.666155,82.666155,78.0351
562,2023-04-06 00:00:00,85.93585,82.714775,86.3005,80.794285
563,2023-04-28 00:00:00,87.72263500000001,87.02980000000001,89.18123500000002,86.5436
564,2023-05-03 00:00:00,87.19997000000001,87.455225,87.552465,86.0574
565,2023-05-04 00:00:00,88.06297500000001,87.19997000000001,88.39116000000001,86.37343000000001
566,2023-05-08 00:00:00,88.0022,88.7315,88.97460000000001,87.503845
567,2023-02-14 00:00:00,86.312655,85.37672,87.382295,85.37672
568,2023-03-08 00:00:00,86.83532,86.06955500000001,87.2729,84.5988
569,2023-03-09 00:00:00,87.24859,87.00549,88.0022,86.215415
570,2023-04-03 00:00:00,81.839615,79.846195,82.32581499999999,79.57878500000001
571,2023-04-25 00:00:00,85.850765,87.516,87.516,85.65628500000001
572,2023-05-17 00:00:00,89.16908000000001,88.500555,89.67959,88.01435500000001
573,2023-02-20 00:00:00,83.82088,85.71706,86.95687,83.541315
574,2023-02-24 00:00:00,83.16451,82.4109,84.25846000000001,82.277195
575,2023-03-10 00:00:00,86.847475,86.3005,87.39445,85.10931000000001
576,2023-02-13 00:00:00,86.33696499999999,86.3005,87.37013999999999,85.88723
577,2023-04-26 00:00:00,85.87507500000001,86.27619,86.99333500000002,85.64413
578,2023-03-01 00:00:00,80.964455,77.25718,81.52358500000001,77.25718
579,2023-03-13 00:00:00,86.896095,86.3005,88.038665,85.74137
580,2023-03-14 00:00:00,84.902675,86.3005,87.7591,82.812015
581,2023-03-24 00:00:00,79.894815,80.4661,81.31695,79.09258500000001
582,2023-03-21 00:00:00,79.651715,81.56005,81.64513500000001,79.068275
583,2023-05-16 00:00:00,88.500555,89.30278500000001,90.16579,88.26961000000001
584,2023-03-31 00:00:00,79.33568500000001,80.964455,82.471675,79.00750000000001
585,2023-04-12 00:00:00,89.934845,89.19339,90.4332,87.83203
586,2023-05-02 00:00:00,87.46738,88.670725,89.43648999999999,87.02980000000001
587,2023-03-23 00:00:00,80.39317,81.718065,81.81530500000001,79.7368
588,2023-05-19 00:00:00,93.897375,91.50284,96.38915,91.417755
589,2023-06-05 00:00:00,94.97917,95.5383,97.19138,94.44435
590,2023-06-09 00:00:00,97.95,101.55,101.55,95.55
591,2023-07-20 00:00:00,82.65,81.05,83.25,80.65
592,2023-06-15 00:00:00,87.1,85.5,88.2,85.5
593,2023-07-19 00:00:00,80.7,81.0,81.35,80.0
594,2023-07-25 00:00:00,81.15,80.5,81.9,79.9
595,2023-08-16 00:00:00,79.05,79.05,79.6,78.85
596,2023-06-16 00:00:00,87.2,88.85,88.9,85.85
597,2023-06-23 00:00:00,86.1,86.85,88.15,85.5
598,2023-08-02 00:00:00,86.4,86.6,87.3,84.85
599,2023-05-22 00:00:00,96.449925,94.809,98.30964,92.633255
600,2023-07-13 00:00:00,80.45,80.95,81.25,80.2
601,2023-07-14 00:00:00,81.4,80.65,83.45,79.1
602,2023-07-17 00:00:00,80.65,81.85,83.6,80.25
603,2023-08-09 00:00:00,79.05,82.75,83.35,78.4
604,2023-08-18 00:00:00,80.15,80.0,80.6,79.95
605,2023-08-22 00:00:00,80.25,80.65,80.95,80.0
606,2023-05-24 00:00:00,94.796845,95.7814,97.11845,94.3228
607,2023-06-01 00:00:00,98.054385,98.04223,99.440055,97.398015
608,2023-06-06 00:00:00,95.623385,94.97917,96.133895,93.44764
609,2023-06-19 00:00:00,86.8,87.75,88.0,85.0
610,2023-07-31 00:00:00,82.85,81.9,83.0,81.75
611,2023-05-29 00:00:00,97.24,99.13618,101.33623500000002,92.8642
612,2023-05-31 00:00:00,97.33724,93.5935,97.82344,93.20454
613,2023-06-13 00:00:00,88.4,92.0,92.0,88.4
614,2023-08-07 00:00:00,85.3,86.3,86.35,84.8
615,2023-06-12 00:00:00,93.05,96.9,97.0,93.05
616,2023-07-05 00:00:00,83.85,84.1,84.35,83.45
617,2023-07-12 00:00:00,80.6,81.2,81.7,80.3
618,2023-07-24 00:00:00,80.45,81.4,82.7,80.0
619,2023-08-11 00:00:00,78.35,80.95,82.2,78.0
620,2023-07-21 00:00:00,81.4,81.7,82.9,80.9
621,2023-07-28 00:00:00,81.9,81.9,82.0,81.05
622,2023-05-23 00:00:00,96.231135,96.765955,98.9417,95.36813
623,2023-06-20 00:00:00,86.2,87.25,87.25,85.0
624,2023-06-28 00:00:00,85.1,86.7,86.7,85.0
625,2023-08-03 00:00:00,85.5,86.45,87.1,84.4
626,2023-08-04 00:00:00,85.85,86.3,87.25,85.15
627,2023-08-10 00:00:00,78.2,79.95,81.6,77.65
628,2023-06-08 00:00:00,96.75,92.15,96.75,88.1
629,2023-07-06 00:00:00,83.3,84.15,84.25,83.0
630,2023-07-10 00:00:00,81.85,83.35,83.4,81.15
631,2023-07-18 00:00:00,80.35,81.35,81.55,79.4
632,2023-08-08 00:00:00,82.7,86.4,86.95,81.95
633,2023-05-30 00:00:00,93.78798,94.809,96.0245,93.3504
634,2023-06-26 00:00:00,87.3,86.9,87.9,85.5
635,2023-07-03 00:00:00,84.15,85.3,85.85,83.5
636,2023-07-11 00:00:00,81.2,81.85,81.85,80.6
637,2023-07-27 00:00:00,81.75,82.0,82.65,81.5
638,2023-07-26 00:00:00,81.95,81.5,82.2,80.5
639,2023-08-21 00:00:00,80.05,80.1,80.75,78.6
640,2023-05-25 00:00:00,94.17694,94.821155,96.279755,93.8366
641,2023-06-02 00:00:00,95.07641,98.467655,98.91739,94.809
642,2023-07-04 00:00:00,84.15,84.8,86.9,83.3
643,2023-08-14 00:00:00,79.0,78.0,79.45,77.3
644,2023-08-17 00:00:00,80.2,79.1,80.7,79.1
645,2023-08-23 00:00:00,80.3,80.25,81.1,80.05
646,2023-05-26 00:00:00,98.370415,94.90624,100.8865,94.3228
647,2023-06-07 00:00:00,98.55274,96.2676,99.57376,94.3228
648,2023-06-14 00:00:00,85.5,88.4,88.4,84.7
649,2023-06-21 00:00:00,90.5,86.4,90.5,85.0
650,2023-06-27 00:00:00,86.0,87.75,87.9,85.6
651,2023-07-07 00:00:00,83.05,83.9,83.9,82.65
652,2023-06-30 00:00:00,84.7,85.6,85.7,84.0
653,2023-08-01 00:00:00,86.3,82.0,88.0,82.0
