,time,close,open,high,low
0,2021-01-04 00:00:00,1034.05,1004.2,1041.2,985.9
1,2021-01-07 00:00:00,1059.5,1036.0,1072.5,1036.0
2,2021-01-20 00:00:00,1009.3,1017.5,1022.9,1000.1
3,2021-01-27 00:00:00,966.5,986.0,988.0,961.0
4,2021-02-23 00:00:00,1286.55,1273.0,1303.0,1256.15
5,2021-05-03 00:00:00,1904.1,1865.6,1955.0,1855.6
6,2021-06-03 00:00:00,1740.25,1768.15,1779.95,1732.6
7,2021-07-06 00:00:00,1885.85,1927.0,1938.2,1872.0
8,2021-10-21 00:00:00,2432.4,2548.0,2616.5,2418.05
9,2021-10-26 00:00:00,2467.0,2350.0,2480.0,2330.0
10,2021-01-15 00:00:00,1022.2,1039.0,1040.85,1011.0
11,2021-01-19 00:00:00,1014.5,1021.0,1031.0,1011.0
12,2021-01-21 00:00:00,1013.15,1013.8,1018.8,1007.0
13,2021-02-26 00:00:00,1368.65,1385.0,1443.4,1360.0
14,2021-03-05 00:00:00,1581.8,1615.4,1647.6,1562.0
15,2021-03-25 00:00:00,1534.15,1549.55,1553.45,1485.0
16,2021-04-28 00:00:00,1780.45,1805.0,1850.0,1755.0
17,2021-06-08 00:00:00,1825.65,1761.0,1847.9,1749.15
18,2021-06-18 00:00:00,1754.8,1785.0,1792.0,1715.0
19,2021-06-30 00:00:00,1808.55,1767.8,1825.5,1761.6
20,2021-07-28 00:00:00,1900.0,1917.0,1917.0,1882.0
21,2021-07-30 00:00:00,2039.2,1970.0,2084.9,1946.45
22,2021-08-02 00:00:00,2061.3,2060.0,2093.7,2035.05
23,2021-08-17 00:00:00,2130.6,2120.1,2142.55,2105.55
24,2021-09-20 00:00:00,2375.5,2408.0,2419.8,2357.1
25,2021-09-27 00:00:00,2442.95,2490.0,2504.05,2431.95
26,2021-10-27 00:00:00,2426.2,2498.0,2498.0,2400.0
27,2021-01-01 00:00:00,987.85,949.0,999.0,946.95
28,2021-01-05 00:00:00,1013.7,1034.0,1054.0,1004.2
29,2021-02-05 00:00:00,1012.65,1034.45,1037.9,1009.05
30,2021-02-18 00:00:00,1313.75,1309.6,1325.0,1278.05
31,2021-03-02 00:00:00,1607.85,1585.0,1663.15,1517.15
32,2021-03-09 00:00:00,1537.25,1580.4,1588.4,1503.0
33,2021-03-23 00:00:00,1580.2,1535.0,1604.0,1520.0
34,2021-04-09 00:00:00,1681.25,1707.0,1723.65,1674.65
35,2021-04-20 00:00:00,1559.85,1585.6,1595.75,1550.0
36,2021-05-28 00:00:00,1794.3,1774.9,1800.0,1770.4
37,2021-06-16 00:00:00,1774.6,1782.4,1814.95,1765.0
38,2021-06-21 00:00:00,1746.55,1730.0,1768.0,1710.0
39,2021-06-23 00:00:00,1758.9,1776.9,1779.0,1750.0
40,2021-06-24 00:00:00,1742.25,1755.0,1775.0,1729.35
41,2021-09-24 00:00:00,2485.95,2481.0,2527.0,2455.65
42,2021-09-28 00:00:00,2400.4,2442.9,2442.9,2353.25
43,2021-10-19 00:00:00,2925.9,2872.5,3020.0,2839.4
44,2021-11-12 00:00:00,2354.25,2356.4,2392.4,2331.05
45,2021-11-17 00:00:00,2294.45,2359.0,2368.95,2280.0
46,2021-11-23 00:00:00,2152.65,2129.0,2168.5,2052.0
47,2021-01-25 00:00:00,986.2,1011.25,1012.4,981.65
48,2021-02-08 00:00:00,1028.45,1015.0,1047.05,1013.35
49,2021-03-03 00:00:00,1602.15,1608.0,1639.45,1582.8
50,2021-03-08 00:00:00,1566.45,1596.05,1632.0,1556.05
51,2021-04-07 00:00:00,1697.95,1663.95,1711.95,1663.0
52,2021-04-12 00:00:00,1582.8,1670.0,1670.0,1573.35
53,2021-04-27 00:00:00,1782.55,1650.0,1795.0,1650.0
54,2021-05-12 00:00:00,1791.3,1797.45,1813.65,1776.35
55,2021-05-20 00:00:00,1774.2,1791.65,1809.5,1755.0
56,2021-06-09 00:00:00,1778.5,1841.8,1871.75,1751.1
57,2021-06-11 00:00:00,1791.8,1797.8,1823.5,1786.55
58,2021-06-14 00:00:00,1769.8,1792.0,1800.0,1755.55
59,2021-08-03 00:00:00,2093.8,2080.0,2156.0,2065.6
60,2021-08-05 00:00:00,2108.05,2069.0,2133.6,2048.0
61,2021-10-08 00:00:00,2881.6,2888.0,2940.8,2854.55
62,2021-11-01 00:00:00,2302.9,2250.0,2314.8,2250.0
63,2021-11-11 00:00:00,2344.65,2370.0,2405.0,2332.0
64,2021-11-22 00:00:00,2126.05,2292.0,2298.45,2094.15
65,2021-02-11 00:00:00,1129.45,1083.8,1137.2,1077.0
66,2021-03-12 00:00:00,1573.95,1622.0,1623.3,1538.0
67,2021-05-25 00:00:00,1805.35,1801.3,1834.8,1790.0
68,2021-08-09 00:00:00,2177.15,2129.8,2184.0,2115.0
69,2021-08-20 00:00:00,2098.85,2114.0,2146.0,2091.75
70,2021-09-30 00:00:00,2406.55,2388.4,2418.1,2363.35
71,2021-01-13 00:00:00,1027.5,1033.5,1043.8,1015.0
72,2021-02-22 00:00:00,1265.8,1290.0,1305.0,1246.25
73,2021-03-22 00:00:00,1530.5,1515.95,1545.0,1474.55
74,2021-05-19 00:00:00,1775.4,1800.0,1824.0,1765.2
75,2021-05-31 00:00:00,1785.4,1800.0,1817.1,1780.05
76,2021-08-13 00:00:00,2142.45,2156.3,2170.35,2126.4
77,2021-09-13 00:00:00,2427.6,2360.25,2439.9,2348.0
78,2021-09-17 00:00:00,2416.25,2455.0,2487.0,2402.35
79,2021-02-19 00:00:00,1280.05,1306.0,1312.0,1241.7
80,2021-03-01 00:00:00,1563.75,1385.0,1573.9,1379.05
81,2021-03-18 00:00:00,1484.35,1537.95,1564.9,1460.25
82,2021-04-08 00:00:00,1712.1,1706.45,1750.0,1703.05
83,2021-04-22 00:00:00,1598.55,1552.0,1609.0,1550.0
84,2021-06-17 00:00:00,1772.85,1764.95,1789.45,1749.05
85,2021-06-29 00:00:00,1760.3,1777.0,1789.9,1747.6
86,2021-08-18 00:00:00,2134.3,2136.0,2168.0,2118.0
87,2021-09-06 00:00:00,2359.6,2360.4,2382.15,2350.05
88,2021-10-22 00:00:00,2437.35,2450.0,2522.35,2380.2
89,2021-11-24 00:00:00,2155.15,2173.0,2187.0,2140.0
90,2021-01-11 00:00:00,1028.15,1060.5,1063.0,1020.0
91,2021-02-01 00:00:00,990.45,971.55,1002.85,944.0
92,2021-02-10 00:00:00,1071.35,1047.65,1080.9,1033.25
93,2021-02-24 00:00:00,1318.65,1296.25,1344.0,1270.0
94,2021-04-13 00:00:00,1587.1,1596.0,1627.5,1568.4
95,2021-06-01 00:00:00,1760.35,1785.4,1800.0,1756.0
96,2021-06-04 00:00:00,1731.65,1746.0,1755.0,1718.0
97,2021-07-02 00:00:00,1927.6,1898.0,1943.0,1892.35
98,2021-07-15 00:00:00,1946.85,1969.0,1974.65,1937.4
99,2021-07-27 00:00:00,1909.25,1933.0,1947.8,1891.4
100,2021-08-23 00:00:00,2056.3,2109.95,2127.6,2039.55
101,2021-08-24 00:00:00,2092.35,2064.4,2145.0,2062.2
102,2021-09-01 00:00:00,2304.45,2287.95,2333.1,2272.0
103,2021-09-07 00:00:00,2365.85,2365.7,2394.0,2317.0
104,2021-10-06 00:00:00,2886.8,2696.95,2930.0,2681.75
105,2021-10-25 00:00:00,2349.95,2435.0,2449.25,2260.0
106,2021-01-08 00:00:00,1054.65,1086.0,1086.0,1040.1
107,2021-01-18 00:00:00,1011.6,1012.5,1033.95,1004.0
108,2021-01-22 00:00:00,1001.0,1014.0,1015.8,987.0
109,2021-02-03 00:00:00,1049.8,991.5,1062.0,985.0
110,2021-02-09 00:00:00,1038.25,1037.7,1046.9,1022.4
111,2021-03-15 00:00:00,1553.15,1575.9,1576.8,1523.1
112,2021-04-01 00:00:00,1646.75,1675.0,1693.7,1635.95
113,2021-04-30 00:00:00,1865.6,1787.0,1900.0,1767.9
114,2021-05-10 00:00:00,1775.8,1820.05,1825.0,1771.0
115,2021-05-21 00:00:00,1762.15,1791.0,1798.75,1756.75
116,2021-06-22 00:00:00,1764.05,1760.0,1788.8,1750.0
117,2021-09-02 00:00:00,2321.85,2304.0,2335.0,2285.05
118,2021-10-05 00:00:00,2670.55,2616.7,2753.95,2615.0
119,2021-10-07 00:00:00,2868.4,2913.9,2943.25,2832.05
120,2021-10-11 00:00:00,2866.75,2886.0,2989.95,2854.3
121,2021-10-13 00:00:00,2875.7,2850.0,2910.05,2835.0
122,2021-10-28 00:00:00,2247.05,2350.0,2350.0,2183.65
123,2021-11-16 00:00:00,2352.2,2360.0,2374.0,2310.0
124,2021-01-14 00:00:00,1035.6,1030.1,1043.0,1017.95
125,2021-02-12 00:00:00,1110.65,1137.8,1159.0,1094.0
126,2021-03-16 00:00:00,1570.9,1559.9,1599.0,1530.0
127,2021-03-24 00:00:00,1538.5,1579.2,1618.4,1528.85
128,2021-06-25 00:00:00,1785.3,1748.8,1803.0,1737.1
129,2021-07-13 00:00:00,1947.85,1969.65,1976.0,1935.6
130,2021-07-29 00:00:00,1900.85,1906.8,1914.9,1884.05
131,2021-08-25 00:00:00,2090.65,2102.6,2119.35,2081.5
132,2021-08-27 00:00:00,2130.95,2080.0,2136.8,2076.5
133,2021-10-01 00:00:00,2382.45,2399.0,2405.0,2356.0
134,2021-10-29 00:00:00,2230.35,2257.8,2309.6,2192.0
135,2021-11-10 00:00:00,2361.3,2360.0,2381.9,2316.0
136,2021-11-18 00:00:00,2289.75,2296.0,2334.0,2252.25
137,2021-02-02 00:00:00,981.55,981.35,1010.15,978.0
138,2021-02-15 00:00:00,1178.8,1137.0,1240.0,1131.0
139,2021-03-19 00:00:00,1514.65,1490.9,1522.15,1428.25
140,2021-04-06 00:00:00,1657.15,1623.0,1708.05,1615.4
141,2021-04-19 00:00:00,1558.85,1549.6,1571.9,1533.25
142,2021-05-06 00:00:00,1891.2,1960.0,1988.0,1881.0
143,2021-05-07 00:00:00,1803.05,1900.7,1918.6,1792.15
144,2021-05-24 00:00:00,1787.15,1771.65,1802.0,1750.0
145,2021-05-27 00:00:00,1765.3,1796.95,1796.95,1755.35
146,2021-06-15 00:00:00,1775.1,1770.0,1820.0,1770.0
147,2021-08-06 00:00:00,2120.45,2118.4,2152.5,2111.0
148,2021-08-30 00:00:00,2270.2,2145.0,2280.0,2145.0
149,2021-09-23 00:00:00,2469.2,2432.8,2475.0,2430.0
150,2021-09-29 00:00:00,2374.05,2373.65,2397.0,2333.8
151,2021-11-03 00:00:00,2271.3,2300.0,2307.5,2258.0
152,2021-04-05 00:00:00,1617.15,1647.8,1668.0,1602.0
153,2021-05-11 00:00:00,1797.45,1768.0,1829.2,1755.8
154,2021-07-08 00:00:00,1937.0,1947.7,1977.65,1928.1
155,2021-07-16 00:00:00,1951.5,1954.0,1974.0,1945.0
156,2021-07-26 00:00:00,1921.8,1939.9,1962.0,1915.0
157,2021-09-08 00:00:00,2360.45,2372.0,2406.4,2337.65
158,2021-09-09 00:00:00,2360.7,2360.2,2375.75,2346.0
159,2021-09-21 00:00:00,2434.15,2373.0,2446.95,2314.0
160,2021-10-20 00:00:00,2555.1,2871.0,2885.95,2500.0
161,2021-11-02 00:00:00,2286.95,2317.0,2342.0,2272.0
162,2021-11-09 00:00:00,2363.35,2303.0,2373.35,2288.85
163,2021-02-04 00:00:00,1026.25,1058.4,1059.8,1018.75
164,2021-03-31 00:00:00,1656.5,1637.0,1665.3,1619.8
165,2021-04-26 00:00:00,1637.5,1648.4,1654.6,1607.0
166,2021-05-04 00:00:00,1863.75,1923.05,1943.9,1840.55
167,2021-06-02 00:00:00,1752.35,1750.0,1783.3,1747.35
168,2021-07-09 00:00:00,1940.75,1930.0,1953.85,1918.1
169,2021-07-12 00:00:00,1952.05,1955.0,1983.0,1945.4
170,2021-07-22 00:00:00,1929.45,1927.75,1948.4,1910.0
171,2021-07-23 00:00:00,1933.4,1936.0,1954.85,1925.0
172,2021-08-11 00:00:00,2098.9,2143.85,2163.0,2062.15
173,2021-09-22 00:00:00,2416.85,2446.35,2458.3,2409.4
174,2021-11-15 00:00:00,2352.95,2367.0,2380.0,2345.0
175,2021-03-17 00:00:00,1523.4,1571.0,1576.6,1509.2
176,2021-04-16 00:00:00,1587.95,1614.95,1625.0,1582.0
177,2021-07-19 00:00:00,1958.05,1948.95,1970.7,1938.45
178,2021-08-10 00:00:00,2134.85,2189.9,2208.0,2101.0
179,2021-08-12 00:00:00,2146.4,2108.8,2152.8,2102.15
180,2021-08-16 00:00:00,2130.85,2135.0,2148.0,2111.1
181,2021-08-31 00:00:00,2283.6,2279.0,2312.25,2251.1
182,2021-09-03 00:00:00,2348.7,2321.85,2405.0,2307.9
183,2021-10-04 00:00:00,2591.95,2388.9,2620.0,2383.45
184,2021-10-14 00:00:00,2897.8,2888.8,2957.45,2877.0
185,2021-11-08 00:00:00,2298.85,2314.0,2325.0,2254.3
186,2021-01-28 00:00:00,973.0,952.0,1010.05,941.2
187,2021-01-29 00:00:00,971.55,990.0,1005.0,961.2
188,2021-02-17 00:00:00,1301.05,1276.75,1330.0,1259.0
189,2021-03-04 00:00:00,1612.4,1617.9,1690.0,1600.05
190,2021-04-23 00:00:00,1627.85,1611.55,1673.85,1607.35
191,2021-04-29 00:00:00,1787.25,1800.0,1827.7,1775.05
192,2021-05-18 00:00:00,1794.3,1742.95,1837.0,1729.2
193,2021-05-26 00:00:00,1784.85,1805.35,1817.9,1779.2
194,2021-06-07 00:00:00,1754.15,1741.0,1760.0,1736.15
195,2021-06-10 00:00:00,1785.7,1792.0,1806.8,1762.1
196,2021-06-28 00:00:00,1775.95,1794.3,1814.0,1771.05
197,2021-07-05 00:00:00,1926.4,1943.45,1944.95,1902.4
198,2021-07-20 00:00:00,1907.7,1958.0,1969.0,1880.35
199,2021-08-26 00:00:00,2086.35,2095.0,2097.8,2068.9
200,2021-10-12 00:00:00,2850.85,2870.0,2890.8,2817.05
201,2021-01-06 00:00:00,1033.1,1015.3,1041.7,1007.1
202,2021-01-12 00:00:00,1028.2,1033.3,1040.0,1022.75
203,2021-02-16 00:00:00,1273.8,1198.0,1294.0,1162.7
204,2021-02-25 00:00:00,1395.9,1339.8,1410.0,1335.0
205,2021-03-10 00:00:00,1599.3,1541.1,1605.2,1525.0
206,2021-03-26 00:00:00,1561.0,1558.0,1570.05,1535.0
207,2021-03-30 00:00:00,1626.1,1585.0,1637.95,1546.1
208,2021-04-15 00:00:00,1608.15,1587.0,1615.85,1557.0
209,2021-05-05 00:00:00,1904.0,1864.0,1924.9,1845.0
210,2021-05-14 00:00:00,1728.1,1806.0,1809.35,1712.0
211,2021-05-17 00:00:00,1718.65,1734.95,1764.5,1714.0
212,2021-07-01 00:00:00,1882.35,1824.95,1889.95,1815.1
213,2021-07-07 00:00:00,1942.35,1894.8,1950.0,1886.85
214,2021-07-14 00:00:00,1958.35,1946.0,1999.5,1945.0
215,2021-08-04 00:00:00,2069.25,2112.0,2124.95,2058.0
216,2021-09-14 00:00:00,2451.15,2439.7,2468.85,2420.0
217,2021-09-15 00:00:00,2451.55,2458.9,2468.95,2443.7
218,2021-09-16 00:00:00,2448.6,2459.0,2470.6,2424.0
219,2021-10-18 00:00:00,2866.85,2921.0,2934.95,2850.0
220,2021-11-04 00:00:00,2294.3,2291.75,2299.0,2280.0
221,2021-12-23 00:00:00,2317.1,2350.0,2350.0,2303.0
222,2022-01-07 00:00:00,2533.4,2555.0,2555.0,2502.0
223,2021-12-13 00:00:00,2319.0,2350.0,2371.3,2311.0
224,2021-11-29 00:00:00,2086.45,2063.0,2105.0,2005.0
225,2021-12-31 00:00:00,2490.2,2451.9,2494.0,2446.0
226,2022-01-14 00:00:00,2659.85,2657.85,2686.55,2645.3
227,2022-01-25 00:00:00,2216.0,2236.0,2298.95,2129.05
228,2022-02-15 00:00:00,2137.85,2065.0,2150.0,2006.65
229,2022-02-22 00:00:00,1978.55,1919.0,1988.0,1905.0
230,2022-04-07 00:00:00,2326.05,2339.0,2372.95,2320.0
231,2022-04-28 00:00:00,2282.4,2262.0,2332.8,2262.0
232,2022-05-02 00:00:00,2298.3,2295.0,2337.85,2269.45
233,2022-05-24 00:00:00,1954.4,1957.4,1969.95,1941.5
234,2022-05-27 00:00:00,1896.25,1870.0,1923.5,1865.1
235,2022-07-18 00:00:00,1754.6,1774.0,1783.1,1745.55
236,2022-07-25 00:00:00,1849.85,1819.0,1864.0,1792.0
237,2022-09-01 00:00:00,2005.3,1971.9,2031.9,1966.0
238,2022-09-28 00:00:00,2076.55,2045.0,2090.0,2005.1
239,2022-10-06 00:00:00,2175.9,2118.0,2184.0,2115.0
240,2022-10-17 00:00:00,2255.75,2222.9,2264.0,2205.55
241,2022-11-09 00:00:00,2299.0,2332.6,2342.5,2288.0
242,2022-11-23 00:00:00,2129.0,2127.8,2145.0,2120.0
243,2022-12-07 00:00:00,2212.7,2248.0,2250.95,2196.1
244,2023-01-09 00:00:00,1934.55,1950.0,1973.0,1925.0
245,2023-02-08 00:00:00,1813.7,1777.0,1834.95,1742.15
246,2023-03-02 00:00:00,1829.0,1854.95,1864.9,1822.05
247,2023-03-14 00:00:00,1831.35,1808.75,1835.0,1781.0
248,2023-03-22 00:00:00,1804.7,1796.0,1819.0,1796.0
249,2023-05-11 00:00:00,1926.75,1964.95,1969.0,1922.1
250,2023-05-18 00:00:00,1966.5,1984.95,2006.15,1960.45
251,2023-05-22 00:00:00,1944.95,1940.95,1955.0,1918.85
252,2023-06-09 00:00:00,2019.9,2084.05,2098.0,2011.3
253,2021-12-09 00:00:00,2319.25,2346.4,2349.8,2305.0
254,2021-12-21 00:00:00,2277.25,2220.0,2299.0,2190.0
255,2022-01-10 00:00:00,2595.7,2540.0,2605.1,2535.0
256,2022-05-20 00:00:00,1964.85,2015.0,2034.0,1953.0
257,2022-06-08 00:00:00,1798.45,1875.0,1876.95,1790.0
258,2022-06-17 00:00:00,1846.65,1836.0,1865.0,1802.2
259,2022-06-29 00:00:00,1795.05,1780.0,1808.65,1768.1
260,2022-06-30 00:00:00,1736.4,1799.8,1827.0,1730.0
261,2022-07-01 00:00:00,1722.95,1741.0,1755.95,1681.15
262,2022-07-15 00:00:00,1751.15,1784.4,1786.95,1740.5
263,2022-09-26 00:00:00,2087.35,2142.0,2150.2,2026.5
264,2022-10-13 00:00:00,2225.45,2225.0,2250.45,2204.1
265,2022-12-14 00:00:00,2221.25,2225.0,2245.0,2216.75
266,2022-12-20 00:00:00,2087.25,2092.0,2102.1,2061.1
267,2023-02-02 00:00:00,1848.0,1852.75,1869.0,1815.35
268,2023-02-20 00:00:00,1812.0,1804.25,1827.9,1784.0
269,2023-03-17 00:00:00,1803.9,1835.1,1835.1,1797.85
270,2023-04-06 00:00:00,1807.3,1805.1,1819.0,1795.75
271,2023-04-10 00:00:00,1822.65,1810.0,1827.0,1801.0
272,2023-04-13 00:00:00,1871.6,1850.0,1899.0,1849.0
273,2023-05-12 00:00:00,1933.5,1888.0,1953.8,1863.65
274,2021-12-20 00:00:00,2186.45,2250.0,2250.0,2120.0
275,2021-12-24 00:00:00,2310.35,2339.0,2339.8,2281.0
276,2022-01-12 00:00:00,2634.4,2580.0,2647.95,2575.55
277,2022-02-17 00:00:00,2085.45,2120.0,2143.45,2080.0
278,2022-02-23 00:00:00,2014.4,2005.0,2052.8,1995.0
279,2022-04-25 00:00:00,2256.6,2240.0,2264.75,2220.7
280,2022-04-26 00:00:00,2283.9,2273.7,2319.55,2273.65
281,2022-05-05 00:00:00,2160.55,2235.0,2270.0,2142.0
282,2022-05-06 00:00:00,2028.6,2140.0,2145.95,2021.0
283,2022-06-16 00:00:00,1841.8,1884.0,1929.9,1823.55
284,2022-08-02 00:00:00,1954.0,1980.7,1997.75,1922.0
285,2022-09-19 00:00:00,2071.7,2114.1,2132.1,2063.45
286,2022-10-31 00:00:00,2313.95,2250.65,2326.4,2250.65
287,2022-11-17 00:00:00,2147.4,2161.0,2169.0,2123.3
288,2022-12-16 00:00:00,2108.35,2169.0,2173.0,2103.0
289,2022-12-27 00:00:00,1985.25,1974.8,1999.95,1962.25
290,2023-01-18 00:00:00,1932.95,1942.0,1953.95,1928.3
291,2023-06-06 00:00:00,2130.35,2120.0,2136.0,2112.0
292,2022-01-21 00:00:00,2500.95,2653.0,2654.5,2455.4
293,2022-02-10 00:00:00,2289.75,2319.9,2333.85,2283.95
294,2022-03-22 00:00:00,2255.45,2280.0,2285.55,2190.0
295,2022-03-25 00:00:00,2228.35,2238.0,2251.7,2210.0
296,2022-04-01 00:00:00,2300.4,2240.0,2325.9,2236.65
297,2022-06-07 00:00:00,1889.9,1895.0,1932.0,1870.0
298,2022-08-18 00:00:00,2104.25,2114.95,2122.0,2075.0
299,2022-09-12 00:00:00,2178.4,2054.9,2185.0,2045.0
300,2022-09-15 00:00:00,2230.35,2261.2,2279.35,2213.0
301,2022-09-16 00:00:00,2108.05,2228.8,2248.6,2094.65
302,2022-09-22 00:00:00,2162.65,2121.0,2177.7,2121.0
303,2022-10-03 00:00:00,2050.85,2036.0,2082.0,2031.15
304,2022-11-07 00:00:00,2332.6,2317.45,2337.0,2311.0
305,2022-12-09 00:00:00,2191.5,2244.0,2249.7,2176.35
306,2022-12-28 00:00:00,1992.15,1992.45,2005.0,1967.0
307,2022-12-30 00:00:00,1985.3,1986.05,2013.05,1980.55
308,2023-01-17 00:00:00,1941.4,1933.0,1946.6,1921.0
309,2023-03-10 00:00:00,1815.05,1804.0,1818.75,1780.0
310,2023-03-16 00:00:00,1810.2,1806.55,1828.4,1775.45
311,2023-04-28 00:00:00,1888.2,1864.95,1893.95,1864.95
312,2023-05-10 00:00:00,1958.55,1963.5,1970.0,1945.65
313,2022-01-17 00:00:00,2659.9,2660.0,2674.0,2631.0
314,2022-02-28 00:00:00,1999.05,1990.0,2019.0,1945.55
315,2022-04-21 00:00:00,2290.85,2232.55,2302.25,2225.7
316,2022-05-26 00:00:00,1843.75,1871.7,1875.0,1781.0
317,2022-06-15 00:00:00,1852.15,1828.0,1861.45,1826.55
318,2022-06-23 00:00:00,1797.75,1784.95,1811.0,1770.25
319,2022-06-28 00:00:00,1795.95,1814.0,1814.0,1788.75
320,2022-07-04 00:00:00,1741.55,1745.0,1774.7,1706.0
321,2022-07-12 00:00:00,1810.95,1840.0,1843.0,1803.0
322,2022-08-23 00:00:00,1987.2,1950.0,2013.6,1950.0
323,2022-09-20 00:00:00,2149.1,2085.0,2211.5,2084.55
324,2022-09-27 00:00:00,2054.7,2099.65,2115.2,2023.0
325,2023-01-03 00:00:00,1998.95,1999.0,2019.9,1993.1
326,2023-02-01 00:00:00,1846.35,1880.05,1905.3,1822.0
327,2023-03-09 00:00:00,1809.1,1827.0,1844.65,1804.0
328,2023-03-31 00:00:00,1842.6,1800.5,1855.0,1800.5
329,2023-04-19 00:00:00,1848.45,1868.7,1875.0,1838.05
330,2023-05-23 00:00:00,1950.05,1948.5,1968.0,1935.6
331,2023-06-05 00:00:00,2111.75,2095.0,2125.0,2095.0
332,2022-01-06 00:00:00,2534.15,2500.0,2545.0,2484.0
333,2022-02-03 00:00:00,2338.75,2370.0,2373.4,2322.4
334,2022-02-11 00:00:00,2211.85,2285.0,2285.0,2203.85
335,2022-02-25 00:00:00,1996.55,1939.25,2009.0,1910.0
336,2022-03-02 00:00:00,1941.65,1995.0,2029.0,1935.4
337,2022-03-11 00:00:00,2050.65,2010.0,2060.0,1989.9
338,2022-03-24 00:00:00,2240.35,2210.0,2262.0,2204.5
339,2022-03-31 00:00:00,2243.75,2228.8,2279.9,2214.0
340,2022-04-06 00:00:00,2329.35,2334.15,2354.0,2310.45
341,2022-04-13 00:00:00,2297.45,2270.0,2342.0,2268.0
342,2022-04-19 00:00:00,2211.4,2270.0,2306.1,2181.25
343,2022-05-18 00:00:00,2036.1,2060.0,2083.75,2026.0
344,2022-05-19 00:00:00,1981.75,1971.0,2010.0,1964.05
345,2022-05-23 00:00:00,1941.4,1987.25,2009.6,1935.65
346,2022-06-09 00:00:00,1785.15,1746.0,1810.4,1700.0
347,2022-06-20 00:00:00,1753.65,1864.25,1864.25,1735.65
348,2022-07-22 00:00:00,1815.9,1895.05,1908.45,1810.05
349,2022-09-21 00:00:00,2141.0,2155.1,2186.95,2128.0
350,2022-10-14 00:00:00,2225.05,2255.0,2261.4,2216.6
351,2022-11-22 00:00:00,2120.65,2108.95,2158.0,2106.05
352,2023-01-19 00:00:00,1925.45,1932.8,1935.0,1917.0
353,2023-01-20 00:00:00,1887.55,1934.0,1934.0,1883.0
354,2023-04-26 00:00:00,1858.05,1853.95,1871.35,1850.55
355,2022-01-20 00:00:00,2651.65,2568.0,2663.0,2567.75
356,2023-05-04 00:00:00,1935.8,1957.9,1957.9,1921.95
357,2023-05-19 00:00:00,1941.1,1972.0,1984.7,1934.0
358,2022-02-08 00:00:00,2320.7,2359.75,2365.15,2261.8
359,2023-05-24 00:00:00,2135.1,1948.0,2160.0,1932.8
360,2023-05-31 00:00:00,2073.8,2075.0,2094.0,2068.0
361,2022-05-09 00:00:00,1998.1,1972.0,2053.6,1947.05
362,2023-06-08 00:00:00,2086.1,2130.0,2135.0,2070.0
363,2022-05-25 00:00:00,1845.65,1968.0,1973.2,1835.0
364,2022-06-06 00:00:00,1903.45,1930.0,1948.45,1868.0
365,2022-06-10 00:00:00,1853.4,1773.9,1861.35,1760.0
366,2022-07-06 00:00:00,1743.3,1728.8,1747.85,1702.35
367,2022-08-03 00:00:00,1964.5,1890.0,2007.6,1875.0
368,2022-08-04 00:00:00,2012.45,1973.85,2017.8,1925.05
369,2022-08-19 00:00:00,2041.25,2104.0,2122.9,2028.35
370,2022-08-29 00:00:00,1943.3,1895.0,1948.1,1890.3
371,2022-10-04 00:00:00,2107.45,2075.6,2120.0,2072.0
372,2022-10-10 00:00:00,2206.65,2179.8,2221.95,2170.0
373,2022-10-21 00:00:00,2241.95,2251.0,2285.05,2233.8
374,2022-10-28 00:00:00,2250.65,2262.95,2268.0,2220.2
375,2022-11-04 00:00:00,2315.95,2316.55,2329.8,2285.2
376,2022-12-02 00:00:00,2211.5,2170.0,2217.85,2153.65
377,2022-12-22 00:00:00,2012.4,2049.2,2068.65,2000.0
378,2023-01-06 00:00:00,1936.55,1950.0,1968.8,1930.0
379,2023-01-31 00:00:00,1880.05,1849.95,1888.0,1840.65
380,2023-02-03 00:00:00,1824.0,1852.0,1858.0,1800.0
381,2023-02-13 00:00:00,1762.55,1786.0,1800.0,1750.0
382,2023-03-24 00:00:00,1780.05,1810.05,1824.45,1777.0
383,2023-04-05 00:00:00,1806.0,1804.0,1811.15,1783.65
384,2023-04-21 00:00:00,1831.7,1837.5,1844.0,1812.75
385,2023-05-16 00:00:00,1929.2,1930.0,1958.85,1923.45
386,2023-05-26 00:00:00,2074.55,2080.15,2088.45,2058.0
387,2021-12-16 00:00:00,2360.65,2359.6,2386.75,2335.0
388,2021-12-28 00:00:00,2442.35,2370.0,2464.95,2359.0
389,2022-01-28 00:00:00,2221.6,2129.9,2281.7,2129.9
390,2022-03-09 00:00:00,1974.65,1908.0,1984.2,1898.1
391,2022-03-14 00:00:00,2207.65,2070.05,2238.0,2031.2
392,2022-03-29 00:00:00,2220.55,2190.0,2226.9,2185.0
393,2022-05-04 00:00:00,2288.05,2298.3,2369.0,2266.0
394,2022-05-12 00:00:00,1918.8,1970.05,1992.85,1910.0
395,2022-05-31 00:00:00,1997.0,1986.15,2010.7,1973.0
396,2022-06-14 00:00:00,1816.65,1830.2,1848.85,1805.0
397,2022-06-21 00:00:00,1780.45,1784.0,1814.85,1759.0
398,2022-07-14 00:00:00,1773.3,1818.95,1829.75,1761.55
399,2022-07-28 00:00:00,1902.6,1843.0,1914.85,1833.0
400,2022-08-10 00:00:00,2018.25,2010.2,2035.05,2002.5
401,2022-08-24 00:00:00,1990.15,1988.0,2001.4,1978.0
402,2022-09-13 00:00:00,2256.5,2199.7,2295.0,2189.0
403,2022-09-23 00:00:00,2163.7,2170.6,2216.95,2145.0
404,2022-11-02 00:00:00,2343.5,2327.5,2350.5,2310.5
405,2022-12-06 00:00:00,2238.95,2262.0,2263.4,2231.05
406,2022-12-13 00:00:00,2221.65,2200.35,2226.0,2174.45
407,2022-12-19 00:00:00,2090.35,2113.45,2117.8,2066.5
408,2023-01-04 00:00:00,1959.95,2004.0,2008.2,1950.0
409,2023-01-30 00:00:00,1839.45,1814.95,1867.15,1811.25
410,2023-02-16 00:00:00,1824.85,1807.9,1838.0,1795.9
411,2023-02-23 00:00:00,1793.25,1800.0,1804.45,1757.0
412,2023-03-08 00:00:00,1819.85,1831.5,1831.5,1793.0
413,2023-03-27 00:00:00,1792.7,1780.1,1804.5,1762.0
414,2023-04-25 00:00:00,1854.6,1842.5,1868.95,1839.45
415,2021-12-03 00:00:00,2309.3,2241.7,2339.9,2221.0
416,2022-01-05 00:00:00,2524.7,2515.0,2540.0,2481.05
417,2022-01-27 00:00:00,2126.9,2216.4,2216.4,2106.0
418,2022-03-07 00:00:00,1830.65,1888.7,1888.7,1810.25
419,2022-04-20 00:00:00,2219.75,2225.1,2251.5,2187.35
420,2022-05-13 00:00:00,1983.4,1942.0,2035.0,1942.0
421,2022-07-05 00:00:00,1719.6,1740.0,1765.0,1712.3
422,2022-07-20 00:00:00,1757.4,1787.5,1787.85,1750.0
423,2022-07-26 00:00:00,1819.3,1849.85,1860.0,1811.8
424,2022-08-12 00:00:00,2053.8,2020.0,2074.45,2007.15
425,2022-09-09 00:00:00,2044.75,2044.0,2060.0,2031.95
426,2022-12-12 00:00:00,2190.0,2180.1,2216.85,2162.05
427,2023-03-29 00:00:00,1801.95,1805.9,1819.0,1788.15
428,2023-04-12 00:00:00,1846.45,1839.85,1852.95,1835.25
429,2023-04-18 00:00:00,1868.75,1865.75,1877.0,1855.8
430,2023-05-29 00:00:00,2082.5,2075.2,2096.75,2065.0
431,2022-02-07 00:00:00,2349.35,2382.3,2391.9,2327.2
432,2021-12-07 00:00:00,2285.9,2272.05,2308.4,2252.25
433,2021-12-30 00:00:00,2440.4,2470.0,2470.0,2435.0
434,2022-01-13 00:00:00,2656.85,2644.7,2667.8,2610.6
435,2022-03-15 00:00:00,2200.25,2249.0,2272.75,2180.0
436,2022-04-04 00:00:00,2313.7,2313.4,2333.0,2305.0
437,2022-05-17 00:00:00,2052.05,1990.0,2059.25,1987.75
438,2022-06-01 00:00:00,2012.8,1996.9,2033.1,1985.8
439,2022-07-27 00:00:00,1835.85,1818.0,1849.0,1790.1
440,2022-08-01 00:00:00,1974.2,1928.6,1980.0,1919.1
441,2022-08-05 00:00:00,2025.1,2030.0,2060.0,2011.1
442,2022-08-08 00:00:00,2009.8,2010.0,2036.2,2005.0
443,2022-08-17 00:00:00,2117.6,2104.9,2134.75,2100.55
444,2022-08-26 00:00:00,1960.7,1967.85,1990.45,1951.5
445,2022-10-07 00:00:00,2205.35,2177.0,2215.6,2156.5
446,2022-11-03 00:00:00,2319.3,2333.9,2356.6,2280.0
447,2022-11-16 00:00:00,2161.0,2191.0,2205.15,2150.0
448,2022-11-25 00:00:00,2108.55,2115.0,2123.4,2100.0
449,2022-11-30 00:00:00,2175.55,2173.95,2185.1,2162.45
450,2022-12-01 00:00:00,2165.6,2177.95,2189.0,2146.75
451,2022-12-29 00:00:00,1976.25,1990.0,1994.15,1962.3
452,2023-01-24 00:00:00,1884.7,1888.0,1898.5,1876.0
453,2023-02-09 00:00:00,1806.6,1820.0,1826.55,1804.0
454,2023-02-14 00:00:00,1757.4,1760.0,1783.5,1735.0
455,2023-03-03 00:00:00,1824.3,1838.1,1847.7,1819.75
456,2023-03-20 00:00:00,1802.3,1791.05,1805.4,1770.05
457,2023-04-03 00:00:00,1804.1,1850.0,1858.15,1799.6
458,2023-05-05 00:00:00,1914.7,1935.85,1947.95,1911.0
459,2023-05-25 00:00:00,2078.95,2127.9,2127.9,2057.05
460,2022-03-10 00:00:00,2012.15,2075.0,2090.0,2004.0
461,2021-12-14 00:00:00,2324.95,2318.0,2358.5,2292.0
462,2022-04-29 00:00:00,2326.6,2305.2,2359.7,2287.65
463,2022-01-19 00:00:00,2567.75,2587.0,2604.45,2535.15
464,2022-07-13 00:00:00,1815.95,1850.0,1850.0,1813.0
465,2022-08-11 00:00:00,2022.35,2029.0,2037.35,2014.0
466,2022-01-31 00:00:00,2231.5,2270.35,2293.65,2214.65
467,2022-10-27 00:00:00,2258.5,2252.5,2268.0,2228.0
468,2022-11-11 00:00:00,2118.15,2098.0,2134.95,2082.5
469,2022-03-08 00:00:00,1888.0,1839.0,1899.8,1825.0
470,2022-11-15 00:00:00,2187.2,2143.0,2201.0,2139.0
471,2022-03-17 00:00:00,2228.9,2252.0,2254.95,2210.0
472,2022-11-29 00:00:00,2168.9,2125.0,2176.2,2116.35
473,2022-04-08 00:00:00,2361.8,2342.0,2391.0,2336.5
474,2022-06-24 00:00:00,1801.5,1805.85,1833.05,1783.55
475,2022-12-05 00:00:00,2255.45,2222.55,2260.9,2197.0
476,2022-07-11 00:00:00,1834.4,1773.0,1848.8,1764.0
477,2023-01-02 00:00:00,1989.15,1995.25,2009.25,1980.65
478,2022-09-02 00:00:00,1982.8,2016.75,2023.35,1976.0
479,2023-02-07 00:00:00,1775.0,1815.0,1815.0,1730.0
480,2022-09-30 00:00:00,2036.0,2008.5,2051.8,1975.0
481,2023-02-28 00:00:00,1799.15,1809.0,1817.95,1777.75
482,2023-03-01 00:00:00,1845.75,1800.0,1853.0,1799.15
483,2022-10-24 00:00:00,2236.8,2245.0,2261.35,2230.0
484,2022-11-28 00:00:00,2122.7,2108.55,2144.0,2108.55
485,2023-03-15 00:00:00,1813.35,1845.0,1850.0,1798.2
486,2023-01-05 00:00:00,1943.65,1968.95,1973.6,1921.65
487,2023-05-02 00:00:00,1895.25,1899.75,1911.5,1882.65
488,2023-01-12 00:00:00,1941.8,1938.0,1955.0,1930.1
489,2023-01-27 00:00:00,1823.85,1837.3,1858.5,1800.0
490,2023-02-06 00:00:00,1816.05,1827.05,1847.7,1800.1
491,2023-02-10 00:00:00,1785.7,1806.6,1820.0,1778.05
492,2023-03-06 00:00:00,1831.55,1829.85,1849.0,1827.05
493,2023-04-27 00:00:00,1861.05,1858.1,1870.25,1858.1
494,2023-05-09 00:00:00,1948.55,1937.45,1969.0,1935.1
495,2021-11-30 00:00:00,2119.4,2086.0,2157.3,2082.05
496,2022-01-03 00:00:00,2530.15,2510.0,2557.95,2495.85
497,2022-01-04 00:00:00,2513.55,2544.5,2557.9,2502.1
498,2022-01-11 00:00:00,2574.6,2605.85,2628.2,2565.0
499,2022-02-09 00:00:00,2307.25,2332.0,2365.9,2280.55
500,2022-02-24 00:00:00,1855.35,1930.0,1974.5,1842.55
501,2022-03-23 00:00:00,2220.55,2271.0,2280.0,2210.05
502,2022-03-30 00:00:00,2216.5,2231.0,2246.2,2211.0
503,2022-04-22 00:00:00,2278.35,2269.0,2289.0,2245.05
504,2022-05-11 00:00:00,1970.05,1939.0,1993.0,1875.75
505,2022-05-30 00:00:00,1986.2,1931.1,1992.0,1915.0
506,2022-06-03 00:00:00,1958.1,1969.85,2000.0,1931.3
507,2022-07-29 00:00:00,1919.4,1924.95,1942.5,1907.3
508,2022-08-22 00:00:00,1980.45,2010.0,2023.8,1975.0
509,2022-09-05 00:00:00,2018.4,1989.4,2036.0,1975.0
510,2022-09-07 00:00:00,2018.8,1994.0,2026.85,1991.0
511,2022-09-08 00:00:00,2034.45,2028.9,2056.0,2020.6
512,2022-09-29 00:00:00,2010.3,2098.0,2109.0,1997.2
513,2022-10-25 00:00:00,2253.0,2236.0,2258.75,2221.55
514,2022-11-01 00:00:00,2325.45,2325.55,2338.0,2308.5
515,2022-11-14 00:00:00,2141.55,2120.0,2147.9,2103.05
516,2022-11-18 00:00:00,2103.15,2147.4,2159.3,2088.0
517,2022-12-21 00:00:00,2049.2,2097.65,2121.4,2040.7
518,2022-12-23 00:00:00,1888.3,1983.0,2005.55,1877.4
519,2023-01-13 00:00:00,1944.2,1950.3,1954.1,1921.9
520,2023-04-20 00:00:00,1837.5,1848.45,1862.7,1835.0
521,2023-04-24 00:00:00,1839.8,1836.3,1847.0,1829.25
522,2023-05-15 00:00:00,1932.05,1943.95,1943.95,1909.0
523,2021-12-01 00:00:00,2151.45,2139.0,2159.35,2110.3
524,2021-12-02 00:00:00,2219.6,2145.0,2229.5,2127.3
525,2021-12-06 00:00:00,2252.25,2309.45,2329.0,2242.2
526,2021-12-10 00:00:00,2352.9,2331.25,2359.95,2317.0
527,2021-12-27 00:00:00,2348.8,2290.35,2357.3,2272.85
528,2022-01-18 00:00:00,2590.55,2659.0,2690.05,2571.75
529,2022-02-01 00:00:00,2264.3,2253.9,2277.9,2223.2
530,2022-02-02 00:00:00,2362.4,2280.0,2384.0,2272.0
531,2022-02-14 00:00:00,2063.35,2122.0,2166.25,2052.55
532,2022-02-16 00:00:00,2114.9,2167.0,2175.0,2108.45
533,2022-02-21 00:00:00,2004.8,2050.0,2055.85,2000.0
534,2022-03-04 00:00:00,1913.7,1961.0,1961.0,1901.7
535,2022-03-16 00:00:00,2222.85,2222.0,2249.6,2215.0
536,2022-03-21 00:00:00,2269.8,2245.8,2294.3,2221.0
537,2022-04-05 00:00:00,2326.5,2330.0,2357.75,2314.0
538,2022-07-07 00:00:00,1761.1,1758.9,1778.0,1745.05
539,2022-07-08 00:00:00,1771.95,1782.6,1782.6,1748.0
540,2022-07-19 00:00:00,1769.6,1754.6,1779.9,1745.0
541,2022-08-16 00:00:00,2095.6,2064.65,2098.0,2055.0
542,2022-10-12 00:00:00,2225.8,2178.2,2234.35,2171.6
543,2022-12-26 00:00:00,1951.3,1894.0,1965.0,1880.05
544,2023-01-11 00:00:00,1928.95,1940.5,1955.0,1920.9
545,2023-01-25 00:00:00,1837.3,1884.75,1889.75,1830.55
546,2023-02-21 00:00:00,1804.4,1812.0,1848.35,1801.0
547,2023-02-22 00:00:00,1795.45,1802.0,1814.25,1771.0
548,2023-02-27 00:00:00,1808.8,1810.0,1815.0,1765.0
549,2023-03-13 00:00:00,1808.75,1815.05,1821.2,1790.0
550,2023-05-03 00:00:00,1952.2,1893.75,1958.8,1885.2
551,2023-06-07 00:00:00,2126.4,2135.0,2148.95,2120.0
552,2023-06-12 00:00:00,2027.95,2026.0,2044.85,2002.1
553,2021-11-25 00:00:00,2159.5,2164.8,2176.95,2115.1
554,2021-11-26 00:00:00,2105.6,2120.0,2182.05,2082.15
555,2021-12-29 00:00:00,2469.1,2460.0,2496.1,2441.4
556,2022-02-04 00:00:00,2365.35,2330.0,2402.0,2328.0
557,2022-02-18 00:00:00,2061.95,2080.0,2103.05,2056.0
558,2022-03-28 00:00:00,2174.0,2230.0,2249.5,2147.5
559,2022-04-12 00:00:00,2258.25,2287.6,2298.0,2201.6
560,2022-04-18 00:00:00,2269.1,2288.5,2288.5,2228.0
561,2022-05-10 00:00:00,1935.0,2005.0,2048.0,1920.0
562,2022-06-02 00:00:00,2045.8,2012.8,2050.0,1995.05
563,2022-06-13 00:00:00,1827.95,1800.0,1850.0,1752.0
564,2022-08-30 00:00:00,1979.05,1960.0,1995.0,1941.2
565,2022-09-06 00:00:00,2002.7,2028.5,2034.2,1996.2
566,2022-09-14 00:00:00,2252.2,2206.0,2282.0,2200.05
567,2022-11-10 00:00:00,2079.35,2095.0,2149.9,2074.0
568,2023-01-16 00:00:00,1931.75,1944.2,1962.0,1924.95
569,2023-01-23 00:00:00,1885.8,1887.55,1900.0,1860.0
570,2023-02-17 00:00:00,1804.25,1820.0,1829.85,1786.4
571,2023-02-24 00:00:00,1812.05,1794.1,1819.9,1791.0
572,2023-05-17 00:00:00,1972.9,1929.0,1979.45,1928.95
573,2021-12-08 00:00:00,2334.55,2295.0,2362.0,2295.0
574,2021-12-15 00:00:00,2345.55,2335.0,2386.75,2328.3
575,2021-12-17 00:00:00,2274.2,2368.9,2369.95,2253.3
576,2021-12-22 00:00:00,2327.45,2310.0,2339.7,2290.05
577,2022-01-24 00:00:00,2363.7,2500.95,2507.55,2340.0
578,2022-03-03 00:00:00,1974.9,1985.0,2000.85,1962.0
579,2022-04-11 00:00:00,2287.6,2368.65,2379.7,2277.0
580,2022-04-27 00:00:00,2256.2,2260.0,2277.25,2212.55
581,2022-05-16 00:00:00,1977.8,2020.1,2020.1,1965.3
582,2022-06-22 00:00:00,1780.2,1782.0,1814.65,1749.3
583,2022-06-27 00:00:00,1814.25,1830.0,1841.0,1809.0
584,2022-07-21 00:00:00,1866.15,1758.9,1891.15,1755.1
585,2022-08-25 00:00:00,1958.05,2000.75,2006.95,1950.3
586,2022-10-11 00:00:00,2178.2,2200.0,2242.0,2165.95
587,2022-10-18 00:00:00,2249.85,2267.05,2274.85,2242.4
588,2022-10-19 00:00:00,2261.05,2257.0,2286.65,2250.05
589,2022-10-20 00:00:00,2247.6,2249.95,2256.0,2202.0
590,2022-11-21 00:00:00,2105.25,2100.0,2140.0,2090.0
591,2022-11-24 00:00:00,2104.45,2139.05,2144.0,2100.0
592,2022-12-08 00:00:00,2239.5,2216.6,2250.0,2212.0
593,2022-12-15 00:00:00,2175.6,2218.0,2232.0,2170.0
594,2023-01-10 00:00:00,1929.65,1943.0,1953.0,1911.05
595,2023-02-15 00:00:00,1797.95,1749.0,1809.0,1749.0
596,2023-03-21 00:00:00,1795.7,1802.3,1827.95,1790.0
597,2023-03-23 00:00:00,1810.3,1796.0,1814.0,1793.4
598,2023-03-28 00:00:00,1798.2,1797.95,1807.1,1784.55
599,2023-04-11 00:00:00,1834.65,1823.05,1839.5,1815.0
600,2023-04-17 00:00:00,1853.0,1876.55,1882.5,1842.0
601,2023-05-08 00:00:00,1936.45,1919.95,1941.0,1917.0
602,2023-05-30 00:00:00,2073.0,2079.5,2089.5,2068.0
603,2023-06-01 00:00:00,2075.8,2081.95,2093.35,2069.95
604,2023-06-02 00:00:00,2086.65,2084.95,2093.0,2070.0
605,2023-07-07 00:00:00,2062.35,2135.0,2138.75,2055.0
606,2023-07-06 00:00:00,2135.5,2132.1,2143.8,2117.05
607,2023-06-27 00:00:00,2199.35,2232.1,2245.9,2190.0
608,2023-07-14 00:00:00,1943.8,1933.95,1946.0,1916.3
609,2023-07-13 00:00:00,1925.5,1947.95,1953.0,1900.2
610,2023-08-09 00:00:00,2065.45,2074.0,2124.0,2054.1
611,2023-06-20 00:00:00,2243.9,2178.75,2252.45,2176.1
612,2023-06-19 00:00:00,2174.45,2179.45,2214.0,2161.15
613,2023-06-21 00:00:00,2260.25,2248.95,2264.0,2242.1
614,2023-08-02 00:00:00,2013.2,2040.0,2044.8,1992.15
615,2023-06-26 00:00:00,2232.65,2184.05,2242.0,2175.65
616,2023-06-22 00:00:00,2268.0,2257.9,2278.0,2228.65
617,2023-06-23 00:00:00,2211.7,2268.0,2282.1,2196.05
618,2023-07-10 00:00:00,1986.85,2071.0,2082.35,1976.0
619,2023-08-04 00:00:00,2041.35,1944.95,2050.0,1938.25
620,2023-07-11 00:00:00,1932.5,1991.95,1993.0,1927.0
621,2023-08-16 00:00:00,2043.0,2045.05,2048.7,2028.0
622,2023-07-12 00:00:00,1936.15,1940.0,1951.15,1911.05
623,2023-08-18 00:00:00,1994.95,1998.25,2005.2,1962.0
624,2023-08-03 00:00:00,2025.95,2013.0,2031.95,1991.0
625,2023-08-07 00:00:00,2046.75,2036.0,2084.3,2023.05
626,2023-08-14 00:00:00,2054.0,2083.55,2083.55,2045.1
627,2023-07-20 00:00:00,1991.1,1992.0,2003.0,1978.2
628,2023-08-23 00:00:00,1994.95,1988.05,1999.0,1986.0
629,2023-06-15 00:00:00,2136.55,2127.0,2179.8,2112.55
630,2023-06-30 00:00:00,2173.75,2180.15,2202.95,2165.55
631,2023-07-05 00:00:00,2131.05,2175.0,2202.7,2122.45
632,2023-08-01 00:00:00,2045.7,2010.7,2048.9,2007.45
633,2023-06-13 00:00:00,2069.25,2045.1,2073.35,2029.3
634,2023-07-19 00:00:00,1992.35,1978.25,1996.6,1976.55
635,2023-07-24 00:00:00,1989.7,1982.0,2000.0,1961.1
636,2023-08-21 00:00:00,2006.2,1994.95,2014.45,1985.0
637,2023-07-27 00:00:00,1977.6,2015.0,2015.0,1971.35
638,2023-07-03 00:00:00,2165.05,2174.35,2188.0,2155.8
639,2023-07-04 00:00:00,2171.15,2171.0,2184.25,2156.0
640,2023-06-14 00:00:00,2114.6,2069.25,2140.55,2061.3
641,2023-06-16 00:00:00,2163.1,2153.0,2178.0,2145.25
642,2023-08-08 00:00:00,2091.95,2050.0,2104.0,2031.7
643,2023-06-28 00:00:00,2177.2,2205.25,2215.9,2172.5
644,2023-08-10 00:00:00,2066.05,2065.45,2075.0,2036.05
645,2023-08-17 00:00:00,1999.25,2043.0,2054.4,1995.0
646,2023-07-17 00:00:00,1987.9,1950.0,2001.05,1943.8
647,2023-07-26 00:00:00,2005.85,2019.85,2019.85,1997.5
648,2023-08-11 00:00:00,2083.65,2073.0,2099.5,2060.05
649,2023-07-18 00:00:00,1976.25,1999.95,2007.0,1955.15
650,2023-07-21 00:00:00,1979.3,1980.0,1994.65,1955.7
651,2023-07-31 00:00:00,2010.7,2025.0,2029.0,1996.0
652,2023-07-25 00:00:00,2007.85,1982.0,2019.6,1982.0
653,2023-07-28 00:00:00,2013.15,1980.0,2023.6,1970.3
654,2023-08-22 00:00:00,1988.05,2014.95,2014.95,1976.0
