,time,close,open,high,low
0,2021-01-04 00:00:00,3370.55,3255.0,3410.0,3250.2
1,2021-02-19 00:00:00,3049.35,3085.75,3085.75,3044.1
2,2021-03-19 00:00:00,3205.15,3125.0,3280.0,3022.5
3,2021-06-24 00:00:00,3597.85,3614.5,3635.0,3543.25
4,2021-07-22 00:00:00,4051.7,4027.0,4095.0,3995.0
5,2021-07-28 00:00:00,4373.3,4200.0,4449.0,4110.3
6,2021-09-27 00:00:00,4584.85,4714.95,4739.9,4549.1
7,2021-10-19 00:00:00,4944.0,4760.0,5145.0,4744.9
8,2021-11-23 00:00:00,4240.7,4239.95,4275.0,4144.0
9,2021-11-25 00:00:00,4180.65,4174.85,4209.25,4131.2
10,2021-12-24 00:00:00,3905.65,4013.55,4020.0,3888.0
11,2022-01-31 00:00:00,3515.25,3463.95,3535.9,3437.45
12,2022-02-21 00:00:00,3525.75,3599.9,3602.45,3513.3
13,2022-02-23 00:00:00,3513.25,3474.55,3543.7,3461.55
14,2022-02-28 00:00:00,3389.55,3409.3,3427.9,3350.0
15,2022-03-03 00:00:00,3380.55,3410.0,3437.05,3362.75
16,2022-03-29 00:00:00,3482.35,3529.95,3543.95,3475.1
17,2022-04-06 00:00:00,3685.05,3670.0,3709.0,3635.45
18,2022-04-19 00:00:00,3565.35,3611.0,3649.8,3510.0
19,2022-05-10 00:00:00,3571.3,3585.0,3623.95,3550.0
20,2022-05-13 00:00:00,3230.7,3394.7,3395.0,3220.0
21,2022-05-20 00:00:00,3217.45,3126.0,3229.65,3111.0
22,2021-01-13 00:00:00,3481.3,3497.0,3542.0,3461.0
23,2021-02-01 00:00:00,3249.15,3218.0,3280.75,3183.0
24,2021-02-23 00:00:00,3006.3,3004.9,3023.4,2980.45
25,2021-03-10 00:00:00,3201.55,3226.2,3270.7,3192.0
26,2021-03-17 00:00:00,3206.9,3285.2,3440.0,3151.0
27,2021-03-22 00:00:00,3222.55,3225.0,3255.55,3182.4
28,2021-05-17 00:00:00,3520.05,3540.0,3560.0,3490.2
29,2021-06-03 00:00:00,3532.8,3544.85,3558.75,3520.05
30,2021-07-05 00:00:00,3597.2,3660.0,3674.95,3588.0
31,2021-09-20 00:00:00,4694.65,4786.55,4815.0,4690.0
32,2021-12-13 00:00:00,4288.85,4400.0,4400.0,4271.35
33,2022-01-19 00:00:00,3996.15,3975.0,4052.75,3948.4
34,2022-01-20 00:00:00,3698.65,3850.0,3896.75,3691.75
35,2022-03-15 00:00:00,3456.4,3545.0,3547.0,3442.0
36,2022-04-05 00:00:00,3676.55,3700.0,3720.0,3654.6
37,2022-05-26 00:00:00,3096.65,3118.95,3122.8,3017.6
38,2022-06-08 00:00:00,3240.85,3309.75,3309.75,3225.0
39,2021-01-06 00:00:00,3364.95,3448.5,3480.0,3333.3
40,2021-02-03 00:00:00,3305.15,3299.75,3347.0,3252.0
41,2021-02-17 00:00:00,3090.55,3149.0,3149.9,3065.0
42,2021-02-18 00:00:00,3069.7,3120.0,3120.0,3050.0
43,2021-04-13 00:00:00,3294.6,3380.0,3408.55,3253.25
44,2021-06-14 00:00:00,3675.95,3690.0,3717.25,3575.05
45,2021-07-27 00:00:00,4170.5,4169.7,4219.95,4120.75
46,2021-08-18 00:00:00,4524.65,4642.95,4654.0,4505.0
47,2021-08-25 00:00:00,4711.5,4590.0,4747.0,4590.0
48,2021-08-26 00:00:00,4739.0,4708.2,4825.0,4655.1
49,2021-09-06 00:00:00,4818.0,4769.9,4849.5,4718.05
50,2021-09-22 00:00:00,4672.9,4700.0,4733.0,4633.1
51,2021-10-06 00:00:00,4660.25,4739.9,4760.0,4626.8
52,2021-10-26 00:00:00,4544.35,4465.0,4625.0,4455.45
53,2021-11-15 00:00:00,4456.7,4460.0,4477.0,4435.55
54,2021-12-28 00:00:00,3961.8,3935.95,3973.9,3935.0
55,2022-01-04 00:00:00,4085.45,4029.85,4099.5,4005.45
56,2022-02-01 00:00:00,3571.5,3564.4,3584.85,3515.3
57,2022-02-03 00:00:00,3713.35,3742.35,3834.0,3620.0
58,2022-03-16 00:00:00,3533.3,3483.0,3544.45,3460.85
59,2022-04-07 00:00:00,3709.6,3688.9,3750.0,3677.4
60,2022-04-28 00:00:00,3526.75,3510.0,3547.2,3486.7
61,2022-05-06 00:00:00,3517.1,3450.0,3544.9,3430.0
62,2022-05-11 00:00:00,3534.95,3605.0,3605.0,3485.0
63,2022-05-25 00:00:00,3082.95,3151.0,3179.95,3066.0
64,2022-06-02 00:00:00,3318.0,3299.75,3339.0,3273.9
65,2022-06-20 00:00:00,2989.1,3033.0,3033.0,2957.4
66,2022-06-29 00:00:00,3135.85,3110.0,3159.9,3108.0
67,2022-07-01 00:00:00,3059.15,3090.25,3123.9,3044.25
68,2022-07-06 00:00:00,3095.0,3052.0,3110.55,3042.8
69,2022-07-13 00:00:00,3200.75,3160.0,3216.95,3146.05
70,2021-01-22 00:00:00,3314.65,3350.0,3388.0,3285.0
71,2021-03-01 00:00:00,3152.75,3050.0,3168.75,3050.0
72,2021-03-16 00:00:00,3257.55,3149.75,3294.55,3149.75
73,2021-04-30 00:00:00,3478.55,3470.0,3568.95,3438.0
74,2021-05-11 00:00:00,3759.65,3630.0,3794.0,3605.25
75,2021-05-12 00:00:00,3697.35,3770.0,3795.0,3685.05
76,2021-06-09 00:00:00,3502.6,3594.0,3594.0,3489.0
77,2021-06-15 00:00:00,3749.35,3708.4,3794.0,3683.9
78,2021-06-25 00:00:00,3633.05,3600.0,3644.0,3585.0
79,2021-07-12 00:00:00,3900.8,3963.7,3983.75,3860.0
80,2021-08-05 00:00:00,4401.55,4319.0,4411.3,4255.0
81,2021-09-13 00:00:00,4856.05,4797.3,4899.55,4754.35
82,2021-11-10 00:00:00,4490.15,4438.0,4515.0,4404.95
83,2021-11-11 00:00:00,4465.75,4478.7,4494.5,4450.4
84,2021-11-17 00:00:00,4476.35,4469.95,4529.8,4454.35
85,2021-11-24 00:00:00,4159.4,4250.05,4288.0,4120.95
86,2022-01-10 00:00:00,4084.75,4040.1,4114.9,3972.4
87,2022-01-27 00:00:00,3419.55,3450.05,3475.0,3346.4
88,2022-03-04 00:00:00,3346.1,3364.0,3403.75,3327.4
89,2022-03-07 00:00:00,3351.9,3340.0,3382.95,3272.35
90,2022-03-11 00:00:00,3468.55,3471.0,3512.0,3438.0
91,2022-03-17 00:00:00,3553.55,3570.0,3572.3,3502.0
92,2021-01-18 00:00:00,3308.4,3390.0,3390.0,3254.1
93,2021-01-29 00:00:00,3218.55,3322.9,3322.9,3201.0
94,2021-02-02 00:00:00,3280.8,3289.0,3329.0,3210.05
95,2021-01-15 00:00:00,3379.8,3463.9,3463.9,3355.55
96,2021-03-23 00:00:00,3202.4,3223.0,3296.5,3192.15
97,2021-03-03 00:00:00,3228.15,3206.1,3330.0,3182.25
98,2021-04-16 00:00:00,3366.25,3300.4,3421.95,3300.4
99,2021-04-07 00:00:00,3317.15,3320.85,3480.0,3275.85
100,2021-05-18 00:00:00,3542.55,3544.0,3578.85,3495.85
101,2021-04-09 00:00:00,3512.2,3500.0,3570.0,3470.1
102,2021-06-18 00:00:00,3536.4,3609.7,3670.0,3524.0
103,2021-05-24 00:00:00,3705.65,3670.0,3722.35,3620.5
104,2021-07-06 00:00:00,3741.05,3609.9,3759.0,3598.5
105,2021-05-27 00:00:00,3487.75,3501.3,3570.0,3420.3
106,2021-05-28 00:00:00,3525.3,3520.0,3555.6,3489.4
107,2021-07-26 00:00:00,4137.65,4041.55,4170.0,4015.0
108,2021-09-23 00:00:00,4698.05,4715.0,4730.0,4663.05
109,2021-06-04 00:00:00,3514.95,3547.95,3554.4,3504.55
110,2021-11-01 00:00:00,4409.4,4485.0,4485.0,4350.0
111,2021-06-11 00:00:00,3689.35,3560.0,3739.9,3546.5
112,2022-02-02 00:00:00,3742.35,3589.0,3760.0,3562.9
113,2021-06-28 00:00:00,3593.95,3636.0,3647.4,3580.0
114,2022-02-17 00:00:00,3610.65,3685.0,3691.2,3585.0
115,2021-07-01 00:00:00,3620.3,3659.0,3659.0,3601.4
116,2022-03-23 00:00:00,3559.6,3609.0,3662.35,3551.05
117,2021-07-02 00:00:00,3624.3,3653.2,3695.0,3602.5
118,2022-04-20 00:00:00,3518.5,3569.0,3584.1,3510.15
119,2022-04-22 00:00:00,3485.65,3534.9,3544.9,3480.0
120,2021-08-17 00:00:00,4605.45,4633.0,4690.0,4580.15
121,2021-08-24 00:00:00,4585.9,4440.0,4610.0,4419.6
122,2022-04-29 00:00:00,3561.25,3530.0,3584.85,3528.05
123,2021-08-27 00:00:00,4763.55,4750.5,4824.35,4714.0
124,2022-06-23 00:00:00,3098.55,3042.65,3119.0,3041.15
125,2021-10-07 00:00:00,4742.7,4670.1,4772.25,4629.45
126,2022-06-24 00:00:00,3121.35,3140.0,3147.7,3098.75
127,2021-10-12 00:00:00,4737.45,4740.0,4769.45,4672.4
128,2022-07-11 00:00:00,3212.25,3182.05,3248.7,3164.05
129,2021-11-08 00:00:00,4477.5,4400.0,4543.25,4400.0
130,2021-11-09 00:00:00,4440.35,4480.0,4540.0,4425.1
131,2021-11-16 00:00:00,4466.6,4482.95,4507.6,4450.55
132,2021-12-09 00:00:00,4224.4,4260.0,4271.3,4205.05
133,2021-12-14 00:00:00,4298.35,4274.0,4329.8,4250.2
134,2022-01-14 00:00:00,4098.0,4167.65,4167.65,4090.0
135,2022-02-04 00:00:00,3625.25,3700.0,3731.9,3611.2
136,2022-03-21 00:00:00,3545.3,3572.0,3595.0,3535.0
137,2022-06-10 00:00:00,3176.55,3190.25,3195.0,3131.0
138,2022-07-04 00:00:00,3046.9,3075.0,3075.25,3021.55
139,2021-01-05 00:00:00,3448.5,3372.0,3469.0,3355.5
140,2021-01-12 00:00:00,3464.65,3369.0,3535.0,3333.0
141,2021-02-10 00:00:00,3197.8,3242.8,3247.15,3184.25
142,2021-02-24 00:00:00,3037.6,3036.5,3048.7,2995.0
143,2021-03-26 00:00:00,3124.15,3159.0,3188.75,3071.9
144,2021-04-29 00:00:00,3469.5,3589.9,3609.3,3445.2
145,2021-05-06 00:00:00,3487.45,3564.0,3595.0,3474.0
146,2021-05-26 00:00:00,3510.3,3620.0,3620.0,3501.0
147,2021-07-08 00:00:00,3766.3,3724.95,3845.0,3701.25
148,2021-07-15 00:00:00,4093.9,4180.0,4198.0,4068.3
149,2021-08-02 00:00:00,4285.8,4368.95,4375.0,4257.0
150,2021-08-10 00:00:00,4501.5,4490.0,4530.0,4449.95
151,2021-08-11 00:00:00,4447.35,4481.0,4509.95,4365.0
152,2021-08-31 00:00:00,4699.55,4713.85,4762.1,4607.0
153,2021-10-05 00:00:00,4703.05,4622.25,4720.0,4571.2
154,2021-10-27 00:00:00,4663.5,4570.0,4714.0,4505.45
155,2021-11-03 00:00:00,4409.55,4427.95,4437.0,4380.0
156,2021-11-04 00:00:00,4427.05,4412.0,4450.0,4412.0
157,2021-12-01 00:00:00,4134.6,4235.1,4259.9,4125.05
158,2021-12-08 00:00:00,4227.35,4189.0,4267.0,4187.55
159,2021-12-31 00:00:00,3961.2,3948.0,4015.0,3948.0
160,2022-01-18 00:00:00,3979.05,4069.15,4105.7,3965.0
161,2022-01-21 00:00:00,3674.15,3695.0,3749.9,3660.0
162,2022-05-02 00:00:00,3503.55,3540.0,3557.05,3487.5
163,2022-05-18 00:00:00,3223.5,3267.1,3336.1,3215.0
164,2022-06-03 00:00:00,3283.7,3359.95,3394.4,3267.75
165,2022-06-07 00:00:00,3280.1,3270.0,3307.0,3232.25
166,2022-06-09 00:00:00,3208.45,3235.9,3246.95,3194.55
167,2021-01-20 00:00:00,3345.05,3380.0,3415.4,3312.85
168,2021-01-27 00:00:00,3253.85,3283.45,3340.55,3210.0
169,2021-03-04 00:00:00,3252.35,3235.0,3280.0,3190.0
170,2021-03-25 00:00:00,3149.15,3210.2,3210.2,3119.0
171,2021-04-05 00:00:00,3196.1,3230.0,3240.0,3172.45
172,2021-05-04 00:00:00,3473.3,3498.4,3529.95,3455.0
173,2021-06-21 00:00:00,3598.5,3536.4,3630.0,3490.7
174,2021-09-09 00:00:00,4767.55,4732.45,4807.1,4694.1
175,2021-09-28 00:00:00,4578.25,4575.0,4617.6,4480.0
176,2021-11-12 00:00:00,4450.3,4425.25,4513.1,4425.25
177,2021-12-27 00:00:00,3920.65,3909.9,3935.95,3817.0
178,2022-01-07 00:00:00,4000.3,4013.0,4056.3,3975.75
179,2022-01-13 00:00:00,4155.5,4225.0,4230.0,4107.65
180,2022-02-14 00:00:00,3520.4,3600.05,3647.85,3505.0
181,2022-02-15 00:00:00,3684.4,3559.0,3714.0,3513.7
182,2022-02-22 00:00:00,3474.55,3500.1,3525.75,3382.6
183,2022-03-09 00:00:00,3421.05,3449.95,3469.0,3410.25
184,2022-03-10 00:00:00,3470.8,3459.85,3511.0,3411.0
185,2022-03-24 00:00:00,3628.1,3560.0,3637.0,3560.0
186,2022-04-21 00:00:00,3532.95,3520.2,3555.95,3520.2
187,2022-04-25 00:00:00,3483.45,3480.0,3501.35,3411.0
188,2022-04-26 00:00:00,3546.0,3509.95,3559.4,3509.95
189,2022-05-16 00:00:00,3151.95,3279.9,3279.9,3101.0
190,2022-07-07 00:00:00,3134.75,3110.0,3178.0,3100.4
191,2021-01-21 00:00:00,3349.95,3367.9,3399.95,3340.0
192,2021-02-05 00:00:00,3293.1,3324.0,3324.9,3282.0
193,2021-02-08 00:00:00,3237.8,3320.0,3348.0,3230.0
194,2021-02-11 00:00:00,3216.95,3201.0,3228.0,3190.0
195,2021-05-03 00:00:00,3480.05,3470.0,3550.0,3456.5
196,2021-05-19 00:00:00,3541.7,3505.0,3570.0,3505.0
197,2021-06-01 00:00:00,3510.8,3480.0,3528.05,3473.0
198,2021-06-16 00:00:00,3701.25,3748.95,3748.95,3675.6
199,2021-06-17 00:00:00,3581.75,3695.0,3695.0,3554.85
200,2021-07-07 00:00:00,3720.9,3750.0,3832.0,3700.0
201,2021-07-19 00:00:00,4072.15,4050.0,4121.0,4006.0
202,2021-09-03 00:00:00,4749.0,4744.95,4807.0,4684.1
203,2021-09-07 00:00:00,4743.0,4849.0,4872.4,4724.0
204,2021-09-14 00:00:00,4832.9,4889.0,4899.95,4825.0
205,2021-09-21 00:00:00,4668.9,4694.65,4713.0,4606.6
206,2021-10-11 00:00:00,4745.05,4780.0,4780.95,4665.65
207,2021-10-20 00:00:00,4684.5,4949.9,4977.0,4666.55
208,2021-12-10 00:00:00,4307.4,4239.0,4375.0,4236.05
209,2021-12-29 00:00:00,3936.8,3975.0,3992.85,3921.25
210,2022-01-17 00:00:00,4073.65,4100.0,4124.8,4063.25
211,2022-04-01 00:00:00,3587.55,3580.0,3663.95,3575.0
212,2022-05-23 00:00:00,3223.85,3224.0,3275.0,3204.55
213,2022-05-31 00:00:00,3293.85,3305.0,3309.0,3265.95
214,2022-06-14 00:00:00,3060.15,3082.5,3200.0,3048.35
215,2022-06-27 00:00:00,3157.1,3160.0,3200.3,3147.25
216,2022-07-08 00:00:00,3204.05,3135.05,3220.0,3135.05
217,2022-07-12 00:00:00,3160.8,3199.8,3249.0,3153.35
218,2021-01-07 00:00:00,3325.15,3398.25,3420.0,3310.0
219,2021-01-28 00:00:00,3269.95,3221.9,3283.95,3211.05
220,2021-03-12 00:00:00,3194.05,3195.0,3240.0,3155.0
221,2021-03-24 00:00:00,3193.4,3200.0,3254.95,3185.0
222,2021-03-30 00:00:00,3356.75,3125.0,3747.0,3105.45
223,2021-04-06 00:00:00,3288.35,3214.0,3317.8,3180.9
224,2021-04-19 00:00:00,3381.25,3210.0,3404.0,3210.0
225,2021-05-05 00:00:00,3544.8,3495.0,3569.95,3495.0
226,2021-05-10 00:00:00,3650.6,3611.0,3720.0,3600.9
227,2021-05-25 00:00:00,3595.15,3708.0,3710.0,3560.0
228,2021-05-31 00:00:00,3473.1,3525.3,3569.55,3460.0
229,2021-06-02 00:00:00,3528.3,3528.0,3559.65,3498.2
230,2021-07-14 00:00:00,4150.75,4060.0,4171.0,4030.0
231,2021-07-23 00:00:00,4012.1,4075.0,4099.0,4000.5
232,2021-09-08 00:00:00,4711.2,4748.0,4792.5,4691.45
233,2021-10-28 00:00:00,4431.05,4485.0,4568.6,4258.05
234,2021-11-02 00:00:00,4402.25,4447.1,4478.35,4380.0
235,2021-11-29 00:00:00,4209.55,4127.0,4250.0,4055.0
236,2021-12-07 00:00:00,4171.8,4130.0,4202.1,4114.05
237,2022-01-12 00:00:00,4198.15,4190.0,4215.65,4143.0
238,2022-01-25 00:00:00,3483.8,3515.0,3517.0,3411.2
239,2022-02-11 00:00:00,3671.85,3671.0,3704.85,3622.0
240,2022-03-14 00:00:00,3523.7,3470.0,3539.0,3460.0
241,2022-04-11 00:00:00,3692.1,3702.0,3717.05,3675.0
242,2022-04-12 00:00:00,3603.5,3699.0,3702.0,3595.0
243,2022-05-05 00:00:00,3489.2,3478.35,3528.0,3430.45
244,2022-05-09 00:00:00,3563.95,3517.0,3649.0,3456.75
245,2022-05-17 00:00:00,3267.0,3193.0,3280.0,3135.8
246,2022-05-19 00:00:00,3091.1,3170.0,3177.5,3080.0
247,2022-05-30 00:00:00,3286.05,3185.5,3299.95,3185.5
248,2022-06-16 00:00:00,3025.2,3119.95,3134.9,3020.0
249,2021-02-12 00:00:00,3195.7,3230.0,3230.0,3190.0
250,2021-02-15 00:00:00,3168.5,3227.5,3238.95,3162.0
251,2021-01-01 00:00:00,3242.85,3192.0,3250.0,3192.0
252,2021-01-08 00:00:00,3342.4,3368.45,3368.45,3305.55
253,2021-02-16 00:00:00,3134.7,3170.0,3190.15,3121.0
254,2021-02-25 00:00:00,3018.95,3050.75,3150.0,3005.1
255,2021-04-12 00:00:00,3336.85,3485.0,3498.45,3294.45
256,2021-03-02 00:00:00,3197.85,3170.0,3248.75,3170.0
257,2021-05-14 00:00:00,3694.4,3747.0,3747.0,3659.0
258,2021-03-08 00:00:00,3216.8,3280.0,3280.0,3175.0
259,2021-04-28 00:00:00,3553.25,3440.0,3590.0,3423.4
260,2021-06-08 00:00:00,3574.95,3574.0,3625.0,3542.65
261,2021-08-03 00:00:00,4280.35,4319.0,4332.0,4255.0
262,2021-05-07 00:00:00,3565.1,3525.0,3590.0,3476.65
263,2021-09-01 00:00:00,4653.5,4741.65,4745.95,4631.4
264,2021-06-10 00:00:00,3544.9,3530.0,3552.0,3510.0
265,2021-06-29 00:00:00,3574.5,3605.0,3610.95,3562.5
266,2021-09-16 00:00:00,4807.3,4886.25,4910.8,4801.0
267,2022-02-08 00:00:00,3587.75,3618.55,3624.0,3511.0
268,2021-07-09 00:00:00,3943.95,3788.0,3980.3,3782.3
269,2022-02-25 00:00:00,3409.3,3385.0,3492.9,3375.55
270,2021-07-16 00:00:00,4019.4,4125.0,4160.0,4004.0
271,2022-03-25 00:00:00,3580.9,3640.0,3647.2,3561.05
272,2021-07-30 00:00:00,4315.45,4429.9,4454.75,4240.15
273,2022-03-30 00:00:00,3551.75,3552.35,3562.5,3490.0
274,2021-08-12 00:00:00,4671.25,4468.0,4709.9,4454.3
275,2022-04-04 00:00:00,3668.85,3619.0,3704.6,3593.5
276,2021-09-29 00:00:00,4533.65,4550.0,4591.55,4427.9
277,2022-04-08 00:00:00,3700.2,3710.0,3733.85,3690.0
278,2021-10-04 00:00:00,4622.25,4534.0,4633.9,4493.1
279,2022-06-01 00:00:00,3284.35,3307.45,3359.9,3270.05
280,2021-11-26 00:00:00,4181.8,4176.0,4225.0,4105.75
281,2021-11-30 00:00:00,4235.2,4200.0,4267.9,4188.95
282,2021-12-03 00:00:00,4158.05,4185.0,4223.8,4144.25
283,2022-01-05 00:00:00,4043.7,4103.5,4129.1,4030.0
284,2022-01-24 00:00:00,3508.65,3695.5,3695.5,3471.0
285,2022-01-28 00:00:00,3414.2,3460.0,3508.0,3390.1
286,2022-02-09 00:00:00,3723.6,3585.75,3755.0,3580.15
287,2022-02-10 00:00:00,3709.55,3760.0,3790.0,3686.25
288,2022-03-02 00:00:00,3370.05,3389.7,3424.0,3350.1
289,2022-03-28 00:00:00,3501.35,3580.9,3598.9,3488.0
290,2022-05-24 00:00:00,3175.35,3238.95,3238.95,3151.15
291,2022-05-27 00:00:00,3171.35,3150.0,3188.95,3113.0
292,2022-06-28 00:00:00,3134.55,3139.0,3151.95,3111.05
293,2022-06-30 00:00:00,3098.3,3135.0,3152.15,3083.0
294,2022-07-05 00:00:00,3051.45,3062.9,3081.55,3039.6
295,2021-01-11 00:00:00,3353.0,3410.0,3429.9,3330.05
296,2021-01-14 00:00:00,3439.45,3508.1,3515.45,3420.0
297,2021-01-25 00:00:00,3315.95,3350.0,3350.0,3267.0
298,2021-02-04 00:00:00,3300.25,3321.75,3344.0,3281.0
299,2021-03-09 00:00:00,3221.4,3228.0,3242.25,3200.0
300,2021-04-08 00:00:00,3490.85,3330.0,3526.95,3320.5
301,2021-04-20 00:00:00,3296.85,3365.0,3402.75,3246.0
302,2021-07-20 00:00:00,3957.55,4105.55,4177.8,3945.0
303,2021-08-16 00:00:00,4618.3,4654.2,4718.2,4593.0
304,2021-08-30 00:00:00,4713.85,4806.0,4860.0,4703.0
305,2021-09-15 00:00:00,4866.85,4865.0,4931.55,4806.15
306,2021-10-01 00:00:00,4512.25,4550.0,4550.0,4485.05
307,2021-10-13 00:00:00,4743.8,4780.0,4781.4,4700.0
308,2021-10-14 00:00:00,4777.7,4799.6,4897.7,4711.65
309,2021-10-29 00:00:00,4424.5,4438.0,4487.75,4361.0
310,2021-12-15 00:00:00,4184.6,4298.5,4329.9,4163.4
311,2021-12-16 00:00:00,4188.9,4200.0,4228.0,4172.25
312,2021-12-17 00:00:00,4131.75,4214.4,4225.15,4108.05
313,2021-12-22 00:00:00,3995.8,4060.0,4067.9,3979.8
314,2021-12-23 00:00:00,3993.7,3995.8,4029.85,3980.5
315,2022-01-03 00:00:00,4020.85,3965.0,4030.95,3965.0
316,2022-02-16 00:00:00,3671.9,3686.0,3731.6,3652.0
317,2022-02-24 00:00:00,3329.6,3440.0,3440.0,3306.0
318,2022-04-13 00:00:00,3568.15,3625.0,3632.2,3559.0
319,2022-04-27 00:00:00,3504.0,3538.2,3560.0,3490.05
320,2022-06-21 00:00:00,3102.1,3011.0,3120.0,3005.15
321,2022-06-22 00:00:00,3035.6,3075.0,3106.3,3028.35
322,2021-01-19 00:00:00,3362.9,3340.0,3405.0,3305.0
323,2021-02-09 00:00:00,3230.95,3263.95,3267.75,3212.0
324,2021-02-22 00:00:00,2971.9,3074.0,3132.2,2931.05
325,2021-02-26 00:00:00,3043.6,3005.5,3058.0,2982.15
326,2021-03-05 00:00:00,3204.05,3279.65,3279.65,3195.0
327,2021-03-15 00:00:00,3149.75,3200.1,3216.4,3115.5
328,2021-03-31 00:00:00,3198.95,3350.0,3365.35,3190.0
329,2021-04-23 00:00:00,3266.95,3285.0,3318.8,3239.0
330,2021-04-26 00:00:00,3307.55,3308.0,3321.0,3253.1
331,2021-04-27 00:00:00,3401.45,3310.0,3434.8,3305.0
332,2021-06-07 00:00:00,3557.55,3515.0,3574.95,3485.25
333,2021-09-17 00:00:00,4790.8,4849.25,4849.25,4721.7
334,2021-10-22 00:00:00,4548.8,4540.0,4680.4,4491.05
335,2021-12-02 00:00:00,4186.45,4138.0,4207.55,4135.05
336,2021-12-30 00:00:00,3956.2,3960.0,3976.8,3930.85
337,2022-01-06 00:00:00,4010.8,4030.0,4039.85,3976.75
338,2022-01-11 00:00:00,4142.5,4088.0,4157.0,4057.9
339,2021-03-18 00:00:00,3119.5,3260.0,3275.0,3056.2
340,2021-04-01 00:00:00,3209.1,3230.0,3270.0,3185.0
341,2021-04-22 00:00:00,3279.65,3296.0,3367.15,3233.95
342,2021-05-20 00:00:00,3623.05,3556.0,3640.0,3524.45
343,2021-05-21 00:00:00,3659.7,3669.7,3689.95,3630.0
344,2021-06-23 00:00:00,3584.25,3595.0,3603.0,3541.2
345,2021-06-30 00:00:00,3651.5,3592.4,3673.4,3575.0
346,2021-07-13 00:00:00,4010.8,3923.95,4074.85,3905.6
347,2021-08-04 00:00:00,4286.4,4272.0,4318.0,4258.6
348,2021-08-06 00:00:00,4419.8,4411.0,4467.0,4380.65
349,2021-08-09 00:00:00,4458.0,4435.0,4496.75,4365.0
350,2021-08-13 00:00:00,4618.45,4692.0,4789.0,4591.65
351,2021-08-20 00:00:00,4438.95,4490.45,4513.65,4365.6
352,2021-09-02 00:00:00,4717.6,4653.5,4756.75,4650.0
353,2021-09-30 00:00:00,4555.95,4571.0,4648.45,4530.0
354,2021-10-18 00:00:00,4729.45,4777.1,4826.45,4713.6
355,2021-10-25 00:00:00,4450.75,4593.3,4593.3,4339.45
356,2021-11-22 00:00:00,4247.65,4360.0,4413.95,4199.0
357,2021-12-21 00:00:00,4028.95,4000.0,4079.55,4000.0
358,2022-02-07 00:00:00,3590.4,3625.0,3670.0,3556.05
359,2022-03-22 00:00:00,3597.3,3549.0,3610.2,3538.55
360,2022-05-04 00:00:00,3431.25,3501.05,3543.85,3399.0
361,2022-06-17 00:00:00,2991.65,3024.95,3024.95,2950.0
362,2021-04-15 00:00:00,3283.1,3294.6,3339.95,3180.0
363,2021-06-22 00:00:00,3558.85,3618.5,3626.35,3555.0
364,2021-07-29 00:00:00,4384.8,4520.0,4650.0,4352.3
365,2021-08-23 00:00:00,4414.65,4490.0,4524.0,4325.1
366,2021-09-24 00:00:00,4710.4,4715.0,4849.0,4680.0
367,2021-10-08 00:00:00,4789.65,4764.95,4855.9,4730.75
368,2021-10-21 00:00:00,4544.4,4735.0,4735.0,4505.5
369,2021-11-18 00:00:00,4375.7,4495.0,4500.0,4315.0
370,2021-12-06 00:00:00,4104.75,4183.0,4190.0,4094.7
371,2021-12-20 00:00:00,3980.7,4121.0,4121.0,3908.0
372,2022-02-18 00:00:00,3602.45,3588.7,3645.25,3577.0
373,2022-03-08 00:00:00,3427.5,3376.0,3447.95,3341.0
374,2022-03-31 00:00:00,3587.75,3559.0,3602.1,3551.75
375,2022-04-18 00:00:00,3587.15,3500.05,3615.55,3500.05
376,2022-05-12 00:00:00,3500.1,3500.55,3545.55,3470.15
377,2022-06-06 00:00:00,3288.25,3297.0,3307.0,3222.0
378,2022-06-13 00:00:00,3075.85,3110.0,3141.55,3065.5
379,2022-06-15 00:00:00,3084.1,3089.9,3114.65,3075.0
380,2022-07-25 00:00:00,3228.45,3234.35,3253.35,3213.1
381,2022-07-18 00:00:00,3206.25,3138.65,3213.45,3130.1
382,2022-08-29 00:00:00,3154.15,3189.05,3209.9,3140.0
383,2022-08-17 00:00:00,3371.3,3359.3,3389.0,3333.85
384,2022-07-26 00:00:00,3091.75,3225.0,3243.45,3080.0
385,2022-07-21 00:00:00,3198.1,3275.0,3277.75,3171.6
386,2022-08-05 00:00:00,3365.85,3310.0,3424.95,3295.0
387,2022-08-11 00:00:00,3408.3,3358.2,3419.45,3345.0
388,2022-08-30 00:00:00,3169.85,3167.6,3184.3,3158.5
389,2022-09-20 00:00:00,3018.7,3028.0,3049.0,3010.0
390,2022-09-01 00:00:00,3104.05,3169.0,3178.65,3097.2
391,2022-10-12 00:00:00,2917.45,2901.0,2947.0,2901.0
392,2022-09-22 00:00:00,3010.1,3010.0,3030.0,2990.45
393,2022-09-29 00:00:00,2949.9,2985.0,2985.0,2927.85
394,2022-11-04 00:00:00,3007.1,2977.0,3024.0,2960.25
395,2022-12-09 00:00:00,3046.95,3114.7,3118.05,3027.0
396,2022-12-15 00:00:00,3042.3,3101.9,3101.9,3035.25
397,2023-01-11 00:00:00,3048.6,3021.75,3062.8,3012.1
398,2022-09-12 00:00:00,3208.5,3190.0,3220.0,3180.0
399,2022-09-16 00:00:00,3036.5,3115.0,3115.05,3025.0
400,2022-09-26 00:00:00,2955.45,2993.7,2993.7,2921.15
401,2022-10-28 00:00:00,2892.9,2909.45,2923.95,2885.5
402,2022-11-15 00:00:00,3100.6,3114.85,3118.25,3067.6
403,2022-11-22 00:00:00,3084.9,3062.75,3093.0,3047.25
404,2022-12-07 00:00:00,3108.85,3135.0,3148.55,3095.25
405,2022-12-30 00:00:00,3023.35,3010.0,3039.0,3004.7
406,2023-01-17 00:00:00,3130.5,3102.0,3134.9,3077.65
407,2022-08-22 00:00:00,3288.3,3334.9,3334.9,3272.0
408,2022-09-19 00:00:00,2999.35,3047.9,3057.95,2992.3
409,2022-10-18 00:00:00,2949.2,2955.0,2978.75,2940.25
410,2022-10-20 00:00:00,2920.05,2895.0,2936.9,2886.6
411,2022-11-18 00:00:00,3075.1,3098.0,3098.0,3065.25
412,2022-11-25 00:00:00,3049.35,3059.8,3065.55,3039.25
413,2022-12-19 00:00:00,2999.7,3038.95,3038.95,2990.25
414,2022-12-20 00:00:00,3020.95,2999.0,3035.95,2988.25
415,2022-08-25 00:00:00,3221.8,3259.8,3262.0,3216.0
416,2022-08-26 00:00:00,3229.25,3226.9,3259.0,3218.0
417,2022-09-07 00:00:00,3074.65,3090.0,3101.8,3064.25
418,2022-09-21 00:00:00,3013.0,3025.4,3040.5,3000.05
419,2022-10-10 00:00:00,2965.1,2942.0,2983.95,2925.75
420,2022-10-21 00:00:00,2916.8,2934.7,2934.7,2912.25
421,2022-12-21 00:00:00,3024.4,3027.0,3053.3,3017.25
422,2022-12-27 00:00:00,3016.45,3014.95,3025.0,2993.05
423,2023-01-16 00:00:00,3094.3,3089.95,3150.0,3071.95
424,2022-08-12 00:00:00,3377.7,3412.0,3412.0,3356.0
425,2022-07-20 00:00:00,3258.8,3275.0,3276.0,3233.7
426,2022-09-06 00:00:00,3091.8,3144.0,3144.05,3077.15
427,2022-09-15 00:00:00,3109.7,3156.7,3156.7,3096.7
428,2022-10-06 00:00:00,3038.55,3019.0,3055.0,2998.05
429,2022-10-24 00:00:00,2935.6,2949.0,2950.0,2925.05
430,2022-11-07 00:00:00,3022.55,3021.65,3029.0,2987.25
431,2023-01-02 00:00:00,3024.0,3010.1,3031.25,3009.0
432,2022-07-15 00:00:00,3119.05,3171.4,3196.6,3109.05
433,2022-07-22 00:00:00,3233.4,3214.9,3244.6,3187.7
434,2022-08-18 00:00:00,3347.7,3375.0,3379.9,3326.05
435,2022-12-05 00:00:00,3176.0,3237.55,3240.0,3160.0
436,2022-12-06 00:00:00,3132.85,3165.05,3168.0,3120.25
437,2022-12-08 00:00:00,3098.0,3122.05,3122.05,3093.0
438,2022-07-28 00:00:00,3102.6,3077.05,3108.65,3066.05
439,2022-08-03 00:00:00,3325.6,3296.4,3342.85,3255.1
440,2022-09-14 00:00:00,3140.2,3160.0,3175.0,3125.0
441,2022-10-07 00:00:00,2968.0,3038.55,3044.8,2956.5
442,2022-10-13 00:00:00,2929.95,2935.0,2935.0,2905.2
443,2022-11-21 00:00:00,3064.35,3068.0,3081.7,3045.25
444,2022-11-23 00:00:00,3055.7,3087.7,3100.0,3053.25
445,2022-12-16 00:00:00,3018.85,3030.0,3050.0,3015.0
446,2022-12-22 00:00:00,3007.6,3027.0,3038.7,2998.25
447,2022-09-30 00:00:00,2982.5,2938.5,2990.0,2925.55
448,2022-07-27 00:00:00,3050.45,3099.0,3100.0,3034.2
449,2022-09-05 00:00:00,3123.55,3148.0,3174.0,3115.0
450,2022-09-28 00:00:00,2949.9,2989.9,2993.0,2940.1
451,2022-11-01 00:00:00,2921.35,2912.1,2925.0,2909.5
452,2023-01-03 00:00:00,2999.55,3015.0,3035.55,2995.0
453,2023-01-05 00:00:00,3006.85,3029.5,3029.5,2991.7
454,2022-07-14 00:00:00,3171.4,3208.65,3214.0,3150.0
455,2022-07-19 00:00:00,3236.0,3215.0,3268.2,3200.0
456,2022-11-10 00:00:00,3036.5,3011.0,3049.9,3011.0
457,2022-11-17 00:00:00,3086.85,3070.0,3092.85,3069.25
458,2022-12-29 00:00:00,2994.8,2990.0,3003.0,2985.25
459,2023-01-04 00:00:00,3014.4,3011.0,3027.6,2986.25
460,2023-01-10 00:00:00,3019.9,3007.0,3026.85,2995.0
461,2022-09-02 00:00:00,3147.7,3136.1,3160.0,3116.4
462,2022-09-09 00:00:00,3171.95,3168.0,3190.0,3108.85
463,2022-09-27 00:00:00,2997.1,2990.0,3020.0,2962.25
464,2022-10-19 00:00:00,2955.5,2963.1,2977.3,2945.25
465,2022-10-25 00:00:00,2915.0,2932.5,2932.5,2912.25
466,2022-10-27 00:00:00,2904.85,2920.5,2921.45,2883.25
467,2022-11-11 00:00:00,3079.65,3065.35,3100.65,3065.35
468,2022-11-30 00:00:00,3107.85,3114.7,3138.0,3093.5
469,2022-12-01 00:00:00,3122.0,3124.0,3150.0,3106.05
470,2022-12-12 00:00:00,3037.15,3050.0,3058.85,3024.25
471,2023-01-06 00:00:00,2996.3,2993.1,3014.05,2984.25
472,2022-08-10 00:00:00,3337.6,3378.95,3387.75,3325.2
473,2022-08-19 00:00:00,3338.1,3351.0,3375.0,3325.1
474,2022-08-24 00:00:00,3242.7,3250.0,3266.3,3201.0
475,2022-09-13 00:00:00,3204.95,3238.7,3238.7,3192.7
476,2022-10-04 00:00:00,2995.2,2989.8,3019.9,2953.0
477,2022-10-11 00:00:00,2909.15,2979.95,2982.7,2904.0
478,2022-11-29 00:00:00,3094.7,3100.0,3130.0,3085.0
479,2022-12-23 00:00:00,2986.85,2994.0,3027.95,2978.25
480,2023-01-12 00:00:00,3054.45,3054.95,3059.95,3026.5
481,2023-01-13 00:00:00,3083.6,3062.0,3110.0,3045.05
482,2022-07-29 00:00:00,3144.05,3123.0,3195.0,3118.75
483,2022-08-02 00:00:00,3296.4,3160.0,3349.4,3150.7
484,2022-08-01 00:00:00,3160.75,3170.0,3190.0,3136.7
485,2022-08-08 00:00:00,3372.45,3374.9,3400.0,3342.15
486,2022-08-16 00:00:00,3341.85,3399.9,3399.9,3334.95
487,2022-08-23 00:00:00,3249.15,3266.0,3287.25,3246.0
488,2022-09-08 00:00:00,3140.0,3092.0,3168.0,3092.0
489,2022-09-23 00:00:00,2993.7,3010.1,3046.0,2987.1
490,2022-11-09 00:00:00,3027.65,3031.0,3044.9,3014.25
491,2022-12-13 00:00:00,3094.5,3061.95,3103.1,3040.0
492,2022-12-28 00:00:00,3002.95,3005.05,3012.7,2989.25
493,2022-08-04 00:00:00,3319.75,3328.0,3363.0,3232.05
494,2022-12-02 00:00:00,3218.8,3128.95,3295.0,3125.05
495,2022-12-14 00:00:00,3094.25,3103.9,3124.95,3075.0
496,2022-12-26 00:00:00,3003.7,2987.05,3008.0,2977.25
497,2022-11-02 00:00:00,2980.2,2929.9,2999.0,2924.25
498,2022-11-03 00:00:00,2975.35,2970.0,2993.6,2969.0
499,2022-11-14 00:00:00,3102.0,3095.05,3116.85,3081.2
500,2022-11-16 00:00:00,3081.9,3100.0,3121.65,3077.25
501,2022-11-24 00:00:00,3045.75,3071.0,3071.0,3036.25
502,2022-11-28 00:00:00,3093.1,3065.0,3139.0,3050.05
503,2022-10-03 00:00:00,2921.75,2985.0,2996.95,2909.9
504,2022-10-14 00:00:00,2947.3,2974.95,2985.0,2942.25
505,2022-10-17 00:00:00,2940.25,2956.5,2956.5,2930.25
506,2022-10-31 00:00:00,2912.85,2900.0,2923.95,2892.85
507,2023-01-09 00:00:00,3006.8,3019.95,3035.15,2993.25
508,2023-01-27 00:00:00,3051.55,3086.25,3124.8,3032.55
509,2023-02-14 00:00:00,3144.7,3135.85,3168.0,3117.7
510,2023-01-19 00:00:00,3095.45,3120.0,3148.4,3087.1
511,2023-03-01 00:00:00,3162.75,3169.1,3188.0,3142.2
512,2023-02-06 00:00:00,3124.3,3123.7,3144.7,3102.1
513,2023-02-13 00:00:00,3123.05,3177.0,3177.0,3102.6
514,2023-02-28 00:00:00,3169.1,3168.25,3189.9,3147.05
515,2023-03-13 00:00:00,3182.95,3247.5,3274.0,3170.35
516,2023-03-22 00:00:00,3211.7,3197.8,3226.5,3186.0
517,2023-03-31 00:00:00,3263.75,3250.0,3323.8,3238.1
518,2023-05-12 00:00:00,3551.45,3535.05,3558.05,3517.6
519,2023-05-15 00:00:00,3536.1,3550.25,3561.0,3510.0
520,2023-05-22 00:00:00,3575.55,3562.0,3579.55,3525.0
521,2023-05-23 00:00:00,3564.75,3582.0,3614.85,3541.0
522,2023-05-26 00:00:00,3596.8,3550.15,3622.95,3550.15
523,2023-06-30 00:00:00,3858.65,3850.0,3896.85,3825.05
524,2023-03-24 00:00:00,3201.15,3184.9,3221.8,3184.85
525,2023-05-19 00:00:00,3550.1,3536.4,3567.0,3519.0
526,2023-06-23 00:00:00,3813.25,3860.0,3860.0,3746.1
527,2023-07-04 00:00:00,3832.95,3829.9,3845.55,3774.7
528,2023-03-23 00:00:00,3184.9,3190.05,3207.2,3183.25
529,2023-04-13 00:00:00,3301.75,3287.25,3317.0,3285.25
530,2023-05-29 00:00:00,3574.65,3604.95,3615.0,3564.0
531,2023-06-09 00:00:00,3540.95,3519.25,3572.9,3519.25
532,2023-06-20 00:00:00,3911.65,3869.75,3942.0,3861.1
533,2023-07-10 00:00:00,3753.1,3835.0,3835.0,3737.25
534,2023-07-24 00:00:00,3850.85,3830.0,3888.0,3795.0
535,2023-07-25 00:00:00,3844.2,3840.05,3882.2,3821.15
536,2023-07-28 00:00:00,3818.85,3817.95,3870.8,3790.05
537,2023-07-31 00:00:00,3886.0,3825.0,3898.9,3825.0
538,2023-08-03 00:00:00,3816.75,3840.1,3865.0,3795.3
539,2023-08-08 00:00:00,3950.8,3964.0,3978.75,3925.1
540,2023-03-08 00:00:00,3236.2,3215.05,3258.7,3215.05
541,2023-04-10 00:00:00,3303.85,3269.95,3309.65,3247.25
542,2023-04-11 00:00:00,3284.15,3303.85,3303.85,3259.25
543,2023-05-11 00:00:00,3549.85,3510.95,3566.0,3500.1
544,2023-05-31 00:00:00,3633.6,3589.1,3642.0,3573.25
545,2023-06-22 00:00:00,3853.85,3910.95,3910.95,3842.9
546,2023-06-27 00:00:00,3805.0,3829.95,3844.6,3795.4
547,2023-07-18 00:00:00,3916.7,3951.1,3971.9,3886.25
548,2023-01-24 00:00:00,3119.85,3110.5,3194.0,3096.15
549,2023-01-23 00:00:00,3094.25,3060.0,3104.85,3042.0
550,2023-02-17 00:00:00,3231.65,3220.0,3238.0,3187.55
551,2023-02-22 00:00:00,3164.85,3165.15,3202.0,3142.3
552,2023-03-06 00:00:00,3236.5,3179.0,3249.9,3160.15
553,2023-03-16 00:00:00,3205.4,3205.0,3241.3,3194.2
554,2023-07-03 00:00:00,3817.15,3887.9,3887.9,3799.0
555,2023-08-04 00:00:00,3883.3,3821.9,3956.3,3821.85
556,2023-02-01 00:00:00,3025.7,3049.0,3086.5,3012.25
557,2023-02-16 00:00:00,3221.5,3171.75,3234.95,3170.0
558,2023-03-03 00:00:00,3153.2,3155.55,3184.5,3143.95
559,2023-03-15 00:00:00,3200.15,3169.95,3206.0,3156.35
560,2023-04-05 00:00:00,3265.95,3261.3,3276.2,3251.25
561,2023-06-05 00:00:00,3629.3,3649.7,3655.0,3601.4
562,2023-07-07 00:00:00,3806.4,3834.0,3912.0,3795.0
563,2023-07-26 00:00:00,3797.95,3887.9,3887.9,3780.0
564,2023-08-09 00:00:00,3979.95,3964.85,3988.0,3924.55
565,2023-02-08 00:00:00,3169.6,3180.0,3193.3,3165.75
566,2023-01-18 00:00:00,3114.65,3138.0,3149.85,3102.75
567,2023-04-17 00:00:00,3281.15,3274.85,3330.0,3227.85
568,2023-03-27 00:00:00,3219.1,3200.0,3230.0,3199.25
569,2023-04-20 00:00:00,3296.4,3289.0,3315.0,3265.25
570,2023-04-25 00:00:00,3419.05,3430.0,3436.0,3394.0
571,2023-05-02 00:00:00,3633.15,3624.75,3638.95,3591.0
572,2023-05-05 00:00:00,3665.9,3708.0,3708.4,3649.25
573,2023-05-03 00:00:00,3646.8,3635.0,3664.3,3615.25
574,2023-05-08 00:00:00,3707.6,3687.95,3722.5,3673.3
575,2023-06-28 00:00:00,3835.25,3819.65,3850.0,3782.3
576,2023-06-01 00:00:00,3616.55,3650.0,3656.0,3610.0
577,2023-06-13 00:00:00,3797.5,3626.2,3840.0,3613.3
578,2023-06-15 00:00:00,3851.9,3900.0,3926.9,3838.25
579,2023-07-12 00:00:00,3809.25,3849.95,3849.95,3771.0
580,2023-07-06 00:00:00,3868.3,3862.9,3896.0,3835.0
581,2023-07-20 00:00:00,3928.3,3957.1,3957.1,3912.0
582,2023-08-11 00:00:00,3958.4,3971.05,3994.0,3941.0
583,2023-02-10 00:00:00,3176.6,3186.25,3212.0,3162.5
584,2023-01-20 00:00:00,3042.65,3096.05,3110.0,3031.45
585,2023-01-25 00:00:00,3083.5,3112.5,3117.45,3068.55
586,2023-02-24 00:00:00,3147.9,3153.9,3175.25,3139.1
587,2023-03-20 00:00:00,3228.65,3235.0,3258.0,3188.25
588,2023-03-29 00:00:00,3232.9,3215.95,3239.9,3203.25
589,2023-05-09 00:00:00,3437.25,3432.35,3512.9,3417.25
590,2023-05-17 00:00:00,3560.85,3554.2,3565.0,3500.0
591,2023-06-16 00:00:00,3869.9,3910.0,3972.95,3842.2
592,2023-02-20 00:00:00,3239.15,3243.85,3281.05,3225.05
593,2023-02-27 00:00:00,3159.45,3130.0,3175.0,3130.0
594,2023-03-02 00:00:00,3147.45,3159.05,3159.95,3124.0
595,2023-03-09 00:00:00,3227.1,3248.7,3259.0,3215.1
596,2023-04-19 00:00:00,3289.85,3272.05,3319.0,3272.05
597,2023-06-12 00:00:00,3595.8,3530.05,3603.75,3523.25
598,2023-06-14 00:00:00,3884.45,3797.5,3900.0,3770.6
599,2023-04-26 00:00:00,3467.25,3419.1,3475.0,3401.0
600,2023-05-16 00:00:00,3549.65,3534.0,3564.95,3520.0
601,2023-05-30 00:00:00,3589.1,3571.0,3597.0,3562.05
602,2023-07-19 00:00:00,3957.1,3935.0,3975.0,3898.0
603,2023-08-07 00:00:00,3952.6,3870.0,3964.0,3860.1
604,2023-08-10 00:00:00,3971.05,3989.95,3989.95,3936.25
605,2023-08-16 00:00:00,4099.05,3995.0,4144.8,3983.15
606,2023-08-17 00:00:00,4054.65,4109.8,4110.0,4017.65
607,2023-01-30 00:00:00,3054.65,3035.15,3079.95,3019.5
608,2023-02-15 00:00:00,3165.05,3141.15,3174.65,3129.6
609,2023-02-21 00:00:00,3200.6,3249.95,3264.2,3195.0
610,2023-03-17 00:00:00,3237.8,3212.0,3266.6,3199.95
611,2023-04-06 00:00:00,3254.55,3255.25,3270.0,3225.05
612,2023-04-28 00:00:00,3561.85,3530.9,3590.95,3525.0
613,2023-05-04 00:00:00,3692.9,3650.0,3707.5,3639.25
614,2023-05-10 00:00:00,3492.6,3453.95,3500.0,3419.25
615,2023-05-18 00:00:00,3508.35,3565.2,3580.95,3501.0
616,2023-05-25 00:00:00,3565.7,3565.05,3581.0,3533.5
617,2023-06-07 00:00:00,3592.85,3579.9,3613.95,3563.3
618,2023-07-11 00:00:00,3834.1,3754.0,3849.8,3754.0
619,2023-07-21 00:00:00,3856.55,3900.0,3922.15,3827.0
620,2023-08-18 00:00:00,3997.05,4059.9,4078.7,3967.25
621,2023-02-09 00:00:00,3190.9,3174.0,3209.6,3161.35
622,2023-02-03 00:00:00,3123.7,3127.65,3169.0,3086.2
623,2023-02-23 00:00:00,3153.25,3170.8,3182.15,3145.85
624,2023-06-08 00:00:00,3541.2,3575.1,3589.95,3535.0
625,2023-03-21 00:00:00,3181.9,3228.5,3228.5,3176.25
626,2023-03-28 00:00:00,3212.6,3230.0,3230.0,3200.25
627,2023-07-13 00:00:00,3843.9,3814.95,3911.0,3800.3
628,2023-08-02 00:00:00,3852.05,3862.25,3916.05,3813.1
629,2023-05-24 00:00:00,3573.1,3545.0,3600.0,3543.1
630,2023-08-23 00:00:00,3961.4,3958.0,3983.9,3947.25
631,2023-06-06 00:00:00,3551.45,3628.0,3640.0,3546.2
632,2023-06-19 00:00:00,3864.35,3875.05,3899.0,3825.4
633,2023-06-26 00:00:00,3827.35,3809.95,3853.25,3788.65
634,2023-07-27 00:00:00,3789.5,3790.0,3833.3,3779.25
635,2023-08-22 00:00:00,3955.65,4020.0,4024.0,3947.25
636,2023-01-31 00:00:00,3046.9,3068.0,3068.0,3013.8
637,2023-02-02 00:00:00,3112.05,3027.9,3130.0,3023.9
638,2023-03-10 00:00:00,3242.2,3219.95,3248.0,3182.75
639,2023-04-12 00:00:00,3312.5,3284.15,3324.6,3269.25
640,2023-04-24 00:00:00,3417.35,3311.2,3426.1,3304.0
641,2023-06-21 00:00:00,3908.1,3931.0,3944.0,3885.05
642,2023-07-05 00:00:00,3862.9,3842.7,3889.65,3814.6
643,2023-07-17 00:00:00,3951.1,4042.0,4048.2,3940.0
644,2023-08-01 00:00:00,3870.0,3905.95,3905.95,3854.05
645,2023-08-14 00:00:00,3985.6,3931.0,3994.0,3909.9
646,2023-08-21 00:00:00,3998.0,4000.0,4044.0,3980.1
647,2023-02-07 00:00:00,3171.4,3130.0,3179.0,3130.0
648,2023-03-14 00:00:00,3164.2,3161.1,3229.0,3150.2
649,2023-04-03 00:00:00,3274.95,3329.95,3329.95,3265.55
650,2023-04-18 00:00:00,3299.3,3272.55,3309.95,3257.25
651,2023-04-21 00:00:00,3309.2,3288.05,3349.6,3280.2
652,2023-04-27 00:00:00,3500.35,3500.0,3529.8,3446.25
653,2023-06-02 00:00:00,3613.55,3611.55,3657.0,3602.2
654,2023-07-14 00:00:00,4021.5,3860.0,4029.95,3848.8
