,time,close,open,high,low
0,2021-01-25 00:00:00,44.010000000000005,41.6,45.04,41.6
1,2021-04-15 00:00:00,67.78,68.8,70.60000000000001,61.6
2,2021-04-20 00:00:00,66.8,68.4,69.8,65.24
3,2021-05-07 00:00:00,80.11000000000001,79.99000000000001,84.36000000000001,78.82000000000001
4,2021-05-21 00:00:00,84.65,82.60000000000001,86.39,81.56
5,2021-06-08 00:00:00,83.47000000000001,85.96000000000001,86.60000000000001,83.0
6,2021-06-17 00:00:00,88.46000000000001,85.05000000000001,92.63,85.05000000000001
7,2021-06-24 00:00:00,94.24,94.6,97.8,94.0
8,2021-07-05 00:00:00,92.18,92.6,93.67000000000002,91.62
9,2021-08-10 00:00:00,134.19000000000003,140.0,143.6,125.0
10,2021-10-05 00:00:00,192.94000000000003,187.72000000000003,195.8,187.49
11,2021-11-02 00:00:00,202.03,193.6,204.8,192.73
12,2022-02-09 00:00:00,181.09000000000003,188.2,192.8,180.12
13,2021-01-01 00:00:00,45.81,46.900000000000006,47.75,45.6
14,2021-03-19 00:00:00,70.64,64.2,70.64,59.650000000000006
15,2021-05-06 00:00:00,79.2,75.60000000000001,80.76,73.7
16,2021-08-12 00:00:00,139.35,137.59,145.0,137.59
17,2021-08-23 00:00:00,140.21,150.0,154.0,138.48
18,2021-08-26 00:00:00,133.64,138.21,139.0,132.21
19,2021-10-13 00:00:00,188.29,189.3,191.77,188.02
20,2021-10-29 00:00:00,196.13,203.0,203.0,187.27
21,2021-11-12 00:00:00,180.78,186.0,186.0,180.0
22,2021-11-22 00:00:00,169.19000000000003,183.19000000000003,185.94000000000003,166.0
23,2021-12-27 00:00:00,152.92000000000002,156.0,156.67000000000002,151.6
24,2022-01-10 00:00:00,180.28,183.98,184.01,180.0
25,2022-01-24 00:00:00,182.15,199.03,200.04,178.24
26,2022-02-01 00:00:00,184.22000000000003,181.8,187.0,179.69000000000003
27,2022-02-21 00:00:00,157.24,164.0,164.0,156.53
28,2022-03-28 00:00:00,173.7,159.9,179.9,159.05
29,2021-01-07 00:00:00,46.900000000000006,47.05,49.88,45.45
30,2021-03-01 00:00:00,69.81,69.0,72.19,69.0
31,2021-03-02 00:00:00,68.55,71.2,71.35000000000001,67.75
32,2021-04-05 00:00:00,65.66000000000001,67.2,67.99,65.16000000000001
33,2021-04-07 00:00:00,66.45,66.05,66.94,65.12
34,2021-04-23 00:00:00,67.99,69.10000000000001,69.47000000000001,67.53
35,2021-06-03 00:00:00,83.13,82.2,84.75,82.2
36,2021-06-22 00:00:00,93.32,93.4,94.6,92.43
37,2021-07-23 00:00:00,115.23,118.0,118.48,115.0
38,2021-08-24 00:00:00,137.24,140.0,140.95000000000002,130.02
39,2021-10-14 00:00:00,191.73,189.2,195.0,188.22000000000003
40,2021-10-26 00:00:00,195.93,186.0,198.0,184.83
41,2021-11-17 00:00:00,187.21,188.2,191.0,185.6
42,2021-12-30 00:00:00,162.34000000000003,162.0,164.20000000000002,161.60000000000002
43,2022-02-16 00:00:00,173.05,167.92000000000002,177.20000000000002,166.62
44,2022-02-25 00:00:00,151.31,143.98,153.8,142.4
45,2022-03-24 00:00:00,152.0,161.0,162.71,142.38
46,2021-02-02 00:00:00,44.92,45.19,46.760000000000005,44.400000000000006
47,2021-02-05 00:00:00,43.75,42.79,44.580000000000005,42.66
48,2021-02-10 00:00:00,45.03,45.150000000000006,45.31,44.2
49,2021-03-05 00:00:00,66.97000000000001,68.21000000000001,70.14,66.51
50,2021-03-25 00:00:00,66.65,66.56,67.8,62.39
51,2021-04-01 00:00:00,68.11,69.38,70.38,67.69
52,2021-04-12 00:00:00,66.57000000000001,74.49,74.49,66.0
53,2021-05-04 00:00:00,73.95,75.29,76.95,73.0
54,2021-06-04 00:00:00,83.94,83.41000000000001,85.60000000000001,83.41000000000001
55,2021-07-09 00:00:00,110.26,108.0,114.0,107.38
56,2021-07-26 00:00:00,119.51,116.8,120.0,116.8
57,2021-10-01 00:00:00,185.03,186.35,187.97000000000003,184.0
58,2021-10-12 00:00:00,187.77,192.6,194.0,187.2
59,2021-11-11 00:00:00,182.77,186.0,186.8,181.23
60,2021-11-29 00:00:00,160.53,172.0,172.0,151.62
61,2021-12-03 00:00:00,170.39,164.0,175.32000000000002,164.0
62,2022-03-10 00:00:00,151.97,152.8,156.45000000000002,151.0
63,2022-03-23 00:00:00,160.35000000000002,164.8,165.3,159.60000000000002
64,2021-03-31 00:00:00,68.2,69.0,69.94,67.97000000000001
65,2021-05-12 00:00:00,79.76,79.01,82.29,79.0
66,2021-06-30 00:00:00,89.80000000000001,91.2,92.41,89.41000000000001
67,2021-07-30 00:00:00,119.39,118.0,123.4,118.0
68,2021-08-20 00:00:00,149.87,156.8,156.8,146.5
69,2021-09-03 00:00:00,143.88,146.58,147.18,143.0
70,2021-09-22 00:00:00,192.06,196.0,199.0,189.33
71,2021-09-23 00:00:00,189.14,194.34000000000003,195.96,188.0
72,2021-10-07 00:00:00,192.8,190.3,199.8,189.22000000000003
73,2021-12-16 00:00:00,161.91,165.98000000000002,167.53,160.83
74,2022-01-12 00:00:00,201.07,181.2,208.4,181.2
75,2022-01-19 00:00:00,196.89,197.58,198.7,193.6
76,2022-02-02 00:00:00,196.74,185.98,198.71,185.17
77,2022-03-08 00:00:00,147.83,146.77,149.81,146.19000000000003
78,2022-03-22 00:00:00,162.07000000000002,164.8,164.8,160.3
79,2021-02-09 00:00:00,44.67,45.64,45.98,44.400000000000006
80,2021-03-10 00:00:00,66.97000000000001,66.4,69.60000000000001,65.01
81,2021-01-21 00:00:00,41.48,42.86000000000001,43.35,41.22
82,2021-03-17 00:00:00,64.58,68.22000000000001,68.29,63.42000000000001
83,2021-02-16 00:00:00,65.28,69.60000000000001,70.98,64.17
84,2021-03-23 00:00:00,68.04,69.29,70.60000000000001,67.41000000000001
85,2021-02-19 00:00:00,62.150000000000006,65.09,67.0,60.3
86,2021-04-08 00:00:00,73.79,66.60000000000001,78.80000000000001,66.60000000000001
87,2021-05-03 00:00:00,74.59,72.4,77.0,72.36
88,2021-04-16 00:00:00,70.16000000000001,67.60000000000001,72.0,67.60000000000001
89,2021-05-05 00:00:00,75.14,74.41000000000001,75.56,74.26
90,2021-05-14 00:00:00,79.67000000000002,81.0,82.0,75.05
91,2021-05-20 00:00:00,81.72000000000001,81.4,82.78,80.62
92,2021-06-16 00:00:00,87.11000000000001,87.4,88.4,86.60000000000001
93,2021-05-18 00:00:00,82.55000000000001,81.74000000000001,83.60000000000001,81.42000000000002
94,2021-06-09 00:00:00,81.78,84.0,85.53,81.35000000000001
95,2021-08-03 00:00:00,119.2,120.2,122.0,119.0
96,2021-07-01 00:00:00,89.77000000000001,89.60000000000001,91.35,88.2
97,2021-08-27 00:00:00,135.94000000000003,134.8,137.27,132.61
98,2021-07-20 00:00:00,116.16,120.0,121.76,114.2
99,2021-09-21 00:00:00,195.82,181.05,197.81,175.98000000000002
100,2021-07-22 00:00:00,117.57,120.0,122.2,116.41
101,2021-09-28 00:00:00,186.96,189.27,194.0,184.4
102,2021-08-16 00:00:00,151.28,147.02,152.20000000000002,144.48
103,2021-11-04 00:00:00,206.18000000000004,207.4,207.88,205.03000000000003
104,2021-08-17 00:00:00,150.83,152.6,152.6,147.58
105,2021-12-15 00:00:00,165.79000000000002,168.5,169.54000000000002,164.68
106,2021-09-30 00:00:00,186.35,186.4,193.0,185.6
107,2021-12-28 00:00:00,162.14,154.20000000000002,166.77,153.97000000000003
108,2021-10-28 00:00:00,205.71,224.4,229.8,202.26
109,2022-01-04 00:00:00,177.82000000000002,178.54000000000002,182.01,176.0
110,2021-11-15 00:00:00,180.96,184.0,184.0,180.18
111,2022-03-31 00:00:00,151.15,160.0,160.1,150.0
112,2022-01-03 00:00:00,176.60000000000002,167.0,177.8,167.0
113,2022-04-01 00:00:00,160.0,150.55,165.9,150.55
114,2022-01-05 00:00:00,175.56,177.76,177.76,174.02
115,2022-01-13 00:00:00,195.09000000000003,203.0,207.6,192.81
116,2022-01-28 00:00:00,178.4,179.78,187.52,177.0
117,2022-03-15 00:00:00,154.99,161.60000000000002,164.07000000000002,154.44000000000003
118,2021-01-04 00:00:00,45.99,46.27,47.400000000000006,45.19
119,2021-01-13 00:00:00,43.650000000000006,45.7,45.7,43.1
120,2021-01-27 00:00:00,42.78,44.36000000000001,45.0,42.510000000000005
121,2021-02-17 00:00:00,66.23,64.98,67.8,61.220000000000006
122,2021-03-04 00:00:00,68.21000000000001,69.73,69.73,67.01
123,2021-03-30 00:00:00,68.17999999999999,67.0,69.0,67.0
124,2021-05-25 00:00:00,85.55000000000001,87.61000000000001,88.5,83.74000000000001
125,2021-05-27 00:00:00,87.4,87.68,89.98,86.14
126,2021-06-07 00:00:00,85.39,84.55000000000001,87.5,82.98
127,2021-07-08 00:00:00,108.01,113.58,115.48,106.0
128,2021-07-29 00:00:00,118.26,118.39,119.38,117.6
129,2021-08-25 00:00:00,137.96,140.0,140.4,134.0
130,2021-10-19 00:00:00,191.76,195.8,196.91,190.02
131,2021-10-22 00:00:00,191.16,190.67,194.8,186.57
132,2021-10-27 00:00:00,219.33000000000004,199.8,224.8,199.8
133,2021-12-07 00:00:00,167.18,168.4,169.75,165.24
134,2021-12-24 00:00:00,156.67000000000002,158.5,159.99,154.53
135,2022-02-03 00:00:00,196.09000000000003,198.38,201.2,194.0
136,2022-02-07 00:00:00,193.84000000000003,198.2,199.0,190.05
137,2021-02-25 00:00:00,69.66000000000001,69.60000000000001,71.10000000000001,67.60000000000001
138,2021-03-08 00:00:00,66.16000000000001,68.76,68.8,65.8
139,2021-03-18 00:00:00,64.22000000000001,65.8,66.79,62.06
140,2021-04-28 00:00:00,73.53,73.60000000000001,75.98,73.04
141,2021-06-01 00:00:00,82.01,83.2,84.69,80.80000000000001
142,2021-06-25 00:00:00,91.77,95.18,95.8,91.19
143,2021-08-04 00:00:00,120.04000000000002,120.13,120.72,119.0
144,2021-08-30 00:00:00,146.53,133.26,150.0,133.0
145,2021-09-02 00:00:00,144.92000000000002,143.66,146.98,143.66
146,2021-09-29 00:00:00,185.55,186.0,187.4,184.0
147,2021-11-10 00:00:00,183.92,190.2,191.99,181.24
148,2021-11-24 00:00:00,181.36,179.17000000000002,184.6,178.18
149,2021-12-02 00:00:00,163.95000000000002,162.4,166.0,160.83
150,2021-12-14 00:00:00,168.25,168.0,170.70000000000002,166.87
151,2021-12-29 00:00:00,162.86,162.14,165.47000000000003,160.25
152,2022-02-10 00:00:00,176.24,182.19000000000003,183.64,175.0
153,2022-02-15 00:00:00,162.84000000000003,160.25,164.69000000000003,156.31
154,2022-03-03 00:00:00,149.94000000000003,146.74,155.20000000000002,146.73
155,2021-01-12 00:00:00,44.69,45.400000000000006,46.0,44.2
156,2021-01-22 00:00:00,41.260000000000005,41.400000000000006,42.400000000000006,40.82
157,2021-02-11 00:00:00,46.63,44.78,47.92,44.46000000000001
158,2021-02-23 00:00:00,68.65,63.18,68.65,62.44
159,2021-06-02 00:00:00,83.45,82.18,83.9,79.2
160,2021-06-10 00:00:00,83.09,82.5,83.7,82.01
161,2021-06-11 00:00:00,83.06,83.75,84.87,82.88
162,2021-06-28 00:00:00,92.38,93.4,94.8,92.0
163,2021-07-13 00:00:00,108.46,109.18,111.0,108.01
164,2021-07-14 00:00:00,112.49,109.4,115.0,108.4
165,2021-08-06 00:00:00,132.45000000000002,128.0,135.0,126.21
166,2021-08-18 00:00:00,156.81,150.4,157.8,150.37
167,2021-09-06 00:00:00,147.36,146.0,149.8,145.36
168,2021-09-20 00:00:00,179.83,180.0,187.65,173.32000000000002
169,2021-10-08 00:00:00,196.45,195.8,200.0,190.8
170,2021-11-30 00:00:00,160.32000000000002,160.4,169.60000000000002,160.0
171,2021-12-09 00:00:00,169.36,173.0,174.48000000000002,168.9
172,2021-12-10 00:00:00,169.48000000000002,169.0,170.68,168.0
173,2022-01-20 00:00:00,196.57,196.89,199.8,193.68
174,2022-01-21 00:00:00,198.65,196.17,202.0,195.01
175,2022-02-22 00:00:00,151.66,155.0,155.98000000000002,150.47
176,2022-02-24 00:00:00,139.56,151.4,153.0,136.13
177,2022-02-28 00:00:00,147.15,149.78,150.49,142.20000000000002
178,2022-03-02 00:00:00,143.85,146.0,149.59,142.42000000000002
179,2022-03-04 00:00:00,150.62,150.0,154.0,149.0
180,2021-01-15 00:00:00,41.69,43.580000000000005,43.580000000000005,41.1
181,2021-01-19 00:00:00,43.42,41.6,43.75,41.59
182,2021-01-28 00:00:00,43.73,42.38,44.02,42.120000000000005
183,2021-01-29 00:00:00,43.03,44.080000000000005,44.11000000000001,42.620000000000005
184,2021-02-04 00:00:00,42.68000000000001,43.93000000000001,45.53,42.52
185,2021-02-18 00:00:00,64.78,66.39,68.0,64.0
186,2021-02-08 00:00:00,45.2,44.3,45.400000000000006,44.0
187,2021-04-13 00:00:00,68.7,67.48,72.58,67.2
188,2021-02-22 00:00:00,62.41,62.94,64.99,62.0
189,2021-05-10 00:00:00,80.28,80.96000000000001,82.52000000000001,79.81
190,2021-03-15 00:00:00,69.33,68.38,69.76,65.52000000000001
191,2021-05-28 00:00:00,84.64,87.98,88.21000000000001,84.21000000000001
192,2021-04-09 00:00:00,75.29,74.0,78.76,73.8
193,2021-06-21 00:00:00,92.3,88.42000000000002,93.78,88.42000000000002
194,2021-06-23 00:00:00,93.23,95.0,95.0,93.0
195,2021-04-19 00:00:00,68.05,67.98,69.29,67.2
196,2021-05-11 00:00:00,79.92000000000002,79.4,83.03,78.7
197,2021-07-12 00:00:00,108.15,110.26,111.34000000000002,107.0
198,2021-05-19 00:00:00,80.53,82.60000000000001,83.11000000000001,80.02000000000001
199,2021-07-27 00:00:00,119.34000000000002,120.96,121.36,118.0
200,2021-05-24 00:00:00,87.09,85.33,88.60000000000001,85.2
201,2021-10-21 00:00:00,189.0,186.0,191.19000000000003,184.07
202,2021-06-18 00:00:00,90.88,89.16000000000001,91.4,85.05000000000001
203,2021-11-01 00:00:00,192.58,198.0,203.4,191.4
204,2021-07-02 00:00:00,92.04,90.0,93.4,90.0
205,2021-11-18 00:00:00,182.27,187.2,188.1,180.99
206,2021-07-16 00:00:00,118.73,112.14,121.0,112.14
207,2021-07-19 00:00:00,120.24,116.24,122.74,115.6
208,2021-11-26 00:00:00,174.28,178.0,181.6,173.60000000000002
209,2021-12-20 00:00:00,155.69000000000003,158.62,162.0,151.21
210,2021-08-09 00:00:00,140.0,138.20000000000002,143.8,132.20000000000002
211,2021-12-22 00:00:00,157.38,161.8,161.8,157.0
212,2021-09-09 00:00:00,184.28,173.60000000000002,189.5,172.0
213,2022-01-17 00:00:00,202.88,199.64,207.0,199.64
214,2021-09-14 00:00:00,203.64,208.33000000000004,214.0,200.01
215,2022-02-04 00:00:00,198.35,195.2,200.8,195.2
216,2021-10-11 00:00:00,192.1,198.4,198.91,191.6
217,2022-02-11 00:00:00,164.69000000000003,174.8,175.0,164.0
218,2021-11-08 00:00:00,192.99,205.8,216.84000000000003,190.06
219,2022-02-14 00:00:00,159.45000000000002,164.69000000000003,167.96,156.0
220,2021-12-23 00:00:00,158.70000000000002,158.8,162.76,158.0
221,2022-03-30 00:00:00,159.35,167.95,167.95,156.3
222,2021-12-31 00:00:00,165.76,162.0,166.20000000000002,162.0
223,2022-01-07 00:00:00,182.41,184.8,186.7,181.4
224,2022-03-16 00:00:00,156.92000000000002,157.98000000000002,162.10000000000002,156.0
225,2021-01-05 00:00:00,46.03,45.6,47.2,45.370000000000005
226,2021-01-14 00:00:00,42.900000000000006,43.86000000000001,44.55,42.42
227,2021-02-01 00:00:00,44.71000000000001,43.38,47.04,41.0
228,2021-03-22 00:00:00,69.10000000000001,71.60000000000001,72.4,68.08
229,2021-03-26 00:00:00,66.65,67.86,69.4,66.06
230,2021-04-27 00:00:00,72.58,70.3,74.2,70.3
231,2021-05-31 00:00:00,83.19,85.18,85.18,82.5
232,2021-08-13 00:00:00,145.26,140.6,148.8,140.20000000000002
233,2021-09-13 00:00:00,204.08,186.2,215.0,186.2
234,2021-10-25 00:00:00,189.35,192.04,194.0,182.02
235,2021-11-23 00:00:00,177.85000000000002,169.19000000000003,179.33,168.02
236,2021-12-21 00:00:00,158.59000000000003,156.08,163.05,156.08
237,2022-01-11 00:00:00,180.52,180.28,185.89,179.8
238,2022-01-27 00:00:00,178.64,178.0,182.64,174.20000000000002
239,2022-01-31 00:00:00,179.60000000000002,183.8,185.07,178.42000000000002
240,2022-03-25 00:00:00,158.16,157.95000000000002,159.74,153.60000000000002
241,2021-03-09 00:00:00,64.85000000000001,67.4,67.4,64.4
242,2021-03-16 00:00:00,67.55,69.4,69.73,67.08
243,2021-04-06 00:00:00,66.44,66.32000000000001,67.8,65.85000000000001
244,2021-04-29 00:00:00,72.66000000000001,75.0,75.4,71.47000000000001
245,2021-04-30 00:00:00,71.9,71.4,73.4,71.06
246,2021-06-14 00:00:00,84.77000000000001,83.65,85.4,79.4
247,2021-07-07 00:00:00,112.92000000000002,101.68,116.6,101.07
248,2021-08-02 00:00:00,119.85,121.6,122.97,119.0
249,2021-08-31 00:00:00,144.86,151.20000000000002,151.20000000000002,144.19000000000003
250,2021-09-16 00:00:00,191.81,197.06,202.79,188.72000000000003
251,2021-09-27 00:00:00,187.63,186.74,191.0,182.6
252,2021-11-25 00:00:00,179.74,180.09000000000003,182.33,178.28
253,2021-12-01 00:00:00,161.68,161.93,164.42000000000002,160.11
254,2021-12-13 00:00:00,168.66,170.33,173.70000000000002,168.20000000000002
255,2021-12-17 00:00:00,161.39,163.98000000000002,170.60000000000002,156.51
256,2022-02-18 00:00:00,164.38,171.79000000000002,172.08,162.4
257,2022-03-11 00:00:00,154.11,151.97,156.92000000000002,150.24
258,2022-03-21 00:00:00,163.07000000000002,164.0,168.86,162.0
259,2021-01-06 00:00:00,46.6,46.7,50.56,46.09
260,2021-01-18 00:00:00,40.64,41.400000000000006,41.98,39.31
261,2021-01-20 00:00:00,42.52,43.77,43.77,42.330000000000005
262,2021-02-15 00:00:00,60.79,52.2,60.79,52.19
263,2021-02-24 00:00:00,69.48,70.8,74.0,68.0
264,2021-03-12 00:00:00,67.63,67.94,72.59,67.05
265,2021-04-26 00:00:00,70.10000000000001,68.8,71.0,67.87
266,2021-05-17 00:00:00,81.09,80.31,84.88,80.01
267,2021-06-15 00:00:00,86.99000000000001,85.2,88.53,84.95
268,2021-06-29 00:00:00,90.21,93.5,94.0,88.60000000000001
269,2021-08-05 00:00:00,126.96,122.0,127.8,119.4
270,2021-08-11 00:00:00,135.94000000000003,136.20000000000002,139.8,128.0
271,2021-09-08 00:00:00,171.92000000000002,148.04000000000002,177.14,146.79000000000002
272,2021-10-06 00:00:00,187.97000000000003,193.96,195.96,187.0
273,2021-11-09 00:00:00,190.25,193.19000000000003,195.9,189.0
274,2021-12-08 00:00:00,172.56,169.0,174.96,166.71
275,2022-01-18 00:00:00,196.93,203.93,205.2,195.0
276,2022-01-25 00:00:00,180.69000000000003,177.98000000000002,183.89,168.32000000000002
277,2022-03-07 00:00:00,146.05,149.9,150.27,144.20000000000002
278,2022-03-17 00:00:00,160.46,164.0,164.79000000000002,159.02
279,2022-03-29 00:00:00,167.95,175.45,175.8,165.0
280,2021-01-08 00:00:00,45.91,47.1,48.36000000000001,45.7
281,2021-01-11 00:00:00,45.71000000000001,46.57,47.14,45.5
282,2021-02-03 00:00:00,43.99,44.85,45.6,43.2
283,2021-02-12 00:00:00,50.66,48.0,52.55,48.0
284,2021-02-26 00:00:00,67.65,68.78,70.0,65.11
285,2021-03-03 00:00:00,69.86,69.8,70.8,68.25
286,2021-03-24 00:00:00,65.33,68.67999999999999,68.69,65.0
287,2021-04-22 00:00:00,69.19,67.0,71.2,67.0
288,2021-05-26 00:00:00,86.87,82.0,93.59,78.02000000000001
289,2021-07-06 00:00:00,100.1,92.98,106.79000000000002,91.11
290,2021-07-15 00:00:00,112.14,112.89,115.06,110.67000000000002
291,2021-07-28 00:00:00,118.27,119.2,120.39,116.53
292,2021-09-01 00:00:00,143.20000000000002,146.6,146.6,142.58
293,2021-09-07 00:00:00,147.62,147.36,148.91,146.0
294,2021-09-15 00:00:00,196.2,203.6,203.64,194.23
295,2021-09-17 00:00:00,181.08,192.89,193.43,178.53
296,2021-09-24 00:00:00,184.79,190.76,191.6,182.67
297,2021-10-04 00:00:00,186.98,186.0,191.0,185.5
298,2021-10-18 00:00:00,192.91,196.0,199.8,192.0
299,2021-10-20 00:00:00,185.76,192.03,193.94000000000003,181.21
300,2021-11-03 00:00:00,206.11,205.73,208.2,201.1
301,2021-11-16 00:00:00,186.39,182.54,189.0,181.98
302,2021-12-06 00:00:00,168.35000000000002,171.70000000000002,175.96,164.53
303,2022-01-06 00:00:00,183.18,176.61,187.8,172.60000000000002
304,2022-01-14 00:00:00,198.22000000000003,196.0,203.98,195.72000000000003
305,2022-02-08 00:00:00,183.94000000000003,195.58,199.8,180.03
306,2022-02-17 00:00:00,171.44000000000003,174.0,179.0,170.0
307,2022-02-23 00:00:00,154.91,152.4,159.0,152.20000000000002
308,2022-03-09 00:00:00,150.53,151.0,153.4,148.81
309,2022-03-14 00:00:00,160.68,155.20000000000002,162.0,153.15
310,2022-05-04 00:00:00,149.75,145.45,152.9,145.1
311,2022-04-19 00:00:00,148.75,152.9,153.95,147.5
312,2022-04-05 00:00:00,161.0,164.0,164.55,160.0
313,2022-06-06 00:00:00,138.5,139.85,141.0,135.5
314,2022-04-26 00:00:00,149.05,154.0,154.75,148.0
315,2022-05-26 00:00:00,130.3,132.0,133.1,128.05
316,2022-06-02 00:00:00,138.8,139.9,141.3,138.0
317,2022-07-22 00:00:00,150.0,150.5,152.0,149.6
318,2022-07-25 00:00:00,150.1,151.5,152.7,149.9
319,2022-09-19 00:00:00,134.85,136.9,139.8,133.75
320,2022-09-27 00:00:00,126.3,127.0,128.65,125.0
321,2022-12-01 00:00:00,136.85,136.3,140.6,135.45
322,2023-01-12 00:00:00,164.55,147.0,167.9,146.4
323,2023-02-13 00:00:00,154.15,150.1,159.1,145.75
324,2023-03-31 00:00:00,128.5,130.6,132.0,126.65
325,2023-04-05 00:00:00,131.25,132.7,133.5,130.1
326,2023-04-11 00:00:00,140.95,140.45,144.9,139.15
327,2023-05-30 00:00:00,132.0,131.4,132.75,130.7
328,2023-07-07 00:00:00,129.5,131.0,131.75,129.05
329,2023-07-14 00:00:00,124.95,128.7,129.0,124.2
330,2023-08-17 00:00:00,125.8,126.4,127.4,125.55
331,2022-04-21 00:00:00,152.1,149.7,153.7,148.7
332,2022-05-31 00:00:00,138.4,141.8,141.85,137.9
333,2022-06-08 00:00:00,135.9,137.15,138.5,135.1
334,2022-06-29 00:00:00,139.65,138.1,144.75,136.2
335,2022-07-05 00:00:00,139.6,138.65,142.0,137.0
336,2022-07-19 00:00:00,155.35,153.4,159.95,151.3
337,2022-07-21 00:00:00,150.5,153.0,154.85,149.9
338,2022-08-29 00:00:00,139.8,142.0,142.9,139.0
339,2022-09-16 00:00:00,136.9,140.2,141.3,135.5
340,2022-11-21 00:00:00,125.7,128.35,129.5,125.0
341,2022-11-23 00:00:00,123.0,123.35,125.05,122.0
342,2022-12-19 00:00:00,134.65,133.35,136.4,133.35
343,2023-01-06 00:00:00,132.15,133.9,135.9,131.35
344,2023-01-19 00:00:00,169.4,165.6,172.6,164.25
345,2023-05-12 00:00:00,147.3,147.4,150.5,146.5
346,2023-05-22 00:00:00,133.05,134.0,136.7,132.5
347,2023-05-24 00:00:00,132.5,134.35,134.5,132.0
348,2023-05-25 00:00:00,131.5,132.5,133.0,130.5
349,2023-05-31 00:00:00,131.4,131.85,133.0,130.9
350,2023-07-05 00:00:00,129.1,128.55,130.6,128.55
351,2023-07-21 00:00:00,126.6,125.95,127.75,125.25
352,2023-07-26 00:00:00,124.7,124.9,125.25,124.5
353,2023-08-16 00:00:00,126.25,126.7,127.2,125.15
354,2022-05-10 00:00:00,142.25,146.45,148.8,141.0
355,2022-06-07 00:00:00,136.05,137.05,139.0,135.15
356,2022-07-11 00:00:00,151.2,150.5,152.5,148.0
357,2022-08-12 00:00:00,138.2,138.9,140.9,137.5
358,2022-08-24 00:00:00,140.15,139.35,142.5,139.35
359,2022-09-06 00:00:00,139.05,140.8,141.0,138.0
360,2022-10-17 00:00:00,124.95,125.9,135.9,124.0
361,2022-10-24 00:00:00,125.1,123.2,125.95,123.15
362,2022-11-09 00:00:00,135.85,140.0,140.45,134.1
363,2023-01-27 00:00:00,155.45,164.75,167.0,152.35
364,2023-02-14 00:00:00,151.05,155.5,155.95,149.75
365,2023-02-17 00:00:00,153.65,152.8,155.9,152.0
366,2023-02-28 00:00:00,139.05,138.95,140.95,136.0
367,2023-04-21 00:00:00,139.05,142.35,142.35,137.95
368,2023-06-01 00:00:00,133.55,131.4,135.9,131.4
369,2023-06-13 00:00:00,130.85,131.85,132.75,129.7
370,2023-07-19 00:00:00,125.05,125.0,125.9,124.65
371,2022-06-10 00:00:00,137.9,139.0,139.55,136.15
372,2022-04-18 00:00:00,152.1,155.95,155.95,151.05
373,2022-04-20 00:00:00,148.4,150.85,152.35,145.15
374,2022-06-20 00:00:00,120.15,126.9,130.0,117.05
375,2022-05-30 00:00:00,140.6,138.35,143.85,137.0
376,2022-06-23 00:00:00,130.75,125.1,134.6,125.1
377,2022-06-03 00:00:00,137.65,140.1,141.0,137.0
378,2022-08-02 00:00:00,152.3,151.85,153.9,151.05
379,2022-07-13 00:00:00,151.65,152.0,155.85,150.9
380,2022-08-25 00:00:00,141.2,141.4,142.9,140.4
381,2022-07-14 00:00:00,151.5,151.0,153.0,149.6
382,2022-07-28 00:00:00,150.0,151.75,151.75,149.8
383,2022-08-26 00:00:00,144.5,143.0,147.9,142.4
384,2022-09-21 00:00:00,135.7,136.5,138.7,135.0
385,2022-09-09 00:00:00,139.7,141.55,143.0,139.0
386,2022-09-23 00:00:00,135.05,136.5,137.95,134.5
387,2022-09-20 00:00:00,136.2,136.15,139.85,135.1
388,2022-09-26 00:00:00,125.65,132.35,134.3,122.35
389,2022-10-04 00:00:00,124.1,125.55,126.85,123.5
390,2022-09-29 00:00:00,125.15,125.55,128.4,124.5
391,2022-10-06 00:00:00,130.9,124.8,134.0,124.8
392,2022-11-03 00:00:00,142.65,138.4,145.0,136.35
393,2022-10-11 00:00:00,128.15,130.35,130.35,127.0
394,2022-11-01 00:00:00,124.0,127.0,127.0,123.75
395,2022-12-14 00:00:00,135.05,136.2,136.7,134.2
396,2022-12-21 00:00:00,128.2,132.25,137.55,126.4
397,2022-11-22 00:00:00,123.35,125.2,127.85,121.1
398,2023-01-10 00:00:00,138.85,131.9,146.7,127.8
399,2022-12-23 00:00:00,123.05,126.25,127.5,121.75
400,2023-03-22 00:00:00,134.0,133.1,135.8,132.45
401,2023-01-04 00:00:00,133.75,134.5,136.9,132.45
402,2023-06-12 00:00:00,131.5,133.65,133.8,131.0
403,2023-01-13 00:00:00,165.6,163.85,173.9,162.25
404,2023-01-24 00:00:00,163.7,168.45,170.95,161.15
405,2023-06-27 00:00:00,130.85,130.5,133.0,129.45
406,2023-07-06 00:00:00,130.0,129.3,132.45,129.0
407,2023-02-22 00:00:00,145.95,152.1,152.8,144.35
408,2023-07-17 00:00:00,124.9,125.1,126.95,124.0
409,2023-03-02 00:00:00,136.5,139.2,141.8,133.35
410,2023-08-07 00:00:00,130.75,131.05,132.5,129.25
411,2023-06-09 00:00:00,132.75,134.4,134.75,132.25
412,2023-06-19 00:00:00,128.85,129.55,130.9,128.25
413,2023-07-03 00:00:00,129.85,130.7,131.25,129.55
414,2023-08-22 00:00:00,127.4,125.85,128.5,125.2
415,2022-05-16 00:00:00,132.2,135.8,137.5,130.1
416,2022-06-13 00:00:00,130.6,135.0,137.85,130.05
417,2022-06-14 00:00:00,129.05,128.0,133.0,128.0
418,2022-07-07 00:00:00,151.5,141.65,152.9,139.55
419,2022-07-12 00:00:00,150.25,152.3,153.0,149.9
420,2022-08-01 00:00:00,151.15,151.2,154.0,150.25
421,2022-08-11 00:00:00,138.4,142.4,143.65,136.95
422,2022-09-22 00:00:00,136.35,135.05,137.2,135.05
423,2022-10-18 00:00:00,125.2,127.5,127.5,124.55
424,2022-10-19 00:00:00,127.75,125.5,133.1,124.35
425,2022-10-31 00:00:00,125.65,130.9,130.9,125.1
426,2022-11-14 00:00:00,129.15,129.0,131.85,127.9
427,2022-11-25 00:00:00,124.75,126.0,126.0,123.65
428,2023-02-07 00:00:00,164.3,168.1,170.45,161.35
429,2023-02-23 00:00:00,145.8,146.85,148.75,145.4
430,2023-03-10 00:00:00,137.9,140.9,140.9,137.15
431,2023-03-13 00:00:00,133.65,138.9,139.35,132.9
432,2023-03-15 00:00:00,132.8,132.0,135.45,131.65
433,2023-03-21 00:00:00,132.55,130.5,134.9,130.5
434,2023-04-03 00:00:00,131.25,130.7,132.6,129.4
435,2023-04-20 00:00:00,141.5,139.85,144.5,139.8
436,2023-06-15 00:00:00,129.45,130.3,131.65,128.95
437,2023-06-20 00:00:00,130.4,129.4,132.0,127.05
438,2023-07-20 00:00:00,128.6,125.4,129.2,124.6
439,2023-08-11 00:00:00,127.6,129.4,130.2,127.05
440,2023-08-21 00:00:00,125.35,126.8,127.2,125.0
441,2022-05-09 00:00:00,146.45,150.0,150.8,145.1
442,2022-06-01 00:00:00,138.4,139.15,142.0,137.55
443,2022-06-27 00:00:00,142.75,134.1,143.85,134.1
444,2022-08-04 00:00:00,153.7,153.9,159.0,152.55
445,2022-08-23 00:00:00,139.35,136.1,140.7,135.35
446,2022-08-30 00:00:00,144.7,140.1,147.35,140.1
447,2022-10-20 00:00:00,125.6,127.05,130.0,125.05
448,2022-10-25 00:00:00,122.3,125.35,126.0,121.05
449,2022-11-07 00:00:00,138.95,140.45,141.65,138.0
450,2022-11-30 00:00:00,135.45,130.8,142.2,130.25
451,2023-03-29 00:00:00,128.65,127.5,129.8,126.1
452,2023-04-26 00:00:00,141.45,143.0,143.15,140.0
453,2023-06-02 00:00:00,135.05,134.35,136.8,134.0
454,2023-06-26 00:00:00,129.5,130.0,133.75,129.1
455,2023-06-30 00:00:00,130.0,130.9,131.4,129.25
456,2023-07-24 00:00:00,125.7,126.6,127.65,125.3
457,2023-08-02 00:00:00,131.75,131.4,134.5,130.5
458,2023-08-09 00:00:00,132.7,125.25,135.95,124.5
459,2022-08-16 00:00:00,138.6,140.95,142.0,138.0
460,2022-08-17 00:00:00,142.1,139.9,144.6,138.95
461,2022-09-28 00:00:00,125.85,126.5,129.2,125.15
462,2022-11-10 00:00:00,134.6,136.85,136.9,132.25
463,2022-12-02 00:00:00,142.65,137.1,145.9,137.0
464,2022-12-12 00:00:00,136.05,135.8,139.1,134.6
465,2022-12-16 00:00:00,133.3,133.5,136.6,132.5
466,2022-12-27 00:00:00,130.85,125.7,135.0,125.45
467,2023-01-17 00:00:00,162.25,166.0,167.25,161.0
468,2023-03-14 00:00:00,131.2,134.7,134.8,129.45
469,2023-03-27 00:00:00,125.5,131.7,132.25,124.2
470,2023-03-28 00:00:00,125.55,128.0,128.95,124.55
471,2023-04-13 00:00:00,140.3,141.3,143.0,140.0
472,2023-04-17 00:00:00,136.65,140.5,141.9,134.2
473,2023-04-24 00:00:00,137.05,139.9,141.3,136.25
474,2023-04-25 00:00:00,141.3,137.75,144.15,137.1
475,2023-05-17 00:00:00,146.95,148.8,150.65,145.85
476,2023-05-23 00:00:00,134.0,135.0,136.3,133.65
477,2023-06-07 00:00:00,134.1,134.25,134.95,133.7
478,2023-06-16 00:00:00,130.15,130.35,130.85,129.5
479,2023-06-21 00:00:00,129.2,130.95,131.65,128.4
480,2023-07-10 00:00:00,129.6,130.8,131.45,129.25
481,2023-07-12 00:00:00,129.4,130.0,130.45,128.55
482,2023-07-18 00:00:00,124.5,125.35,126.1,123.95
483,2023-07-28 00:00:00,126.4,125.4,127.8,125.35
484,2023-08-04 00:00:00,129.15,130.3,130.8,128.5
485,2022-04-04 00:00:00,162.15,161.55,167.75,160.2
486,2022-04-25 00:00:00,152.45,149.6,155.0,148.5
487,2022-04-27 00:00:00,151.1,148.6,153.0,148.6
488,2022-06-24 00:00:00,133.25,135.0,136.0,131.4
489,2022-08-22 00:00:00,138.5,141.4,142.5,137.15
490,2022-09-13 00:00:00,142.15,141.75,142.85,140.9
491,2022-10-03 00:00:00,123.2,125.25,126.55,122.8
492,2022-10-12 00:00:00,126.05,128.5,130.95,125.4
493,2022-12-29 00:00:00,137.15,128.65,139.0,128.0
494,2023-01-18 00:00:00,166.2,163.55,172.4,161.2
495,2023-02-09 00:00:00,162.4,160.4,164.85,160.4
496,2023-02-16 00:00:00,153.4,152.2,156.65,151.65
497,2023-05-15 00:00:00,151.05,147.95,156.8,147.0
498,2023-06-23 00:00:00,128.7,131.5,132.5,127.85
499,2023-07-11 00:00:00,129.95,130.95,130.95,129.4
500,2023-07-27 00:00:00,124.85,125.4,126.0,124.35
501,2022-04-28 00:00:00,149.75,151.1,152.95,148.5
502,2022-04-06 00:00:00,159.7,160.9,162.3,158.8
503,2022-06-15 00:00:00,131.75,131.55,133.95,129.15
504,2022-06-21 00:00:00,127.05,120.2,127.95,120.2
505,2022-07-06 00:00:00,139.0,138.3,141.35,137.1
506,2022-08-03 00:00:00,152.2,153.4,153.4,150.25
507,2022-08-08 00:00:00,151.5,153.3,153.45,151.0
508,2022-09-14 00:00:00,140.55,139.5,142.45,139.5
509,2022-10-28 00:00:00,128.95,122.95,131.0,121.95
510,2022-12-28 00:00:00,128.65,130.0,132.0,128.35
511,2023-02-24 00:00:00,143.75,146.3,148.5,142.6
512,2023-03-17 00:00:00,131.0,131.0,133.65,129.85
513,2023-05-08 00:00:00,146.15,147.55,149.5,145.1
514,2023-05-26 00:00:00,131.05,132.15,133.05,130.5
515,2023-06-08 00:00:00,133.8,134.8,135.0,132.55
516,2023-07-13 00:00:00,128.75,130.0,130.0,128.35
517,2022-04-11 00:00:00,157.4,157.55,159.9,157.0
518,2022-04-08 00:00:00,157.5,160.0,160.7,153.0
519,2022-05-18 00:00:00,148.7,135.0,151.5,135.0
520,2022-07-04 00:00:00,138.55,140.5,143.3,137.2
521,2022-07-29 00:00:00,150.4,150.5,153.6,150.0
522,2022-09-01 00:00:00,144.8,143.8,146.85,141.9
523,2022-09-12 00:00:00,140.5,141.75,143.65,140.0
524,2022-09-15 00:00:00,140.2,140.5,141.8,140.0
525,2022-11-16 00:00:00,130.0,128.6,131.15,127.0
526,2022-11-18 00:00:00,128.35,128.05,129.9,126.4
527,2023-01-03 00:00:00,134.3,137.15,137.15,133.4
528,2023-01-11 00:00:00,144.55,142.4,146.25,139.05
529,2023-02-02 00:00:00,172.45,166.15,173.8,165.05
530,2023-02-03 00:00:00,167.5,171.55,173.2,165.6
531,2023-03-20 00:00:00,130.0,130.95,131.35,128.55
532,2023-04-12 00:00:00,140.7,141.0,142.35,137.95
533,2023-05-09 00:00:00,145.4,147.9,148.2,145.0
534,2023-05-18 00:00:00,141.55,147.8,149.05,140.35
535,2023-06-05 00:00:00,132.5,135.95,136.45,132.0
536,2023-08-03 00:00:00,129.8,131.75,132.9,129.05
537,2023-08-08 00:00:00,126.7,131.4,132.15,125.5
538,2023-08-14 00:00:00,126.7,127.25,127.6,125.15
539,2022-05-02 00:00:00,145.45,148.2,150.65,142.75
540,2022-05-05 00:00:00,159.0,151.6,164.65,151.45
541,2022-05-20 00:00:00,153.05,152.0,160.5,148.2
542,2022-05-23 00:00:00,142.55,152.0,152.75,141.0
543,2022-07-01 00:00:00,138.65,140.7,140.7,137.7
544,2022-08-10 00:00:00,138.8,145.1,146.5,137.25
545,2022-09-07 00:00:00,140.5,140.5,141.5,139.15
546,2022-10-07 00:00:00,131.55,130.9,135.9,129.15
547,2022-10-13 00:00:00,125.6,127.8,127.95,125.0
548,2022-12-07 00:00:00,142.1,139.5,144.7,139.35
549,2022-12-15 00:00:00,134.95,136.35,138.2,133.3
550,2023-01-20 00:00:00,163.6,170.0,170.5,161.75
551,2023-02-06 00:00:00,168.0,167.9,172.0,165.15
552,2023-02-21 00:00:00,152.65,153.1,154.2,151.5
553,2023-02-27 00:00:00,138.2,143.65,143.65,136.75
554,2023-03-24 00:00:00,131.05,135.4,135.45,130.0
555,2023-05-05 00:00:00,146.95,149.5,151.65,145.5
556,2023-05-19 00:00:00,144.1,142.35,145.15,142.05
557,2023-06-22 00:00:00,131.2,131.0,135.5,130.8
558,2023-07-25 00:00:00,124.8,126.05,126.85,124.2
559,2023-08-23 00:00:00,126.75,128.3,128.9,125.0
560,2022-04-12 00:00:00,153.75,157.05,158.35,153.0
561,2022-05-19 00:00:00,151.1,146.0,155.9,137.0
562,2022-07-15 00:00:00,150.9,152.1,152.9,149.9
563,2022-07-26 00:00:00,150.0,150.65,151.35,149.9
564,2022-08-05 00:00:00,151.95,153.0,155.9,151.05
565,2022-10-27 00:00:00,122.5,122.85,124.8,122.0
566,2022-11-02 00:00:00,139.25,124.0,144.4,123.0
567,2022-11-04 00:00:00,138.9,142.75,143.8,138.1
568,2022-11-17 00:00:00,127.95,130.45,130.45,127.5
569,2022-12-26 00:00:00,123.6,125.4,127.6,123.1
570,2023-01-02 00:00:00,135.85,135.85,137.85,133.8
571,2023-01-05 00:00:00,132.95,134.9,135.7,132.0
572,2023-01-25 00:00:00,163.65,164.7,167.45,161.4
573,2023-02-08 00:00:00,159.45,163.9,168.0,158.0
574,2023-03-08 00:00:00,139.9,139.7,140.9,137.85
575,2023-03-09 00:00:00,141.35,140.5,143.35,139.3
576,2023-03-16 00:00:00,130.6,132.05,132.85,128.0
577,2023-04-06 00:00:00,139.55,132.15,141.35,131.8
578,2023-04-10 00:00:00,139.5,139.7,140.45,137.45
579,2023-04-18 00:00:00,135.9,136.35,137.4,131.35
580,2023-04-27 00:00:00,143.4,142.5,145.0,141.65
581,2023-05-03 00:00:00,144.7,145.55,148.7,143.6
582,2023-05-04 00:00:00,147.8,145.25,154.4,144.0
583,2023-05-10 00:00:00,146.7,146.4,147.15,144.55
584,2023-05-11 00:00:00,147.5,147.3,148.0,145.55
585,2023-05-29 00:00:00,131.4,131.15,132.9,130.5
586,2023-06-14 00:00:00,129.65,132.15,132.5,128.15
587,2023-08-10 00:00:00,128.9,130.0,132.4,128.4
588,2022-04-07 00:00:00,157.7,161.6,163.75,157.0
589,2022-04-13 00:00:00,152.85,154.5,156.5,151.85
590,2022-05-06 00:00:00,152.6,155.85,156.5,150.25
591,2022-05-13 00:00:00,133.2,133.95,139.8,131.15
592,2022-05-17 00:00:00,133.95,132.3,136.2,132.3
593,2022-05-24 00:00:00,137.25,142.6,144.55,136.1
594,2022-06-17 00:00:00,126.1,127.1,130.95,124.0
595,2022-07-08 00:00:00,149.9,153.05,153.5,149.0
596,2022-07-27 00:00:00,150.0,150.05,150.85,149.9
597,2022-12-09 00:00:00,135.7,141.1,141.9,135.0
598,2022-12-22 00:00:00,126.25,128.05,130.75,124.0
599,2023-01-16 00:00:00,165.8,165.0,167.1,159.2
600,2023-03-01 00:00:00,140.45,139.9,141.85,139.1
601,2023-04-19 00:00:00,138.65,136.45,144.8,136.05
602,2023-06-28 00:00:00,130.25,131.8,132.2,130.0
603,2022-04-29 00:00:00,149.2,149.9,151.35,148.2
604,2022-05-11 00:00:00,135.35,142.5,144.1,130.05
605,2022-05-12 00:00:00,128.65,133.85,133.85,127.0
606,2022-05-25 00:00:00,133.3,139.0,139.95,128.5
607,2022-06-09 00:00:00,139.05,136.0,140.0,135.0
608,2022-06-16 00:00:00,128.35,133.0,134.75,127.2
609,2022-06-30 00:00:00,138.5,139.65,143.0,138.0
610,2022-07-18 00:00:00,151.3,152.4,155.0,150.6
611,2022-07-20 00:00:00,153.65,156.4,157.9,153.05
612,2022-08-19 00:00:00,140.65,141.35,146.0,139.5
613,2022-09-02 00:00:00,141.0,144.8,147.0,140.15
614,2022-09-05 00:00:00,139.35,140.05,143.1,138.6
615,2022-11-15 00:00:00,127.75,130.0,130.7,127.1
616,2022-11-24 00:00:00,124.45,123.3,125.7,123.2
617,2022-11-28 00:00:00,123.9,124.95,126.75,123.5
618,2022-12-05 00:00:00,144.0,144.0,147.8,142.65
619,2022-12-08 00:00:00,140.75,143.0,143.95,140.05
620,2022-12-13 00:00:00,135.1,137.8,139.0,134.4
621,2022-12-20 00:00:00,131.3,134.65,135.35,130.1
622,2023-01-09 00:00:00,131.9,134.8,135.7,131.6
623,2023-01-23 00:00:00,167.8,164.75,174.15,164.4
624,2023-01-30 00:00:00,154.2,155.55,160.1,152.75
625,2023-01-31 00:00:00,164.95,155.1,169.0,154.25
626,2023-02-15 00:00:00,152.9,151.2,161.0,150.05
627,2023-02-20 00:00:00,152.7,153.7,155.6,151.85
628,2023-03-03 00:00:00,139.95,136.6,140.65,136.0
629,2023-03-06 00:00:00,139.4,141.05,142.85,138.55
630,2023-04-28 00:00:00,148.1,144.0,151.6,143.95
631,2023-07-04 00:00:00,128.5,129.9,130.7,128.05
632,2023-07-31 00:00:00,128.1,128.0,129.25,127.1
633,2023-08-01 00:00:00,130.75,128.9,131.6,128.2
634,2023-08-18 00:00:00,126.05,126.5,126.95,125.4
635,2022-04-22 00:00:00,151.25,150.2,153.45,149.0
636,2022-05-27 00:00:00,137.0,135.0,140.0,132.3
637,2022-06-22 00:00:00,125.15,127.65,128.5,124.0
638,2022-06-28 00:00:00,140.2,143.8,143.9,138.6
639,2022-08-18 00:00:00,140.85,142.95,143.2,138.0
640,2022-09-08 00:00:00,141.55,141.75,143.5,140.2
641,2022-09-30 00:00:00,124.0,127.05,127.05,123.5
642,2022-10-10 00:00:00,129.3,130.5,132.45,128.15
643,2022-10-14 00:00:00,124.65,127.6,127.6,124.1
644,2022-10-21 00:00:00,122.75,126.0,126.7,122.45
645,2022-11-11 00:00:00,128.55,136.6,140.3,125.25
646,2022-11-29 00:00:00,129.85,124.95,130.9,124.0
647,2022-12-06 00:00:00,139.45,144.65,144.95,139.05
648,2022-12-30 00:00:00,135.05,138.0,139.8,134.0
649,2023-02-01 00:00:00,166.95,166.0,179.0,162.4
650,2023-02-10 00:00:00,149.25,162.95,164.8,148.0
651,2023-03-23 00:00:00,135.45,133.7,137.8,132.4
652,2023-05-02 00:00:00,145.45,148.85,149.85,144.3
653,2023-05-16 00:00:00,148.4,151.95,152.2,147.7
654,2023-06-06 00:00:00,133.65,131.95,133.95,131.85
