,time,close,open,high,low
0,2021-01-01 00:00:00,20.7,20.75,20.9,20.5
1,2021-01-12 00:00:00,29.3,30.95,30.95,28.25
2,2021-01-27 00:00:00,28.4,30.25,30.45,28.05
3,2021-02-18 00:00:00,25.3,,26.0,24.05
4,2021-03-15 00:00:00,28.85,,30.25,28.3
5,2021-06-03 00:00:00,29.25,29.75,29.75,29.1
6,2021-06-09 00:00:00,30.95,31.65,32.2,30.55
7,2021-06-15 00:00:00,32.4,32.0,33.45,31.2
8,2021-02-19 00:00:00,24.15,,25.5,24.05
9,2021-03-05 00:00:00,31.0,,31.0,31.0
10,2021-03-22 00:00:00,27.4,26.1,27.4,26.1
11,2021-04-05 00:00:00,25.8,26.0,26.6,25.1
12,2021-05-19 00:00:00,29.2,29.85,29.85,29.05
13,2021-05-24 00:00:00,29.15,29.65,29.65,28.8
14,2021-05-27 00:00:00,29.3,29.85,30.0,29.1
15,2021-06-01 00:00:00,28.5,29.35,29.35,28.25
16,2021-01-05 00:00:00,21.95,22.1,22.5,21.7
17,2021-01-08 00:00:00,25.65,22.45,25.65,22.3
18,2021-02-23 00:00:00,24.1,,24.75,24.0
19,2021-03-25 00:00:00,25.8,27.55,27.55,25.7
20,2021-04-23 00:00:00,24.65,24.1,24.8,23.5
21,2021-02-05 00:00:00,27.2,,28.4,27.05
22,2021-02-09 00:00:00,25.05,,26.5,24.8
23,2021-02-25 00:00:00,25.85,,25.85,24.2
24,2021-03-01 00:00:00,28.35,,28.35,27.5
25,2021-03-19 00:00:00,26.1,25.95,26.45,24.4
26,2021-04-20 00:00:00,24.25,24.0,24.8,23.45
27,2021-05-26 00:00:00,29.75,29.75,30.5,29.6
28,2021-06-07 00:00:00,29.35,29.6,29.9,29.2
29,2021-06-14 00:00:00,31.7,32.0,32.35,30.7
30,2021-06-16 00:00:00,34.6,32.9,35.6,30.8
31,2021-07-01 00:00:00,33.15,33.25,33.45,32.7
32,2021-01-06 00:00:00,21.1,21.95,21.95,20.8
33,2021-01-19 00:00:00,29.7,30.45,31.0,29.5
34,2021-03-17 00:00:00,26.95,28.2,28.5,26.8
35,2021-04-29 00:00:00,25.45,25.15,26.15,25.05
36,2021-05-04 00:00:00,26.6,26.7,27.2,26.45
37,2021-05-10 00:00:00,28.0,28.0,28.4,27.65
38,2021-06-29 00:00:00,32.95,33.1,33.8,32.7
39,2021-01-04 00:00:00,22.1,20.9,22.7,20.6
40,2021-01-11 00:00:00,30.55,27.65,30.75,26.9
41,2021-03-02 00:00:00,28.35,,29.75,28.0
42,2021-04-06 00:00:00,25.6,25.25,26.15,25.25
43,2021-04-12 00:00:00,25.0,25.05,25.5,25.0
44,2021-07-05 00:00:00,33.35,33.95,34.1,33.25
45,2021-02-02 00:00:00,27.8,,29.3,27.55
46,2021-02-10 00:00:00,24.0,,25.05,23.8
47,2021-02-22 00:00:00,23.9,,24.4,23.65
48,2021-03-03 00:00:00,28.15,,28.95,27.0
49,2021-04-26 00:00:00,24.8,25.85,25.85,24.5
50,2021-04-30 00:00:00,25.4,25.75,25.75,25.1
51,2021-05-06 00:00:00,27.9,26.75,27.9,26.2
52,2021-03-04 00:00:00,29.55,,29.55,26.8
53,2021-03-09 00:00:00,30.95,,34.0,30.95
54,2021-03-10 00:00:00,29.5,,30.7,29.45
55,2021-03-24 00:00:00,27.05,27.0,27.9,27.0
56,2021-04-22 00:00:00,24.1,23.2,24.7,23.2
57,2021-05-05 00:00:00,26.6,26.95,27.1,26.5
58,2021-05-25 00:00:00,29.5,29.15,29.75,29.1
59,2021-06-24 00:00:00,33.25,35.2,35.6,33.0
60,2021-01-18 00:00:00,30.1,28.3,30.5,28.15
61,2021-01-22 00:00:00,33.3,32.7,34.9,32.5
62,2021-02-01 00:00:00,28.0,30.0,30.2,27.75
63,2021-02-26 00:00:00,27.0,,27.1,25.85
64,2021-03-12 00:00:00,29.65,,30.6,29.05
65,2021-03-23 00:00:00,28.05,28.0,28.5,27.05
66,2021-03-26 00:00:00,25.4,26.25,26.45,24.6
67,2021-05-12 00:00:00,29.95,29.3,30.55,29.1
68,2021-05-14 00:00:00,28.9,30.45,30.8,28.75
69,2021-05-18 00:00:00,29.25,29.75,30.15,29.15
70,2021-05-31 00:00:00,29.25,29.25,29.65,29.25
71,2021-06-02 00:00:00,29.45,28.5,29.8,28.2
72,2021-06-11 00:00:00,31.75,32.6,32.8,31.5
73,2021-06-30 00:00:00,33.25,33.05,33.8,32.7
74,2021-07-02 00:00:00,33.75,34.05,34.7,33.5
75,2021-01-07 00:00:00,21.4,21.35,21.5,21.1
76,2021-01-13 00:00:00,27.95,29.25,29.6,27.15
77,2021-02-03 00:00:00,29.15,,29.15,26.75
78,2021-04-01 00:00:00,26.25,25.35,26.5,25.35
79,2021-04-07 00:00:00,25.35,26.15,26.15,25.05
80,2021-06-10 00:00:00,32.35,31.25,33.35,31.05
81,2021-06-25 00:00:00,33.1,33.7,34.3,32.85
82,2021-06-28 00:00:00,32.95,32.4,33.5,32.4
83,2021-01-20 00:00:00,29.25,29.65,30.2,29.1
84,2021-01-21 00:00:00,31.9,29.2,33.0,28.9
85,2021-05-03 00:00:00,26.35,24.45,26.65,24.45
86,2021-06-18 00:00:00,32.15,32.8,33.0,30.6
87,2021-06-23 00:00:00,34.15,32.55,34.95,31.9
88,2021-01-15 00:00:00,28.05,28.35,28.7,27.6
89,2021-01-28 00:00:00,29.5,28.65,30.95,28.65
90,2021-02-08 00:00:00,26.1,,27.5,25.9
91,2021-02-11 00:00:00,25.2,,25.2,23.1
92,2021-03-30 00:00:00,25.7,25.55,25.95,24.8
93,2021-04-09 00:00:00,26.3,26.5,27.2,25.55
94,2021-04-13 00:00:00,25.15,24.15,25.5,23.75
95,2021-05-07 00:00:00,27.8,29.25,29.25,27.55
96,2021-05-20 00:00:00,30.65,30.65,30.65,30.65
97,2021-06-17 00:00:00,32.7,33.3,33.95,32.35
98,2021-07-07 00:00:00,33.3,32.55,33.6,32.5
99,2021-01-29 00:00:00,28.95,29.7,29.9,28.7
100,2021-02-04 00:00:00,28.05,,29.15,27.75
101,2021-03-16 00:00:00,28.2,,29.3,28.1
102,2021-04-16 00:00:00,24.75,25.0,25.0,24.5
103,2021-05-11 00:00:00,29.1,27.85,29.4,27.05
104,2021-05-28 00:00:00,29.15,29.85,29.85,29.05
105,2021-01-14 00:00:00,28.5,29.25,29.85,28.0
106,2021-01-25 00:00:00,30.0,33.3,33.5,30.0
107,2021-05-17 00:00:00,29.5,29.0,29.9,28.75
108,2021-02-12 00:00:00,25.75,,26.25,25.5
109,2021-02-24 00:00:00,24.65,,24.8,23.55
110,2021-03-08 00:00:00,32.55,,32.55,32.55
111,2021-03-31 00:00:00,25.35,25.05,26.3,25.05
112,2021-04-08 00:00:00,26.5,25.8,26.6,25.15
113,2021-04-19 00:00:00,23.65,24.85,24.85,23.55
114,2021-05-21 00:00:00,29.5,31.4,31.4,29.25
115,2021-06-04 00:00:00,29.15,29.25,29.45,28.85
116,2021-06-21 00:00:00,32.5,31.05,32.85,31.05
117,2021-07-06 00:00:00,32.85,33.7,33.7,32.7
118,2021-03-18 00:00:00,25.65,27.5,27.5,25.65
119,2021-04-15 00:00:00,25.05,24.8,25.45,24.5
120,2021-06-08 00:00:00,31.35,30.95,32.0,30.65
121,2021-06-22 00:00:00,31.8,32.65,33.4,31.6
122,2021-08-16 00:00:00,30.35,30.05,31.5,29.05
123,2021-07-23 00:00:00,30.0,31.1,31.1,29.9
124,2021-08-12 00:00:00,31.25,29.95,31.9,29.4
125,2021-07-29 00:00:00,31.0,30.95,31.5,30.75
126,2021-08-18 00:00:00,29.15,29.3,30.0,29.05
127,2021-08-24 00:00:00,27.7,26.65,27.95,26.45
128,2021-08-31 00:00:00,28.1,28.8,28.8,28.0
129,2021-09-09 00:00:00,29.25,29.5,29.6,28.8
130,2021-10-04 00:00:00,30.9,30.7,32.25,30.55
131,2021-11-09 00:00:00,29.85,29.4,30.2,29.15
132,2021-11-30 00:00:00,26.6,26.9,27.4,26.45
133,2021-09-29 00:00:00,31.15,31.2,31.8,30.45
134,2021-07-16 00:00:00,32.55,33.1,33.2,32.5
135,2021-07-20 00:00:00,30.95,32.1,32.35,30.7
136,2021-07-19 00:00:00,32.1,32.1,32.5,32.05
137,2021-07-09 00:00:00,33.2,33.45,33.45,33.05
138,2021-09-30 00:00:00,30.9,31.1,31.55,30.7
139,2021-10-01 00:00:00,30.5,30.95,31.2,29.3
140,2021-10-28 00:00:00,28.55,29.3,29.3,28.45
141,2021-12-07 00:00:00,28.55,28.1,28.85,28.1
142,2021-12-30 00:00:00,29.0,28.55,29.9,28.35
143,2021-09-23 00:00:00,29.35,29.7,29.95,29.25
144,2021-10-06 00:00:00,30.7,31.3,31.7,30.6
145,2021-10-08 00:00:00,31.7,30.9,32.8,30.0
146,2021-11-11 00:00:00,28.7,28.6,29.15,28.6
147,2021-11-17 00:00:00,28.25,28.2,28.7,28.1
148,2021-12-02 00:00:00,28.15,28.8,28.8,27.8
149,2021-12-24 00:00:00,27.2,27.8,27.8,26.9
150,2021-12-28 00:00:00,28.6,29.0,29.05,28.4
151,2021-08-11 00:00:00,29.9,29.15,32.4,27.3
152,2021-09-16 00:00:00,29.7,29.7,30.4,29.65
153,2021-10-27 00:00:00,29.05,29.4,29.45,29.0
154,2021-11-10 00:00:00,29.15,29.65,30.6,28.9
155,2021-11-16 00:00:00,28.2,28.65,28.75,28.15
156,2021-11-29 00:00:00,26.45,27.75,27.75,26.2
157,2021-12-31 00:00:00,28.7,29.15,29.45,28.6
158,2021-07-26 00:00:00,31.65,30.15,32.1,29.9
159,2021-08-04 00:00:00,30.9,32.2,32.2,30.8
160,2021-09-17 00:00:00,29.5,29.7,29.95,29.1
161,2021-09-28 00:00:00,31.2,32.5,32.7,30.8
162,2021-10-18 00:00:00,30.85,31.0,31.45,30.75
163,2021-11-04 00:00:00,28.95,28.95,29.1,28.6
164,2021-11-22 00:00:00,27.3,28.5,28.5,27.0
165,2021-11-26 00:00:00,27.25,28.25,28.25,27.05
166,2021-12-03 00:00:00,28.6,27.6,29.35,27.6
167,2021-12-15 00:00:00,29.05,28.9,30.15,28.8
168,2021-12-17 00:00:00,27.95,29.15,29.15,27.2
169,2021-12-21 00:00:00,26.75,26.8,27.35,26.3
170,2021-12-23 00:00:00,27.45,27.7,27.75,27.2
171,2021-12-29 00:00:00,28.55,28.6,28.95,28.35
172,2021-07-12 00:00:00,32.8,33.25,33.45,32.5
173,2021-08-13 00:00:00,30.7,31.25,31.5,30.3
174,2021-08-30 00:00:00,28.4,28.5,28.85,28.05
175,2021-09-24 00:00:00,32.05,29.65,34.0,29.2
176,2021-10-12 00:00:00,30.95,31.4,31.75,30.7
177,2021-10-19 00:00:00,30.2,30.9,31.45,30.0
178,2021-10-20 00:00:00,29.8,30.2,30.65,29.65
179,2021-12-10 00:00:00,29.6,30.2,30.45,29.45
180,2021-12-16 00:00:00,29.05,29.45,29.95,28.75
181,2021-07-15 00:00:00,32.9,33.3,33.7,32.65
182,2021-07-30 00:00:00,32.6,31.3,33.9,30.75
183,2021-07-27 00:00:00,31.95,32.0,32.7,31.65
184,2021-09-20 00:00:00,29.2,29.35,30.55,29.0
185,2021-10-22 00:00:00,29.7,30.4,30.4,29.45
186,2021-10-25 00:00:00,28.8,29.7,29.75,28.05
187,2021-11-25 00:00:00,28.3,28.35,28.95,27.0
188,2021-12-13 00:00:00,29.0,29.0,30.15,28.5
189,2021-12-20 00:00:00,26.0,27.25,27.8,25.45
190,2021-09-06 00:00:00,29.7,30.4,30.5,29.5
191,2021-07-14 00:00:00,33.2,33.65,33.75,33.05
192,2021-08-03 00:00:00,32.0,32.95,32.95,31.85
193,2021-08-06 00:00:00,31.35,30.85,32.9,30.6
194,2021-08-20 00:00:00,28.1,28.5,29.5,28.0
195,2021-09-01 00:00:00,28.2,28.0,28.4,27.55
196,2021-09-07 00:00:00,29.2,29.55,29.95,29.05
197,2021-09-14 00:00:00,29.35,29.15,29.9,29.15
198,2021-09-21 00:00:00,29.15,29.1,29.55,28.65
199,2021-11-03 00:00:00,28.4,28.95,28.95,28.2
200,2021-11-23 00:00:00,27.9,26.6,28.4,26.35
201,2021-11-24 00:00:00,28.1,28.5,28.65,28.05
202,2021-09-27 00:00:00,32.4,32.05,33.45,30.65
203,2021-10-14 00:00:00,30.9,31.45,31.6,30.6
204,2021-10-29 00:00:00,28.4,28.95,28.95,28.0
205,2021-11-15 00:00:00,28.55,28.8,28.9,28.4
206,2021-12-09 00:00:00,29.95,28.8,30.7,28.65
207,2021-07-28 00:00:00,30.95,32.1,32.1,30.5
208,2021-08-09 00:00:00,30.65,31.35,31.6,30.5
209,2021-08-17 00:00:00,29.3,30.45,30.5,28.8
210,2021-10-07 00:00:00,30.9,30.8,31.65,30.75
211,2021-10-26 00:00:00,29.2,29.0,29.5,28.7
212,2021-11-12 00:00:00,28.8,28.85,29.1,28.6
213,2022-01-10 00:00:00,32.8,32.85,33.5,32.35
214,2021-07-22 00:00:00,30.75,31.5,31.5,30.6
215,2021-08-23 00:00:00,26.45,28.9,28.9,26.0
216,2021-09-03 00:00:00,30.2,32.25,32.5,30.0
217,2021-09-22 00:00:00,29.1,29.0,29.7,29.0
218,2021-10-11 00:00:00,31.1,32.0,32.0,31.05
219,2021-11-01 00:00:00,28.3,28.05,28.5,28.05
220,2021-12-06 00:00:00,27.8,28.75,28.75,27.5
221,2021-12-08 00:00:00,28.75,28.8,28.95,28.25
222,2022-01-06 00:00:00,33.4,30.35,34.2,30.2
223,2022-01-11 00:00:00,32.5,32.3,33.6,32.1
224,2021-07-08 00:00:00,33.2,33.75,34.35,33.0
225,2021-08-05 00:00:00,30.3,30.9,31.2,29.75
226,2021-10-05 00:00:00,31.05,30.5,31.75,30.5
227,2021-11-18 00:00:00,27.9,28.1,28.4,27.8
228,2022-01-05 00:00:00,31.05,29.4,31.6,29.3
229,2021-08-02 00:00:00,32.9,33.15,33.8,32.8
230,2021-08-10 00:00:00,29.55,30.65,30.8,28.7
231,2021-09-13 00:00:00,29.15,29.4,29.5,29.0
232,2021-11-08 00:00:00,29.2,29.1,29.55,28.7
233,2021-12-27 00:00:00,28.55,27.4,29.1,26.85
234,2022-01-07 00:00:00,32.3,33.5,33.5,31.8
235,2021-09-08 00:00:00,29.25,29.0,29.8,28.8
236,2021-09-15 00:00:00,29.6,29.45,30.25,29.35
237,2021-10-13 00:00:00,31.25,31.75,31.8,31.15
238,2021-11-02 00:00:00,28.7,28.9,29.7,28.4
239,2022-01-03 00:00:00,29.1,28.9,29.6,28.65
240,2021-08-25 00:00:00,28.9,28.0,30.1,28.0
241,2021-09-02 00:00:00,31.5,28.05,32.9,28.05
242,2021-10-21 00:00:00,30.2,30.8,30.8,29.65
243,2021-12-22 00:00:00,27.05,27.25,27.35,26.95
244,2022-01-04 00:00:00,29.4,29.05,30.35,29.0
245,2021-07-13 00:00:00,33.5,32.95,33.7,32.75
246,2021-08-26 00:00:00,28.3,29.2,29.2,28.15
247,2021-08-27 00:00:00,28.4,28.3,29.0,28.1
248,2021-12-01 00:00:00,28.65,28.75,29.0,28.05
249,2021-12-14 00:00:00,28.9,28.95,29.35,28.65
250,2022-02-02 00:00:00,32.4,33.45,33.45,32.1
251,2022-01-13 00:00:00,32.2,32.85,32.95,32.05
252,2022-01-12 00:00:00,32.7,32.85,33.5,32.5
253,2022-01-19 00:00:00,36.65,36.15,37.25,35.35
254,2022-01-17 00:00:00,36.85,33.8,37.25,33.3
255,2022-08-29 00:00:00,49.35,48.0,49.9,47.05
256,2022-03-28 00:00:00,46.05,41.95,47.45,40.6
257,2022-04-29 00:00:00,55.0,56.6,58.5,54.5
258,2022-05-02 00:00:00,52.1,53.15,54.25,51.2
259,2022-05-19 00:00:00,50.95,48.9,53.9,47.25
260,2022-05-24 00:00:00,51.15,51.3,52.8,51.0
261,2022-06-30 00:00:00,43.6,44.65,45.2,43.5
262,2022-08-04 00:00:00,48.95,45.4,50.0,45.3
263,2022-08-26 00:00:00,50.5,50.4,52.3,50.05
264,2022-09-29 00:00:00,51.8,51.15,52.45,49.3
265,2022-10-27 00:00:00,50.3,50.35,51.5,50.05
266,2022-11-10 00:00:00,48.0,49.5,49.95,47.6
267,2023-02-06 00:00:00,59.05,59.0,60.1,58.35
268,2023-02-28 00:00:00,55.55,54.55,55.95,54.05
269,2023-03-08 00:00:00,62.4,59.75,62.7,58.2
270,2023-03-10 00:00:00,63.85,60.0,64.6,59.25
271,2023-03-27 00:00:00,55.2,57.2,57.6,54.6
272,2023-03-31 00:00:00,57.45,58.8,59.8,56.0
273,2023-04-05 00:00:00,59.05,59.4,59.9,58.5
274,2023-04-06 00:00:00,59.4,59.1,59.85,58.5
275,2023-06-20 00:00:00,78.2,75.7,79.4,74.25
276,2023-06-22 00:00:00,77.2,76.0,79.2,76.0
277,2023-06-28 00:00:00,72.95,73.8,74.4,72.2
278,2023-07-06 00:00:00,76.05,75.85,77.6,75.6
279,2023-07-17 00:00:00,80.9,81.25,82.5,80.05
280,2023-08-04 00:00:00,78.25,78.6,78.95,77.65
281,2023-08-23 00:00:00,75.0,74.35,75.75,74.0
282,2022-01-18 00:00:00,36.0,37.35,39.35,35.3
283,2022-02-09 00:00:00,32.45,32.5,32.95,32.1
284,2022-02-18 00:00:00,33.05,33.7,33.7,32.7
285,2022-05-12 00:00:00,42.45,42.5,43.85,41.5
286,2022-05-26 00:00:00,47.55,48.0,48.85,44.8
287,2022-06-06 00:00:00,51.95,49.9,53.4,48.2
288,2022-06-08 00:00:00,49.55,52.1,52.15,48.95
289,2022-06-28 00:00:00,43.75,43.7,43.95,42.5
290,2022-07-07 00:00:00,46.4,46.4,47.25,45.85
291,2022-07-28 00:00:00,44.3,45.0,45.2,44.2
292,2022-08-08 00:00:00,52.5,47.65,54.55,47.4
293,2022-08-12 00:00:00,48.0,48.3,48.85,47.7
294,2022-10-06 00:00:00,52.5,52.35,53.0,51.1
295,2022-10-07 00:00:00,51.95,52.5,52.55,51.35
296,2022-10-11 00:00:00,49.9,52.9,53.95,49.4
297,2022-11-01 00:00:00,48.8,48.85,49.0,47.8
298,2022-11-23 00:00:00,50.15,46.95,53.15,46.75
299,2022-11-29 00:00:00,53.4,54.9,55.3,53.05
300,2023-01-02 00:00:00,74.4,78.0,78.45,73.8
301,2023-02-10 00:00:00,57.15,58.05,58.8,56.8
302,2023-02-22 00:00:00,56.25,57.55,57.55,55.9
303,2023-03-03 00:00:00,56.95,56.75,57.9,56.05
304,2023-03-06 00:00:00,59.8,57.1,62.0,57.0
305,2023-04-21 00:00:00,70.4,68.4,72.3,66.75
306,2023-07-03 00:00:00,72.8,72.25,74.95,71.6
307,2022-02-01 00:00:00,33.0,35.75,37.25,32.6
308,2022-02-22 00:00:00,30.25,31.0,31.4,29.65
309,2022-03-17 00:00:00,34.3,34.15,35.35,33.3
310,2022-04-04 00:00:00,53.15,53.75,54.75,51.5
311,2022-04-11 00:00:00,50.15,51.25,51.9,50.0
312,2022-06-01 00:00:00,51.05,49.25,52.2,49.25
313,2022-06-02 00:00:00,50.5,51.4,51.75,50.1
314,2022-06-21 00:00:00,43.2,40.0,43.8,40.0
315,2022-07-19 00:00:00,46.1,46.2,46.6,45.8
316,2022-07-25 00:00:00,46.35,48.5,48.5,46.1
317,2022-08-03 00:00:00,45.3,46.0,46.7,45.15
318,2022-08-10 00:00:00,50.35,52.75,52.75,50.05
319,2022-08-19 00:00:00,48.15,49.7,50.3,47.95
320,2022-09-09 00:00:00,53.25,54.9,56.0,52.8
321,2022-09-16 00:00:00,53.35,53.05,57.35,52.2
322,2022-10-20 00:00:00,50.5,50.55,51.3,49.05
323,2022-12-02 00:00:00,53.85,52.6,54.9,52.6
324,2022-12-09 00:00:00,60.95,65.2,65.5,58.65
325,2022-12-16 00:00:00,88.35,75.55,88.35,75.55
326,2023-03-17 00:00:00,58.55,58.9,59.7,58.05
327,2023-03-24 00:00:00,57.15,59.25,59.25,56.7
328,2023-04-27 00:00:00,72.25,74.15,74.2,71.5
329,2023-05-22 00:00:00,66.4,67.95,68.65,66.0
330,2023-06-01 00:00:00,68.2,68.4,69.4,67.8
331,2023-06-13 00:00:00,74.4,71.75,75.6,71.75
332,2023-07-18 00:00:00,81.45,81.5,83.6,78.25
333,2023-08-17 00:00:00,73.75,73.9,75.0,73.0
334,2023-08-22 00:00:00,73.85,72.8,74.35,72.55
335,2022-01-25 00:00:00,35.2,33.0,35.7,32.0
336,2022-03-03 00:00:00,31.8,32.4,32.7,31.6
337,2022-03-10 00:00:00,31.65,32.65,32.9,31.45
338,2022-03-14 00:00:00,34.8,35.9,36.55,34.45
339,2022-03-21 00:00:00,36.5,34.5,37.65,34.05
340,2022-03-23 00:00:00,40.9,45.45,45.8,40.6
341,2022-03-25 00:00:00,41.35,42.3,42.7,40.0
342,2022-03-30 00:00:00,51.55,56.5,56.8,50.5
343,2022-04-28 00:00:00,56.55,58.3,58.7,55.8
344,2022-05-16 00:00:00,45.1,43.1,45.75,42.55
345,2022-07-26 00:00:00,45.1,46.15,46.8,44.95
346,2022-08-11 00:00:00,48.95,50.65,50.65,48.05
347,2022-08-16 00:00:00,49.5,48.3,50.2,47.65
348,2022-09-26 00:00:00,45.8,48.6,48.65,45.3
349,2022-11-04 00:00:00,48.7,48.95,49.4,48.35
350,2022-11-30 00:00:00,52.5,53.65,53.8,52.0
351,2022-12-15 00:00:00,73.65,61.35,73.65,61.0
352,2022-12-26 00:00:00,71.65,70.1,71.65,68.8
353,2023-01-10 00:00:00,69.2,71.4,71.4,68.6
354,2023-01-12 00:00:00,69.6,69.7,71.8,68.6
355,2023-01-19 00:00:00,67.9,69.0,70.0,67.5
356,2023-02-21 00:00:00,57.85,58.65,59.75,57.15
357,2023-05-15 00:00:00,70.7,72.55,72.55,70.25
358,2023-07-28 00:00:00,79.55,82.95,83.0,79.1
359,2022-03-24 00:00:00,42.0,41.1,42.9,40.35
360,2022-04-07 00:00:00,51.05,51.5,53.8,50.5
361,2022-04-12 00:00:00,48.75,50.1,50.35,47.8
362,2022-05-13 00:00:00,43.1,43.8,45.3,42.7
363,2022-05-27 00:00:00,48.15,48.4,49.7,47.65
364,2022-05-30 00:00:00,48.95,48.65,49.7,48.45
365,2022-06-07 00:00:00,51.75,52.4,53.3,51.25
366,2022-07-15 00:00:00,45.85,45.7,46.5,45.0
367,2022-07-21 00:00:00,46.95,46.95,47.5,46.3
368,2022-08-23 00:00:00,47.45,46.45,47.95,46.05
369,2022-10-24 00:00:00,50.9,50.0,52.0,49.55
370,2022-10-25 00:00:00,50.25,50.1,51.3,50.1
371,2022-11-02 00:00:00,48.9,48.9,50.7,48.75
372,2022-12-07 00:00:00,60.7,58.35,61.8,57.5
373,2022-12-19 00:00:00,84.6,93.95,94.6,82.55
374,2022-12-21 00:00:00,83.75,95.0,96.45,83.75
375,2023-01-06 00:00:00,71.8,75.0,75.65,71.2
376,2023-01-11 00:00:00,69.65,69.2,71.25,68.65
377,2023-01-25 00:00:00,63.2,65.55,65.9,63.0
378,2023-02-02 00:00:00,59.95,60.0,61.95,58.4
379,2023-03-13 00:00:00,59.4,64.75,64.75,59.05
380,2023-04-25 00:00:00,74.45,71.6,75.05,70.35
381,2022-09-14 00:00:00,53.3,52.7,55.9,52.5
382,2022-10-21 00:00:00,49.85,50.9,51.1,49.65
383,2023-04-26 00:00:00,73.9,74.5,77.3,73.5
384,2022-10-31 00:00:00,48.6,50.5,50.5,48.15
385,2022-11-09 00:00:00,49.8,49.95,50.95,49.55
386,2023-06-30 00:00:00,71.85,73.0,73.75,71.75
387,2022-11-16 00:00:00,46.35,46.05,46.9,46.05
388,2023-07-12 00:00:00,79.35,81.05,81.1,78.45
389,2023-07-20 00:00:00,81.95,84.0,84.15,80.5
390,2022-11-18 00:00:00,44.75,45.65,46.3,44.0
391,2022-12-01 00:00:00,52.95,52.65,53.95,52.4
392,2022-12-05 00:00:00,53.5,54.1,55.3,52.9
393,2022-12-08 00:00:00,64.6,61.45,65.9,61.0
394,2023-01-04 00:00:00,76.5,73.1,76.5,73.1
395,2023-02-17 00:00:00,59.0,59.5,60.9,58.25
396,2023-03-22 00:00:00,58.5,58.95,60.2,58.2
397,2023-05-18 00:00:00,69.15,73.0,73.0,68.8
398,2023-07-13 00:00:00,78.15,79.95,82.7,76.95
399,2023-07-19 00:00:00,83.45,82.0,91.9,81.75
400,2023-07-27 00:00:00,82.7,82.3,84.75,81.8
401,2023-08-07 00:00:00,77.75,78.35,79.4,77.15
402,2023-08-09 00:00:00,73.75,75.0,75.0,73.3
403,2022-02-10 00:00:00,36.65,32.45,38.3,32.1
404,2022-02-21 00:00:00,31.35,32.35,32.8,31.2
405,2022-03-22 00:00:00,43.8,37.3,43.8,37.3
406,2022-04-06 00:00:00,51.85,51.05,52.95,50.6
407,2022-05-10 00:00:00,44.9,43.8,47.35,43.65
408,2022-05-23 00:00:00,51.3,53.4,54.2,50.5
409,2022-06-13 00:00:00,45.15,48.0,48.2,44.85
410,2022-07-01 00:00:00,43.4,43.95,44.1,42.45
411,2022-07-11 00:00:00,46.6,45.9,47.7,45.75
412,2022-07-29 00:00:00,45.05,44.35,46.15,44.35
413,2022-08-01 00:00:00,46.35,45.1,46.95,44.55
414,2022-09-01 00:00:00,52.8,49.5,53.0,49.45
415,2022-09-07 00:00:00,55.4,55.5,57.5,54.6
416,2022-09-20 00:00:00,52.9,53.5,54.0,52.75
417,2022-09-21 00:00:00,50.35,53.1,53.65,50.15
418,2022-10-28 00:00:00,49.9,50.6,51.0,49.55
419,2023-01-23 00:00:00,67.15,66.0,69.2,66.0
420,2023-03-20 00:00:00,58.55,58.0,59.75,57.9
421,2023-03-21 00:00:00,58.5,58.8,60.25,58.1
422,2023-06-02 00:00:00,67.9,68.55,69.2,67.8
423,2023-06-16 00:00:00,75.5,75.4,76.4,74.25
424,2023-07-31 00:00:00,78.05,80.0,80.65,77.55
425,2023-08-10 00:00:00,73.95,74.25,74.85,73.15
426,2022-01-21 00:00:00,37.1,36.0,38.45,35.9
427,2022-02-14 00:00:00,31.95,33.0,33.85,31.5
428,2022-03-02 00:00:00,31.7,30.2,33.0,30.2
429,2022-02-11 00:00:00,34.95,36.85,37.35,34.65
430,2022-02-25 00:00:00,30.3,29.0,31.25,29.0
431,2022-02-28 00:00:00,31.1,30.35,31.9,29.8
432,2022-04-01 00:00:00,53.1,49.45,54.35,48.7
433,2022-05-17 00:00:00,47.4,45.5,47.85,45.2
434,2022-06-15 00:00:00,44.85,45.8,46.3,44.4
435,2022-06-17 00:00:00,42.45,42.15,43.5,41.6
436,2022-07-06 00:00:00,45.85,45.6,46.35,44.9
437,2022-07-18 00:00:00,45.85,46.3,46.8,44.25
438,2022-07-27 00:00:00,44.6,45.2,45.7,44.2
439,2022-08-17 00:00:00,49.05,49.75,49.85,48.7
440,2022-08-25 00:00:00,50.15,49.0,52.45,49.0
441,2022-09-22 00:00:00,49.25,50.4,51.45,48.45
442,2022-11-21 00:00:00,48.6,45.0,49.2,44.6
443,2022-11-28 00:00:00,53.95,51.75,55.0,51.4
444,2022-12-06 00:00:00,57.4,53.55,58.5,52.95
445,2023-01-27 00:00:00,60.5,63.3,64.2,60.05
446,2023-02-08 00:00:00,57.3,59.0,60.1,56.8
447,2023-02-16 00:00:00,59.7,61.3,61.85,59.05
448,2023-04-17 00:00:00,70.3,70.0,74.5,69.4
449,2023-06-08 00:00:00,72.75,74.7,75.35,72.05
450,2023-06-15 00:00:00,75.05,76.35,77.7,74.15
451,2023-07-05 00:00:00,75.55,72.45,76.6,72.25
452,2022-02-17 00:00:00,33.55,33.8,34.45,33.2
453,2022-04-20 00:00:00,50.7,50.9,52.2,49.1
454,2022-04-27 00:00:00,57.85,55.45,58.8,53.75
455,2022-06-23 00:00:00,42.1,41.3,43.55,41.3
456,2022-09-02 00:00:00,51.0,53.15,53.6,50.65
457,2022-09-28 00:00:00,50.35,47.0,51.7,47.0
458,2022-10-10 00:00:00,52.65,51.55,54.35,51.5
459,2022-11-07 00:00:00,49.5,49.25,49.95,48.4
460,2022-12-29 00:00:00,77.4,78.9,80.65,76.35
461,2023-02-09 00:00:00,58.05,57.95,59.6,57.05
462,2023-02-15 00:00:00,61.25,60.5,64.25,59.35
463,2023-02-27 00:00:00,54.3,56.1,56.1,54.1
464,2023-03-01 00:00:00,56.8,56.0,57.75,55.55
465,2023-03-14 00:00:00,58.15,60.2,60.2,57.15
466,2023-04-11 00:00:00,59.55,60.0,60.35,58.7
467,2023-04-13 00:00:00,71.9,70.4,78.8,68.0
468,2023-04-20 00:00:00,68.3,69.4,70.0,67.8
469,2023-05-02 00:00:00,73.7,73.15,76.7,72.5
470,2023-05-09 00:00:00,72.45,73.6,75.0,71.5
471,2023-05-17 00:00:00,73.4,72.3,74.45,71.45
472,2023-05-23 00:00:00,67.55,66.7,69.1,66.65
473,2023-06-26 00:00:00,72.0,74.0,74.65,71.45
474,2023-07-24 00:00:00,82.1,81.95,82.8,80.5
475,2023-08-18 00:00:00,72.65,73.75,74.1,72.45
476,2022-02-23 00:00:00,31.4,30.3,31.75,30.3
477,2022-04-18 00:00:00,53.5,50.5,54.4,48.8
478,2022-03-04 00:00:00,31.1,31.7,31.7,30.2
479,2022-05-05 00:00:00,50.45,50.8,52.0,50.2
480,2022-03-16 00:00:00,33.7,34.2,34.4,33.25
481,2022-05-31 00:00:00,49.25,49.3,49.9,48.65
482,2022-06-22 00:00:00,40.85,43.95,43.95,40.6
483,2022-03-29 00:00:00,55.25,46.1,55.25,45.8
484,2022-07-22 00:00:00,47.95,47.4,49.0,47.1
485,2022-03-31 00:00:00,49.45,51.55,53.1,48.6
486,2022-10-18 00:00:00,50.95,49.4,51.95,49.4
487,2022-04-19 00:00:00,50.9,53.85,54.9,50.05
488,2022-11-22 00:00:00,46.65,49.2,49.2,46.3
489,2022-11-24 00:00:00,52.0,50.95,53.85,50.2
490,2022-04-22 00:00:00,57.35,55.0,60.0,54.9
491,2022-04-25 00:00:00,55.3,57.9,61.8,53.75
492,2022-12-13 00:00:00,63.85,65.0,65.3,63.0
493,2022-06-09 00:00:00,49.25,49.6,50.65,48.8
494,2022-12-14 00:00:00,61.4,64.25,64.25,60.55
495,2022-06-27 00:00:00,43.85,43.65,44.5,43.3
496,2023-01-30 00:00:00,59.9,59.5,62.45,58.2
497,2022-09-08 00:00:00,54.5,55.7,56.9,54.3
498,2023-01-31 00:00:00,62.85,61.25,62.85,60.3
499,2022-09-15 00:00:00,53.1,53.5,54.3,52.6
500,2023-03-02 00:00:00,55.85,57.0,57.45,55.45
501,2022-10-04 00:00:00,51.5,51.6,51.95,51.1
502,2023-04-19 00:00:00,69.55,68.5,71.35,67.55
503,2023-05-03 00:00:00,74.85,73.8,76.45,73.3
504,2022-11-03 00:00:00,48.5,49.25,49.45,48.2
505,2022-12-23 00:00:00,68.25,72.8,78.9,67.9
506,2023-05-04 00:00:00,78.3,75.35,81.9,75.1
507,2022-12-27 00:00:00,75.2,74.7,75.2,72.3
508,2023-05-08 00:00:00,73.1,75.5,75.6,72.7
509,2023-03-23 00:00:00,58.95,59.0,60.35,58.4
510,2023-06-23 00:00:00,74.05,77.2,77.95,73.4
511,2023-05-24 00:00:00,67.95,67.7,69.0,67.5
512,2023-06-27 00:00:00,73.45,72.4,75.25,72.15
513,2023-08-08 00:00:00,76.9,78.35,79.25,76.75
514,2023-07-25 00:00:00,81.05,82.1,82.65,80.8
515,2023-08-16 00:00:00,73.4,71.7,73.75,71.45
516,2022-01-14 00:00:00,33.25,32.2,33.45,32.0
517,2022-02-15 00:00:00,33.05,32.9,33.5,31.6
518,2022-03-07 00:00:00,30.45,30.35,30.95,30.0
519,2022-03-09 00:00:00,32.25,31.25,32.95,31.25
520,2022-03-11 00:00:00,35.1,31.95,35.9,31.55
521,2022-04-13 00:00:00,50.55,50.95,51.75,49.6
522,2022-08-18 00:00:00,49.3,49.05,50.5,48.8
523,2022-09-12 00:00:00,53.75,53.65,54.3,51.75
524,2022-09-19 00:00:00,53.1,53.65,55.75,52.2
525,2022-10-03 00:00:00,50.85,51.75,52.9,50.35
526,2022-11-17 00:00:00,45.65,46.35,46.35,45.25
527,2022-11-25 00:00:00,51.4,52.0,52.45,51.25
528,2022-12-20 00:00:00,93.05,84.4,93.05,83.25
529,2022-12-28 00:00:00,78.95,76.0,78.95,73.65
530,2023-01-03 00:00:00,72.9,74.95,75.95,71.65
531,2023-01-18 00:00:00,69.5,69.6,71.9,68.3
532,2023-01-24 00:00:00,65.7,67.7,67.7,65.3
533,2023-02-07 00:00:00,59.05,60.1,62.3,57.75
534,2023-02-13 00:00:00,55.65,57.4,57.95,55.2
535,2023-03-09 00:00:00,60.65,62.4,63.9,60.4
536,2023-05-11 00:00:00,73.15,72.9,74.35,72.35
537,2023-05-30 00:00:00,68.2,68.6,69.15,67.8
538,2023-05-31 00:00:00,67.9,68.2,68.6,67.6
539,2023-06-12 00:00:00,71.75,71.9,73.05,71.2
540,2023-06-14 00:00:00,76.15,74.5,79.9,73.4
541,2023-08-02 00:00:00,78.75,80.0,80.5,77.4
542,2022-01-31 00:00:00,35.5,35.5,36.25,35.2
543,2022-01-20 00:00:00,36.3,36.75,37.35,36.1
544,2022-01-27 00:00:00,34.95,34.6,36.15,33.9
545,2022-02-08 00:00:00,32.1,33.35,33.65,31.85
546,2022-01-24 00:00:00,33.8,37.25,37.75,33.05
547,2022-03-08 00:00:00,31.3,30.35,31.7,30.25
548,2022-01-28 00:00:00,35.1,35.25,36.5,34.9
549,2022-03-15 00:00:00,33.6,35.0,35.15,33.05
550,2022-02-03 00:00:00,33.35,32.35,35.8,31.5
551,2022-04-05 00:00:00,51.4,53.6,53.9,51.0
552,2022-02-07 00:00:00,33.35,32.75,34.15,32.75
553,2022-02-24 00:00:00,28.1,29.95,30.45,27.75
554,2022-04-21 00:00:00,54.9,51.85,55.75,50.4
555,2022-04-26 00:00:00,55.8,55.9,57.85,54.6
556,2022-05-06 00:00:00,47.9,50.5,50.5,46.55
557,2022-05-11 00:00:00,42.8,46.45,46.45,41.4
558,2022-05-20 00:00:00,53.15,52.0,53.8,51.2
559,2022-06-03 00:00:00,49.55,51.0,52.8,49.1
560,2022-05-09 00:00:00,44.1,47.0,47.3,43.15
561,2022-06-10 00:00:00,48.7,48.9,49.65,48.45
562,2022-05-18 00:00:00,49.9,47.8,51.6,46.25
563,2022-07-04 00:00:00,47.2,43.6,50.65,43.1
564,2022-06-16 00:00:00,43.45,45.5,46.5,43.0
565,2022-07-13 00:00:00,45.8,46.7,46.95,45.1
566,2022-06-24 00:00:00,42.85,42.75,43.4,42.4
567,2022-08-24 00:00:00,49.7,47.45,50.1,47.45
568,2022-06-29 00:00:00,44.45,43.45,45.9,42.4
569,2022-07-08 00:00:00,46.3,46.8,47.3,45.8
570,2022-09-06 00:00:00,55.1,51.8,56.9,51.8
571,2022-10-13 00:00:00,49.8,50.25,50.5,49.25
572,2022-07-14 00:00:00,45.35,45.8,46.35,45.1
573,2022-10-14 00:00:00,49.65,50.4,50.95,49.25
574,2022-09-13 00:00:00,53.1,54.0,54.4,52.85
575,2022-11-11 00:00:00,47.9,48.95,49.0,47.65
576,2022-09-30 00:00:00,52.9,51.05,53.8,50.75
577,2022-11-14 00:00:00,47.25,48.45,48.5,47.0
578,2022-10-17 00:00:00,49.15,49.65,50.3,49.0
579,2022-11-15 00:00:00,45.95,47.55,47.6,45.75
580,2023-02-03 00:00:00,59.25,60.1,61.1,57.05
581,2023-03-16 00:00:00,58.05,58.95,58.95,57.05
582,2023-04-03 00:00:00,58.7,58.2,59.8,57.7
583,2023-02-14 00:00:00,61.0,57.95,63.95,55.5
584,2023-05-16 00:00:00,71.65,71.1,72.65,70.9
585,2023-04-18 00:00:00,68.35,71.3,71.45,67.25
586,2023-05-29 00:00:00,69.0,68.65,70.3,67.8
587,2023-04-28 00:00:00,72.75,72.75,73.7,72.15
588,2023-06-06 00:00:00,72.55,68.5,73.3,68.3
589,2023-05-10 00:00:00,72.35,72.8,73.25,69.95
590,2023-06-21 00:00:00,76.35,78.5,78.85,75.8
591,2023-05-25 00:00:00,67.65,68.1,68.7,67.35
592,2023-08-03 00:00:00,77.8,78.25,78.75,77.0
593,2023-06-05 00:00:00,68.25,68.1,69.7,67.85
594,2023-08-21 00:00:00,72.35,72.95,73.2,71.9
595,2023-06-19 00:00:00,75.3,75.9,76.65,74.85
596,2023-07-07 00:00:00,77.1,76.2,78.0,74.5
597,2023-07-14 00:00:00,81.25,78.7,81.7,78.25
598,2023-08-11 00:00:00,73.0,74.2,74.45,72.7
599,2023-08-14 00:00:00,71.45,73.0,73.0,70.65
600,2022-02-04 00:00:00,33.4,34.5,34.75,33.1
601,2022-04-08 00:00:00,50.95,51.85,51.9,50.7
602,2022-06-14 00:00:00,45.15,45.1,46.5,45.0
603,2022-07-05 00:00:00,45.35,46.5,46.95,44.6
604,2022-08-02 00:00:00,45.9,46.3,46.95,45.6
605,2022-08-22 00:00:00,46.4,47.55,48.2,46.1
606,2022-08-30 00:00:00,49.9,49.95,50.9,49.35
607,2022-09-05 00:00:00,51.35,51.3,51.7,50.7
608,2022-10-19 00:00:00,50.55,51.3,52.2,50.45
609,2022-12-22 00:00:00,75.4,82.7,82.7,75.4
610,2023-01-05 00:00:00,74.9,77.0,77.6,73.6
611,2023-01-13 00:00:00,68.75,69.95,70.3,68.4
612,2023-01-17 00:00:00,69.7,66.7,69.75,64.35
613,2023-01-20 00:00:00,65.95,68.4,68.4,65.65
614,2023-02-24 00:00:00,56.2,56.9,57.7,55.0
615,2023-03-15 00:00:00,58.6,59.0,60.75,58.15
616,2023-03-29 00:00:00,58.15,53.55,58.7,53.55
617,2023-04-10 00:00:00,59.65,60.1,61.45,59.4
618,2023-04-12 00:00:00,71.4,60.0,71.45,59.4
619,2023-04-24 00:00:00,71.15,70.8,72.45,69.25
620,2023-05-19 00:00:00,67.65,69.9,69.95,66.35
621,2023-06-09 00:00:00,71.45,72.05,72.65,71.05
622,2023-07-11 00:00:00,80.5,82.4,83.4,79.5
623,2023-07-21 00:00:00,81.7,81.8,82.95,80.55
624,2022-02-16 00:00:00,33.6,33.2,34.75,33.0
625,2022-05-04 00:00:00,50.1,52.5,54.5,49.25
626,2022-05-25 00:00:00,47.0,51.6,52.55,46.6
627,2022-06-20 00:00:00,38.3,42.5,42.85,36.35
628,2022-07-12 00:00:00,46.2,46.35,47.8,46.1
629,2022-07-20 00:00:00,46.65,46.6,47.65,46.25
630,2022-08-05 00:00:00,47.9,49.5,49.5,47.5
631,2022-09-23 00:00:00,48.85,49.65,50.2,48.55
632,2022-09-27 00:00:00,48.5,46.6,49.9,45.8
633,2022-10-12 00:00:00,49.85,50.4,50.7,49.2
634,2022-12-12 00:00:00,63.8,60.8,64.7,59.3
635,2022-12-30 00:00:00,77.6,78.8,79.4,76.45
636,2023-01-09 00:00:00,70.9,72.8,73.9,70.45
637,2023-01-16 00:00:00,66.45,69.4,69.95,65.7
638,2023-02-01 00:00:00,60.8,64.4,65.95,60.15
639,2023-02-20 00:00:00,59.0,59.0,59.9,57.6
640,2023-02-23 00:00:00,55.9,56.5,57.15,55.55
641,2023-03-28 00:00:00,54.45,56.05,57.2,53.2
642,2023-05-05 00:00:00,75.15,78.6,79.85,74.2
643,2023-05-12 00:00:00,72.15,73.65,73.9,71.7
644,2023-05-26 00:00:00,68.2,67.7,69.85,67.7
645,2023-06-07 00:00:00,74.5,73.1,75.2,72.6
646,2023-07-04 00:00:00,72.45,73.0,73.55,71.85
647,2023-07-10 00:00:00,82.0,77.7,85.5,77.55
648,2023-07-26 00:00:00,81.8,81.6,83.95,80.8
649,2023-08-01 00:00:00,80.0,78.95,81.9,78.55
