,time,close,open,high,low
0,2021-01-06 00:00:00,7.06398,0.0,7.06398,6.972239999999999
1,2021-03-02 00:00:00,5.4585300000000005,5.412660000000001,5.550269999999999,5.36679
2,2021-01-04 00:00:00,6.4218,0.0,6.4218,6.4218
3,2021-03-01 00:00:00,5.412660000000001,5.4585300000000005,5.550269999999999,5.32092
4,2021-03-19 00:00:00,4.90809,4.86222,5.0457,4.67874
5,2021-04-30 00:00:00,4.403519999999999,4.22004,4.63287,4.1283
6,2021-05-28 00:00:00,5.22918,5.32092,5.36679,5.1833100000000005
7,2021-06-01 00:00:00,5.412660000000001,5.27505,5.550269999999999,5.1833100000000005
8,2021-06-03 00:00:00,6.46767,6.10071,6.46767,5.91723
9,2021-06-04 00:00:00,6.74289,6.6052800000000005,6.972239999999999,6.46767
10,2021-07-01 00:00:00,7.706160000000001,7.706160000000001,7.706160000000001,7.706160000000001
11,2021-07-16 00:00:00,7.29333,7.43094,7.47681,7.24746
12,2021-07-28 00:00:00,6.10071,6.19245,6.23832,6.10071
13,2021-08-31 00:00:00,5.550269999999999,5.68788,5.73375,5.4585300000000005
14,2021-10-06 00:00:00,6.28419,6.83463,6.83463,6.23832
15,2021-10-11 00:00:00,7.01811,6.83463,7.01811,6.83463
16,2021-10-14 00:00:00,6.46767,6.559410000000001,6.65115,6.4218
17,2021-10-18 00:00:00,6.78876,6.559410000000001,6.78876,6.51354
18,2021-12-01 00:00:00,6.559410000000001,6.4218,6.559410000000001,6.3300600000000005
19,2021-12-08 00:00:00,6.559410000000001,6.46767,6.74289,6.46767
20,2021-12-17 00:00:00,6.23832,6.51354,6.51354,6.14658
21,2021-12-22 00:00:00,7.15572,7.15572,7.15572,7.15572
22,2022-01-20 00:00:00,11.14641,10.50423,11.14641,10.45836
23,2022-02-16 00:00:00,9.31161,8.99052,9.31161,8.99052
24,2022-03-14 00:00:00,8.94465,9.174,9.21987,8.94465
25,2022-03-22 00:00:00,8.7153,8.85291,8.898779999999999,8.669429999999998
26,2022-05-04 00:00:00,8.99052,9.26574,9.49509,8.807039999999999
27,2022-05-13 00:00:00,8.073120000000001,8.02725,8.44008,7.98138
28,2022-05-30 00:00:00,7.29333,7.15572,7.752029999999999,7.10985
29,2022-07-01 00:00:00,6.19245,6.19245,6.37593,6.14658
30,2022-07-08 00:00:00,6.10071,6.14658,6.28419,6.00897
31,2022-08-19 00:00:00,7.06398,7.06398,7.15572,6.972239999999999
32,2022-09-02 00:00:00,8.8,8.95,9.2,8.75
33,2022-09-22 00:00:00,9.6,8.5,9.85,8.5
34,2022-09-30 00:00:00,8.7,8.5,8.85,8.45
35,2022-10-20 00:00:00,8.9,9.3,9.6,8.1
36,2022-11-03 00:00:00,8.05,8.0,8.2,7.95
37,2022-11-14 00:00:00,8.25,8.3,8.35,8.2
38,2022-12-20 00:00:00,11.5,11.75,12.15,11.2
39,2023-01-19 00:00:00,9.65,9.8,9.8,9.6
40,2023-02-01 00:00:00,9.2,10.1,10.2,8.9
41,2023-02-03 00:00:00,9.05,9.2,9.3,8.7
42,2023-02-16 00:00:00,8.9,9.05,9.05,8.85
43,2023-03-13 00:00:00,8.1,8.4,8.5,8.0
44,2023-03-24 00:00:00,7.55,7.75,7.8,7.5
45,2023-05-10 00:00:00,8.35,8.4,8.45,8.2
46,2023-06-01 00:00:00,11.15,11.85,12.0,11.05
47,2023-06-09 00:00:00,14.0,13.5,14.2,13.3
48,2023-06-16 00:00:00,14.75,14.55,15.15,14.55
49,2023-08-17 00:00:00,19.7,19.85,20.0,19.4
50,2021-01-12 00:00:00,6.37593,0.0,6.37593,6.37593
51,2021-01-21 00:00:00,6.10071,0.0,6.28419,5.73375
52,2021-01-28 00:00:00,5.5044,0.0,5.68788,5.32092
53,2021-02-05 00:00:00,6.00897,6.28419,6.28419,5.87136
54,2021-03-08 00:00:00,5.1833100000000005,5.13744,5.32092,5.13744
55,2021-03-16 00:00:00,5.22918,5.13744,5.27505,5.13744
56,2021-05-03 00:00:00,4.72461,4.35765,4.77048,4.31178
57,2021-06-02 00:00:00,5.91723,5.550269999999999,5.91723,5.412660000000001
58,2021-06-15 00:00:00,6.6052800000000005,6.51354,6.78876,6.46767
59,2021-07-19 00:00:00,7.06398,7.15572,7.29333,7.01811
60,2021-07-20 00:00:00,6.78876,7.10985,7.15572,6.74289
61,2021-08-10 00:00:00,5.91723,6.14658,6.19245,5.825489999999999
62,2021-08-17 00:00:00,5.825489999999999,5.9631,6.00897,5.825489999999999
63,2021-10-08 00:00:00,6.69702,6.6052800000000005,6.74289,6.559410000000001
64,2021-10-22 00:00:00,6.46767,6.6052800000000005,6.65115,6.4218
65,2021-11-01 00:00:00,6.46767,6.3300600000000005,6.46767,6.28419
66,2021-11-26 00:00:00,6.28419,6.46767,6.46767,6.23832
67,2021-12-23 00:00:00,7.10985,7.47681,7.47681,7.06398
68,2021-12-27 00:00:00,7.7979,7.706160000000001,7.7979,7.614420000000001
69,2022-02-04 00:00:00,10.64184,10.87119,10.96293,10.59597
70,2022-02-10 00:00:00,9.67857,9.77031,10.0914,9.44922
71,2022-02-11 00:00:00,9.49509,9.58683,9.81618,9.44922
72,2022-02-15 00:00:00,8.898779999999999,8.807039999999999,8.99052,8.62356
73,2022-03-02 00:00:00,8.94465,8.53182,9.03639,8.394210000000001
74,2022-03-11 00:00:00,9.12813,9.26574,9.44922,9.08226
75,2022-03-17 00:00:00,8.94465,9.26574,9.31161,8.76117
76,2022-04-06 00:00:00,9.95379,9.95379,9.95379,9.95379
77,2022-04-11 00:00:00,10.18314,11.05467,11.192279999999998,10.04553
78,2022-04-20 00:00:00,9.86205,9.72444,10.18314,9.67857
79,2022-04-27 00:00:00,9.44922,9.67857,9.77031,9.21987
80,2022-05-02 00:00:00,9.174,8.94465,9.31161,8.898779999999999
81,2022-06-02 00:00:00,8.99052,8.57769,9.40335,8.53182
82,2022-06-20 00:00:00,6.51354,7.15572,7.24746,6.4218
83,2022-08-12 00:00:00,6.92637,7.15572,7.20159,6.83463
84,2022-08-17 00:00:00,6.972239999999999,7.10985,7.15572,6.92637
85,2022-09-06 00:00:00,10.7,11.4,11.7,9.75
86,2022-10-03 00:00:00,7.9,7.6,8.25,7.5
87,2022-10-31 00:00:00,7.95,8.05,8.05,7.7
88,2022-11-07 00:00:00,8.15,8.2,8.45,8.05
89,2022-11-16 00:00:00,8.1,8.2,8.25,8.0
90,2022-12-16 00:00:00,10.75,11.0,11.2,10.4
91,2022-12-28 00:00:00,10.05,10.2,10.35,9.9
92,2022-12-30 00:00:00,10.6,10.25,11.0,10.15
93,2023-01-23 00:00:00,9.75,10.05,10.1,9.7
94,2023-02-10 00:00:00,9.15,9.3,9.65,9.05
95,2023-02-13 00:00:00,9.05,9.2,9.25,8.95
96,2023-02-21 00:00:00,8.4,8.6,8.65,8.35
97,2023-02-23 00:00:00,8.15,8.3,8.35,8.05
98,2023-03-08 00:00:00,8.6,8.55,8.7,8.45
99,2023-04-19 00:00:00,8.0,8.0,8.15,7.95
100,2023-05-09 00:00:00,8.4,8.6,8.8,8.3
101,2023-05-18 00:00:00,8.5,8.85,9.0,8.4
102,2023-06-08 00:00:00,13.35,14.2,14.2,13.2
103,2023-07-06 00:00:00,17.65,16.8,17.95,16.65
104,2023-07-27 00:00:00,17.85,17.65,18.4,17.45
105,2023-08-02 00:00:00,18.5,19.35,19.35,18.35
106,2021-01-11 00:00:00,6.69702,0.0,6.69702,6.69702
107,2021-01-22 00:00:00,5.825489999999999,0.0,6.05484,5.825489999999999
108,2021-01-29 00:00:00,5.77962,0.0,5.77962,5.64201
109,2021-04-20 00:00:00,4.17417,4.1283,4.35765,4.1283
110,2021-05-11 00:00:00,5.64201,5.1833100000000005,5.64201,5.0457
111,2021-05-31 00:00:00,5.22918,5.22918,5.32092,5.1833100000000005
112,2021-06-22 00:00:00,7.522679999999999,7.522679999999999,7.522679999999999,7.3392
113,2021-06-29 00:00:00,7.01811,7.3392,7.3392,6.972239999999999
114,2021-07-08 00:00:00,7.843770000000001,7.522679999999999,8.02725,7.522679999999999
115,2021-07-15 00:00:00,7.522679999999999,7.29333,7.56855,7.20159
116,2021-08-13 00:00:00,5.9631,6.10071,6.10071,5.77962
117,2021-08-18 00:00:00,5.550269999999999,5.825489999999999,5.87136,5.550269999999999
118,2021-09-24 00:00:00,5.77962,5.87136,5.91723,5.77962
119,2021-09-27 00:00:00,5.77962,5.825489999999999,5.87136,5.73375
120,2021-10-04 00:00:00,6.23832,6.00897,6.23832,5.9631
121,2021-11-04 00:00:00,6.51354,6.46767,6.559410000000001,6.4218
122,2022-02-02 00:00:00,10.91706,11.4675,11.4675,10.82532
123,2022-02-03 00:00:00,10.82532,10.77945,11.14641,10.5501
124,2022-03-09 00:00:00,9.12813,8.99052,9.26574,8.94465
125,2022-03-21 00:00:00,8.807039999999999,9.03639,9.03639,8.7153
126,2022-03-25 00:00:00,8.57769,8.57769,8.898779999999999,8.53182
127,2022-05-17 00:00:00,8.7153,8.302470000000001,8.898779999999999,8.2566
128,2022-07-06 00:00:00,6.05484,6.14658,6.19245,6.00897
129,2022-08-10 00:00:00,6.78876,7.20159,7.29333,6.74289
130,2022-09-08 00:00:00,10.15,10.65,10.8,10.0
131,2022-09-28 00:00:00,8.1,8.2,8.35,7.95
132,2022-09-29 00:00:00,8.45,8.35,8.6,8.25
133,2022-10-18 00:00:00,7.75,7.65,7.9,7.55
134,2022-11-22 00:00:00,8.0,8.1,8.1,7.95
135,2022-11-30 00:00:00,9.25,8.8,9.35,8.75
136,2022-12-08 00:00:00,9.8,9.9,10.0,9.7
137,2022-12-12 00:00:00,10.25,9.3,10.35,9.25
138,2023-02-28 00:00:00,8.2,8.15,8.3,8.05
139,2023-03-27 00:00:00,7.2,7.6,7.6,7.15
140,2023-04-27 00:00:00,8.2,8.2,8.25,8.1
141,2023-05-11 00:00:00,8.35,8.4,8.5,8.3
142,2023-07-18 00:00:00,17.9,18.3,18.3,17.8
143,2021-04-09 00:00:00,4.67874,4.587,4.72461,4.54113
144,2021-04-23 00:00:00,4.1283,4.17417,4.22004,4.08243
145,2021-04-26 00:00:00,4.31178,4.1283,4.31178,4.1283
146,2021-05-17 00:00:00,5.09157,5.22918,5.27505,5.0457
147,2021-05-25 00:00:00,4.95396,5.0457,5.0457,4.95396
148,2021-05-26 00:00:00,5.412660000000001,4.95396,5.412660000000001,4.90809
149,2021-06-07 00:00:00,6.65115,6.92637,6.92637,6.4218
150,2021-06-14 00:00:00,6.46767,6.559410000000001,6.6052800000000005,6.19245
151,2021-06-24 00:00:00,6.83463,7.01811,7.06398,6.83463
152,2021-07-13 00:00:00,7.3392,7.66029,7.706160000000001,7.24746
153,2021-09-14 00:00:00,5.9631,5.77962,6.00897,5.73375
154,2021-09-30 00:00:00,5.91723,6.00897,6.14658,5.87136
155,2021-10-27 00:00:00,6.37593,6.51354,6.51354,6.37593
156,2021-12-16 00:00:00,6.46767,6.69702,6.74289,6.37593
157,2022-04-01 00:00:00,8.669429999999998,8.44008,8.807039999999999,8.394210000000001
158,2022-05-16 00:00:00,8.21073,8.2566,8.34834,8.073120000000001
159,2022-05-25 00:00:00,7.98138,8.394210000000001,8.44008,7.93551
160,2022-06-08 00:00:00,7.47681,7.385070000000001,7.66029,7.29333
161,2022-08-23 00:00:00,8.21073,7.98138,8.53182,7.88964
162,2022-08-29 00:00:00,8.05,7.9,8.4,7.7
163,2022-11-04 00:00:00,8.15,8.1,8.25,8.05
164,2022-12-09 00:00:00,9.3,9.85,9.9,9.25
165,2023-01-11 00:00:00,10.1,10.15,10.3,10.05
166,2023-02-02 00:00:00,9.2,9.15,9.6,9.05
167,2023-03-09 00:00:00,8.7,8.7,8.95,8.65
168,2023-03-17 00:00:00,8.0,7.95,8.15,7.9
169,2023-03-31 00:00:00,7.9,8.05,8.25,7.85
170,2023-04-05 00:00:00,8.1,8.15,8.3,8.0
171,2023-04-18 00:00:00,8.05,8.15,8.2,8.0
172,2023-04-28 00:00:00,8.3,8.25,8.45,8.15
173,2023-05-03 00:00:00,8.1,8.1,8.3,8.0
174,2023-05-23 00:00:00,9.45,9.45,9.65,9.15
175,2023-05-24 00:00:00,10.05,9.55,10.2,9.55
176,2023-06-20 00:00:00,14.25,14.65,14.7,13.65
177,2023-07-28 00:00:00,18.05,17.8,18.25,17.7
178,2023-07-31 00:00:00,18.95,18.2,18.95,18.05
179,2021-05-04 00:00:00,4.63287,4.77048,4.86222,4.587
180,2021-05-14 00:00:00,5.1833100000000005,5.32092,5.412660000000001,5.09157
181,2021-05-19 00:00:00,5.13744,5.09157,5.22918,5.0457
182,2021-07-02 00:00:00,8.073120000000001,8.073120000000001,8.073120000000001,8.073120000000001
183,2021-08-09 00:00:00,6.10071,6.4218,6.4218,6.05484
184,2021-09-07 00:00:00,5.550269999999999,5.64201,5.64201,5.4585300000000005
185,2021-10-12 00:00:00,6.74289,7.24746,7.29333,6.69702
186,2021-12-09 00:00:00,6.8805,6.6052800000000005,6.8805,6.51354
187,2021-12-15 00:00:00,6.69702,6.65115,6.83463,6.6052800000000005
188,2021-12-21 00:00:00,6.83463,6.69702,6.83463,6.69702
189,2022-01-21 00:00:00,10.68771,11.28402,11.55924,10.59597
190,2022-02-01 00:00:00,11.28402,11.4675,11.4675,10.59597
191,2022-02-28 00:00:00,8.62356,8.44008,8.669429999999998,7.93551
192,2022-03-31 00:00:00,8.394210000000001,8.62356,8.669429999999998,8.34834
193,2022-05-18 00:00:00,8.57769,8.807039999999999,8.85291,8.48595
194,2022-05-26 00:00:00,7.20159,7.385070000000001,7.522679999999999,7.20159
195,2022-06-07 00:00:00,7.43094,7.29333,7.614420000000001,7.29333
196,2022-07-21 00:00:00,6.10071,6.10071,6.23832,6.00897
197,2022-07-29 00:00:00,6.05484,5.64201,6.14658,5.596139999999999
198,2022-08-04 00:00:00,6.51354,6.51354,6.74289,6.37593
199,2022-08-05 00:00:00,6.83463,6.65115,7.01811,6.6052800000000005
200,2022-08-25 00:00:00,8.45,8.75,8.9,8.4
201,2022-08-26 00:00:00,8.2,8.55,8.65,8.1
202,2022-10-19 00:00:00,9.25,7.85,9.3,7.8
203,2022-11-25 00:00:00,8.45,7.9,8.6,7.85
204,2022-12-02 00:00:00,9.45,9.1,9.5,8.85
205,2023-01-24 00:00:00,9.65,9.75,9.85,9.6
206,2023-01-31 00:00:00,9.8,9.0,9.95,8.9
207,2023-02-14 00:00:00,8.8,9.05,9.15,8.75
208,2023-02-15 00:00:00,9.0,8.85,9.05,8.8
209,2023-03-20 00:00:00,7.75,8.0,8.0,7.7
210,2023-05-19 00:00:00,8.5,8.6,8.65,8.35
211,2023-06-21 00:00:00,14.0,14.3,14.55,13.85
212,2023-06-28 00:00:00,14.75,14.2,15.0,14.2
213,2023-07-05 00:00:00,17.4,17.95,18.15,17.4
214,2023-07-10 00:00:00,17.35,18.05,18.1,17.2
215,2023-07-13 00:00:00,17.55,18.15,18.35,17.45
216,2023-08-01 00:00:00,19.3,19.55,19.85,19.1
217,2023-08-16 00:00:00,20.25,20.05,20.5,20.05
218,2023-08-22 00:00:00,20.85,19.95,20.85,19.95
219,2021-02-03 00:00:00,6.19245,6.4218,6.4218,6.14658
220,2021-02-25 00:00:00,5.27505,5.27505,5.27505,5.0457
221,2021-04-19 00:00:00,4.08243,4.22004,4.26591,4.036560000000001
222,2021-04-29 00:00:00,4.22004,4.35765,4.403519999999999,4.22004
223,2021-06-16 00:00:00,6.51354,6.69702,6.78876,6.4218
224,2021-06-28 00:00:00,7.20159,7.24746,7.43094,6.972239999999999
225,2021-07-14 00:00:00,7.24746,7.29333,7.522679999999999,7.15572
226,2021-08-03 00:00:00,6.3300600000000005,6.19245,6.3300600000000005,6.14658
227,2021-11-08 00:00:00,6.6052800000000005,6.559410000000001,6.78876,6.51354
228,2021-11-11 00:00:00,6.51354,6.46767,6.51354,6.4218
229,2022-01-05 00:00:00,8.898779999999999,9.08226,9.12813,8.898779999999999
230,2022-03-04 00:00:00,9.31161,9.12813,9.49509,9.03639
231,2022-04-28 00:00:00,9.21987,9.58683,9.58683,9.03639
232,2022-05-27 00:00:00,7.06398,7.20159,7.29333,6.92637
233,2022-06-29 00:00:00,6.37593,6.37593,6.559410000000001,6.3300600000000005
234,2022-07-12 00:00:00,6.19245,6.14658,6.3300600000000005,6.10071
235,2022-07-27 00:00:00,5.68788,5.73375,5.825489999999999,5.68788
236,2022-08-01 00:00:00,6.3300600000000005,6.19245,6.4218,6.00897
237,2022-09-20 00:00:00,8.65,8.8,8.9,8.6
238,2022-12-21 00:00:00,10.2,11.65,11.8,9.9
239,2022-12-23 00:00:00,9.0,9.75,9.8,8.9
240,2023-01-10 00:00:00,10.05,10.25,10.25,9.95
241,2023-01-12 00:00:00,10.0,10.15,10.2,9.9
242,2023-01-18 00:00:00,9.8,9.95,10.0,9.75
243,2023-04-24 00:00:00,7.95,8.0,8.1,7.9
244,2023-05-08 00:00:00,8.55,8.7,8.8,8.45
245,2023-05-12 00:00:00,8.25,8.4,8.4,8.2
246,2023-05-22 00:00:00,9.25,8.6,9.6,8.5
247,2023-05-25 00:00:00,9.8,10.2,10.3,9.7
248,2023-06-26 00:00:00,14.0,13.95,14.25,13.65
249,2023-07-21 00:00:00,19.6,19.25,19.6,19.1
250,2021-04-01 00:00:00,4.67874,4.587,4.81635,4.449389999999999
251,2021-04-06 00:00:00,4.67874,4.54113,4.72461,4.54113
252,2021-04-27 00:00:00,4.35765,4.31178,4.449389999999999,4.31178
253,2021-05-07 00:00:00,4.67874,4.63287,4.72461,4.587
254,2021-06-10 00:00:00,6.69702,6.51354,6.78876,6.46767
255,2021-06-18 00:00:00,6.8805,6.6052800000000005,6.8805,6.28419
256,2021-08-11 00:00:00,5.73375,5.91723,5.9631,5.64201
257,2021-08-26 00:00:00,5.5044,5.596139999999999,5.64201,5.4585300000000005
258,2021-09-16 00:00:00,5.9631,6.05484,6.10071,5.87136
259,2021-09-28 00:00:00,5.68788,5.77962,5.825489999999999,5.596139999999999
260,2021-11-17 00:00:00,6.37593,6.37593,6.46767,6.37593
261,2021-11-23 00:00:00,6.3300600000000005,6.28419,6.37593,6.19245
262,2021-12-06 00:00:00,6.4218,6.4218,6.6052800000000005,6.37593
263,2022-01-18 00:00:00,11.192279999999998,11.74272,12.01794,11.192279999999998
264,2022-01-19 00:00:00,10.64184,10.87119,10.96293,10.64184
265,2022-02-23 00:00:00,8.7153,8.34834,8.85291,8.34834
266,2022-02-25 00:00:00,8.2566,8.11899,8.53182,8.11899
267,2022-03-29 00:00:00,8.48595,8.34834,8.76117,8.21073
268,2022-04-04 00:00:00,9.08226,8.898779999999999,9.08226,8.85291
269,2022-04-12 00:00:00,10.41249,10.0914,10.64184,9.77031
270,2022-05-11 00:00:00,8.44008,8.807039999999999,8.898779999999999,8.302470000000001
271,2022-06-06 00:00:00,7.56855,8.2566,8.394210000000001,7.522679999999999
272,2022-06-09 00:00:00,8.164860000000001,7.43094,8.21073,7.43094
273,2022-06-10 00:00:00,7.88964,7.93551,8.11899,7.66029
274,2022-06-15 00:00:00,7.43094,7.706160000000001,7.752029999999999,7.385070000000001
275,2022-07-26 00:00:00,5.73375,5.91723,5.91723,5.73375
276,2022-07-28 00:00:00,5.596139999999999,5.73375,5.825489999999999,5.412660000000001
277,2022-08-16 00:00:00,7.06398,7.01811,7.06398,6.92637
278,2022-09-07 00:00:00,10.45,10.6,11.15,10.4
279,2022-09-15 00:00:00,9.15,9.25,9.4,9.0
280,2022-09-16 00:00:00,9.05,9.2,9.25,8.85
281,2022-09-23 00:00:00,9.1,9.75,9.9,9.0
282,2022-10-25 00:00:00,8.4,8.8,8.8,8.35
283,2022-11-09 00:00:00,8.25,8.3,8.35,8.15
284,2022-11-23 00:00:00,7.9,8.05,8.1,7.8
285,2022-12-29 00:00:00,10.15,10.0,10.25,9.8
286,2023-03-06 00:00:00,8.6,8.55,8.9,8.5
287,2023-04-17 00:00:00,8.15,8.0,8.2,7.95
288,2023-06-13 00:00:00,15.1,15.4,15.75,14.75
289,2023-08-03 00:00:00,17.95,18.45,18.45,17.7
290,2021-01-01 00:00:00,6.14658,0.0,6.14658,6.14658
291,2021-02-26 00:00:00,5.32092,5.27505,5.412660000000001,5.0457
292,2021-03-10 00:00:00,5.1833100000000005,5.13744,5.27505,5.13744
293,2021-03-15 00:00:00,5.13744,5.13744,5.22918,5.09157
294,2021-05-20 00:00:00,5.0457,5.1833100000000005,5.1833100000000005,5.0457
295,2021-08-04 00:00:00,6.19245,6.6052800000000005,6.6052800000000005,6.05484
296,2021-08-30 00:00:00,5.68788,5.5044,5.77962,5.5044
297,2021-10-07 00:00:00,6.51354,6.3300600000000005,6.559410000000001,6.28419
298,2021-10-13 00:00:00,6.51354,6.78876,6.8805,6.4218
299,2021-10-20 00:00:00,6.4218,6.559410000000001,6.6052800000000005,6.28419
300,2021-11-30 00:00:00,6.28419,6.10071,6.3300600000000005,6.05484
301,2021-12-29 00:00:00,8.53182,8.53182,8.53182,8.073120000000001
302,2022-01-04 00:00:00,9.35748,9.99966,10.27488,9.35748
303,2022-01-06 00:00:00,9.31161,8.62356,9.31161,8.53182
304,2022-03-23 00:00:00,8.669429999999998,8.807039999999999,8.85291,8.62356
305,2022-05-06 00:00:00,8.94465,8.807039999999999,9.12813,8.57769
306,2022-09-12 00:00:00,9.85,9.7,10.0,9.6
307,2022-09-14 00:00:00,9.15,9.25,9.45,9.1
308,2022-10-12 00:00:00,6.95,7.25,7.4,6.9
309,2022-11-17 00:00:00,8.0,8.15,8.15,7.9
310,2022-12-27 00:00:00,10.2,10.15,10.4,9.9
311,2023-01-25 00:00:00,9.5,9.65,9.75,9.4
312,2023-02-17 00:00:00,8.9,8.9,9.15,8.85
313,2023-02-27 00:00:00,8.1,8.4,8.4,8.05
314,2023-03-10 00:00:00,8.4,8.6,8.65,8.35
315,2023-07-17 00:00:00,18.2,18.25,18.45,18.1
316,2023-07-19 00:00:00,17.85,18.0,18.1,17.8
317,2023-07-25 00:00:00,19.0,20.25,20.8,19.0
318,2023-08-09 00:00:00,19.5,18.95,19.5,18.9
319,2023-08-11 00:00:00,20.2,20.75,21.25,19.8
320,2023-08-18 00:00:00,19.8,19.8,20.05,19.5
321,2021-01-14 00:00:00,5.825489999999999,0.0,5.825489999999999,5.825489999999999
322,2021-02-02 00:00:00,6.3300600000000005,6.3300600000000005,6.3300600000000005,5.87136
323,2021-02-23 00:00:00,4.81635,4.63287,4.81635,4.54113
324,2021-04-28 00:00:00,4.31178,4.403519999999999,4.403519999999999,4.31178
325,2021-07-29 00:00:00,5.825489999999999,5.9631,6.00897,5.825489999999999
326,2021-09-15 00:00:00,6.00897,6.00897,6.19245,5.9631
327,2021-09-29 00:00:00,5.91723,5.68788,5.9631,5.596139999999999
328,2021-10-29 00:00:00,6.19245,6.23832,6.28419,6.00897
329,2021-11-10 00:00:00,6.4218,6.51354,6.51354,6.37593
330,2021-11-18 00:00:00,6.3300600000000005,6.4218,6.559410000000001,6.23832
331,2021-12-10 00:00:00,7.20159,7.06398,7.20159,7.01811
332,2022-02-07 00:00:00,10.18314,10.68771,10.82532,10.13727
333,2022-02-09 00:00:00,9.72444,9.72444,9.95379,9.31161
334,2022-02-24 00:00:00,8.302470000000001,8.302470000000001,8.34834,8.302470000000001
335,2022-04-22 00:00:00,10.0914,10.0914,10.50423,10.04553
336,2022-04-26 00:00:00,9.81618,9.95379,9.99966,9.72444
337,2022-05-23 00:00:00,8.302470000000001,8.48595,8.53182,8.2566
338,2022-06-17 00:00:00,7.06398,7.01811,7.3392,6.92637
339,2022-07-15 00:00:00,5.825489999999999,5.825489999999999,5.9631,5.68788
340,2022-07-18 00:00:00,5.825489999999999,5.87136,5.91723,5.73375
341,2022-08-30 00:00:00,8.2,8.15,8.35,8.1
342,2022-09-13 00:00:00,9.55,9.9,9.95,9.5
343,2022-10-04 00:00:00,7.9,8.2,8.25,7.8
344,2022-10-24 00:00:00,8.8,8.85,9.0,8.55
345,2022-10-28 00:00:00,8.1,8.2,8.25,8.0
346,2022-11-10 00:00:00,8.3,8.25,8.4,8.15
347,2022-11-21 00:00:00,8.05,8.1,8.15,8.0
348,2022-12-01 00:00:00,9.05,9.4,9.5,9.0
349,2023-02-09 00:00:00,9.2,9.0,9.35,8.95
350,2023-03-01 00:00:00,8.4,8.25,8.6,8.2
351,2023-03-21 00:00:00,7.8,7.85,7.9,7.75
352,2023-03-23 00:00:00,7.75,7.8,7.9,7.7
353,2023-04-06 00:00:00,8.15,8.15,8.3,8.05
354,2023-04-25 00:00:00,8.15,7.95,8.3,7.9
355,2023-05-30 00:00:00,10.65,10.35,10.75,10.2
356,2023-06-12 00:00:00,15.3,14.15,15.4,14.1
357,2023-06-15 00:00:00,14.45,14.4,14.6,14.0
358,2023-07-04 00:00:00,18.3,17.45,18.45,17.15
359,2023-07-24 00:00:00,20.0,20.55,20.55,19.2
360,2021-02-10 00:00:00,5.596139999999999,5.68788,5.73375,5.5044
361,2021-02-11 00:00:00,5.73375,5.596139999999999,5.77962,5.596139999999999
362,2021-03-12 00:00:00,5.09157,5.22918,5.27505,5.0457
363,2021-03-17 00:00:00,5.0457,5.22918,5.27505,4.99983
364,2021-05-24 00:00:00,4.99983,4.99983,5.0457,4.90809
365,2021-06-08 00:00:00,6.3300600000000005,6.74289,6.74289,6.3300600000000005
366,2021-06-21 00:00:00,7.20159,6.69702,7.20159,6.6052800000000005
367,2021-06-23 00:00:00,7.15572,7.706160000000001,7.7979,7.15572
368,2021-08-02 00:00:00,6.05484,5.77962,6.05484,5.73375
369,2021-09-22 00:00:00,5.87136,5.91723,6.00897,5.87136
370,2021-10-05 00:00:00,6.51354,6.51354,6.51354,6.37593
371,2021-10-19 00:00:00,6.559410000000001,6.972239999999999,6.972239999999999,6.51354
372,2021-11-02 00:00:00,6.4218,6.4218,6.559410000000001,6.3300600000000005
373,2021-11-09 00:00:00,6.51354,6.65115,6.65115,6.46767
374,2021-11-29 00:00:00,6.05484,6.28419,6.3300600000000005,6.00897
375,2021-12-20 00:00:00,6.51354,6.23832,6.51354,6.05484
376,2021-12-28 00:00:00,8.164860000000001,8.164860000000001,8.164860000000001,8.164860000000001
377,2022-01-11 00:00:00,10.73358,10.73358,10.73358,9.90792
378,2022-03-15 00:00:00,8.99052,9.03639,9.35748,8.85291
379,2022-04-18 00:00:00,10.0914,10.18314,10.5501,9.90792
380,2022-05-10 00:00:00,8.7153,8.807039999999999,9.08226,8.7153
381,2022-06-16 00:00:00,7.10985,7.66029,7.66029,7.06398
382,2022-10-17 00:00:00,7.45,6.8,7.6,6.75
383,2022-11-11 00:00:00,8.2,8.5,8.55,8.2
384,2022-11-28 00:00:00,8.8,8.6,9.0,8.5
385,2023-02-20 00:00:00,8.55,8.9,9.1,8.45
386,2023-02-24 00:00:00,8.4,8.2,8.55,8.15
387,2023-03-15 00:00:00,7.95,7.8,8.15,7.75
388,2023-03-22 00:00:00,7.8,7.85,7.95,7.8
389,2023-03-28 00:00:00,7.05,7.25,7.35,6.95
390,2023-04-20 00:00:00,7.95,8.05,8.1,7.95
391,2023-05-04 00:00:00,8.6,8.2,8.7,8.2
392,2023-05-29 00:00:00,10.35,10.15,10.45,10.1
393,2021-01-05 00:00:00,6.74289,0.0,6.74289,6.10071
394,2021-01-08 00:00:00,7.01811,0.0,7.752029999999999,7.01811
395,2021-02-08 00:00:00,6.00897,6.10071,6.28419,5.9631
396,2021-02-15 00:00:00,5.36679,5.550269999999999,5.64201,5.32092
397,2021-02-19 00:00:00,4.77048,4.86222,4.86222,4.72461
398,2021-03-04 00:00:00,5.22918,5.13744,5.32092,5.09157
399,2021-03-18 00:00:00,4.90809,5.13744,5.13744,4.86222
400,2021-03-24 00:00:00,5.1833100000000005,4.95396,5.22918,4.86222
401,2021-03-26 00:00:00,5.0457,4.99983,5.13744,4.86222
402,2021-05-18 00:00:00,5.09157,5.13744,5.1833100000000005,5.0457
403,2021-07-07 00:00:00,7.66029,7.66029,7.7979,7.66029
404,2021-07-30 00:00:00,5.77962,5.64201,6.00897,5.550269999999999
405,2021-08-05 00:00:00,6.37593,6.28419,6.46767,5.91723
406,2021-08-06 00:00:00,6.23832,6.4218,6.4218,6.14658
407,2021-09-21 00:00:00,5.87136,5.9631,6.05484,5.73375
408,2021-10-25 00:00:00,6.3300600000000005,6.51354,6.559410000000001,6.14658
409,2021-12-02 00:00:00,6.46767,6.78876,6.78876,6.4218
410,2021-12-24 00:00:00,7.43094,7.20159,7.43094,6.83463
411,2022-01-03 00:00:00,9.81618,9.81618,9.81618,9.6327
412,2022-01-07 00:00:00,9.77031,9.77031,9.77031,9.58683
413,2022-01-25 00:00:00,10.0914,9.77031,10.22901,9.67857
414,2022-02-22 00:00:00,8.44008,8.44008,8.53182,8.44008
415,2022-03-07 00:00:00,8.85291,8.99052,9.03639,8.85291
416,2022-03-16 00:00:00,9.174,9.26574,9.31161,9.08226
417,2022-03-24 00:00:00,8.53182,8.62356,8.76117,8.48595
418,2022-04-19 00:00:00,9.77031,10.22901,10.68771,9.54096
419,2022-06-22 00:00:00,6.559410000000001,6.78876,6.78876,6.46767
420,2022-06-27 00:00:00,6.559410000000001,6.78876,6.78876,6.559410000000001
421,2022-07-04 00:00:00,6.10071,6.23832,6.3300600000000005,6.05484
422,2022-07-05 00:00:00,6.10071,6.14658,6.3300600000000005,6.05484
423,2022-07-19 00:00:00,6.00897,5.825489999999999,6.14658,5.77962
424,2022-09-09 00:00:00,9.6,10.25,10.3,9.55
425,2022-09-19 00:00:00,8.85,9.15,9.2,8.7
426,2022-11-18 00:00:00,8.1,8.05,8.15,8.0
427,2022-11-24 00:00:00,7.9,7.95,8.0,7.85
428,2022-12-14 00:00:00,10.9,10.2,11.0,10.1
429,2022-12-19 00:00:00,11.65,10.85,11.9,10.85
430,2023-01-03 00:00:00,10.75,10.75,11.0,10.6
431,2023-01-05 00:00:00,10.25,10.55,10.6,10.05
432,2023-02-06 00:00:00,9.05,9.05,9.25,9.0
433,2023-02-22 00:00:00,8.3,8.4,8.5,8.2
434,2023-03-02 00:00:00,8.25,8.4,8.45,8.2
435,2023-03-14 00:00:00,7.95,8.15,8.2,7.7
436,2023-04-10 00:00:00,8.05,8.2,8.2,8.0
437,2023-04-13 00:00:00,8.05,8.15,8.25,8.0
438,2023-05-17 00:00:00,8.65,8.25,8.8,8.2
439,2023-06-02 00:00:00,11.0,11.25,11.4,10.85
440,2023-06-27 00:00:00,14.1,14.05,14.4,14.0
441,2021-01-13 00:00:00,6.10071,0.0,6.10071,6.10071
442,2021-01-15 00:00:00,6.10071,0.0,6.10071,5.64201
443,2021-03-05 00:00:00,5.09157,5.22918,5.27505,5.0457
444,2021-03-23 00:00:00,5.09157,5.22918,5.22918,4.95396
445,2021-05-06 00:00:00,4.587,4.67874,4.67874,4.54113
446,2021-05-21 00:00:00,4.99983,5.09157,5.09157,4.95396
447,2021-06-09 00:00:00,6.51354,6.37593,6.6052800000000005,6.14658
448,2021-07-05 00:00:00,8.44008,8.44008,8.44008,8.44008
449,2021-09-01 00:00:00,5.550269999999999,5.596139999999999,5.68788,5.4585300000000005
450,2021-09-06 00:00:00,5.596139999999999,5.596139999999999,5.73375,5.550269999999999
451,2021-09-08 00:00:00,5.596139999999999,5.596139999999999,5.68788,5.550269999999999
452,2021-10-21 00:00:00,6.51354,6.51354,6.65115,6.4218
453,2021-10-28 00:00:00,6.19245,6.4218,6.4218,6.14658
454,2021-11-16 00:00:00,6.4218,6.4218,6.65115,6.3300600000000005
455,2022-01-12 00:00:00,11.23815,11.0088,11.23815,10.41249
456,2022-01-27 00:00:00,10.59597,9.95379,10.59597,9.81618
457,2022-01-28 00:00:00,10.45836,10.96293,11.05467,10.41249
458,2022-03-08 00:00:00,8.898779999999999,8.76117,9.12813,8.62356
459,2022-04-08 00:00:00,10.96293,11.28402,11.32989,10.77945
460,2022-05-09 00:00:00,8.898779999999999,9.03639,9.12813,8.76117
461,2022-05-12 00:00:00,7.88964,8.34834,8.34834,7.843770000000001
462,2022-05-31 00:00:00,7.843770000000001,7.385070000000001,7.98138,6.78876
463,2022-06-21 00:00:00,6.83463,6.65115,6.972239999999999,6.6052800000000005
464,2022-06-24 00:00:00,6.6052800000000005,6.74289,6.78876,6.51354
465,2022-07-11 00:00:00,6.14658,6.10071,6.23832,6.10071
466,2022-07-20 00:00:00,6.05484,6.10071,6.28419,6.00897
467,2022-08-02 00:00:00,6.65115,6.3300600000000005,6.74289,6.19245
468,2022-08-22 00:00:00,7.88964,7.10985,7.98138,6.972239999999999
469,2022-09-21 00:00:00,8.55,8.3,8.8,8.25
470,2022-12-15 00:00:00,10.95,10.8,11.25,10.65
471,2022-12-26 00:00:00,9.8,9.0,10.0,9.0
472,2023-02-08 00:00:00,9.0,9.05,9.25,8.95
473,2023-03-03 00:00:00,8.5,8.3,8.75,8.3
474,2023-03-16 00:00:00,7.9,8.0,8.0,7.7
475,2023-04-12 00:00:00,8.1,8.15,8.25,8.05
476,2023-05-02 00:00:00,8.1,8.35,8.4,7.9
477,2023-05-05 00:00:00,8.65,8.65,8.9,8.5
478,2023-06-06 00:00:00,12.2,11.55,12.4,11.35
479,2023-06-07 00:00:00,14.45,12.55,14.6,12.5
480,2023-06-14 00:00:00,14.4,15.25,15.35,14.15
481,2023-07-07 00:00:00,17.85,17.55,18.3,17.45
482,2023-08-07 00:00:00,18.65,18.6,19.0,18.25
483,2023-08-14 00:00:00,20.05,19.55,20.2,19.3
484,2021-01-07 00:00:00,7.385070000000001,0.0,7.385070000000001,7.385070000000001
485,2021-02-01 00:00:00,6.05484,0.0,6.05484,6.00897
486,2021-02-04 00:00:00,6.4218,6.19245,6.46767,6.19245
487,2021-02-09 00:00:00,5.73375,6.00897,6.00897,5.68788
488,2021-02-18 00:00:00,4.81635,4.86222,4.99983,4.77048
489,2021-03-25 00:00:00,4.99983,5.13744,5.22918,4.95396
490,2021-04-08 00:00:00,4.587,4.72461,4.72461,4.54113
491,2021-04-16 00:00:00,4.35765,4.31178,4.449389999999999,4.26591
492,2021-06-25 00:00:00,7.10985,6.559410000000001,7.15572,6.51354
493,2021-07-27 00:00:00,6.37593,6.74289,6.78876,6.37593
494,2021-08-23 00:00:00,5.412660000000001,5.36679,5.550269999999999,5.22918
495,2021-08-24 00:00:00,5.5044,5.412660000000001,5.64201,5.27505
496,2021-09-17 00:00:00,5.91723,6.00897,6.10071,5.77962
497,2021-10-26 00:00:00,6.46767,6.37593,6.559410000000001,6.3300600000000005
498,2021-11-22 00:00:00,6.28419,6.4218,6.46767,6.23832
499,2022-01-14 00:00:00,11.192279999999998,10.5501,11.192279999999998,10.32075
500,2022-01-31 00:00:00,10.96293,10.96293,10.96293,10.96293
501,2022-02-14 00:00:00,9.03639,9.08226,9.21987,9.03639
502,2022-03-03 00:00:00,9.08226,9.174,9.31161,8.94465
503,2022-03-10 00:00:00,9.21987,9.26574,9.35748,9.08226
504,2022-03-30 00:00:00,8.57769,8.57769,8.85291,8.53182
505,2022-04-13 00:00:00,10.27488,10.64184,10.73358,10.18314
506,2022-05-05 00:00:00,8.94465,9.03639,9.174,8.85291
507,2022-06-28 00:00:00,6.46767,6.559410000000001,6.69702,6.4218
508,2022-07-14 00:00:00,5.825489999999999,5.9631,6.00897,5.64201
509,2022-08-11 00:00:00,7.06398,7.06398,7.24746,6.972239999999999
510,2022-10-06 00:00:00,7.65,8.0,8.0,7.55
511,2022-10-10 00:00:00,7.65,7.6,7.95,7.5
512,2022-10-11 00:00:00,7.1,7.6,7.65,7.05
513,2022-11-01 00:00:00,8.2,8.05,8.6,7.95
514,2022-12-05 00:00:00,10.0,9.55,10.4,9.5
515,2022-12-06 00:00:00,10.2,10.05,10.5,9.95
516,2023-01-04 00:00:00,10.4,10.75,10.8,10.3
517,2023-01-16 00:00:00,10.0,10.1,10.15,9.95
518,2023-04-03 00:00:00,8.1,7.9,8.2,7.9
519,2023-06-05 00:00:00,11.4,11.1,11.5,11.0
520,2023-06-19 00:00:00,14.55,14.95,15.05,14.25
521,2023-07-12 00:00:00,18.0,18.0,18.55,17.6
522,2023-08-04 00:00:00,18.4,18.0,18.8,18.0
523,2023-08-10 00:00:00,20.45,19.95,20.45,19.9
524,2021-01-19 00:00:00,6.23832,0.0,6.51354,6.10071
525,2021-02-17 00:00:00,4.81635,5.13744,5.13744,4.67874
526,2021-04-07 00:00:00,4.63287,4.77048,4.77048,4.587
527,2021-04-12 00:00:00,4.31178,4.54113,4.587,4.22004
528,2021-04-22 00:00:00,4.17417,4.17417,4.26591,4.1283
529,2021-05-27 00:00:00,5.27505,5.550269999999999,5.64201,5.13744
530,2021-06-11 00:00:00,6.51354,6.78876,6.8805,6.46767
531,2021-06-30 00:00:00,7.3392,7.29333,7.3392,7.06398
532,2021-07-06 00:00:00,8.02725,8.48595,8.669429999999998,8.02725
533,2021-07-09 00:00:00,7.7979,7.88964,8.02725,7.614420000000001
534,2021-07-23 00:00:00,6.74289,6.972239999999999,7.01811,6.65115
535,2021-07-26 00:00:00,6.69702,6.78876,6.972239999999999,6.6052800000000005
536,2021-08-16 00:00:00,6.10071,6.19245,6.23832,6.05484
537,2021-09-20 00:00:00,5.9631,5.87136,6.19245,5.77962
538,2021-11-12 00:00:00,6.51354,6.51354,6.69702,6.46767
539,2021-11-24 00:00:00,6.37593,6.37593,6.51354,6.28419
540,2021-12-14 00:00:00,6.69702,6.83463,6.92637,6.6052800000000005
541,2021-12-30 00:00:00,8.94465,8.85291,8.94465,8.76117
542,2021-12-31 00:00:00,9.35748,9.21987,9.35748,9.08226
543,2022-01-17 00:00:00,11.74272,11.42163,11.74272,11.37576
544,2022-02-18 00:00:00,9.31161,9.99966,9.99966,9.31161
545,2022-04-07 00:00:00,10.77945,10.36662,10.91706,9.95379
546,2022-05-20 00:00:00,8.394210000000001,8.394210000000001,8.48595,8.2566
547,2022-06-03 00:00:00,8.34834,9.08226,9.12813,8.2566
548,2022-06-13 00:00:00,7.47681,7.66029,7.66029,7.3392
549,2022-08-03 00:00:00,6.51354,6.6052800000000005,6.69702,6.4218
550,2022-08-24 00:00:00,8.02725,8.2566,8.44008,7.93551
551,2022-09-27 00:00:00,8.35,8.7,9.05,8.25
552,2022-10-21 00:00:00,8.65,8.95,9.15,8.55
553,2022-10-27 00:00:00,8.15,8.5,8.6,8.0
554,2022-11-02 00:00:00,8.0,8.2,8.25,7.95
555,2023-01-02 00:00:00,10.7,10.7,10.8,10.4
556,2023-01-06 00:00:00,10.2,10.35,10.4,10.05
557,2023-01-09 00:00:00,10.2,10.35,10.55,10.2
558,2023-01-20 00:00:00,10.0,9.65,10.25,9.6
559,2023-06-22 00:00:00,13.6,14.05,14.1,13.3
560,2023-06-23 00:00:00,13.85,13.6,14.15,13.25
561,2023-08-23 00:00:00,21.85,21.0,21.85,21.0
562,2021-01-18 00:00:00,6.37593,0.0,6.37593,6.14658
563,2021-01-25 00:00:00,5.550269999999999,0.0,5.825489999999999,5.550269999999999
564,2021-01-20 00:00:00,6.00897,0.0,6.14658,5.9631
565,2021-02-12 00:00:00,5.596139999999999,5.73375,5.77962,5.550269999999999
566,2021-02-16 00:00:00,5.13744,5.36679,5.412660000000001,5.0457
567,2021-02-22 00:00:00,4.587,4.77048,4.77048,4.49526
568,2021-02-24 00:00:00,5.0457,4.90809,5.0457,4.86222
569,2021-03-09 00:00:00,5.09157,5.22918,5.32092,4.99983
570,2021-03-30 00:00:00,4.81635,5.09157,5.1833100000000005,4.81635
571,2021-04-05 00:00:00,4.54113,4.67874,4.67874,4.449389999999999
572,2021-05-10 00:00:00,5.13744,4.72461,5.13744,4.72461
573,2021-05-12 00:00:00,5.22918,5.77962,5.825489999999999,5.1833100000000005
574,2021-07-12 00:00:00,7.614420000000001,7.88964,7.93551,7.522679999999999
575,2021-08-20 00:00:00,5.32092,5.27505,5.550269999999999,5.27505
576,2021-08-25 00:00:00,5.596139999999999,5.596139999999999,5.73375,5.4585300000000005
577,2021-09-02 00:00:00,5.73375,5.5044,5.825489999999999,5.5044
578,2021-09-03 00:00:00,5.64201,5.77962,5.77962,5.550269999999999
579,2021-09-09 00:00:00,5.73375,5.550269999999999,5.87136,5.550269999999999
580,2021-09-13 00:00:00,5.73375,5.73375,5.91723,5.596139999999999
581,2021-10-01 00:00:00,5.9631,5.87136,6.10071,5.77962
582,2021-11-03 00:00:00,6.37593,6.46767,6.559410000000001,6.37593
583,2021-12-07 00:00:00,6.4218,6.46767,6.559410000000001,6.4218
584,2022-01-10 00:00:00,10.22901,10.22901,10.22901,10.22901
585,2022-01-24 00:00:00,10.18314,10.77945,11.10054,10.18314
586,2022-02-08 00:00:00,9.67857,10.18314,10.22901,9.67857
587,2022-02-17 00:00:00,9.77031,9.58683,9.77031,9.54096
588,2022-04-05 00:00:00,9.49509,9.49509,9.49509,9.49509
589,2022-04-25 00:00:00,9.77031,9.99966,10.13727,9.67857
590,2022-04-29 00:00:00,9.174,9.26574,9.6327,9.12813
591,2022-05-19 00:00:00,8.164860000000001,8.302470000000001,8.394210000000001,8.11899
592,2022-06-14 00:00:00,7.614420000000001,7.43094,7.7979,7.385070000000001
593,2022-06-23 00:00:00,6.6052800000000005,6.6052800000000005,6.78876,6.51354
594,2022-06-30 00:00:00,6.28419,6.4218,6.51354,6.23832
595,2022-07-22 00:00:00,6.10071,6.14658,6.19245,6.05484
596,2022-07-25 00:00:00,5.87136,6.10071,6.14658,5.87136
597,2022-09-01 00:00:00,8.8,8.15,8.95,8.1
598,2022-10-07 00:00:00,7.65,7.75,7.85,7.6
599,2022-10-13 00:00:00,6.8,6.95,6.95,6.6
600,2022-11-15 00:00:00,8.2,8.25,8.3,8.1
601,2022-11-29 00:00:00,8.75,8.9,9.2,8.7
602,2022-12-07 00:00:00,9.85,10.25,10.4,9.8
603,2022-12-22 00:00:00,9.95,10.4,10.65,9.55
604,2023-01-13 00:00:00,10.05,10.0,10.1,9.85
605,2023-01-17 00:00:00,10.0,10.0,10.05,9.9
606,2023-01-27 00:00:00,9.1,9.5,9.7,8.95
607,2023-01-30 00:00:00,8.95,9.0,9.35,8.8
608,2023-03-29 00:00:00,7.95,7.1,8.1,7.05
609,2023-05-15 00:00:00,8.25,8.25,8.35,8.2
610,2023-05-16 00:00:00,8.2,8.25,8.35,8.2
611,2023-05-31 00:00:00,11.75,10.9,11.85,10.65
612,2023-06-30 00:00:00,15.3,15.05,15.65,14.95
613,2023-07-11 00:00:00,17.95,17.5,18.2,17.05
614,2023-07-14 00:00:00,17.7,17.65,17.9,17.3
615,2023-07-20 00:00:00,18.7,17.95,18.7,17.85
616,2023-08-08 00:00:00,18.6,18.65,18.95,18.35
617,2023-08-21 00:00:00,19.9,20.1,20.15,19.8
618,2021-01-27 00:00:00,5.550269999999999,0.0,5.825489999999999,5.27505
619,2021-03-03 00:00:00,5.22918,5.4585300000000005,5.4585300000000005,5.22918
620,2021-03-22 00:00:00,5.09157,4.95396,5.13744,4.86222
621,2021-03-31 00:00:00,4.587,4.77048,4.77048,4.587
622,2021-04-13 00:00:00,4.449389999999999,4.26591,4.49526,4.26591
623,2021-04-15 00:00:00,4.31178,4.403519999999999,4.449389999999999,4.26591
624,2021-05-05 00:00:00,4.63287,4.63287,4.77048,4.587
625,2021-06-17 00:00:00,6.559410000000001,6.4218,6.78876,6.37593
626,2021-07-22 00:00:00,6.972239999999999,6.78876,7.01811,6.78876
627,2021-08-12 00:00:00,6.00897,5.77962,6.00897,5.73375
628,2021-08-27 00:00:00,5.5044,5.5044,5.596139999999999,5.36679
629,2021-09-23 00:00:00,5.825489999999999,5.9631,6.00897,5.825489999999999
630,2021-11-15 00:00:00,6.37593,6.6052800000000005,6.6052800000000005,6.3300600000000005
631,2021-11-25 00:00:00,6.46767,6.4218,6.51354,6.37593
632,2021-12-03 00:00:00,6.4218,6.46767,6.51354,6.37593
633,2021-12-13 00:00:00,6.8805,7.24746,7.3392,6.8805
634,2022-01-13 00:00:00,10.68771,11.23815,11.23815,10.68771
635,2022-02-21 00:00:00,8.85291,8.94465,9.12813,8.85291
636,2022-03-28 00:00:00,8.34834,8.57769,8.62356,8.302470000000001
637,2022-04-21 00:00:00,10.18314,10.0914,10.32075,9.99966
638,2022-05-24 00:00:00,8.302470000000001,8.302470000000001,8.53182,8.21073
639,2022-06-01 00:00:00,8.62356,8.164860000000001,8.62356,8.02725
640,2022-07-07 00:00:00,6.05484,6.14658,6.19245,6.00897
641,2022-07-13 00:00:00,5.91723,6.28419,6.3300600000000005,5.87136
642,2022-08-08 00:00:00,7.06398,6.92637,7.10985,6.8805
643,2022-08-18 00:00:00,7.06398,6.972239999999999,7.10985,6.83463
644,2022-09-05 00:00:00,10.55,9.15,10.55,9.05
645,2022-09-26 00:00:00,8.55,8.95,8.95,8.15
646,2022-10-14 00:00:00,6.7,7.0,7.0,6.65
647,2022-12-13 00:00:00,10.1,10.35,10.45,10.05
648,2023-02-07 00:00:00,8.95,9.05,9.15,8.9
649,2023-04-11 00:00:00,8.15,8.1,8.35,8.0
650,2023-04-21 00:00:00,7.95,8.0,8.05,7.95
651,2023-04-26 00:00:00,8.2,8.25,8.75,8.1
652,2023-05-26 00:00:00,10.0,9.8,10.15,9.45
653,2023-07-03 00:00:00,16.8,15.75,16.8,15.75
654,2023-07-26 00:00:00,18.05,18.05,18.05,18.05
