,time,close,open,high,low
0,2021-02-02 00:00:00,52.8,53.7,56.25,52.5
1,2021-02-03 00:00:00,51.55,53.0,53.4,51.2
2,2021-02-04 00:00:00,53.3,51.75,53.45,51.5
3,2021-02-18 00:00:00,51.45,52.0,52.65,51.1
4,2021-02-23 00:00:00,48.75,48.6,49.7,48.0
5,2021-03-02 00:00:00,54.5,51.5,56.7,51.2
6,2021-03-25 00:00:00,44.65,47.55,47.55,44.45
7,2021-04-01 00:00:00,47.05,45.45,47.45,44.95
8,2021-04-20 00:00:00,46.4,48.2,48.75,46.1
9,2021-06-01 00:00:00,56.8,56.8,58.75,55.8
10,2021-10-08 00:00:00,101.1,103.65,103.95,100.3
11,2021-11-09 00:00:00,94.65,94.0,96.45,94.0
12,2021-12-22 00:00:00,90.15,88.25,91.55,88.0
13,2021-12-23 00:00:00,91.35,91.2,92.35,90.2
14,2021-12-30 00:00:00,93.55,92.9,94.1,92.5
15,2022-01-18 00:00:00,108.5,114.9,115.15,107.15
16,2022-02-08 00:00:00,110.45,113.8,113.8,107.0
17,2022-02-24 00:00:00,77.05,85.6,87.0,75.1
18,2022-03-02 00:00:00,85.75,85.05,87.1,84.1
19,2022-03-15 00:00:00,91.75,93.95,95.85,90.4
20,2022-04-22 00:00:00,112.9,111.1,117.3,110.65
21,2022-05-25 00:00:00,101.9,113.0,116.3,100.3
22,2022-07-18 00:00:00,122.6,122.6,124.1,121.15
23,2022-07-26 00:00:00,129.5,132.1,132.75,129.0
24,2022-08-11 00:00:00,137.4,136.25,141.4,134.3
25,2022-09-01 00:00:00,165.75,171.0,177.9,164.1
26,2022-09-09 00:00:00,156.8,174.0,175.0,154.2
27,2022-10-20 00:00:00,162.25,160.9,164.55,160.0
28,2022-11-03 00:00:00,160.0,151.0,160.95,150.9
29,2022-11-22 00:00:00,164.55,169.3,170.0,163.1
30,2022-12-13 00:00:00,201.2,206.9,211.4,199.0
31,2022-12-23 00:00:00,184.25,190.0,194.9,183.85
32,2022-12-29 00:00:00,216.9,215.0,222.9,206.15
33,2023-01-11 00:00:00,219.75,223.6,228.45,218.15
34,2023-01-24 00:00:00,223.15,235.0,239.85,222.0
35,2023-02-24 00:00:00,215.2,207.0,218.0,204.05
36,2023-02-28 00:00:00,208.1,208.1,211.85,207.0
37,2023-03-22 00:00:00,239.9,242.7,245.45,238.3
38,2023-05-16 00:00:00,327.2,334.8,337.6,325.6
39,2023-05-24 00:00:00,324.15,338.25,343.0,321.0
40,2023-06-12 00:00:00,415.75,425.0,426.7,407.05
41,2023-06-13 00:00:00,414.95,418.65,430.0,414.05
42,2023-07-14 00:00:00,536.75,531.9,540.0,528.5
43,2023-07-19 00:00:00,594.6,544.0,599.8,544.0
44,2023-07-21 00:00:00,615.25,622.55,622.55,607.25
45,2023-08-02 00:00:00,653.25,662.9,674.5,632.0
46,2023-08-18 00:00:00,636.05,660.05,660.05,633.0
47,2021-01-06 00:00:00,60.6,60.25,62.2,59.15
48,2021-03-01 00:00:00,50.9,50.85,52.0,50.45
49,2021-04-23 00:00:00,46.75,47.7,47.85,46.5
50,2021-05-14 00:00:00,48.8,48.6,49.85,47.2
51,2021-06-11 00:00:00,58.15,56.95,59.1,56.2
52,2021-06-14 00:00:00,58.3,57.8,59.5,55.3
53,2021-07-09 00:00:00,73.2,72.45,74.65,71.45
54,2021-07-28 00:00:00,78.8,80.85,80.85,76.7
55,2021-08-06 00:00:00,87.75,86.75,89.3,86.3
56,2021-08-31 00:00:00,93.15,97.2,97.45,92.5
57,2021-09-24 00:00:00,93.6,96.05,99.15,92.7
58,2021-12-03 00:00:00,89.15,89.8,91.2,88.6
59,2021-12-07 00:00:00,90.8,88.45,92.55,88.0
60,2021-12-17 00:00:00,88.95,87.7,89.5,85.35
61,2021-12-24 00:00:00,88.1,90.5,91.5,86.2
62,2022-01-05 00:00:00,96.35,94.95,98.65,94.5
63,2022-01-14 00:00:00,114.85,115.8,118.45,113.35
64,2022-03-17 00:00:00,96.4,95.65,97.25,94.5
65,2022-03-29 00:00:00,100.05,101.5,102.1,100.0
66,2022-04-18 00:00:00,102.2,102.6,103.6,99.35
67,2022-05-11 00:00:00,98.75,102.6,103.5,94.0
68,2022-05-24 00:00:00,102.35,105.65,105.85,101.8
69,2022-06-07 00:00:00,101.5,100.0,102.5,100.0
70,2022-07-15 00:00:00,121.85,124.25,125.1,120.25
71,2022-09-08 00:00:00,170.85,171.0,175.0,170.0
72,2022-10-03 00:00:00,148.9,149.2,153.0,147.0
73,2022-10-07 00:00:00,160.3,160.0,162.0,157.55
74,2022-10-31 00:00:00,159.3,159.85,161.0,156.1
75,2022-11-28 00:00:00,187.45,178.4,187.45,177.65
76,2022-12-19 00:00:00,196.95,194.6,199.6,188.5
77,2022-12-27 00:00:00,203.1,199.8,203.1,195.0
78,2022-12-28 00:00:00,213.25,208.0,213.25,201.65
79,2023-01-25 00:00:00,220.15,223.6,225.9,216.25
80,2023-01-31 00:00:00,228.45,225.0,231.25,222.05
81,2023-05-02 00:00:00,332.2,333.45,339.6,330.1
82,2023-05-19 00:00:00,329.1,332.6,332.8,326.0
83,2023-06-09 00:00:00,421.85,400.45,427.05,400.45
84,2023-06-15 00:00:00,416.15,418.9,421.5,410.0
85,2023-06-19 00:00:00,467.4,432.9,482.55,432.9
86,2023-07-04 00:00:00,514.85,515.0,525.0,509.95
87,2023-07-20 00:00:00,622.85,604.55,629.0,600.0
88,2023-07-25 00:00:00,680.85,641.9,690.0,641.85
89,2023-08-14 00:00:00,657.45,665.0,665.0,610.1
90,2023-08-17 00:00:00,661.7,676.05,676.05,648.7
91,2023-08-22 00:00:00,697.8,691.85,700.0,675.0
92,2021-01-11 00:00:00,58.95,59.35,60.5,57.5
93,2021-01-21 00:00:00,54.8,57.5,58.1,54.05
94,2021-02-11 00:00:00,51.25,51.0,51.9,50.1
95,2021-03-30 00:00:00,44.7,44.6,45.7,44.5
96,2021-01-19 00:00:00,58.3,57.8,59.15,57.75
97,2021-04-06 00:00:00,49.0,48.6,49.85,48.0
98,2021-03-26 00:00:00,44.75,44.9,45.95,44.3
99,2021-05-26 00:00:00,54.8,52.15,56.15,51.5
100,2021-04-08 00:00:00,50.55,49.1,51.45,49.1
101,2021-06-18 00:00:00,55.7,57.2,57.65,54.35
102,2021-07-29 00:00:00,81.2,79.35,82.4,79.0
103,2021-05-06 00:00:00,46.4,45.95,47.9,45.6
104,2021-06-04 00:00:00,55.7,56.45,56.75,55.25
105,2021-08-18 00:00:00,97.95,94.2,98.9,93.4
106,2021-06-16 00:00:00,56.5,57.45,57.75,56.05
107,2021-09-15 00:00:00,94.6,93.2,96.7,92.9
108,2021-07-01 00:00:00,68.8,70.55,70.85,68.15
109,2021-09-21 00:00:00,91.35,90.0,92.45,87.2
110,2021-07-26 00:00:00,79.5,74.7,80.8,73.75
111,2021-10-01 00:00:00,108.25,97.3,109.8,96.0
112,2021-08-04 00:00:00,89.5,92.1,94.65,87.1
113,2021-10-21 00:00:00,97.45,98.0,99.0,96.5
114,2021-08-11 00:00:00,82.85,83.2,85.0,76.7
115,2021-08-13 00:00:00,96.3,88.25,98.95,87.6
116,2021-11-16 00:00:00,94.75,90.75,95.6,89.4
117,2021-11-24 00:00:00,98.65,97.2,99.7,96.5
118,2021-09-16 00:00:00,93.05,94.6,94.95,92.55
119,2021-12-10 00:00:00,91.15,91.9,92.9,90.75
120,2021-10-11 00:00:00,98.85,100.3,102.75,98.1
121,2022-01-04 00:00:00,94.65,96.45,97.9,94.3
122,2021-11-10 00:00:00,94.9,94.75,96.15,94.05
123,2022-01-07 00:00:00,97.05,96.45,99.5,96.3
124,2021-11-30 00:00:00,86.25,88.1,91.5,85.25
125,2021-12-15 00:00:00,89.15,89.95,90.3,88.85
126,2022-02-28 00:00:00,86.0,82.05,86.5,81.8
127,2022-03-08 00:00:00,86.6,86.5,89.35,85.2
128,2022-03-14 00:00:00,93.1,92.0,94.0,91.4
129,2021-12-31 00:00:00,92.85,93.55,95.0,92.4
130,2022-03-25 00:00:00,100.75,99.55,104.0,99.0
131,2022-03-30 00:00:00,102.55,100.95,103.85,100.65
132,2022-02-07 00:00:00,114.5,116.0,118.5,113.95
133,2022-04-25 00:00:00,107.05,111.5,114.2,105.1
134,2022-05-26 00:00:00,102.55,104.05,104.75,100.3
135,2022-04-28 00:00:00,104.45,106.75,107.05,103.8
136,2022-07-14 00:00:00,123.25,122.6,124.0,121.15
137,2022-05-20 00:00:00,106.95,104.25,109.0,104.25
138,2022-07-21 00:00:00,130.8,128.85,131.85,126.65
139,2022-06-10 00:00:00,111.15,105.1,112.9,104.55
140,2022-07-22 00:00:00,131.3,132.0,134.4,127.6
141,2022-07-29 00:00:00,126.15,128.5,128.6,124.05
142,2022-06-20 00:00:00,93.9,100.05,101.5,93.4
143,2022-06-22 00:00:00,95.2,97.7,97.7,94.15
144,2022-09-21 00:00:00,148.9,154.7,154.8,147.75
145,2022-07-27 00:00:00,129.0,129.0,130.55,128.0
146,2022-10-21 00:00:00,158.5,162.25,163.85,157.0
147,2022-08-16 00:00:00,136.6,131.0,141.5,129.3
148,2022-10-27 00:00:00,159.8,159.7,162.6,155.0
149,2022-09-02 00:00:00,165.25,167.5,169.0,162.7
150,2022-11-07 00:00:00,168.35,160.0,168.35,158.5
151,2022-10-04 00:00:00,155.9,150.9,156.3,150.9
152,2022-11-17 00:00:00,169.15,173.2,173.2,165.4
153,2022-11-30 00:00:00,181.4,184.95,184.95,177.0
154,2022-11-21 00:00:00,166.85,172.0,174.0,166.0
155,2023-01-03 00:00:00,234.6,227.45,237.7,225.15
156,2022-11-24 00:00:00,170.15,171.0,174.3,167.0
157,2023-01-04 00:00:00,232.9,236.7,237.15,227.5
158,2022-12-16 00:00:00,194.6,200.4,201.95,193.0
159,2023-01-19 00:00:00,219.85,219.25,224.0,219.0
160,2023-01-02 00:00:00,226.95,227.2,233.5,225.1
161,2023-01-30 00:00:00,220.25,217.9,225.0,216.35
162,2023-03-01 00:00:00,213.45,209.3,223.6,208.05
163,2023-02-14 00:00:00,213.6,210.5,216.0,206.15
164,2023-03-09 00:00:00,247.95,245.8,252.65,239.0
165,2023-02-23 00:00:00,206.2,208.15,209.3,203.2
166,2023-03-17 00:00:00,238.75,246.7,248.3,237.15
167,2023-05-04 00:00:00,354.65,354.8,357.35,343.65
168,2023-03-31 00:00:00,262.4,253.0,264.95,249.5
169,2023-04-12 00:00:00,290.5,297.05,303.65,288.0
170,2023-05-30 00:00:00,351.4,356.8,360.5,350.0
171,2023-04-19 00:00:00,300.35,297.05,305.2,288.8
172,2023-07-07 00:00:00,503.7,523.4,531.0,499.15
173,2023-04-24 00:00:00,331.6,332.5,336.8,324.45
174,2023-08-16 00:00:00,672.65,654.05,675.0,645.0
175,2023-05-15 00:00:00,333.05,344.75,345.5,331.5
176,2023-05-23 00:00:00,338.25,333.3,342.6,333.3
177,2023-05-25 00:00:00,352.4,338.8,365.0,336.0
178,2023-07-31 00:00:00,652.3,664.5,678.0,649.7
179,2021-02-10 00:00:00,50.65,51.45,51.95,50.55
180,2021-01-04 00:00:00,58.4,59.85,59.95,58.0
181,2021-02-19 00:00:00,49.95,51.55,51.75,48.9
182,2021-01-08 00:00:00,58.95,60.95,61.9,58.6
183,2021-03-18 00:00:00,48.6,50.3,50.85,48.3
184,2021-03-10 00:00:00,52.75,52.6,54.2,51.9
185,2021-03-24 00:00:00,47.55,48.45,49.0,47.3
186,2021-04-09 00:00:00,50.35,50.65,51.0,50.0
187,2021-03-31 00:00:00,44.55,44.9,45.65,44.3
188,2021-04-12 00:00:00,47.05,48.75,48.9,45.2
189,2021-05-03 00:00:00,46.4,47.1,47.8,46.25
190,2021-06-03 00:00:00,56.05,56.35,57.2,55.6
191,2021-05-18 00:00:00,48.7,49.0,49.65,48.55
192,2021-06-15 00:00:00,57.25,58.5,59.75,57.05
193,2021-06-24 00:00:00,66.2,65.05,67.5,64.55
194,2021-05-27 00:00:00,53.9,55.0,55.25,53.4
195,2021-06-21 00:00:00,57.15,55.0,57.5,54.2
196,2021-08-16 00:00:00,99.35,99.85,102.5,98.6
197,2021-06-30 00:00:00,70.05,73.6,74.6,69.5
198,2021-08-17 00:00:00,93.95,99.25,99.25,93.3
199,2021-07-14 00:00:00,72.95,71.9,74.8,71.3
200,2021-08-27 00:00:00,97.6,96.2,99.2,94.5
201,2021-07-16 00:00:00,73.7,74.45,74.5,72.7
202,2021-09-13 00:00:00,92.1,93.15,93.45,91.45
203,2021-07-20 00:00:00,71.1,71.25,74.1,68.5
204,2021-09-20 00:00:00,89.55,91.7,92.5,89.2
205,2021-08-26 00:00:00,97.05,92.9,98.4,92.5
206,2021-09-23 00:00:00,95.0,92.95,96.4,92.0
207,2021-10-07 00:00:00,103.05,99.95,104.4,99.9
208,2021-10-12 00:00:00,99.3,99.0,101.7,98.05
209,2021-11-23 00:00:00,96.45,93.05,97.5,93.05
210,2021-10-18 00:00:00,98.5,101.65,102.5,98.0
211,2021-11-26 00:00:00,94.5,96.0,98.1,93.65
212,2021-10-20 00:00:00,97.55,101.4,101.8,96.8
213,2021-12-08 00:00:00,93.7,92.1,94.6,91.5
214,2021-11-08 00:00:00,94.05,95.65,95.65,93.45
215,2021-12-14 00:00:00,89.65,90.1,92.85,89.0
216,2021-12-21 00:00:00,87.95,88.6,89.1,86.2
217,2022-02-01 00:00:00,112.05,113.5,115.8,108.8
218,2022-01-06 00:00:00,96.2,96.1,98.5,95.65
219,2022-02-23 00:00:00,89.35,88.25,92.75,88.25
220,2022-01-20 00:00:00,113.4,112.35,114.5,111.55
221,2022-04-01 00:00:00,101.05,101.35,102.7,100.25
222,2022-02-14 00:00:00,93.4,101.05,101.85,92.0
223,2022-04-04 00:00:00,101.5,101.55,103.4,100.15
224,2022-04-07 00:00:00,106.0,107.05,109.4,104.35
225,2022-05-19 00:00:00,103.75,103.1,105.7,102.0
226,2022-04-08 00:00:00,107.1,106.8,109.2,105.45
227,2022-06-09 00:00:00,107.3,101.4,108.9,100.85
228,2022-06-14 00:00:00,106.0,107.3,108.75,105.0
229,2022-04-29 00:00:00,104.1,105.0,113.0,102.75
230,2022-05-02 00:00:00,104.75,103.5,105.55,102.0
231,2022-05-04 00:00:00,102.45,104.75,107.7,99.2
232,2022-07-05 00:00:00,109.9,106.0,114.3,105.15
233,2022-08-03 00:00:00,125.55,127.5,127.5,123.1
234,2022-07-08 00:00:00,122.05,123.0,125.55,119.2
235,2022-08-05 00:00:00,122.35,123.75,124.3,121.6
236,2022-08-22 00:00:00,149.1,142.6,152.0,140.95
237,2022-09-20 00:00:00,154.35,150.85,157.05,147.5
238,2022-10-17 00:00:00,162.5,158.0,163.4,158.0
239,2022-09-12 00:00:00,159.65,162.45,164.4,158.0
240,2022-09-23 00:00:00,150.35,147.0,158.0,146.55
241,2022-12-08 00:00:00,205.25,202.9,206.85,200.3
242,2022-09-26 00:00:00,142.9,153.0,153.0,142.85
243,2022-12-15 00:00:00,200.7,201.0,204.2,196.0
244,2022-10-13 00:00:00,160.35,156.4,161.95,154.5
245,2022-12-22 00:00:00,193.5,196.6,199.8,186.8
246,2022-11-29 00:00:00,183.4,192.0,196.55,180.1
247,2023-01-16 00:00:00,216.65,222.5,222.6,214.8
248,2022-12-14 00:00:00,201.0,202.8,206.95,198.25
249,2023-02-16 00:00:00,214.9,217.9,221.0,213.15
250,2023-01-06 00:00:00,230.2,235.0,235.0,224.0
251,2023-01-12 00:00:00,219.15,220.35,222.7,214.7
252,2023-03-10 00:00:00,252.6,244.0,260.0,243.05
253,2023-03-14 00:00:00,240.95,239.5,244.0,233.4
254,2023-01-18 00:00:00,219.95,216.45,222.5,216.3
255,2023-04-17 00:00:00,288.85,279.95,289.65,277.5
256,2023-02-09 00:00:00,210.55,214.85,214.9,209.05
257,2023-02-15 00:00:00,216.5,211.0,220.0,211.0
258,2023-04-21 00:00:00,332.75,333.8,341.75,322.3
259,2023-06-28 00:00:00,509.05,520.0,528.75,506.85
260,2023-02-20 00:00:00,218.35,214.8,219.05,211.0
261,2023-07-05 00:00:00,511.6,514.9,515.95,506.5
262,2023-04-03 00:00:00,277.05,264.8,284.0,262.55
263,2023-07-28 00:00:00,662.8,676.1,676.75,633.1
264,2023-04-26 00:00:00,332.35,339.0,342.7,329.15
265,2023-08-07 00:00:00,650.5,654.55,660.0,645.1
266,2023-05-12 00:00:00,343.75,342.9,346.6,335.15
267,2023-08-21 00:00:00,688.05,639.7,690.0,636.5
268,2021-02-16 00:00:00,51.75,52.95,53.15,50.6
269,2021-03-05 00:00:00,53.9,55.0,56.75,53.4
270,2021-04-19 00:00:00,47.85,48.5,48.5,47.0
271,2021-05-07 00:00:00,46.4,46.75,46.85,46.15
272,2021-05-10 00:00:00,49.65,46.85,50.45,46.5
273,2021-05-11 00:00:00,49.7,49.0,51.15,48.6
274,2021-05-24 00:00:00,52.25,53.4,53.7,52.1
275,2021-06-23 00:00:00,64.15,62.35,67.7,62.0
276,2021-06-25 00:00:00,65.4,66.7,67.25,64.6
277,2021-07-05 00:00:00,71.8,72.25,74.45,71.35
278,2021-07-13 00:00:00,71.75,72.5,73.35,71.2
279,2021-07-27 00:00:00,80.65,81.5,83.4,78.1
280,2021-08-25 00:00:00,92.45,93.0,95.0,91.1
281,2021-09-17 00:00:00,92.3,93.5,94.45,90.0
282,2021-10-04 00:00:00,106.15,109.25,109.4,105.5
283,2021-10-14 00:00:00,101.1,102.0,102.9,100.5
284,2021-10-19 00:00:00,101.3,98.9,106.95,97.5
285,2022-03-31 00:00:00,101.35,103.3,105.45,100.55
286,2022-06-02 00:00:00,99.35,98.9,101.3,98.0
287,2022-09-30 00:00:00,149.2,149.95,153.75,147.6
288,2022-10-14 00:00:00,161.95,161.0,165.0,160.75
289,2022-11-15 00:00:00,174.3,169.75,174.3,166.15
290,2022-11-16 00:00:00,171.9,174.0,178.7,170.0
291,2022-11-25 00:00:00,178.55,169.9,178.65,168.0
292,2023-01-17 00:00:00,216.05,218.1,218.25,210.7
293,2023-01-23 00:00:00,231.4,222.35,231.4,221.15
294,2023-02-03 00:00:00,196.7,206.2,207.45,196.0
295,2023-02-22 00:00:00,206.45,209.75,211.75,205.0
296,2023-03-03 00:00:00,218.7,224.55,226.0,217.1
297,2023-03-08 00:00:00,245.3,226.9,247.0,223.65
298,2023-03-15 00:00:00,244.1,246.7,251.0,242.95
299,2023-03-28 00:00:00,238.3,248.4,248.4,236.5
300,2023-04-06 00:00:00,288.35,277.2,295.0,274.0
301,2023-04-10 00:00:00,286.8,294.5,294.95,285.5
302,2023-04-11 00:00:00,288.55,287.9,291.0,281.0
303,2023-06-23 00:00:00,469.6,481.0,486.0,464.75
304,2023-08-01 00:00:00,661.95,654.0,676.8,654.0
305,2023-06-26 00:00:00,487.5,469.6,489.8,468.1
306,2023-07-18 00:00:00,540.55,545.9,555.0,538.15
307,2023-08-03 00:00:00,645.45,654.4,659.8,636.1
308,2023-08-23 00:00:00,718.0,701.0,722.8,687.65
309,2021-01-05 00:00:00,60.2,57.9,61.8,56.55
310,2021-01-07 00:00:00,60.45,61.0,61.6,60.1
311,2021-02-05 00:00:00,52.0,53.7,54.05,51.75
312,2021-02-09 00:00:00,51.0,52.5,52.5,50.6
313,2021-02-22 00:00:00,48.35,49.45,51.45,48.0
314,2021-03-08 00:00:00,53.15,54.4,54.8,52.7
315,2021-03-19 00:00:00,49.0,48.25,49.4,46.55
316,2021-04-07 00:00:00,49.0,49.0,49.75,48.55
317,2021-06-29 00:00:00,73.2,69.5,77.25,69.25
318,2021-07-07 00:00:00,70.7,70.15,71.4,69.85
319,2021-07-22 00:00:00,73.0,71.5,73.65,71.1
320,2021-08-02 00:00:00,92.25,80.65,93.55,80.3
321,2021-08-09 00:00:00,85.0,88.0,88.5,84.25
322,2021-09-07 00:00:00,94.8,96.4,98.0,94.2
323,2021-09-28 00:00:00,94.6,95.0,96.9,93.2
324,2021-11-15 00:00:00,90.3,93.5,93.6,89.15
325,2022-02-15 00:00:00,97.65,92.6,99.0,91.05
326,2022-04-27 00:00:00,106.0,109.1,109.3,104.15
327,2022-05-18 00:00:00,105.55,105.05,108.0,105.0
328,2022-05-27 00:00:00,102.15,103.2,104.0,101.2
329,2022-06-15 00:00:00,107.0,106.8,109.55,105.3
330,2022-07-04 00:00:00,105.3,101.95,106.9,101.95
331,2022-07-13 00:00:00,122.4,119.95,123.9,119.55
332,2022-08-04 00:00:00,122.6,126.2,128.65,120.45
333,2022-08-23 00:00:00,146.85,148.0,151.5,145.0
334,2022-10-12 00:00:00,157.25,157.5,159.9,151.0
335,2022-11-01 00:00:00,156.45,159.0,162.15,155.0
336,2022-11-23 00:00:00,172.3,164.6,172.75,163.9
337,2022-12-12 00:00:00,204.65,202.8,207.5,197.0
338,2023-02-01 00:00:00,217.05,229.0,236.0,217.05
339,2023-03-02 00:00:00,220.55,217.95,234.75,217.95
340,2023-03-20 00:00:00,237.85,237.9,240.15,228.0
341,2023-04-27 00:00:00,331.5,332.85,339.55,323.95
342,2023-05-05 00:00:00,343.4,352.5,352.5,337.0
343,2023-05-11 00:00:00,342.4,340.7,347.95,338.7
344,2023-05-26 00:00:00,346.25,354.05,356.85,345.0
345,2021-01-14 00:00:00,59.7,58.9,60.75,58.0
346,2021-07-06 00:00:00,70.1,72.2,72.6,69.8
347,2021-08-05 00:00:00,86.25,88.05,89.9,83.55
348,2021-08-24 00:00:00,93.05,85.25,94.0,85.25
349,2021-08-30 00:00:00,96.8,98.4,99.0,96.25
350,2021-10-28 00:00:00,97.75,99.0,99.85,97.1
351,2021-11-01 00:00:00,94.25,93.05,95.55,92.7
352,2021-12-20 00:00:00,86.6,87.6,88.05,85.1
353,2021-12-28 00:00:00,90.1,90.65,90.9,89.5
354,2022-01-03 00:00:00,95.4,94.3,98.45,94.3
355,2022-01-11 00:00:00,117.65,103.0,122.85,100.6
356,2022-01-13 00:00:00,115.8,114.0,118.6,114.0
357,2022-01-27 00:00:00,110.6,111.95,114.7,109.0
358,2022-02-10 00:00:00,107.2,108.5,109.8,106.2
359,2022-02-21 00:00:00,91.65,96.0,96.2,91.3
360,2022-04-05 00:00:00,110.45,102.45,111.0,102.4
361,2022-04-13 00:00:00,103.2,104.45,105.25,102.25
362,2022-04-20 00:00:00,113.55,102.0,116.5,100.85
363,2022-06-13 00:00:00,107.6,109.0,111.0,106.3
364,2022-06-23 00:00:00,94.75,95.2,96.55,94.25
365,2022-07-25 00:00:00,132.15,132.25,135.55,130.75
366,2022-08-17 00:00:00,135.8,136.9,139.25,134.6
367,2022-08-19 00:00:00,144.55,136.5,149.0,135.95
368,2022-08-30 00:00:00,171.55,165.9,174.0,162.85
369,2022-09-07 00:00:00,169.6,165.8,172.95,165.25
370,2022-09-27 00:00:00,141.05,143.0,143.8,135.8
371,2022-09-29 00:00:00,149.15,147.8,154.0,146.7
372,2022-10-11 00:00:00,157.7,163.0,165.0,157.4
373,2022-10-24 00:00:00,161.85,160.9,163.0,158.5
374,2022-11-02 00:00:00,153.3,153.1,154.9,148.65
375,2022-11-10 00:00:00,162.2,163.0,168.7,157.3
376,2022-11-11 00:00:00,164.1,164.9,166.0,159.0
377,2022-12-26 00:00:00,193.45,186.0,193.45,185.6
378,2023-01-27 00:00:00,217.9,223.25,223.25,209.15
379,2023-02-10 00:00:00,213.65,212.0,216.9,205.55
380,2023-05-09 00:00:00,339.3,342.8,349.2,334.0
381,2023-06-05 00:00:00,375.65,380.9,382.25,370.3
382,2023-06-27 00:00:00,505.3,490.0,512.8,490.0
383,2021-01-25 00:00:00,57.65,56.95,58.8,56.25
384,2021-01-27 00:00:00,57.2,57.95,58.8,56.7
385,2021-04-29 00:00:00,46.75,47.2,47.55,46.5
386,2021-05-04 00:00:00,46.2,46.8,47.5,46.1
387,2021-05-05 00:00:00,46.0,46.95,46.95,45.85
388,2021-05-20 00:00:00,51.9,48.5,53.35,48.05
389,2021-05-28 00:00:00,53.85,54.3,55.6,53.25
390,2021-09-02 00:00:00,95.9,94.6,97.5,94.2
391,2021-09-27 00:00:00,95.1,93.95,96.7,93.3
392,2021-10-22 00:00:00,100.6,98.4,102.2,97.0
393,2021-11-12 00:00:00,92.9,94.35,94.75,92.6
394,2021-11-25 00:00:00,97.15,98.0,98.9,95.95
395,2021-12-09 00:00:00,91.35,94.65,94.65,91.05
396,2022-01-28 00:00:00,112.8,111.6,117.5,111.45
397,2022-02-11 00:00:00,103.45,108.0,110.3,102.5
398,2022-03-07 00:00:00,86.55,86.0,93.05,82.4
399,2022-03-11 00:00:00,92.0,91.5,92.7,89.4
400,2022-03-21 00:00:00,99.8,97.95,100.75,94.6
401,2022-04-21 00:00:00,112.65,115.95,117.4,110.45
402,2022-05-13 00:00:00,102.35,101.9,104.8,101.0
403,2022-06-17 00:00:00,100.65,102.85,103.7,99.95
404,2022-07-06 00:00:00,117.7,110.7,119.05,109.35
405,2022-07-12 00:00:00,119.0,123.8,127.65,118.25
406,2022-09-06 00:00:00,166.4,168.45,169.4,163.45
407,2022-10-10 00:00:00,162.55,159.0,166.0,155.6
408,2022-11-18 00:00:00,170.05,169.2,173.1,168.0
409,2022-12-05 00:00:00,207.65,200.1,207.65,200.1
410,2023-01-05 00:00:00,233.45,233.9,234.8,228.4
411,2023-01-10 00:00:00,222.5,228.1,232.15,217.5
412,2023-01-20 00:00:00,220.4,220.75,223.95,219.0
413,2023-03-16 00:00:00,244.55,244.3,246.15,236.35
414,2023-03-23 00:00:00,247.25,241.0,251.5,240.35
415,2023-03-24 00:00:00,241.0,248.7,251.0,240.0
416,2023-04-25 00:00:00,336.85,330.0,352.9,329.05
417,2023-05-31 00:00:00,352.7,351.35,354.35,346.4
418,2023-06-06 00:00:00,385.7,377.45,394.0,375.65
419,2023-06-14 00:00:00,416.4,419.0,427.0,412.2
420,2023-06-22 00:00:00,479.95,474.9,497.0,467.55
421,2021-01-01 00:00:00,58.95,58.8,59.8,58.4
422,2021-01-29 00:00:00,55.85,56.6,57.2,55.55
423,2021-03-03 00:00:00,54.5,55.0,56.15,53.65
424,2021-04-26 00:00:00,46.55,47.45,47.45,46.3
425,2021-05-12 00:00:00,48.25,49.75,51.0,47.6
426,2021-05-17 00:00:00,48.45,49.0,49.85,48.25
427,2021-05-31 00:00:00,56.1,54.0,57.45,53.6
428,2021-06-07 00:00:00,58.65,56.05,60.0,55.85
429,2021-06-22 00:00:00,61.55,57.6,62.35,57.25
430,2021-07-08 00:00:00,72.15,71.1,76.35,71.0
431,2021-07-12 00:00:00,72.35,73.7,74.5,71.6
432,2021-07-19 00:00:00,71.35,72.7,73.35,71.05
433,2021-08-10 00:00:00,83.35,85.0,91.7,81.3
434,2021-09-03 00:00:00,93.4,95.9,96.4,92.75
435,2021-09-09 00:00:00,93.1,93.3,94.05,92.65
436,2021-10-06 00:00:00,99.2,104.9,106.55,98.15
437,2021-10-27 00:00:00,99.5,100.15,103.3,99.35
438,2021-11-03 00:00:00,94.1,93.75,96.3,93.65
439,2022-02-09 00:00:00,108.25,111.2,111.6,108.0
440,2022-02-17 00:00:00,96.5,98.2,100.9,96.0
441,2022-04-12 00:00:00,103.95,106.25,107.45,102.7
442,2022-05-30 00:00:00,102.7,103.15,104.35,102.2
443,2022-06-29 00:00:00,100.65,101.0,102.2,100.5
444,2022-06-30 00:00:00,102.0,101.2,105.5,100.55
445,2022-07-11 00:00:00,123.95,120.45,126.7,120.2
446,2022-07-20 00:00:00,128.2,132.5,134.5,127.5
447,2022-08-12 00:00:00,133.75,137.5,139.7,132.55
448,2022-08-18 00:00:00,136.1,135.0,137.75,133.55
449,2022-08-26 00:00:00,157.9,156.0,162.3,154.0
450,2022-12-01 00:00:00,190.1,184.0,190.45,181.05
451,2022-12-21 00:00:00,196.6,211.8,213.8,196.45
452,2023-01-09 00:00:00,228.55,232.85,236.7,227.05
453,2023-02-06 00:00:00,206.5,193.3,206.5,193.3
454,2023-02-08 00:00:00,213.05,210.3,216.0,205.1
455,2023-04-20 00:00:00,331.35,302.4,343.7,301.15
456,2023-06-30 00:00:00,503.8,511.55,514.1,494.0
457,2023-07-17 00:00:00,543.3,539.7,558.25,538.6
458,2021-01-13 00:00:00,59.05,58.7,61.35,58.1
459,2021-01-28 00:00:00,56.1,56.7,57.85,55.35
460,2021-02-12 00:00:00,50.45,51.7,51.75,50.25
461,2021-03-12 00:00:00,51.8,53.2,53.5,51.5
462,2021-03-17 00:00:00,50.0,51.6,52.8,49.55
463,2021-03-22 00:00:00,48.7,48.1,49.75,48.1
464,2021-04-22 00:00:00,47.3,46.15,49.1,46.15
465,2021-04-27 00:00:00,46.7,46.55,47.2,46.35
466,2021-05-25 00:00:00,52.15,52.65,53.25,51.9
467,2021-06-09 00:00:00,55.55,58.7,58.75,54.9
468,2021-06-28 00:00:00,69.1,65.95,70.2,65.0
469,2021-09-06 00:00:00,90.85,93.9,94.35,89.65
470,2021-09-08 00:00:00,94.0,94.9,95.5,92.5
471,2021-09-29 00:00:00,94.65,95.0,96.3,94.0
472,2021-10-05 00:00:00,104.2,106.15,107.1,103.25
473,2021-10-26 00:00:00,99.3,99.8,101.45,98.0
474,2021-11-02 00:00:00,93.3,94.95,95.9,93.05
475,2022-01-25 00:00:00,114.6,109.95,119.4,107.4
476,2022-02-02 00:00:00,114.55,112.8,116.8,111.35
477,2022-03-09 00:00:00,87.4,87.75,90.0,85.6
478,2022-03-10 00:00:00,89.85,89.55,91.85,88.15
479,2022-03-24 00:00:00,99.1,101.3,102.9,97.95
480,2022-04-06 00:00:00,107.4,111.2,111.2,106.05
481,2022-04-11 00:00:00,106.15,107.25,107.5,105.45
482,2022-07-07 00:00:00,121.6,117.0,122.6,114.15
483,2022-08-01 00:00:00,129.9,126.9,131.2,125.2
484,2022-08-02 00:00:00,126.6,129.0,129.4,125.7
485,2022-10-28 00:00:00,158.2,160.7,160.7,157.0
486,2023-05-03 00:00:00,353.3,331.8,358.0,325.7
487,2023-05-22 00:00:00,332.7,325.05,339.85,325.05
488,2023-05-29 00:00:00,356.4,351.0,363.8,346.8
489,2023-06-21 00:00:00,469.0,490.75,492.95,457.6
490,2023-07-06 00:00:00,521.15,511.5,529.0,506.75
491,2021-01-18 00:00:00,57.25,59.15,59.75,56.7
492,2021-03-15 00:00:00,50.8,51.9,51.9,50.2
493,2021-03-16 00:00:00,51.1,50.8,52.6,50.05
494,2021-04-05 00:00:00,48.6,46.9,49.7,46.35
495,2021-04-13 00:00:00,48.55,47.0,48.95,46.45
496,2021-04-16 00:00:00,49.2,48.15,49.6,47.6
497,2021-06-02 00:00:00,55.95,56.5,56.75,55.4
498,2021-06-10 00:00:00,56.5,56.0,57.5,55.6
499,2021-07-02 00:00:00,71.65,69.4,73.3,68.5
500,2021-07-23 00:00:00,73.6,73.3,74.4,73.0
501,2021-08-12 00:00:00,87.55,83.0,88.7,82.75
502,2021-09-14 00:00:00,93.15,92.1,94.7,92.1
503,2021-11-17 00:00:00,93.0,94.0,94.4,92.4
504,2021-12-01 00:00:00,86.8,86.25,88.35,86.25
505,2021-12-13 00:00:00,90.45,91.9,92.6,90.1
506,2022-01-10 00:00:00,102.4,97.8,103.5,97.75
507,2022-01-19 00:00:00,111.75,107.5,114.0,106.75
508,2022-03-03 00:00:00,86.85,87.2,88.4,86.25
509,2022-05-09 00:00:00,98.2,101.6,101.6,97.8
510,2022-05-16 00:00:00,104.25,102.55,105.5,101.5
511,2022-05-17 00:00:00,104.5,104.9,105.5,103.5
512,2022-05-31 00:00:00,100.45,100.0,102.5,98.5
513,2022-08-10 00:00:00,136.65,130.9,137.4,128.0
514,2022-08-25 00:00:00,156.15,151.25,158.0,150.3
515,2022-09-16 00:00:00,152.3,158.85,158.85,152.3
516,2022-09-22 00:00:00,150.5,149.0,154.65,147.5
517,2022-10-18 00:00:00,161.35,164.0,166.0,160.0
518,2022-12-02 00:00:00,197.8,192.0,198.95,189.0
519,2023-02-13 00:00:00,208.9,216.6,220.1,206.6
520,2023-02-27 00:00:00,208.1,215.3,217.15,207.15
521,2023-03-13 00:00:00,239.0,253.9,255.0,232.0
522,2023-03-21 00:00:00,241.85,238.25,242.95,238.1
523,2023-05-17 00:00:00,325.0,327.5,334.3,324.1
524,2023-07-03 00:00:00,514.25,506.4,518.0,505.0
525,2023-07-11 00:00:00,511.45,500.0,515.85,500.0
526,2023-08-08 00:00:00,650.75,652.0,660.5,645.7
527,2023-08-11 00:00:00,665.0,664.9,674.95,660.2
528,2021-02-01 00:00:00,53.7,55.25,56.2,52.8
529,2021-02-15 00:00:00,52.85,52.0,53.85,52.0
530,2021-02-25 00:00:00,51.65,51.0,52.45,50.5
531,2021-03-04 00:00:00,55.45,54.4,57.0,54.05
532,2021-04-15 00:00:00,48.15,47.85,48.5,47.15
533,2021-05-21 00:00:00,53.85,52.35,55.7,52.1
534,2021-06-17 00:00:00,57.0,56.1,59.2,55.5
535,2021-07-15 00:00:00,74.0,73.0,74.8,72.65
536,2021-08-03 00:00:00,92.9,92.15,96.8,89.05
537,2021-09-22 00:00:00,92.2,92.3,94.3,90.85
538,2021-10-25 00:00:00,99.4,101.7,102.0,98.15
539,2021-12-27 00:00:00,89.55,87.1,90.15,87.1
540,2021-12-29 00:00:00,92.8,90.4,93.9,90.15
541,2022-01-17 00:00:00,114.2,115.5,117.3,113.45
542,2022-01-31 00:00:00,111.8,114.7,115.9,110.55
543,2022-02-03 00:00:00,110.6,114.0,115.8,109.0
544,2022-02-04 00:00:00,115.35,111.6,117.5,110.3
545,2022-03-23 00:00:00,101.6,100.95,105.0,100.2
546,2022-04-19 00:00:00,101.85,102.5,105.8,99.8
547,2022-05-10 00:00:00,104.9,98.9,106.65,98.8
548,2022-06-01 00:00:00,98.55,98.65,100.15,98.1
549,2022-06-08 00:00:00,100.8,102.35,103.15,100.55
550,2022-06-21 00:00:00,97.75,94.5,98.0,94.05
551,2022-06-27 00:00:00,99.45,97.6,101.5,97.25
552,2022-07-01 00:00:00,102.35,101.75,103.25,100.85
553,2022-08-29 00:00:00,164.45,153.35,166.0,151.45
554,2022-10-06 00:00:00,159.9,158.8,163.6,156.6
555,2022-10-19 00:00:00,162.2,160.1,164.9,157.6
556,2022-10-25 00:00:00,158.4,162.9,163.25,157.0
557,2022-11-04 00:00:00,160.35,159.2,164.0,157.75
558,2022-11-14 00:00:00,166.0,164.0,167.6,161.0
559,2023-02-17 00:00:00,214.75,214.9,220.0,212.6
560,2023-06-20 00:00:00,483.3,475.05,499.7,469.65
561,2023-07-13 00:00:00,530.3,524.2,543.0,516.15
562,2023-07-24 00:00:00,634.4,671.95,675.0,627.6
563,2023-08-04 00:00:00,651.55,645.9,664.6,645.9
564,2021-01-15 00:00:00,59.3,59.5,61.25,59.05
565,2021-02-17 00:00:00,51.7,51.75,52.7,51.05
566,2021-02-24 00:00:00,49.4,49.2,49.7,48.95
567,2021-03-09 00:00:00,52.25,53.15,54.0,51.25
568,2021-04-28 00:00:00,46.95,47.0,47.45,46.65
569,2021-05-19 00:00:00,48.3,48.7,49.7,48.2
570,2021-06-08 00:00:00,57.75,59.0,61.2,57.25
571,2021-08-20 00:00:00,92.4,96.05,96.25,91.5
572,2021-08-23 00:00:00,85.15,94.0,94.65,84.5
573,2021-09-01 00:00:00,94.6,93.6,96.7,93.0
574,2021-10-13 00:00:00,101.4,100.05,102.5,98.1
575,2021-10-29 00:00:00,94.25,97.45,97.45,92.6
576,2021-11-11 00:00:00,93.7,94.6,95.7,93.0
577,2021-11-18 00:00:00,93.05,93.0,95.6,92.1
578,2021-12-02 00:00:00,89.35,87.1,90.5,87.1
579,2021-12-06 00:00:00,87.25,88.1,89.85,86.1
580,2021-12-16 00:00:00,88.2,90.2,90.55,86.9
581,2022-01-24 00:00:00,110.95,118.25,122.0,109.55
582,2022-02-16 00:00:00,97.95,98.9,100.55,96.9
583,2022-02-18 00:00:00,96.6,97.2,97.95,95.2
584,2022-03-22 00:00:00,100.35,100.5,101.5,98.0
585,2022-06-03 00:00:00,98.2,100.4,100.7,98.05
586,2022-06-16 00:00:00,101.35,109.35,109.35,100.85
587,2022-06-24 00:00:00,96.25,95.1,97.4,95.1
588,2022-06-28 00:00:00,101.8,99.45,102.4,98.15
589,2022-07-28 00:00:00,127.7,129.6,132.5,126.55
590,2022-08-08 00:00:00,130.3,123.05,131.4,120.5
591,2022-08-24 00:00:00,152.15,146.9,155.5,146.9
592,2022-09-19 00:00:00,149.6,152.0,153.9,144.7
593,2022-11-09 00:00:00,164.35,176.75,176.75,163.0
594,2022-12-09 00:00:00,201.6,207.25,207.35,197.45
595,2023-01-13 00:00:00,221.9,220.85,228.0,218.8
596,2023-03-06 00:00:00,226.9,219.65,230.6,218.0
597,2023-03-29 00:00:00,250.35,240.3,253.0,238.0
598,2023-04-13 00:00:00,281.3,291.0,291.0,280.05
599,2023-04-18 00:00:00,295.35,290.45,302.85,288.6
600,2023-05-10 00:00:00,337.3,340.8,340.8,330.15
601,2023-06-16 00:00:00,425.1,428.0,434.4,419.55
602,2023-07-12 00:00:00,521.95,513.2,524.1,505.3
603,2023-07-26 00:00:00,681.05,690.0,690.0,673.25
604,2021-01-12 00:00:00,58.25,58.95,59.45,58.1
605,2021-01-20 00:00:00,57.15,58.3,58.6,56.95
606,2021-01-22 00:00:00,55.75,54.8,57.7,54.4
607,2021-02-08 00:00:00,52.1,52.8,53.5,52.0
608,2021-02-26 00:00:00,50.35,50.9,51.8,50.0
609,2021-03-23 00:00:00,48.55,48.3,49.7,48.3
610,2021-04-30 00:00:00,47.1,46.9,48.05,46.3
611,2021-07-30 00:00:00,79.55,80.75,81.7,79.25
612,2021-09-30 00:00:00,97.4,95.0,98.9,94.8
613,2021-11-04 00:00:00,95.05,94.1,95.3,94.1
614,2021-11-22 00:00:00,94.5,94.0,101.9,93.5
615,2021-11-29 00:00:00,89.1,93.0,93.5,88.0
616,2022-01-12 00:00:00,113.35,118.25,121.8,112.35
617,2022-01-21 00:00:00,114.75,113.75,124.0,113.1
618,2022-02-22 00:00:00,89.0,90.5,90.5,86.8
619,2022-02-25 00:00:00,84.6,80.2,85.25,80.2
620,2022-03-04 00:00:00,85.5,84.0,87.8,83.3
621,2022-03-16 00:00:00,94.5,92.6,95.75,92.6
622,2022-03-28 00:00:00,101.15,101.5,102.55,99.75
623,2022-04-26 00:00:00,109.4,109.0,110.75,107.2
624,2022-05-05 00:00:00,105.1,103.1,105.85,102.4
625,2022-05-06 00:00:00,102.05,103.1,103.85,101.0
626,2022-05-12 00:00:00,100.35,97.0,101.7,96.85
627,2022-05-23 00:00:00,105.05,107.55,109.75,104.05
628,2022-06-06 00:00:00,102.05,98.2,102.85,98.2
629,2022-07-19 00:00:00,129.65,123.4,131.0,123.35
630,2022-09-05 00:00:00,167.95,166.5,171.95,164.35
631,2022-09-28 00:00:00,147.6,142.4,148.1,139.0
632,2022-12-20 00:00:00,206.75,196.85,206.75,195.2
633,2022-12-30 00:00:00,223.6,219.7,225.5,215.3
634,2023-02-02 00:00:00,206.2,209.15,221.15,206.2
635,2023-02-07 00:00:00,208.75,210.0,216.9,205.05
636,2023-02-21 00:00:00,211.15,220.0,220.0,210.6
637,2023-03-27 00:00:00,245.65,240.05,250.8,236.2
638,2023-04-05 00:00:00,273.9,278.4,280.0,270.0
639,2023-04-28 00:00:00,332.25,333.0,335.2,329.25
640,2023-05-08 00:00:00,340.05,344.45,346.7,339.2
641,2023-05-18 00:00:00,330.65,327.4,334.75,327.05
642,2023-06-01 00:00:00,355.35,354.1,360.95,353.0
643,2023-06-02 00:00:00,378.0,355.35,388.3,355.35
644,2023-06-07 00:00:00,391.0,387.65,401.3,381.0
645,2023-06-08 00:00:00,395.4,394.05,410.0,385.0
646,2023-07-10 00:00:00,498.2,503.0,503.0,482.0
647,2023-07-27 00:00:00,677.95,684.0,699.0,670.05
648,2023-08-09 00:00:00,653.25,650.8,659.9,640.0
649,2023-08-10 00:00:00,663.4,657.4,692.0,654.2
