,time,close,open,high,low
0,2021-03-31 00:00:00,10.8,11.25,11.25,10.65
1,2021-01-07 00:00:00,11.4,11.9,11.9,11.2
2,2021-04-19 00:00:00,10.05,10.0,10.2,9.6
3,2021-05-14 00:00:00,17.0,18.15,18.15,16.45
4,2021-01-29 00:00:00,11.85,12.0,12.4,11.5
5,2021-02-01 00:00:00,12.25,12.0,12.4,12.0
6,2021-02-02 00:00:00,12.05,12.6,12.85,12.0
7,2021-03-09 00:00:00,10.2,10.3,10.55,10.15
8,2021-03-26 00:00:00,10.85,11.4,11.4,10.7
9,2021-04-27 00:00:00,10.1,10.05,10.3,9.85
10,2021-05-04 00:00:00,12.45,12.15,12.65,11.35
11,2021-05-07 00:00:00,15.0,15.0,15.0,15.0
12,2021-01-14 00:00:00,10.9,10.6,11.15,10.6
13,2021-01-25 00:00:00,11.65,11.65,11.65,11.4
14,2021-01-28 00:00:00,11.85,12.8,12.8,11.6
15,2021-02-26 00:00:00,10.5,10.8,11.0,10.4
16,2021-05-12 00:00:00,17.3,17.3,17.3,17.3
17,2021-02-22 00:00:00,10.8,10.95,11.15,10.55
18,2021-03-17 00:00:00,10.4,11.0,11.05,10.4
19,2021-04-08 00:00:00,11.05,11.25,11.5,10.75
20,2021-04-23 00:00:00,9.85,10.2,10.2,9.7
21,2021-01-05 00:00:00,11.35,11.15,11.55,10.8
22,2021-01-15 00:00:00,10.8,11.2,11.2,10.75
23,2021-01-21 00:00:00,10.85,10.65,11.15,10.65
24,2021-02-03 00:00:00,11.85,12.2,12.45,11.8
25,2021-02-15 00:00:00,10.75,11.0,11.1,10.6
26,2021-03-12 00:00:00,10.75,10.55,10.8,10.2
27,2021-03-16 00:00:00,10.8,11.2,11.25,10.75
28,2021-03-23 00:00:00,11.0,11.2,11.35,10.9
29,2021-04-13 00:00:00,10.0,10.2,11.0,9.7
30,2021-04-22 00:00:00,10.0,9.6,10.2,9.6
31,2021-05-03 00:00:00,11.5,11.4,12.0,10.5
32,2021-03-05 00:00:00,10.5,10.55,10.95,10.25
33,2021-03-24 00:00:00,10.95,10.85,11.25,10.8
34,2021-03-30 00:00:00,11.05,10.65,11.25,10.65
35,2021-01-11 00:00:00,11.0,11.65,11.65,10.95
36,2021-01-22 00:00:00,11.1,10.8,11.25,10.65
37,2021-02-05 00:00:00,11.7,11.45,11.85,10.75
38,2021-02-12 00:00:00,11.05,11.05,11.45,11.0
39,2021-04-06 00:00:00,10.95,10.75,11.1,10.6
40,2021-04-12 00:00:00,10.2,11.0,11.0,10.0
41,2021-04-16 00:00:00,10.0,9.9,10.4,9.9
42,2021-05-11 00:00:00,16.5,16.5,16.5,16.5
43,2021-03-04 00:00:00,10.5,10.1,10.75,10.1
44,2021-03-10 00:00:00,10.3,10.05,10.45,10.05
45,2021-04-26 00:00:00,9.85,10.0,10.0,9.8
46,2021-02-09 00:00:00,11.35,11.45,11.75,11.35
47,2021-04-07 00:00:00,11.15,11.15,11.45,10.95
48,2021-01-06 00:00:00,11.5,11.55,11.9,11.3
49,2021-01-13 00:00:00,10.9,10.5,10.9,10.5
50,2021-02-04 00:00:00,11.3,11.55,12.2,11.3
51,2021-02-10 00:00:00,11.0,11.4,11.6,10.9
52,2021-02-11 00:00:00,11.05,10.9,11.2,10.9
53,2021-02-16 00:00:00,10.35,10.5,10.85,10.25
54,2021-02-17 00:00:00,10.85,10.35,10.85,10.35
55,2021-02-24 00:00:00,10.8,11.45,11.45,10.75
56,2021-02-25 00:00:00,10.85,11.25,11.25,10.7
57,2021-03-01 00:00:00,10.45,10.7,10.7,10.3
58,2021-03-15 00:00:00,11.05,11.15,11.25,10.5
59,2021-04-05 00:00:00,10.85,11.3,11.3,10.6
60,2021-04-28 00:00:00,10.6,10.3,10.7,10.1
61,2021-05-10 00:00:00,15.75,15.75,15.75,15.75
62,2021-01-12 00:00:00,10.85,11.0,11.1,10.75
63,2021-01-20 00:00:00,10.9,11.05,11.05,10.8
64,2021-02-23 00:00:00,11.15,11.05,11.3,10.75
65,2021-03-03 00:00:00,10.4,10.25,10.5,10.2
66,2021-03-08 00:00:00,10.45,10.75,10.85,10.15
67,2021-03-19 00:00:00,11.05,10.65,11.35,10.55
68,2021-04-15 00:00:00,10.0,9.9,10.25,9.9
69,2021-04-29 00:00:00,11.3,10.85,11.65,10.5
70,2021-01-04 00:00:00,11.15,11.8,12.0,11.15
71,2021-01-19 00:00:00,10.85,10.8,11.2,10.65
72,2021-03-02 00:00:00,10.25,10.85,10.85,10.15
73,2021-04-09 00:00:00,11.1,11.3,11.3,11.0
74,2021-05-05 00:00:00,13.65,12.8,13.65,12.7
75,2021-05-06 00:00:00,14.3,14.3,14.3,14.3
76,2021-01-18 00:00:00,10.7,10.55,10.9,10.55
77,2021-02-19 00:00:00,10.7,10.9,10.9,10.6
78,2021-03-22 00:00:00,11.0,11.25,11.25,10.85
79,2021-01-01 00:00:00,11.65,11.8,12.0,11.4
80,2021-01-08 00:00:00,11.4,11.6,11.6,11.3
81,2021-02-08 00:00:00,11.5,12.1,12.15,11.35
82,2021-02-18 00:00:00,10.95,11.35,11.35,10.8
83,2021-03-18 00:00:00,10.85,10.6,10.9,10.5
84,2021-04-20 00:00:00,9.8,9.85,10.2,9.65
85,2021-01-27 00:00:00,12.2,12.2,12.2,12.15
86,2021-03-25 00:00:00,10.9,10.7,11.45,10.7
87,2021-04-01 00:00:00,10.95,11.0,11.25,10.7
88,2021-04-30 00:00:00,10.95,11.0,11.75,10.65
89,2021-05-27 00:00:00,19.3,19.4,20.1,18.85
90,2021-06-15 00:00:00,16.8,17.2,17.2,16.1
91,2021-05-19 00:00:00,18.9,19.6,19.6,18.2
92,2021-06-01 00:00:00,17.55,18.45,18.45,17.55
93,2021-05-24 00:00:00,18.05,17.5,18.25,16.55
94,2021-06-04 00:00:00,16.85,17.65,17.7,16.55
95,2021-06-08 00:00:00,16.85,17.5,17.55,16.75
96,2021-06-29 00:00:00,25.55,25.55,25.55,25.55
97,2021-07-30 00:00:00,27.3,27.0,27.3,26.0
98,2021-09-01 00:00:00,26.95,27.95,27.95,26.4
99,2021-10-26 00:00:00,32.8,31.65,34.3,31.1
100,2021-11-03 00:00:00,27.9,27.9,27.9,27.9
101,2021-11-10 00:00:00,31.8,32.4,32.6,31.2
102,2021-12-08 00:00:00,42.85,42.85,44.0,42.85
103,2021-12-17 00:00:00,60.05,60.05,60.05,54.55
104,2021-12-27 00:00:00,71.05,71.0,71.05,69.0
105,2021-12-28 00:00:00,67.5,74.6,74.6,67.5
106,2022-01-31 00:00:00,47.65,51.45,51.6,47.0
107,2022-02-01 00:00:00,48.15,48.0,49.35,47.0
108,2022-02-18 00:00:00,49.7,49.25,50.95,49.0
109,2022-03-11 00:00:00,55.35,55.3,55.35,54.0
110,2022-03-21 00:00:00,56.6,55.1,58.35,55.0
111,2022-03-24 00:00:00,52.05,52.5,53.9,50.55
112,2022-04-13 00:00:00,61.45,61.0,61.45,60.75
113,2022-05-30 00:00:00,52.8,49.1,52.8,49.1
114,2022-07-18 00:00:00,50.45,50.65,50.65,49.35
115,2022-07-19 00:00:00,50.35,50.4,51.0,49.8
116,2022-08-19 00:00:00,54.85,54.9,55.75,53.65
117,2022-09-05 00:00:00,55.65,55.8,56.0,55.1
118,2022-09-07 00:00:00,54.5,57.8,59.25,54.5
119,2022-09-09 00:00:00,53.3,53.9,54.3,51.6
120,2022-10-13 00:00:00,50.6,52.25,52.4,49.8
121,2022-10-28 00:00:00,55.05,55.75,55.95,54.0
122,2022-10-31 00:00:00,55.95,55.0,56.75,54.7
123,2022-11-22 00:00:00,50.85,46.5,53.0,46.5
124,2023-02-01 00:00:00,63.1,65.25,66.0,61.0
125,2023-04-18 00:00:00,74.35,72.8,75.75,72.4
126,2023-04-24 00:00:00,70.15,71.2,72.2,69.85
127,2023-05-04 00:00:00,75.7,75.0,78.0,73.3
128,2023-05-08 00:00:00,74.3,75.6,75.6,73.05
129,2023-06-28 00:00:00,76.15,78.2,78.8,75.55
130,2021-07-05 00:00:00,30.95,30.95,30.95,30.95
131,2021-07-01 00:00:00,28.1,28.1,28.1,28.1
132,2021-07-07 00:00:00,28.0,28.0,28.0,28.0
133,2021-07-20 00:00:00,26.05,26.05,26.05,26.05
134,2021-08-27 00:00:00,26.6,26.65,27.1,25.15
135,2021-08-06 00:00:00,27.1,28.0,28.9,26.35
136,2021-11-15 00:00:00,31.35,30.45,31.35,30.25
137,2021-08-20 00:00:00,26.35,25.95,26.6,24.15
138,2021-12-29 00:00:00,64.35,64.15,67.3,64.15
139,2021-08-26 00:00:00,26.1,26.75,26.75,25.55
140,2022-01-07 00:00:00,56.7,60.25,61.3,56.7
141,2021-08-31 00:00:00,26.9,27.5,27.5,26.3
142,2021-09-15 00:00:00,29.45,29.0,29.8,28.0
143,2022-02-16 00:00:00,51.5,52.95,53.7,51.05
144,2022-03-17 00:00:00,57.3,58.4,60.4,55.8
145,2021-10-04 00:00:00,28.4,28.1,29.4,28.0
146,2022-07-05 00:00:00,52.4,54.0,54.95,51.95
147,2021-12-10 00:00:00,47.15,46.7,47.15,45.55
148,2022-07-29 00:00:00,56.9,54.5,57.55,53.6
149,2022-01-20 00:00:00,50.55,50.55,54.3,50.55
150,2022-01-24 00:00:00,45.65,45.65,47.8,45.65
151,2022-08-17 00:00:00,56.05,57.0,57.65,55.0
152,2022-08-18 00:00:00,53.95,56.9,56.9,53.5
153,2022-02-11 00:00:00,54.2,50.4,54.2,50.4
154,2022-09-13 00:00:00,53.15,53.25,53.6,52.5
155,2022-04-26 00:00:00,64.15,63.85,66.45,63.0
156,2022-05-09 00:00:00,58.05,53.55,58.05,53.5
157,2022-09-29 00:00:00,49.35,49.9,50.15,48.25
158,2022-10-10 00:00:00,50.65,48.95,54.9,48.1
159,2022-05-18 00:00:00,56.75,60.0,60.0,56.5
160,2022-11-09 00:00:00,50.65,52.2,53.0,50.05
161,2022-05-19 00:00:00,55.05,54.1,57.95,54.0
162,2022-11-25 00:00:00,50.25,51.45,53.25,49.8
163,2022-06-21 00:00:00,51.75,49.3,51.75,49.3
164,2022-12-07 00:00:00,52.25,51.2,54.45,51.2
165,2022-07-06 00:00:00,50.55,53.5,53.5,49.85
166,2022-07-22 00:00:00,51.65,50.8,51.95,50.55
167,2022-12-23 00:00:00,46.95,49.7,49.7,45.45
168,2022-12-26 00:00:00,50.2,48.95,50.7,48.0
169,2022-08-08 00:00:00,56.0,58.75,58.8,55.75
170,2023-01-10 00:00:00,53.6,55.5,56.5,53.4
171,2022-09-08 00:00:00,53.1,54.25,55.05,52.5
172,2023-01-12 00:00:00,54.1,55.1,55.1,53.55
173,2022-12-02 00:00:00,51.2,50.95,52.0,50.8
174,2023-01-18 00:00:00,57.05,57.5,57.95,56.4
175,2022-12-09 00:00:00,53.6,53.0,55.5,52.55
176,2023-03-01 00:00:00,69.05,68.3,72.0,68.25
177,2022-12-14 00:00:00,52.8,54.95,55.0,52.4
178,2023-01-05 00:00:00,55.15,56.7,57.7,54.55
179,2023-03-31 00:00:00,73.45,73.7,74.6,72.75
180,2023-04-17 00:00:00,72.8,70.25,73.85,69.6
181,2023-01-20 00:00:00,56.95,59.4,60.9,56.05
182,2023-05-02 00:00:00,71.7,70.6,74.0,70.6
183,2023-01-25 00:00:00,62.3,57.65,65.75,55.5
184,2023-05-16 00:00:00,74.05,75.6,75.9,73.8
185,2023-02-02 00:00:00,63.55,64.95,64.95,61.65
186,2023-06-05 00:00:00,76.2,72.6,76.75,72.4
187,2023-02-07 00:00:00,68.65,71.0,71.7,68.0
188,2023-02-15 00:00:00,69.2,70.05,74.0,67.8
189,2023-07-04 00:00:00,77.05,75.75,77.4,75.1
190,2023-08-09 00:00:00,88.05,88.05,89.5,86.4
191,2023-06-06 00:00:00,77.8,79.0,79.7,77.15
192,2023-06-13 00:00:00,79.6,76.15,81.35,76.0
193,2023-06-19 00:00:00,78.1,78.7,80.95,76.3
194,2023-06-20 00:00:00,78.85,78.1,80.3,77.3
195,2021-06-03 00:00:00,16.95,17.0,17.5,16.4
196,2021-06-10 00:00:00,17.15,18.0,18.05,16.85
197,2021-06-14 00:00:00,16.8,17.0,17.75,16.15
198,2021-08-04 00:00:00,28.55,31.5,31.55,28.55
199,2021-08-05 00:00:00,27.55,28.55,28.55,27.15
200,2021-08-18 00:00:00,25.4,24.7,25.4,23.0
201,2021-08-25 00:00:00,25.9,24.6,26.65,24.5
202,2021-09-17 00:00:00,28.85,27.95,29.1,27.65
203,2021-10-05 00:00:00,28.8,29.3,29.5,28.1
204,2021-10-22 00:00:00,34.4,36.95,37.4,34.4
205,2021-11-01 00:00:00,30.85,34.05,34.05,30.85
206,2021-11-12 00:00:00,29.9,31.95,32.4,29.8
207,2022-01-04 00:00:00,59.85,62.9,64.65,59.85
208,2022-02-04 00:00:00,55.7,55.7,55.7,55.7
209,2022-02-21 00:00:00,47.4,49.0,49.0,47.25
210,2022-04-18 00:00:00,61.55,62.0,62.55,58.65
211,2022-06-08 00:00:00,53.3,53.25,55.65,52.45
212,2022-06-10 00:00:00,58.65,55.7,58.65,53.35
213,2022-06-15 00:00:00,54.6,55.0,56.9,54.25
214,2022-06-24 00:00:00,50.7,48.7,51.7,48.7
215,2022-08-01 00:00:00,56.25,59.0,59.0,56.0
216,2022-08-16 00:00:00,55.95,55.15,57.9,54.9
217,2022-09-02 00:00:00,54.8,56.7,56.7,53.65
218,2022-09-30 00:00:00,48.95,50.0,50.0,48.15
219,2022-10-21 00:00:00,54.5,54.0,56.4,54.0
220,2022-11-01 00:00:00,55.8,56.0,56.9,55.0
221,2022-11-03 00:00:00,55.85,56.15,56.7,54.6
222,2022-11-17 00:00:00,47.15,47.8,47.8,46.4
223,2022-12-15 00:00:00,52.55,53.0,53.7,52.1
224,2022-12-27 00:00:00,54.5,51.0,55.0,50.65
225,2022-12-29 00:00:00,54.5,54.95,55.4,54.0
226,2023-01-27 00:00:00,60.7,62.5,65.7,59.75
227,2023-02-10 00:00:00,65.75,68.0,68.2,65.5
228,2023-03-02 00:00:00,67.95,69.05,69.55,67.3
229,2023-03-08 00:00:00,84.55,80.05,85.45,79.95
230,2023-04-03 00:00:00,74.05,72.0,74.45,72.0
231,2023-05-05 00:00:00,75.05,76.8,76.8,73.0
232,2023-05-24 00:00:00,73.05,71.5,73.45,71.0
233,2023-06-15 00:00:00,78.35,79.15,82.1,78.1
234,2023-06-16 00:00:00,78.7,78.65,79.9,78.1
235,2023-07-20 00:00:00,82.1,79.5,83.8,79.5
236,2023-07-26 00:00:00,83.55,83.45,84.85,82.8
237,2021-06-17 00:00:00,17.35,17.5,17.8,16.75
238,2021-07-13 00:00:00,27.55,27.6,28.45,27.55
239,2021-08-12 00:00:00,25.6,26.0,26.5,25.0
240,2021-09-08 00:00:00,26.75,27.45,27.45,26.3
241,2021-09-22 00:00:00,27.45,26.5,27.45,26.15
242,2021-09-23 00:00:00,28.8,28.8,28.8,28.8
243,2021-09-30 00:00:00,28.9,27.9,29.5,27.9
244,2021-10-07 00:00:00,29.0,28.65,29.5,28.65
245,2021-10-19 00:00:00,36.85,38.3,38.3,34.7
246,2021-10-29 00:00:00,32.45,32.25,32.45,29.7
247,2021-11-26 00:00:00,35.45,35.45,35.45,35.45
248,2021-12-22 00:00:00,61.45,60.0,61.45,56.5
249,2022-01-18 00:00:00,56.0,56.0,56.0,56.0
250,2022-03-23 00:00:00,52.8,55.05,55.2,52.25
251,2022-05-04 00:00:00,57.35,58.6,61.6,56.85
252,2022-06-23 00:00:00,50.3,52.85,52.85,49.75
253,2022-08-11 00:00:00,54.6,54.0,55.0,54.0
254,2022-10-12 00:00:00,52.25,51.5,52.7,51.1
255,2022-10-14 00:00:00,50.9,50.75,52.5,42.1
256,2022-12-06 00:00:00,54.55,52.4,56.9,52.0
257,2022-12-12 00:00:00,54.6,54.5,55.9,54.05
258,2023-02-06 00:00:00,70.15,70.35,73.9,67.45
259,2023-03-14 00:00:00,81.25,77.5,82.15,76.5
260,2023-04-20 00:00:00,71.55,72.35,73.35,71.25
261,2023-04-26 00:00:00,70.6,71.25,73.65,70.2
262,2023-06-22 00:00:00,78.1,79.25,79.85,77.25
263,2023-06-26 00:00:00,76.05,77.0,77.05,75.2
264,2023-06-27 00:00:00,77.7,76.3,79.15,76.25
265,2023-07-07 00:00:00,77.4,76.05,78.2,75.55
266,2023-07-28 00:00:00,87.55,87.9,88.75,86.6
267,2021-06-22 00:00:00,20.05,20.05,20.05,20.05
268,2021-07-23 00:00:00,28.5,28.7,28.7,27.35
269,2021-08-10 00:00:00,25.9,25.65,27.4,25.55
270,2021-08-24 00:00:00,25.4,24.0,26.0,24.0
271,2021-09-07 00:00:00,27.4,26.1,27.5,26.1
272,2021-09-13 00:00:00,27.05,26.8,27.2,26.55
273,2021-09-16 00:00:00,28.4,29.4,29.45,28.0
274,2021-12-13 00:00:00,49.5,49.4,49.5,46.95
275,2021-12-16 00:00:00,57.2,57.2,57.2,57.2
276,2022-01-03 00:00:00,63.0,64.8,64.8,61.6
277,2022-01-13 00:00:00,48.45,51.0,51.6,48.45
278,2022-02-17 00:00:00,49.9,51.2,51.6,49.25
279,2022-02-23 00:00:00,47.8,45.6,49.85,45.6
280,2022-02-25 00:00:00,47.7,46.8,47.7,45.65
281,2022-03-03 00:00:00,52.3,55.15,55.15,50.0
282,2022-05-16 00:00:00,58.25,57.0,59.9,54.65
283,2022-06-01 00:00:00,58.15,58.15,58.15,58.15
284,2022-06-16 00:00:00,54.35,53.8,56.9,51.9
285,2022-08-24 00:00:00,53.3,53.5,55.25,52.2
286,2022-11-29 00:00:00,50.3,51.3,51.45,49.95
287,2022-12-13 00:00:00,54.35,55.25,55.25,54.0
288,2022-12-30 00:00:00,53.75,54.8,56.1,52.8
289,2023-01-06 00:00:00,53.3,56.0,56.0,52.75
290,2023-01-24 00:00:00,57.65,58.85,60.95,56.25
291,2023-01-31 00:00:00,64.6,63.2,66.15,61.7
292,2023-04-05 00:00:00,72.9,74.45,75.55,72.1
293,2023-04-11 00:00:00,70.4,69.2,71.5,68.85
294,2023-04-19 00:00:00,72.35,75.0,75.8,72.05
295,2023-04-28 00:00:00,70.55,71.6,72.2,70.2
296,2023-05-09 00:00:00,74.1,74.7,75.45,73.5
297,2023-05-17 00:00:00,72.35,74.5,74.65,72.0
298,2023-05-25 00:00:00,73.2,73.35,74.05,72.05
299,2023-06-01 00:00:00,73.0,73.35,74.0,72.55
300,2023-06-21 00:00:00,79.25,78.9,82.15,78.1
301,2023-08-16 00:00:00,81.75,82.65,83.95,81.3
302,2021-05-17 00:00:00,17.85,17.75,17.85,17.5
303,2021-06-16 00:00:00,17.25,16.9,17.4,16.4
304,2021-07-02 00:00:00,29.5,29.5,29.5,29.5
305,2021-07-27 00:00:00,25.8,27.2,27.2,25.8
306,2021-08-09 00:00:00,26.85,27.65,27.65,26.2
307,2021-08-16 00:00:00,24.25,25.6,26.15,24.0
308,2021-09-09 00:00:00,26.8,26.5,27.2,26.5
309,2021-10-11 00:00:00,30.15,29.35,30.25,28.85
310,2021-11-18 00:00:00,30.75,31.05,31.8,30.75
311,2021-12-02 00:00:00,43.05,43.05,43.05,38.95
312,2021-12-21 00:00:00,58.55,57.05,59.9,54.65
313,2022-01-10 00:00:00,53.9,54.1,58.0,53.9
314,2022-02-03 00:00:00,53.05,51.55,53.05,51.5
315,2022-02-10 00:00:00,51.65,51.0,54.45,51.0
316,2022-03-16 00:00:00,57.95,59.9,59.9,57.1
317,2022-03-25 00:00:00,49.65,51.85,53.0,49.45
318,2022-06-02 00:00:00,57.7,58.15,58.3,55.6
319,2022-06-07 00:00:00,54.05,54.5,56.9,54.0
320,2022-06-14 00:00:00,55.1,55.0,58.0,53.6
321,2022-07-11 00:00:00,52.0,52.1,52.3,50.5
322,2022-07-13 00:00:00,50.95,51.9,51.9,50.0
323,2022-07-21 00:00:00,50.55,51.05,51.05,50.1
324,2022-08-02 00:00:00,56.35,56.6,58.0,54.75
325,2022-08-04 00:00:00,56.35,56.75,57.9,55.8
326,2022-09-01 00:00:00,55.55,56.85,56.85,54.6
327,2022-09-16 00:00:00,54.3,55.9,55.95,54.0
328,2022-09-20 00:00:00,55.6,56.25,56.7,54.9
329,2022-09-27 00:00:00,49.2,49.6,51.85,48.15
330,2022-10-06 00:00:00,49.0,49.75,50.4,48.8
331,2022-10-24 00:00:00,55.3,55.5,56.95,54.0
332,2022-11-23 00:00:00,51.2,50.85,52.15,50.55
333,2023-02-23 00:00:00,68.55,67.45,69.85,66.95
334,2023-03-13 00:00:00,77.2,83.25,85.0,76.15
335,2023-03-28 00:00:00,72.3,67.1,72.95,66.95
336,2023-04-06 00:00:00,73.0,73.1,75.4,72.45
337,2023-05-10 00:00:00,74.85,74.45,77.25,71.55
338,2023-05-23 00:00:00,71.55,70.35,72.3,69.6
339,2023-05-26 00:00:00,74.0,73.4,74.7,72.5
340,2023-07-18 00:00:00,78.0,77.8,78.4,76.5
341,2023-08-11 00:00:00,83.65,87.1,87.5,81.0
342,2023-08-14 00:00:00,83.1,83.65,84.65,81.4
343,2021-05-31 00:00:00,18.45,19.35,19.4,18.05
344,2021-08-02 00:00:00,28.65,27.3,28.65,27.3
345,2021-06-18 00:00:00,18.2,17.35,18.2,17.0
346,2021-05-25 00:00:00,18.95,18.95,18.95,18.2
347,2021-07-16 00:00:00,23.7,25.4,25.4,23.7
348,2021-08-17 00:00:00,24.2,24.9,25.0,24.0
349,2021-10-18 00:00:00,36.5,36.5,36.5,35.4
350,2021-10-20 00:00:00,36.55,38.0,38.65,36.25
351,2021-11-02 00:00:00,29.35,30.5,30.5,29.35
352,2022-01-12 00:00:00,50.95,48.7,53.0,48.7
353,2022-03-15 00:00:00,60.1,60.9,61.0,59.0
354,2022-03-30 00:00:00,50.75,51.55,53.0,49.55
355,2022-04-20 00:00:00,67.8,67.8,67.8,66.05
356,2022-06-17 00:00:00,51.85,54.25,55.05,51.65
357,2022-06-22 00:00:00,51.9,51.75,53.4,51.6
358,2022-08-05 00:00:00,58.45,56.2,59.15,56.2
359,2022-09-12 00:00:00,52.2,54.4,54.7,52.0
360,2022-09-19 00:00:00,55.0,55.4,56.9,54.1
361,2022-10-27 00:00:00,55.3,56.45,57.5,54.95
362,2022-11-10 00:00:00,48.15,50.15,51.1,47.9
363,2022-11-24 00:00:00,50.95,51.4,52.2,50.75
364,2023-01-03 00:00:00,55.55,57.1,57.1,55.05
365,2023-01-13 00:00:00,56.65,54.7,58.8,53.7
366,2023-01-17 00:00:00,56.95,57.55,57.6,55.15
367,2023-02-08 00:00:00,67.05,69.05,69.75,66.55
368,2023-02-22 00:00:00,67.2,69.0,69.0,66.5
369,2023-02-24 00:00:00,69.05,68.95,69.6,67.35
370,2023-05-12 00:00:00,74.7,76.0,78.0,74.0
371,2023-08-08 00:00:00,87.75,85.45,89.5,84.75
372,2021-06-02 00:00:00,16.85,17.55,17.75,16.7
373,2021-07-26 00:00:00,27.15,29.25,29.6,27.1
374,2021-07-09 00:00:00,27.9,25.3,27.9,25.3
375,2021-09-02 00:00:00,26.6,27.45,27.45,26.0
376,2021-07-15 00:00:00,24.9,25.2,26.1,24.9
377,2021-09-21 00:00:00,26.15,28.0,28.0,26.1
378,2021-07-19 00:00:00,24.85,22.55,24.85,22.55
379,2021-09-27 00:00:00,28.75,28.5,29.35,27.3
380,2021-08-13 00:00:00,25.1,26.15,26.15,25.0
381,2021-10-21 00:00:00,36.2,38.25,38.25,35.3
382,2021-09-06 00:00:00,26.8,26.5,27.0,26.1
383,2022-02-08 00:00:00,55.55,58.0,58.0,55.55
384,2021-12-01 00:00:00,41.0,41.0,41.0,41.0
385,2022-02-09 00:00:00,52.9,52.8,58.3,52.8
386,2021-12-03 00:00:00,45.2,45.0,45.2,43.5
387,2022-03-02 00:00:00,52.55,50.05,52.55,50.0
388,2021-12-07 00:00:00,45.1,49.8,49.8,45.1
389,2022-03-09 00:00:00,52.35,50.1,52.35,49.2
390,2021-12-20 00:00:00,57.05,60.0,60.0,57.05
391,2022-03-14 00:00:00,58.1,58.1,58.1,56.0
392,2022-01-06 00:00:00,59.65,54.1,59.7,54.1
393,2022-04-28 00:00:00,65.15,67.55,67.7,65.0
394,2022-02-22 00:00:00,47.5,45.15,48.4,45.05
395,2022-05-13 00:00:00,57.5,57.4,60.0,57.25
396,2022-02-28 00:00:00,50.05,47.95,50.05,46.0
397,2022-07-01 00:00:00,52.15,50.85,52.3,50.1
398,2022-03-04 00:00:00,54.35,52.3,54.9,50.5
399,2022-07-15 00:00:00,50.65,49.25,51.4,49.25
400,2022-04-21 00:00:00,64.65,70.0,71.15,64.45
401,2022-09-22 00:00:00,54.0,52.8,55.25,52.8
402,2022-05-02 00:00:00,59.8,61.7,63.0,59.65
403,2022-09-26 00:00:00,50.1,52.5,54.4,50.1
404,2022-05-26 00:00:00,51.6,52.5,52.75,48.4
405,2022-10-18 00:00:00,52.7,51.9,53.5,51.45
406,2022-06-29 00:00:00,50.85,51.35,52.3,50.7
407,2022-08-25 00:00:00,53.95,54.3,55.3,53.7
408,2022-10-25 00:00:00,55.2,55.3,55.95,54.15
409,2022-12-19 00:00:00,54.15,52.3,54.5,51.8
410,2022-09-06 00:00:00,57.35,56.45,58.05,55.5
411,2023-01-09 00:00:00,55.3,54.1,55.7,53.25
412,2022-10-17 00:00:00,51.45,50.9,51.9,50.9
413,2022-12-01 00:00:00,51.05,51.25,51.95,50.5
414,2023-02-17 00:00:00,69.75,69.05,72.25,69.0
415,2023-02-21 00:00:00,69.3,70.15,72.05,68.75
416,2023-01-19 00:00:00,58.5,56.5,59.75,56.5
417,2023-03-15 00:00:00,79.25,83.95,84.0,78.15
418,2023-02-09 00:00:00,67.5,66.75,69.15,66.3
419,2023-03-21 00:00:00,76.05,77.9,78.3,75.65
420,2023-02-13 00:00:00,64.45,65.0,66.5,64.0
421,2023-04-13 00:00:00,70.05,70.7,71.6,70.0
422,2023-02-14 00:00:00,69.65,64.5,70.45,63.8
423,2023-06-09 00:00:00,76.85,76.6,77.9,76.2
424,2023-03-06 00:00:00,78.5,77.45,80.85,77.15
425,2023-07-06 00:00:00,76.8,75.6,78.0,75.25
426,2023-03-10 00:00:00,83.25,81.8,88.5,78.75
427,2023-05-29 00:00:00,74.05,73.5,75.05,73.05
428,2023-07-25 00:00:00,82.8,85.55,86.0,82.1
429,2023-08-01 00:00:00,87.05,86.4,87.85,86.1
430,2023-06-02 00:00:00,72.6,73.05,74.0,72.0
431,2023-06-30 00:00:00,76.35,76.55,77.25,75.55
432,2023-07-11 00:00:00,79.25,77.0,79.85,77.0
433,2023-07-13 00:00:00,75.75,78.0,78.05,75.5
434,2023-07-27 00:00:00,87.9,93.0,93.0,87.15
435,2023-08-07 00:00:00,85.0,83.4,87.35,83.0
436,2023-08-21 00:00:00,82.0,82.3,83.0,81.15
437,2021-05-18 00:00:00,18.7,18.7,18.7,18.7
438,2021-06-28 00:00:00,24.35,24.35,24.35,24.35
439,2021-06-30 00:00:00,26.8,26.8,26.8,26.8
440,2021-07-14 00:00:00,26.2,26.2,27.25,26.2
441,2021-07-22 00:00:00,27.35,27.35,27.35,27.35
442,2021-07-28 00:00:00,24.8,25.5,27.05,24.55
443,2021-07-29 00:00:00,26.0,24.0,26.0,24.0
444,2021-08-03 00:00:00,30.05,29.95,30.05,28.65
445,2021-08-11 00:00:00,25.65,24.7,26.5,24.65
446,2021-08-23 00:00:00,25.05,26.35,27.35,25.05
447,2021-09-14 00:00:00,28.4,27.1,28.4,27.05
448,2021-09-20 00:00:00,27.45,28.85,28.85,27.45
449,2021-10-01 00:00:00,28.65,28.05,29.5,28.05
450,2021-10-06 00:00:00,28.65,28.2,29.5,28.2
451,2021-10-14 00:00:00,34.8,34.8,34.8,34.0
452,2021-10-27 00:00:00,32.35,31.6,34.4,31.6
453,2021-11-08 00:00:00,29.7,27.05,29.7,26.9
454,2021-11-24 00:00:00,32.2,32.2,32.2,32.2
455,2021-12-24 00:00:00,67.7,66.2,67.7,65.55
456,2022-04-11 00:00:00,55.8,52.1,55.8,51.3
457,2022-06-13 00:00:00,55.9,56.15,58.0,55.75
458,2022-07-27 00:00:00,57.75,56.95,57.85,55.75
459,2022-09-14 00:00:00,54.15,52.85,54.6,52.5
460,2022-10-19 00:00:00,53.65,52.5,54.9,51.5
461,2022-11-07 00:00:00,50.1,52.5,53.95,49.55
462,2022-12-08 00:00:00,52.95,51.55,54.0,51.55
463,2022-12-21 00:00:00,50.6,54.0,54.2,50.2
464,2022-12-22 00:00:00,49.65,50.6,51.65,48.25
465,2023-01-30 00:00:00,62.25,61.25,63.65,59.8
466,2023-02-16 00:00:00,70.05,69.9,70.9,67.8
467,2023-03-17 00:00:00,77.85,78.6,79.95,77.35
468,2023-03-20 00:00:00,76.95,75.7,79.8,75.1
469,2023-03-27 00:00:00,67.4,71.4,71.5,65.9
470,2023-05-03 00:00:00,75.05,72.1,75.85,72.0
471,2023-06-12 00:00:00,75.65,76.85,77.9,75.05
472,2023-07-12 00:00:00,77.1,79.5,79.9,76.25
473,2023-08-02 00:00:00,84.65,86.85,87.6,83.3
474,2023-08-03 00:00:00,83.8,83.65,86.4,82.8
475,2021-05-26 00:00:00,19.35,19.7,19.85,18.5
476,2021-05-28 00:00:00,18.95,19.5,19.95,18.7
477,2021-06-21 00:00:00,19.1,19.1,19.1,19.1
478,2021-06-25 00:00:00,23.2,22.5,23.2,21.1
479,2021-11-11 00:00:00,31.3,30.85,32.8,30.85
480,2021-11-16 00:00:00,32.9,32.45,32.9,32.0
481,2021-11-29 00:00:00,37.2,37.2,37.2,37.2
482,2021-12-09 00:00:00,44.95,41.1,44.95,41.1
483,2021-12-23 00:00:00,64.5,63.7,64.5,61.45
484,2022-01-14 00:00:00,50.85,46.6,50.85,46.05
485,2022-01-21 00:00:00,48.05,48.05,48.05,48.05
486,2022-03-08 00:00:00,49.9,50.95,51.0,49.1
487,2022-03-10 00:00:00,52.75,53.3,54.95,52.5
488,2022-04-12 00:00:00,58.55,56.0,58.55,56.0
489,2022-04-27 00:00:00,65.75,63.0,67.1,62.45
490,2022-04-29 00:00:00,62.75,64.7,65.5,62.15
491,2022-05-25 00:00:00,50.9,54.15,54.15,50.85
492,2022-06-03 00:00:00,56.9,58.8,58.8,56.05
493,2022-06-06 00:00:00,55.5,57.2,57.2,55.05
494,2022-07-12 00:00:00,50.85,52.05,52.35,50.7
495,2022-07-25 00:00:00,52.5,51.95,54.0,51.3
496,2022-08-03 00:00:00,55.65,56.35,57.0,55.0
497,2022-09-28 00:00:00,48.25,49.4,50.25,47.65
498,2022-10-03 00:00:00,48.9,49.35,49.6,47.55
499,2022-10-07 00:00:00,48.65,48.95,49.8,46.95
500,2022-10-11 00:00:00,51.75,51.4,52.9,50.65
501,2022-11-04 00:00:00,61.9,57.0,62.7,56.45
502,2022-11-15 00:00:00,47.55,48.0,48.9,47.35
503,2022-11-18 00:00:00,46.45,47.95,47.95,46.05
504,2022-11-21 00:00:00,46.55,46.75,48.6,46.05
505,2022-11-30 00:00:00,51.0,50.95,51.15,50.5
506,2022-12-16 00:00:00,52.3,52.7,53.1,51.8
507,2022-12-20 00:00:00,53.45,54.7,55.0,52.75
508,2023-02-28 00:00:00,68.1,67.8,68.5,65.85
509,2023-03-24 00:00:00,69.85,78.9,79.0,68.55
510,2023-05-11 00:00:00,76.6,74.85,77.7,73.8
511,2023-05-22 00:00:00,70.0,70.6,70.6,68.65
512,2023-05-30 00:00:00,74.05,74.45,75.1,72.8
513,2023-05-31 00:00:00,73.15,72.5,73.75,72.5
514,2023-07-31 00:00:00,86.05,88.15,88.55,85.75
515,2023-08-18 00:00:00,81.75,82.15,83.95,81.25
516,2021-06-11 00:00:00,16.95,17.5,17.5,16.7
517,2021-07-06 00:00:00,29.45,32.45,32.45,29.45
518,2021-07-08 00:00:00,26.6,26.6,26.6,26.6
519,2021-12-06 00:00:00,47.45,47.45,47.45,47.45
520,2021-12-14 00:00:00,51.95,51.45,51.95,49.5
521,2022-01-17 00:00:00,53.35,53.35,53.35,53.35
522,2022-01-19 00:00:00,53.2,58.8,58.8,53.2
523,2022-01-25 00:00:00,47.2,43.4,47.85,43.4
524,2022-01-27 00:00:00,46.9,47.2,47.2,44.9
525,2022-02-02 00:00:00,50.55,49.7,50.55,47.35
526,2022-02-14 00:00:00,51.75,51.7,53.85,51.5
527,2022-04-19 00:00:00,64.6,62.9,64.6,62.0
528,2022-05-06 00:00:00,55.3,55.15,59.0,53.75
529,2022-05-24 00:00:00,53.5,54.15,56.85,53.05
530,2022-05-31 00:00:00,55.4,55.4,55.4,55.4
531,2022-06-20 00:00:00,49.3,52.8,52.8,49.3
532,2022-08-23 00:00:00,53.5,54.7,54.9,53.25
533,2022-09-21 00:00:00,53.05,55.0,56.4,52.85
534,2022-09-23 00:00:00,52.7,54.9,54.9,51.65
535,2022-11-16 00:00:00,47.1,47.6,48.7,47.05
536,2022-12-05 00:00:00,52.0,51.2,52.45,50.95
537,2023-01-11 00:00:00,54.3,54.0,54.6,53.4
538,2023-02-20 00:00:00,69.75,70.0,70.8,66.3
539,2023-03-03 00:00:00,75.4,68.15,77.6,68.15
540,2023-03-09 00:00:00,83.8,86.5,86.7,82.1
541,2023-05-19 00:00:00,70.35,73.15,73.15,70.0
542,2023-06-07 00:00:00,77.3,77.85,79.5,77.0
543,2023-06-23 00:00:00,77.7,78.0,78.85,77.35
544,2023-07-03 00:00:00,75.35,76.75,77.9,75.1
545,2023-07-05 00:00:00,76.0,77.4,78.5,75.2
546,2023-08-04 00:00:00,82.95,83.8,84.3,82.6
547,2023-08-10 00:00:00,86.75,87.75,88.9,85.4
548,2023-08-17 00:00:00,82.95,81.9,84.75,81.9
549,2023-08-22 00:00:00,79.2,82.35,83.45,78.6
550,2021-06-07 00:00:00,17.0,16.85,17.65,16.85
551,2021-06-23 00:00:00,21.05,21.05,21.05,21.05
552,2021-06-24 00:00:00,22.1,22.1,22.1,20.5
553,2021-07-12 00:00:00,29.0,29.25,29.25,26.55
554,2021-09-24 00:00:00,28.15,29.75,29.75,27.7
555,2021-10-08 00:00:00,28.85,29.1,29.4,28.65
556,2021-10-25 00:00:00,32.7,33.3,34.0,32.7
557,2021-10-28 00:00:00,30.95,33.85,33.85,30.75
558,2021-11-04 00:00:00,28.3,26.55,29.0,26.55
559,2021-11-17 00:00:00,32.35,34.5,34.5,32.05
560,2021-11-30 00:00:00,39.05,39.05,39.05,39.05
561,2021-12-30 00:00:00,67.55,61.8,67.55,61.8
562,2022-01-05 00:00:00,56.9,57.15,59.5,56.9
563,2022-02-15 00:00:00,53.25,49.7,54.3,49.2
564,2022-02-24 00:00:00,45.45,45.7,49.8,45.45
565,2022-03-22 00:00:00,55.0,57.15,57.15,54.7
566,2022-04-01 00:00:00,50.6,50.0,51.9,49.5
567,2022-05-05 00:00:00,56.2,58.95,59.3,55.4
568,2022-05-20 00:00:00,57.65,57.25,57.8,55.3
569,2022-06-30 00:00:00,50.7,51.4,52.0,50.3
570,2022-07-07 00:00:00,52.65,50.0,52.9,50.0
571,2022-07-08 00:00:00,52.5,53.95,53.95,51.05
572,2022-07-28 00:00:00,54.9,57.75,58.9,54.9
573,2022-08-22 00:00:00,53.65,56.4,56.4,52.5
574,2022-08-30 00:00:00,56.1,53.35,56.9,53.35
575,2022-10-04 00:00:00,48.9,49.05,50.0,48.35
576,2023-01-04 00:00:00,56.3,55.85,57.45,55.3
577,2023-01-23 00:00:00,58.2,58.1,60.15,57.6
578,2023-03-23 00:00:00,77.8,75.9,80.8,75.3
579,2023-04-10 00:00:00,69.1,72.75,73.25,68.35
580,2023-04-21 00:00:00,71.05,71.55,72.4,70.55
581,2023-04-25 00:00:00,71.25,70.5,72.05,70.45
582,2023-06-08 00:00:00,76.75,77.5,77.8,76.0
583,2023-07-19 00:00:00,79.75,78.0,80.75,77.45
584,2023-07-24 00:00:00,84.3,83.0,86.1,82.95
585,2023-08-23 00:00:00,79.85,80.0,81.0,79.6
586,2021-06-09 00:00:00,17.65,17.05,17.65,17.0
587,2021-09-28 00:00:00,28.9,28.1,29.5,28.1
588,2021-11-22 00:00:00,29.25,30.75,32.25,29.25
589,2021-11-23 00:00:00,30.7,30.0,30.7,28.55
590,2021-11-25 00:00:00,33.8,33.8,33.8,33.8
591,2021-12-15 00:00:00,54.5,54.5,54.5,51.45
592,2022-01-11 00:00:00,51.25,52.85,53.9,51.25
593,2022-03-28 00:00:00,48.5,49.0,49.65,48.0
594,2022-04-22 00:00:00,64.5,64.9,67.85,61.6
595,2022-04-25 00:00:00,63.4,64.85,66.75,61.65
596,2022-05-17 00:00:00,59.05,59.4,59.7,58.0
597,2022-05-23 00:00:00,55.8,59.0,59.4,55.5
598,2022-05-27 00:00:00,50.3,52.65,52.9,49.45
599,2022-06-09 00:00:00,55.9,51.55,55.95,51.15
600,2022-07-14 00:00:00,50.25,50.95,52.25,50.0
601,2022-07-20 00:00:00,50.45,50.25,52.5,49.05
602,2022-07-26 00:00:00,55.1,52.6,55.1,52.2
603,2022-08-10 00:00:00,53.8,55.15,56.15,53.4
604,2022-08-26 00:00:00,55.1,54.9,55.8,54.05
605,2022-09-15 00:00:00,54.8,53.55,55.35,53.55
606,2022-11-11 00:00:00,48.85,49.4,49.9,48.4
607,2022-11-28 00:00:00,50.9,50.25,51.8,49.95
608,2022-12-28 00:00:00,54.55,54.5,56.75,53.85
609,2023-01-02 00:00:00,56.35,54.55,57.8,53.75
610,2023-03-16 00:00:00,77.9,79.45,79.5,75.5
611,2023-03-29 00:00:00,73.65,73.85,74.8,70.9
612,2023-05-18 00:00:00,72.7,72.3,75.95,72.3
613,2023-06-14 00:00:00,79.15,80.25,81.3,78.75
614,2023-07-10 00:00:00,77.2,77.4,80.0,76.55
615,2023-07-21 00:00:00,83.0,82.35,83.95,81.0
616,2021-08-30 00:00:00,26.9,26.6,27.8,26.4
617,2021-09-03 00:00:00,26.3,27.3,27.3,26.05
618,2021-09-29 00:00:00,28.45,29.5,29.5,27.9
619,2021-11-09 00:00:00,31.15,30.6,31.15,30.3
620,2022-01-28 00:00:00,49.15,47.5,49.2,47.0
621,2022-02-07 00:00:00,58.45,58.45,58.45,56.85
622,2022-03-07 00:00:00,51.65,52.95,52.95,51.65
623,2022-03-29 00:00:00,50.65,49.1,50.9,48.0
624,2022-03-31 00:00:00,50.0,50.95,50.95,49.5
625,2022-07-04 00:00:00,53.9,51.25,54.6,51.25
626,2022-08-12 00:00:00,55.15,55.75,56.25,54.2
627,2022-08-29 00:00:00,54.2,52.45,55.0,52.45
628,2022-10-20 00:00:00,54.2,53.8,56.8,52.4
629,2022-11-02 00:00:00,55.5,56.35,56.95,54.5
630,2022-11-14 00:00:00,47.9,48.1,49.7,47.75
631,2023-01-16 00:00:00,56.75,56.95,58.15,55.85
632,2023-02-03 00:00:00,70.4,63.05,72.5,62.1
633,2023-02-27 00:00:00,67.45,69.3,69.4,66.6
634,2023-03-22 00:00:00,76.1,77.2,77.55,75.7
635,2023-04-12 00:00:00,70.7,71.0,72.35,70.0
636,2023-04-27 00:00:00,71.15,71.1,71.7,70.2
637,2023-05-15 00:00:00,75.05,73.6,75.75,73.15
638,2023-07-14 00:00:00,75.1,75.95,76.65,74.55
639,2023-07-17 00:00:00,77.8,75.45,79.15,75.05
