,time,close,open,high,low
0,2021-12-14 00:00:00,659.45,713.95,723.65,650.15
1,2022-01-14 00:00:00,589.9,594.0,601.0,581.15
2,2022-01-18 00:00:00,591.15,598.0,599.6,589.0
3,2022-01-24 00:00:00,524.35,550.0,554.9,521.0
4,2022-03-02 00:00:00,432.65,422.0,436.9,421.8
5,2022-05-12 00:00:00,420.2,416.0,424.2,416.0
6,2022-05-18 00:00:00,429.95,448.9,448.9,426.65
7,2022-06-10 00:00:00,468.65,461.1,473.5,461.1
8,2022-06-13 00:00:00,455.2,458.0,465.75,454.05
9,2022-06-15 00:00:00,461.3,451.0,466.0,451.0
10,2022-06-29 00:00:00,460.55,451.55,466.7,451.55
11,2021-12-30 00:00:00,594.45,605.9,612.0,589.0
12,2022-01-19 00:00:00,580.45,590.0,596.0,574.7
13,2022-02-03 00:00:00,522.25,525.9,527.8,517.5
14,2022-03-03 00:00:00,443.95,444.0,458.0,438.4
15,2022-03-07 00:00:00,426.95,417.9,431.0,415.0
16,2022-04-22 00:00:00,457.15,452.0,461.0,451.3
17,2022-05-05 00:00:00,428.9,433.0,440.0,425.05
18,2022-05-16 00:00:00,432.4,430.0,435.0,425.0
19,2022-06-22 00:00:00,461.35,469.95,469.95,459.0
20,2022-06-23 00:00:00,447.35,461.0,463.8,444.0
21,2022-07-04 00:00:00,464.15,452.0,467.3,452.0
22,2021-12-16 00:00:00,630.3,622.7,637.3,593.05
23,2022-03-04 00:00:00,435.5,443.95,443.95,427.5
24,2022-04-26 00:00:00,442.45,453.55,460.0,437.3
25,2022-05-30 00:00:00,447.55,442.1,450.0,441.7
26,2022-02-02 00:00:00,520.1,501.9,525.0,499.05
27,2022-02-09 00:00:00,540.45,493.5,555.55,490.15
28,2021-12-15 00:00:00,616.5,646.9,653.9,612.0
29,2022-01-13 00:00:00,596.0,601.9,601.9,593.75
30,2022-02-28 00:00:00,428.8,415.0,430.8,405.0
31,2022-03-14 00:00:00,462.2,458.0,466.1,451.0
32,2022-03-16 00:00:00,471.7,471.7,474.9,468.7
33,2022-03-24 00:00:00,475.6,473.0,481.4,470.0
34,2022-04-04 00:00:00,491.65,483.0,494.8,483.0
35,2022-05-04 00:00:00,419.05,421.0,427.0,416.0
36,2022-05-13 00:00:00,426.05,423.0,429.9,423.0
37,2022-06-09 00:00:00,477.2,464.8,482.0,462.85
38,2022-06-16 00:00:00,463.0,463.0,475.3,460.0
39,2021-12-17 00:00:00,614.5,634.5,634.5,600.0
40,2021-12-22 00:00:00,596.15,575.0,603.4,575.0
41,2021-12-23 00:00:00,582.45,603.5,609.0,580.0
42,2021-12-28 00:00:00,583.75,586.3,595.95,580.0
43,2022-01-06 00:00:00,592.9,571.0,602.45,571.0
44,2022-01-17 00:00:00,594.3,590.0,602.95,589.35
45,2022-02-17 00:00:00,482.05,492.8,496.85,480.0
46,2022-02-18 00:00:00,475.2,482.05,490.95,473.05
47,2022-04-07 00:00:00,477.35,478.0,486.05,475.1
48,2022-04-21 00:00:00,455.4,456.0,467.5,451.65
49,2022-06-06 00:00:00,460.15,473.0,473.0,455.0
50,2022-06-14 00:00:00,455.3,464.0,464.0,455.0
51,2022-01-27 00:00:00,519.7,534.5,539.65,511.6
52,2022-02-08 00:00:00,489.25,505.0,509.2,486.0
53,2022-02-23 00:00:00,438.0,433.45,448.9,432.3
54,2022-03-10 00:00:00,459.9,451.05,462.0,451.05
55,2022-03-15 00:00:00,465.1,466.0,477.0,462.3
56,2022-03-28 00:00:00,504.35,467.0,513.2,467.0
57,2022-04-20 00:00:00,451.45,455.75,460.0,449.95
58,2022-04-27 00:00:00,437.95,437.0,443.65,435.95
59,2022-04-29 00:00:00,427.3,442.8,442.8,425.0
60,2022-06-20 00:00:00,462.6,461.0,471.35,455.8
61,2022-07-01 00:00:00,455.8,460.0,463.35,450.85
62,2022-02-25 00:00:00,418.95,405.25,424.35,405.25
63,2022-03-08 00:00:00,436.65,434.0,439.55,428.8
64,2022-03-17 00:00:00,473.05,477.0,481.5,470.0
65,2022-03-30 00:00:00,475.1,490.0,492.0,471.05
66,2022-04-11 00:00:00,479.85,480.0,488.0,478.1
67,2022-05-17 00:00:00,443.4,435.0,462.45,429.5
68,2022-05-25 00:00:00,440.7,450.0,454.0,435.65
69,2021-12-21 00:00:00,574.8,581.6,596.65,570.0
70,2022-01-03 00:00:00,594.15,596.0,606.6,590.85
71,2022-01-04 00:00:00,598.05,599.15,605.95,596.0
72,2022-01-05 00:00:00,593.85,595.0,603.0,590.55
73,2022-01-10 00:00:00,594.95,590.0,604.8,588.2
74,2022-01-31 00:00:00,499.05,527.7,528.6,495.0
75,2022-02-21 00:00:00,450.25,474.0,477.45,447.3
76,2022-02-22 00:00:00,433.45,430.0,440.9,421.75
77,2022-02-24 00:00:00,399.85,406.0,429.45,397.0
78,2022-03-22 00:00:00,470.35,475.4,475.4,466.3
79,2022-05-26 00:00:00,442.95,440.0,449.55,431.05
80,2022-06-03 00:00:00,467.15,464.9,472.0,460.3
81,2022-06-08 00:00:00,464.15,468.35,471.4,461.0
82,2021-12-13 00:00:00,726.05,760.0,767.7,712.25
83,2021-12-20 00:00:00,568.95,595.1,599.8,545.4
84,2022-01-11 00:00:00,592.05,597.9,601.7,590.4
85,2022-03-09 00:00:00,447.15,444.3,454.0,440.15
86,2022-03-29 00:00:00,487.65,511.35,511.35,480.0
87,2022-05-09 00:00:00,425.75,420.45,435.0,416.3
88,2022-05-20 00:00:00,447.85,435.0,453.9,428.0
89,2022-05-27 00:00:00,440.9,452.0,452.0,438.25
90,2022-06-24 00:00:00,442.2,458.0,458.0,441.0
91,2022-06-28 00:00:00,451.55,451.8,454.8,446.3
92,2022-01-07 00:00:00,587.3,585.15,592.9,580.0
93,2022-01-20 00:00:00,571.4,584.6,587.75,570.0
94,2022-03-23 00:00:00,475.1,472.05,480.0,469.05
95,2022-04-18 00:00:00,459.25,467.0,467.0,457.1
96,2022-04-19 00:00:00,449.1,465.0,470.85,441.0
97,2022-05-06 00:00:00,420.45,418.0,424.9,418.0
98,2022-06-17 00:00:00,463.8,463.0,471.5,457.55
99,2022-06-30 00:00:00,460.05,456.5,462.8,455.8
100,2021-12-27 00:00:00,576.2,575.0,587.35,571.7
101,2022-01-25 00:00:00,538.35,515.0,545.8,500.0
102,2022-02-14 00:00:00,491.75,510.0,522.6,486.5
103,2022-03-21 00:00:00,471.1,478.7,478.7,469.0
104,2022-04-01 00:00:00,483.0,470.25,487.4,470.25
105,2022-04-28 00:00:00,437.35,441.9,441.9,435.05
106,2022-05-31 00:00:00,442.45,447.1,455.15,441.2
107,2022-02-04 00:00:00,509.95,518.5,522.4,508.3
108,2022-02-11 00:00:00,530.8,527.0,540.4,518.7
109,2022-02-15 00:00:00,495.8,502.9,506.8,480.2
110,2022-02-16 00:00:00,489.35,497.0,502.95,485.0
111,2022-04-12 00:00:00,469.95,480.0,482.95,467.75
112,2022-05-02 00:00:00,419.0,417.0,427.65,401.55
113,2022-05-23 00:00:00,446.45,440.05,456.75,440.05
114,2022-05-24 00:00:00,438.1,450.0,452.0,433.05
115,2022-07-07 00:00:00,480.6,483.6,489.45,475.25
116,2021-12-24 00:00:00,584.95,594.0,594.95,580.0
117,2022-01-21 00:00:00,554.65,571.0,574.55,548.5
118,2022-01-28 00:00:00,514.45,521.0,536.0,513.0
119,2022-02-07 00:00:00,499.6,514.3,516.6,497.0
120,2022-03-31 00:00:00,470.4,475.0,483.0,468.0
121,2022-04-13 00:00:00,467.65,478.85,478.85,466.0
122,2022-06-02 00:00:00,454.0,449.55,458.0,446.05
123,2022-06-21 00:00:00,465.7,458.3,471.0,451.05
124,2021-12-29 00:00:00,602.65,588.0,621.9,582.3
125,2022-02-01 00:00:00,497.85,509.7,509.7,494.5
126,2022-03-11 00:00:00,457.6,464.0,464.0,453.3
127,2022-03-25 00:00:00,469.35,480.0,481.65,466.25
128,2022-04-05 00:00:00,487.55,494.65,496.0,484.95
129,2022-04-06 00:00:00,478.0,486.95,498.0,475.8
130,2022-04-25 00:00:00,449.95,452.1,456.0,446.3
131,2022-05-10 00:00:00,426.1,432.0,434.0,424.05
132,2022-05-11 00:00:00,421.85,425.0,429.95,416.45
133,2022-05-19 00:00:00,426.6,421.0,435.0,421.0
134,2022-06-01 00:00:00,442.35,449.1,450.0,439.5
135,2022-06-07 00:00:00,469.35,456.0,471.95,456.0
136,2022-07-06 00:00:00,479.85,489.0,490.0,475.25
137,2021-12-31 00:00:00,593.25,591.0,607.9,587.95
138,2022-01-12 00:00:00,597.65,592.05,604.85,591.0
139,2022-02-10 00:00:00,534.55,547.0,553.5,530.0
140,2022-04-08 00:00:00,480.25,478.5,487.0,478.5
141,2022-06-27 00:00:00,449.75,444.0,452.65,443.0
142,2022-07-05 00:00:00,483.9,470.9,489.9,466.8
143,2022-08-04 00:00:00,475.2,476.0,484.0,472.2
144,2022-07-13 00:00:00,473.6,507.7,507.7,470.0
145,2022-09-28 00:00:00,538.15,550.0,555.0,535.05
146,2022-07-19 00:00:00,481.1,470.5,488.65,469.25
147,2022-08-05 00:00:00,476.45,483.6,483.6,474.5
148,2022-11-07 00:00:00,529.4,545.0,545.0,527.0
149,2022-11-24 00:00:00,575.5,550.55,581.0,550.55
150,2022-11-28 00:00:00,577.7,560.05,587.0,560.05
151,2022-10-04 00:00:00,525.15,524.9,528.55,517.45
152,2022-10-06 00:00:00,533.1,522.35,538.0,522.35
153,2022-12-05 00:00:00,629.2,572.0,629.2,572.0
154,2023-01-02 00:00:00,577.2,587.9,587.9,572.0
155,2022-08-12 00:00:00,493.35,490.0,495.0,485.5
156,2022-08-22 00:00:00,534.2,525.0,540.0,514.0
157,2022-09-06 00:00:00,555.55,561.15,567.95,551.0
158,2022-09-12 00:00:00,568.05,569.45,572.1,560.0
159,2022-11-11 00:00:00,560.95,539.7,573.25,531.65
160,2022-11-29 00:00:00,577.95,580.0,588.95,575.0
161,2022-12-13 00:00:00,622.95,616.6,634.8,616.6
162,2022-12-28 00:00:00,590.1,588.2,598.5,581.55
163,2023-01-09 00:00:00,575.65,584.95,589.55,566.6
164,2022-08-25 00:00:00,557.1,563.9,566.0,548.45
165,2022-07-08 00:00:00,464.95,484.2,484.2,463.2
166,2022-08-16 00:00:00,524.8,497.0,527.9,490.1
167,2022-07-11 00:00:00,472.1,465.25,474.55,465.25
168,2022-07-18 00:00:00,470.0,468.5,480.0,466.85
169,2022-09-07 00:00:00,555.1,555.55,562.15,552.5
170,2022-07-14 00:00:00,475.0,479.0,479.0,472.1
171,2022-07-26 00:00:00,475.0,479.0,479.95,473.05
172,2022-09-08 00:00:00,558.3,556.0,564.0,552.0
173,2022-09-27 00:00:00,541.65,542.65,551.05,536.0
174,2022-09-30 00:00:00,531.5,525.0,539.45,523.05
175,2022-10-07 00:00:00,533.15,525.0,542.0,525.0
176,2022-10-20 00:00:00,566.15,548.0,567.9,535.2
177,2022-11-02 00:00:00,540.2,546.8,546.8,535.0
178,2022-11-23 00:00:00,554.55,553.3,560.9,550.6
179,2022-08-18 00:00:00,528.55,521.7,533.0,515.1
180,2022-08-29 00:00:00,543.8,521.0,552.45,510.0
181,2022-10-12 00:00:00,536.45,549.0,550.0,530.0
182,2022-11-10 00:00:00,539.7,537.1,544.7,531.0
183,2022-12-02 00:00:00,572.0,565.2,577.1,564.1
184,2022-09-20 00:00:00,570.4,564.3,575.0,562.05
185,2022-09-21 00:00:00,566.25,571.95,585.0,560.6
186,2022-10-25 00:00:00,553.8,577.95,577.95,552.0
187,2022-11-17 00:00:00,550.95,556.15,561.15,547.0
188,2022-12-07 00:00:00,620.75,614.15,636.5,610.05
189,2022-12-30 00:00:00,579.4,591.95,593.05,575.05
190,2022-07-29 00:00:00,475.6,476.0,480.6,473.0
191,2022-08-24 00:00:00,554.55,535.0,559.8,527.05
192,2022-08-26 00:00:00,542.9,554.95,560.95,541.0
193,2022-09-14 00:00:00,557.65,555.5,580.0,555.5
194,2022-10-10 00:00:00,531.75,532.0,539.0,522.2
195,2022-10-14 00:00:00,527.5,540.0,541.85,527.0
196,2022-10-17 00:00:00,545.8,525.0,550.2,518.3
197,2022-10-21 00:00:00,580.3,561.0,587.0,561.0
198,2022-11-21 00:00:00,555.7,546.0,558.0,545.0
199,2022-08-23 00:00:00,531.95,542.5,547.5,526.3
200,2022-08-30 00:00:00,550.9,548.0,563.8,544.2
201,2022-12-22 00:00:00,589.1,580.15,594.05,565.2
202,2023-01-03 00:00:00,581.65,576.0,585.0,573.2
203,2022-09-16 00:00:00,559.25,564.0,564.0,551.5
204,2022-09-15 00:00:00,558.7,568.2,579.0,554.5
205,2023-01-05 00:00:00,584.8,585.7,589.9,576.0
206,2022-11-09 00:00:00,537.1,528.0,541.75,525.05
207,2022-09-22 00:00:00,566.15,565.0,572.05,559.8
208,2022-11-25 00:00:00,571.75,575.5,575.5,567.05
209,2022-09-26 00:00:00,542.65,550.0,550.0,536.0
210,2022-12-08 00:00:00,602.6,627.95,627.95,597.0
211,2022-12-12 00:00:00,616.6,614.8,624.0,603.0
212,2022-10-18 00:00:00,550.0,547.0,557.15,540.55
213,2022-12-20 00:00:00,592.1,585.0,596.8,582.15
214,2022-10-28 00:00:00,544.5,550.0,555.9,541.0
215,2022-11-15 00:00:00,560.15,566.0,571.9,558.05
216,2022-12-29 00:00:00,586.1,583.05,599.0,532.0
217,2022-07-21 00:00:00,476.8,476.5,483.0,472.2
218,2022-07-22 00:00:00,477.35,480.95,482.9,474.1
219,2022-07-25 00:00:00,478.6,479.0,489.0,476.5
220,2022-07-27 00:00:00,475.2,475.0,479.85,470.0
221,2022-08-01 00:00:00,494.85,484.45,501.95,478.1
222,2022-09-05 00:00:00,556.65,569.9,571.35,553.0
223,2022-10-11 00:00:00,543.6,537.75,546.5,534.7
224,2022-10-31 00:00:00,540.25,542.0,550.15,538.1
225,2022-11-22 00:00:00,555.2,554.0,557.95,550.25
226,2022-12-06 00:00:00,616.35,647.0,659.0,613.9
227,2022-12-21 00:00:00,585.3,591.05,601.15,551.2
228,2023-01-10 00:00:00,568.8,573.0,575.0,550.0
229,2022-08-03 00:00:00,476.0,485.1,490.0,472.05
230,2022-07-12 00:00:00,463.7,467.7,474.3,463.0
231,2022-08-08 00:00:00,470.1,473.5,481.15,463.6
232,2022-08-19 00:00:00,525.0,530.0,534.7,514.85
233,2022-07-15 00:00:00,468.5,481.0,481.0,463.5
234,2022-09-23 00:00:00,558.2,572.0,572.0,555.05
235,2022-09-29 00:00:00,524.65,546.0,548.95,520.05
236,2022-10-27 00:00:00,547.05,555.4,559.0,544.3
237,2022-11-04 00:00:00,534.35,545.3,545.3,532.1
238,2022-11-14 00:00:00,575.75,562.5,583.9,551.0
239,2022-12-14 00:00:00,606.45,622.0,625.0,603.05
240,2022-12-16 00:00:00,592.4,602.65,612.35,590.0
241,2023-01-11 00:00:00,566.65,567.0,571.0,564.95
242,2022-07-20 00:00:00,473.85,483.0,488.2,469.0
243,2022-07-28 00:00:00,475.35,478.0,482.55,474.5
244,2022-10-03 00:00:00,515.2,532.0,539.65,511.8
245,2022-11-30 00:00:00,562.35,584.9,584.9,559.65
246,2022-12-01 00:00:00,571.25,568.5,579.5,561.1
247,2022-12-09 00:00:00,611.95,607.95,620.0,602.55
248,2022-12-27 00:00:00,588.2,575.0,597.3,575.0
249,2022-08-10 00:00:00,475.7,473.1,479.4,466.55
250,2022-09-01 00:00:00,568.1,555.0,576.0,555.0
251,2022-11-03 00:00:00,545.2,537.2,552.0,536.95
252,2022-12-19 00:00:00,591.05,592.35,597.55,585.0
253,2022-08-02 00:00:00,487.4,494.85,508.0,486.0
254,2022-08-11 00:00:00,492.6,475.75,496.0,475.05
255,2022-08-17 00:00:00,526.0,529.45,539.0,516.35
256,2022-09-02 00:00:00,565.65,570.0,575.5,562.0
257,2022-09-13 00:00:00,565.65,570.0,570.0,562.05
258,2022-10-19 00:00:00,550.2,549.8,552.0,545.35
259,2022-11-01 00:00:00,540.8,550.0,550.0,535.05
260,2022-11-16 00:00:00,556.25,555.0,564.4,552.55
261,2022-11-18 00:00:00,550.35,551.0,560.45,544.0
262,2022-12-23 00:00:00,576.65,576.05,584.95,565.25
263,2022-09-19 00:00:00,562.0,559.25,572.0,557.25
264,2022-10-13 00:00:00,534.9,536.0,546.0,525.05
265,2022-10-24 00:00:00,575.85,588.5,589.8,570.0
266,2022-12-26 00:00:00,575.45,565.25,589.45,565.25
267,2023-01-04 00:00:00,579.9,576.0,584.7,576.0
268,2022-09-09 00:00:00,559.65,562.0,565.3,557.45
269,2022-12-15 00:00:00,602.7,600.0,615.45,600.0
270,2023-01-06 00:00:00,579.4,585.0,594.45,567.95
271,2023-01-17 00:00:00,573.5,567.0,579.0,567.0
272,2023-01-23 00:00:00,585.65,575.05,591.0,575.05
273,2023-01-18 00:00:00,581.45,570.05,584.2,570.05
274,2023-03-06 00:00:00,675.15,687.7,698.95,671.05
275,2023-03-22 00:00:00,659.3,651.15,672.0,651.15
276,2023-04-05 00:00:00,693.0,692.5,719.0,690.0
277,2023-05-12 00:00:00,662.95,664.0,669.4,660.95
278,2023-06-07 00:00:00,918.1,896.0,922.0,882.0
279,2023-06-19 00:00:00,924.8,925.95,927.95,908.0
280,2023-07-06 00:00:00,1017.9,978.05,1023.0,973.35
281,2023-07-11 00:00:00,1006.45,1055.6,1057.0,1001.05
282,2023-08-03 00:00:00,984.55,998.45,998.45,974.95
283,2023-08-14 00:00:00,968.1,998.05,998.05,933.75
284,2023-08-21 00:00:00,1002.15,998.0,1014.0,981.0
285,2023-03-20 00:00:00,630.25,640.05,656.95,626.65
286,2023-04-18 00:00:00,679.65,697.8,697.8,672.8
287,2023-06-13 00:00:00,965.7,948.0,985.0,941.8
288,2023-06-26 00:00:00,961.5,935.3,978.0,935.3
289,2023-07-07 00:00:00,1019.65,1024.45,1029.6,1001.55
290,2023-07-14 00:00:00,1028.85,1027.45,1050.0,1010.05
291,2023-07-17 00:00:00,1051.7,1039.3,1067.6,1033.0
292,2023-08-11 00:00:00,1079.2,1100.0,1110.0,1040.05
293,2023-01-24 00:00:00,584.65,585.65,589.95,582.9
294,2023-01-16 00:00:00,572.5,565.95,577.0,565.0
295,2023-01-19 00:00:00,580.2,582.85,584.95,574.05
296,2023-02-14 00:00:00,636.7,626.0,645.0,626.0
297,2023-01-25 00:00:00,586.6,581.2,590.0,576.75
298,2023-03-02 00:00:00,666.4,640.0,672.0,630.25
299,2023-03-13 00:00:00,650.85,667.0,673.05,629.55
300,2023-03-17 00:00:00,646.5,655.0,664.45,639.1
301,2023-04-12 00:00:00,686.65,692.0,698.95,681.75
302,2023-08-01 00:00:00,992.5,985.05,1003.95,979.75
303,2023-08-22 00:00:00,949.8,1005.0,1013.2,946.1
304,2023-01-27 00:00:00,572.55,584.5,587.65,559.0
305,2023-01-31 00:00:00,613.3,578.0,625.4,570.0
306,2023-02-24 00:00:00,642.05,637.0,649.0,636.05
307,2023-03-08 00:00:00,680.45,667.4,686.0,667.4
308,2023-03-10 00:00:00,667.65,673.0,684.2,663.35
309,2023-04-28 00:00:00,658.05,667.8,668.45,655.0
310,2023-05-31 00:00:00,899.45,861.6,899.45,861.6
311,2023-08-10 00:00:00,1077.95,1070.0,1090.0,1051.15
312,2023-02-27 00:00:00,628.3,650.0,650.0,604.2
313,2023-05-23 00:00:00,757.2,770.6,777.7,750.25
314,2023-03-09 00:00:00,677.1,685.0,706.8,674.0
315,2023-06-02 00:00:00,872.0,892.6,897.8,863.7
316,2023-04-03 00:00:00,699.8,700.0,710.0,687.0
317,2023-07-03 00:00:00,967.9,985.8,986.8,965.15
318,2023-04-06 00:00:00,704.1,697.0,726.0,694.05
319,2023-07-10 00:00:00,1042.5,1019.65,1057.0,993.0
320,2023-05-19 00:00:00,751.25,744.7,755.45,724.15
321,2023-07-18 00:00:00,1036.7,1066.85,1066.85,1028.9
322,2023-06-06 00:00:00,896.25,892.6,905.0,880.0
323,2023-06-08 00:00:00,915.75,924.6,924.6,897.9
324,2023-07-12 00:00:00,1032.4,1020.0,1049.0,1011.2
325,2023-02-02 00:00:00,638.05,615.0,645.95,599.75
326,2023-02-07 00:00:00,635.7,635.0,648.0,630.0
327,2023-01-30 00:00:00,570.75,570.0,576.5,564.0
328,2023-03-15 00:00:00,650.2,640.05,655.0,635.1
329,2023-04-13 00:00:00,699.4,680.05,716.9,680.05
330,2023-04-26 00:00:00,652.5,652.95,666.0,644.1
331,2023-05-30 00:00:00,817.7,815.15,828.45,810.1
332,2023-06-27 00:00:00,989.6,956.1,995.0,956.1
333,2023-07-05 00:00:00,980.0,972.0,985.7,972.0
334,2023-07-26 00:00:00,997.4,1000.1,1022.55,990.05
335,2023-08-08 00:00:00,1002.6,1024.0,1032.85,995.2
336,2023-02-08 00:00:00,644.3,629.35,647.0,628.6
337,2023-02-15 00:00:00,645.6,645.95,660.0,636.55
338,2023-02-16 00:00:00,645.35,641.5,657.9,641.5
339,2023-03-16 00:00:00,647.0,654.9,654.9,636.55
340,2023-04-19 00:00:00,686.55,679.65,698.2,675.0
341,2023-06-20 00:00:00,942.3,922.0,950.0,920.0
342,2023-06-22 00:00:00,959.4,988.05,990.85,948.6
343,2023-06-28 00:00:00,976.5,1000.0,1000.0,971.5
344,2023-07-13 00:00:00,1027.55,1032.4,1045.0,1021.0
345,2023-02-17 00:00:00,636.65,651.0,651.0,630.0
346,2023-02-20 00:00:00,640.5,643.8,645.45,637.0
347,2023-03-03 00:00:00,683.8,675.0,695.0,662.55
348,2023-06-09 00:00:00,913.05,919.95,934.9,902.15
349,2023-08-04 00:00:00,988.35,985.6,997.0,981.3
350,2023-08-18 00:00:00,988.25,981.0,994.85,971.95
351,2023-02-13 00:00:00,635.4,657.4,657.4,625.75
352,2023-03-01 00:00:00,639.1,621.55,650.0,621.0
353,2023-03-23 00:00:00,701.75,653.0,709.8,653.0
354,2023-04-20 00:00:00,687.0,686.55,692.95,682.55
355,2023-05-17 00:00:00,690.5,683.6,696.7,679.1
356,2023-05-24 00:00:00,790.95,763.9,799.8,750.1
357,2023-06-01 00:00:00,882.65,916.5,925.0,872.7
358,2023-07-31 00:00:00,983.7,963.25,995.0,937.0
359,2023-08-02 00:00:00,998.45,1002.7,1013.0,976.9
360,2023-08-16 00:00:00,955.5,974.0,978.9,939.1
361,2023-04-10 00:00:00,688.9,705.0,711.2,685.0
362,2023-05-03 00:00:00,661.75,661.9,665.0,656.6
363,2023-05-04 00:00:00,687.1,657.5,699.0,657.5
364,2023-06-05 00:00:00,897.4,869.95,921.0,867.4
365,2023-07-19 00:00:00,1074.0,1046.45,1080.9,1035.9
366,2023-07-27 00:00:00,998.15,1012.3,1017.0,990.0
367,2023-02-01 00:00:00,616.45,617.9,625.0,602.7
368,2023-03-27 00:00:00,676.25,681.0,700.0,667.1
369,2023-05-08 00:00:00,674.1,690.25,700.0,669.0
370,2023-05-10 00:00:00,668.65,667.25,675.0,652.0
371,2023-05-29 00:00:00,814.05,804.0,825.35,798.0
372,2023-06-12 00:00:00,948.1,914.95,953.0,903.1
373,2023-06-23 00:00:00,944.4,964.3,964.3,931.55
374,2023-01-12 00:00:00,565.4,572.3,572.3,564.5
375,2023-01-20 00:00:00,580.25,580.2,585.0,579.05
376,2023-01-13 00:00:00,565.45,565.0,569.0,565.0
377,2023-03-21 00:00:00,655.85,632.5,662.0,627.6
378,2023-04-17 00:00:00,689.25,700.05,704.0,687.0
379,2023-05-02 00:00:00,659.9,662.0,666.0,653.25
380,2023-05-26 00:00:00,805.35,834.9,848.0,798.0
381,2023-06-16 00:00:00,928.5,947.0,949.0,919.85
382,2023-06-21 00:00:00,976.2,948.1,1007.0,948.0
383,2023-07-24 00:00:00,989.7,1067.7,1067.7,970.0
384,2023-07-28 00:00:00,976.1,1006.3,1007.3,974.0
385,2023-08-09 00:00:00,1058.25,1008.35,1070.0,1003.3
386,2023-08-17 00:00:00,980.1,965.0,983.8,952.2
387,2023-02-03 00:00:00,637.1,638.05,649.8,626.1
388,2023-02-10 00:00:00,640.05,616.0,654.5,616.0
389,2023-03-24 00:00:00,682.4,708.9,710.35,672.1
390,2023-04-11 00:00:00,695.2,690.0,700.3,686.55
391,2023-04-21 00:00:00,679.0,693.85,695.0,676.25
392,2023-04-25 00:00:00,652.95,664.35,671.45,648.0
393,2023-05-25 00:00:00,828.7,792.0,839.0,781.05
394,2023-06-15 00:00:00,921.65,953.65,966.7,920.0
395,2023-06-30 00:00:00,971.4,977.0,980.6,965.75
396,2023-02-09 00:00:00,637.15,644.9,669.75,630.25
397,2023-02-06 00:00:00,635.0,644.45,646.0,628.0
398,2023-02-21 00:00:00,632.5,637.5,638.25,620.0
399,2023-02-22 00:00:00,635.0,620.55,640.0,620.55
400,2023-02-28 00:00:00,626.9,626.95,638.0,621.0
401,2023-03-28 00:00:00,673.1,683.0,688.95,669.05
402,2023-04-27 00:00:00,666.15,660.0,679.5,653.05
403,2023-05-09 00:00:00,660.65,670.0,684.0,655.1
404,2023-05-15 00:00:00,672.0,669.7,675.1,661.6
405,2023-05-18 00:00:00,746.85,686.0,749.8,686.0
406,2023-05-22 00:00:00,770.6,755.0,774.8,737.8
407,2023-07-04 00:00:00,971.6,972.9,983.95,960.0
408,2023-07-20 00:00:00,1068.15,1070.0,1074.0,1057.25
409,2023-07-21 00:00:00,1054.65,1068.15,1075.95,1043.0
410,2023-08-23 00:00:00,948.05,959.8,966.85,947.7
411,2023-02-23 00:00:00,636.85,636.1,645.55,632.5
412,2023-03-14 00:00:00,637.1,653.95,653.95,631.0
413,2023-03-29 00:00:00,697.8,674.0,707.6,673.95
414,2023-03-31 00:00:00,701.45,700.95,719.4,687.4
415,2023-04-24 00:00:00,654.55,689.2,689.2,649.75
416,2023-05-05 00:00:00,690.25,689.9,697.95,682.1
417,2023-05-11 00:00:00,662.6,675.35,676.05,659.05
418,2023-05-16 00:00:00,690.5,678.0,696.9,671.65
419,2023-06-14 00:00:00,953.65,967.95,967.95,940.6
420,2023-07-25 00:00:00,1007.2,985.0,1024.0,984.8
421,2023-08-07 00:00:00,1019.2,998.45,1028.1,994.75
