,time,close,open,high,low
0,2021-01-06 00:00:00,357.95,357.0,363.0,353.0
1,2021-01-20 00:00:00,348.7,352.0,354.9,347.0
2,2021-02-03 00:00:00,343.6,322.75,346.85,322.75
3,2021-02-19 00:00:00,329.65,335.8,336.45,328.0
4,2021-03-02 00:00:00,336.25,344.5,345.5,334.5
5,2021-03-04 00:00:00,363.75,361.0,374.45,353.95
6,2021-03-17 00:00:00,321.1,332.85,335.9,320.0
7,2021-04-01 00:00:00,311.9,305.85,312.6,304.1
8,2021-05-03 00:00:00,341.05,331.2,345.7,330.9
9,2021-05-14 00:00:00,321.85,342.5,342.5,320.35
10,2021-05-21 00:00:00,323.0,325.0,328.35,322.5
11,2021-05-26 00:00:00,318.85,321.0,323.35,318.15
12,2021-05-31 00:00:00,318.45,318.9,321.0,315.8
13,2021-08-06 00:00:00,378.55,387.75,390.1,375.0
14,2021-08-09 00:00:00,380.9,379.45,385.5,369.4
15,2021-08-27 00:00:00,331.05,326.35,333.6,323.45
16,2021-08-30 00:00:00,332.15,333.0,337.55,330.1
17,2021-09-13 00:00:00,323.85,327.85,327.85,321.65
18,2021-10-08 00:00:00,326.8,329.8,333.6,324.95
19,2021-12-06 00:00:00,301.15,304.0,312.0,299.25
20,2022-01-03 00:00:00,335.95,336.2,339.35,333.9
21,2022-01-18 00:00:00,323.45,332.0,335.0,322.0
22,2022-01-21 00:00:00,318.7,320.85,324.6,314.0
23,2022-05-04 00:00:00,268.2,278.85,279.8,266.45
24,2022-05-27 00:00:00,267.3,262.9,276.5,260.15
25,2022-06-02 00:00:00,272.45,270.0,273.9,263.05
26,2022-06-10 00:00:00,273.8,272.9,274.2,269.7
27,2022-07-11 00:00:00,297.05,279.25,299.0,277.5
28,2022-07-26 00:00:00,296.85,303.0,303.9,295.0
29,2022-09-15 00:00:00,318.2,306.55,320.25,303.25
30,2022-10-14 00:00:00,342.9,351.0,351.9,341.4
31,2022-11-15 00:00:00,369.55,370.9,372.5,364.5
32,2022-11-25 00:00:00,356.6,357.85,360.4,356.0
33,2023-01-03 00:00:00,326.45,322.0,329.7,322.0
34,2021-02-09 00:00:00,326.9,331.95,333.8,326.25
35,2021-02-17 00:00:00,340.85,351.75,353.1,340.0
36,2021-04-12 00:00:00,316.8,340.0,340.0,315.0
37,2021-04-20 00:00:00,334.55,347.0,349.0,328.1
38,2021-04-28 00:00:00,331.35,329.5,342.6,326.5
39,2021-04-29 00:00:00,331.5,333.8,338.15,330.2
40,2021-05-17 00:00:00,322.1,321.3,327.0,312.8
41,2021-05-19 00:00:00,328.5,326.0,331.4,323.1
42,2021-06-02 00:00:00,315.2,316.05,318.3,314.15
43,2021-06-25 00:00:00,314.0,313.0,315.5,310.5
44,2021-07-01 00:00:00,333.65,334.5,337.95,330.0
45,2021-09-16 00:00:00,333.0,333.95,336.5,330.9
46,2021-09-20 00:00:00,320.35,324.6,333.0,318.0
47,2021-09-21 00:00:00,321.55,320.25,323.7,314.6
48,2021-10-04 00:00:00,328.4,328.9,335.6,327.4
49,2021-10-21 00:00:00,325.25,317.5,327.0,315.6
50,2021-10-27 00:00:00,320.7,318.1,324.75,316.6
51,2021-11-09 00:00:00,320.6,319.25,324.2,318.6
52,2021-11-24 00:00:00,312.65,314.85,318.3,311.45
53,2021-12-24 00:00:00,328.6,334.8,336.9,325.25
54,2021-12-27 00:00:00,340.2,329.35,341.75,325.25
55,2022-01-07 00:00:00,319.95,326.75,326.9,319.3
56,2022-01-12 00:00:00,334.65,338.9,340.9,331.0
57,2022-03-16 00:00:00,306.2,306.0,308.45,297.55
58,2022-03-30 00:00:00,309.7,311.0,314.9,308.8
59,2022-04-01 00:00:00,313.1,307.0,319.35,304.2
60,2022-04-25 00:00:00,286.6,291.2,292.75,284.5
61,2022-04-29 00:00:00,281.8,286.9,291.35,280.0
62,2022-05-11 00:00:00,245.65,252.0,254.1,238.95
63,2022-05-18 00:00:00,263.1,251.0,265.45,251.0
64,2022-05-23 00:00:00,280.3,273.0,281.65,269.1
65,2022-05-30 00:00:00,271.4,267.0,275.6,267.0
66,2022-06-01 00:00:00,270.0,269.65,273.45,265.7
67,2022-08-02 00:00:00,311.8,306.0,312.8,301.85
68,2022-08-12 00:00:00,310.65,306.0,313.0,305.0
69,2022-08-18 00:00:00,325.45,327.4,330.7,324.1
70,2022-08-23 00:00:00,306.15,305.0,309.4,303.0
71,2022-08-29 00:00:00,302.0,303.6,309.95,300.65
72,2022-09-23 00:00:00,323.45,326.0,331.95,321.0
73,2022-10-07 00:00:00,348.2,349.2,353.0,342.0
74,2022-10-28 00:00:00,367.6,372.4,372.5,362.6
75,2022-12-07 00:00:00,334.7,335.0,339.3,333.0
76,2022-12-21 00:00:00,335.65,324.9,338.45,323.15
77,2023-01-02 00:00:00,320.25,319.35,322.65,313.9
78,2023-01-04 00:00:00,323.1,328.0,328.9,321.55
79,2023-01-12 00:00:00,318.05,332.0,333.0,317.2
80,2023-02-01 00:00:00,291.5,296.4,299.4,287.15
81,2023-02-08 00:00:00,291.5,285.9,292.0,284.05
82,2021-01-08 00:00:00,367.45,369.0,370.1,365.5
83,2021-02-08 00:00:00,331.6,339.5,340.2,329.2
84,2021-04-05 00:00:00,310.2,313.4,316.6,306.05
85,2021-04-16 00:00:00,327.85,319.4,331.75,318.5
86,2021-04-22 00:00:00,332.35,334.55,341.5,330.6
87,2021-06-10 00:00:00,329.65,335.9,336.3,329.0
88,2021-08-12 00:00:00,372.5,369.7,378.05,364.25
89,2021-09-14 00:00:00,335.6,325.0,337.4,324.05
90,2021-10-26 00:00:00,317.65,316.0,319.45,314.85
91,2021-11-04 00:00:00,321.4,322.0,323.8,320.0
92,2021-11-12 00:00:00,311.25,318.1,319.05,308.25
93,2021-12-20 00:00:00,307.8,319.95,321.45,304.8
94,2021-12-30 00:00:00,338.3,341.95,342.05,334.6
95,2022-02-03 00:00:00,324.5,321.35,327.0,321.35
96,2022-02-15 00:00:00,309.85,304.1,310.85,298.25
97,2022-04-04 00:00:00,314.3,317.0,317.0,312.55
98,2022-05-16 00:00:00,241.9,243.55,245.4,239.05
99,2022-06-20 00:00:00,233.35,241.7,243.15,226.95
100,2022-06-23 00:00:00,244.4,238.5,246.55,238.5
101,2022-09-20 00:00:00,308.0,322.6,325.15,301.85
102,2022-09-27 00:00:00,318.2,309.85,319.6,309.15
103,2022-12-29 00:00:00,321.3,327.8,331.95,320.25
104,2023-01-05 00:00:00,326.15,324.3,327.8,320.75
105,2021-01-07 00:00:00,365.25,360.25,373.45,360.0
106,2021-03-08 00:00:00,345.9,353.0,359.3,345.0
107,2021-03-15 00:00:00,334.95,346.95,346.95,330.9
108,2021-03-16 00:00:00,331.2,336.0,340.0,330.45
109,2021-04-13 00:00:00,318.1,320.1,324.85,312.4
110,2021-04-26 00:00:00,325.6,331.0,334.6,324.1
111,2021-06-03 00:00:00,323.35,316.6,325.9,315.4
112,2021-09-09 00:00:00,328.05,329.8,331.5,326.0
113,2021-09-27 00:00:00,319.15,322.4,323.85,316.65
114,2021-10-25 00:00:00,315.0,320.1,321.1,312.35
115,2021-11-03 00:00:00,319.3,317.7,322.5,317.5
116,2021-11-17 00:00:00,302.3,297.5,304.6,294.45
117,2021-12-07 00:00:00,305.9,301.95,309.0,301.95
118,2022-02-02 00:00:00,321.35,313.0,322.25,312.4
119,2022-03-10 00:00:00,292.7,299.4,301.35,289.5
120,2022-03-11 00:00:00,308.2,291.3,309.5,291.2
121,2022-04-21 00:00:00,291.7,290.0,293.25,289.5
122,2022-06-03 00:00:00,269.2,273.5,278.5,268.2
123,2022-07-04 00:00:00,280.45,280.0,282.3,273.15
124,2022-07-08 00:00:00,279.25,280.0,282.0,275.6
125,2022-07-29 00:00:00,299.65,300.15,311.8,296.9
126,2022-08-17 00:00:00,326.95,317.0,327.7,313.95
127,2022-10-17 00:00:00,350.1,340.0,351.5,339.1
128,2022-11-28 00:00:00,356.35,359.85,364.0,353.5
129,2022-12-06 00:00:00,336.55,342.55,343.85,335.25
130,2023-01-13 00:00:00,318.35,319.9,321.0,312.6
131,2021-01-14 00:00:00,366.35,373.0,376.85,365.0
132,2021-01-18 00:00:00,345.4,356.05,357.0,342.0
133,2021-01-19 00:00:00,350.35,351.45,354.05,346.05
134,2021-01-27 00:00:00,354.75,350.3,365.9,348.55
135,2021-02-12 00:00:00,336.15,330.3,338.1,330.05
136,2021-02-25 00:00:00,326.55,327.0,337.85,325.65
137,2021-05-05 00:00:00,352.45,335.0,354.4,330.0
138,2021-05-06 00:00:00,351.75,355.9,358.3,348.3
139,2021-05-07 00:00:00,347.4,353.0,357.0,345.2
140,2021-05-11 00:00:00,359.9,364.0,370.55,350.25
141,2021-07-09 00:00:00,367.15,342.0,371.0,340.8
142,2021-07-13 00:00:00,369.05,372.9,374.1,367.0
143,2021-08-13 00:00:00,360.7,372.5,375.0,358.6
144,2021-08-18 00:00:00,344.1,346.6,350.4,340.25
145,2021-08-26 00:00:00,326.35,331.0,333.3,324.6
146,2021-09-23 00:00:00,321.8,325.0,327.25,318.95
147,2021-10-07 00:00:00,329.75,323.0,331.35,320.75
148,2021-10-22 00:00:00,319.8,325.0,326.85,317.0
149,2021-10-28 00:00:00,310.3,321.7,321.8,308.1
150,2021-11-08 00:00:00,318.75,322.0,323.5,316.8
151,2021-11-18 00:00:00,305.35,304.0,306.9,299.05
152,2021-12-09 00:00:00,334.95,322.95,337.0,318.5
153,2021-12-28 00:00:00,336.75,340.0,343.9,333.7
154,2021-12-31 00:00:00,336.2,337.4,344.8,332.05
155,2022-01-19 00:00:00,317.3,323.45,323.45,313.0
156,2022-03-17 00:00:00,305.65,306.85,310.8,305.0
157,2022-03-24 00:00:00,315.95,310.1,322.0,307.7
158,2022-04-05 00:00:00,315.7,314.95,321.0,314.5
159,2022-04-19 00:00:00,290.5,299.1,302.0,285.1
160,2022-04-28 00:00:00,285.55,283.6,286.45,279.5
161,2022-06-21 00:00:00,246.3,233.95,248.55,233.95
162,2022-07-06 00:00:00,275.25,277.0,277.0,273.2
163,2022-08-05 00:00:00,310.95,309.5,314.9,308.9
164,2022-09-16 00:00:00,316.05,320.0,325.95,313.35
165,2022-10-03 00:00:00,347.75,348.0,358.0,345.25
166,2022-10-21 00:00:00,344.45,350.85,352.55,340.8
167,2022-10-27 00:00:00,369.15,355.5,370.0,352.8
168,2022-11-04 00:00:00,369.8,379.0,381.0,367.65
169,2022-11-23 00:00:00,362.6,364.3,366.6,359.35
170,2023-01-10 00:00:00,329.45,326.9,330.85,323.6
171,2021-01-15 00:00:00,356.05,366.95,366.95,355.0
172,2021-01-22 00:00:00,337.3,341.0,341.95,333.9
173,2021-02-02 00:00:00,319.75,330.0,335.7,318.5
174,2021-02-11 00:00:00,330.05,338.5,338.5,329.05
175,2021-02-24 00:00:00,325.0,323.3,349.0,319.05
176,2021-03-24 00:00:00,318.4,319.0,329.7,317.15
177,2021-04-19 00:00:00,341.35,325.0,347.0,317.05
178,2021-04-30 00:00:00,333.7,331.85,339.9,330.0
179,2021-06-01 00:00:00,316.05,320.05,320.8,315.05
180,2021-06-04 00:00:00,327.85,324.9,331.0,322.15
181,2021-06-07 00:00:00,328.5,329.9,330.0,326.05
182,2021-06-11 00:00:00,332.25,331.0,337.0,330.2
183,2021-06-14 00:00:00,329.0,333.1,333.9,320.3
184,2021-06-17 00:00:00,317.2,321.0,321.65,316.0
185,2021-06-18 00:00:00,310.8,318.0,320.3,308.45
186,2021-06-21 00:00:00,313.85,308.0,314.8,303.1
187,2021-07-15 00:00:00,370.05,373.0,379.0,369.0
188,2021-08-16 00:00:00,353.95,363.05,363.35,347.0
189,2021-10-12 00:00:00,329.95,327.5,335.45,327.0
190,2021-11-16 00:00:00,297.8,303.75,307.4,296.0
191,2021-12-15 00:00:00,341.65,343.0,345.8,338.55
192,2022-02-22 00:00:00,288.9,291.55,296.3,279.35
193,2022-02-24 00:00:00,267.3,280.0,280.95,265.2
194,2022-05-05 00:00:00,268.5,270.2,275.6,267.6
195,2022-05-06 00:00:00,265.65,266.8,267.7,262.4
196,2022-05-20 00:00:00,271.2,250.8,272.9,247.0
197,2022-05-31 00:00:00,269.95,271.9,277.85,268.05
198,2022-07-07 00:00:00,278.85,277.35,281.4,273.6
199,2022-07-13 00:00:00,301.6,295.3,304.15,292.85
200,2022-08-04 00:00:00,309.5,314.4,317.7,303.1
201,2022-08-24 00:00:00,308.7,306.1,309.95,304.8
202,2022-09-12 00:00:00,307.6,309.65,311.55,306.3
203,2022-10-10 00:00:00,347.05,343.9,348.2,340.05
204,2022-10-31 00:00:00,372.65,369.45,373.85,365.3
205,2022-11-22 00:00:00,362.6,358.55,363.9,353.8
206,2022-11-29 00:00:00,347.35,356.2,357.8,346.0
207,2022-12-12 00:00:00,337.45,329.7,339.5,329.1
208,2023-01-09 00:00:00,327.35,322.0,329.35,317.3
209,2023-01-24 00:00:00,309.2,310.25,316.8,306.0
210,2023-02-03 00:00:00,292.05,290.05,293.65,286.3
211,2023-02-06 00:00:00,288.6,291.8,297.85,287.0
212,2021-01-28 00:00:00,353.55,356.0,366.9,347.05
213,2021-03-12 00:00:00,346.25,353.55,359.7,342.7
214,2021-03-23 00:00:00,317.0,312.8,319.0,310.05
215,2021-03-26 00:00:00,301.15,310.4,311.8,300.05
216,2021-04-27 00:00:00,327.5,325.5,328.4,323.15
217,2021-05-25 00:00:00,319.4,323.0,323.9,319.0
218,2021-07-23 00:00:00,379.45,385.7,387.5,378.0
219,2021-08-23 00:00:00,325.6,329.5,332.5,316.0
220,2021-09-06 00:00:00,333.8,342.25,343.7,333.0
221,2021-10-05 00:00:00,329.9,330.2,331.7,328.0
222,2021-10-06 00:00:00,321.7,331.1,334.5,320.0
223,2021-10-11 00:00:00,327.9,327.0,330.85,326.25
224,2021-12-21 00:00:00,308.4,310.0,316.5,305.0
225,2022-01-11 00:00:00,335.8,328.0,339.5,325.9
226,2022-01-24 00:00:00,304.75,318.0,318.25,301.95
227,2022-02-18 00:00:00,302.95,303.0,306.05,301.55
228,2022-03-02 00:00:00,291.75,290.0,296.1,288.6
229,2022-03-08 00:00:00,288.2,286.7,293.8,278.55
230,2022-03-15 00:00:00,302.6,305.5,313.8,301.0
231,2022-03-23 00:00:00,310.95,312.15,317.0,309.6
232,2022-03-29 00:00:00,310.85,311.35,315.6,307.2
233,2022-04-06 00:00:00,317.7,315.7,323.7,313.05
234,2022-06-09 00:00:00,274.15,272.9,275.35,270.1
235,2022-06-13 00:00:00,258.7,269.55,271.65,257.0
236,2022-07-15 00:00:00,303.65,305.3,306.5,300.0
237,2022-07-19 00:00:00,308.25,307.45,312.7,305.4
238,2022-08-01 00:00:00,304.3,299.95,305.45,295.8
239,2022-09-05 00:00:00,306.05,305.15,307.4,303.25
240,2022-09-09 00:00:00,309.65,310.1,326.6,308.0
241,2022-11-03 00:00:00,378.65,376.5,381.0,374.8
242,2022-11-10 00:00:00,360.7,367.45,372.8,354.7
243,2021-03-25 00:00:00,305.1,320.5,321.8,304.0
244,2021-03-31 00:00:00,303.45,310.6,315.0,301.95
245,2021-04-06 00:00:00,332.5,311.8,334.5,309.15
246,2021-04-23 00:00:00,329.65,334.45,339.7,326.25
247,2021-05-18 00:00:00,326.7,325.35,332.5,323.25
248,2021-06-28 00:00:00,316.35,313.85,319.5,312.0
249,2021-07-14 00:00:00,372.0,368.0,374.05,368.0
250,2021-07-19 00:00:00,377.8,377.9,396.55,372.0
251,2021-10-14 00:00:00,328.4,331.5,333.4,328.0
252,2021-12-02 00:00:00,302.1,302.5,306.45,298.25
253,2021-12-22 00:00:00,321.95,310.0,323.4,308.2
254,2022-01-13 00:00:00,342.4,334.5,347.5,332.5
255,2022-01-20 00:00:00,321.85,317.3,326.35,314.4
256,2022-01-31 00:00:00,304.1,303.5,307.75,302.75
257,2022-02-14 00:00:00,302.5,302.0,310.8,300.0
258,2022-04-08 00:00:00,314.45,313.1,316.0,311.1
259,2022-04-20 00:00:00,288.7,291.85,293.75,286.25
260,2022-04-22 00:00:00,293.25,291.2,297.95,287.6
261,2022-04-27 00:00:00,283.35,286.75,289.85,281.95
262,2022-05-24 00:00:00,280.45,278.9,285.0,275.8
263,2022-05-25 00:00:00,254.0,281.4,281.9,252.45
264,2022-07-25 00:00:00,302.85,301.3,307.0,297.2
265,2022-08-08 00:00:00,314.1,309.3,316.8,309.0
266,2022-09-08 00:00:00,308.6,312.1,313.3,305.7
267,2022-09-21 00:00:00,314.5,308.5,317.5,307.15
268,2022-10-24 00:00:00,343.5,346.3,348.0,342.55
269,2022-11-01 00:00:00,373.65,374.0,375.8,370.25
270,2022-11-17 00:00:00,364.75,362.8,368.4,362.45
271,2022-12-05 00:00:00,341.15,341.2,346.4,340.05
272,2022-12-14 00:00:00,335.95,334.75,338.95,334.75
273,2022-12-16 00:00:00,326.2,333.15,334.75,324.95
274,2022-12-26 00:00:00,329.65,331.1,332.85,322.5
275,2021-01-05 00:00:00,357.0,359.95,359.95,355.0
276,2021-01-29 00:00:00,337.2,353.5,353.5,335.2
277,2021-02-16 00:00:00,351.0,352.95,358.65,345.2
278,2021-02-22 00:00:00,321.15,330.8,331.3,320.15
279,2021-02-26 00:00:00,323.65,323.0,336.0,319.35
280,2021-03-18 00:00:00,305.8,326.0,326.7,303.0
281,2021-04-09 00:00:00,341.3,333.5,344.0,332.5
282,2021-04-15 00:00:00,317.55,318.3,327.7,315.4
283,2021-05-04 00:00:00,333.15,343.8,345.0,332.0
284,2021-06-22 00:00:00,315.8,316.05,322.25,315.15
285,2021-06-23 00:00:00,314.35,318.2,318.4,313.9
286,2021-06-30 00:00:00,332.6,327.0,334.0,325.0
287,2021-08-05 00:00:00,386.3,387.0,396.5,382.35
288,2021-08-24 00:00:00,333.95,325.0,336.75,322.15
289,2022-02-08 00:00:00,309.75,311.85,316.0,301.5
290,2022-02-10 00:00:00,313.4,313.3,315.35,310.45
291,2022-05-09 00:00:00,261.25,262.0,266.95,258.7
292,2022-05-10 00:00:00,252.45,260.5,265.0,250.4
293,2022-05-26 00:00:00,258.65,256.95,259.95,250.4
294,2022-06-27 00:00:00,268.15,260.0,270.95,256.75
295,2022-07-20 00:00:00,308.1,309.0,312.4,306.0
296,2022-08-03 00:00:00,314.4,313.8,319.25,311.0
297,2022-09-02 00:00:00,305.15,307.75,311.65,304.4
298,2022-09-14 00:00:00,306.7,303.7,309.7,303.1
299,2022-11-11 00:00:00,366.05,362.0,372.0,359.35
300,2022-11-30 00:00:00,345.95,347.0,350.3,344.0
301,2022-12-02 00:00:00,339.6,341.55,342.8,335.65
302,2022-12-20 00:00:00,322.75,324.1,325.45,320.1
303,2023-02-02 00:00:00,288.6,292.5,296.25,287.8
304,2023-02-07 00:00:00,285.35,288.7,289.7,282.4
305,2021-01-11 00:00:00,361.95,368.95,369.5,360.0
306,2021-01-21 00:00:00,340.25,351.2,352.0,338.05
307,2021-02-18 00:00:00,335.8,343.5,344.0,335.0
308,2021-03-01 00:00:00,341.8,326.85,344.4,325.05
309,2021-03-22 00:00:00,311.2,314.8,319.0,309.75
310,2021-04-08 00:00:00,333.0,333.0,339.5,328.85
311,2021-05-12 00:00:00,336.7,357.5,357.7,333.35
312,2021-05-27 00:00:00,315.9,320.75,321.8,315.1
313,2021-08-02 00:00:00,383.3,381.4,390.95,378.3
314,2021-08-11 00:00:00,367.65,369.4,375.5,352.15
315,2021-09-08 00:00:00,329.05,328.0,332.75,326.25
316,2021-09-15 00:00:00,333.55,336.15,337.55,332.3
317,2021-09-17 00:00:00,327.85,334.5,334.95,324.25
318,2021-10-19 00:00:00,319.75,325.8,327.2,317.65
319,2021-10-29 00:00:00,309.9,311.0,312.75,305.0
320,2021-11-02 00:00:00,317.65,316.0,319.7,315.3
321,2021-11-22 00:00:00,303.25,305.5,309.85,297.0
322,2021-12-08 00:00:00,320.65,307.0,323.45,307.0
323,2021-12-10 00:00:00,344.25,334.0,345.5,333.0
324,2022-01-05 00:00:00,327.1,325.8,334.9,323.25
325,2022-02-11 00:00:00,306.25,310.0,311.8,305.0
326,2022-06-22 00:00:00,238.9,246.3,247.55,237.05
327,2022-06-29 00:00:00,276.75,272.95,277.85,270.05
328,2022-07-22 00:00:00,302.85,309.9,310.5,297.85
329,2022-07-28 00:00:00,300.15,299.25,302.75,295.7
330,2022-09-13 00:00:00,307.8,308.6,312.4,306.7
331,2022-09-28 00:00:00,318.2,322.0,323.0,311.4
332,2022-11-24 00:00:00,357.85,364.0,365.35,356.25
333,2022-12-01 00:00:00,340.8,346.45,348.0,339.0
334,2022-12-22 00:00:00,327.25,337.0,338.0,325.5
335,2022-12-28 00:00:00,328.3,329.5,330.95,326.8
336,2023-01-17 00:00:00,314.05,314.05,317.4,312.3
337,2023-01-19 00:00:00,311.4,312.25,315.5,309.55
338,2023-01-27 00:00:00,283.8,289.0,292.4,278.6
339,2021-02-15 00:00:00,351.95,338.5,354.5,336.0
340,2021-02-23 00:00:00,321.6,324.9,327.0,315.1
341,2021-03-03 00:00:00,364.4,338.25,369.0,338.25
342,2021-03-19 00:00:00,313.2,305.0,315.5,295.0
343,2021-05-28 00:00:00,315.7,317.15,321.4,314.5
344,2021-06-08 00:00:00,329.15,329.85,330.85,323.5
345,2021-06-09 00:00:00,333.3,331.0,340.75,327.95
346,2021-07-02 00:00:00,340.6,333.8,345.5,333.65
347,2021-07-06 00:00:00,336.2,335.0,337.7,328.05
348,2021-07-28 00:00:00,371.65,370.0,383.9,358.25
349,2021-09-02 00:00:00,343.8,345.9,349.8,341.65
350,2021-10-13 00:00:00,330.9,331.4,334.5,329.6
351,2021-12-01 00:00:00,302.5,301.0,304.35,292.2
352,2021-12-16 00:00:00,337.85,342.9,344.4,330.5
353,2022-01-10 00:00:00,326.75,321.0,327.95,318.5
354,2022-01-14 00:00:00,357.6,342.0,362.4,341.2
355,2022-01-17 00:00:00,331.1,354.0,355.5,321.85
356,2022-02-23 00:00:00,285.65,291.1,294.25,284.0
357,2022-04-18 00:00:00,297.8,299.8,299.8,293.15
358,2022-04-26 00:00:00,286.75,288.05,290.9,285.4
359,2022-05-19 00:00:00,245.4,253.3,260.0,243.0
360,2022-06-16 00:00:00,239.45,257.2,259.0,237.7
361,2022-07-01 00:00:00,278.7,272.1,279.75,268.9
362,2022-07-12 00:00:00,294.75,294.75,298.65,292.75
363,2022-09-01 00:00:00,306.2,306.0,307.65,303.5
364,2022-10-04 00:00:00,357.3,351.0,358.55,347.5
365,2022-10-13 00:00:00,344.65,343.1,349.25,340.4
366,2022-12-23 00:00:00,328.35,326.15,343.15,323.55
367,2022-12-27 00:00:00,328.85,329.65,332.65,325.75
368,2023-01-18 00:00:00,313.2,314.9,316.0,311.0
369,2023-01-23 00:00:00,312.15,313.95,315.05,309.75
370,2023-01-25 00:00:00,288.9,308.9,308.9,288.0
371,2021-01-01 00:00:00,359.3,354.7,361.75,353.65
372,2021-02-01 00:00:00,325.6,338.0,338.0,324.0
373,2021-06-15 00:00:00,328.5,330.0,333.45,327.55
374,2021-08-04 00:00:00,386.85,383.9,404.8,382.8
375,2021-08-17 00:00:00,346.6,355.6,357.7,345.0
376,2021-11-10 00:00:00,323.5,320.4,328.6,318.55
377,2021-11-30 00:00:00,300.6,290.0,302.9,286.7
378,2021-12-13 00:00:00,340.85,345.2,349.5,339.0
379,2021-12-17 00:00:00,323.4,335.2,339.0,322.3
380,2022-02-07 00:00:00,312.0,319.75,321.0,311.0
381,2022-02-28 00:00:00,290.7,287.0,292.75,282.9
382,2022-03-04 00:00:00,288.55,286.8,291.75,282.1
383,2022-05-02 00:00:00,277.45,279.5,282.95,276.45
384,2022-06-07 00:00:00,270.8,270.5,272.45,267.2
385,2022-06-30 00:00:00,272.25,277.0,279.35,270.6
386,2022-08-10 00:00:00,301.75,321.0,321.0,300.05
387,2022-08-16 00:00:00,316.25,311.0,319.9,310.8
388,2022-08-26 00:00:00,308.4,308.9,312.9,307.25
389,2022-09-06 00:00:00,304.65,307.0,309.0,303.0
390,2022-09-22 00:00:00,324.9,314.0,326.0,307.75
391,2022-10-11 00:00:00,343.0,347.05,351.85,341.9
392,2022-11-09 00:00:00,367.45,365.0,374.9,364.9
393,2022-11-18 00:00:00,360.55,365.05,367.1,358.55
394,2022-12-15 00:00:00,333.8,334.35,338.0,331.1
395,2023-01-11 00:00:00,331.35,330.0,335.35,327.55
396,2023-01-16 00:00:00,314.55,316.5,318.85,312.4
397,2021-01-25 00:00:00,348.7,338.1,351.1,337.85
398,2021-02-04 00:00:00,347.6,344.0,356.0,344.0
399,2021-03-05 00:00:00,349.1,356.0,364.75,338.0
400,2021-05-10 00:00:00,363.95,350.0,365.0,350.0
401,2021-05-20 00:00:00,323.5,330.0,331.3,322.55
402,2021-06-29 00:00:00,324.8,317.55,326.8,316.55
403,2021-07-07 00:00:00,342.9,335.4,344.0,333.9
404,2021-07-12 00:00:00,373.05,371.15,378.15,360.65
405,2021-07-26 00:00:00,377.45,381.65,385.0,375.0
406,2021-07-30 00:00:00,379.4,374.0,384.7,372.0
407,2021-08-10 00:00:00,368.8,379.9,383.6,360.2
408,2021-08-31 00:00:00,331.3,333.7,334.35,329.5
409,2021-09-03 00:00:00,340.7,350.0,352.85,338.85
410,2021-09-28 00:00:00,320.35,319.4,321.9,316.8
411,2021-10-20 00:00:00,317.4,320.0,320.6,310.0
412,2021-11-29 00:00:00,294.15,313.0,314.3,291.7
413,2022-01-28 00:00:00,300.7,296.0,308.0,296.0
414,2022-02-17 00:00:00,305.7,309.0,310.35,304.0
415,2022-02-25 00:00:00,288.0,274.0,289.15,271.05
416,2022-05-12 00:00:00,235.2,239.6,242.55,232.1
417,2022-05-17 00:00:00,250.75,244.1,252.55,239.35
418,2022-06-06 00:00:00,272.4,269.2,273.9,265.15
419,2022-06-14 00:00:00,259.45,255.0,265.95,255.0
420,2022-06-15 00:00:00,255.55,260.0,260.0,253.1
421,2022-07-27 00:00:00,301.65,298.1,302.7,293.4
422,2022-08-25 00:00:00,306.3,311.8,312.4,305.8
423,2022-09-19 00:00:00,320.25,320.95,327.0,317.1
424,2022-10-06 00:00:00,349.65,359.0,359.2,348.25
425,2022-10-18 00:00:00,357.15,351.9,357.6,344.8
426,2022-10-19 00:00:00,356.1,357.15,358.45,351.7
427,2022-10-25 00:00:00,354.45,343.75,357.95,342.25
428,2023-01-20 00:00:00,313.45,309.6,316.5,307.9
429,2023-01-31 00:00:00,295.65,294.3,297.5,292.0
430,2021-04-07 00:00:00,331.15,334.9,338.0,330.0
431,2021-06-16 00:00:00,323.7,329.5,329.7,323.0
432,2021-07-05 00:00:00,335.1,341.9,343.8,334.25
433,2021-07-16 00:00:00,381.55,372.9,384.2,371.0
434,2021-07-22 00:00:00,383.95,374.7,385.0,372.15
435,2021-08-25 00:00:00,330.75,335.5,338.75,329.1
436,2021-09-07 00:00:00,327.5,333.45,334.1,325.1
437,2021-09-22 00:00:00,323.45,321.0,327.95,319.55
438,2021-09-24 00:00:00,321.8,323.5,329.5,320.6
439,2021-09-29 00:00:00,322.65,318.05,325.85,318.0
440,2021-09-30 00:00:00,320.35,322.9,324.75,320.0
441,2021-10-01 00:00:00,327.25,319.0,328.3,318.1
442,2021-11-23 00:00:00,313.75,302.0,315.0,300.8
443,2021-11-26 00:00:00,311.9,310.15,324.6,310.15
444,2021-12-23 00:00:00,333.85,324.0,335.8,318.2
445,2021-12-29 00:00:00,340.65,334.0,343.15,334.0
446,2022-01-25 00:00:00,301.15,304.0,308.45,296.3
447,2022-02-04 00:00:00,320.15,324.5,325.45,316.5
448,2022-02-16 00:00:00,308.5,312.0,317.15,306.65
449,2022-02-21 00:00:00,297.6,300.0,303.7,295.55
450,2022-03-14 00:00:00,302.85,310.2,311.8,301.9
451,2022-04-07 00:00:00,312.3,319.0,320.4,310.5
452,2022-04-12 00:00:00,301.7,310.0,311.5,300.0
453,2022-08-30 00:00:00,306.1,304.5,307.9,302.6
454,2022-11-02 00:00:00,376.7,373.0,377.75,368.05
455,2022-11-14 00:00:00,369.65,366.9,374.35,363.7
456,2022-12-08 00:00:00,334.35,334.7,338.8,333.15
457,2022-12-13 00:00:00,334.45,338.5,341.2,333.2
458,2021-01-04 00:00:00,360.75,362.8,365.25,356.0
459,2021-02-10 00:00:00,338.5,333.0,342.95,332.8
460,2021-03-09 00:00:00,339.75,347.0,349.65,333.0
461,2021-03-30 00:00:00,309.1,303.1,310.55,303.1
462,2021-06-24 00:00:00,310.8,314.5,316.85,309.3
463,2021-07-27 00:00:00,364.75,379.0,382.2,361.55
464,2021-08-03 00:00:00,381.95,385.25,385.25,378.0
465,2021-10-18 00:00:00,325.2,330.05,330.95,323.05
466,2021-11-01 00:00:00,316.25,311.0,318.7,308.2
467,2021-11-11 00:00:00,317.1,323.5,324.2,316.2
468,2021-11-15 00:00:00,302.9,298.0,308.5,280.5
469,2021-12-03 00:00:00,302.5,303.0,307.8,301.0
470,2022-01-06 00:00:00,324.8,327.0,328.45,323.6
471,2022-01-27 00:00:00,294.0,300.0,300.0,290.0
472,2022-03-09 00:00:00,295.6,291.8,299.0,288.25
473,2022-03-21 00:00:00,313.75,310.0,319.9,307.0
474,2022-03-25 00:00:00,318.95,315.0,321.5,314.5
475,2022-04-11 00:00:00,310.05,314.6,318.9,309.25
476,2022-06-17 00:00:00,242.25,239.45,245.65,235.25
477,2022-06-28 00:00:00,275.25,265.05,282.0,259.65
478,2022-07-14 00:00:00,305.3,301.1,311.0,301.05
479,2022-07-18 00:00:00,308.5,305.45,310.05,302.3
480,2022-08-19 00:00:00,312.65,325.0,326.15,310.5
481,2022-08-22 00:00:00,306.8,308.05,314.55,306.0
482,2022-09-26 00:00:00,308.3,321.6,322.85,304.65
483,2022-09-29 00:00:00,324.3,320.0,329.3,319.25
484,2022-10-20 00:00:00,347.95,354.0,361.0,342.6
485,2022-11-07 00:00:00,365.4,370.95,372.95,362.45
486,2022-12-19 00:00:00,325.4,327.85,329.5,320.35
487,2022-12-30 00:00:00,318.8,324.5,324.5,317.05
488,2023-01-30 00:00:00,291.35,286.0,293.75,280.45
489,2021-01-12 00:00:00,361.55,362.5,367.8,360.05
490,2021-01-13 00:00:00,368.5,361.1,371.9,361.1
491,2021-02-05 00:00:00,336.85,350.0,350.0,335.7
492,2021-03-10 00:00:00,350.35,342.0,352.95,341.5
493,2021-05-24 00:00:00,320.9,323.2,324.55,318.0
494,2021-07-08 00:00:00,342.35,342.6,348.9,336.75
495,2021-07-20 00:00:00,368.1,379.0,381.45,360.05
496,2021-07-29 00:00:00,371.2,373.9,376.4,369.3
497,2021-08-20 00:00:00,325.1,340.0,344.0,322.0
498,2021-09-01 00:00:00,344.95,331.3,347.9,331.2
499,2021-11-25 00:00:00,314.85,312.1,318.5,310.1
500,2021-12-14 00:00:00,340.85,340.5,346.8,336.05
501,2022-01-04 00:00:00,325.6,338.0,342.65,322.55
502,2022-02-01 00:00:00,310.85,305.0,314.0,304.0
503,2022-02-09 00:00:00,311.65,310.95,315.85,306.0
504,2022-03-03 00:00:00,290.45,295.0,299.4,288.6
505,2022-03-07 00:00:00,286.0,282.15,288.3,277.05
506,2022-03-22 00:00:00,312.45,313.75,315.5,308.5
507,2022-03-28 00:00:00,311.35,321.6,323.95,310.1
508,2022-03-31 00:00:00,306.5,309.9,312.45,305.3
509,2022-04-13 00:00:00,299.95,304.4,304.95,297.6
510,2022-05-13 00:00:00,239.1,236.1,244.0,236.1
511,2022-06-08 00:00:00,273.5,270.1,275.9,268.0
512,2022-06-24 00:00:00,256.75,247.35,258.1,241.7
513,2022-07-05 00:00:00,277.35,281.0,285.3,275.0
514,2022-07-21 00:00:00,308.8,307.0,313.3,305.1
515,2022-08-11 00:00:00,306.5,304.0,308.55,295.35
516,2022-09-07 00:00:00,311.75,304.55,314.4,303.1
517,2022-09-30 00:00:00,345.35,331.95,347.0,325.05
518,2022-10-12 00:00:00,343.1,343.0,345.65,341.1
519,2022-11-16 00:00:00,363.9,369.7,373.35,362.15
520,2022-11-21 00:00:00,359.4,360.0,361.95,356.15
521,2022-12-09 00:00:00,329.7,335.7,337.0,328.15
522,2023-01-06 00:00:00,319.6,327.05,328.0,316.65
523,2023-02-27 00:00:00,281.1,285.0,287.8,280.6
524,2023-03-09 00:00:00,292.4,288.7,293.85,288.15
525,2023-02-17 00:00:00,287.9,292.45,294.7,286.3
526,2023-04-24 00:00:00,297.5,302.05,302.3,296.8
527,2023-04-28 00:00:00,300.35,303.75,303.9,297.95
528,2023-05-04 00:00:00,303.6,299.75,309.8,299.75
529,2023-05-19 00:00:00,276.3,280.0,280.0,274.15
530,2023-05-24 00:00:00,278.9,275.85,280.4,275.0
531,2023-06-14 00:00:00,287.1,286.8,289.0,285.55
532,2023-02-28 00:00:00,280.1,281.9,285.1,279.2
533,2023-02-09 00:00:00,289.55,289.2,292.9,285.95
534,2023-05-02 00:00:00,300.85,300.7,303.65,298.75
535,2023-05-22 00:00:00,276.25,273.0,281.85,273.0
536,2023-05-29 00:00:00,281.35,278.0,282.35,276.85
537,2023-06-16 00:00:00,292.05,288.05,295.85,287.1
538,2023-06-20 00:00:00,293.25,295.2,295.2,291.0
539,2023-06-22 00:00:00,287.95,291.05,294.5,286.7
540,2023-08-04 00:00:00,318.3,320.0,325.4,317.3
541,2023-08-10 00:00:00,301.9,306.25,315.0,301.0
542,2023-03-21 00:00:00,288.3,282.55,290.8,282.05
543,2023-04-12 00:00:00,301.65,293.95,304.95,293.55
544,2023-05-17 00:00:00,285.95,288.1,298.2,280.1
545,2023-06-01 00:00:00,288.05,281.65,288.8,281.55
546,2023-06-07 00:00:00,283.8,282.35,285.25,281.7
547,2023-07-04 00:00:00,295.65,299.25,299.65,294.2
548,2023-05-15 00:00:00,292.8,297.0,297.7,290.5
549,2023-06-08 00:00:00,279.85,283.0,284.55,279.05
550,2023-06-12 00:00:00,279.45,277.3,280.9,275.25
551,2023-07-05 00:00:00,295.3,295.65,296.85,294.25
552,2023-07-13 00:00:00,302.35,311.25,312.7,300.5
553,2023-07-31 00:00:00,323.3,321.8,325.3,321.0
554,2023-08-03 00:00:00,318.2,317.5,321.7,314.85
555,2023-08-08 00:00:00,323.1,320.9,324.9,319.95
556,2023-08-21 00:00:00,298.3,293.0,299.85,290.35
557,2023-02-15 00:00:00,290.25,287.7,290.95,285.55
558,2023-03-27 00:00:00,283.65,282.35,286.5,278.7
559,2023-03-28 00:00:00,270.95,283.65,284.45,270.3
560,2023-04-11 00:00:00,293.7,299.0,301.3,293.05
561,2023-05-11 00:00:00,298.85,300.75,302.45,297.0
562,2023-04-05 00:00:00,296.15,299.1,299.1,294.45
563,2023-06-05 00:00:00,284.75,288.25,288.4,284.0
564,2023-04-06 00:00:00,298.75,296.0,299.95,294.1
565,2023-06-30 00:00:00,296.9,298.3,299.8,293.55
566,2023-07-28 00:00:00,321.3,323.5,326.9,319.75
567,2023-04-21 00:00:00,300.5,302.55,303.55,299.25
568,2023-04-26 00:00:00,299.15,296.85,300.0,296.0
569,2023-05-12 00:00:00,296.1,298.5,300.4,295.6
570,2023-06-27 00:00:00,297.2,292.7,300.7,291.7
571,2023-04-03 00:00:00,297.35,290.7,298.55,288.4
572,2023-04-27 00:00:00,302.2,299.15,303.5,297.05
573,2023-05-10 00:00:00,300.75,299.65,301.85,296.0
574,2023-05-16 00:00:00,288.15,294.0,302.45,284.0
575,2023-08-09 00:00:00,322.4,324.75,327.5,321.0
576,2023-08-17 00:00:00,294.05,293.8,296.4,291.2
577,2023-02-10 00:00:00,289.25,287.35,292.9,286.75
578,2023-04-19 00:00:00,304.05,303.0,306.5,300.3
579,2023-02-20 00:00:00,287.45,286.5,289.9,284.2
580,2023-05-18 00:00:00,277.75,287.4,289.85,276.2
581,2023-05-23 00:00:00,275.85,277.7,278.4,274.0
582,2023-05-26 00:00:00,276.85,273.05,277.85,272.35
583,2023-06-02 00:00:00,286.95,289.25,291.0,283.35
584,2023-06-26 00:00:00,291.25,287.95,292.25,283.3
585,2023-07-17 00:00:00,311.3,312.0,314.5,310.1
586,2023-08-18 00:00:00,290.35,293.5,297.5,288.1
587,2023-02-13 00:00:00,285.65,290.0,291.0,283.35
588,2023-03-16 00:00:00,283.05,284.65,285.8,280.3
589,2023-03-24 00:00:00,282.35,281.05,283.4,278.6
590,2023-03-31 00:00:00,290.7,275.0,291.8,274.75
591,2023-04-20 00:00:00,302.55,305.5,305.85,301.9
592,2023-06-13 00:00:00,285.35,280.85,286.45,279.95
593,2023-07-19 00:00:00,313.45,310.95,317.95,310.05
594,2023-07-21 00:00:00,309.8,310.55,314.9,309.0
595,2023-03-03 00:00:00,285.7,283.7,287.7,282.25
596,2023-02-14 00:00:00,287.8,285.65,288.4,283.35
597,2023-04-13 00:00:00,297.5,302.9,302.9,296.0
598,2023-06-09 00:00:00,277.3,280.95,281.2,276.2
599,2023-06-19 00:00:00,294.75,295.0,297.4,292.65
600,2023-07-18 00:00:00,310.0,312.1,312.75,306.0
601,2023-08-23 00:00:00,295.45,295.95,297.25,295.0
602,2023-03-01 00:00:00,283.5,280.35,284.8,279.7
603,2023-03-02 00:00:00,283.0,283.7,284.35,280.3
604,2023-03-08 00:00:00,289.2,287.5,294.6,287.1
605,2023-03-13 00:00:00,282.95,283.55,285.75,281.2
606,2023-04-17 00:00:00,294.55,299.0,299.3,293.95
607,2023-03-17 00:00:00,286.05,283.6,288.4,282.25
608,2023-05-03 00:00:00,299.7,298.0,302.0,298.0
609,2023-05-08 00:00:00,306.45,297.05,308.5,295.1
610,2023-06-15 00:00:00,287.1,288.45,289.0,285.0
611,2023-07-03 00:00:00,298.65,302.0,304.6,297.55
612,2023-07-11 00:00:00,309.95,311.9,313.5,306.55
613,2023-07-12 00:00:00,308.9,311.5,314.55,308.1
614,2023-08-22 00:00:00,295.55,298.5,299.15,294.55
615,2023-07-25 00:00:00,308.95,308.0,311.1,306.7
616,2023-07-27 00:00:00,321.65,309.45,323.55,308.65
617,2023-02-21 00:00:00,286.25,287.45,289.25,285.55
618,2023-02-16 00:00:00,292.75,290.45,293.75,289.55
619,2023-03-15 00:00:00,285.1,284.0,289.05,283.5
620,2023-03-20 00:00:00,281.9,285.45,285.75,279.4
621,2023-04-25 00:00:00,296.85,297.5,299.1,294.55
622,2023-05-09 00:00:00,299.6,307.45,308.85,298.75
623,2023-05-31 00:00:00,281.95,281.4,284.4,279.85
624,2023-06-06 00:00:00,282.3,285.0,285.0,280.05
625,2023-06-23 00:00:00,287.0,287.95,290.65,281.35
626,2023-06-28 00:00:00,300.4,298.45,302.6,295.0
627,2023-07-10 00:00:00,310.05,314.7,317.45,309.05
628,2023-07-24 00:00:00,306.95,309.95,312.2,306.05
629,2023-08-14 00:00:00,291.85,298.0,298.4,287.7
630,2023-03-06 00:00:00,289.7,285.85,291.9,285.85
631,2023-02-22 00:00:00,280.0,285.0,285.95,279.15
632,2023-02-23 00:00:00,283.35,280.0,284.5,277.5
633,2023-03-14 00:00:00,283.75,282.9,287.4,282.15
634,2023-03-22 00:00:00,287.55,289.45,289.95,285.3
635,2023-03-23 00:00:00,280.7,285.75,287.0,279.45
636,2023-04-10 00:00:00,299.4,298.5,302.9,296.2
637,2023-05-05 00:00:00,296.65,305.0,306.0,296.15
638,2023-05-30 00:00:00,281.95,282.8,284.75,280.55
639,2023-07-26 00:00:00,308.1,310.0,312.4,306.7
640,2023-08-07 00:00:00,320.55,320.4,322.4,317.2
641,2023-08-16 00:00:00,294.1,291.0,296.0,288.0
642,2023-02-24 00:00:00,285.45,282.7,287.4,281.75
643,2023-05-25 00:00:00,273.05,279.85,280.0,272.35
644,2023-07-06 00:00:00,300.9,295.0,303.25,294.3
645,2023-08-01 00:00:00,326.2,323.3,329.3,322.25
646,2023-08-11 00:00:00,299.9,302.0,303.15,297.0
647,2023-03-10 00:00:00,283.85,289.3,290.9,278.45
648,2023-03-29 00:00:00,273.25,268.5,275.0,267.75
649,2023-04-18 00:00:00,300.7,294.5,301.6,294.25
650,2023-06-21 00:00:00,290.95,294.0,294.75,287.3
651,2023-07-07 00:00:00,311.9,301.0,315.4,300.0
652,2023-07-14 00:00:00,308.8,305.3,310.45,302.35
653,2023-07-20 00:00:00,311.45,314.7,315.1,310.7
654,2023-08-02 00:00:00,317.15,327.85,327.85,313.7
