,time,close,open,high,low
0,2021-02-22 00:00:00,119.85,122.9,123.8,119.35
1,2021-02-24 00:00:00,119.65,118.75,121.45,118.75
2,2021-03-23 00:00:00,113.15,115.0,117.0,112.05
3,2021-04-23 00:00:00,104.35,99.05,105.7,98.1
4,2021-05-11 00:00:00,117.8,112.0,119.45,112.0
5,2021-06-08 00:00:00,135.4,136.7,137.75,134.5
6,2021-06-09 00:00:00,135.35,136.8,139.4,134.35
7,2021-06-11 00:00:00,135.45,137.95,138.15,134.4
8,2021-06-21 00:00:00,133.75,133.0,134.65,131.35
9,2021-08-05 00:00:00,144.75,145.6,146.15,142.65
10,2021-08-13 00:00:00,142.25,144.1,144.1,141.9
11,2021-08-24 00:00:00,139.6,140.0,140.75,133.5
12,2021-08-26 00:00:00,137.65,139.0,139.55,137.0
13,2021-09-09 00:00:00,150.8,147.35,153.35,146.0
14,2021-10-19 00:00:00,214.85,227.75,230.8,211.5
15,2021-11-18 00:00:00,210.5,216.5,218.0,207.0
16,2021-11-25 00:00:00,205.55,207.0,207.25,203.5
17,2021-12-15 00:00:00,199.75,198.9,203.5,196.6
18,2022-01-25 00:00:00,197.85,194.0,199.55,190.85
19,2022-02-04 00:00:00,216.55,220.65,220.7,214.0
20,2022-02-25 00:00:00,200.2,199.9,204.0,197.75
21,2022-04-22 00:00:00,240.9,242.7,249.9,240.0
22,2022-05-10 00:00:00,230.4,239.7,241.0,228.0
23,2022-06-07 00:00:00,231.05,228.5,232.2,226.3
24,2022-08-12 00:00:00,271.95,277.75,277.8,270.55
25,2022-10-04 00:00:00,344.25,343.45,346.2,339.0
26,2022-10-06 00:00:00,341.6,346.9,348.45,339.0
27,2022-12-15 00:00:00,333.25,333.95,335.9,331.5
28,2022-12-19 00:00:00,326.8,327.15,328.4,320.25
29,2023-02-07 00:00:00,316.45,314.75,317.45,311.25
30,2023-03-08 00:00:00,327.0,319.7,327.75,318.05
31,2023-05-19 00:00:00,372.35,367.4,376.5,366.95
32,2023-05-25 00:00:00,380.6,375.3,389.4,374.3
33,2023-06-02 00:00:00,395.65,397.3,399.3,394.45
34,2023-06-21 00:00:00,396.8,397.0,403.0,394.1
35,2023-06-23 00:00:00,380.4,383.4,386.55,378.45
36,2023-07-06 00:00:00,385.15,379.95,386.45,378.0
37,2023-07-17 00:00:00,390.1,391.2,393.95,388.0
38,2023-07-20 00:00:00,398.6,405.0,405.8,396.45
39,2021-01-22 00:00:00,122.55,121.45,125.0,120.65
40,2021-03-24 00:00:00,108.45,112.25,113.15,107.2
41,2021-05-17 00:00:00,115.1,114.2,118.3,114.2
42,2021-06-02 00:00:00,134.85,136.0,139.65,133.4
43,2021-06-18 00:00:00,135.25,130.4,137.25,125.0
44,2021-08-23 00:00:00,137.95,140.0,140.8,133.05
45,2021-09-08 00:00:00,146.65,143.5,148.45,143.0
46,2021-09-23 00:00:00,183.95,174.5,185.35,173.65
47,2021-11-22 00:00:00,201.95,210.9,211.0,196.65
48,2021-11-26 00:00:00,182.05,200.5,201.4,180.05
49,2021-12-14 00:00:00,198.15,198.2,202.6,197.25
50,2022-03-15 00:00:00,201.75,205.7,207.3,200.4
51,2022-05-12 00:00:00,217.85,222.45,223.4,216.25
52,2022-05-24 00:00:00,225.5,232.0,232.5,224.7
53,2022-06-01 00:00:00,236.6,236.0,238.7,234.0
54,2022-06-22 00:00:00,215.1,222.0,222.0,214.0
55,2022-07-14 00:00:00,244.0,246.6,247.5,241.35
56,2022-07-27 00:00:00,260.45,258.3,262.3,257.55
57,2022-08-05 00:00:00,269.8,269.9,273.9,267.7
58,2022-09-28 00:00:00,324.95,327.4,333.0,323.85
59,2022-10-18 00:00:00,323.4,320.2,326.75,316.4
60,2022-10-28 00:00:00,322.25,322.3,323.2,319.2
61,2022-11-02 00:00:00,342.4,342.4,345.0,339.05
62,2022-11-04 00:00:00,334.75,340.65,344.1,333.55
63,2022-11-10 00:00:00,338.7,337.0,344.2,331.85
64,2022-11-16 00:00:00,310.3,313.7,321.95,304.45
65,2023-01-05 00:00:00,314.45,315.0,316.0,309.65
66,2023-01-09 00:00:00,314.55,311.55,315.75,310.7
67,2023-02-20 00:00:00,314.75,318.8,319.9,314.2
68,2023-03-16 00:00:00,320.9,313.15,321.9,312.15
69,2023-03-22 00:00:00,315.1,318.85,319.75,312.65
70,2023-04-10 00:00:00,328.0,327.5,332.25,324.65
71,2023-04-27 00:00:00,340.0,342.0,343.4,336.65
72,2023-07-04 00:00:00,380.75,390.4,393.7,380.0
73,2023-08-02 00:00:00,395.75,395.55,400.7,390.5
74,2021-02-05 00:00:00,119.3,120.6,121.4,118.7
75,2021-02-15 00:00:00,131.95,130.0,133.0,129.5
76,2021-02-26 00:00:00,122.85,118.9,124.15,118.0
77,2021-05-26 00:00:00,131.2,135.9,138.85,130.0
78,2021-05-27 00:00:00,132.3,132.2,136.65,130.75
79,2021-06-28 00:00:00,145.6,148.0,148.4,142.9
80,2021-09-20 00:00:00,161.05,149.2,169.55,147.8
81,2021-09-22 00:00:00,173.1,165.0,176.95,163.3
82,2021-09-30 00:00:00,181.4,184.5,188.8,179.3
83,2021-10-11 00:00:00,206.8,204.2,211.5,201.0
84,2021-10-13 00:00:00,230.85,215.4,235.1,214.6
85,2021-12-13 00:00:00,203.35,205.5,206.5,201.6
86,2022-01-04 00:00:00,184.5,185.0,187.7,182.65
87,2022-02-10 00:00:00,215.25,213.7,216.5,210.7
88,2022-02-22 00:00:00,204.45,200.05,206.65,199.1
89,2022-03-16 00:00:00,210.8,203.8,211.8,201.75
90,2022-03-23 00:00:00,216.1,212.9,221.35,209.65
91,2022-04-19 00:00:00,243.6,247.5,253.7,239.55
92,2022-04-28 00:00:00,247.0,238.0,249.8,236.8
93,2022-05-13 00:00:00,218.4,219.5,226.0,217.3
94,2022-06-03 00:00:00,233.1,236.35,238.3,231.15
95,2022-07-04 00:00:00,232.15,226.3,232.75,225.0
96,2022-11-15 00:00:00,312.0,314.0,316.55,308.95
97,2022-11-18 00:00:00,313.9,317.9,320.45,312.45
98,2022-12-22 00:00:00,304.05,309.0,312.15,294.8
99,2022-12-27 00:00:00,314.45,316.5,318.2,310.5
100,2023-01-23 00:00:00,298.05,295.55,299.45,295.05
101,2023-02-22 00:00:00,299.6,308.0,309.2,298.2
102,2023-03-28 00:00:00,312.1,306.5,313.5,302.1
103,2023-04-20 00:00:00,335.1,330.55,336.25,329.6
104,2023-04-21 00:00:00,336.75,337.0,338.6,333.15
105,2023-04-25 00:00:00,338.85,338.45,341.0,337.55
106,2023-05-30 00:00:00,385.45,380.85,386.0,379.25
107,2023-06-27 00:00:00,383.55,386.0,386.5,378.85
108,2023-07-11 00:00:00,391.95,386.0,394.8,385.4
109,2023-08-17 00:00:00,382.2,382.0,387.6,381.25
110,2021-01-06 00:00:00,123.35,124.15,125.3,122.5
111,2021-02-01 00:00:00,122.65,122.35,124.0,121.6
112,2021-02-18 00:00:00,125.8,126.45,126.8,123.7
113,2021-04-30 00:00:00,111.5,110.0,114.5,107.2
114,2021-05-12 00:00:00,116.2,117.8,118.8,115.0
115,2021-05-21 00:00:00,130.25,128.45,131.0,127.3
116,2021-07-20 00:00:00,143.0,149.5,149.6,142.0
117,2021-07-26 00:00:00,146.35,147.9,147.9,145.0
118,2021-07-29 00:00:00,148.0,146.8,148.9,146.45
119,2021-07-30 00:00:00,145.1,148.0,150.8,143.7
120,2021-08-25 00:00:00,138.85,139.95,141.4,138.25
121,2021-10-25 00:00:00,205.85,208.9,213.7,201.1
122,2021-11-01 00:00:00,206.5,193.5,207.75,192.7
123,2021-11-15 00:00:00,216.25,215.35,220.9,212.9
124,2021-11-24 00:00:00,206.15,208.3,209.5,205.0
125,2021-11-30 00:00:00,180.3,173.15,185.8,173.15
126,2021-12-03 00:00:00,192.3,187.0,196.0,184.3
127,2021-12-09 00:00:00,203.9,204.0,205.65,202.0
128,2022-01-21 00:00:00,206.35,209.0,211.3,203.75
129,2022-02-24 00:00:00,194.3,197.0,200.7,191.95
130,2022-03-03 00:00:00,199.95,201.7,206.7,199.0
131,2022-03-10 00:00:00,201.85,211.7,213.3,200.5
132,2022-04-05 00:00:00,235.6,241.4,241.4,234.1
133,2022-04-26 00:00:00,233.05,238.0,239.45,229.0
134,2022-05-05 00:00:00,250.25,258.95,260.0,248.05
135,2022-05-31 00:00:00,235.0,237.9,240.15,234.25
136,2022-07-01 00:00:00,225.75,222.1,228.1,220.4
137,2022-07-19 00:00:00,250.9,250.3,254.35,248.25
138,2022-08-24 00:00:00,274.9,273.2,275.7,271.3
139,2022-09-01 00:00:00,294.7,284.7,295.6,281.95
140,2022-09-30 00:00:00,331.7,326.2,333.25,321.4
141,2022-10-19 00:00:00,321.2,324.6,324.7,319.25
142,2022-12-20 00:00:00,324.6,326.0,328.35,320.4
143,2023-01-10 00:00:00,310.35,314.55,314.6,307.05
144,2023-01-13 00:00:00,309.35,309.95,312.45,307.3
145,2023-03-09 00:00:00,321.8,327.2,330.7,321.05
146,2023-04-03 00:00:00,321.05,324.8,325.0,319.15
147,2023-05-24 00:00:00,375.25,371.05,377.45,369.2
148,2023-06-13 00:00:00,393.35,389.25,394.6,388.4
149,2023-07-31 00:00:00,395.1,392.2,395.9,390.7
150,2023-08-14 00:00:00,383.15,386.9,387.5,380.2
151,2023-08-22 00:00:00,388.6,379.4,389.4,379.4
152,2023-08-23 00:00:00,397.25,388.35,397.4,387.25
153,2021-02-16 00:00:00,126.8,132.0,132.6,126.0
154,2021-04-07 00:00:00,111.05,110.0,112.5,109.45
155,2021-04-12 00:00:00,104.6,106.25,107.95,104.0
156,2021-05-31 00:00:00,139.3,133.6,140.5,132.0
157,2021-07-07 00:00:00,152.35,147.4,157.3,145.75
158,2021-07-16 00:00:00,152.85,149.9,154.9,149.1
159,2021-08-04 00:00:00,145.6,148.7,149.2,145.0
160,2021-08-12 00:00:00,143.15,142.1,145.45,141.7
161,2021-09-07 00:00:00,143.85,145.95,146.95,142.45
162,2021-10-07 00:00:00,196.15,187.2,198.7,187.2
163,2021-10-28 00:00:00,199.3,203.5,204.05,197.25
164,2021-11-08 00:00:00,213.2,217.0,217.0,211.0
165,2021-11-09 00:00:00,219.85,214.0,224.9,214.0
166,2021-11-23 00:00:00,207.25,200.1,208.35,197.35
167,2021-12-07 00:00:00,195.25,189.95,196.5,189.35
168,2021-12-21 00:00:00,180.55,184.0,187.0,178.9
169,2022-01-05 00:00:00,182.05,184.0,185.05,181.1
170,2022-02-14 00:00:00,195.1,200.95,202.0,193.0
171,2022-02-16 00:00:00,204.85,207.95,209.75,203.3
172,2022-02-17 00:00:00,209.3,206.85,211.5,206.35
173,2022-03-11 00:00:00,203.0,200.15,204.5,200.0
174,2022-05-02 00:00:00,261.7,253.85,265.5,253.0
175,2022-05-26 00:00:00,220.4,222.95,225.0,211.2
176,2022-05-27 00:00:00,225.05,226.05,227.0,222.8
177,2022-06-27 00:00:00,225.95,229.8,230.0,224.95
178,2022-07-07 00:00:00,244.1,238.0,245.3,237.75
179,2022-07-18 00:00:00,250.95,251.55,253.0,250.0
180,2022-07-22 00:00:00,252.65,252.5,254.0,250.05
181,2022-08-11 00:00:00,277.2,270.95,278.9,269.95
182,2022-08-22 00:00:00,267.35,271.45,271.8,265.05
183,2022-11-09 00:00:00,337.5,346.5,346.6,336.15
184,2022-11-24 00:00:00,317.75,319.0,319.85,315.1
185,2023-01-12 00:00:00,309.8,312.0,312.6,308.1
186,2023-02-02 00:00:00,318.0,322.0,327.9,313.3
187,2023-03-21 00:00:00,317.85,316.7,319.9,315.95
188,2023-03-29 00:00:00,319.05,312.0,319.8,310.0
189,2023-04-12 00:00:00,330.75,327.4,331.85,325.25
190,2023-04-17 00:00:00,332.4,327.5,333.5,326.25
191,2023-05-08 00:00:00,370.1,363.0,374.0,361.85
192,2023-05-31 00:00:00,389.7,385.0,395.0,381.2
193,2023-08-11 00:00:00,387.05,383.0,389.25,381.65
194,2021-01-12 00:00:00,123.25,124.0,125.3,122.8
195,2021-02-02 00:00:00,123.3,123.3,124.6,121.65
196,2021-03-05 00:00:00,125.4,128.0,130.6,124.55
197,2021-03-26 00:00:00,108.4,103.4,109.0,103.4
198,2021-04-01 00:00:00,112.3,111.0,113.45,109.25
199,2021-04-26 00:00:00,111.45,106.0,113.1,104.5
200,2021-05-05 00:00:00,111.75,113.0,113.0,109.5
201,2021-05-19 00:00:00,129.0,121.4,130.0,120.75
202,2021-06-01 00:00:00,135.95,140.8,144.3,135.2
203,2021-09-01 00:00:00,147.0,139.55,148.3,139.55
204,2021-09-02 00:00:00,149.5,147.6,151.4,147.1
205,2021-09-13 00:00:00,154.1,151.75,156.4,149.2
206,2021-09-14 00:00:00,153.9,154.95,155.5,152.4
207,2021-09-17 00:00:00,149.05,156.0,156.0,148.3
208,2021-12-16 00:00:00,195.05,200.8,203.0,194.55
209,2021-12-20 00:00:00,182.65,184.9,186.4,177.5
210,2022-01-18 00:00:00,207.35,210.2,214.0,206.0
211,2022-04-20 00:00:00,237.6,245.4,249.5,233.8
212,2022-05-19 00:00:00,220.1,222.25,226.0,219.5
213,2022-06-20 00:00:00,215.1,211.05,216.55,207.25
214,2022-07-13 00:00:00,245.55,246.4,251.1,244.4
215,2022-08-02 00:00:00,268.45,270.4,273.5,266.1
216,2022-08-04 00:00:00,270.45,275.15,275.3,265.45
217,2022-09-12 00:00:00,314.95,313.85,316.45,312.2
218,2022-09-20 00:00:00,326.35,321.45,328.3,321.0
219,2022-10-14 00:00:00,309.75,324.0,324.0,308.6
220,2023-02-06 00:00:00,314.75,318.25,319.7,311.15
221,2023-02-09 00:00:00,319.65,319.0,322.1,317.6
222,2023-02-23 00:00:00,308.3,301.1,309.8,300.0
223,2023-03-13 00:00:00,312.15,317.35,318.3,310.55
224,2023-03-31 00:00:00,324.35,320.5,326.8,318.85
225,2023-04-26 00:00:00,340.95,340.0,345.8,339.45
226,2023-05-26 00:00:00,383.95,381.8,386.0,381.1
227,2023-07-03 00:00:00,390.4,394.9,395.0,388.0
228,2023-07-12 00:00:00,392.3,393.3,397.85,390.55
229,2023-08-04 00:00:00,395.85,394.95,401.45,394.45
230,2023-08-18 00:00:00,381.65,381.9,384.0,376.9
231,2021-01-05 00:00:00,123.15,126.0,127.2,122.9
232,2021-02-03 00:00:00,122.8,123.65,125.0,122.05
233,2021-03-04 00:00:00,128.85,125.05,129.8,124.0
234,2021-07-15 00:00:00,149.9,149.85,151.45,149.0
235,2021-07-22 00:00:00,145.9,145.05,147.45,143.5
236,2021-08-03 00:00:00,148.2,147.2,148.9,146.15
237,2021-09-16 00:00:00,155.05,155.4,158.0,154.05
238,2021-10-06 00:00:00,185.2,193.9,200.65,184.0
239,2021-11-29 00:00:00,172.55,179.9,182.05,171.0
240,2021-12-01 00:00:00,184.1,179.95,185.35,177.55
241,2021-12-22 00:00:00,181.05,182.5,184.0,178.05
242,2022-01-07 00:00:00,186.35,188.45,188.45,183.25
243,2022-01-14 00:00:00,210.7,207.9,213.95,207.55
244,2022-01-20 00:00:00,209.45,207.45,210.5,205.8
245,2022-02-11 00:00:00,206.6,214.0,214.8,205.25
246,2022-03-25 00:00:00,227.65,220.75,235.8,219.3
247,2022-03-28 00:00:00,231.95,229.95,234.85,225.0
248,2022-04-04 00:00:00,239.1,242.7,244.0,238.5
249,2022-04-13 00:00:00,252.5,250.7,260.45,249.55
250,2022-05-16 00:00:00,224.55,220.4,229.15,217.35
251,2022-08-18 00:00:00,275.35,276.75,281.15,274.15
252,2022-09-02 00:00:00,296.6,295.9,298.95,293.1
253,2022-09-05 00:00:00,309.95,297.4,311.3,296.9
254,2022-10-11 00:00:00,330.35,338.8,340.45,328.7
255,2022-10-21 00:00:00,313.6,314.0,316.5,311.0
256,2022-10-25 00:00:00,319.75,317.55,321.4,314.75
257,2022-11-21 00:00:00,316.5,314.2,318.25,313.0
258,2022-12-12 00:00:00,332.85,330.0,334.7,328.0
259,2022-12-30 00:00:00,318.65,315.25,321.0,313.1
260,2023-01-16 00:00:00,305.3,309.35,311.45,303.45
261,2023-01-27 00:00:00,286.45,292.15,293.35,280.05
262,2023-02-03 00:00:00,318.25,318.0,320.4,313.7
263,2023-02-16 00:00:00,321.95,316.6,323.4,316.05
264,2023-02-17 00:00:00,318.1,322.0,325.0,317.05
265,2023-04-24 00:00:00,339.0,336.75,339.9,330.95
266,2023-06-16 00:00:00,403.25,394.7,404.2,393.15
267,2023-07-05 00:00:00,380.35,381.15,383.8,376.65
268,2021-03-01 00:00:00,121.55,124.0,124.05,120.35
269,2021-04-16 00:00:00,98.95,100.0,101.65,98.7
270,2021-05-10 00:00:00,113.1,112.4,114.2,111.8
271,2021-05-18 00:00:00,121.9,117.9,123.3,116.4
272,2021-05-24 00:00:00,129.6,131.0,133.0,128.55
273,2021-07-01 00:00:00,141.25,141.5,142.7,140.5
274,2021-07-05 00:00:00,146.75,144.0,147.3,143.3
275,2021-07-08 00:00:00,150.5,154.95,155.0,148.95
276,2021-08-09 00:00:00,143.35,145.0,145.65,142.15
277,2021-10-12 00:00:00,213.75,208.25,218.95,207.1
278,2021-10-29 00:00:00,196.65,200.25,204.35,192.45
279,2021-11-02 00:00:00,203.25,207.45,207.8,202.55
280,2022-01-13 00:00:00,210.5,209.0,211.35,206.4
281,2022-01-31 00:00:00,215.6,208.5,218.5,208.5
282,2022-02-03 00:00:00,218.85,219.0,220.85,216.9
283,2022-02-08 00:00:00,210.85,213.1,213.85,207.45
284,2022-04-08 00:00:00,253.85,251.5,257.8,248.5
285,2022-04-29 00:00:00,256.5,248.95,260.3,247.05
286,2022-07-11 00:00:00,245.95,242.75,247.25,241.65
287,2022-08-25 00:00:00,273.4,275.75,277.1,272.95
288,2022-10-13 00:00:00,317.15,332.0,332.9,312.7
289,2022-12-01 00:00:00,324.0,321.5,324.9,318.7
290,2022-12-07 00:00:00,325.15,328.0,329.9,323.3
291,2023-01-02 00:00:00,317.2,318.65,320.25,315.95
292,2023-01-18 00:00:00,303.8,309.4,309.5,302.9
293,2023-02-10 00:00:00,323.75,318.75,325.0,318.05
294,2023-05-03 00:00:00,354.9,348.4,363.0,346.8
295,2023-05-05 00:00:00,358.7,358.5,364.35,357.0
296,2023-05-10 00:00:00,371.35,374.2,375.95,367.3
297,2023-07-07 00:00:00,382.45,386.85,392.55,380.35
298,2023-07-13 00:00:00,387.45,394.8,396.0,386.3
299,2023-07-24 00:00:00,391.6,395.0,395.2,387.0
300,2023-07-28 00:00:00,391.65,379.0,393.65,378.55
301,2023-08-16 00:00:00,383.2,381.0,384.9,378.0
302,2023-08-21 00:00:00,379.4,381.0,384.35,377.4
303,2021-01-11 00:00:00,124.5,124.35,125.0,122.65
304,2021-01-13 00:00:00,126.65,123.4,129.9,123.4
305,2021-01-19 00:00:00,124.05,127.0,128.6,123.0
306,2021-03-08 00:00:00,127.05,126.9,129.3,126.25
307,2021-04-20 00:00:00,95.95,97.0,102.25,94.75
308,2021-05-28 00:00:00,133.2,133.3,135.55,131.5
309,2021-07-06 00:00:00,147.35,145.8,150.65,145.6
310,2021-07-27 00:00:00,148.4,146.0,149.4,146.0
311,2021-08-06 00:00:00,144.9,145.0,146.5,144.4
312,2021-08-10 00:00:00,142.7,141.5,147.4,140.25
313,2021-08-31 00:00:00,140.4,140.85,142.0,139.7
314,2021-09-03 00:00:00,147.0,150.0,151.45,146.0
315,2021-09-24 00:00:00,178.8,186.65,186.9,174.7
316,2021-10-22 00:00:00,204.65,218.0,224.9,202.85
317,2021-10-27 00:00:00,203.85,209.0,210.3,203.1
318,2021-12-27 00:00:00,178.2,173.0,179.1,172.15
319,2021-12-29 00:00:00,181.95,182.15,184.3,180.75
320,2022-01-17 00:00:00,208.95,210.45,212.75,208.25
321,2022-02-01 00:00:00,222.6,219.0,223.8,212.5
322,2022-03-08 00:00:00,194.05,189.95,195.0,188.55
323,2022-03-09 00:00:00,207.3,197.0,208.8,196.2
324,2022-03-17 00:00:00,208.5,212.25,215.0,207.9
325,2022-04-01 00:00:00,240.6,238.7,243.0,237.65
326,2022-04-11 00:00:00,250.7,253.8,257.6,249.95
327,2022-04-25 00:00:00,234.7,238.1,240.5,228.7
328,2022-05-04 00:00:00,257.45,263.9,268.95,254.0
329,2022-05-06 00:00:00,248.95,243.5,251.35,243.0
330,2022-06-13 00:00:00,216.15,215.9,217.4,212.55
331,2022-06-29 00:00:00,231.75,225.9,232.4,224.9
332,2022-06-30 00:00:00,225.15,232.5,233.0,224.1
333,2022-07-28 00:00:00,263.15,262.35,264.5,260.4
334,2022-08-10 00:00:00,268.25,272.4,277.15,266.35
335,2022-08-30 00:00:00,285.45,284.2,288.2,283.6
336,2022-09-13 00:00:00,317.45,316.4,319.95,314.55
337,2022-09-19 00:00:00,319.75,319.0,324.5,316.7
338,2022-09-22 00:00:00,333.85,324.85,334.85,323.9
339,2022-09-27 00:00:00,327.5,319.9,330.4,313.7
340,2022-11-03 00:00:00,339.95,340.8,346.75,337.5
341,2022-12-08 00:00:00,327.1,326.0,328.55,324.7
342,2022-12-21 00:00:00,309.45,326.2,327.2,304.8
343,2022-12-26 00:00:00,314.35,296.0,315.8,295.25
344,2022-12-29 00:00:00,313.65,313.0,315.9,310.6
345,2023-04-11 00:00:00,327.35,328.9,330.5,324.7
346,2023-04-19 00:00:00,330.55,332.45,334.95,328.65
347,2023-05-17 00:00:00,367.5,366.0,376.4,364.25
348,2023-06-26 00:00:00,383.6,380.35,386.0,379.15
349,2023-07-27 00:00:00,384.95,391.95,392.65,383.8
350,2023-08-07 00:00:00,394.4,397.95,399.25,392.75
351,2021-01-27 00:00:00,124.55,124.2,125.75,122.65
352,2021-03-03 00:00:00,125.05,121.0,125.7,121.0
353,2021-03-30 00:00:00,105.7,110.0,110.0,105.0
354,2021-04-22 00:00:00,99.4,94.9,100.5,93.75
355,2021-05-03 00:00:00,111.1,110.0,113.1,107.0
356,2021-05-06 00:00:00,112.6,112.95,113.5,111.3
357,2021-06-04 00:00:00,136.8,139.0,144.0,135.25
358,2021-06-14 00:00:00,134.05,136.2,136.25,131.55
359,2021-06-16 00:00:00,135.15,136.45,137.35,134.5
360,2021-07-12 00:00:00,147.95,149.7,151.6,146.1
361,2021-07-14 00:00:00,148.8,150.7,151.95,147.95
362,2021-07-19 00:00:00,150.2,151.0,151.55,148.15
363,2021-09-15 00:00:00,154.75,153.3,156.25,152.6
364,2021-10-08 00:00:00,202.65,198.35,211.7,198.35
365,2021-11-04 00:00:00,215.4,204.95,216.75,204.35
366,2021-11-11 00:00:00,207.9,214.0,214.45,207.2
367,2021-12-10 00:00:00,204.15,203.9,206.5,201.4
368,2022-01-12 00:00:00,208.25,199.0,209.2,197.95
369,2022-02-07 00:00:00,211.8,217.3,218.55,211.0
370,2022-02-15 00:00:00,206.0,197.0,206.9,194.1
371,2022-06-10 00:00:00,220.25,220.55,222.35,219.4
372,2022-07-06 00:00:00,236.9,236.65,238.0,233.95
373,2022-08-03 00:00:00,273.95,268.35,275.0,267.1
374,2022-08-16 00:00:00,275.45,273.0,277.3,272.0
375,2022-08-26 00:00:00,280.85,275.5,282.0,275.0
376,2022-09-09 00:00:00,312.5,311.4,314.9,309.8
377,2022-09-26 00:00:00,316.3,324.8,329.75,305.45
378,2022-10-07 00:00:00,341.35,342.5,347.1,336.1
379,2022-10-27 00:00:00,322.0,321.45,323.7,317.25
380,2022-10-31 00:00:00,333.8,324.4,334.65,322.5
381,2022-11-29 00:00:00,316.2,325.5,326.25,315.05
382,2022-12-14 00:00:00,333.5,329.35,334.1,328.55
383,2023-01-06 00:00:00,310.3,314.4,315.4,306.7
384,2023-02-24 00:00:00,309.6,309.45,314.4,308.15
385,2023-03-15 00:00:00,315.65,317.0,318.95,314.0
386,2023-05-09 00:00:00,374.25,371.95,377.95,371.1
387,2023-06-09 00:00:00,381.95,383.0,386.05,381.0
388,2023-07-25 00:00:00,392.15,392.4,396.35,388.0
389,2023-08-01 00:00:00,396.45,395.0,401.9,394.35
390,2021-01-20 00:00:00,124.45,124.95,126.3,123.65
391,2021-01-28 00:00:00,121.5,122.3,123.9,120.5
392,2021-03-19 00:00:00,114.0,115.0,116.7,111.3
393,2021-03-25 00:00:00,102.95,108.2,108.8,102.7
394,2021-04-09 00:00:00,110.65,108.85,113.25,108.3
395,2021-04-15 00:00:00,99.95,104.3,104.85,99.5
396,2021-06-10 00:00:00,136.85,136.8,138.0,135.55
397,2021-08-16 00:00:00,140.35,142.0,143.15,139.95
398,2021-08-18 00:00:00,140.55,141.3,141.9,140.0
399,2021-08-27 00:00:00,140.15,141.9,141.9,136.7
400,2021-09-06 00:00:00,145.95,148.0,148.0,145.2
401,2021-10-18 00:00:00,225.45,231.65,235.0,222.15
402,2021-11-12 00:00:00,214.3,210.75,214.95,209.0
403,2021-11-16 00:00:00,216.9,218.9,224.2,216.25
404,2021-12-28 00:00:00,182.8,179.35,184.35,178.6
405,2022-01-24 00:00:00,195.25,205.0,207.35,191.2
406,2022-01-28 00:00:00,207.3,203.5,211.8,202.0
407,2022-02-18 00:00:00,207.05,208.8,210.4,206.35
408,2022-03-04 00:00:00,190.5,198.7,200.65,187.3
409,2022-04-07 00:00:00,250.3,254.65,254.65,247.1
410,2022-05-18 00:00:00,226.8,233.35,234.9,226.1
411,2022-05-20 00:00:00,223.0,223.9,225.8,220.8
412,2022-05-25 00:00:00,221.7,226.75,228.25,218.6
413,2022-06-21 00:00:00,222.05,215.5,223.8,215.25
414,2022-08-19 00:00:00,271.45,276.75,277.55,268.9
415,2022-08-29 00:00:00,282.0,272.0,284.5,272.0
416,2022-09-06 00:00:00,305.15,310.45,311.45,303.75
417,2022-09-14 00:00:00,321.4,314.0,326.3,313.45
418,2022-09-16 00:00:00,322.0,334.1,337.2,319.0
419,2022-11-01 00:00:00,341.4,334.85,342.65,334.5
420,2022-11-17 00:00:00,315.6,311.0,317.8,306.65
421,2022-11-23 00:00:00,318.3,320.35,320.35,316.65
422,2022-12-02 00:00:00,324.55,324.5,326.75,322.5
423,2022-12-06 00:00:00,327.95,323.6,328.85,321.55
424,2022-12-16 00:00:00,327.15,331.75,334.25,325.85
425,2022-12-23 00:00:00,299.5,298.0,302.35,294.85
426,2023-02-21 00:00:00,309.85,316.0,316.7,308.7
427,2023-02-28 00:00:00,310.75,316.45,318.35,308.7
428,2023-05-12 00:00:00,357.6,367.0,367.0,353.5
429,2023-05-23 00:00:00,371.0,372.0,375.95,368.4
430,2023-06-01 00:00:00,395.7,389.7,396.4,386.2
431,2023-06-06 00:00:00,389.25,391.75,393.9,385.1
432,2023-06-22 00:00:00,382.65,396.95,396.95,381.6
433,2023-06-28 00:00:00,396.45,385.0,398.25,384.35
434,2023-07-14 00:00:00,389.65,389.5,391.85,384.55
435,2023-07-26 00:00:00,390.2,393.3,395.8,389.1
436,2021-01-07 00:00:00,123.9,124.5,124.75,123.3
437,2021-01-08 00:00:00,123.35,125.45,125.45,123.0
438,2021-01-18 00:00:00,126.3,127.0,129.55,120.5
439,2021-02-10 00:00:00,126.85,124.95,127.55,123.1
440,2021-02-11 00:00:00,127.4,127.5,128.75,125.6
441,2021-02-19 00:00:00,123.8,125.6,126.2,123.35
442,2021-03-15 00:00:00,122.95,125.1,125.3,120.45
443,2021-05-07 00:00:00,112.4,113.45,113.45,110.85
444,2021-06-15 00:00:00,136.45,134.05,137.45,134.05
445,2021-07-23 00:00:00,146.8,146.0,147.4,145.3
446,2021-12-08 00:00:00,202.05,197.2,204.9,197.05
447,2021-12-23 00:00:00,180.25,183.0,183.75,179.2
448,2021-12-31 00:00:00,180.75,176.0,181.85,175.0
449,2022-01-03 00:00:00,184.05,179.8,186.0,178.05
450,2022-02-28 00:00:00,199.45,198.0,201.8,196.0
451,2022-03-14 00:00:00,204.55,204.05,206.95,202.75
452,2022-03-22 00:00:00,208.75,206.0,214.0,205.8
453,2022-03-24 00:00:00,219.1,216.1,219.9,214.5
454,2022-03-29 00:00:00,240.65,234.4,241.5,227.3
455,2022-03-30 00:00:00,241.25,242.1,245.5,239.0
456,2022-05-30 00:00:00,237.8,227.8,239.5,227.3
457,2022-06-02 00:00:00,234.55,236.45,236.45,230.2
458,2022-06-24 00:00:00,226.9,225.5,229.5,224.5
459,2022-07-12 00:00:00,244.65,245.0,246.95,242.95
460,2022-07-15 00:00:00,250.7,243.4,251.3,243.4
461,2022-07-21 00:00:00,251.75,251.0,253.45,249.45
462,2022-07-26 00:00:00,258.55,261.5,261.6,254.35
463,2022-08-08 00:00:00,270.85,271.25,272.7,266.85
464,2022-09-15 00:00:00,333.9,323.7,335.45,320.35
465,2022-10-17 00:00:00,318.25,308.0,318.95,305.0
466,2022-11-11 00:00:00,315.35,349.0,349.0,308.65
467,2022-11-14 00:00:00,312.65,316.3,317.2,304.3
468,2022-12-09 00:00:00,330.1,327.9,332.0,323.25
469,2022-12-28 00:00:00,316.1,314.0,317.15,308.0
470,2023-01-24 00:00:00,300.65,299.0,301.45,296.3
471,2023-02-08 00:00:00,318.45,317.45,320.0,314.0
472,2023-02-27 00:00:00,315.1,310.1,318.0,307.45
473,2023-04-05 00:00:00,323.9,320.0,324.65,318.1
474,2023-04-18 00:00:00,330.4,334.0,334.4,326.5
475,2023-06-05 00:00:00,389.8,396.0,399.25,388.25
476,2023-06-08 00:00:00,380.8,396.0,398.6,380.0
477,2023-06-14 00:00:00,391.3,393.45,397.25,389.9
478,2023-06-19 00:00:00,396.15,406.0,406.0,393.5
479,2023-06-20 00:00:00,394.5,396.5,397.25,392.0
480,2023-06-30 00:00:00,392.5,398.0,398.5,390.65
481,2023-07-18 00:00:00,388.3,393.95,394.0,384.85
482,2023-07-19 00:00:00,400.25,388.95,403.0,388.3
483,2023-07-21 00:00:00,393.75,399.5,401.35,390.6
484,2023-08-03 00:00:00,393.7,395.0,397.25,391.2
485,2023-08-08 00:00:00,388.65,395.0,396.3,384.7
486,2021-01-14 00:00:00,127.3,127.7,128.7,125.7
487,2021-02-12 00:00:00,129.15,128.0,130.65,128.0
488,2021-02-17 00:00:00,125.5,127.4,129.2,124.0
489,2021-02-25 00:00:00,119.3,121.0,122.2,119.0
490,2021-03-02 00:00:00,120.75,121.6,123.1,120.0
491,2021-03-22 00:00:00,114.9,114.2,116.95,113.1
492,2021-04-13 00:00:00,104.85,108.3,109.85,104.15
493,2021-06-07 00:00:00,135.95,139.0,141.2,135.75
494,2021-06-24 00:00:00,145.75,143.95,147.5,142.0
495,2021-06-30 00:00:00,141.45,143.0,145.2,140.9
496,2021-07-09 00:00:00,148.0,149.8,152.5,147.2
497,2021-07-28 00:00:00,146.3,148.4,148.75,143.2
498,2021-09-28 00:00:00,187.35,190.8,194.8,183.4
499,2021-10-14 00:00:00,229.55,233.4,237.4,221.6
500,2021-10-20 00:00:00,219.4,218.0,224.65,213.0
501,2021-11-03 00:00:00,203.35,204.75,206.7,201.55
502,2022-02-21 00:00:00,204.95,206.75,210.55,203.65
503,2022-04-06 00:00:00,251.05,235.0,254.0,235.0
504,2022-04-12 00:00:00,249.0,251.0,257.0,242.75
505,2022-05-11 00:00:00,225.0,228.7,234.55,220.5
506,2022-05-17 00:00:00,231.25,226.4,232.55,224.65
507,2022-06-09 00:00:00,223.2,227.45,227.5,219.95
508,2022-07-05 00:00:00,236.45,232.2,237.9,232.15
509,2022-08-23 00:00:00,273.25,264.5,274.3,263.35
510,2022-09-21 00:00:00,325.85,326.8,328.6,322.05
511,2022-09-23 00:00:00,326.8,334.3,336.25,323.45
512,2022-10-03 00:00:00,336.85,333.9,346.85,331.15
513,2022-10-10 00:00:00,337.15,339.0,344.3,335.2
514,2022-11-07 00:00:00,343.75,337.0,345.75,335.35
515,2023-01-04 00:00:00,314.6,319.85,321.25,313.4
516,2023-01-11 00:00:00,310.35,310.4,314.15,308.7
517,2023-01-17 00:00:00,309.4,305.55,309.85,303.55
518,2023-01-20 00:00:00,295.55,300.7,301.2,293.75
519,2023-01-30 00:00:00,291.3,287.95,297.3,286.1
520,2023-02-01 00:00:00,326.7,318.0,330.45,310.2
521,2023-03-03 00:00:00,318.05,316.05,320.0,315.5
522,2023-03-14 00:00:00,315.65,312.1,316.75,306.7
523,2023-04-06 00:00:00,326.75,323.9,330.3,322.55
524,2023-04-13 00:00:00,328.05,331.7,333.1,325.45
525,2023-04-28 00:00:00,339.1,348.0,348.0,336.6
526,2023-05-04 00:00:00,357.2,357.2,359.5,352.5
527,2023-06-07 00:00:00,395.85,392.0,397.25,389.45
528,2023-08-10 00:00:00,382.55,387.0,387.0,381.5
529,2021-01-01 00:00:00,123.95,120.1,126.8,120.1
530,2021-01-15 00:00:00,126.95,127.75,127.75,125.05
531,2021-01-25 00:00:00,124.2,123.35,124.95,121.0
532,2021-01-29 00:00:00,121.6,125.35,125.35,120.95
533,2021-02-08 00:00:00,122.7,120.0,123.0,119.5
534,2021-02-23 00:00:00,118.15,120.0,121.85,118.0
535,2021-03-12 00:00:00,125.1,127.5,127.5,123.75
536,2021-03-17 00:00:00,119.75,120.0,121.35,119.0
537,2021-03-18 00:00:00,116.35,119.75,121.5,116.0
538,2021-04-08 00:00:00,108.85,111.9,113.45,108.0
539,2021-05-20 00:00:00,128.35,129.0,129.0,125.0
540,2021-06-03 00:00:00,135.4,136.0,139.45,133.9
541,2021-06-22 00:00:00,140.05,135.5,140.85,134.5
542,2021-06-23 00:00:00,142.75,143.95,145.95,140.6
543,2021-06-25 00:00:00,147.45,146.75,150.7,145.05
544,2021-06-29 00:00:00,142.45,147.5,147.55,142.0
545,2021-07-13 00:00:00,150.7,149.45,152.05,147.85
546,2021-08-02 00:00:00,147.45,145.05,148.35,144.75
547,2021-08-11 00:00:00,141.1,142.85,144.45,136.5
548,2021-09-27 00:00:00,189.35,182.0,200.5,178.1
549,2021-09-29 00:00:00,185.3,185.0,190.65,184.0
550,2021-10-05 00:00:00,193.6,187.65,195.45,186.35
551,2021-12-06 00:00:00,187.0,190.0,194.45,186.3
552,2021-12-30 00:00:00,176.85,179.9,181.85,175.55
553,2022-01-11 00:00:00,197.05,192.95,198.0,191.3
554,2022-01-27 00:00:00,200.7,195.0,203.0,194.15
555,2022-02-02 00:00:00,218.55,220.0,226.55,217.1
556,2022-02-09 00:00:00,212.7,212.0,215.65,211.6
557,2022-03-21 00:00:00,206.0,209.0,212.5,205.0
558,2022-04-18 00:00:00,246.5,249.9,251.7,244.75
559,2022-06-14 00:00:00,216.4,216.0,219.95,214.8
560,2022-06-16 00:00:00,214.25,224.9,225.65,213.05
561,2022-06-28 00:00:00,229.0,224.65,229.75,224.6
562,2022-07-08 00:00:00,242.85,244.5,245.5,241.2
563,2022-07-25 00:00:00,260.75,252.6,261.9,251.7
564,2022-07-29 00:00:00,262.85,264.1,266.9,262.0
565,2022-09-07 00:00:00,307.5,305.5,313.8,304.1
566,2022-09-08 00:00:00,309.4,309.9,311.4,307.7
567,2022-10-20 00:00:00,313.7,320.0,322.85,312.25
568,2022-10-24 00:00:00,316.15,316.65,316.9,311.0
569,2022-11-28 00:00:00,325.85,321.85,327.0,319.3
570,2022-12-05 00:00:00,324.25,325.85,326.35,321.1
571,2022-12-13 00:00:00,327.6,333.5,334.8,325.55
572,2023-03-27 00:00:00,304.95,310.45,311.8,303.0
573,2023-05-16 00:00:00,363.75,355.0,371.6,355.0
574,2023-05-29 00:00:00,380.0,385.0,386.95,377.5
575,2021-01-04 00:00:00,126.4,126.0,127.5,125.1
576,2021-02-04 00:00:00,119.95,121.25,123.5,119.55
577,2021-02-09 00:00:00,124.35,123.7,127.7,122.85
578,2021-03-09 00:00:00,123.85,127.0,127.95,123.0
579,2021-03-31 00:00:00,110.85,105.7,114.9,104.75
580,2021-04-06 00:00:00,109.1,108.2,109.7,106.5
581,2021-04-19 00:00:00,94.7,97.75,98.75,94.5
582,2021-04-27 00:00:00,112.95,111.5,113.7,110.5
583,2021-04-29 00:00:00,110.55,114.0,114.95,109.0
584,2021-06-17 00:00:00,129.8,133.3,135.5,129.2
585,2021-07-02 00:00:00,142.95,141.25,143.95,140.25
586,2021-08-17 00:00:00,141.15,140.5,142.1,138.8
587,2021-08-30 00:00:00,140.9,140.75,141.9,139.55
588,2021-09-21 00:00:00,164.4,161.05,167.3,155.3
589,2021-10-01 00:00:00,184.1,179.9,186.7,178.35
590,2021-10-21 00:00:00,213.95,225.0,228.0,209.45
591,2021-12-02 00:00:00,184.2,182.0,186.0,179.2
592,2022-02-23 00:00:00,204.8,207.95,210.5,202.9
593,2022-03-07 00:00:00,189.65,183.4,191.95,180.6
594,2022-04-21 00:00:00,244.2,240.7,248.6,238.9
595,2022-05-09 00:00:00,238.25,246.0,249.85,237.2
596,2022-06-08 00:00:00,227.5,231.8,231.8,226.7
597,2022-06-17 00:00:00,213.7,211.3,216.3,209.3
598,2022-07-20 00:00:00,251.25,252.4,257.15,250.1
599,2022-10-12 00:00:00,330.5,329.0,333.2,327.75
600,2022-11-22 00:00:00,318.3,317.95,320.3,314.3
601,2022-11-25 00:00:00,322.0,319.4,324.25,318.55
602,2023-01-19 00:00:00,299.7,303.0,305.65,297.7
603,2023-02-13 00:00:00,317.4,323.75,323.9,316.05
604,2023-03-01 00:00:00,315.0,312.0,316.9,309.35
605,2023-03-02 00:00:00,315.1,315.8,318.5,313.65
606,2023-03-06 00:00:00,319.7,319.3,322.5,317.3
607,2023-03-20 00:00:00,315.1,324.4,324.4,311.45
608,2023-03-23 00:00:00,314.05,315.05,318.3,313.4
609,2023-05-11 00:00:00,365.55,370.0,375.0,364.45
610,2023-05-22 00:00:00,371.2,371.75,375.4,369.2
611,2023-08-09 00:00:00,386.35,388.7,390.0,383.85
612,2021-01-21 00:00:00,121.45,125.45,127.15,120.5
613,2021-03-10 00:00:00,125.9,127.95,127.95,124.8
614,2021-03-16 00:00:00,120.45,122.1,124.4,119.6
615,2021-04-05 00:00:00,107.95,109.5,109.8,106.5
616,2021-04-28 00:00:00,113.65,114.3,115.4,112.8
617,2021-05-04 00:00:00,108.9,112.05,114.2,108.5
618,2021-05-14 00:00:00,112.85,117.05,117.75,112.05
619,2021-05-25 00:00:00,135.15,130.0,136.8,129.2
620,2021-08-20 00:00:00,138.55,139.5,140.0,137.45
621,2021-10-04 00:00:00,187.8,185.45,192.2,184.2
622,2021-10-26 00:00:00,207.45,207.85,212.5,204.9
623,2021-11-10 00:00:00,215.3,219.6,224.0,214.2
624,2021-11-17 00:00:00,215.55,218.45,220.4,212.25
625,2021-12-17 00:00:00,190.9,194.15,195.05,188.3
626,2021-12-24 00:00:00,176.65,180.5,181.4,175.0
627,2022-01-06 00:00:00,186.6,179.05,187.35,179.0
628,2022-01-10 00:00:00,194.65,184.0,196.5,184.0
629,2022-01-19 00:00:00,207.45,207.35,208.9,202.85
630,2022-03-02 00:00:00,198.05,197.4,199.75,196.3
631,2022-03-31 00:00:00,238.5,241.0,244.0,236.15
632,2022-04-27 00:00:00,235.75,231.4,238.3,231.05
633,2022-05-23 00:00:00,231.3,225.65,232.9,222.05
634,2022-06-06 00:00:00,228.75,230.0,232.35,225.35
635,2022-06-15 00:00:00,222.05,217.2,222.85,217.0
636,2022-06-23 00:00:00,223.5,215.6,224.4,214.4
637,2022-08-01 00:00:00,270.45,264.45,272.85,263.1
638,2022-08-17 00:00:00,275.25,277.5,280.55,274.5
639,2022-09-29 00:00:00,326.9,328.4,329.9,321.7
640,2022-11-30 00:00:00,321.65,317.2,325.2,316.3
641,2023-01-03 00:00:00,320.2,317.2,321.15,316.4
642,2023-01-25 00:00:00,291.45,301.35,302.0,288.85
643,2023-01-31 00:00:00,301.0,292.55,305.0,290.75
644,2023-02-14 00:00:00,314.25,317.4,318.15,310.6
645,2023-02-15 00:00:00,315.05,312.7,317.45,311.65
646,2023-03-10 00:00:00,317.35,321.5,321.5,313.4
647,2023-03-17 00:00:00,321.85,322.55,324.2,319.05
648,2023-03-24 00:00:00,310.45,314.0,315.95,309.4
649,2023-05-02 00:00:00,347.45,342.2,350.6,340.3
650,2023-05-15 00:00:00,353.35,358.5,358.65,350.5
651,2023-05-18 00:00:00,366.6,369.45,372.5,365.25
652,2023-06-12 00:00:00,387.7,383.05,389.0,380.6
653,2023-06-15 00:00:00,393.45,393.1,395.95,391.2
654,2023-07-10 00:00:00,384.85,384.0,387.5,381.25
