,time,close,open,high,low
0,2021-01-05 00:00:00,15.45,13.8,15.45,13.4
1,2021-01-11 00:00:00,14.7,15.5,15.85,14.5
2,2021-01-13 00:00:00,14.35,14.35,14.75,13.95
3,2021-01-21 00:00:00,14.45,14.85,15.05,14.35
4,2021-03-10 00:00:00,14.4,14.15,14.5,14.1
5,2021-03-19 00:00:00,14.5,14.1,14.6,13.3
6,2021-04-01 00:00:00,14.2,14.15,14.4,14.05
7,2021-04-27 00:00:00,14.1,13.6,14.1,13.6
8,2021-05-03 00:00:00,14.1,13.75,14.4,13.6
9,2021-05-11 00:00:00,18.4,17.5,18.4,17.05
10,2021-05-20 00:00:00,16.8,16.95,17.15,16.65
11,2021-06-24 00:00:00,16.6,16.65,16.75,16.55
12,2021-06-30 00:00:00,16.35,16.35,16.7,16.3
13,2021-07-26 00:00:00,17.1,17.6,17.85,17.0
14,2021-08-04 00:00:00,22.15,22.2,22.2,21.6
15,2021-08-05 00:00:00,21.05,22.6,22.65,21.05
16,2021-08-18 00:00:00,20.65,20.75,21.1,20.5
17,2021-08-23 00:00:00,19.5,20.65,20.65,19.2
18,2021-11-23 00:00:00,49.8,48.95,49.8,48.0
19,2021-12-03 00:00:00,44.65,44.65,44.65,44.65
20,2021-12-28 00:00:00,53.9,52.0,53.9,52.0
21,2022-01-13 00:00:00,61.75,61.75,61.75,61.75
22,2022-03-02 00:00:00,50.25,49.8,50.75,49.0
23,2022-03-28 00:00:00,51.45,52.25,52.5,51.05
24,2022-04-22 00:00:00,54.25,55.4,55.4,54.0
25,2022-05-09 00:00:00,48.75,50.15,50.3,48.0
26,2021-01-29 00:00:00,14.5,15.0,15.05,14.25
27,2021-02-15 00:00:00,13.95,14.25,14.3,13.9
28,2021-03-08 00:00:00,14.3,14.7,14.8,14.15
29,2021-03-09 00:00:00,14.05,14.4,14.6,14.0
30,2021-03-17 00:00:00,14.8,15.85,15.85,14.75
31,2021-05-31 00:00:00,15.95,16.3,16.3,15.9
32,2021-07-19 00:00:00,17.65,17.55,18.05,17.5
33,2021-09-08 00:00:00,24.75,23.75,24.75,23.75
34,2021-12-06 00:00:00,46.85,45.35,46.85,45.35
35,2021-12-08 00:00:00,51.6,51.6,51.6,51.6
36,2022-01-11 00:00:00,56.05,54.45,56.05,53.4
37,2022-01-25 00:00:00,62.35,58.1,64.0,58.1
38,2022-02-14 00:00:00,54.0,54.0,56.0,54.0
39,2022-03-16 00:00:00,54.2,55.0,55.5,54.0
40,2022-03-21 00:00:00,52.85,53.4,53.8,52.5
41,2022-03-23 00:00:00,52.65,53.0,53.25,52.45
42,2022-05-10 00:00:00,50.4,48.85,51.15,48.8
43,2021-01-12 00:00:00,14.35,14.85,14.9,14.25
44,2021-01-25 00:00:00,13.85,14.3,14.35,13.8
45,2021-03-18 00:00:00,14.3,15.0,15.2,14.15
46,2021-04-23 00:00:00,13.5,13.6,13.75,13.4
47,2021-06-25 00:00:00,16.6,16.7,16.95,16.5
48,2021-07-09 00:00:00,17.4,17.4,17.55,17.2
49,2021-07-13 00:00:00,17.85,18.15,18.15,17.6
50,2021-08-11 00:00:00,19.55,19.8,20.35,19.0
51,2021-08-30 00:00:00,20.2,20.35,20.5,20.15
52,2021-09-01 00:00:00,21.55,20.75,21.65,20.45
53,2021-09-30 00:00:00,28.0,27.0,28.05,26.4
54,2021-02-03 00:00:00,14.15,14.45,14.45,14.1
55,2021-12-02 00:00:00,46.95,46.95,47.85,46.95
56,2021-03-04 00:00:00,14.7,14.0,15.0,13.9
57,2022-01-12 00:00:00,58.85,57.95,58.85,57.2
58,2022-04-05 00:00:00,53.85,54.45,54.45,53.5
59,2021-03-31 00:00:00,14.05,14.45,14.45,14.0
60,2022-04-08 00:00:00,56.55,56.0,56.9,56.0
61,2021-04-06 00:00:00,13.8,13.75,14.2,13.5
62,2022-04-11 00:00:00,56.2,57.35,57.4,56.05
63,2022-04-20 00:00:00,52.9,54.5,54.5,52.8
64,2021-04-28 00:00:00,14.0,14.4,14.4,13.85
65,2022-04-29 00:00:00,52.15,53.0,53.35,52.0
66,2021-05-12 00:00:00,17.5,19.15,19.3,17.5
67,2021-06-07 00:00:00,16.8,16.15,16.8,16.0
68,2021-06-29 00:00:00,16.25,16.5,16.6,16.2
69,2021-07-06 00:00:00,18.05,18.0,18.05,17.75
70,2021-07-29 00:00:00,19.7,19.7,19.7,19.35
71,2021-10-21 00:00:00,38.65,41.15,41.85,38.3
72,2021-11-08 00:00:00,39.85,40.4,40.4,39.3
73,2022-03-30 00:00:00,53.25,51.1,53.25,51.05
74,2022-04-04 00:00:00,54.05,54.7,54.7,53.5
75,2022-04-12 00:00:00,55.0,55.95,55.95,54.25
76,2022-05-04 00:00:00,49.95,51.75,51.75,49.7
77,2021-01-27 00:00:00,13.25,13.8,14.05,13.05
78,2021-02-18 00:00:00,13.85,14.2,14.2,13.8
79,2021-02-26 00:00:00,13.8,13.8,14.0,13.75
80,2021-04-09 00:00:00,14.1,14.2,14.4,14.05
81,2021-04-29 00:00:00,13.8,14.2,14.25,13.75
82,2021-05-05 00:00:00,13.85,14.0,14.1,13.8
83,2021-05-07 00:00:00,15.25,14.05,15.25,14.05
84,2021-05-18 00:00:00,16.95,16.0,16.95,16.0
85,2021-05-26 00:00:00,16.8,16.8,17.4,16.6
86,2021-08-02 00:00:00,20.15,21.15,21.65,19.85
87,2021-09-06 00:00:00,23.9,24.3,24.65,23.1
88,2021-09-21 00:00:00,23.9,24.2,24.45,23.1
89,2021-11-12 00:00:00,39.65,39.9,40.1,39.6
90,2021-12-15 00:00:00,55.1,51.85,55.1,51.6
91,2021-12-22 00:00:00,53.25,51.95,53.25,51.6
92,2021-12-30 00:00:00,52.5,53.85,53.85,52.2
93,2022-01-05 00:00:00,52.7,53.2,53.65,52.45
94,2022-02-10 00:00:00,58.8,59.8,59.95,56.85
95,2022-03-08 00:00:00,50.0,48.7,50.25,48.65
96,2022-03-15 00:00:00,54.4,56.6,56.6,53.9
97,2022-04-06 00:00:00,56.5,53.7,56.5,53.0
98,2022-04-13 00:00:00,54.9,55.4,55.5,54.5
99,2021-01-06 00:00:00,16.0,16.7,16.95,14.7
100,2021-02-09 00:00:00,13.95,14.3,14.35,13.9
101,2021-02-12 00:00:00,14.1,14.0,14.5,14.0
102,2021-03-05 00:00:00,14.55,14.9,15.25,14.45
103,2021-03-30 00:00:00,14.2,14.0,14.35,13.85
104,2021-04-05 00:00:00,14.0,14.15,14.15,13.75
105,2021-06-08 00:00:00,16.4,16.75,16.75,16.25
106,2021-07-02 00:00:00,16.4,16.45,16.5,16.35
107,2021-07-23 00:00:00,17.6,18.0,18.05,17.45
108,2021-08-03 00:00:00,21.15,19.95,21.15,19.5
109,2021-09-16 00:00:00,24.6,24.7,25.55,24.5
110,2021-09-20 00:00:00,24.1,23.9,24.8,23.75
111,2021-10-13 00:00:00,39.3,39.3,39.3,37.5
112,2021-12-23 00:00:00,53.1,54.4,54.4,52.55
113,2021-12-31 00:00:00,53.35,53.0,55.1,52.6
114,2022-01-03 00:00:00,53.85,54.2,54.45,53.5
115,2022-02-08 00:00:00,60.45,62.0,62.35,58.55
116,2022-02-17 00:00:00,54.7,58.0,58.0,54.5
117,2022-02-25 00:00:00,50.25,47.65,52.0,47.65
118,2022-03-09 00:00:00,52.5,51.75,52.5,51.0
119,2022-03-17 00:00:00,54.65,54.3,56.0,51.75
120,2022-04-21 00:00:00,55.5,53.5,55.5,53.2
121,2022-05-02 00:00:00,51.75,51.15,52.3,51.15
122,2021-01-18 00:00:00,14.9,15.2,15.35,14.8
123,2021-01-22 00:00:00,14.15,14.25,14.45,13.8
124,2021-01-28 00:00:00,14.55,13.0,14.55,12.7
125,2021-02-02 00:00:00,14.3,14.65,14.7,14.25
126,2021-02-05 00:00:00,14.1,14.5,14.65,14.05
127,2021-02-19 00:00:00,14.0,13.85,15.2,13.7
128,2021-05-04 00:00:00,13.85,14.15,14.25,13.8
129,2021-06-03 00:00:00,16.1,16.15,16.3,16.05
130,2021-06-16 00:00:00,16.55,16.65,16.95,16.5
131,2021-08-20 00:00:00,20.2,20.25,20.75,20.1
132,2021-08-24 00:00:00,20.45,19.5,20.45,19.5
133,2021-08-27 00:00:00,20.15,20.35,20.5,20.05
134,2021-10-07 00:00:00,32.4,35.0,35.6,32.3
135,2021-10-25 00:00:00,39.65,42.0,42.0,39.0
136,2021-12-01 00:00:00,49.4,50.55,51.35,49.4
137,2022-01-17 00:00:00,68.0,67.7,68.0,67.0
138,2022-02-04 00:00:00,62.3,61.1,63.85,60.5
139,2022-02-24 00:00:00,50.15,50.15,51.0,50.15
140,2022-04-27 00:00:00,53.25,52.5,55.0,51.65
141,2021-01-14 00:00:00,14.35,14.6,14.65,14.3
142,2021-02-22 00:00:00,13.8,14.2,14.2,13.7
143,2021-03-16 00:00:00,15.75,15.5,16.0,15.5
144,2021-03-23 00:00:00,14.5,14.65,14.85,14.45
145,2021-04-26 00:00:00,13.6,13.6,13.7,13.5
146,2021-04-30 00:00:00,13.8,13.7,13.9,13.55
147,2021-05-21 00:00:00,16.65,17.05,17.05,16.65
148,2021-06-04 00:00:00,16.0,16.2,16.2,15.9
149,2021-06-14 00:00:00,16.8,16.85,16.9,16.25
150,2021-07-27 00:00:00,17.95,17.25,17.95,17.15
151,2021-01-08 00:00:00,14.6,14.25,15.0,13.4
152,2021-01-15 00:00:00,14.7,14.55,14.95,14.4
153,2021-04-15 00:00:00,13.95,13.6,14.15,13.5
154,2021-04-22 00:00:00,13.5,13.55,13.65,13.25
155,2021-05-10 00:00:00,16.75,16.3,16.75,15.9
156,2021-08-13 00:00:00,21.45,21.45,21.45,21.45
157,2021-08-17 00:00:00,20.55,21.05,21.1,20.25
158,2021-08-26 00:00:00,20.35,20.5,20.95,20.2
159,2021-10-08 00:00:00,34.0,32.0,34.0,30.85
160,2021-10-26 00:00:00,39.9,40.0,41.2,39.6
161,2021-11-03 00:00:00,38.6,40.5,40.7,38.1
162,2021-11-11 00:00:00,39.65,40.1,40.2,39.6
163,2022-01-10 00:00:00,53.4,53.95,53.95,53.15
164,2022-01-19 00:00:00,61.4,61.55,61.9,61.4
165,2022-02-03 00:00:00,61.05,61.7,61.7,60.05
166,2022-02-21 00:00:00,52.85,51.5,55.0,50.35
167,2022-03-10 00:00:00,55.1,55.1,55.1,55.1
168,2022-03-22 00:00:00,52.8,53.0,53.0,51.4
169,2022-03-29 00:00:00,50.75,52.0,52.0,50.55
170,2022-03-31 00:00:00,53.35,54.95,54.95,52.5
171,2021-02-01 00:00:00,14.45,14.75,14.8,14.2
172,2021-02-17 00:00:00,13.95,13.6,14.05,13.4
173,2021-03-02 00:00:00,13.95,13.8,14.3,13.75
174,2021-02-11 00:00:00,13.95,14.0,14.05,13.9
175,2021-03-03 00:00:00,14.1,14.05,14.35,13.95
176,2021-02-23 00:00:00,14.05,13.95,14.3,13.85
177,2021-06-11 00:00:00,16.7,17.4,17.5,16.6
178,2021-07-28 00:00:00,18.8,18.7,18.8,18.25
179,2021-02-25 00:00:00,13.95,14.15,14.2,13.95
180,2021-04-08 00:00:00,14.2,14.0,15.2,13.9
181,2021-08-31 00:00:00,20.65,20.4,21.2,20.15
182,2021-05-24 00:00:00,16.75,16.85,17.25,16.6
183,2021-09-13 00:00:00,25.25,26.15,26.25,24.85
184,2021-09-15 00:00:00,24.6,25.3,25.3,24.1
185,2021-06-09 00:00:00,16.15,16.45,16.7,16.0
186,2021-06-17 00:00:00,16.75,16.5,17.35,16.4
187,2021-10-11 00:00:00,35.7,35.7,35.7,35.7
188,2021-07-15 00:00:00,17.65,18.05,18.3,17.55
189,2021-12-21 00:00:00,50.75,50.55,54.75,49.55
190,2021-07-20 00:00:00,17.3,17.7,17.75,16.9
191,2022-01-07 00:00:00,53.1,53.6,54.7,52.65
192,2021-08-06 00:00:00,20.35,20.75,21.45,20.0
193,2022-01-28 00:00:00,60.4,61.05,63.8,60.1
194,2021-08-12 00:00:00,20.45,19.5,20.5,19.1
195,2022-02-09 00:00:00,59.8,61.0,61.5,59.5
196,2021-09-14 00:00:00,25.05,25.75,25.75,24.9
197,2021-09-23 00:00:00,24.35,24.2,24.85,24.2
198,2022-03-11 00:00:00,55.45,55.1,57.0,52.35
199,2022-04-07 00:00:00,55.7,57.3,57.35,55.05
200,2022-05-05 00:00:00,50.75,50.9,52.4,50.2
201,2021-10-06 00:00:00,33.95,33.95,33.95,32.55
202,2021-10-19 00:00:00,41.85,42.35,42.35,40.35
203,2021-10-29 00:00:00,37.95,37.65,39.0,35.8
204,2021-11-10 00:00:00,39.95,40.15,40.45,39.75
205,2021-11-26 00:00:00,57.55,55.9,57.55,55.0
206,2021-11-29 00:00:00,54.7,58.1,59.9,54.7
207,2021-12-27 00:00:00,51.35,52.0,52.15,49.8
208,2022-01-06 00:00:00,52.8,52.3,54.0,51.1
209,2022-02-15 00:00:00,56.7,51.55,56.7,51.3
210,2022-03-14 00:00:00,55.6,57.0,57.0,54.5
211,2022-05-06 00:00:00,50.15,49.7,50.45,49.5
212,2021-03-15 00:00:00,15.35,15.5,15.6,14.85
213,2021-04-16 00:00:00,14.0,13.95,14.25,13.85
214,2021-06-10 00:00:00,16.95,16.2,16.95,16.15
215,2021-07-12 00:00:00,17.9,17.85,18.25,17.4
216,2021-07-14 00:00:00,17.95,18.0,18.3,17.75
217,2021-09-02 00:00:00,22.6,21.55,22.6,21.3
218,2021-02-10 00:00:00,13.9,14.0,14.1,13.8
219,2021-02-16 00:00:00,13.55,13.95,14.0,13.45
220,2021-03-24 00:00:00,14.1,14.45,14.45,14.0
221,2021-04-07 00:00:00,13.85,14.1,14.1,13.8
222,2021-05-17 00:00:00,16.15,16.8,16.85,16.15
223,2021-05-19 00:00:00,16.8,17.2,17.55,16.45
224,2021-05-27 00:00:00,16.55,16.8,16.9,16.5
225,2021-09-03 00:00:00,23.7,23.2,23.7,22.9
226,2021-09-29 00:00:00,26.75,25.75,27.0,25.35
227,2021-10-14 00:00:00,38.45,40.7,41.25,37.35
228,2021-10-18 00:00:00,40.35,40.3,40.35,39.3
229,2021-10-20 00:00:00,40.2,42.0,43.35,39.8
230,2021-11-17 00:00:00,43.05,41.9,43.05,41.7
231,2021-11-24 00:00:00,52.25,52.25,52.25,51.65
232,2021-12-09 00:00:00,54.15,54.15,54.15,52.65
233,2021-12-13 00:00:00,54.55,55.0,57.2,53.8
234,2021-12-24 00:00:00,52.1,53.4,53.4,51.65
235,2022-02-23 00:00:00,52.75,50.95,53.15,50.7
236,2022-03-04 00:00:00,51.1,51.45,51.85,50.2
237,2021-05-14 00:00:00,16.95,17.6,18.25,16.65
238,2021-06-23 00:00:00,16.6,16.85,17.1,16.55
239,2021-07-22 00:00:00,17.75,17.45,18.05,17.35
240,2021-08-25 00:00:00,20.45,20.85,21.15,20.35
241,2021-09-22 00:00:00,23.95,23.9,24.45,23.85
242,2021-09-24 00:00:00,24.2,24.75,24.85,24.05
243,2021-10-27 00:00:00,39.25,40.45,40.45,38.8
244,2021-10-28 00:00:00,37.65,39.3,39.3,37.4
245,2021-11-16 00:00:00,41.0,39.35,41.0,38.7
246,2021-11-18 00:00:00,45.2,44.6,45.2,42.0
247,2021-12-07 00:00:00,49.15,49.15,49.15,49.15
248,2021-12-10 00:00:00,54.7,56.0,56.85,52.25
249,2021-12-16 00:00:00,57.35,57.85,57.85,54.55
250,2021-12-20 00:00:00,52.15,52.6,52.95,52.15
251,2022-01-04 00:00:00,53.2,54.25,54.8,52.6
252,2022-01-14 00:00:00,64.8,63.5,64.8,63.5
253,2022-01-20 00:00:00,64.45,60.0,64.45,59.7
254,2022-02-11 00:00:00,56.8,56.9,57.8,56.2
255,2022-04-01 00:00:00,53.7,53.8,54.0,52.8
256,2021-01-07 00:00:00,14.5,16.55,16.55,14.4
257,2021-01-19 00:00:00,15.15,15.5,15.65,15.05
258,2021-02-04 00:00:00,14.5,14.25,14.8,14.0
259,2021-02-24 00:00:00,14.05,14.1,14.15,13.9
260,2021-03-25 00:00:00,13.8,14.2,14.2,13.45
261,2021-03-26 00:00:00,13.7,13.95,14.05,13.4
262,2021-05-25 00:00:00,16.6,16.75,17.0,16.55
263,2021-06-15 00:00:00,16.65,16.95,17.0,16.6
264,2021-06-28 00:00:00,16.5,16.7,16.85,16.45
265,2021-07-05 00:00:00,17.2,16.6,17.2,16.5
266,2021-07-08 00:00:00,17.3,17.2,17.85,17.0
267,2021-07-16 00:00:00,17.7,17.85,18.05,17.65
268,2021-07-30 00:00:00,20.65,20.45,20.65,19.85
269,2021-08-10 00:00:00,19.95,21.0,21.1,19.95
270,2021-10-12 00:00:00,37.45,36.8,37.45,36.1
271,2021-11-01 00:00:00,39.8,39.0,39.8,38.75
272,2021-11-22 00:00:00,47.45,45.2,47.45,43.2
273,2021-12-17 00:00:00,54.85,57.9,58.7,54.5
274,2022-01-18 00:00:00,64.6,70.0,70.35,64.6
275,2022-01-31 00:00:00,60.9,62.15,63.0,59.9
276,2022-02-07 00:00:00,61.6,63.4,63.4,61.2
277,2022-02-22 00:00:00,50.95,50.25,51.75,50.25
278,2021-09-17 00:00:00,23.75,24.75,24.95,23.4
279,2021-09-27 00:00:00,24.55,24.75,24.75,24.3
280,2021-10-04 00:00:00,30.85,30.4,30.85,30.1
281,2021-10-22 00:00:00,40.55,40.55,40.55,39.75
282,2021-11-09 00:00:00,40.15,40.0,41.1,39.5
283,2022-02-02 00:00:00,60.8,61.4,61.45,60.3
284,2022-02-16 00:00:00,57.3,58.95,58.95,57.2
285,2022-02-18 00:00:00,53.0,52.95,54.8,52.3
286,2022-02-28 00:00:00,50.75,49.8,51.1,47.75
287,2022-04-19 00:00:00,53.6,55.1,55.5,53.0
288,2021-02-08 00:00:00,14.15,14.25,14.35,14.1
289,2021-03-12 00:00:00,15.3,14.55,15.8,14.5
290,2021-04-12 00:00:00,13.4,13.9,13.9,13.3
291,2021-04-13 00:00:00,13.7,13.45,13.8,13.4
292,2021-04-20 00:00:00,13.55,13.85,13.85,13.4
293,2021-05-06 00:00:00,13.9,14.0,14.1,13.8
294,2021-05-28 00:00:00,16.25,16.65,16.65,16.2
295,2021-06-01 00:00:00,15.85,15.95,16.2,15.7
296,2021-06-02 00:00:00,16.0,15.85,16.15,15.7
297,2021-06-21 00:00:00,16.65,16.5,16.9,16.3
298,2021-07-01 00:00:00,16.35,16.45,16.55,16.3
299,2021-07-07 00:00:00,17.15,18.05,18.05,17.15
300,2021-09-07 00:00:00,23.6,23.9,24.35,23.35
301,2021-10-05 00:00:00,32.35,32.35,32.35,32.35
302,2021-11-30 00:00:00,52.0,52.0,52.5,52.0
303,2021-12-14 00:00:00,52.5,55.0,55.0,52.05
304,2022-01-24 00:00:00,61.15,63.0,64.0,61.15
305,2022-02-01 00:00:00,60.3,62.3,62.35,59.5
306,2022-03-03 00:00:00,51.65,51.2,52.45,51.0
307,2022-03-07 00:00:00,48.7,48.55,50.0,48.55
308,2022-04-18 00:00:00,55.05,56.0,56.5,54.8
309,2021-01-01 00:00:00,10.75,10.0,10.95,10.0
310,2021-01-04 00:00:00,12.9,11.3,12.9,11.15
311,2021-01-20 00:00:00,14.8,15.2,15.25,14.6
312,2021-03-01 00:00:00,13.75,14.0,14.05,13.75
313,2021-03-22 00:00:00,14.55,14.75,14.9,14.3
314,2021-04-19 00:00:00,13.45,13.55,13.65,13.1
315,2021-06-18 00:00:00,16.5,16.9,16.9,15.95
316,2021-06-22 00:00:00,16.7,16.85,17.15,16.65
317,2021-08-09 00:00:00,21.0,20.9,21.35,20.6
318,2021-08-16 00:00:00,21.05,21.9,22.3,20.7
319,2021-09-09 00:00:00,25.5,25.1,25.95,25.1
320,2021-09-28 00:00:00,25.75,24.9,25.75,24.45
321,2021-10-01 00:00:00,29.4,27.9,29.4,27.6
322,2021-11-02 00:00:00,40.1,40.8,41.35,39.65
323,2021-11-04 00:00:00,39.7,39.4,39.85,39.15
324,2021-11-15 00:00:00,39.05,40.0,40.0,38.85
325,2021-11-25 00:00:00,54.85,53.7,54.85,53.3
326,2021-12-29 00:00:00,53.15,54.65,55.5,53.0
327,2022-01-27 00:00:00,61.05,61.7,61.7,59.5
328,2022-03-24 00:00:00,52.15,52.5,52.65,51.5
329,2022-03-25 00:00:00,52.2,52.15,53.0,52.1
330,2022-04-28 00:00:00,52.65,54.0,54.0,52.1
331,2022-05-16 00:00:00,46.8,47.45,47.5,46.1
332,2022-05-27 00:00:00,45.8,45.4,46.2,44.75
333,2022-07-14 00:00:00,36.1,37.15,37.15,35.75
334,2022-06-15 00:00:00,40.35,41.1,41.9,40.2
335,2022-05-12 00:00:00,45.85,48.2,48.2,45.85
336,2022-07-19 00:00:00,39.9,38.6,39.9,38.3
337,2022-10-04 00:00:00,36.7,36.5,37.0,36.35
338,2022-10-12 00:00:00,36.55,37.0,37.1,36.2
339,2022-10-28 00:00:00,35.3,35.9,35.95,35.25
340,2022-11-10 00:00:00,37.8,39.1,39.25,37.55
341,2022-11-14 00:00:00,35.45,31.0,35.8,31.0
342,2022-11-18 00:00:00,34.75,35.0,35.25,34.55
343,2022-12-01 00:00:00,36.1,35.5,36.75,35.1
344,2022-12-06 00:00:00,36.9,37.65,37.65,36.7
345,2023-01-13 00:00:00,33.75,33.75,33.9,33.55
346,2023-02-16 00:00:00,31.8,31.95,32.05,31.7
347,2023-03-14 00:00:00,29.65,30.0,30.05,29.35
348,2023-04-18 00:00:00,31.4,31.15,31.75,31.0
349,2023-04-28 00:00:00,31.1,31.35,31.45,31.0
350,2023-06-19 00:00:00,33.35,33.8,33.9,33.25
351,2023-06-30 00:00:00,33.2,33.5,33.8,33.15
352,2023-07-13 00:00:00,32.7,33.35,33.4,32.6
353,2023-08-09 00:00:00,32.05,32.0,32.25,31.8
354,2022-06-14 00:00:00,41.1,41.1,42.45,40.0
355,2022-06-17 00:00:00,36.55,36.9,37.4,36.55
356,2022-07-07 00:00:00,38.65,39.0,39.35,38.15
357,2022-07-26 00:00:00,39.2,38.9,40.3,38.75
358,2022-08-08 00:00:00,39.75,40.6,40.85,39.6
359,2022-11-02 00:00:00,35.25,35.2,35.45,35.15
360,2022-11-03 00:00:00,35.2,35.2,35.6,35.1
361,2022-11-29 00:00:00,35.15,35.15,35.45,35.1
362,2023-01-31 00:00:00,34.45,32.1,34.6,32.05
363,2023-03-13 00:00:00,30.0,30.7,30.8,29.9
364,2023-03-29 00:00:00,26.25,25.9,26.55,25.55
365,2023-05-15 00:00:00,32.8,32.0,33.0,32.0
366,2023-06-22 00:00:00,34.15,33.45,35.4,33.45
367,2023-07-24 00:00:00,33.05,33.5,33.7,32.95
368,2023-07-26 00:00:00,32.9,33.15,33.3,32.85
369,2023-07-31 00:00:00,32.2,32.25,32.55,32.05
370,2022-08-03 00:00:00,40.15,40.45,40.45,39.2
371,2022-09-16 00:00:00,38.1,39.55,39.6,37.8
372,2022-09-20 00:00:00,38.1,38.4,38.55,38.0
373,2022-09-23 00:00:00,37.65,38.6,38.6,37.4
374,2022-09-26 00:00:00,36.65,37.3,37.3,35.9
375,2022-09-30 00:00:00,36.45,35.75,36.7,35.65
376,2022-11-15 00:00:00,35.65,35.4,36.35,35.2
377,2023-01-10 00:00:00,33.7,33.75,34.4,33.5
378,2023-02-20 00:00:00,31.95,31.85,32.5,31.5
379,2023-02-22 00:00:00,31.15,31.45,31.55,31.1
380,2023-03-15 00:00:00,29.55,29.9,30.2,29.5
381,2023-05-18 00:00:00,34.15,35.25,35.3,34.0
382,2023-06-02 00:00:00,32.3,32.45,32.65,32.25
383,2023-06-23 00:00:00,33.45,34.3,34.95,33.35
384,2023-08-03 00:00:00,31.9,32.1,32.2,31.75
385,2022-06-24 00:00:00,37.25,38.8,39.3,37.1
386,2022-08-02 00:00:00,40.45,40.45,41.15,39.6
387,2022-09-06 00:00:00,40.2,41.35,41.7,39.8
388,2022-09-13 00:00:00,39.85,39.95,40.55,39.7
389,2022-09-29 00:00:00,36.1,36.4,36.6,35.8
390,2022-12-15 00:00:00,36.3,36.35,36.7,36.1
391,2023-01-12 00:00:00,33.65,33.9,33.95,33.6
392,2023-02-09 00:00:00,32.05,32.1,32.2,31.8
393,2023-02-23 00:00:00,31.1,31.15,31.45,31.05
394,2023-05-02 00:00:00,32.45,31.3,32.7,31.2
395,2023-05-12 00:00:00,31.75,32.1,32.15,31.7
396,2023-06-28 00:00:00,33.4,33.8,34.1,33.3
397,2022-07-12 00:00:00,37.7,38.0,38.0,37.6
398,2022-07-20 00:00:00,41.85,41.0,41.85,40.7
399,2022-07-22 00:00:00,39.85,41.45,41.95,39.65
400,2022-07-25 00:00:00,38.65,39.05,39.05,38.0
401,2022-08-17 00:00:00,38.05,37.6,38.9,37.45
402,2022-08-26 00:00:00,37.0,37.2,37.4,36.85
403,2022-09-02 00:00:00,39.75,37.25,40.3,37.0
404,2022-12-07 00:00:00,36.3,37.1,37.15,36.1
405,2023-01-02 00:00:00,34.4,34.45,34.65,34.25
406,2023-01-11 00:00:00,33.75,33.8,34.1,33.65
407,2023-02-10 00:00:00,32.05,31.9,32.55,31.85
408,2023-03-02 00:00:00,30.95,31.15,31.4,30.9
409,2023-03-23 00:00:00,27.65,27.9,28.3,27.55
410,2023-04-11 00:00:00,32.0,29.8,32.2,29.7
411,2023-04-20 00:00:00,31.05,31.15,31.35,30.95
412,2023-04-27 00:00:00,31.1,30.4,31.35,30.3
413,2023-05-08 00:00:00,32.4,32.3,32.8,32.1
414,2023-05-09 00:00:00,31.9,32.4,32.75,31.6
415,2023-06-14 00:00:00,33.25,33.65,33.7,33.15
416,2023-08-01 00:00:00,32.3,32.25,32.65,32.25
417,2023-08-16 00:00:00,32.8,32.4,33.2,32.25
418,2022-05-30 00:00:00,48.05,47.0,48.05,46.1
419,2022-07-11 00:00:00,38.7,39.15,39.2,38.45
420,2022-08-25 00:00:00,36.75,36.9,37.35,36.65
421,2022-09-05 00:00:00,40.95,40.25,41.9,40.0
422,2022-09-07 00:00:00,39.5,40.15,40.15,39.35
423,2022-09-28 00:00:00,35.85,36.55,36.55,35.5
424,2022-12-08 00:00:00,36.9,36.3,37.15,36.2
425,2022-12-22 00:00:00,33.0,34.05,34.5,32.55
426,2023-01-17 00:00:00,33.55,33.6,33.8,33.5
427,2023-02-03 00:00:00,32.7,33.45,33.5,32.5
428,2023-03-01 00:00:00,31.15,30.5,31.6,30.35
429,2023-04-21 00:00:00,30.6,31.1,31.1,30.4
430,2023-05-04 00:00:00,32.75,32.2,33.0,32.05
431,2023-06-09 00:00:00,33.4,33.8,34.05,33.3
432,2023-06-12 00:00:00,33.45,33.6,33.85,33.35
433,2023-06-16 00:00:00,33.55,33.2,33.85,33.1
434,2023-06-26 00:00:00,33.9,33.5,34.3,32.6
435,2023-07-12 00:00:00,33.25,33.4,33.55,33.15
436,2023-08-10 00:00:00,33.4,32.1,33.95,32.05
437,2023-08-11 00:00:00,32.9,33.45,33.8,32.8
438,2022-06-20 00:00:00,34.75,35.55,35.95,34.75
439,2022-05-23 00:00:00,47.85,49.5,49.5,47.75
440,2022-06-27 00:00:00,38.0,38.2,38.65,37.5
441,2022-07-04 00:00:00,38.3,38.5,38.55,38.0
442,2022-07-18 00:00:00,38.0,35.55,38.0,35.5
443,2022-08-29 00:00:00,36.1,35.9,36.6,35.5
444,2022-09-01 00:00:00,36.85,36.7,37.5,36.45
445,2022-09-12 00:00:00,39.7,39.8,40.2,39.65
446,2022-09-21 00:00:00,37.65,38.1,38.45,37.45
447,2022-10-17 00:00:00,35.85,36.25,36.3,35.8
448,2022-10-24 00:00:00,35.85,35.8,36.0,35.65
449,2022-12-05 00:00:00,37.7,37.85,38.7,37.4
450,2023-01-19 00:00:00,33.4,33.4,33.8,33.3
451,2023-01-25 00:00:00,32.55,32.9,33.0,32.45
452,2023-03-06 00:00:00,30.3,30.45,30.6,30.1
453,2023-03-31 00:00:00,27.95,26.4,28.2,26.35
454,2023-05-16 00:00:00,35.2,33.0,35.75,32.95
455,2023-05-22 00:00:00,34.35,33.8,34.65,33.4
456,2023-07-21 00:00:00,33.25,32.7,34.0,32.6
457,2023-08-08 00:00:00,31.95,31.95,32.1,31.85
458,2022-07-01 00:00:00,38.1,38.65,38.8,37.65
459,2022-07-05 00:00:00,39.0,38.15,40.2,38.1
460,2022-07-27 00:00:00,38.5,39.2,39.45,38.3
461,2022-08-04 00:00:00,41.05,40.15,41.55,39.0
462,2022-10-07 00:00:00,38.2,37.55,38.7,37.1
463,2022-12-30 00:00:00,34.25,34.1,34.65,34.1
464,2023-01-05 00:00:00,34.05,34.25,34.4,33.9
465,2023-02-07 00:00:00,32.1,32.45,32.55,32.0
466,2023-02-27 00:00:00,29.85,30.75,30.8,29.6
467,2023-03-08 00:00:00,31.35,30.25,31.6,30.05
468,2023-03-17 00:00:00,28.65,28.65,29.2,28.5
469,2023-03-27 00:00:00,25.25,27.1,27.3,25.05
470,2023-06-21 00:00:00,33.4,33.7,33.8,33.3
471,2023-06-27 00:00:00,33.8,34.0,34.55,33.7
472,2023-07-04 00:00:00,33.25,33.5,33.55,33.15
473,2023-07-20 00:00:00,32.8,32.95,33.1,32.75
474,2023-08-02 00:00:00,32.05,32.35,32.45,32.0
475,2022-06-28 00:00:00,38.5,38.0,39.2,37.4
476,2022-05-11 00:00:00,48.25,51.5,52.3,47.9
477,2022-07-28 00:00:00,37.9,38.55,38.8,37.5
478,2022-08-12 00:00:00,37.6,37.05,38.65,37.0
479,2022-09-15 00:00:00,39.45,39.7,40.35,39.25
480,2022-09-22 00:00:00,37.9,37.65,38.15,37.45
481,2022-10-03 00:00:00,36.1,36.4,36.7,36.0
482,2022-11-01 00:00:00,35.2,35.25,35.5,35.1
483,2022-11-23 00:00:00,34.05,34.15,34.3,34.0
484,2022-12-19 00:00:00,35.0,36.2,36.2,34.9
485,2022-12-27 00:00:00,34.75,34.0,35.15,33.6
486,2023-01-03 00:00:00,34.4,34.5,34.6,34.3
487,2023-01-06 00:00:00,33.7,34.0,34.0,33.6
488,2023-01-18 00:00:00,33.4,33.7,33.7,33.35
489,2023-02-08 00:00:00,32.1,32.2,32.3,31.9
490,2023-02-13 00:00:00,31.85,32.15,32.3,31.75
491,2023-04-10 00:00:00,29.8,30.1,30.25,29.4
492,2023-04-12 00:00:00,32.4,32.6,33.4,32.05
493,2023-04-26 00:00:00,30.4,30.5,30.8,30.3
494,2023-05-31 00:00:00,32.65,32.2,32.8,31.95
495,2023-06-06 00:00:00,33.35,34.1,34.15,33.15
496,2023-07-05 00:00:00,33.35,33.25,33.6,33.25
497,2023-07-06 00:00:00,33.85,33.5,34.0,33.25
498,2023-07-07 00:00:00,33.65,33.8,34.35,33.35
499,2023-08-18 00:00:00,32.4,32.7,33.0,32.3
500,2022-05-19 00:00:00,47.85,47.5,48.5,47.3
501,2022-06-08 00:00:00,44.7,45.8,45.8,44.65
502,2022-08-01 00:00:00,39.6,40.2,40.65,39.25
503,2022-08-23 00:00:00,36.9,37.35,38.1,36.55
504,2022-10-14 00:00:00,36.2,36.95,36.95,36.05
505,2022-10-19 00:00:00,35.05,35.55,35.55,35.0
506,2022-10-21 00:00:00,35.1,35.45,35.75,35.0
507,2022-11-09 00:00:00,38.8,37.8,39.2,37.65
508,2022-11-22 00:00:00,34.0,34.35,34.35,33.9
509,2023-01-16 00:00:00,33.65,33.9,34.1,33.55
510,2023-05-03 00:00:00,32.15,32.0,32.45,31.9
511,2023-05-30 00:00:00,32.2,32.5,32.7,32.15
512,2023-07-10 00:00:00,33.45,33.8,33.9,33.3
513,2023-07-25 00:00:00,33.0,33.05,33.25,32.8
514,2023-07-28 00:00:00,32.15,32.1,32.3,31.6
515,2022-05-25 00:00:00,45.6,47.75,47.75,45.5
516,2022-05-26 00:00:00,44.65,45.9,46.35,43.35
517,2022-06-09 00:00:00,42.85,44.5,44.6,42.5
518,2022-06-16 00:00:00,38.45,41.2,41.6,38.35
519,2022-08-10 00:00:00,38.05,36.0,38.45,35.0
520,2022-08-18 00:00:00,38.1,38.25,38.5,37.85
521,2022-08-22 00:00:00,37.6,38.4,38.45,37.5
522,2022-09-19 00:00:00,37.9,38.2,38.55,37.6
523,2022-10-25 00:00:00,35.35,35.7,35.95,35.25
524,2022-12-09 00:00:00,36.25,37.1,37.35,36.0
525,2022-12-12 00:00:00,36.6,36.5,37.1,36.25
526,2023-01-23 00:00:00,32.85,33.05,33.1,32.7
527,2023-01-27 00:00:00,32.05,32.7,32.75,31.75
528,2023-02-02 00:00:00,33.1,33.1,34.2,32.4
529,2023-04-05 00:00:00,28.8,28.4,29.0,27.9
530,2023-04-25 00:00:00,30.6,30.75,30.9,30.5
531,2023-06-15 00:00:00,33.1,33.35,33.4,33.0
532,2023-07-03 00:00:00,33.35,33.4,33.55,33.25
533,2023-07-14 00:00:00,32.95,32.7,33.15,32.55
534,2022-05-24 00:00:00,47.25,48.6,48.6,47.1
535,2022-05-17 00:00:00,49.1,47.3,49.1,47.3
536,2022-06-06 00:00:00,45.55,46.25,46.4,45.0
537,2022-06-29 00:00:00,39.0,38.3,40.2,38.0
538,2022-07-13 00:00:00,37.15,37.7,37.9,37.05
539,2022-07-29 00:00:00,39.7,39.0,39.75,38.35
540,2022-08-05 00:00:00,40.25,41.75,41.85,40.05
541,2022-09-08 00:00:00,40.25,39.75,40.85,39.7
542,2022-09-14 00:00:00,39.4,39.3,40.0,39.15
543,2022-09-27 00:00:00,36.6,37.1,37.25,36.05
544,2022-10-06 00:00:00,37.35,37.2,37.65,36.9
545,2022-10-27 00:00:00,35.85,35.9,36.35,35.7
546,2022-11-04 00:00:00,35.4,35.25,35.55,35.25
547,2022-11-17 00:00:00,35.0,35.3,35.3,34.85
548,2022-12-13 00:00:00,36.3,36.65,36.9,36.2
549,2022-12-16 00:00:00,36.0,36.25,36.6,35.8
550,2023-02-06 00:00:00,32.4,32.85,33.1,32.3
551,2023-02-17 00:00:00,31.7,31.75,32.1,31.55
552,2023-02-24 00:00:00,30.75,31.15,31.3,30.7
553,2023-05-05 00:00:00,32.1,32.75,32.75,32.0
554,2023-05-10 00:00:00,32.05,32.0,32.25,31.65
555,2023-05-23 00:00:00,34.65,34.65,35.25,34.4
556,2023-05-26 00:00:00,32.3,32.7,32.95,32.1
557,2023-06-05 00:00:00,34.0,32.6,34.5,32.5
558,2023-06-07 00:00:00,33.6,33.5,33.8,33.3
559,2023-06-20 00:00:00,33.5,33.35,34.0,33.3
560,2023-07-17 00:00:00,33.25,33.05,33.55,32.85
561,2022-06-13 00:00:00,41.15,42.2,42.25,41.0
562,2022-06-21 00:00:00,36.45,33.75,36.45,33.15
563,2022-07-06 00:00:00,38.8,39.75,39.75,38.5
564,2022-07-21 00:00:00,41.05,43.2,43.75,40.35
565,2022-08-30 00:00:00,36.7,36.35,37.9,36.3
566,2022-10-10 00:00:00,37.35,37.95,37.95,37.25
567,2022-12-02 00:00:00,37.55,36.6,37.9,36.6
568,2022-12-20 00:00:00,34.6,35.0,35.5,34.4
569,2023-02-14 00:00:00,31.55,31.95,32.0,31.5
570,2023-03-03 00:00:00,30.3,31.1,31.3,30.2
571,2023-03-09 00:00:00,30.7,31.55,31.85,30.55
572,2023-03-22 00:00:00,27.85,27.1,29.3,26.7
573,2023-03-28 00:00:00,25.75,25.45,26.9,25.1
574,2023-04-03 00:00:00,28.15,28.45,29.1,27.85
575,2023-04-17 00:00:00,31.0,31.45,31.45,30.4
576,2023-05-11 00:00:00,32.1,32.3,32.4,32.05
577,2023-06-01 00:00:00,32.2,32.55,32.85,32.05
578,2023-07-11 00:00:00,33.25,33.45,33.5,33.1
579,2023-07-18 00:00:00,32.85,33.3,33.3,32.75
580,2023-07-19 00:00:00,32.9,32.95,33.15,32.8
581,2023-07-27 00:00:00,33.1,32.9,33.65,32.9
582,2022-05-31 00:00:00,47.7,48.05,49.3,47.0
583,2022-05-18 00:00:00,49.6,49.55,50.8,49.0
584,2022-06-23 00:00:00,38.35,38.8,39.55,36.8
585,2022-06-30 00:00:00,38.7,39.2,39.8,37.95
586,2022-07-08 00:00:00,38.8,39.1,39.2,38.7
587,2022-08-16 00:00:00,37.25,37.6,38.0,37.1
588,2022-08-19 00:00:00,38.4,38.4,39.7,37.8
589,2022-10-11 00:00:00,36.8,37.4,37.7,36.65
590,2022-11-07 00:00:00,37.35,36.0,37.7,35.65
591,2022-11-11 00:00:00,37.25,38.75,38.75,36.9
592,2022-11-16 00:00:00,35.1,35.95,35.95,35.0
593,2022-11-30 00:00:00,35.35,35.3,35.5,35.05
594,2022-12-29 00:00:00,33.85,34.3,34.3,33.6
595,2023-02-21 00:00:00,31.55,31.9,32.0,31.35
596,2023-02-28 00:00:00,30.3,29.9,30.7,29.35
597,2023-03-20 00:00:00,28.05,28.55,28.95,27.95
598,2023-03-24 00:00:00,27.1,27.7,27.95,27.0
599,2023-04-06 00:00:00,29.6,28.95,29.95,28.25
600,2023-04-13 00:00:00,31.45,32.3,32.3,31.3
601,2023-04-19 00:00:00,31.05,31.5,31.6,30.9
602,2023-05-29 00:00:00,32.4,32.4,32.7,32.3
603,2023-08-04 00:00:00,31.9,32.05,32.25,31.65
604,2023-08-07 00:00:00,31.9,32.1,32.3,31.8
605,2023-08-21 00:00:00,35.7,32.55,36.15,32.55
606,2023-08-22 00:00:00,37.7,36.4,38.2,36.1
607,2022-05-20 00:00:00,48.55,49.15,49.6,48.3
608,2022-06-02 00:00:00,46.8,47.15,47.7,46.5
609,2022-06-03 00:00:00,46.1,47.95,47.95,46.0
610,2022-06-22 00:00:00,38.05,37.0,38.25,36.5
611,2022-07-15 00:00:00,36.2,36.55,36.7,35.75
612,2022-09-09 00:00:00,39.7,40.6,40.65,39.5
613,2022-10-20 00:00:00,35.2,35.0,35.5,34.3
614,2022-11-28 00:00:00,35.15,35.0,35.8,34.9
615,2022-12-26 00:00:00,33.5,30.7,33.9,30.5
616,2022-12-28 00:00:00,34.35,34.95,34.95,33.9
617,2023-01-20 00:00:00,32.85,33.55,33.7,32.75
618,2023-01-24 00:00:00,32.9,32.95,33.2,32.8
619,2023-01-30 00:00:00,31.8,31.5,32.5,31.3
620,2023-06-13 00:00:00,33.5,33.6,33.8,33.35
621,2023-08-17 00:00:00,32.65,32.9,33.15,32.55
622,2022-05-13 00:00:00,46.2,44.95,47.9,44.65
623,2022-06-01 00:00:00,47.2,48.4,48.4,46.75
624,2022-06-07 00:00:00,45.1,44.8,45.45,44.6
625,2022-06-10 00:00:00,43.0,42.4,44.0,41.5
626,2022-08-11 00:00:00,37.35,37.55,38.3,37.05
627,2022-08-24 00:00:00,36.55,36.9,37.2,36.5
628,2022-10-13 00:00:00,36.05,36.6,36.7,36.0
629,2022-10-18 00:00:00,35.6,36.05,36.15,35.55
630,2022-10-31 00:00:00,35.25,35.6,35.6,35.15
631,2022-11-21 00:00:00,34.2,34.8,34.8,34.1
632,2022-11-24 00:00:00,34.25,34.2,34.5,34.1
633,2022-11-25 00:00:00,34.9,34.35,35.25,34.2
634,2022-12-14 00:00:00,36.2,36.45,36.65,36.15
635,2022-12-21 00:00:00,34.05,34.8,35.05,34.0
636,2022-12-23 00:00:00,31.1,32.1,32.5,31.0
637,2023-01-04 00:00:00,34.0,34.6,34.6,33.65
638,2023-01-09 00:00:00,33.55,34.1,34.4,33.2
639,2023-02-01 00:00:00,32.95,35.0,35.0,32.5
640,2023-02-15 00:00:00,31.75,31.5,31.95,31.4
641,2023-03-10 00:00:00,30.7,30.4,30.95,30.25
642,2023-03-16 00:00:00,28.55,29.5,29.55,28.5
643,2023-03-21 00:00:00,27.15,28.2,28.3,26.9
644,2023-04-24 00:00:00,30.7,30.8,31.1,30.4
645,2023-05-17 00:00:00,35.15,35.8,36.85,34.7
646,2023-05-19 00:00:00,33.7,34.15,34.6,33.2
647,2023-05-24 00:00:00,34.75,34.75,34.95,34.45
648,2023-05-25 00:00:00,32.55,32.2,33.25,32.1
649,2023-06-08 00:00:00,33.6,33.7,34.3,33.4
650,2023-08-14 00:00:00,32.4,32.9,33.0,32.25
651,2023-08-23 00:00:00,36.85,37.65,37.65,36.65
