,time,close,open,high,low
0,2021-01-21 00:00:00,56.0,53.15,56.9,53.15
1,2021-01-08 00:00:00,54.85,54.55,56.5,54.4
2,2021-02-19 00:00:00,54.8,55.0,56.75,54.05
3,2021-02-25 00:00:00,67.7,57.5,67.7,56.75
4,2021-03-25 00:00:00,74.05,76.85,77.45,73.1
5,2021-05-18 00:00:00,82.5,83.5,84.7,82.0
6,2021-05-25 00:00:00,86.2,83.8,86.9,83.2
7,2021-05-28 00:00:00,82.6,84.8,84.85,82.15
8,2021-06-04 00:00:00,82.45,82.3,83.0,82.2
9,2021-06-10 00:00:00,83.9,83.15,84.9,82.8
10,2021-01-15 00:00:00,53.65,54.7,55.25,53.15
11,2021-01-20 00:00:00,52.9,54.0,54.25,52.8
12,2021-02-09 00:00:00,53.55,55.0,55.05,53.25
13,2021-02-11 00:00:00,53.9,53.3,54.8,53.25
14,2021-04-27 00:00:00,72.75,71.85,75.5,71.45
15,2021-04-28 00:00:00,72.9,73.45,74.75,72.65
16,2021-05-04 00:00:00,73.9,74.5,76.2,73.55
17,2021-05-26 00:00:00,87.05,86.55,90.0,85.45
18,2021-05-31 00:00:00,83.0,83.6,84.3,82.55
19,2021-03-19 00:00:00,71.85,73.5,73.5,68.75
20,2021-05-06 00:00:00,79.55,77.5,81.25,76.65
21,2021-03-23 00:00:00,81.75,80.45,84.4,80.0
22,2021-05-14 00:00:00,82.75,85.9,87.7,82.2
23,2021-01-06 00:00:00,54.3,55.15,55.95,53.9
24,2021-06-02 00:00:00,81.8,81.2,82.45,80.9
25,2021-01-07 00:00:00,53.85,54.5,55.25,53.75
26,2021-06-03 00:00:00,82.25,82.4,83.6,81.9
27,2021-03-08 00:00:00,88.25,91.3,91.75,87.55
28,2021-03-26 00:00:00,75.8,75.9,77.0,74.9
29,2021-04-05 00:00:00,74.75,78.9,78.9,73.85
30,2021-04-30 00:00:00,73.35,72.5,76.7,72.3
31,2021-01-11 00:00:00,55.55,55.3,56.4,54.4
32,2021-04-15 00:00:00,72.8,71.9,75.75,71.65
33,2021-04-26 00:00:00,71.25,72.4,72.5,71.0
34,2021-04-29 00:00:00,73.65,73.45,75.25,71.65
35,2021-01-12 00:00:00,58.8,56.5,60.8,56.25
36,2021-01-04 00:00:00,54.35,55.4,55.8,54.05
37,2021-01-13 00:00:00,56.85,58.5,59.25,56.3
38,2021-01-25 00:00:00,53.4,55.3,55.8,53.1
39,2021-01-29 00:00:00,54.0,55.0,55.15,53.6
40,2021-02-05 00:00:00,56.45,56.55,56.95,55.85
41,2021-03-31 00:00:00,77.45,78.6,79.8,76.7
42,2021-05-17 00:00:00,82.5,83.55,84.9,81.75
43,2021-06-01 00:00:00,81.25,83.2,83.45,81.0
44,2021-03-09 00:00:00,85.55,89.0,89.85,84.0
45,2021-02-02 00:00:00,54.9,56.15,56.75,54.5
46,2021-03-16 00:00:00,83.9,84.45,86.8,83.55
47,2021-03-24 00:00:00,78.0,80.5,81.75,77.25
48,2021-05-03 00:00:00,72.9,72.0,73.95,71.8
49,2021-02-10 00:00:00,53.45,53.55,54.3,53.1
50,2021-02-17 00:00:00,53.2,53.25,53.55,52.75
51,2021-05-10 00:00:00,79.1,78.25,80.6,77.6
52,2021-03-18 00:00:00,73.7,79.2,80.4,72.3
53,2021-05-05 00:00:00,76.85,74.8,78.7,74.3
54,2021-05-11 00:00:00,81.75,78.45,83.2,77.9
55,2021-06-07 00:00:00,83.15,82.75,84.4,82.2
56,2021-06-11 00:00:00,83.15,84.35,84.7,82.85
57,2021-01-22 00:00:00,54.85,56.45,56.95,54.45
58,2021-02-24 00:00:00,56.45,53.7,57.5,53.7
59,2021-01-27 00:00:00,52.85,53.4,53.8,52.55
60,2021-02-16 00:00:00,53.6,53.2,53.95,53.1
61,2021-02-22 00:00:00,53.25,54.8,54.95,53.1
62,2021-02-23 00:00:00,53.6,53.4,54.5,53.0
63,2021-03-05 00:00:00,90.8,92.5,94.45,88.85
64,2021-04-22 00:00:00,71.05,70.55,71.9,70.25
65,2021-05-21 00:00:00,82.8,84.95,85.45,82.4
66,2021-02-26 00:00:00,75.9,71.8,80.8,71.1
67,2021-04-20 00:00:00,71.3,71.75,72.5,69.65
68,2021-05-07 00:00:00,77.75,80.1,80.75,77.1
69,2021-01-05 00:00:00,54.9,55.2,55.75,54.1
70,2021-01-18 00:00:00,53.55,54.2,55.0,53.1
71,2021-02-01 00:00:00,55.75,55.0,57.3,53.65
72,2021-02-12 00:00:00,53.6,53.75,54.5,53.4
73,2021-03-02 00:00:00,90.1,97.7,100.15,83.7
74,2021-03-17 00:00:00,78.2,83.5,84.45,77.8
75,2021-03-22 00:00:00,79.0,73.0,79.0,72.1
76,2021-04-13 00:00:00,74.25,73.2,75.35,71.3
77,2021-04-23 00:00:00,71.2,71.0,73.25,70.65
78,2021-05-20 00:00:00,84.5,85.5,87.8,84.2
79,2021-02-04 00:00:00,55.75,55.05,56.65,54.8
80,2021-01-28 00:00:00,54.7,52.0,55.25,51.6
81,2021-02-15 00:00:00,53.15,54.0,54.0,53.05
82,2021-03-12 00:00:00,85.75,85.2,90.45,82.6
83,2021-03-15 00:00:00,84.0,85.8,86.4,83.0
84,2021-03-30 00:00:00,78.7,76.8,81.5,73.9
85,2021-04-09 00:00:00,79.15,81.8,83.4,77.6
86,2021-04-16 00:00:00,72.5,73.45,74.5,72.05
87,2021-06-14 00:00:00,82.05,83.1,83.1,80.6
88,2021-03-01 00:00:00,91.05,80.0,91.05,79.0
89,2021-03-10 00:00:00,84.75,86.45,87.3,84.0
90,2021-04-19 00:00:00,70.3,70.25,71.0,68.95
91,2021-06-08 00:00:00,83.15,83.2,84.25,82.55
92,2021-02-03 00:00:00,55.05,55.25,55.75,54.5
93,2021-03-04 00:00:00,87.7,85.0,91.8,84.0
94,2021-04-06 00:00:00,75.15,75.25,76.85,74.35
95,2021-04-08 00:00:00,81.15,77.3,85.3,77.15
96,2021-05-12 00:00:00,84.45,82.9,88.0,82.55
97,2021-05-24 00:00:00,83.2,83.0,84.25,82.15
98,2021-01-01 00:00:00,54.05,53.5,54.4,53.3
99,2021-01-14 00:00:00,54.8,57.0,57.55,54.55
100,2021-01-19 00:00:00,53.9,54.0,54.75,53.7
101,2021-02-08 00:00:00,54.9,56.9,56.9,54.6
102,2021-02-18 00:00:00,55.45,53.9,56.9,53.5
103,2021-03-03 00:00:00,86.9,91.0,93.5,86.1
104,2021-04-01 00:00:00,79.05,78.25,80.75,77.4
105,2021-04-07 00:00:00,75.7,75.0,77.35,74.6
106,2021-04-12 00:00:00,71.75,74.15,75.75,71.05
107,2021-05-19 00:00:00,80.8,82.3,83.6,80.1
108,2021-05-27 00:00:00,83.7,87.7,88.65,82.75
109,2021-06-09 00:00:00,82.65,83.25,85.3,82.1
110,2021-06-24 00:00:00,81.15,82.1,82.35,80.75
111,2021-07-09 00:00:00,83.6,83.45,84.35,83.0
112,2021-06-25 00:00:00,81.1,81.5,82.2,80.9
113,2021-06-15 00:00:00,82.2,82.5,83.65,81.15
114,2021-06-28 00:00:00,80.6,81.55,81.55,80.4
115,2021-07-08 00:00:00,83.75,87.75,87.75,83.25
116,2021-07-14 00:00:00,83.1,83.25,84.45,82.85
117,2021-08-02 00:00:00,84.95,84.85,85.5,83.75
118,2021-09-09 00:00:00,74.1,74.45,75.1,73.9
119,2021-09-21 00:00:00,73.65,73.0,74.35,72.5
120,2021-10-01 00:00:00,80.7,82.1,82.45,79.9
121,2021-10-19 00:00:00,82.8,83.95,85.7,82.45
122,2021-10-26 00:00:00,78.55,78.2,80.2,78.15
123,2021-11-12 00:00:00,80.0,79.95,80.6,79.1
124,2021-12-07 00:00:00,73.45,72.5,73.9,72.25
125,2021-12-23 00:00:00,74.2,73.95,75.4,73.45
126,2022-02-10 00:00:00,77.75,77.4,78.45,76.7
127,2022-03-08 00:00:00,73.05,70.45,73.25,70.3
128,2022-04-06 00:00:00,104.45,99.0,105.8,97.8
129,2022-04-21 00:00:00,109.7,107.7,110.9,105.65
130,2022-05-20 00:00:00,101.4,99.0,102.5,98.3
131,2022-05-30 00:00:00,96.6,95.45,97.4,95.0
132,2022-06-03 00:00:00,93.1,96.4,97.05,92.8
133,2022-08-29 00:00:00,101.4,101.1,104.4,100.5
134,2022-09-27 00:00:00,94.2,94.55,96.15,93.0
135,2023-01-16 00:00:00,123.0,125.15,125.6,122.3
136,2023-01-18 00:00:00,126.75,125.8,129.9,125.45
137,2023-01-27 00:00:00,113.5,119.0,119.55,112.6
138,2023-04-11 00:00:00,100.35,100.2,100.95,99.1
139,2023-04-26 00:00:00,109.25,107.5,111.65,107.4
140,2023-04-27 00:00:00,108.15,109.4,109.75,107.55
141,2023-05-05 00:00:00,109.9,112.1,112.9,109.5
142,2023-06-14 00:00:00,110.6,109.4,112.25,108.5
143,2023-06-22 00:00:00,110.4,112.35,113.25,109.1
144,2023-06-23 00:00:00,108.5,110.1,110.4,107.9
145,2023-07-07 00:00:00,116.35,117.45,118.3,115.1
146,2023-08-23 00:00:00,114.45,112.25,115.45,112.0
147,2021-07-12 00:00:00,83.1,84.45,84.8,82.7
148,2021-07-06 00:00:00,82.3,83.1,83.5,82.15
149,2021-07-15 00:00:00,83.35,83.0,84.65,82.6
150,2021-08-17 00:00:00,74.1,75.3,75.4,73.25
151,2021-08-24 00:00:00,71.25,69.7,71.95,68.85
152,2021-10-28 00:00:00,76.8,78.15,78.2,76.5
153,2021-10-18 00:00:00,83.45,83.8,84.25,83.05
154,2021-11-01 00:00:00,77.5,76.9,77.9,76.65
155,2021-10-29 00:00:00,76.65,76.6,77.4,75.5
156,2021-11-09 00:00:00,80.4,79.6,81.0,79.6
157,2021-11-04 00:00:00,78.65,78.6,78.95,78.35
158,2021-11-22 00:00:00,73.5,76.1,76.45,71.55
159,2021-11-08 00:00:00,79.95,79.05,81.0,78.55
160,2021-12-15 00:00:00,77.6,75.25,79.7,75.0
161,2021-11-26 00:00:00,72.8,74.8,75.3,72.5
162,2022-01-18 00:00:00,84.4,84.3,88.65,83.8
163,2021-12-13 00:00:00,74.9,74.8,76.25,74.4
164,2022-03-22 00:00:00,82.4,82.3,83.9,81.5
165,2022-02-11 00:00:00,80.55,78.0,82.95,78.0
166,2022-04-05 00:00:00,99.65,102.25,104.1,99.0
167,2022-02-24 00:00:00,67.0,70.0,70.35,66.6
168,2022-04-07 00:00:00,104.35,104.9,109.0,103.4
169,2022-03-03 00:00:00,74.55,72.65,75.35,72.6
170,2022-03-31 00:00:00,89.45,89.9,92.25,88.95
171,2022-04-08 00:00:00,104.3,104.9,106.4,103.5
172,2022-04-18 00:00:00,108.2,102.0,111.6,101.0
173,2022-04-13 00:00:00,102.95,101.95,105.4,101.6
174,2022-05-17 00:00:00,89.55,84.45,90.5,84.05
175,2022-06-16 00:00:00,80.6,83.8,86.0,79.8
176,2022-06-02 00:00:00,95.35,95.45,97.1,94.2
177,2022-06-30 00:00:00,78.15,79.0,80.45,77.8
178,2022-06-22 00:00:00,75.65,77.0,77.25,75.0
179,2022-06-27 00:00:00,79.9,79.8,80.9,78.8
180,2022-07-25 00:00:00,85.75,86.5,86.9,85.0
181,2022-07-21 00:00:00,86.0,85.45,86.75,84.8
182,2022-08-16 00:00:00,94.15,94.9,95.4,93.7
183,2022-08-17 00:00:00,93.5,94.15,95.3,93.15
184,2022-08-18 00:00:00,93.75,93.7,96.45,93.3
185,2022-09-05 00:00:00,100.2,99.8,101.2,99.5
186,2022-09-16 00:00:00,103.85,102.9,109.45,101.0
187,2022-09-15 00:00:00,102.4,103.4,105.4,101.85
188,2022-10-04 00:00:00,94.85,94.35,95.25,93.65
189,2022-09-19 00:00:00,104.3,104.7,106.15,103.0
190,2022-11-01 00:00:00,102.0,102.4,102.5,100.5
191,2022-11-18 00:00:00,97.95,99.35,99.6,97.5
192,2022-12-29 00:00:00,131.9,132.5,136.25,129.15
193,2022-11-30 00:00:00,119.7,122.7,122.95,118.4
194,2023-01-06 00:00:00,130.75,133.9,134.8,129.25
195,2022-12-01 00:00:00,120.2,120.3,122.5,119.3
196,2023-01-13 00:00:00,124.45,125.0,125.85,123.3
197,2022-12-08 00:00:00,135.85,136.4,139.9,133.5
198,2023-02-10 00:00:00,110.5,110.35,111.95,109.7
199,2022-12-20 00:00:00,132.2,132.3,134.25,129.4
200,2023-03-08 00:00:00,104.6,102.75,105.25,101.25
201,2023-03-20 00:00:00,96.8,98.8,99.0,96.4
202,2023-01-23 00:00:00,123.55,124.15,125.35,122.65
203,2023-04-06 00:00:00,99.15,99.15,100.5,98.4
204,2023-02-06 00:00:00,109.85,113.0,114.8,109.45
205,2023-02-07 00:00:00,109.45,110.1,111.0,108.0
206,2023-04-13 00:00:00,107.4,106.9,110.5,106.3
207,2023-03-09 00:00:00,104.1,105.0,106.45,103.25
208,2023-04-20 00:00:00,102.7,103.55,104.1,102.3
209,2023-03-29 00:00:00,95.75,91.0,96.45,90.65
210,2023-05-31 00:00:00,102.55,102.75,103.45,101.15
211,2023-05-08 00:00:00,108.2,110.15,110.7,108.0
212,2023-07-31 00:00:00,114.95,114.95,115.75,114.4
213,2023-05-16 00:00:00,105.8,105.65,107.35,105.4
214,2023-05-26 00:00:00,102.0,102.4,102.7,101.65
215,2023-06-21 00:00:00,112.0,112.0,114.0,111.1
216,2023-07-10 00:00:00,117.6,116.95,119.5,114.35
217,2021-07-01 00:00:00,85.0,83.7,85.5,82.5
218,2021-08-18 00:00:00,73.55,74.35,74.75,73.2
219,2021-07-27 00:00:00,81.1,83.55,83.9,80.5
220,2021-08-23 00:00:00,69.2,72.55,72.8,69.0
221,2021-08-03 00:00:00,85.0,85.0,86.2,84.1
222,2021-09-29 00:00:00,83.6,83.8,85.95,83.05
223,2021-08-31 00:00:00,72.15,73.2,73.35,72.0
224,2021-11-18 00:00:00,75.9,77.9,78.25,74.85
225,2021-09-20 00:00:00,73.15,72.2,75.6,72.2
226,2021-09-23 00:00:00,74.15,74.75,75.2,73.8
227,2021-12-03 00:00:00,73.5,73.0,74.8,73.0
228,2021-10-06 00:00:00,82.35,83.85,84.5,81.9
229,2021-12-30 00:00:00,75.75,74.0,77.25,73.85
230,2021-11-10 00:00:00,81.05,80.0,82.35,79.45
231,2022-01-21 00:00:00,81.15,84.5,84.7,80.0
232,2021-11-23 00:00:00,75.0,73.1,75.25,72.55
233,2022-02-17 00:00:00,74.55,75.9,76.8,74.25
234,2021-11-24 00:00:00,74.75,74.5,76.35,74.25
235,2022-01-14 00:00:00,83.2,82.6,83.9,81.85
236,2022-03-10 00:00:00,75.6,76.85,77.3,75.0
237,2022-04-20 00:00:00,106.8,105.8,108.35,104.9
238,2022-06-08 00:00:00,93.25,94.9,95.45,93.05
239,2022-01-24 00:00:00,76.6,81.5,81.9,75.8
240,2022-06-20 00:00:00,71.85,78.2,78.95,70.6
241,2022-07-11 00:00:00,83.6,80.8,84.1,80.45
242,2022-02-02 00:00:00,77.6,78.15,78.5,77.35
243,2022-02-08 00:00:00,76.9,78.2,78.6,75.4
244,2022-07-15 00:00:00,82.35,81.6,82.75,80.4
245,2022-02-18 00:00:00,73.7,73.5,74.65,73.4
246,2022-07-27 00:00:00,86.2,84.3,86.65,83.1
247,2022-03-17 00:00:00,79.75,79.5,80.85,78.1
248,2022-08-05 00:00:00,96.15,94.4,97.3,94.15
249,2022-08-24 00:00:00,97.05,90.15,97.9,90.15
250,2022-04-12 00:00:00,99.5,105.65,105.75,98.05
251,2022-06-15 00:00:00,82.8,83.9,84.55,82.4
252,2022-09-06 00:00:00,101.45,100.6,103.7,99.6
253,2022-06-21 00:00:00,76.75,74.5,77.8,73.65
254,2022-09-08 00:00:00,103.45,103.6,105.65,102.55
255,2022-07-05 00:00:00,79.05,80.35,81.3,78.55
256,2022-11-09 00:00:00,104.15,102.65,106.2,102.4
257,2022-07-07 00:00:00,81.5,80.6,81.9,80.4
258,2022-11-28 00:00:00,123.3,120.7,128.4,120.5
259,2022-08-25 00:00:00,101.25,98.0,105.0,96.8
260,2022-09-14 00:00:00,102.8,101.6,103.2,100.3
261,2023-02-23 00:00:00,102.1,105.0,105.0,101.15
262,2022-10-07 00:00:00,98.9,98.4,99.7,97.7
263,2022-11-21 00:00:00,103.35,98.4,103.95,98.0
264,2023-02-27 00:00:00,96.75,100.4,100.4,96.05
265,2023-04-05 00:00:00,98.9,98.4,99.6,97.2
266,2023-04-12 00:00:00,107.2,100.7,109.6,99.8
267,2022-12-19 00:00:00,133.2,138.9,139.7,132.35
268,2023-05-03 00:00:00,110.3,109.6,112.45,109.0
269,2022-12-26 00:00:00,113.4,107.2,115.25,104.8
270,2023-05-09 00:00:00,105.05,108.45,109.7,104.25
271,2023-01-03 00:00:00,130.55,132.9,134.2,129.1
272,2023-05-24 00:00:00,103.9,103.95,104.65,103.4
273,2023-06-08 00:00:00,108.5,110.5,111.0,107.85
274,2023-01-30 00:00:00,113.05,112.5,116.6,111.55
275,2023-02-09 00:00:00,110.55,111.8,112.4,109.95
276,2023-06-26 00:00:00,108.6,108.75,109.4,107.8
277,2023-03-10 00:00:00,102.6,102.05,104.6,100.8
278,2023-07-12 00:00:00,115.25,117.2,117.65,114.9
279,2023-03-22 00:00:00,98.6,97.55,100.8,97.55
280,2023-08-09 00:00:00,114.45,115.95,116.0,114.1
281,2023-04-25 00:00:00,107.0,105.0,107.7,104.25
282,2023-04-28 00:00:00,109.0,108.3,110.5,108.3
283,2023-05-11 00:00:00,107.75,105.9,109.25,105.85
284,2023-05-22 00:00:00,104.3,104.4,104.8,102.6
285,2023-05-25 00:00:00,102.0,104.0,104.45,101.75
286,2023-05-29 00:00:00,102.35,102.6,103.45,101.3
287,2023-06-07 00:00:00,109.9,109.2,110.8,109.0
288,2023-06-16 00:00:00,109.25,109.95,110.2,108.8
289,2023-07-18 00:00:00,112.7,114.6,115.3,111.85
290,2021-06-30 00:00:00,83.6,82.5,84.3,81.85
291,2021-06-17 00:00:00,84.75,85.85,87.9,84.2
292,2021-07-13 00:00:00,83.6,83.65,84.9,83.25
293,2021-08-12 00:00:00,75.9,74.85,77.2,74.8
294,2021-10-27 00:00:00,78.1,78.75,79.65,77.8
295,2021-12-10 00:00:00,74.6,74.05,75.5,73.85
296,2021-12-29 00:00:00,74.05,73.6,74.65,73.55
297,2022-01-10 00:00:00,79.15,77.55,79.85,77.55
298,2022-01-12 00:00:00,81.25,81.4,82.5,80.7
299,2022-02-07 00:00:00,77.85,77.25,79.5,77.25
300,2022-02-09 00:00:00,77.35,77.5,78.15,77.0
301,2022-03-09 00:00:00,75.85,73.45,76.6,72.8
302,2022-05-24 00:00:00,99.8,99.5,103.9,98.6
303,2022-05-25 00:00:00,90.9,100.2,101.5,90.5
304,2022-06-07 00:00:00,94.85,95.95,100.25,94.25
305,2022-06-14 00:00:00,83.3,83.8,85.9,82.8
306,2022-06-29 00:00:00,78.95,77.6,79.65,77.55
307,2022-07-13 00:00:00,82.95,83.8,84.0,82.2
308,2022-07-28 00:00:00,85.7,86.65,86.85,85.1
309,2022-08-26 00:00:00,105.05,102.4,108.0,102.15
310,2022-09-07 00:00:00,102.95,103.25,104.0,102.2
311,2022-10-13 00:00:00,92.5,94.5,95.0,92.25
312,2022-10-21 00:00:00,99.3,99.45,100.75,98.55
313,2022-11-07 00:00:00,101.95,102.2,103.2,100.55
314,2022-11-17 00:00:00,98.85,100.35,101.25,98.55
315,2022-11-24 00:00:00,122.0,117.25,124.3,114.2
316,2022-12-14 00:00:00,136.15,134.0,137.65,131.8
317,2023-05-02 00:00:00,109.8,109.6,111.95,108.9
318,2023-05-19 00:00:00,104.0,105.45,105.7,102.75
319,2023-08-18 00:00:00,108.9,111.65,112.55,108.5
320,2021-06-18 00:00:00,82.75,85.0,85.15,80.6
321,2021-06-16 00:00:00,85.75,82.25,87.35,81.25
322,2021-07-07 00:00:00,87.15,82.05,88.9,81.75
323,2021-08-05 00:00:00,80.85,82.3,82.45,80.05
324,2021-08-20 00:00:00,71.55,72.4,73.15,71.3
325,2021-09-15 00:00:00,75.35,75.0,75.9,74.75
326,2021-10-12 00:00:00,82.9,82.5,86.2,81.3
327,2021-10-13 00:00:00,83.05,83.9,84.5,82.6
328,2021-10-20 00:00:00,80.5,81.95,82.45,80.05
329,2021-11-03 00:00:00,78.1,80.0,80.2,77.5
330,2021-11-15 00:00:00,78.85,80.1,80.1,78.7
331,2021-12-08 00:00:00,73.85,73.9,74.75,73.7
332,2021-12-20 00:00:00,71.85,75.75,75.75,70.25
333,2021-12-21 00:00:00,72.4,72.15,73.65,72.05
334,2021-12-28 00:00:00,73.65,73.0,74.2,73.0
335,2022-01-03 00:00:00,77.2,75.95,78.7,75.85
336,2022-01-13 00:00:00,82.8,81.7,83.9,80.65
337,2022-01-17 00:00:00,83.95,83.4,85.45,83.1
338,2022-02-14 00:00:00,74.75,78.0,78.85,74.05
339,2022-05-04 00:00:00,92.1,96.0,97.25,90.7
340,2022-05-10 00:00:00,86.2,89.6,92.3,84.85
341,2022-05-26 00:00:00,92.7,91.7,93.4,86.9
342,2022-09-26 00:00:00,93.8,99.75,99.75,92.7
343,2022-09-29 00:00:00,92.3,92.65,94.4,91.05
344,2022-10-03 00:00:00,92.8,93.55,94.7,91.5
345,2022-10-24 00:00:00,99.15,100.2,100.75,98.65
346,2022-12-09 00:00:00,130.7,136.55,137.35,129.1
347,2022-12-12 00:00:00,135.95,130.95,136.9,127.75
348,2023-02-15 00:00:00,114.15,112.2,115.75,111.2
349,2023-03-13 00:00:00,98.95,103.0,103.4,98.35
350,2023-03-28 00:00:00,90.85,92.85,93.65,89.5
351,2023-05-30 00:00:00,101.8,102.0,102.45,101.5
352,2023-07-26 00:00:00,115.5,112.45,116.5,112.2
353,2023-07-27 00:00:00,115.3,116.15,118.05,114.85
354,2023-08-10 00:00:00,114.45,114.75,115.4,113.3
355,2021-07-22 00:00:00,80.35,81.2,82.2,80.05
356,2021-07-20 00:00:00,80.3,82.2,82.85,79.65
357,2021-09-03 00:00:00,74.9,75.6,76.3,74.4
358,2021-08-25 00:00:00,71.5,71.9,72.35,71.1
359,2021-09-14 00:00:00,74.6,73.9,75.1,73.55
360,2021-11-02 00:00:00,79.55,77.9,81.2,77.5
361,2021-09-16 00:00:00,75.6,75.4,77.2,75.4
362,2021-12-06 00:00:00,72.0,73.4,73.8,71.85
363,2021-09-17 00:00:00,74.05,75.85,76.15,72.8
364,2021-12-14 00:00:00,75.35,74.45,76.0,74.1
365,2021-09-27 00:00:00,85.6,82.55,88.9,80.15
366,2022-01-19 00:00:00,85.25,84.7,86.0,83.9
367,2021-10-08 00:00:00,84.3,83.4,86.55,80.5
368,2022-03-16 00:00:00,79.05,80.3,80.8,78.75
369,2021-11-29 00:00:00,69.45,71.75,72.3,66.0
370,2022-03-23 00:00:00,82.1,82.85,84.7,81.55
371,2021-12-01 00:00:00,73.3,74.0,74.4,72.55
372,2021-12-09 00:00:00,74.05,73.95,74.7,73.65
373,2022-03-25 00:00:00,81.4,82.35,82.9,80.4
374,2021-12-24 00:00:00,72.65,74.45,74.65,72.15
375,2022-04-29 00:00:00,100.2,102.8,103.5,99.6
376,2022-01-07 00:00:00,77.4,78.15,78.95,76.9
377,2022-07-04 00:00:00,79.95,78.7,80.4,78.7
378,2022-01-11 00:00:00,80.8,79.1,82.0,78.5
379,2022-01-31 00:00:00,79.65,79.7,80.55,79.3
380,2022-09-23 00:00:00,99.95,104.4,104.7,99.2
381,2022-10-28 00:00:00,103.2,103.6,105.3,102.9
382,2022-02-25 00:00:00,69.95,68.4,70.55,68.4
383,2022-12-27 00:00:00,116.5,114.4,118.5,112.65
384,2022-03-04 00:00:00,72.3,74.0,74.45,72.0
385,2022-12-28 00:00:00,133.8,116.5,137.25,115.0
386,2022-05-11 00:00:00,86.15,87.25,88.15,81.9
387,2022-12-30 00:00:00,134.55,132.5,141.5,132.4
388,2022-05-13 00:00:00,82.05,83.85,84.7,81.45
389,2022-05-18 00:00:00,93.75,90.25,95.3,88.1
390,2023-01-09 00:00:00,130.1,131.45,133.65,129.3
391,2023-01-10 00:00:00,124.75,130.25,130.7,124.1
392,2022-05-31 00:00:00,95.7,96.1,98.4,94.4
393,2023-02-01 00:00:00,113.25,122.95,124.55,111.65
394,2022-07-19 00:00:00,83.4,83.1,84.15,82.8
395,2023-02-21 00:00:00,108.75,109.6,110.35,108.25
396,2022-07-26 00:00:00,83.95,86.0,86.0,83.5
397,2023-02-22 00:00:00,105.2,108.0,108.5,104.8
398,2022-07-29 00:00:00,87.7,86.4,88.25,85.6
399,2023-03-01 00:00:00,100.6,97.6,101.8,96.65
400,2022-08-19 00:00:00,91.45,94.3,95.0,91.05
401,2022-09-09 00:00:00,101.9,104.0,104.25,101.6
402,2023-03-24 00:00:00,95.25,98.45,98.6,94.5
403,2023-07-04 00:00:00,110.15,109.95,112.2,109.7
404,2022-10-19 00:00:00,97.25,95.0,98.7,94.25
405,2023-07-06 00:00:00,118.1,117.0,119.45,116.0
406,2022-10-27 00:00:00,103.6,102.8,105.0,102.4
407,2022-10-31 00:00:00,101.9,104.05,104.3,101.2
408,2023-07-14 00:00:00,113.85,113.0,114.65,112.25
409,2023-07-20 00:00:00,113.85,114.2,114.8,113.3
410,2022-11-03 00:00:00,101.15,101.3,102.55,100.75
411,2023-08-03 00:00:00,111.85,112.8,113.1,110.25
412,2022-11-04 00:00:00,101.55,101.7,102.75,100.85
413,2022-11-16 00:00:00,100.3,101.85,102.45,99.6
414,2023-08-14 00:00:00,106.8,108.85,109.5,105.25
415,2022-12-05 00:00:00,123.8,124.25,125.9,122.4
416,2022-12-23 00:00:00,107.1,113.25,117.3,105.75
417,2023-01-24 00:00:00,122.3,123.65,124.3,121.8
418,2023-02-08 00:00:00,111.45,112.0,114.8,110.05
419,2023-02-17 00:00:00,111.15,112.0,113.8,110.35
420,2023-03-06 00:00:00,103.25,102.2,105.8,102.0
421,2023-03-23 00:00:00,98.15,98.15,99.9,97.9
422,2023-05-04 00:00:00,112.1,110.8,114.9,110.8
423,2023-05-10 00:00:00,105.5,105.5,105.9,102.9
424,2023-06-27 00:00:00,110.0,109.0,111.35,108.85
425,2023-06-30 00:00:00,109.05,110.7,111.3,108.75
426,2023-08-07 00:00:00,115.95,112.6,118.0,112.05
427,2021-06-21 00:00:00,81.95,81.2,82.85,80.8
428,2021-06-23 00:00:00,81.85,82.8,83.1,81.55
429,2021-07-16 00:00:00,83.8,85.0,86.2,83.35
430,2021-07-28 00:00:00,80.55,81.15,82.75,79.1
431,2021-08-11 00:00:00,74.5,75.25,75.6,71.3
432,2021-08-26 00:00:00,71.35,71.5,72.3,71.05
433,2021-08-30 00:00:00,73.1,73.75,73.75,72.8
434,2021-09-06 00:00:00,75.0,75.2,75.7,74.5
435,2021-09-07 00:00:00,73.75,75.0,75.2,73.55
436,2021-09-28 00:00:00,84.3,86.25,87.8,83.25
437,2021-10-21 00:00:00,82.55,80.5,83.1,80.05
438,2021-10-22 00:00:00,80.25,82.95,82.95,80.0
439,2021-12-02 00:00:00,73.2,73.3,73.65,72.45
440,2021-12-31 00:00:00,76.2,75.8,77.55,75.8
441,2022-01-04 00:00:00,77.95,77.25,79.2,76.35
442,2022-01-05 00:00:00,78.85,77.6,81.1,77.4
443,2022-03-21 00:00:00,81.75,79.95,84.0,79.45
444,2022-03-30 00:00:00,90.2,92.5,94.65,88.65
445,2022-04-01 00:00:00,94.6,88.5,96.35,88.25
446,2022-04-22 00:00:00,106.55,108.7,110.45,105.9
447,2022-04-26 00:00:00,101.15,100.85,102.9,99.8
448,2022-05-05 00:00:00,91.55,92.95,94.25,91.1
449,2022-05-16 00:00:00,83.8,82.5,84.65,81.0
450,2022-05-27 00:00:00,94.35,93.5,97.4,92.55
451,2022-06-01 00:00:00,95.3,95.45,97.15,93.7
452,2022-06-06 00:00:00,96.95,92.95,97.65,92.25
453,2022-06-09 00:00:00,91.05,92.65,93.75,90.9
454,2022-07-01 00:00:00,78.25,77.95,78.7,76.1
455,2022-07-06 00:00:00,80.2,79.3,80.7,78.0
456,2022-07-20 00:00:00,85.5,84.15,87.2,83.95
457,2022-07-22 00:00:00,87.1,86.5,88.45,86.1
458,2022-08-04 00:00:00,94.05,87.95,94.7,87.85
459,2022-09-12 00:00:00,102.8,102.25,103.7,101.8
460,2022-10-06 00:00:00,98.25,95.4,98.9,95.15
461,2022-10-18 00:00:00,95.05,93.4,95.4,92.55
462,2023-01-02 00:00:00,132.25,135.0,135.7,130.6
463,2023-01-04 00:00:00,134.85,131.2,140.25,130.95
464,2023-01-05 00:00:00,133.2,135.55,137.7,131.6
465,2023-01-31 00:00:00,120.85,113.75,122.4,113.7
466,2023-02-13 00:00:00,107.25,110.5,111.1,106.5
467,2023-02-20 00:00:00,109.3,111.2,112.0,108.5
468,2023-03-02 00:00:00,98.95,100.6,102.0,98.2
469,2023-04-10 00:00:00,100.0,100.1,102.2,99.35
470,2023-04-19 00:00:00,103.25,102.85,105.65,102.4
471,2023-05-23 00:00:00,103.85,104.5,106.2,103.2
472,2023-06-13 00:00:00,108.3,107.85,109.8,107.25
473,2023-06-15 00:00:00,109.4,110.5,112.15,108.85
474,2023-06-19 00:00:00,108.6,110.0,110.85,107.7
475,2023-07-13 00:00:00,112.4,115.45,117.65,111.0
476,2021-06-22 00:00:00,82.35,82.15,84.15,82.15
477,2021-08-16 00:00:00,75.4,75.8,78.8,74.1
478,2021-09-01 00:00:00,72.95,72.3,74.1,71.45
479,2021-11-11 00:00:00,79.35,80.2,80.3,79.0
480,2021-11-16 00:00:00,79.0,78.8,80.1,78.55
481,2021-11-17 00:00:00,77.95,78.4,79.25,77.8
482,2021-12-17 00:00:00,76.8,78.55,79.4,76.3
483,2022-01-20 00:00:00,84.65,85.75,86.2,84.05
484,2022-01-28 00:00:00,78.55,78.9,80.45,78.25
485,2022-03-11 00:00:00,80.6,75.55,81.9,75.05
486,2022-04-11 00:00:00,105.2,104.7,107.7,104.25
487,2022-05-06 00:00:00,90.8,89.9,91.8,87.75
488,2022-05-09 00:00:00,89.7,90.0,92.4,88.35
489,2022-06-10 00:00:00,90.05,89.9,91.0,89.1
490,2022-06-23 00:00:00,75.75,76.0,77.0,74.75
491,2022-06-28 00:00:00,79.05,79.95,79.95,78.5
492,2022-08-30 00:00:00,99.2,102.9,104.0,98.45
493,2022-09-20 00:00:00,105.3,105.25,106.8,104.65
494,2022-09-21 00:00:00,102.85,105.8,106.75,102.3
495,2022-11-23 00:00:00,116.3,104.3,119.2,104.2
496,2022-12-21 00:00:00,123.95,132.75,135.8,121.3
497,2023-01-17 00:00:00,126.0,123.0,127.5,120.1
498,2023-05-18 00:00:00,105.15,107.7,109.2,104.75
499,2023-06-05 00:00:00,105.65,103.55,106.5,103.4
500,2023-07-24 00:00:00,113.15,113.9,114.4,112.8
501,2023-08-22 00:00:00,111.55,109.0,112.75,108.85
502,2021-07-23 00:00:00,80.0,80.9,81.05,79.35
503,2021-06-29 00:00:00,82.2,81.15,83.6,81.05
504,2021-07-26 00:00:00,82.05,80.05,83.5,79.7
505,2021-10-07 00:00:00,82.65,83.2,83.9,82.4
506,2022-01-25 00:00:00,78.45,75.3,78.9,74.15
507,2022-01-27 00:00:00,78.2,77.4,79.0,76.7
508,2022-02-23 00:00:00,73.0,70.5,73.45,70.15
509,2022-04-25 00:00:00,99.65,104.2,104.4,99.0
510,2022-04-27 00:00:00,102.1,100.45,104.7,98.6
511,2022-05-19 00:00:00,96.7,91.5,100.65,91.0
512,2022-06-13 00:00:00,84.8,87.8,87.95,84.15
513,2022-07-14 00:00:00,81.25,83.25,83.3,80.5
514,2022-08-03 00:00:00,87.5,88.8,89.2,87.0
515,2022-08-08 00:00:00,95.0,96.5,96.6,93.6
516,2022-08-11 00:00:00,94.0,94.0,96.2,90.65
517,2022-09-01 00:00:00,100.25,98.35,101.9,98.2
518,2022-09-13 00:00:00,102.85,103.25,105.2,102.35
519,2022-09-28 00:00:00,91.5,93.95,93.95,90.5
520,2022-10-11 00:00:00,96.15,98.4,99.9,95.35
521,2022-10-14 00:00:00,93.15,93.8,94.65,92.9
522,2022-11-02 00:00:00,101.7,102.0,104.7,101.45
523,2022-11-22 00:00:00,104.3,104.0,105.45,102.4
524,2022-12-13 00:00:00,133.65,136.75,138.2,132.55
525,2023-01-12 00:00:00,124.75,124.75,127.0,122.75
526,2023-02-03 00:00:00,112.75,115.9,117.2,108.4
527,2023-03-27 00:00:00,92.15,95.85,95.85,91.1
528,2023-04-21 00:00:00,103.7,102.6,105.3,101.7
529,2023-04-24 00:00:00,104.65,103.7,105.2,102.65
530,2023-06-06 00:00:00,108.35,106.35,108.8,105.6
531,2023-07-28 00:00:00,114.65,115.1,115.4,114.1
532,2023-08-01 00:00:00,116.55,115.25,117.75,115.25
533,2023-08-02 00:00:00,112.35,117.0,117.4,110.95
534,2021-08-06 00:00:00,82.05,80.9,84.5,80.8
535,2021-08-13 00:00:00,76.25,76.65,77.9,75.9
536,2021-08-27 00:00:00,72.35,71.3,73.2,71.1
537,2021-09-08 00:00:00,73.6,73.8,74.35,73.1
538,2021-09-24 00:00:00,82.5,74.45,87.0,74.1
539,2021-10-04 00:00:00,82.6,81.4,84.7,81.1
540,2022-02-03 00:00:00,77.45,77.95,78.6,77.3
541,2022-02-15 00:00:00,75.7,75.0,76.0,72.5
542,2022-02-28 00:00:00,71.05,68.0,71.4,68.0
543,2022-03-15 00:00:00,79.7,81.7,81.85,78.7
544,2022-08-01 00:00:00,90.5,87.95,91.1,86.7
545,2022-10-10 00:00:00,97.65,98.0,98.3,97.1
546,2022-11-11 00:00:00,101.5,103.7,103.8,100.25
547,2022-11-14 00:00:00,103.05,102.5,104.0,102.1
548,2022-11-15 00:00:00,101.95,103.4,103.4,101.4
549,2022-12-06 00:00:00,128.2,124.05,132.25,121.2
550,2022-12-22 00:00:00,114.75,125.0,126.4,113.7
551,2023-01-19 00:00:00,125.5,125.85,128.15,124.75
552,2023-03-15 00:00:00,98.4,100.0,101.35,97.5
553,2023-03-16 00:00:00,97.85,98.0,99.2,97.1
554,2023-03-31 00:00:00,95.35,96.7,97.7,94.7
555,2023-06-09 00:00:00,106.7,108.7,108.85,106.0
556,2023-07-21 00:00:00,113.45,113.8,114.4,112.7
557,2023-08-16 00:00:00,107.9,106.7,109.5,106.2
558,2023-08-21 00:00:00,108.6,109.5,109.95,108.3
559,2021-08-09 00:00:00,81.0,82.1,82.7,80.7
560,2021-07-02 00:00:00,84.1,85.9,86.65,83.8
561,2021-07-19 00:00:00,82.85,83.15,83.9,82.45
562,2021-08-10 00:00:00,74.9,81.0,81.25,74.35
563,2021-07-29 00:00:00,80.75,81.15,81.4,80.55
564,2021-10-05 00:00:00,83.6,82.8,84.75,82.45
565,2021-07-30 00:00:00,84.1,81.0,87.9,80.7
566,2021-10-25 00:00:00,78.0,80.85,80.85,77.1
567,2021-08-04 00:00:00,82.2,84.8,85.3,82.0
568,2021-12-22 00:00:00,73.3,72.9,73.8,72.75
569,2021-09-02 00:00:00,75.4,72.9,76.75,72.7
570,2022-02-04 00:00:00,77.1,78.75,78.9,76.9
571,2022-02-21 00:00:00,71.4,73.55,73.65,71.0
572,2021-11-30 00:00:00,69.85,70.6,71.9,69.35
573,2021-12-27 00:00:00,72.55,72.4,73.25,71.75
574,2022-03-02 00:00:00,72.35,70.4,72.7,69.95
575,2022-02-01 00:00:00,77.5,80.3,81.75,76.4
576,2022-04-04 00:00:00,101.25,96.4,102.5,96.0
577,2022-02-22 00:00:00,70.0,70.0,70.65,67.0
578,2022-03-07 00:00:00,70.45,70.95,71.8,69.55
579,2022-04-19 00:00:00,104.95,109.4,112.65,102.55
580,2022-03-14 00:00:00,81.25,81.6,84.4,80.55
581,2022-05-23 00:00:00,99.3,101.95,102.25,98.2
582,2022-03-28 00:00:00,81.15,81.7,82.25,78.75
583,2022-04-28 00:00:00,102.2,103.0,104.45,101.0
584,2022-07-12 00:00:00,83.45,83.0,84.8,83.0
585,2022-08-12 00:00:00,94.2,93.25,97.2,92.5
586,2022-08-23 00:00:00,89.9,88.2,90.9,87.7
587,2022-05-12 00:00:00,82.0,84.8,85.3,81.3
588,2022-10-20 00:00:00,98.95,96.05,99.35,96.05
589,2022-06-17 00:00:00,78.2,80.4,80.5,77.8
590,2022-11-10 00:00:00,102.55,104.0,105.35,101.7
591,2022-11-25 00:00:00,119.5,121.45,121.7,118.55
592,2022-07-18 00:00:00,83.55,82.9,84.3,82.5
593,2022-09-02 00:00:00,99.2,101.15,101.7,99.0
594,2022-12-02 00:00:00,123.6,120.2,125.65,120.05
595,2022-10-17 00:00:00,92.65,92.7,94.95,92.05
596,2022-12-16 00:00:00,138.35,140.1,144.4,136.5
597,2022-10-25 00:00:00,101.9,99.45,103.65,98.75
598,2023-02-16 00:00:00,112.85,114.5,114.75,112.45
599,2023-03-03 00:00:00,101.65,99.45,102.75,99.35
600,2022-12-07 00:00:00,135.7,128.6,138.2,126.25
601,2023-01-11 00:00:00,124.2,125.25,128.2,123.0
602,2023-01-25 00:00:00,118.8,121.9,122.15,118.1
603,2023-06-12 00:00:00,107.55,106.8,107.8,105.8
604,2023-02-02 00:00:00,115.25,113.6,117.2,113.25
605,2023-06-28 00:00:00,110.2,110.5,111.0,109.5
606,2023-02-14 00:00:00,112.4,108.0,116.3,105.6
607,2023-07-05 00:00:00,116.25,110.45,117.25,109.8
608,2023-02-24 00:00:00,100.45,102.1,103.65,99.5
609,2023-07-11 00:00:00,116.85,117.7,119.25,116.35
610,2023-03-14 00:00:00,99.0,99.3,99.5,97.1
611,2023-07-17 00:00:00,114.2,114.25,115.3,113.75
612,2023-03-17 00:00:00,98.9,98.5,99.8,98.0
613,2023-07-19 00:00:00,114.2,113.3,116.2,113.25
614,2023-04-18 00:00:00,102.85,106.25,106.7,102.5
615,2023-08-08 00:00:00,116.0,116.45,119.3,115.5
616,2023-05-17 00:00:00,107.15,105.75,108.2,104.45
617,2023-08-11 00:00:00,112.85,114.5,115.3,112.55
618,2023-06-02 00:00:00,103.0,102.75,103.8,102.65
619,2023-07-03 00:00:00,109.75,109.5,111.1,108.8
620,2023-07-25 00:00:00,112.2,113.65,114.25,112.0
621,2023-08-04 00:00:00,112.75,112.4,113.6,112.0
622,2021-07-05 00:00:00,83.35,84.25,84.5,83.15
623,2021-09-13 00:00:00,73.7,73.85,74.5,73.0
624,2021-09-22 00:00:00,74.1,74.2,75.3,73.75
625,2021-09-30 00:00:00,82.7,84.05,84.4,82.3
626,2021-10-11 00:00:00,82.3,83.85,84.0,82.05
627,2021-10-14 00:00:00,82.9,83.4,84.8,82.7
628,2021-11-25 00:00:00,75.8,74.6,76.75,74.4
629,2021-12-16 00:00:00,79.8,78.05,81.6,76.05
630,2022-01-06 00:00:00,78.4,78.05,78.95,77.45
631,2022-02-16 00:00:00,75.65,76.3,77.5,73.5
632,2022-03-24 00:00:00,82.05,83.0,83.75,81.65
633,2022-03-29 00:00:00,91.7,81.3,93.7,81.3
634,2022-05-02 00:00:00,95.65,98.5,99.2,94.75
635,2022-06-24 00:00:00,78.2,76.45,78.7,76.25
636,2022-07-08 00:00:00,81.25,82.05,82.45,80.7
637,2022-08-02 00:00:00,88.85,89.8,90.15,88.25
638,2022-08-10 00:00:00,93.95,95.0,99.6,92.75
639,2022-08-22 00:00:00,88.75,91.4,91.5,88.2
640,2022-09-22 00:00:00,103.8,102.75,104.7,102.45
641,2022-09-30 00:00:00,94.0,92.1,94.6,91.5
642,2022-10-12 00:00:00,94.75,96.5,97.2,93.3
643,2022-11-29 00:00:00,122.95,124.0,126.4,121.15
644,2022-12-15 00:00:00,140.9,132.0,144.85,131.8
645,2023-01-20 00:00:00,123.45,125.0,127.1,123.0
646,2023-02-28 00:00:00,97.5,97.2,99.45,97.1
647,2023-03-21 00:00:00,97.5,97.5,98.15,96.8
648,2023-04-03 00:00:00,97.8,95.95,98.95,95.35
649,2023-04-17 00:00:00,106.15,107.2,108.6,105.6
650,2023-05-12 00:00:00,106.85,108.0,108.25,106.25
651,2023-05-15 00:00:00,105.15,106.8,107.0,104.5
652,2023-06-01 00:00:00,102.6,102.95,103.7,102.3
653,2023-06-20 00:00:00,111.35,108.85,113.7,107.9
654,2023-08-17 00:00:00,111.2,108.05,113.65,108.0
