,time,close,open,high,low
0,2021-01-22 00:00:00,166.7,166.1,169.9,163.15
1,2021-03-10 00:00:00,204.65,185.0,215.95,182.1
2,2021-03-16 00:00:00,194.95,193.95,201.7,192.4
3,2021-04-06 00:00:00,193.1,187.4,194.85,186.2
4,2021-05-25 00:00:00,233.65,239.0,239.45,233.0
5,2021-06-30 00:00:00,270.25,270.0,277.0,269.05
6,2021-01-01 00:00:00,172.8,172.65,176.0,172.15
7,2021-03-24 00:00:00,184.35,186.5,189.9,183.8
8,2021-03-26 00:00:00,186.15,185.1,189.0,184.05
9,2021-01-08 00:00:00,172.1,172.7,175.0,171.15
10,2021-03-31 00:00:00,186.5,188.5,188.8,185.55
11,2021-03-01 00:00:00,152.75,152.95,155.0,152.0
12,2021-04-22 00:00:00,192.9,195.4,197.4,192.0
13,2021-03-04 00:00:00,172.4,154.2,174.5,154.2
14,2021-05-10 00:00:00,184.05,186.7,187.45,183.4
15,2021-04-09 00:00:00,193.4,193.95,199.2,193.0
16,2021-05-18 00:00:00,217.8,234.0,237.7,215.65
17,2021-04-28 00:00:00,195.5,195.5,196.9,193.7
18,2021-05-27 00:00:00,229.75,232.0,236.0,226.35
19,2021-06-14 00:00:00,248.15,251.0,252.3,231.7
20,2021-06-02 00:00:00,228.15,222.0,231.0,221.2
21,2021-07-02 00:00:00,287.7,286.25,296.5,284.0
22,2021-06-11 00:00:00,247.25,252.9,255.45,244.65
23,2021-06-28 00:00:00,272.35,270.3,275.45,269.15
24,2021-07-06 00:00:00,291.75,298.25,303.45,289.9
25,2021-07-09 00:00:00,284.8,289.8,292.7,280.55
26,2021-07-23 00:00:00,291.75,295.95,299.9,290.2
27,2021-07-29 00:00:00,297.15,292.9,300.9,291.95
28,2021-02-08 00:00:00,155.3,156.2,159.75,154.5
29,2021-02-17 00:00:00,156.15,153.0,162.0,152.2
30,2021-02-18 00:00:00,154.2,157.3,157.4,153.35
31,2021-03-17 00:00:00,190.3,196.5,196.5,190.0
32,2021-05-05 00:00:00,182.65,182.1,184.95,182.0
33,2021-06-10 00:00:00,252.05,240.0,257.0,239.0
34,2021-06-18 00:00:00,242.7,249.5,252.1,234.0
35,2021-07-20 00:00:00,293.3,302.0,302.7,286.0
36,2021-01-18 00:00:00,163.75,169.95,169.95,162.25
37,2021-01-29 00:00:00,157.9,162.7,163.4,155.5
38,2021-04-15 00:00:00,190.5,187.15,191.75,184.4
39,2021-05-20 00:00:00,220.35,220.5,229.5,218.1
40,2021-06-09 00:00:00,237.55,237.7,245.0,236.55
41,2021-06-15 00:00:00,254.95,253.7,263.45,248.5
42,2021-01-05 00:00:00,171.85,169.8,175.9,168.35
43,2021-02-03 00:00:00,168.35,166.75,170.1,165.0
44,2021-02-05 00:00:00,155.65,160.0,160.75,155.3
45,2021-02-09 00:00:00,155.7,155.4,158.4,154.7
46,2021-01-25 00:00:00,163.0,167.5,168.95,161.85
47,2021-03-19 00:00:00,187.3,183.7,190.0,180.2
48,2021-02-01 00:00:00,162.5,158.2,163.6,156.0
49,2021-04-27 00:00:00,193.3,193.5,194.95,192.8
50,2021-05-03 00:00:00,184.4,183.5,185.8,182.05
51,2021-02-22 00:00:00,151.0,155.1,155.45,150.0
52,2021-02-24 00:00:00,152.8,152.35,153.65,151.4
53,2021-05-24 00:00:00,236.3,229.05,242.9,229.05
54,2021-04-08 00:00:00,194.05,202.9,202.9,193.4
55,2021-05-28 00:00:00,224.35,229.55,231.45,222.8
56,2021-04-16 00:00:00,192.65,190.5,197.7,190.1
57,2021-06-07 00:00:00,234.95,232.0,239.0,230.8
58,2021-05-04 00:00:00,182.0,183.9,184.5,181.05
59,2021-06-16 00:00:00,252.2,254.6,260.0,248.2
60,2021-06-23 00:00:00,269.1,281.0,281.1,267.2
61,2021-06-17 00:00:00,248.7,250.0,256.45,247.0
62,2021-06-29 00:00:00,269.85,272.4,278.0,268.15
63,2021-07-01 00:00:00,284.55,270.05,292.0,268.05
64,2021-07-08 00:00:00,287.8,291.0,295.5,284.1
65,2021-07-27 00:00:00,293.1,296.0,299.45,290.05
66,2021-07-16 00:00:00,308.55,309.95,316.0,307.05
67,2021-07-26 00:00:00,293.95,291.95,302.0,291.3
68,2021-01-06 00:00:00,171.15,172.0,177.3,168.8
69,2021-01-28 00:00:00,160.55,162.4,164.35,160.15
70,2021-02-04 00:00:00,158.0,162.0,162.0,155.25
71,2021-02-16 00:00:00,153.2,154.3,155.4,152.5
72,2021-03-02 00:00:00,156.9,153.95,159.5,153.5
73,2021-04-19 00:00:00,189.35,190.0,190.0,187.1
74,2021-06-03 00:00:00,227.7,227.9,230.9,227.25
75,2021-06-04 00:00:00,230.05,228.0,234.9,225.35
76,2021-06-21 00:00:00,269.5,242.7,272.8,239.25
77,2021-07-05 00:00:00,298.15,289.4,306.4,284.4
78,2021-01-04 00:00:00,172.55,173.15,175.45,169.65
79,2021-01-20 00:00:00,170.65,167.4,174.35,167.2
80,2021-01-07 00:00:00,171.3,172.05,175.4,170.5
81,2021-01-27 00:00:00,163.25,162.0,165.6,160.95
82,2021-01-11 00:00:00,168.9,173.0,173.9,168.3
83,2021-02-19 00:00:00,154.9,154.1,159.7,153.25
84,2021-01-12 00:00:00,168.7,169.8,172.5,168.0
85,2021-04-12 00:00:00,184.1,190.15,191.35,183.0
86,2021-01-21 00:00:00,165.9,171.55,172.5,164.4
87,2021-05-17 00:00:00,227.5,210.0,227.5,209.6
88,2021-02-23 00:00:00,152.4,151.75,154.5,150.5
89,2021-07-13 00:00:00,306.75,290.0,314.5,288.2
90,2021-02-26 00:00:00,152.35,154.0,155.65,151.8
91,2021-07-15 00:00:00,309.0,313.0,317.0,307.5
92,2021-04-23 00:00:00,193.45,193.9,195.0,192.5
93,2021-06-24 00:00:00,272.2,270.7,274.5,265.25
94,2021-06-25 00:00:00,267.9,272.0,273.95,265.1
95,2021-07-14 00:00:00,312.95,308.05,316.8,304.2
96,2021-01-13 00:00:00,167.85,169.5,171.3,165.8
97,2021-01-15 00:00:00,169.15,173.7,174.7,167.35
98,2021-01-19 00:00:00,167.2,166.0,169.95,165.0
99,2021-02-12 00:00:00,156.45,155.0,159.8,154.05
100,2021-02-15 00:00:00,154.4,157.65,157.65,154.0
101,2021-03-03 00:00:00,156.35,157.05,159.05,155.25
102,2021-03-08 00:00:00,185.6,179.9,193.0,175.0
103,2021-03-12 00:00:00,199.25,210.0,213.9,196.55
104,2021-03-15 00:00:00,194.65,199.9,201.2,192.9
105,2021-05-07 00:00:00,183.55,185.5,187.05,183.1
106,2021-05-26 00:00:00,231.5,233.0,238.0,230.5
107,2021-05-31 00:00:00,227.95,223.0,231.55,223.0
108,2021-02-11 00:00:00,154.3,153.8,155.85,153.35
109,2021-04-29 00:00:00,195.7,195.95,198.85,193.8
110,2021-05-14 00:00:00,189.6,189.0,193.5,186.0
111,2021-06-08 00:00:00,236.95,236.5,242.8,233.65
112,2021-07-12 00:00:00,287.65,288.0,296.35,286.0
113,2021-07-19 00:00:00,300.1,306.0,312.1,297.05
114,2021-03-09 00:00:00,183.1,186.6,189.45,181.1
115,2021-04-01 00:00:00,189.3,187.2,191.8,187.1
116,2021-04-20 00:00:00,190.55,191.0,192.5,188.1
117,2021-01-14 00:00:00,172.9,170.5,179.65,170.5
118,2021-02-02 00:00:00,165.15,164.4,166.6,161.35
119,2021-03-05 00:00:00,179.8,180.0,187.0,176.1
120,2021-03-22 00:00:00,187.7,187.25,192.55,184.2
121,2021-04-05 00:00:00,187.1,187.25,192.9,185.35
122,2021-04-26 00:00:00,193.75,195.0,195.5,192.9
123,2021-07-22 00:00:00,295.85,295.8,302.3,295.05
124,2021-02-10 00:00:00,153.25,156.25,156.5,152.45
125,2021-03-25 00:00:00,184.65,185.0,187.65,181.5
126,2021-03-30 00:00:00,187.2,185.2,195.0,185.2
127,2021-04-07 00:00:00,199.85,193.0,202.1,190.5
128,2021-04-13 00:00:00,186.95,186.85,188.85,184.9
129,2021-04-30 00:00:00,185.05,184.0,188.7,182.5
130,2021-05-06 00:00:00,186.1,182.3,188.35,181.95
131,2021-05-12 00:00:00,184.85,186.05,187.3,183.5
132,2021-05-19 00:00:00,222.6,215.0,226.8,214.2
133,2021-05-21 00:00:00,227.05,221.0,229.4,221.0
134,2021-06-22 00:00:00,276.85,272.0,287.65,270.25
135,2021-07-07 00:00:00,293.65,291.15,296.3,287.05
136,2021-07-28 00:00:00,293.5,293.7,297.35,289.25
137,2021-02-25 00:00:00,155.95,153.4,157.6,153.4
138,2021-03-18 00:00:00,183.8,191.0,194.4,180.05
139,2021-03-23 00:00:00,186.8,188.0,190.25,186.05
140,2021-05-11 00:00:00,186.4,183.0,188.4,182.5
141,2021-06-01 00:00:00,222.35,227.95,228.95,220.4
142,2021-07-30 00:00:00,303.1,297.4,312.5,296.3
143,2021-08-24 00:00:00,225.05,218.1,225.95,216.85
144,2021-08-10 00:00:00,228.65,246.95,252.7,224.55
145,2021-08-16 00:00:00,223.95,235.0,235.4,222.4
146,2021-08-31 00:00:00,219.9,225.8,226.0,219.1
147,2021-09-09 00:00:00,225.1,224.0,227.15,223.5
148,2021-09-20 00:00:00,226.9,229.0,234.4,226.3
149,2021-10-20 00:00:00,225.85,230.0,230.65,224.0
150,2021-10-27 00:00:00,229.6,238.7,238.7,228.65
151,2021-11-11 00:00:00,231.35,231.55,233.0,229.25
152,2021-11-22 00:00:00,218.4,223.05,225.9,217.5
153,2021-12-06 00:00:00,220.85,225.0,226.5,220.0
154,2022-01-21 00:00:00,226.25,228.4,231.95,223.9
155,2021-08-02 00:00:00,304.6,305.65,313.0,303.75
156,2021-10-06 00:00:00,233.9,239.8,240.35,232.85
157,2021-08-05 00:00:00,300.9,307.0,308.7,295.85
158,2021-09-08 00:00:00,225.0,225.0,228.95,224.0
159,2021-09-14 00:00:00,226.35,222.6,233.55,222.6
160,2021-09-27 00:00:00,230.8,233.55,235.3,230.5
161,2021-10-22 00:00:00,228.05,231.0,235.0,226.2
162,2021-11-17 00:00:00,226.7,228.05,230.35,226.15
163,2021-11-23 00:00:00,220.1,217.8,225.6,215.1
164,2021-12-01 00:00:00,216.3,216.65,220.7,214.45
165,2021-12-29 00:00:00,233.55,230.15,236.95,228.45
166,2022-01-13 00:00:00,238.1,236.0,239.0,235.3
167,2022-01-19 00:00:00,228.85,231.05,231.05,226.05
168,2022-02-02 00:00:00,213.55,210.0,215.2,209.45
169,2021-09-17 00:00:00,231.15,235.2,237.6,228.5
170,2021-09-30 00:00:00,236.3,230.95,241.2,230.75
171,2021-10-25 00:00:00,225.65,235.7,235.7,224.1
172,2021-10-26 00:00:00,236.8,237.6,244.9,231.8
173,2021-11-24 00:00:00,220.8,221.7,224.3,220.1
174,2021-12-27 00:00:00,226.85,229.9,230.75,224.6
175,2022-02-03 00:00:00,214.35,214.6,216.15,210.65
176,2021-09-03 00:00:00,231.1,221.75,233.75,221.75
177,2021-10-07 00:00:00,234.0,235.0,239.0,233.0
178,2021-11-16 00:00:00,226.9,229.1,232.95,226.2
179,2021-12-22 00:00:00,222.95,219.4,224.25,219.4
180,2022-01-17 00:00:00,235.35,239.8,239.9,234.85
181,2022-01-20 00:00:00,227.45,228.5,229.8,226.45
182,2022-02-01 00:00:00,208.95,209.1,210.7,205.05
183,2021-12-21 00:00:00,218.5,223.95,223.95,217.55
184,2021-08-26 00:00:00,219.6,223.15,224.0,218.25
185,2022-01-05 00:00:00,244.45,238.9,246.05,235.6
186,2021-08-27 00:00:00,219.85,220.0,223.45,216.5
187,2022-01-14 00:00:00,238.2,237.0,242.0,236.3
188,2021-09-15 00:00:00,235.1,226.0,240.0,225.25
189,2022-01-18 00:00:00,231.1,236.2,237.95,229.7
190,2022-01-27 00:00:00,211.4,206.85,213.45,200.4
191,2021-10-11 00:00:00,235.35,233.8,240.0,233.45
192,2021-11-26 00:00:00,218.6,225.0,225.0,218.1
193,2021-12-08 00:00:00,230.05,225.5,234.0,225.5
194,2021-12-17 00:00:00,229.75,237.5,242.15,227.1
195,2021-12-30 00:00:00,247.15,232.75,250.0,230.05
196,2021-08-13 00:00:00,234.45,236.6,240.8,231.35
197,2021-08-09 00:00:00,246.35,256.15,265.0,243.1
198,2021-08-03 00:00:00,305.5,306.15,318.9,302.55
199,2021-09-02 00:00:00,221.75,219.9,224.55,219.3
200,2021-09-06 00:00:00,228.05,232.7,233.65,227.0
201,2021-08-11 00:00:00,224.6,231.75,232.9,216.2
202,2021-08-25 00:00:00,221.65,227.85,227.85,220.35
203,2021-09-13 00:00:00,223.0,225.1,226.1,222.1
204,2021-09-28 00:00:00,229.75,231.3,232.0,227.25
205,2021-10-21 00:00:00,229.9,227.2,231.95,223.85
206,2021-10-29 00:00:00,221.8,225.8,229.0,221.05
207,2021-11-30 00:00:00,215.5,214.0,228.7,213.95
208,2021-12-03 00:00:00,224.5,227.0,229.9,223.5
209,2022-01-12 00:00:00,235.2,236.0,239.4,233.05
210,2021-08-17 00:00:00,218.7,220.2,227.5,217.25
211,2021-10-05 00:00:00,237.95,238.65,241.85,235.2
212,2021-10-13 00:00:00,232.95,235.9,237.5,231.35
213,2021-10-19 00:00:00,228.75,234.0,236.65,225.0
214,2021-10-28 00:00:00,225.65,229.0,230.7,225.0
215,2021-11-09 00:00:00,230.55,229.35,234.15,229.35
216,2021-12-14 00:00:00,231.05,230.85,234.8,229.75
217,2021-12-15 00:00:00,234.8,232.7,239.0,231.8
218,2021-12-16 00:00:00,238.0,236.1,241.65,234.85
219,2021-12-31 00:00:00,247.6,254.0,257.0,246.2
220,2022-01-11 00:00:00,234.35,238.7,243.65,230.5
221,2022-01-24 00:00:00,218.2,227.4,227.4,213.45
222,2021-08-12 00:00:00,235.2,226.0,238.0,226.0
223,2021-09-23 00:00:00,235.35,241.0,242.0,234.35
224,2021-08-20 00:00:00,217.25,221.0,225.0,215.2
225,2021-09-24 00:00:00,233.8,238.7,240.85,232.1
226,2021-09-22 00:00:00,237.55,224.9,244.0,224.9
227,2021-09-29 00:00:00,230.5,226.2,232.0,226.0
228,2021-10-01 00:00:00,233.85,236.0,236.85,232.0
229,2021-10-08 00:00:00,234.25,234.4,238.0,233.05
230,2021-11-10 00:00:00,231.9,230.0,235.95,229.1
231,2021-11-29 00:00:00,213.05,220.95,220.95,210.05
232,2021-12-02 00:00:00,224.85,217.4,226.6,216.6
233,2021-12-23 00:00:00,225.0,224.1,228.9,221.25
234,2021-12-10 00:00:00,230.2,231.9,236.0,229.2
235,2022-01-28 00:00:00,209.25,212.4,216.0,206.9
236,2021-12-13 00:00:00,229.7,230.5,240.95,228.2
237,2022-01-31 00:00:00,207.95,208.2,212.4,206.25
238,2022-01-10 00:00:00,240.55,240.4,244.35,239.5
239,2021-08-18 00:00:00,223.65,219.95,225.8,218.2
240,2021-08-30 00:00:00,224.05,220.1,227.1,220.1
241,2021-09-01 00:00:00,219.25,223.0,223.05,218.25
242,2021-11-04 00:00:00,231.3,231.2,231.9,230.05
243,2021-11-12 00:00:00,230.45,229.6,232.75,228.0
244,2021-12-09 00:00:00,230.9,230.25,235.5,230.1
245,2021-12-24 00:00:00,228.3,226.95,229.6,224.0
246,2022-01-03 00:00:00,244.2,248.8,251.0,243.6
247,2021-10-12 00:00:00,235.6,235.8,238.0,233.6
248,2021-11-02 00:00:00,235.7,227.25,238.65,225.85
249,2022-01-06 00:00:00,241.8,244.0,250.0,238.0
250,2022-01-25 00:00:00,207.85,200.1,209.4,193.9
251,2021-09-07 00:00:00,225.2,228.0,229.2,224.05
252,2021-08-04 00:00:00,305.85,309.5,316.0,302.2
253,2021-08-23 00:00:00,216.4,220.25,226.0,214.0
254,2021-12-07 00:00:00,225.05,222.0,227.5,221.2
255,2021-10-04 00:00:00,237.75,234.0,243.0,234.0
256,2021-12-20 00:00:00,217.5,228.75,228.75,212.65
257,2021-11-01 00:00:00,226.1,222.95,227.5,222.1
258,2021-11-08 00:00:00,231.85,233.1,234.45,228.2
259,2022-01-04 00:00:00,238.4,245.4,245.4,237.5
260,2021-08-06 00:00:00,299.4,301.95,306.5,298.1
261,2021-09-16 00:00:00,235.65,234.95,241.4,231.6
262,2021-09-21 00:00:00,224.55,226.9,228.0,222.4
263,2021-10-18 00:00:00,232.1,236.0,237.1,231.0
264,2021-11-03 00:00:00,229.6,237.0,237.0,228.55
265,2021-11-15 00:00:00,228.0,231.65,231.65,225.45
266,2021-11-18 00:00:00,221.9,227.85,227.85,221.15
267,2021-11-25 00:00:00,227.0,222.7,229.5,220.3
268,2021-10-14 00:00:00,235.6,234.9,239.7,234.0
269,2021-12-28 00:00:00,230.45,228.25,232.0,227.8
270,2022-01-07 00:00:00,239.2,242.2,244.9,238.0
271,2022-04-01 00:00:00,186.65,177.7,188.9,177.7
272,2022-02-15 00:00:00,197.55,196.0,199.95,187.85
273,2022-02-23 00:00:00,188.55,188.85,191.95,188.0
274,2022-02-04 00:00:00,210.3,215.45,215.45,209.3
275,2022-04-26 00:00:00,191.55,192.85,192.85,189.0
276,2022-03-29 00:00:00,176.95,179.0,181.6,175.95
277,2022-04-04 00:00:00,190.5,186.65,191.25,185.25
278,2022-04-22 00:00:00,192.0,193.2,196.75,191.0
279,2022-05-30 00:00:00,171.6,169.0,172.6,168.5
280,2022-06-02 00:00:00,172.1,171.35,172.9,165.6
281,2022-06-13 00:00:00,159.25,161.0,162.25,157.35
282,2022-06-16 00:00:00,155.85,161.5,164.95,153.5
283,2022-06-20 00:00:00,144.65,152.0,153.1,142.0
284,2022-07-25 00:00:00,210.25,212.55,213.9,209.05
285,2022-08-10 00:00:00,209.25,210.8,210.95,208.0
286,2022-09-13 00:00:00,208.65,209.9,211.5,207.05
287,2022-10-07 00:00:00,206.95,207.0,207.95,205.2
288,2022-10-24 00:00:00,198.05,194.1,199.0,194.1
289,2022-11-24 00:00:00,177.6,178.05,179.8,176.25
290,2022-12-01 00:00:00,179.65,181.2,181.95,178.6
291,2023-01-04 00:00:00,171.2,173.65,174.0,170.5
292,2023-01-16 00:00:00,175.9,177.95,178.1,175.45
293,2023-02-07 00:00:00,155.6,159.4,159.4,155.1
294,2023-02-23 00:00:00,148.85,150.1,150.85,148.55
295,2023-03-14 00:00:00,143.15,144.4,145.15,142.0
296,2023-04-10 00:00:00,145.9,147.2,148.35,145.1
297,2023-04-12 00:00:00,148.05,147.45,149.7,146.3
298,2023-05-30 00:00:00,139.75,140.7,141.75,139.05
299,2023-06-06 00:00:00,159.8,147.3,161.95,146.7
300,2023-06-12 00:00:00,168.65,167.0,172.2,165.05
301,2023-07-04 00:00:00,162.75,159.0,169.2,159.0
302,2023-07-19 00:00:00,169.25,167.85,170.5,167.05
303,2023-08-17 00:00:00,182.6,186.6,188.3,181.55
304,2022-03-02 00:00:00,180.8,175.9,182.95,175.6
305,2022-04-05 00:00:00,193.55,190.0,196.0,189.5
306,2022-04-28 00:00:00,187.15,189.85,190.0,186.0
307,2022-05-20 00:00:00,180.7,178.0,182.6,178.0
308,2022-06-07 00:00:00,170.05,170.8,171.2,168.65
309,2022-06-10 00:00:00,165.55,165.3,167.35,164.9
310,2022-06-23 00:00:00,151.05,149.5,151.9,148.2
311,2022-08-30 00:00:00,215.55,217.8,221.0,215.05
312,2022-09-02 00:00:00,215.9,214.5,218.0,213.3
313,2022-10-10 00:00:00,206.55,207.8,207.8,205.05
314,2022-10-25 00:00:00,192.25,199.05,200.95,191.1
315,2022-11-30 00:00:00,180.25,179.1,181.65,179.0
316,2022-12-07 00:00:00,180.25,181.2,181.35,179.1
317,2023-02-06 00:00:00,158.6,160.4,161.0,158.0
318,2023-02-08 00:00:00,157.0,156.4,158.45,155.95
319,2023-03-24 00:00:00,138.8,141.6,141.9,138.1
320,2023-04-21 00:00:00,138.8,139.4,140.25,134.2
321,2023-06-15 00:00:00,163.45,166.45,167.25,161.9
322,2023-06-16 00:00:00,162.4,163.55,165.5,161.6
323,2023-07-27 00:00:00,162.25,161.8,163.15,159.5
324,2023-08-02 00:00:00,155.7,158.1,159.8,154.6
325,2022-03-09 00:00:00,183.85,180.6,186.55,180.1
326,2022-04-06 00:00:00,194.5,192.0,197.4,191.05
327,2022-04-07 00:00:00,198.6,194.0,204.5,193.35
328,2022-04-18 00:00:00,193.7,196.1,196.1,192.4
329,2022-04-25 00:00:00,190.0,189.9,190.55,188.3
330,2022-06-28 00:00:00,162.3,157.05,164.0,155.05
331,2022-08-04 00:00:00,209.2,208.0,211.7,206.0
332,2022-08-22 00:00:00,206.1,210.0,210.0,205.55
333,2022-08-26 00:00:00,214.05,213.4,219.45,212.0
334,2022-08-29 00:00:00,215.85,213.8,217.75,209.35
335,2022-09-27 00:00:00,198.6,194.9,201.0,189.1
336,2022-09-28 00:00:00,203.6,200.0,206.9,198.0
337,2022-11-11 00:00:00,182.4,184.0,185.5,181.9
338,2022-11-21 00:00:00,177.05,178.05,179.4,176.6
339,2022-12-26 00:00:00,171.7,166.0,174.4,165.15
340,2023-01-13 00:00:00,177.75,178.3,179.0,176.15
341,2023-01-27 00:00:00,163.3,168.05,169.45,162.0
342,2023-01-31 00:00:00,165.05,164.45,165.95,162.3
343,2023-02-09 00:00:00,156.25,157.0,158.3,155.05
344,2023-03-03 00:00:00,148.6,148.4,150.0,148.1
345,2023-04-06 00:00:00,146.45,148.25,149.0,145.35
346,2023-05-08 00:00:00,138.55,140.5,141.65,137.35
347,2023-05-15 00:00:00,140.5,141.2,144.1,139.1
348,2023-06-22 00:00:00,164.6,162.95,169.7,160.95
349,2023-06-26 00:00:00,158.8,156.0,159.7,156.0
350,2023-07-13 00:00:00,164.75,164.0,169.65,162.9
351,2023-07-17 00:00:00,167.7,166.1,172.9,166.05
352,2022-03-17 00:00:00,187.1,184.45,188.65,184.45
353,2022-03-31 00:00:00,177.5,181.2,181.95,177.0
354,2022-04-12 00:00:00,197.4,201.3,202.1,194.85
355,2022-05-04 00:00:00,178.7,184.0,186.1,176.85
356,2022-05-12 00:00:00,171.6,175.0,175.1,170.0
357,2022-07-20 00:00:00,199.8,204.2,205.35,197.1
358,2022-10-11 00:00:00,206.75,206.55,209.0,206.05
359,2022-10-21 00:00:00,197.5,200.15,201.9,197.0
360,2022-11-03 00:00:00,184.15,184.8,186.05,183.2
361,2022-11-17 00:00:00,179.6,180.35,183.0,179.0
362,2022-11-25 00:00:00,183.0,177.85,186.0,176.95
363,2022-12-22 00:00:00,172.7,177.0,178.15,171.0
364,2023-05-26 00:00:00,139.4,138.9,140.75,138.35
365,2023-06-02 00:00:00,144.8,143.0,148.8,142.85
366,2023-06-14 00:00:00,166.45,166.55,170.6,165.15
367,2023-07-05 00:00:00,169.9,163.4,175.65,161.4
368,2023-07-07 00:00:00,169.45,170.65,172.1,167.05
369,2023-08-07 00:00:00,187.1,196.35,199.6,185.5
370,2022-02-28 00:00:00,180.2,179.2,181.5,172.45
371,2022-03-03 00:00:00,180.2,181.75,184.5,179.0
372,2022-03-11 00:00:00,183.6,187.35,188.0,181.3
373,2022-04-20 00:00:00,195.9,190.3,197.0,189.05
374,2022-05-05 00:00:00,178.25,183.8,184.0,176.25
375,2022-05-13 00:00:00,176.6,172.5,182.95,172.1
376,2022-05-16 00:00:00,176.15,177.0,181.95,172.0
377,2022-05-26 00:00:00,166.15,170.85,173.3,160.6
378,2022-06-21 00:00:00,154.2,145.4,162.0,141.0
379,2022-08-25 00:00:00,212.0,212.25,213.7,211.1
380,2022-09-06 00:00:00,217.35,217.3,219.0,216.25
381,2022-11-01 00:00:00,187.7,188.75,190.0,187.3
382,2022-11-10 00:00:00,183.05,188.2,188.3,181.9
383,2022-12-20 00:00:00,180.95,183.0,183.35,180.0
384,2022-12-30 00:00:00,174.9,180.1,180.9,174.0
385,2023-01-11 00:00:00,183.4,172.8,185.5,171.35
386,2023-01-12 00:00:00,177.45,184.85,184.85,175.2
387,2023-03-02 00:00:00,149.35,150.85,151.75,147.85
388,2023-03-23 00:00:00,141.35,142.0,143.55,140.9
389,2023-05-25 00:00:00,138.9,139.95,140.15,138.1
390,2023-06-23 00:00:00,160.4,165.4,165.4,160.0
391,2023-06-27 00:00:00,158.3,159.7,161.8,157.0
392,2023-08-14 00:00:00,187.9,189.0,189.5,182.75
393,2023-08-18 00:00:00,184.1,182.6,189.55,180.1
394,2022-04-29 00:00:00,188.3,188.1,192.0,186.6
395,2022-05-02 00:00:00,183.9,186.6,186.6,182.5
396,2022-06-17 00:00:00,152.3,150.1,156.75,150.1
397,2022-06-29 00:00:00,159.8,160.85,162.4,159.1
398,2022-07-05 00:00:00,158.35,155.05,162.0,155.05
399,2022-07-06 00:00:00,157.25,159.15,161.0,156.35
400,2022-07-12 00:00:00,166.6,163.0,169.4,161.65
401,2022-07-14 00:00:00,166.45,168.2,168.75,165.0
402,2022-08-03 00:00:00,207.35,206.6,208.3,204.5
403,2022-09-01 00:00:00,213.4,216.6,219.0,212.25
404,2022-10-31 00:00:00,188.5,189.25,189.85,187.0
405,2022-11-15 00:00:00,181.5,184.0,184.3,180.1
406,2022-11-16 00:00:00,180.45,181.3,182.8,180.0
407,2022-11-22 00:00:00,178.2,177.4,180.25,177.4
408,2022-11-23 00:00:00,177.6,179.0,179.1,177.0
409,2022-12-02 00:00:00,181.7,180.55,182.5,179.3
410,2022-12-09 00:00:00,180.1,181.3,181.9,179.1
411,2023-01-05 00:00:00,171.3,172.1,172.9,170.95
412,2023-01-23 00:00:00,182.85,179.2,187.0,176.5
413,2023-02-17 00:00:00,153.6,155.2,156.6,153.45
414,2023-02-22 00:00:00,149.4,152.0,152.0,149.0
415,2023-04-05 00:00:00,147.5,140.45,149.05,139.5
416,2023-06-19 00:00:00,160.35,162.4,164.1,158.0
417,2023-06-30 00:00:00,159.4,160.05,163.2,159.05
418,2023-07-03 00:00:00,159.75,159.4,163.0,159.0
419,2023-07-06 00:00:00,172.35,172.1,177.0,171.55
420,2023-07-24 00:00:00,151.55,152.95,154.35,150.95
421,2022-03-30 00:00:00,181.0,177.85,183.7,177.85
422,2022-05-17 00:00:00,177.15,177.05,179.95,175.3
423,2022-05-18 00:00:00,180.3,178.0,183.4,177.75
424,2022-05-24 00:00:00,179.35,184.1,184.95,178.0
425,2022-05-31 00:00:00,169.45,172.45,173.2,168.65
426,2022-06-01 00:00:00,171.25,170.3,173.85,170.2
427,2022-07-01 00:00:00,157.5,158.2,158.7,156.1
428,2022-07-13 00:00:00,167.35,167.45,169.3,164.45
429,2022-07-18 00:00:00,200.0,190.0,200.0,186.2
430,2022-07-26 00:00:00,205.05,210.0,212.45,203.3
431,2022-08-12 00:00:00,210.2,209.0,213.7,208.25
432,2022-08-23 00:00:00,209.35,206.0,209.9,205.05
433,2022-09-20 00:00:00,195.65,198.0,199.7,195.2
434,2022-09-21 00:00:00,192.05,196.65,196.65,191.05
435,2022-09-29 00:00:00,197.8,205.0,206.85,195.55
436,2022-11-14 00:00:00,183.05,183.3,185.45,181.95
437,2022-11-29 00:00:00,178.55,180.0,181.75,177.1
438,2022-12-05 00:00:00,182.3,181.7,184.7,179.9
439,2022-12-13 00:00:00,186.1,180.0,190.0,179.95
440,2023-01-30 00:00:00,163.3,164.15,166.8,162.05
441,2023-02-28 00:00:00,145.6,146.8,147.65,145.0
442,2023-03-10 00:00:00,149.05,150.7,151.3,147.55
443,2023-03-28 00:00:00,129.85,134.4,135.2,129.0
444,2023-03-29 00:00:00,129.45,129.85,132.4,128.0
445,2023-04-13 00:00:00,150.8,148.55,151.5,148.4
446,2023-05-10 00:00:00,138.2,139.05,141.2,137.25
447,2023-05-17 00:00:00,139.9,141.0,142.2,139.5
448,2023-05-24 00:00:00,139.25,140.2,141.5,137.45
449,2022-02-25 00:00:00,179.15,179.95,195.5,177.35
450,2022-03-04 00:00:00,178.0,179.0,181.05,176.0
451,2022-03-21 00:00:00,184.75,187.8,188.8,183.55
452,2022-03-24 00:00:00,183.5,185.0,186.5,181.25
453,2022-03-25 00:00:00,182.15,186.25,186.25,181.5
454,2022-04-08 00:00:00,198.05,198.0,200.5,196.6
455,2022-06-06 00:00:00,170.0,172.9,173.5,168.65
456,2022-06-15 00:00:00,160.65,162.2,162.2,159.85
457,2022-06-30 00:00:00,158.45,157.0,160.95,157.0
458,2022-07-15 00:00:00,166.7,167.3,168.35,166.0
459,2022-08-08 00:00:00,211.05,212.0,214.2,210.0
460,2022-09-07 00:00:00,219.65,217.0,223.9,214.1
461,2022-10-17 00:00:00,197.55,197.2,201.0,195.25
462,2022-10-19 00:00:00,199.5,206.55,207.1,198.2
463,2022-11-18 00:00:00,177.95,180.45,180.45,177.1
464,2023-01-02 00:00:00,173.05,175.05,175.9,172.5
465,2023-01-17 00:00:00,177.85,175.0,178.8,174.4
466,2023-03-01 00:00:00,150.95,146.35,151.75,145.95
467,2023-04-20 00:00:00,139.25,141.2,141.6,138.1
468,2023-05-23 00:00:00,140.2,138.6,140.95,138.0
469,2023-06-05 00:00:00,147.3,145.55,148.4,144.75
470,2023-07-21 00:00:00,152.15,155.0,155.9,148.0
471,2023-07-25 00:00:00,152.45,152.55,153.6,151.9
472,2023-08-09 00:00:00,186.65,186.0,191.65,184.0
473,2023-08-10 00:00:00,191.95,187.0,192.75,183.3
474,2022-02-09 00:00:00,207.7,211.6,211.75,201.9
475,2022-02-14 00:00:00,195.7,199.0,202.0,194.05
476,2022-03-16 00:00:00,183.5,182.65,184.95,181.25
477,2022-04-27 00:00:00,188.9,192.0,192.0,187.0
478,2022-05-09 00:00:00,178.8,168.25,182.2,168.25
479,2022-05-11 00:00:00,175.65,175.7,181.4,173.0
480,2022-07-19 00:00:00,202.4,202.6,208.7,196.65
481,2022-07-28 00:00:00,205.1,203.8,207.9,203.55
482,2022-08-02 00:00:00,206.6,209.4,209.9,205.2
483,2022-09-15 00:00:00,205.05,206.0,207.8,203.5
484,2022-10-04 00:00:00,201.25,204.9,206.45,200.4
485,2022-10-13 00:00:00,206.6,206.45,208.9,201.2
486,2022-11-02 00:00:00,184.5,188.6,193.0,184.1
487,2022-12-08 00:00:00,180.35,180.0,181.25,179.25
488,2022-12-14 00:00:00,182.2,187.05,188.0,180.35
489,2022-12-23 00:00:00,166.05,171.95,172.05,165.05
490,2023-03-13 00:00:00,144.2,149.8,149.8,142.3
491,2023-03-21 00:00:00,141.95,141.2,143.65,139.5
492,2023-05-19 00:00:00,138.75,140.85,140.85,138.0
493,2023-06-01 00:00:00,143.3,141.75,146.0,141.0
494,2023-06-09 00:00:00,165.85,158.5,167.0,158.0
495,2023-06-20 00:00:00,161.75,160.05,163.35,159.25
496,2023-07-10 00:00:00,164.7,170.4,170.4,164.1
497,2023-07-12 00:00:00,164.1,164.95,165.55,163.25
498,2023-08-01 00:00:00,157.85,159.75,160.0,157.5
499,2022-02-18 00:00:00,195.8,197.4,198.7,195.0
500,2022-02-16 00:00:00,199.4,200.0,203.0,197.7
501,2022-05-10 00:00:00,174.8,179.1,183.0,173.75
502,2022-05-25 00:00:00,171.35,180.25,180.25,170.55
503,2022-08-05 00:00:00,208.8,211.0,211.0,208.05
504,2022-09-08 00:00:00,222.4,222.6,223.0,220.25
505,2022-11-04 00:00:00,182.1,186.0,186.0,181.3
506,2022-12-16 00:00:00,182.8,185.4,185.9,181.0
507,2022-12-21 00:00:00,176.1,181.0,183.55,175.0
508,2023-01-03 00:00:00,172.75,173.3,175.35,172.4
509,2023-01-06 00:00:00,170.05,171.6,173.0,169.0
510,2023-01-10 00:00:00,172.8,169.5,174.75,169.5
511,2023-01-25 00:00:00,167.3,171.0,174.0,166.05
512,2023-02-15 00:00:00,152.95,152.0,154.15,151.0
513,2023-03-08 00:00:00,150.05,151.55,151.55,149.05
514,2023-03-15 00:00:00,144.1,143.9,146.8,143.35
515,2023-05-05 00:00:00,140.45,139.1,146.3,138.7
516,2023-05-11 00:00:00,138.9,138.9,142.0,136.0
517,2023-05-16 00:00:00,140.9,140.5,142.3,140.1
518,2023-05-18 00:00:00,139.45,139.9,143.0,138.95
519,2023-05-29 00:00:00,140.0,140.1,143.95,139.6
520,2023-07-11 00:00:00,164.1,165.55,166.2,163.15
521,2023-07-14 00:00:00,166.1,165.6,168.7,161.55
522,2023-08-08 00:00:00,185.1,188.45,188.45,180.2
523,2023-08-11 00:00:00,189.9,191.0,195.35,188.75
524,2022-03-07 00:00:00,173.1,176.0,178.25,172.35
525,2022-03-28 00:00:00,178.55,183.1,183.1,177.05
526,2022-04-19 00:00:00,190.4,194.7,197.35,185.0
527,2022-04-21 00:00:00,193.75,194.0,197.65,192.5
528,2022-06-22 00:00:00,149.2,155.0,155.0,148.1
529,2022-06-24 00:00:00,153.8,151.85,154.8,151.0
530,2022-09-09 00:00:00,221.5,224.9,225.0,220.7
531,2022-09-26 00:00:00,187.9,189.8,189.95,186.2
532,2022-10-03 00:00:00,199.2,200.3,203.0,194.35
533,2022-10-28 00:00:00,187.4,193.0,193.0,186.6
534,2022-11-07 00:00:00,182.75,183.05,186.75,182.05
535,2022-12-15 00:00:00,185.4,183.0,187.4,182.25
536,2022-12-27 00:00:00,173.55,172.6,175.65,169.7
537,2023-01-24 00:00:00,181.95,184.0,185.5,180.75
538,2023-02-10 00:00:00,157.7,156.4,158.8,156.4
539,2023-03-20 00:00:00,140.45,140.0,143.2,138.05
540,2023-04-03 00:00:00,139.75,133.65,142.0,133.6
541,2023-05-22 00:00:00,137.9,141.0,141.0,137.3
542,2023-07-26 00:00:00,161.9,152.5,162.6,152.0
543,2023-07-31 00:00:00,158.95,160.1,160.7,158.75
544,2023-08-22 00:00:00,187.6,183.0,191.4,182.05
545,2023-08-23 00:00:00,192.4,188.05,196.9,188.05
546,2022-02-21 00:00:00,191.35,192.0,194.2,190.25
547,2022-02-22 00:00:00,187.9,188.0,191.25,186.7
548,2022-04-13 00:00:00,198.7,197.4,201.55,196.2
549,2022-05-19 00:00:00,177.1,178.0,178.0,175.65
550,2022-06-14 00:00:00,160.05,159.25,162.15,158.35
551,2022-07-04 00:00:00,154.25,157.0,159.5,152.85
552,2022-07-07 00:00:00,159.55,158.05,160.5,158.05
553,2022-08-16 00:00:00,212.7,211.1,215.0,211.1
554,2022-08-19 00:00:00,209.55,211.9,212.7,208.8
555,2022-08-24 00:00:00,211.15,209.9,211.4,209.4
556,2022-09-12 00:00:00,220.95,222.85,223.95,215.7
557,2022-09-22 00:00:00,192.7,191.0,194.45,190.25
558,2022-10-14 00:00:00,199.7,208.6,208.6,198.05
559,2022-10-27 00:00:00,194.45,191.2,194.9,189.2
560,2022-12-12 00:00:00,179.35,180.1,181.0,178.65
561,2022-12-28 00:00:00,175.75,172.15,178.0,157.95
562,2023-01-18 00:00:00,178.25,176.25,181.7,176.0
563,2023-01-20 00:00:00,178.3,179.1,181.5,176.95
564,2023-02-03 00:00:00,157.9,161.3,163.1,156.85
565,2023-02-27 00:00:00,146.15,149.1,149.15,145.05
566,2023-04-17 00:00:00,147.7,152.0,153.0,144.4
567,2023-04-18 00:00:00,142.0,125.0,147.0,125.0
568,2023-04-19 00:00:00,140.75,143.0,143.95,139.3
569,2023-04-26 00:00:00,134.55,135.65,136.6,133.9
570,2023-05-03 00:00:00,136.8,138.0,139.8,136.05
571,2023-06-13 00:00:00,164.9,169.0,170.45,164.6
572,2022-02-11 00:00:00,204.95,208.0,208.0,204.3
573,2022-04-11 00:00:00,201.35,198.0,203.9,197.3
574,2022-02-07 00:00:00,211.85,211.4,214.2,209.1
575,2022-02-08 00:00:00,209.4,212.8,213.8,205.45
576,2022-03-10 00:00:00,186.75,189.0,189.45,186.0
577,2022-03-14 00:00:00,186.2,184.55,187.95,183.0
578,2022-03-15 00:00:00,181.7,187.8,187.8,180.7
579,2022-03-23 00:00:00,185.8,185.5,190.95,184.4
580,2022-05-06 00:00:00,172.55,175.0,177.0,169.05
581,2022-07-29 00:00:00,207.55,206.15,209.5,205.95
582,2022-08-01 00:00:00,208.55,209.35,210.8,207.15
583,2022-08-18 00:00:00,210.8,211.9,212.85,209.95
584,2022-09-14 00:00:00,205.7,207.8,209.0,204.6
585,2022-09-16 00:00:00,200.95,203.95,204.6,200.2
586,2022-10-18 00:00:00,203.5,198.55,205.7,197.4
587,2022-12-06 00:00:00,180.4,182.0,183.1,179.95
588,2022-12-19 00:00:00,182.95,182.8,185.0,181.2
589,2023-02-02 00:00:00,161.55,163.0,164.65,161.1
590,2023-02-24 00:00:00,149.8,148.7,152.45,148.7
591,2023-03-27 00:00:00,134.55,139.5,139.5,133.1
592,2023-04-11 00:00:00,146.75,146.4,147.05,145.1
593,2023-04-27 00:00:00,137.05,134.25,137.9,134.25
594,2023-07-18 00:00:00,167.0,168.2,169.95,164.85
595,2023-08-04 00:00:00,191.2,160.15,191.2,159.0
596,2022-02-17 00:00:00,199.05,200.4,201.75,198.3
597,2022-02-24 00:00:00,173.05,186.2,186.2,170.5
598,2022-03-22 00:00:00,185.35,185.7,187.35,182.7
599,2022-05-27 00:00:00,168.45,167.05,170.95,167.05
600,2022-06-03 00:00:00,171.65,173.0,174.9,171.0
601,2022-06-27 00:00:00,158.95,153.5,161.65,153.5
602,2022-07-11 00:00:00,163.95,161.3,165.05,160.15
603,2022-08-17 00:00:00,213.9,214.4,215.0,212.3
604,2022-09-19 00:00:00,196.75,198.5,204.15,195.5
605,2022-09-23 00:00:00,192.3,192.1,194.4,190.6
606,2022-10-06 00:00:00,206.15,204.95,211.95,203.4
607,2022-10-12 00:00:00,205.4,207.2,210.0,204.0
608,2022-11-09 00:00:00,187.95,183.65,189.9,182.4
609,2023-02-13 00:00:00,154.95,158.25,158.25,154.25
610,2023-02-14 00:00:00,153.4,155.25,155.7,153.0
611,2023-03-17 00:00:00,142.7,142.9,145.3,141.35
612,2023-04-25 00:00:00,135.75,138.0,138.3,135.0
613,2023-04-28 00:00:00,137.15,137.7,138.6,135.7
614,2023-05-02 00:00:00,138.0,136.9,140.7,136.9
615,2023-05-31 00:00:00,141.05,140.25,143.4,140.25
616,2023-06-07 00:00:00,159.5,161.15,166.0,158.1
617,2023-06-21 00:00:00,162.1,162.55,164.65,161.05
618,2023-07-20 00:00:00,166.65,172.0,173.0,164.35
619,2023-07-28 00:00:00,159.3,160.9,162.6,158.55
620,2023-08-03 00:00:00,159.35,155.35,159.8,155.0
621,2023-08-16 00:00:00,186.1,187.9,188.45,185.65
622,2023-08-21 00:00:00,181.6,183.15,186.0,181.0
623,2022-06-09 00:00:00,166.85,168.4,169.85,165.35
624,2022-07-08 00:00:00,161.3,159.5,163.05,159.5
625,2022-07-22 00:00:00,212.7,212.0,218.0,211.05
626,2022-09-05 00:00:00,216.2,217.8,219.0,215.5
627,2023-01-09 00:00:00,171.35,170.95,173.05,170.9
628,2023-02-01 00:00:00,162.65,165.6,167.4,161.2
629,2023-02-16 00:00:00,154.7,151.0,155.15,151.0
630,2023-03-16 00:00:00,142.9,144.85,144.85,142.0
631,2023-03-22 00:00:00,141.9,142.7,143.5,140.8
632,2023-05-09 00:00:00,139.2,139.25,141.9,138.0
633,2023-05-12 00:00:00,141.2,138.1,142.9,137.6
634,2023-06-08 00:00:00,158.65,160.3,161.45,155.1
635,2022-02-10 00:00:00,208.7,207.4,209.9,205.8
636,2022-03-08 00:00:00,179.7,175.6,182.0,173.45
637,2022-05-23 00:00:00,183.15,180.2,184.0,180.0
638,2022-06-08 00:00:00,168.4,170.95,174.0,168.0
639,2022-07-21 00:00:00,198.7,200.95,204.95,196.3
640,2022-07-27 00:00:00,202.55,203.65,205.55,202.0
641,2022-08-11 00:00:00,209.4,211.8,211.8,208.1
642,2022-09-30 00:00:00,199.3,198.1,203.4,195.1
643,2022-10-20 00:00:00,200.25,201.1,215.0,198.1
644,2022-11-28 00:00:00,180.75,182.95,184.2,180.05
645,2022-12-29 00:00:00,179.2,176.0,181.2,173.05
646,2023-01-19 00:00:00,178.2,177.0,179.8,175.7
647,2023-02-20 00:00:00,150.45,153.65,154.35,150.0
648,2023-02-21 00:00:00,151.45,151.35,152.35,150.15
649,2023-03-06 00:00:00,150.75,147.65,156.0,147.65
650,2023-03-09 00:00:00,151.2,150.05,154.8,149.7
651,2023-03-31 00:00:00,132.95,130.95,139.95,130.9
652,2023-04-24 00:00:00,137.25,140.5,140.5,136.35
653,2023-05-04 00:00:00,138.5,137.0,140.8,136.9
654,2023-06-28 00:00:00,160.75,159.1,163.9,159.05
