,time,close,open,high,low
0,2021-01-05 00:00:00,162.5,153.0,166.35,148.6
1,2021-01-20 00:00:00,180.4,174.3,182.9,173.15
2,2021-02-11 00:00:00,185.8,184.5,190.0,181.6
3,2021-02-17 00:00:00,244.7,238.0,248.4,230.0
4,2021-03-19 00:00:00,216.2,221.05,222.85,205.5
5,2021-04-23 00:00:00,194.35,195.25,198.4,190.45
6,2021-06-04 00:00:00,247.15,249.0,250.0,241.0
7,2021-07-16 00:00:00,314.35,325.85,329.95,312.45
8,2021-08-25 00:00:00,286.55,286.6,294.0,280.6
9,2021-09-07 00:00:00,285.5,293.95,296.25,284.1
10,2021-09-23 00:00:00,280.35,282.9,289.0,277.25
11,2021-10-14 00:00:00,289.0,296.15,298.0,288.0
12,2021-01-08 00:00:00,162.8,163.85,170.0,156.7
13,2021-01-21 00:00:00,180.95,180.4,184.25,177.15
14,2021-02-12 00:00:00,199.1,189.0,206.95,186.7
15,2021-03-12 00:00:00,232.85,233.05,240.55,229.65
16,2021-04-19 00:00:00,201.05,202.05,204.9,196.3
17,2021-04-27 00:00:00,203.25,198.6,204.5,198.55
18,2021-05-27 00:00:00,233.15,238.45,239.0,230.0
19,2021-07-14 00:00:00,325.65,317.0,338.7,311.95
20,2021-08-23 00:00:00,276.35,286.85,289.95,275.0
21,2021-09-09 00:00:00,278.9,277.8,281.55,276.05
22,2021-09-17 00:00:00,276.65,281.0,285.0,276.0
23,2021-02-09 00:00:00,182.45,188.0,188.0,181.65
24,2021-02-15 00:00:00,238.9,207.9,238.9,207.9
25,2021-02-26 00:00:00,220.85,224.7,227.4,216.55
26,2021-06-18 00:00:00,281.15,284.0,290.8,270.65
27,2021-07-12 00:00:00,303.65,300.2,310.6,300.2
28,2021-08-10 00:00:00,299.3,318.1,318.95,292.55
29,2021-08-13 00:00:00,309.1,318.0,321.05,305.0
30,2021-09-02 00:00:00,300.6,275.0,317.9,273.75
31,2021-09-16 00:00:00,280.4,284.65,288.4,275.6
32,2021-10-27 00:00:00,274.55,279.6,279.8,272.55
33,2021-01-01 00:00:00,149.7,145.95,150.8,143.05
34,2021-01-11 00:00:00,169.95,161.4,175.0,159.0
35,2021-01-22 00:00:00,178.3,181.95,183.9,175.3
36,2021-03-17 00:00:00,226.15,230.75,234.5,224.8
37,2021-06-09 00:00:00,290.1,311.3,311.3,282.05
38,2021-06-16 00:00:00,283.65,292.6,292.9,279.4
39,2021-10-18 00:00:00,287.55,292.55,295.0,285.85
40,2021-01-12 00:00:00,180.4,168.35,185.3,167.5
41,2021-01-19 00:00:00,173.95,175.0,177.0,172.05
42,2021-04-05 00:00:00,213.45,207.45,221.2,202.25
43,2021-04-15 00:00:00,212.2,208.95,213.9,205.3
44,2021-04-26 00:00:00,198.55,193.8,207.8,193.8
45,2021-05-20 00:00:00,233.1,215.95,236.85,212.85
46,2021-06-02 00:00:00,243.95,244.9,252.0,236.45
47,2021-06-22 00:00:00,281.15,282.9,287.4,280.0
48,2021-07-05 00:00:00,317.8,291.6,324.5,291.6
49,2021-08-26 00:00:00,288.05,286.55,291.85,286.0
50,2021-08-27 00:00:00,282.0,283.0,291.0,280.45
51,2021-09-14 00:00:00,281.5,284.75,286.45,280.5
52,2021-09-20 00:00:00,273.75,276.0,284.6,272.0
53,2021-10-13 00:00:00,293.65,281.0,297.0,280.65
54,2021-10-29 00:00:00,265.85,270.0,270.75,264.5
55,2021-01-15 00:00:00,174.9,181.0,181.0,172.6
56,2021-02-22 00:00:00,219.15,233.1,234.75,213.0
57,2021-03-16 00:00:00,230.75,235.75,235.75,227.1
58,2021-03-23 00:00:00,215.45,219.1,221.65,214.4
59,2021-04-01 00:00:00,207.45,209.0,215.0,202.0
60,2021-04-29 00:00:00,213.55,208.0,218.35,207.2
61,2021-05-04 00:00:00,208.25,215.75,216.05,207.5
62,2021-05-07 00:00:00,203.0,207.35,209.8,199.2
63,2021-05-24 00:00:00,231.7,230.75,238.0,226.65
64,2021-06-30 00:00:00,277.7,275.25,285.2,275.25
65,2021-09-27 00:00:00,279.6,276.85,287.0,276.85
66,2021-10-11 00:00:00,279.5,283.55,284.8,278.5
67,2021-10-28 00:00:00,268.15,274.55,280.45,266.05
68,2021-02-25 00:00:00,222.65,219.0,230.0,219.0
69,2021-03-10 00:00:00,230.55,227.0,233.15,225.85
70,2021-03-26 00:00:00,206.9,208.25,214.0,204.75
71,2021-04-12 00:00:00,205.5,217.6,221.8,204.05
72,2021-04-13 00:00:00,209.6,209.0,212.0,203.35
73,2021-04-30 00:00:00,213.15,215.4,216.0,208.6
74,2021-06-03 00:00:00,245.95,243.95,250.05,238.75
75,2021-06-29 00:00:00,274.25,277.05,280.6,268.15
76,2021-07-09 00:00:00,306.4,306.0,310.8,305.5
77,2021-08-03 00:00:00,345.7,342.0,357.5,342.0
78,2021-08-06 00:00:00,323.4,332.0,332.0,320.4
79,2021-08-18 00:00:00,290.75,296.95,299.0,288.25
80,2021-09-21 00:00:00,277.45,275.0,279.3,267.4
81,2021-09-30 00:00:00,288.1,287.0,294.75,286.0
82,2021-10-05 00:00:00,280.05,284.8,287.4,279.3
83,2021-10-12 00:00:00,280.4,280.45,283.15,280.0
84,2021-10-19 00:00:00,277.8,288.0,296.0,275.0
85,2021-10-20 00:00:00,274.05,278.1,282.45,272.0
86,2021-01-25 00:00:00,173.65,181.15,181.35,169.45
87,2021-02-10 00:00:00,183.6,182.05,184.6,178.05
88,2021-03-09 00:00:00,226.3,237.7,238.15,222.0
89,2021-04-07 00:00:00,225.3,220.9,226.0,220.7
90,2021-04-08 00:00:00,224.7,225.0,228.7,220.45
91,2021-04-28 00:00:00,207.2,203.95,209.5,201.3
92,2021-05-25 00:00:00,226.0,232.15,236.85,225.0
93,2021-05-28 00:00:00,230.05,230.0,235.45,226.45
94,2021-06-23 00:00:00,277.05,284.7,284.7,276.0
95,2021-07-01 00:00:00,288.6,278.0,293.4,275.45
96,2021-07-22 00:00:00,314.75,324.5,329.7,312.5
97,2021-08-05 00:00:00,327.2,326.9,330.6,314.6
98,2021-09-03 00:00:00,292.1,301.2,309.5,290.0
99,2021-09-08 00:00:00,275.0,287.7,287.7,273.8
100,2021-02-03 00:00:00,182.15,182.0,184.45,181.05
101,2021-03-01 00:00:00,212.1,220.75,227.0,208.0
102,2021-03-18 00:00:00,222.3,226.25,229.0,214.25
103,2021-05-14 00:00:00,197.05,200.0,203.25,195.7
104,2021-05-18 00:00:00,204.8,205.0,208.4,201.15
105,2021-06-08 00:00:00,259.45,262.25,269.0,255.5
106,2021-07-02 00:00:00,291.5,290.8,297.7,288.85
107,2021-07-19 00:00:00,316.65,314.35,326.35,314.0
108,2021-08-17 00:00:00,295.1,308.5,308.5,293.2
109,2021-08-20 00:00:00,286.85,284.0,293.4,272.85
110,2021-09-01 00:00:00,274.2,279.75,284.8,270.1
111,2021-09-06 00:00:00,293.85,295.35,298.35,293.0
112,2021-10-25 00:00:00,270.45,266.0,274.0,254.0
113,2021-11-01 00:00:00,269.15,270.0,274.4,266.5
114,2021-03-04 00:00:00,215.7,214.8,219.0,207.0
115,2021-03-22 00:00:00,216.05,217.0,223.0,215.0
116,2021-04-22 00:00:00,197.85,202.0,202.0,194.3
117,2021-05-03 00:00:00,212.35,210.5,217.0,206.5
118,2021-05-31 00:00:00,242.05,233.0,244.0,230.1
119,2021-06-14 00:00:00,278.8,283.0,283.0,267.5
120,2021-06-15 00:00:00,294.85,281.45,301.65,275.0
121,2021-06-24 00:00:00,276.6,281.0,281.0,273.2
122,2021-06-25 00:00:00,279.5,279.2,283.45,274.0
123,2021-07-30 00:00:00,323.95,314.2,333.5,314.2
124,2021-10-06 00:00:00,274.65,279.0,285.0,272.7
125,2021-10-21 00:00:00,272.5,276.5,279.7,269.85
126,2021-01-27 00:00:00,171.95,176.0,176.0,169.95
127,2021-02-05 00:00:00,183.55,189.8,193.7,182.25
128,2021-02-08 00:00:00,186.45,188.0,194.0,184.0
129,2021-03-02 00:00:00,207.95,212.2,216.0,201.2
130,2021-03-24 00:00:00,213.8,217.5,217.5,212.4
131,2021-05-05 00:00:00,212.3,209.9,216.0,208.0
132,2021-06-11 00:00:00,281.45,286.9,290.9,275.15
133,2021-06-17 00:00:00,283.7,280.0,292.0,275.0
134,2021-06-28 00:00:00,275.55,280.0,284.55,274.05
135,2021-07-23 00:00:00,312.4,315.05,320.15,306.0
136,2021-08-02 00:00:00,345.35,327.9,349.9,318.2
137,2021-08-04 00:00:00,324.25,344.5,348.45,320.0
138,2021-09-24 00:00:00,276.85,283.7,285.55,276.0
139,2021-10-07 00:00:00,284.55,277.0,286.8,277.0
140,2021-10-08 00:00:00,281.5,284.55,290.5,280.0
141,2021-10-26 00:00:00,275.4,270.1,278.0,264.2
142,2021-01-07 00:00:00,161.85,160.5,165.15,158.2
143,2021-01-18 00:00:00,171.95,177.2,181.75,168.0
144,2021-03-05 00:00:00,223.5,215.1,228.0,214.95
145,2021-03-08 00:00:00,236.25,222.65,246.7,222.45
146,2021-04-06 00:00:00,220.7,219.7,221.75,214.0
147,2021-04-09 00:00:00,221.65,223.0,228.5,220.1
148,2021-07-08 00:00:00,307.85,310.85,315.0,305.3
149,2021-07-26 00:00:00,319.55,315.0,324.0,313.1
150,2021-07-29 00:00:00,317.5,321.0,324.0,314.25
151,2021-08-09 00:00:00,319.05,325.05,332.0,317.0
152,2021-08-16 00:00:00,301.5,308.65,309.95,299.8
153,2021-01-06 00:00:00,158.05,163.55,169.4,152.55
154,2021-01-29 00:00:00,176.65,173.0,178.75,173.0
155,2021-02-16 00:00:00,240.3,248.4,257.0,236.4
156,2021-02-18 00:00:00,239.75,243.15,247.3,236.05
157,2021-03-15 00:00:00,234.65,233.55,238.8,228.05
158,2021-03-25 00:00:00,207.15,215.65,215.7,200.35
159,2021-03-30 00:00:00,202.25,205.05,209.9,201.5
160,2021-03-31 00:00:00,203.8,203.05,209.25,202.0
161,2021-05-11 00:00:00,203.2,203.5,208.0,200.0
162,2021-05-12 00:00:00,200.7,205.6,205.65,196.1
163,2021-05-17 00:00:00,201.55,200.5,204.85,200.35
164,2021-06-07 00:00:00,259.9,248.9,264.0,240.85
165,2021-06-21 00:00:00,276.7,275.0,280.5,270.45
166,2021-09-13 00:00:00,282.1,283.0,283.0,275.25
167,2021-09-15 00:00:00,282.95,281.5,288.0,281.1
168,2021-09-22 00:00:00,277.7,280.0,284.3,275.1
169,2021-09-28 00:00:00,289.05,284.0,298.5,281.7
170,2021-10-04 00:00:00,280.55,283.1,289.95,279.3
171,2021-11-02 00:00:00,270.1,270.7,274.4,268.1
172,2021-01-04 00:00:00,151.95,151.6,157.0,148.75
173,2021-02-01 00:00:00,171.9,179.8,179.8,164.55
174,2021-02-19 00:00:00,232.2,241.5,245.0,230.25
175,2021-02-23 00:00:00,221.0,225.0,229.5,220.0
176,2021-05-10 00:00:00,203.75,206.0,206.1,200.9
177,2021-05-21 00:00:00,232.35,234.95,243.0,231.45
178,2021-05-26 00:00:00,235.55,228.75,238.4,226.55
179,2021-06-10 00:00:00,288.05,301.4,301.4,282.25
180,2021-07-13 00:00:00,315.2,307.0,317.9,304.05
181,2021-07-20 00:00:00,322.2,320.75,336.0,304.8
182,2021-08-11 00:00:00,297.45,300.05,300.05,275.2
183,2021-10-22 00:00:00,265.45,274.0,276.7,263.3
184,2021-01-14 00:00:00,181.0,184.7,189.0,173.4
185,2021-01-28 00:00:00,176.15,172.85,177.0,166.55
186,2021-02-04 00:00:00,187.0,183.0,190.0,181.15
187,2021-03-03 00:00:00,215.35,209.05,217.55,206.0
188,2021-05-06 00:00:00,205.8,212.9,213.35,202.6
189,2021-07-06 00:00:00,311.0,320.0,328.9,308.65
190,2021-08-30 00:00:00,281.7,283.5,289.0,280.2
191,2021-09-29 00:00:00,286.75,289.0,292.55,284.0
192,2021-10-01 00:00:00,282.05,289.8,289.8,280.15
193,2021-01-13 00:00:00,184.75,185.0,194.8,179.15
194,2021-02-02 00:00:00,183.0,176.5,184.1,175.0
195,2021-02-24 00:00:00,219.3,221.55,227.8,217.0
196,2021-04-16 00:00:00,209.9,218.0,218.0,208.25
197,2021-04-20 00:00:00,203.5,204.85,207.8,201.5
198,2021-05-19 00:00:00,212.85,207.8,214.35,204.5
199,2021-06-01 00:00:00,243.15,246.0,256.7,240.1
200,2021-07-07 00:00:00,309.0,311.05,314.0,305.6
201,2021-07-15 00:00:00,321.05,332.7,338.5,315.0
202,2021-07-27 00:00:00,313.2,318.0,322.65,312.0
203,2021-07-28 00:00:00,318.5,320.0,321.0,314.2
204,2021-08-12 00:00:00,318.4,309.0,322.0,297.0
205,2021-08-24 00:00:00,282.95,280.0,292.45,275.65
206,2021-08-31 00:00:00,277.95,280.8,286.15,276.8
207,2021-11-03 00:00:00,270.55,273.45,273.45,268.0
208,2021-11-10 00:00:00,294.0,290.0,299.9,290.0
209,2021-12-29 00:00:00,391.7,406.9,409.6,390.0
210,2021-11-12 00:00:00,288.15,290.0,292.0,283.5
211,2021-11-24 00:00:00,277.0,275.35,280.3,272.8
212,2022-01-10 00:00:00,560.45,614.8,624.8,546.25
213,2021-12-02 00:00:00,368.85,383.0,394.3,357.7
214,2022-01-18 00:00:00,598.4,640.0,645.0,585.0
215,2021-11-25 00:00:00,282.4,282.0,285.95,275.2
216,2022-01-28 00:00:00,547.35,570.0,585.75,543.0
217,2022-01-17 00:00:00,634.5,620.5,658.0,620.5
218,2022-02-01 00:00:00,543.9,550.0,557.9,540.9
219,2022-02-17 00:00:00,481.5,493.95,498.55,473.45
220,2022-02-14 00:00:00,464.15,471.0,494.9,455.0
221,2022-05-02 00:00:00,463.05,466.0,474.0,456.35
222,2022-04-13 00:00:00,516.65,511.4,535.0,509.4
223,2022-05-12 00:00:00,400.6,400.1,408.45,394.0
224,2022-05-06 00:00:00,432.1,442.0,445.75,426.0
225,2022-05-17 00:00:00,444.9,434.7,448.75,426.65
226,2022-05-27 00:00:00,414.5,422.4,423.85,409.25
227,2022-05-16 00:00:00,427.65,419.0,435.0,409.25
228,2022-07-04 00:00:00,510.45,503.1,523.4,487.5
229,2022-05-24 00:00:00,426.8,431.15,439.85,420.0
230,2022-07-21 00:00:00,518.3,526.65,529.8,510.0
231,2022-07-08 00:00:00,516.15,522.2,530.0,513.5
232,2022-07-25 00:00:00,505.85,520.0,520.0,501.9
233,2022-08-16 00:00:00,501.75,495.1,510.75,495.1
234,2022-09-05 00:00:00,482.45,485.0,490.0,480.65
235,2022-09-22 00:00:00,479.95,477.95,485.6,475.55
236,2022-09-13 00:00:00,497.2,510.0,515.0,490.9
237,2022-09-16 00:00:00,474.8,487.9,487.9,472.0
238,2022-12-30 00:00:00,568.15,558.45,579.0,550.0
239,2022-09-23 00:00:00,461.25,480.0,481.8,459.05
240,2023-01-30 00:00:00,474.3,489.0,492.3,463.85
241,2023-08-01 00:00:00,887.8,889.0,903.25,883.0
242,2022-10-18 00:00:00,476.6,477.85,483.6,474.0
243,2022-10-24 00:00:00,489.7,488.0,495.0,486.3
244,2023-08-14 00:00:00,1100.85,1134.7,1134.7,1044.05
245,2022-10-31 00:00:00,473.45,476.0,477.7,465.0
246,2022-11-18 00:00:00,466.75,477.0,478.85,465.0
247,2022-11-23 00:00:00,461.3,455.0,462.85,450.0
248,2023-01-02 00:00:00,566.85,571.95,584.95,562.55
249,2023-01-16 00:00:00,504.85,537.25,548.0,498.05
250,2023-03-16 00:00:00,407.2,408.0,413.55,404.0
251,2023-04-21 00:00:00,449.1,444.55,454.8,433.3
252,2023-04-28 00:00:00,487.95,485.65,493.2,484.7
253,2023-05-05 00:00:00,481.05,481.0,486.25,477.1
254,2023-05-15 00:00:00,503.45,499.7,513.7,497.0
255,2023-05-18 00:00:00,529.7,538.9,540.0,525.6
256,2023-06-13 00:00:00,643.95,651.75,655.55,635.95
257,2023-06-27 00:00:00,746.65,744.8,758.0,739.0
258,2023-08-03 00:00:00,869.9,880.0,887.0,856.95
259,2023-08-04 00:00:00,863.5,871.0,877.15,859.05
260,2021-12-24 00:00:00,375.75,390.2,390.2,374.0
261,2022-01-06 00:00:00,556.15,515.6,583.7,495.7
262,2022-01-27 00:00:00,570.5,542.0,618.8,540.0
263,2022-02-07 00:00:00,535.15,548.0,558.0,527.15
264,2022-03-03 00:00:00,456.45,469.0,472.5,453.3
265,2022-04-20 00:00:00,496.2,516.0,518.0,488.95
266,2022-04-22 00:00:00,499.8,497.2,517.0,496.05
267,2022-05-23 00:00:00,433.1,445.05,449.0,430.0
268,2022-06-15 00:00:00,404.85,411.65,419.1,401.0
269,2022-06-20 00:00:00,384.3,396.6,404.8,378.0
270,2022-10-06 00:00:00,468.05,469.0,478.6,465.0
271,2022-10-13 00:00:00,474.4,476.0,483.75,472.0
272,2022-10-14 00:00:00,484.0,485.0,492.0,482.35
273,2022-10-21 00:00:00,483.3,475.0,492.0,474.75
274,2022-10-25 00:00:00,488.85,491.0,494.0,487.55
275,2022-11-02 00:00:00,479.15,471.9,482.0,470.6
276,2022-11-25 00:00:00,461.95,464.95,464.95,457.2
277,2022-12-20 00:00:00,542.7,514.0,552.0,505.5
278,2023-01-20 00:00:00,502.3,516.65,517.4,496.1
279,2023-01-25 00:00:00,508.0,505.0,516.9,503.2
280,2023-05-19 00:00:00,514.85,531.7,531.7,505.85
281,2023-05-24 00:00:00,518.75,527.3,530.4,516.0
282,2023-06-19 00:00:00,691.5,697.55,703.75,686.05
283,2023-07-11 00:00:00,800.7,830.0,833.8,793.55
284,2023-07-26 00:00:00,861.85,865.45,874.0,845.0
285,2023-07-31 00:00:00,882.25,855.95,899.0,851.1
286,2023-08-07 00:00:00,876.0,862.05,893.0,861.95
287,2021-11-17 00:00:00,283.9,282.35,291.0,281.2
288,2021-11-22 00:00:00,270.55,280.35,280.35,268.0
289,2021-12-16 00:00:00,394.65,409.5,412.35,388.0
290,2021-12-23 00:00:00,387.2,398.95,402.2,383.0
291,2021-12-31 00:00:00,390.5,389.8,402.2,387.45
292,2022-02-04 00:00:00,543.65,563.5,569.85,540.8
293,2022-02-21 00:00:00,457.6,473.0,477.65,451.6
294,2022-02-24 00:00:00,416.55,440.0,443.95,412.85
295,2022-05-11 00:00:00,413.15,429.9,429.9,400.0
296,2022-05-30 00:00:00,443.15,425.0,446.7,419.1
297,2022-07-01 00:00:00,505.65,494.6,513.7,486.0
298,2022-09-01 00:00:00,492.05,497.0,498.8,484.0
299,2021-12-10 00:00:00,391.55,404.9,408.0,390.2
300,2023-01-19 00:00:00,511.85,519.9,523.55,505.6
301,2022-01-05 00:00:00,517.5,457.0,525.9,454.05
302,2023-02-15 00:00:00,465.1,441.0,470.75,441.0
303,2022-01-14 00:00:00,616.5,621.5,632.0,602.0
304,2023-02-24 00:00:00,419.8,422.35,431.65,415.75
305,2022-02-03 00:00:00,559.85,548.35,580.2,539.6
306,2023-02-28 00:00:00,411.9,405.25,414.85,405.1
307,2022-02-15 00:00:00,496.45,455.1,504.85,455.0
308,2023-03-01 00:00:00,431.3,413.9,439.4,413.85
309,2022-02-22 00:00:00,440.0,440.0,455.0,429.55
310,2023-04-10 00:00:00,444.85,436.0,452.4,433.0
311,2022-03-08 00:00:00,431.85,414.5,436.15,414.5
312,2023-05-03 00:00:00,480.75,486.0,489.8,475.05
313,2022-03-23 00:00:00,488.5,510.0,515.0,486.0
314,2023-05-17 00:00:00,523.35,533.9,545.0,518.0
315,2022-04-12 00:00:00,507.25,522.5,532.9,502.0
316,2023-06-07 00:00:00,625.65,651.6,667.6,622.95
317,2022-05-13 00:00:00,414.25,405.1,430.7,405.1
318,2023-06-12 00:00:00,647.5,646.2,654.0,642.2
319,2022-07-12 00:00:00,494.95,510.0,513.9,492.6
320,2023-06-16 00:00:00,693.45,702.75,712.0,682.75
321,2022-07-22 00:00:00,520.6,522.8,537.0,518.5
322,2023-06-23 00:00:00,723.1,693.4,742.5,680.25
323,2022-08-01 00:00:00,518.1,516.0,532.0,508.3
324,2023-06-28 00:00:00,743.35,752.0,764.0,741.0
325,2022-08-08 00:00:00,547.45,545.7,559.75,540.55
326,2023-07-05 00:00:00,740.05,748.0,759.85,734.05
327,2022-08-10 00:00:00,508.95,549.9,552.3,505.5
328,2023-07-14 00:00:00,809.2,808.0,816.8,801.2
329,2023-07-18 00:00:00,793.6,807.9,814.0,782.0
330,2023-08-08 00:00:00,976.85,888.7,1038.8,880.0
331,2022-08-26 00:00:00,481.15,487.0,489.85,480.1
332,2022-09-06 00:00:00,481.05,486.95,486.95,479.3
333,2022-09-07 00:00:00,483.5,483.85,492.05,482.55
334,2022-10-03 00:00:00,461.1,472.7,473.2,456.05
335,2022-11-28 00:00:00,460.0,458.7,468.1,458.7
336,2022-12-07 00:00:00,479.2,482.05,487.95,475.8
337,2022-12-12 00:00:00,517.1,523.95,529.5,514.05
338,2023-01-04 00:00:00,546.95,554.9,556.45,539.8
339,2023-01-05 00:00:00,547.85,552.8,555.0,536.4
340,2023-01-11 00:00:00,551.75,534.4,554.4,532.0
341,2023-01-12 00:00:00,544.95,552.0,555.0,542.0
342,2023-03-29 00:00:00,400.25,390.0,402.4,390.0
343,2023-05-10 00:00:00,484.15,485.1,489.0,481.6
344,2023-06-06 00:00:00,646.85,653.8,676.0,631.25
345,2023-06-26 00:00:00,740.7,728.4,763.45,723.25
346,2023-07-03 00:00:00,740.0,742.95,762.0,738.0
347,2023-07-07 00:00:00,802.6,740.95,832.0,736.65
348,2023-08-22 00:00:00,1087.25,1030.0,1134.95,1026.6
349,2022-02-18 00:00:00,478.15,471.05,488.0,471.05
350,2022-02-25 00:00:00,448.35,423.0,452.0,423.0
351,2022-03-14 00:00:00,447.75,439.9,467.65,428.75
352,2022-03-28 00:00:00,458.8,487.9,487.9,455.0
353,2022-04-19 00:00:00,508.35,515.0,541.0,495.0
354,2022-05-26 00:00:00,402.5,408.95,419.5,387.45
355,2022-07-27 00:00:00,498.15,504.5,504.5,494.05
356,2022-07-29 00:00:00,510.65,500.0,524.9,500.0
357,2022-08-04 00:00:00,525.85,517.7,562.7,517.7
358,2022-09-02 00:00:00,485.0,486.0,495.75,483.7
359,2022-09-14 00:00:00,490.15,490.0,496.95,485.05
360,2022-09-21 00:00:00,480.0,480.0,491.35,477.95
361,2022-12-01 00:00:00,462.85,463.95,467.4,458.3
362,2022-12-15 00:00:00,524.15,522.0,539.9,502.4
363,2023-01-10 00:00:00,534.4,533.4,540.0,528.85
364,2023-02-01 00:00:00,484.45,492.95,497.9,475.35
365,2023-02-09 00:00:00,489.1,496.9,498.75,475.55
366,2023-02-13 00:00:00,464.7,485.0,488.8,463.1
367,2023-03-14 00:00:00,409.5,417.3,420.95,406.6
368,2023-04-12 00:00:00,442.05,439.8,448.6,435.7
369,2023-04-13 00:00:00,447.8,444.1,449.8,443.0
370,2023-04-18 00:00:00,447.4,446.95,454.0,442.0
371,2023-04-25 00:00:00,475.75,460.0,478.0,458.05
372,2023-05-02 00:00:00,483.75,488.0,491.9,481.05
373,2023-05-22 00:00:00,510.1,519.6,519.6,505.7
374,2023-05-29 00:00:00,538.35,530.0,540.1,522.0
375,2023-06-01 00:00:00,573.65,568.6,580.0,556.8
376,2023-06-21 00:00:00,715.05,723.45,748.0,711.0
377,2021-12-07 00:00:00,409.15,404.0,422.0,397.0
378,2022-01-25 00:00:00,564.45,519.0,579.35,506.05
379,2022-02-08 00:00:00,507.35,549.0,549.0,485.05
380,2022-02-28 00:00:00,460.95,450.0,467.95,420.0
381,2022-03-02 00:00:00,459.15,467.9,468.0,454.4
382,2022-04-04 00:00:00,479.35,470.9,485.0,468.05
383,2022-04-08 00:00:00,521.15,536.6,536.6,516.3
384,2022-06-01 00:00:00,451.55,450.9,468.85,446.75
385,2022-06-10 00:00:00,433.7,436.0,442.0,430.0
386,2022-06-29 00:00:00,463.25,476.5,476.5,460.5
387,2022-07-14 00:00:00,483.0,495.05,495.05,478.8
388,2022-09-29 00:00:00,440.85,449.8,452.4,438.0
389,2022-11-03 00:00:00,487.55,474.55,490.0,474.55
390,2022-11-14 00:00:00,483.1,480.0,510.0,480.0
391,2022-11-21 00:00:00,448.7,474.0,474.0,446.7
392,2022-11-30 00:00:00,457.0,464.95,464.95,454.3
393,2022-12-09 00:00:00,522.9,530.0,533.7,511.3
394,2023-01-03 00:00:00,552.05,569.4,569.4,550.65
395,2023-01-13 00:00:00,551.9,550.55,555.0,541.1
396,2023-01-17 00:00:00,501.6,504.85,509.65,497.7
397,2023-01-18 00:00:00,519.9,503.95,526.4,502.0
398,2023-01-27 00:00:00,489.6,513.1,513.1,481.95
399,2023-02-16 00:00:00,477.1,465.2,483.8,463.05
400,2023-03-08 00:00:00,431.7,439.45,447.0,429.0
401,2023-03-10 00:00:00,428.95,433.0,436.2,425.15
402,2023-04-03 00:00:00,424.15,411.75,428.4,409.95
403,2023-04-05 00:00:00,438.45,427.75,441.1,421.65
404,2023-05-23 00:00:00,522.1,515.9,532.7,505.0
405,2023-05-31 00:00:00,567.35,539.8,582.0,524.0
406,2023-07-24 00:00:00,866.5,860.0,891.0,847.05
407,2023-07-28 00:00:00,852.6,855.5,857.7,838.55
408,2023-08-21 00:00:00,1024.05,1057.7,1057.7,1014.4
409,2021-12-30 00:00:00,386.55,393.95,397.25,381.0
410,2021-11-11 00:00:00,286.75,294.0,294.0,284.5
411,2021-11-09 00:00:00,293.95,283.15,296.0,283.0
412,2021-11-18 00:00:00,279.3,285.15,286.95,274.0
413,2021-12-06 00:00:00,390.95,373.0,414.9,369.15
414,2021-12-15 00:00:00,406.4,408.7,426.6,402.0
415,2021-12-17 00:00:00,368.65,392.65,393.45,364.5
416,2022-01-12 00:00:00,591.5,535.15,591.5,528.0
417,2022-02-16 00:00:00,485.05,501.9,524.9,466.65
418,2022-03-15 00:00:00,438.65,451.0,458.5,433.05
419,2022-03-16 00:00:00,438.4,456.0,456.0,436.1
420,2022-03-29 00:00:00,462.9,465.0,477.95,459.15
421,2022-06-07 00:00:00,436.0,439.9,442.1,430.0
422,2022-06-14 00:00:00,408.95,410.2,419.75,405.65
423,2022-08-03 00:00:00,517.65,519.9,521.95,510.75
424,2022-09-27 00:00:00,449.95,460.0,460.0,445.0
425,2022-10-19 00:00:00,473.25,483.95,483.95,472.0
426,2022-11-10 00:00:00,485.85,490.0,492.0,481.6
427,2022-11-29 00:00:00,457.8,456.25,464.5,456.25
428,2022-12-05 00:00:00,490.4,494.7,508.8,481.05
429,2022-12-21 00:00:00,541.6,550.0,592.0,535.25
430,2023-02-27 00:00:00,406.25,422.0,427.6,403.35
431,2023-03-02 00:00:00,425.25,437.5,439.0,423.0
432,2023-03-22 00:00:00,417.0,419.7,419.9,411.6
433,2023-04-06 00:00:00,436.65,438.45,445.0,430.0
434,2023-05-30 00:00:00,533.55,543.7,544.0,530.0
435,2023-07-04 00:00:00,744.05,742.05,770.95,734.65
436,2023-07-06 00:00:00,724.65,743.9,745.05,720.0
437,2022-01-21 00:00:00,584.4,617.45,619.0,580.0
438,2022-02-09 00:00:00,515.9,512.0,530.0,512.0
439,2022-03-04 00:00:00,444.65,449.45,454.8,441.0
440,2022-03-21 00:00:00,494.45,495.0,511.8,482.45
441,2022-03-30 00:00:00,462.5,464.0,474.0,460.1
442,2022-04-07 00:00:00,527.65,564.0,564.0,520.0
443,2022-04-28 00:00:00,474.0,480.0,480.9,467.55
444,2022-05-18 00:00:00,438.0,455.0,455.0,434.4
445,2022-05-20 00:00:00,438.45,439.9,442.95,431.45
446,2022-06-13 00:00:00,411.8,417.0,421.5,406.95
447,2022-06-16 00:00:00,405.35,410.0,426.0,400.45
448,2022-06-21 00:00:00,401.7,386.35,403.95,386.35
449,2022-07-05 00:00:00,501.85,511.3,529.0,496.4
450,2022-07-20 00:00:00,521.95,527.0,544.4,519.0
451,2022-08-17 00:00:00,501.25,505.0,512.95,498.2
452,2022-08-23 00:00:00,476.05,469.6,482.0,466.05
453,2022-08-29 00:00:00,482.7,465.0,485.5,465.0
454,2022-09-26 00:00:00,452.6,462.0,464.95,444.05
455,2022-10-04 00:00:00,469.0,465.0,472.45,462.95
456,2022-10-28 00:00:00,467.8,477.5,483.9,460.0
457,2022-11-04 00:00:00,488.55,490.55,497.95,485.1
458,2022-11-22 00:00:00,445.2,455.7,455.7,369.8
459,2022-12-06 00:00:00,479.2,489.5,489.6,477.0
460,2022-12-08 00:00:00,520.25,489.0,557.4,488.95
461,2022-12-26 00:00:00,520.7,498.7,533.6,492.3
462,2022-12-28 00:00:00,546.65,553.0,571.6,540.95
463,2023-02-10 00:00:00,478.85,486.0,496.9,476.0
464,2023-02-21 00:00:00,462.5,482.8,482.8,460.0
465,2023-03-15 00:00:00,411.65,411.65,419.95,407.0
466,2023-04-26 00:00:00,483.55,475.75,490.0,473.0
467,2023-05-11 00:00:00,491.2,485.8,498.55,482.55
468,2023-05-26 00:00:00,516.95,517.0,519.2,512.45
469,2023-07-10 00:00:00,823.45,817.65,849.0,803.0
470,2023-07-13 00:00:00,804.25,808.8,822.55,781.9
471,2023-07-17 00:00:00,804.65,814.9,830.0,798.0
472,2023-08-18 00:00:00,1057.7,1052.05,1080.35,1034.0
473,2021-11-29 00:00:00,283.1,276.05,285.55,265.95
474,2021-11-04 00:00:00,273.15,273.0,275.0,268.2
475,2022-01-03 00:00:00,391.45,386.3,401.3,386.3
476,2021-11-16 00:00:00,280.95,284.95,287.9,275.95
477,2021-11-23 00:00:00,273.25,271.0,275.45,265.7
478,2021-11-26 00:00:00,283.15,281.9,284.5,276.6
479,2022-02-10 00:00:00,494.4,507.0,520.0,485.0
480,2022-03-07 00:00:00,421.65,440.0,440.0,414.85
481,2022-03-10 00:00:00,439.8,448.8,456.25,433.0
482,2022-04-26 00:00:00,483.75,490.0,505.0,481.95
483,2022-05-25 00:00:00,405.6,424.0,425.0,403.45
484,2022-06-23 00:00:00,403.85,397.0,409.85,397.0
485,2022-06-30 00:00:00,496.55,469.8,526.7,462.1
486,2022-07-07 00:00:00,514.45,513.8,537.0,507.75
487,2022-08-12 00:00:00,500.65,503.0,508.9,495.0
488,2022-09-30 00:00:00,472.8,448.0,484.0,440.5
489,2022-10-20 00:00:00,469.55,466.0,478.0,466.0
490,2022-11-11 00:00:00,493.0,485.85,500.0,485.85
491,2022-12-13 00:00:00,514.7,519.55,522.15,511.95
492,2023-02-06 00:00:00,486.05,479.8,490.0,479.0
493,2023-03-03 00:00:00,432.5,430.4,445.15,428.2
494,2023-03-23 00:00:00,419.4,411.1,424.7,411.1
495,2023-08-23 00:00:00,1078.95,1106.25,1115.6,1073.25
496,2021-11-30 00:00:00,337.25,283.4,339.7,283.4
497,2021-12-28 00:00:00,404.65,387.65,419.0,387.65
498,2022-01-13 00:00:00,614.85,630.0,650.65,600.1
499,2022-01-19 00:00:00,607.85,586.3,614.95,585.35
500,2022-01-24 00:00:00,526.7,590.0,591.0,526.0
501,2022-02-23 00:00:00,449.3,448.8,467.35,445.0
502,2022-03-17 00:00:00,482.2,454.25,482.2,444.8
503,2022-04-25 00:00:00,480.3,495.1,495.1,451.0
504,2022-05-19 00:00:00,424.45,430.0,434.0,420.0
505,2022-06-08 00:00:00,437.6,447.8,447.8,429.15
506,2022-06-24 00:00:00,426.75,409.0,432.75,408.4
507,2022-07-15 00:00:00,492.3,485.0,504.0,485.0
508,2022-07-28 00:00:00,497.95,502.45,514.0,496.1
509,2022-08-22 00:00:00,470.85,488.5,488.5,468.3
510,2022-09-19 00:00:00,477.95,470.1,480.0,470.1
511,2022-09-20 00:00:00,480.85,481.0,500.0,477.95
512,2022-10-10 00:00:00,492.25,493.45,505.1,480.1
513,2022-11-01 00:00:00,471.9,478.7,478.7,467.6
514,2022-12-23 00:00:00,495.05,517.7,536.95,480.15
515,2023-01-31 00:00:00,492.1,474.5,494.65,474.5
516,2023-02-03 00:00:00,478.35,488.3,488.3,470.2
517,2023-02-23 00:00:00,424.05,445.4,448.2,414.35
518,2023-03-13 00:00:00,413.6,434.0,436.25,409.75
519,2023-03-27 00:00:00,403.55,419.0,419.0,401.0
520,2023-04-19 00:00:00,443.05,450.3,453.85,441.9
521,2023-05-09 00:00:00,484.95,484.65,489.8,480.0
522,2023-05-16 00:00:00,507.75,508.0,513.8,502.1
523,2023-06-20 00:00:00,718.45,694.5,741.8,683.0
524,2023-06-30 00:00:00,743.55,749.5,751.55,735.25
525,2023-07-27 00:00:00,855.25,862.5,864.45,845.1
526,2021-12-22 00:00:00,395.45,383.7,411.5,382.4
527,2021-11-15 00:00:00,279.3,288.15,290.45,278.05
528,2021-12-08 00:00:00,414.85,418.9,419.8,404.1
529,2021-12-09 00:00:00,401.1,418.0,418.7,396.0
530,2021-12-13 00:00:00,395.65,395.0,408.35,391.7
531,2021-12-27 00:00:00,384.95,378.8,390.0,378.05
532,2022-01-04 00:00:00,438.25,399.0,455.0,391.0
533,2022-01-31 00:00:00,543.5,558.0,565.0,535.25
534,2022-03-31 00:00:00,455.0,464.0,471.35,453.6
535,2022-05-10 00:00:00,421.1,420.0,438.0,415.55
536,2022-06-02 00:00:00,447.35,443.0,455.2,443.0
537,2022-07-11 00:00:00,514.4,516.15,520.0,511.0
538,2022-07-26 00:00:00,500.6,509.65,510.0,495.5
539,2022-08-25 00:00:00,486.3,488.0,492.75,485.0
540,2022-10-27 00:00:00,478.15,490.0,500.0,477.0
541,2023-01-06 00:00:00,529.55,547.0,549.7,525.45
542,2023-01-09 00:00:00,531.55,532.8,544.7,529.0
543,2023-02-07 00:00:00,487.15,495.75,497.35,478.65
544,2023-03-09 00:00:00,434.8,436.8,441.2,432.95
545,2023-03-17 00:00:00,407.7,414.85,414.85,405.0
546,2023-03-24 00:00:00,411.5,423.8,423.8,410.0
547,2023-05-08 00:00:00,481.75,488.25,489.9,477.05
548,2023-06-14 00:00:00,714.35,653.0,741.75,651.6
549,2023-06-15 00:00:00,699.05,713.05,724.95,695.0
550,2023-06-22 00:00:00,692.9,719.8,732.9,690.1
551,2023-07-25 00:00:00,862.2,874.8,874.8,851.0
552,2023-08-11 00:00:00,1129.45,1143.0,1163.5,1117.85
553,2022-01-11 00:00:00,537.75,560.45,564.0,526.0
554,2022-03-25 00:00:00,474.6,494.0,494.0,471.3
555,2022-04-06 00:00:00,535.45,486.8,535.45,479.75
556,2022-04-18 00:00:00,507.6,518.9,523.0,502.85
557,2022-08-02 00:00:00,518.85,519.75,525.45,512.55
558,2022-08-05 00:00:00,538.85,529.3,545.0,522.65
559,2022-08-11 00:00:00,500.1,515.0,516.6,498.5
560,2022-08-19 00:00:00,485.9,491.0,496.2,483.0
561,2022-08-30 00:00:00,492.8,486.3,502.0,486.0
562,2022-09-12 00:00:00,494.2,490.0,510.5,490.0
563,2022-09-15 00:00:00,484.8,487.0,493.0,482.05
564,2022-10-07 00:00:00,494.75,479.8,508.0,475.7
565,2022-10-12 00:00:00,470.4,483.75,483.75,464.45
566,2022-10-17 00:00:00,472.1,486.0,488.3,470.0
567,2022-11-17 00:00:00,477.55,484.0,486.45,473.25
568,2022-12-02 00:00:00,489.55,500.0,500.9,480.3
569,2022-12-16 00:00:00,515.25,524.7,529.45,512.4
570,2022-12-19 00:00:00,514.2,515.25,522.6,510.05
571,2023-01-23 00:00:00,500.85,505.0,509.35,497.05
572,2023-01-24 00:00:00,503.8,503.5,510.0,498.6
573,2023-02-08 00:00:00,496.4,496.0,502.5,485.0
574,2023-03-28 00:00:00,387.85,409.05,409.6,385.0
575,2023-04-20 00:00:00,439.4,447.5,447.5,435.6
576,2023-04-24 00:00:00,455.05,451.8,461.0,450.0
577,2023-06-02 00:00:00,592.2,580.0,596.95,573.2
578,2023-08-17 00:00:00,1063.85,1077.9,1092.0,1045.0
579,2021-11-08 00:00:00,279.2,277.0,286.15,274.0
580,2022-04-05 00:00:00,486.8,485.0,492.0,477.6
581,2022-04-27 00:00:00,469.5,487.0,487.0,466.0
582,2022-04-29 00:00:00,475.6,475.0,498.9,470.55
583,2022-05-04 00:00:00,443.35,476.0,476.0,439.1
584,2022-05-31 00:00:00,450.9,442.95,465.9,434.05
585,2022-06-06 00:00:00,434.55,437.0,439.3,425.0
586,2022-06-28 00:00:00,482.75,435.0,491.0,414.1
587,2022-07-06 00:00:00,503.45,508.0,512.5,501.0
588,2022-07-18 00:00:00,509.7,499.0,521.15,497.05
589,2022-09-08 00:00:00,486.1,484.85,492.0,484.85
590,2022-11-07 00:00:00,487.55,495.0,497.0,481.3
591,2022-12-27 00:00:00,548.95,524.0,556.0,515.2
592,2023-02-14 00:00:00,449.6,469.9,469.9,446.0
593,2023-04-11 00:00:00,439.75,445.0,450.95,436.55
594,2023-06-08 00:00:00,613.3,631.95,643.0,599.55
595,2023-06-09 00:00:00,640.6,619.75,651.45,619.75
596,2023-07-21 00:00:00,850.3,791.85,863.9,786.55
597,2021-12-01 00:00:00,375.85,361.0,395.55,356.0
598,2021-12-03 00:00:00,366.1,374.0,380.0,361.75
599,2021-12-14 00:00:00,405.85,396.0,409.8,391.0
600,2021-12-20 00:00:00,392.1,366.9,406.9,353.8
601,2021-12-21 00:00:00,381.55,386.6,402.0,376.05
602,2022-01-20 00:00:00,613.5,613.9,635.0,609.0
603,2022-02-02 00:00:00,544.1,549.65,562.0,538.45
604,2022-02-11 00:00:00,498.4,493.0,526.0,490.05
605,2022-03-09 00:00:00,434.9,439.8,444.8,427.1
606,2022-03-22 00:00:00,504.05,488.6,510.95,484.1
607,2022-03-24 00:00:00,482.35,504.0,504.0,480.15
608,2022-04-11 00:00:00,527.25,525.0,565.0,510.0
609,2022-06-09 00:00:00,445.85,448.0,448.05,432.65
610,2022-06-17 00:00:00,404.65,404.0,410.95,396.5
611,2022-06-22 00:00:00,395.55,401.7,414.9,387.0
612,2022-06-27 00:00:00,438.15,434.65,440.0,429.95
613,2022-07-13 00:00:00,495.05,490.1,506.9,490.1
614,2022-07-19 00:00:00,518.85,514.9,522.45,511.2
615,2022-08-18 00:00:00,491.0,508.0,508.0,484.6
616,2022-09-28 00:00:00,438.45,440.1,452.0,435.45
617,2022-10-11 00:00:00,474.25,494.8,498.7,471.0
618,2022-11-09 00:00:00,482.15,487.55,496.0,480.0
619,2022-11-15 00:00:00,478.8,492.0,492.0,475.2
620,2022-11-16 00:00:00,484.55,477.0,493.8,471.0
621,2022-11-24 00:00:00,458.1,461.8,468.45,455.0
622,2022-12-29 00:00:00,556.6,540.8,563.9,536.0
623,2023-02-17 00:00:00,482.05,475.0,489.35,474.95
624,2023-02-20 00:00:00,478.0,486.8,499.75,476.6
625,2023-03-06 00:00:00,438.9,439.0,444.2,434.0
626,2023-03-20 00:00:00,410.55,438.0,438.0,405.85
627,2023-03-21 00:00:00,412.25,417.6,421.45,411.2
628,2023-05-04 00:00:00,481.25,482.65,490.0,479.7
629,2023-05-12 00:00:00,493.85,493.0,498.8,488.35
630,2023-05-25 00:00:00,516.1,522.3,522.9,505.0
631,2023-06-05 00:00:00,646.65,602.0,674.8,602.0
632,2023-07-12 00:00:00,803.25,804.4,813.2,794.75
633,2023-08-09 00:00:00,1034.7,1047.0,1105.0,1022.0
634,2023-08-10 00:00:00,1117.85,1044.95,1138.9,1035.0
635,2022-01-07 00:00:00,606.35,564.0,611.75,560.0
636,2022-03-11 00:00:00,432.25,439.0,443.15,430.2
637,2022-04-01 00:00:00,471.2,463.8,477.45,460.0
638,2022-04-21 00:00:00,505.05,500.0,511.1,500.0
639,2022-05-05 00:00:00,448.15,459.0,460.0,444.7
640,2022-05-09 00:00:00,416.5,432.0,439.35,411.6
641,2022-06-03 00:00:00,438.55,454.45,455.95,435.15
642,2022-08-24 00:00:00,489.75,479.25,496.0,478.5
643,2022-09-09 00:00:00,481.8,490.0,491.4,481.0
644,2022-12-14 00:00:00,516.45,517.85,519.5,510.1
645,2022-12-22 00:00:00,520.8,557.25,574.5,512.15
646,2023-02-02 00:00:00,481.1,483.8,490.0,475.0
647,2023-02-22 00:00:00,438.8,462.4,462.4,436.5
648,2023-03-31 00:00:00,409.15,404.0,418.7,404.0
649,2023-04-17 00:00:00,444.95,447.75,447.75,432.0
650,2023-04-27 00:00:00,478.4,486.0,486.8,473.55
651,2023-07-19 00:00:00,810.85,799.4,824.0,793.05
652,2023-07-20 00:00:00,793.85,807.75,816.9,791.15
653,2023-08-02 00:00:00,879.8,887.8,890.0,857.55
654,2023-08-16 00:00:00,1078.4,1125.0,1125.0,1071.05
