,time,close,open,high,low
0,2021-01-08 00:00:00,95.9,98.5,99.9,95.35
1,2021-01-15 00:00:00,95.75,99.25,99.25,94.85
2,2021-01-25 00:00:00,89.8,94.0,94.4,89.4
3,2021-01-29 00:00:00,89.85,94.0,94.3,89.5
4,2021-01-04 00:00:00,100.1,100.75,102.35,99.6
5,2021-02-02 00:00:00,91.75,93.05,95.25,90.9
6,2021-01-05 00:00:00,97.05,99.8,100.2,96.5
7,2021-01-06 00:00:00,98.6,97.5,102.45,97.3
8,2021-01-21 00:00:00,93.85,96.4,96.9,93.1
9,2021-01-01 00:00:00,99.9,101.15,102.35,99.65
10,2021-01-07 00:00:00,98.15,99.6,100.5,97.7
11,2021-01-18 00:00:00,94.15,96.7,96.7,93.0
12,2021-01-28 00:00:00,93.2,88.5,93.8,86.55
13,2021-01-19 00:00:00,95.3,96.45,96.55,94.5
14,2021-01-27 00:00:00,87.85,89.55,90.45,86.7
15,2021-02-03 00:00:00,95.25,92.1,96.4,91.1
16,2021-01-11 00:00:00,94.35,96.1,97.1,93.0
17,2021-01-13 00:00:00,99.0,102.25,103.4,97.1
18,2021-02-01 00:00:00,93.5,90.7,94.2,89.05
19,2021-01-12 00:00:00,100.2,95.0,102.9,94.0
20,2021-01-14 00:00:00,98.85,99.8,100.95,98.45
21,2021-01-22 00:00:00,92.55,94.05,94.7,92.2
22,2021-01-20 00:00:00,95.6,95.0,98.7,95.0
23,2021-03-10 00:00:00,101.5,102.6,103.5,100.1
24,2021-02-09 00:00:00,100.3,100.6,102.95,99.0
25,2021-03-03 00:00:00,101.25,100.5,102.8,100.0
26,2021-03-09 00:00:00,100.45,104.0,105.45,98.6
27,2021-04-12 00:00:00,87.0,90.25,91.85,86.6
28,2021-03-16 00:00:00,99.8,102.4,102.9,99.1
29,2021-03-22 00:00:00,93.6,95.0,96.5,91.95
30,2021-05-10 00:00:00,99.35,96.0,100.8,95.55
31,2021-05-17 00:00:00,115.95,104.5,119.5,104.0
32,2021-05-31 00:00:00,139.15,134.0,143.2,132.3
33,2021-07-13 00:00:00,159.35,160.55,160.75,157.1
34,2021-09-02 00:00:00,206.8,206.0,209.4,205.0
35,2021-10-19 00:00:00,279.5,279.8,295.95,275.0
36,2021-10-22 00:00:00,267.55,275.5,284.2,265.5
37,2021-10-29 00:00:00,264.35,267.0,271.95,258.0
38,2022-02-14 00:00:00,232.05,245.0,248.0,228.95
39,2022-06-02 00:00:00,264.75,255.9,266.2,255.05
40,2022-07-01 00:00:00,244.45,247.4,248.8,239.2
41,2022-07-14 00:00:00,254.85,256.05,258.8,253.1
42,2022-07-25 00:00:00,252.35,249.0,253.8,246.5
43,2022-07-28 00:00:00,221.65,220.25,223.9,217.25
44,2021-04-28 00:00:00,98.8,94.4,102.5,94.0
45,2022-08-17 00:00:00,227.25,232.7,233.6,226.35
46,2021-06-03 00:00:00,136.55,137.25,139.5,135.75
47,2022-08-23 00:00:00,227.75,226.0,231.6,225.9
48,2022-08-29 00:00:00,231.4,228.2,234.0,225.6
49,2021-06-08 00:00:00,133.55,134.5,136.5,132.4
50,2022-09-02 00:00:00,236.35,233.0,239.8,232.25
51,2022-09-15 00:00:00,244.7,247.35,250.8,243.0
52,2021-07-01 00:00:00,153.25,143.0,156.05,143.0
53,2022-09-26 00:00:00,215.7,227.5,227.5,211.0
54,2021-07-14 00:00:00,157.7,158.9,160.7,155.85
55,2022-10-21 00:00:00,210.75,213.9,215.2,209.55
56,2021-07-19 00:00:00,174.1,168.9,175.0,163.15
57,2022-11-09 00:00:00,192.6,190.0,194.8,190.0
58,2021-08-02 00:00:00,193.45,196.0,198.65,192.25
59,2021-10-25 00:00:00,262.05,265.0,276.2,254.45
60,2022-11-21 00:00:00,196.65,199.05,199.05,195.8
61,2022-12-05 00:00:00,215.65,206.4,222.5,205.1
62,2023-01-16 00:00:00,199.0,201.85,204.2,198.0
63,2021-10-27 00:00:00,277.6,283.45,286.1,276.1
64,2023-01-24 00:00:00,196.75,197.25,198.6,195.7
65,2023-02-23 00:00:00,178.25,179.75,180.8,177.05
66,2021-10-28 00:00:00,267.45,277.0,277.6,265.05
67,2021-11-01 00:00:00,282.1,269.0,283.9,268.0
68,2023-04-20 00:00:00,194.1,191.7,200.8,190.65
69,2021-11-03 00:00:00,248.75,267.2,267.4,244.5
70,2023-05-18 00:00:00,176.25,185.0,186.65,175.5
71,2023-05-24 00:00:00,179.25,179.5,182.7,177.7
72,2021-11-04 00:00:00,248.9,245.65,253.6,245.0
73,2023-06-19 00:00:00,194.9,196.0,200.0,192.6
74,2023-06-30 00:00:00,200.2,193.15,206.3,193.15
75,2021-11-29 00:00:00,215.15,230.15,234.0,213.8
76,2022-01-13 00:00:00,257.0,254.0,260.0,251.55
77,2022-01-18 00:00:00,248.85,258.95,259.7,247.1
78,2023-07-06 00:00:00,200.85,206.75,207.75,198.5
79,2022-02-16 00:00:00,244.7,246.75,253.55,243.0
80,2022-02-28 00:00:00,209.4,211.1,212.05,204.2
81,2023-08-01 00:00:00,206.4,202.4,209.4,200.35
82,2023-08-04 00:00:00,208.45,209.0,211.0,207.05
83,2022-03-30 00:00:00,264.4,271.2,277.9,261.0
84,2023-08-09 00:00:00,206.2,204.25,207.45,203.05
85,2022-04-12 00:00:00,292.8,302.5,302.7,288.3
86,2023-08-16 00:00:00,201.0,199.0,202.1,199.0
87,2022-04-26 00:00:00,297.85,299.55,307.3,294.7
88,2023-08-17 00:00:00,207.1,201.95,208.95,201.1
89,2022-06-01 00:00:00,255.95,245.3,259.0,245.3
90,2022-07-18 00:00:00,250.45,254.3,257.1,247.0
91,2022-07-26 00:00:00,249.3,252.7,256.8,248.0
92,2022-09-29 00:00:00,211.15,219.4,219.4,210.0
93,2022-10-03 00:00:00,210.15,214.2,215.7,209.0
94,2022-10-17 00:00:00,210.5,212.05,214.9,209.55
95,2022-10-25 00:00:00,209.2,214.0,214.0,208.0
96,2022-11-10 00:00:00,190.25,192.6,193.2,189.0
97,2022-11-22 00:00:00,198.6,196.5,199.9,196.4
98,2022-12-08 00:00:00,209.5,209.95,214.6,209.0
99,2022-12-30 00:00:00,202.4,201.25,204.6,200.85
100,2023-01-05 00:00:00,206.95,211.9,212.15,205.3
101,2023-01-11 00:00:00,202.45,204.35,205.5,202.0
102,2023-01-18 00:00:00,199.35,201.0,201.75,198.75
103,2023-02-14 00:00:00,170.25,173.0,173.0,169.5
104,2023-02-22 00:00:00,179.05,185.1,185.95,178.0
105,2023-04-19 00:00:00,190.15,194.5,195.0,188.9
106,2023-06-01 00:00:00,181.75,180.95,183.8,179.2
107,2023-06-06 00:00:00,192.35,186.4,195.0,185.95
108,2023-06-14 00:00:00,188.5,192.0,193.4,188.0
109,2023-06-22 00:00:00,193.5,197.0,197.9,192.5
110,2023-07-04 00:00:00,196.95,200.0,202.5,195.35
111,2023-07-11 00:00:00,194.5,199.0,200.95,194.0
112,2023-08-02 00:00:00,207.75,206.4,214.9,202.95
113,2023-08-18 00:00:00,203.45,207.0,208.1,202.15
114,2023-08-22 00:00:00,205.15,204.75,206.5,204.1
115,2023-08-23 00:00:00,205.8,206.1,208.8,205.15
116,2021-03-26 00:00:00,86.65,90.0,90.45,86.0
117,2021-04-27 00:00:00,93.7,89.8,94.5,89.2
118,2021-06-23 00:00:00,132.1,134.75,135.8,130.25
119,2021-06-30 00:00:00,141.8,136.2,147.25,134.9
120,2021-07-28 00:00:00,193.15,194.8,196.15,187.35
121,2021-08-13 00:00:00,198.15,200.5,204.9,195.25
122,2021-08-20 00:00:00,173.9,178.35,183.6,172.0
123,2021-10-26 00:00:00,281.7,263.4,284.0,263.4
124,2021-11-12 00:00:00,256.15,262.6,262.8,254.3
125,2021-11-15 00:00:00,247.0,257.0,261.0,245.0
126,2021-11-16 00:00:00,249.9,246.1,257.2,245.35
127,2021-12-02 00:00:00,229.95,223.5,231.5,221.75
128,2021-12-08 00:00:00,236.35,232.0,240.0,231.2
129,2022-01-11 00:00:00,256.15,259.5,264.5,253.4
130,2022-02-01 00:00:00,273.05,267.4,274.9,258.35
131,2022-02-07 00:00:00,255.6,260.0,265.5,254.05
132,2022-02-09 00:00:00,252.95,253.8,258.4,250.15
133,2022-03-08 00:00:00,196.35,198.0,200.8,190.0
134,2022-03-29 00:00:00,269.15,268.95,273.9,263.05
135,2022-04-05 00:00:00,289.6,293.9,297.3,286.55
136,2022-04-07 00:00:00,279.8,286.0,293.25,276.0
137,2022-04-11 00:00:00,301.25,297.0,305.5,297.0
138,2022-04-27 00:00:00,286.65,297.7,297.7,283.65
139,2022-05-12 00:00:00,222.7,229.9,234.2,220.6
140,2022-05-20 00:00:00,253.3,248.05,254.8,245.7
141,2022-05-23 00:00:00,245.85,253.5,255.3,244.0
142,2022-08-12 00:00:00,229.05,223.8,232.7,222.6
143,2022-08-16 00:00:00,231.05,230.85,234.0,229.0
144,2022-09-09 00:00:00,242.65,242.3,249.0,241.5
145,2022-09-23 00:00:00,227.5,233.3,235.0,226.15
146,2022-12-02 00:00:00,205.0,202.85,205.3,200.65
147,2023-01-10 00:00:00,204.35,206.6,207.2,202.5
148,2023-02-02 00:00:00,174.95,176.5,180.1,173.3
149,2023-02-07 00:00:00,175.7,175.0,178.1,173.5
150,2023-03-14 00:00:00,177.35,181.0,183.3,176.8
151,2023-03-27 00:00:00,170.35,175.3,175.4,170.05
152,2023-05-03 00:00:00,195.8,199.75,199.85,195.0
153,2023-05-04 00:00:00,199.25,196.15,202.0,196.15
154,2023-05-15 00:00:00,204.95,204.1,206.4,203.0
155,2023-07-17 00:00:00,193.3,191.0,196.0,191.0
156,2023-07-19 00:00:00,189.7,191.65,191.8,188.6
157,2023-07-26 00:00:00,191.3,195.0,195.75,191.0
158,2021-04-01 00:00:00,89.1,86.9,89.6,86.0
159,2021-05-19 00:00:00,121.85,117.5,125.4,113.45
160,2021-05-07 00:00:00,95.2,95.5,97.35,95.0
161,2021-07-08 00:00:00,153.05,151.7,156.4,149.1
162,2021-06-02 00:00:00,137.1,134.8,138.5,132.5
163,2021-06-24 00:00:00,129.95,131.45,134.2,128.6
164,2021-08-04 00:00:00,203.8,203.0,210.0,201.85
165,2021-06-29 00:00:00,135.1,135.2,136.55,133.2
166,2021-08-18 00:00:00,184.35,190.0,192.9,182.0
167,2021-11-23 00:00:00,230.6,223.75,233.75,218.3
168,2021-08-25 00:00:00,181.15,180.0,184.5,179.85
169,2021-12-10 00:00:00,235.25,234.0,237.25,231.75
170,2021-08-26 00:00:00,176.15,182.0,182.1,175.25
171,2021-12-13 00:00:00,236.1,237.5,244.95,235.0
172,2021-08-31 00:00:00,208.9,212.0,213.5,204.3
173,2022-02-02 00:00:00,268.75,275.25,279.0,267.05
174,2021-09-09 00:00:00,198.2,199.0,202.95,196.05
175,2021-09-15 00:00:00,215.6,204.6,217.45,203.5
176,2022-02-08 00:00:00,252.05,255.1,261.2,247.85
177,2022-03-03 00:00:00,210.6,210.25,214.25,208.05
178,2021-10-18 00:00:00,276.65,289.65,291.95,260.9
179,2022-03-11 00:00:00,217.15,205.0,219.0,205.0
180,2021-12-22 00:00:00,230.45,214.3,232.4,214.05
181,2022-03-25 00:00:00,242.2,240.15,244.85,238.8
182,2022-01-21 00:00:00,250.5,254.2,260.7,245.05
183,2022-03-28 00:00:00,267.6,243.0,269.0,234.1
184,2022-02-24 00:00:00,202.5,215.9,220.0,200.6
185,2022-05-06 00:00:00,258.55,265.0,265.0,255.0
186,2022-03-07 00:00:00,195.8,194.55,199.9,192.85
187,2022-05-18 00:00:00,251.3,248.5,256.3,247.45
188,2022-03-23 00:00:00,239.2,244.7,245.45,238.0
189,2022-06-24 00:00:00,244.35,247.0,252.0,242.0
190,2022-04-28 00:00:00,291.65,288.3,296.55,287.15
191,2022-07-29 00:00:00,226.75,223.75,229.45,223.3
192,2022-07-11 00:00:00,258.65,253.0,261.7,253.0
193,2022-09-13 00:00:00,249.85,247.95,259.4,247.85
194,2022-07-13 00:00:00,255.7,260.8,264.5,254.25
195,2022-10-31 00:00:00,187.5,188.1,189.9,186.5
196,2022-08-05 00:00:00,225.4,222.5,229.4,222.0
197,2022-11-07 00:00:00,191.55,192.7,192.7,190.5
198,2022-09-20 00:00:00,234.25,234.95,237.9,232.5
199,2022-11-24 00:00:00,201.4,197.9,204.6,197.6
200,2022-09-22 00:00:00,232.15,230.0,233.3,227.9
201,2023-03-06 00:00:00,193.0,193.0,195.35,189.2
202,2023-03-21 00:00:00,184.1,176.0,189.7,175.15
203,2022-10-14 00:00:00,211.75,216.0,216.95,211.05
204,2022-10-18 00:00:00,212.1,213.5,214.65,210.6
205,2023-04-13 00:00:00,181.8,182.55,184.35,180.35
206,2022-11-17 00:00:00,196.95,201.45,201.7,195.8
207,2023-04-24 00:00:00,203.2,189.7,206.4,188.35
208,2023-03-01 00:00:00,184.75,172.95,187.0,171.4
209,2023-05-16 00:00:00,202.65,205.85,210.2,202.05
210,2023-03-02 00:00:00,182.65,184.7,184.7,180.95
211,2023-05-29 00:00:00,183.25,183.85,185.9,182.3
212,2023-06-08 00:00:00,188.0,192.0,193.25,187.1
213,2023-03-03 00:00:00,188.95,183.1,190.9,182.1
214,2023-03-29 00:00:00,175.05,170.65,177.7,170.65
215,2023-06-20 00:00:00,197.5,194.1,198.2,193.0
216,2023-04-10 00:00:00,182.1,187.0,188.7,181.55
217,2023-08-11 00:00:00,202.05,202.0,205.0,200.2
218,2023-05-30 00:00:00,181.8,183.7,183.85,180.25
219,2023-06-02 00:00:00,182.7,183.3,184.0,181.3
220,2023-06-16 00:00:00,197.3,193.2,201.55,192.95
221,2023-06-28 00:00:00,193.15,196.65,198.65,191.75
222,2023-07-12 00:00:00,192.05,196.0,196.35,191.0
223,2021-02-08 00:00:00,99.6,97.1,100.55,97.1
224,2021-02-10 00:00:00,102.9,104.0,104.9,100.2
225,2021-02-11 00:00:00,98.7,104.0,107.9,97.85
226,2021-02-15 00:00:00,96.1,99.7,100.5,95.5
227,2021-02-16 00:00:00,94.4,96.15,96.8,94.0
228,2021-03-15 00:00:00,101.15,99.15,103.7,96.4
229,2021-03-23 00:00:00,94.2,93.6,96.15,93.6
230,2021-04-22 00:00:00,86.95,85.55,87.9,85.2
231,2021-05-04 00:00:00,95.1,98.85,100.0,94.5
232,2021-05-05 00:00:00,95.35,95.75,97.1,95.1
233,2021-06-16 00:00:00,138.5,141.5,142.95,138.0
234,2021-07-07 00:00:00,150.25,148.9,154.35,147.2
235,2021-07-12 00:00:00,159.15,155.5,162.4,154.8
236,2021-07-22 00:00:00,182.9,172.0,185.5,168.45
237,2021-08-11 00:00:00,191.8,197.0,198.1,178.7
238,2021-08-12 00:00:00,200.55,189.15,202.3,189.15
239,2021-08-24 00:00:00,179.1,161.2,182.0,161.2
240,2021-09-01 00:00:00,206.1,206.0,209.7,202.25
241,2021-09-22 00:00:00,293.05,274.15,297.9,272.2
242,2021-09-24 00:00:00,284.0,291.0,294.1,280.0
243,2021-09-27 00:00:00,292.1,285.45,294.6,283.0
244,2021-10-01 00:00:00,299.9,303.8,306.3,295.0
245,2021-10-11 00:00:00,298.25,312.75,312.75,296.9
246,2021-10-14 00:00:00,289.65,296.0,296.4,288.0
247,2021-11-26 00:00:00,230.15,240.0,242.85,228.5
248,2021-12-09 00:00:00,233.9,237.9,238.8,232.65
249,2022-02-17 00:00:00,242.3,246.5,247.5,241.35
250,2022-02-25 00:00:00,211.15,214.0,217.75,207.65
251,2022-03-09 00:00:00,204.9,199.5,207.0,196.5
252,2022-03-16 00:00:00,224.15,225.2,227.55,222.0
253,2022-04-19 00:00:00,306.15,300.0,318.25,297.8
254,2022-04-22 00:00:00,308.2,310.0,314.5,305.3
255,2022-05-31 00:00:00,245.3,246.7,250.8,243.0
256,2022-07-07 00:00:00,252.65,251.5,262.65,250.0
257,2022-08-18 00:00:00,230.6,228.9,232.0,227.1
258,2022-09-01 00:00:00,232.2,235.0,237.3,230.45
259,2022-09-21 00:00:00,228.6,234.5,236.15,226.9
260,2022-09-28 00:00:00,213.6,206.1,217.7,205.0
261,2022-11-11 00:00:00,200.6,192.8,203.8,191.0
262,2022-11-18 00:00:00,198.5,198.0,199.15,197.0
263,2022-11-23 00:00:00,197.9,199.0,200.05,197.25
264,2022-12-07 00:00:00,209.2,210.0,210.3,207.8
265,2022-12-28 00:00:00,202.4,201.0,204.95,200.6
266,2023-01-12 00:00:00,200.0,203.75,204.35,199.0
267,2023-01-13 00:00:00,200.85,201.15,201.9,199.0
268,2023-02-03 00:00:00,174.5,176.3,177.5,169.0
269,2023-02-17 00:00:00,187.5,180.95,189.0,180.0
270,2023-02-20 00:00:00,186.1,187.75,189.35,183.95
271,2023-02-24 00:00:00,175.3,178.6,179.15,174.0
272,2023-03-09 00:00:00,189.0,193.9,195.05,188.4
273,2023-03-13 00:00:00,180.9,188.0,189.4,180.2
274,2023-03-15 00:00:00,172.85,178.6,180.9,171.0
275,2023-04-26 00:00:00,196.45,201.4,201.45,196.05
276,2023-05-09 00:00:00,200.2,208.15,210.45,199.15
277,2023-05-11 00:00:00,202.25,201.4,203.95,199.9
278,2023-05-26 00:00:00,182.9,180.35,183.5,179.0
279,2023-06-23 00:00:00,191.95,194.45,195.5,191.05
280,2023-07-14 00:00:00,190.25,190.1,191.9,188.75
281,2021-02-12 00:00:00,99.05,99.5,101.3,98.1
282,2021-02-18 00:00:00,96.75,96.6,97.85,96.0
283,2021-03-08 00:00:00,103.65,105.8,106.75,103.0
284,2021-03-12 00:00:00,98.35,104.0,104.25,81.2
285,2021-03-17 00:00:00,96.35,100.5,100.5,95.9
286,2021-03-30 00:00:00,86.65,88.95,89.0,84.95
287,2021-04-06 00:00:00,88.15,87.55,91.15,86.8
288,2021-04-07 00:00:00,93.95,88.75,94.85,88.4
289,2021-04-30 00:00:00,96.65,96.75,99.3,96.05
290,2021-05-14 00:00:00,103.65,103.6,106.75,101.2
291,2021-06-14 00:00:00,143.55,146.3,146.7,137.1
292,2021-06-28 00:00:00,134.1,134.0,136.0,131.05
293,2021-07-15 00:00:00,161.4,158.0,166.05,156.7
294,2021-08-30 00:00:00,211.2,203.4,214.8,199.0
295,2021-09-16 00:00:00,240.15,218.15,248.9,216.55
296,2021-10-04 00:00:00,314.85,300.0,316.9,300.0
297,2021-10-21 00:00:00,274.1,271.25,279.75,268.0
298,2021-11-11 00:00:00,261.3,265.05,266.4,259.2
299,2021-12-21 00:00:00,213.15,209.0,218.7,209.0
300,2022-01-12 00:00:00,254.85,258.0,261.0,250.9
301,2022-01-24 00:00:00,234.7,248.0,250.7,230.1
302,2022-03-04 00:00:00,203.0,210.0,211.6,201.15
303,2022-03-21 00:00:00,242.2,245.0,251.95,240.0
304,2022-04-08 00:00:00,295.55,280.0,302.75,279.8
305,2022-06-13 00:00:00,231.9,245.1,245.7,230.45
306,2022-06-23 00:00:00,243.85,239.95,247.75,233.1
307,2022-06-28 00:00:00,251.35,243.65,254.35,243.65
308,2022-08-26 00:00:00,234.75,238.5,240.75,233.1
309,2022-09-30 00:00:00,214.2,212.25,217.1,209.95
310,2022-10-07 00:00:00,219.75,219.6,223.0,217.55
311,2022-12-22 00:00:00,205.05,204.0,207.45,196.0
312,2023-01-19 00:00:00,197.7,199.3,201.6,196.2
313,2023-01-25 00:00:00,190.95,196.95,196.95,190.0
314,2023-01-31 00:00:00,180.05,178.4,181.0,178.05
315,2023-02-10 00:00:00,176.25,171.85,178.0,170.8
316,2023-02-28 00:00:00,172.9,174.55,176.6,170.15
317,2023-03-17 00:00:00,175.7,178.05,180.95,174.65
318,2023-05-10 00:00:00,200.55,201.25,202.85,198.55
319,2021-02-23 00:00:00,92.55,92.8,95.85,91.6
320,2021-03-31 00:00:00,85.55,87.0,88.5,85.0
321,2021-05-06 00:00:00,95.35,95.9,96.8,95.0
322,2021-05-25 00:00:00,126.95,127.0,128.8,124.3
323,2021-05-28 00:00:00,132.75,137.45,138.85,131.7
324,2021-06-09 00:00:00,135.7,133.2,141.8,133.1
325,2021-06-15 00:00:00,141.95,144.65,146.5,140.75
326,2021-07-29 00:00:00,197.55,193.8,200.6,190.1
327,2021-09-28 00:00:00,287.35,292.4,293.6,280.05
328,2021-10-20 00:00:00,271.25,280.05,281.8,266.0
329,2021-11-18 00:00:00,236.9,247.55,247.55,235.0
330,2021-12-31 00:00:00,236.9,228.2,239.0,227.5
331,2022-02-03 00:00:00,265.65,269.0,272.7,262.8
332,2022-02-23 00:00:00,225.5,228.0,232.45,224.15
333,2022-03-24 00:00:00,239.9,239.5,241.9,237.05
334,2022-04-13 00:00:00,305.9,294.0,307.8,294.0
335,2022-04-29 00:00:00,282.6,293.1,296.95,280.0
336,2022-06-06 00:00:00,260.75,258.05,263.05,248.6
337,2022-06-22 00:00:00,238.8,244.9,248.25,235.6
338,2022-07-06 00:00:00,249.6,245.3,251.4,244.15
339,2022-08-01 00:00:00,232.95,228.0,234.0,223.9
340,2022-08-22 00:00:00,226.9,233.0,233.1,225.35
341,2022-09-27 00:00:00,208.65,217.9,219.6,206.0
342,2023-03-20 00:00:00,175.45,173.45,177.7,172.55
343,2023-04-05 00:00:00,181.2,177.0,182.4,177.0
344,2023-04-17 00:00:00,182.15,182.7,182.7,180.0
345,2023-04-21 00:00:00,188.9,194.85,194.85,187.1
346,2023-06-26 00:00:00,195.1,192.45,196.2,191.4
347,2023-06-27 00:00:00,195.0,195.05,196.75,193.1
348,2021-02-17 00:00:00,96.5,94.2,98.7,94.05
349,2021-02-22 00:00:00,92.0,94.5,95.25,91.4
350,2021-02-24 00:00:00,96.25,93.1,97.0,92.95
351,2021-04-05 00:00:00,87.45,89.8,89.8,86.35
352,2021-04-08 00:00:00,94.35,94.8,96.5,93.7
353,2021-04-16 00:00:00,90.15,87.1,92.5,87.1
354,2021-05-03 00:00:00,98.0,96.2,99.0,95.0
355,2021-05-24 00:00:00,124.25,123.2,126.35,123.2
356,2021-05-27 00:00:00,135.95,141.5,143.9,134.85
357,2021-06-10 00:00:00,138.45,136.8,139.85,136.05
358,2021-06-17 00:00:00,136.6,136.0,140.7,135.55
359,2021-07-05 00:00:00,155.9,158.15,161.4,153.5
360,2021-08-10 00:00:00,196.5,203.1,210.7,184.1
361,2021-09-06 00:00:00,197.0,201.5,201.75,195.75
362,2021-09-17 00:00:00,281.15,241.95,284.9,234.5
363,2021-09-23 00:00:00,292.7,296.4,304.95,285.0
364,2021-11-22 00:00:00,224.3,237.0,238.3,220.0
365,2021-12-01 00:00:00,221.75,224.0,224.0,219.5
366,2021-12-15 00:00:00,228.35,235.8,237.8,227.0
367,2021-12-16 00:00:00,219.8,230.3,232.9,219.0
368,2022-01-20 00:00:00,258.3,256.6,264.95,248.0
369,2022-01-25 00:00:00,237.15,228.0,240.0,224.45
370,2022-02-18 00:00:00,239.25,242.3,247.65,236.8
371,2022-02-21 00:00:00,226.85,240.0,242.35,225.0
372,2022-04-04 00:00:00,293.15,279.9,296.3,278.7
373,2022-04-20 00:00:00,308.55,309.0,319.0,305.3
374,2022-05-09 00:00:00,251.5,254.0,263.6,248.1
375,2022-05-11 00:00:00,235.7,245.5,248.5,231.15
376,2022-05-19 00:00:00,241.65,243.0,248.0,239.25
377,2022-06-08 00:00:00,256.75,258.7,260.35,252.35
378,2022-06-14 00:00:00,229.95,229.35,239.0,227.75
379,2022-06-16 00:00:00,221.85,237.0,239.75,220.5
380,2022-07-21 00:00:00,249.7,253.1,261.0,248.3
381,2022-07-22 00:00:00,249.2,251.7,254.75,247.5
382,2022-09-08 00:00:00,240.25,244.45,247.65,239.0
383,2022-09-12 00:00:00,245.5,244.5,249.0,243.8
384,2022-09-19 00:00:00,232.55,242.0,242.6,230.0
385,2022-12-14 00:00:00,206.05,206.9,207.85,205.1
386,2023-02-15 00:00:00,180.15,170.25,182.9,170.15
387,2023-04-06 00:00:00,186.9,182.25,189.5,180.3
388,2023-05-08 00:00:00,208.15,205.95,213.1,204.0
389,2023-08-07 00:00:00,207.5,208.0,212.95,205.2
390,2023-08-21 00:00:00,203.95,203.5,205.4,202.5
391,2021-02-04 00:00:00,98.7,95.2,99.35,93.5
392,2021-03-01 00:00:00,98.6,96.2,101.7,96.0
393,2021-03-04 00:00:00,107.6,100.65,109.7,100.3
394,2021-04-13 00:00:00,88.85,87.75,89.75,87.0
395,2021-04-20 00:00:00,87.05,88.4,89.1,86.4
396,2021-04-26 00:00:00,89.2,89.35,90.5,88.55
397,2021-05-18 00:00:00,116.0,121.5,122.9,115.0
398,2021-06-07 00:00:00,134.85,134.6,138.65,133.5
399,2021-06-11 00:00:00,145.35,139.55,149.4,138.65
400,2021-06-18 00:00:00,132.45,137.8,137.9,126.45
401,2021-08-23 00:00:00,161.0,175.2,178.5,157.1
402,2021-09-08 00:00:00,198.35,190.0,205.0,189.5
403,2021-10-08 00:00:00,311.15,318.95,319.6,310.0
404,2021-10-12 00:00:00,291.55,299.7,307.2,288.5
405,2021-12-17 00:00:00,214.85,219.5,224.0,213.05
406,2022-01-27 00:00:00,239.65,232.0,243.95,231.1
407,2022-02-11 00:00:00,253.7,255.9,261.35,252.25
408,2022-05-02 00:00:00,283.0,280.4,284.9,270.5
409,2022-06-10 00:00:00,251.6,252.1,257.0,250.25
410,2022-06-20 00:00:00,203.85,222.0,223.65,201.9
411,2022-06-29 00:00:00,247.85,248.25,254.4,244.05
412,2022-07-27 00:00:00,225.4,249.75,252.8,221.4
413,2022-08-10 00:00:00,223.4,225.0,225.35,222.3
414,2022-10-12 00:00:00,215.1,219.0,219.9,213.15
415,2022-10-19 00:00:00,212.0,212.1,213.4,210.0
416,2022-10-27 00:00:00,194.35,195.0,199.9,192.0
417,2022-12-06 00:00:00,210.2,214.5,214.8,209.0
418,2022-12-13 00:00:00,205.4,203.25,207.45,202.45
419,2022-12-19 00:00:00,206.2,206.5,210.0,204.5
420,2023-01-23 00:00:00,197.25,197.75,198.0,195.7
421,2023-02-01 00:00:00,176.3,180.95,184.65,174.0
422,2023-02-06 00:00:00,174.7,174.85,178.8,173.0
423,2023-02-09 00:00:00,171.4,174.0,174.5,171.0
424,2023-05-05 00:00:00,204.9,199.25,210.0,198.15
425,2023-05-22 00:00:00,178.1,180.9,181.3,177.2
426,2023-07-07 00:00:00,200.6,199.5,203.9,198.2
427,2023-07-28 00:00:00,194.2,190.95,194.95,190.15
428,2021-03-02 00:00:00,99.45,99.4,102.0,98.7
429,2021-03-05 00:00:00,105.0,108.4,111.4,102.35
430,2021-04-23 00:00:00,88.2,87.2,90.75,87.2
431,2021-05-11 00:00:00,101.4,97.9,104.45,97.5
432,2021-07-27 00:00:00,194.3,194.5,199.5,186.05
433,2021-09-13 00:00:00,205.0,196.0,207.4,196.0
434,2021-09-29 00:00:00,302.0,284.0,304.6,282.9
435,2021-10-05 00:00:00,324.85,314.75,335.75,308.1
436,2021-11-08 00:00:00,244.7,246.0,250.35,241.95
437,2021-11-30 00:00:00,218.25,215.15,224.85,215.15
438,2021-12-14 00:00:00,234.85,235.9,237.8,232.8
439,2021-12-23 00:00:00,226.25,231.9,232.2,224.0
440,2021-12-29 00:00:00,230.0,232.6,235.85,229.0
441,2021-12-30 00:00:00,226.45,229.65,234.85,219.25
442,2022-03-10 00:00:00,207.3,210.05,215.65,206.0
443,2022-03-17 00:00:00,243.65,226.45,248.0,223.85
444,2022-04-25 00:00:00,296.45,302.25,307.8,291.9
445,2022-07-04 00:00:00,246.65,246.25,252.25,241.65
446,2022-07-15 00:00:00,252.05,256.2,258.25,248.5
447,2022-08-19 00:00:00,232.25,232.0,238.2,231.35
448,2022-10-06 00:00:00,219.55,216.0,224.0,216.0
449,2022-10-20 00:00:00,213.0,218.0,218.0,210.4
450,2022-11-01 00:00:00,189.6,190.0,190.5,187.6
451,2022-12-12 00:00:00,202.05,207.9,208.6,201.0
452,2022-12-29 00:00:00,199.95,202.4,202.4,199.1
453,2023-01-02 00:00:00,200.05,202.55,204.95,199.0
454,2023-02-16 00:00:00,181.15,180.0,183.4,180.0
455,2023-03-24 00:00:00,175.3,178.85,179.6,175.0
456,2023-05-02 00:00:00,200.15,200.0,203.4,198.75
457,2023-07-18 00:00:00,190.2,195.35,195.75,189.5
458,2021-07-23 00:00:00,179.85,184.0,184.6,178.0
459,2021-07-30 00:00:00,194.2,197.9,199.35,193.05
460,2021-08-16 00:00:00,191.55,194.85,197.35,190.45
461,2021-09-07 00:00:00,189.45,196.0,198.05,188.7
462,2021-10-06 00:00:00,319.45,327.8,329.8,314.0
463,2021-11-02 00:00:00,258.55,286.0,288.25,254.0
464,2021-11-10 00:00:00,263.7,262.8,270.2,259.6
465,2021-12-07 00:00:00,229.55,229.0,238.45,228.1
466,2021-12-20 00:00:00,205.5,210.0,210.5,200.0
467,2022-01-06 00:00:00,243.45,243.5,246.0,239.3
468,2022-02-04 00:00:00,262.3,266.4,269.35,260.7
469,2022-02-10 00:00:00,260.45,254.0,265.0,250.7
470,2022-04-01 00:00:00,276.75,265.0,284.0,265.0
471,2022-05-17 00:00:00,246.7,237.45,248.95,229.6
472,2022-05-26 00:00:00,236.15,228.4,245.0,218.05
473,2022-05-27 00:00:00,238.45,239.4,246.25,236.9
474,2022-05-30 00:00:00,246.35,241.0,250.7,241.0
475,2022-06-17 00:00:00,220.9,217.9,226.5,211.45
476,2022-06-30 00:00:00,245.9,248.9,253.3,242.75
477,2022-07-08 00:00:00,256.25,254.9,259.2,251.1
478,2022-07-19 00:00:00,248.8,250.0,252.0,247.4
479,2022-08-02 00:00:00,230.3,233.7,233.7,228.8
480,2022-08-03 00:00:00,223.8,228.1,230.2,222.2
481,2022-08-11 00:00:00,224.55,224.95,227.4,223.1
482,2022-08-24 00:00:00,233.15,229.0,234.95,227.9
483,2022-09-05 00:00:00,240.3,238.0,246.0,236.4
484,2022-09-16 00:00:00,241.8,245.0,247.55,236.0
485,2022-10-04 00:00:00,213.85,213.5,215.75,212.2
486,2022-10-24 00:00:00,213.5,212.0,214.65,211.75
487,2022-11-14 00:00:00,202.45,201.75,204.2,197.9
488,2022-12-09 00:00:00,207.05,210.85,211.25,203.85
489,2022-12-15 00:00:00,206.15,208.0,210.4,205.8
490,2023-01-06 00:00:00,204.3,207.3,209.35,203.0
491,2023-01-09 00:00:00,206.45,205.6,208.3,204.7
492,2023-02-21 00:00:00,186.15,185.7,187.05,184.3
493,2023-04-03 00:00:00,178.15,172.95,179.65,172.45
494,2023-04-12 00:00:00,182.55,180.0,185.7,178.3
495,2023-04-25 00:00:00,201.8,203.9,205.9,199.3
496,2023-04-28 00:00:00,198.55,199.9,203.3,197.3
497,2023-05-17 00:00:00,189.35,202.0,204.65,185.2
498,2023-06-21 00:00:00,195.75,197.9,201.35,195.0
499,2023-07-03 00:00:00,198.2,202.0,205.65,196.15
500,2023-07-27 00:00:00,190.5,191.8,192.8,190.0
501,2023-08-08 00:00:00,204.2,208.0,209.15,203.2
502,2023-08-14 00:00:00,200.45,202.05,202.7,200.0
503,2021-02-19 00:00:00,94.1,97.4,97.75,92.65
504,2021-02-25 00:00:00,98.1,97.0,99.3,95.05
505,2021-03-19 00:00:00,94.0,91.7,94.45,89.0
506,2021-03-24 00:00:00,91.85,93.9,94.7,91.5
507,2021-05-12 00:00:00,102.25,102.0,105.95,101.6
508,2021-07-09 00:00:00,154.45,153.75,155.55,151.6
509,2021-08-03 00:00:00,201.3,194.45,207.4,193.55
510,2021-09-20 00:00:00,270.95,277.0,297.0,266.0
511,2021-11-09 00:00:00,266.55,245.4,269.15,245.35
512,2022-02-22 00:00:00,221.45,220.0,224.4,217.5
513,2022-03-14 00:00:00,222.8,218.0,230.2,217.15
514,2022-03-22 00:00:00,243.55,243.45,247.7,238.05
515,2022-05-10 00:00:00,246.0,251.05,262.95,243.1
516,2022-05-13 00:00:00,234.1,225.0,238.3,225.0
517,2022-05-16 00:00:00,233.95,229.35,235.8,227.0
518,2022-06-07 00:00:00,257.0,260.0,262.65,255.15
519,2022-06-21 00:00:00,244.55,208.3,244.6,208.05
520,2022-07-12 00:00:00,258.2,257.0,264.4,256.05
521,2022-08-25 00:00:00,236.85,234.85,239.4,233.5
522,2022-09-07 00:00:00,242.4,239.0,244.5,238.2
523,2022-10-10 00:00:00,221.0,217.8,225.45,215.8
524,2022-10-13 00:00:00,212.2,216.0,217.45,211.05
525,2022-11-29 00:00:00,199.0,198.65,200.25,197.0
526,2022-12-23 00:00:00,193.25,205.25,206.15,192.0
527,2022-12-27 00:00:00,200.2,199.1,205.55,195.5
528,2023-01-17 00:00:00,200.95,199.15,202.0,198.15
529,2023-03-23 00:00:00,178.85,180.95,183.0,178.05
530,2023-06-05 00:00:00,185.45,183.6,187.0,182.1
531,2023-06-09 00:00:00,187.2,188.45,191.0,185.75
532,2021-03-25 00:00:00,88.0,92.0,92.95,87.3
533,2021-04-09 00:00:00,93.05,94.3,95.5,92.85
534,2021-05-21 00:00:00,122.15,126.8,127.8,121.05
535,2021-05-26 00:00:00,133.85,127.95,139.4,122.9
536,2021-06-04 00:00:00,134.45,137.4,137.8,133.8
537,2021-06-21 00:00:00,134.6,129.0,135.6,128.8
538,2021-07-06 00:00:00,148.45,156.75,156.85,147.1
539,2021-07-20 00:00:00,169.4,174.2,181.0,162.0
540,2021-08-05 00:00:00,199.5,205.3,205.7,195.0
541,2021-08-06 00:00:00,203.15,200.0,207.0,199.45
542,2021-09-03 00:00:00,200.5,207.4,207.95,199.0
543,2021-10-13 00:00:00,294.4,292.6,301.45,292.0
544,2022-01-07 00:00:00,245.4,243.4,247.7,241.4
545,2022-01-10 00:00:00,257.2,246.0,259.9,241.45
546,2022-01-17 00:00:00,257.0,261.2,264.9,256.0
547,2022-01-31 00:00:00,265.25,268.8,274.85,263.0
548,2022-03-02 00:00:00,207.85,207.9,212.95,206.0
549,2022-03-15 00:00:00,221.95,224.0,230.45,218.6
550,2022-05-04 00:00:00,269.95,285.0,286.45,265.5
551,2022-05-24 00:00:00,240.7,245.15,249.5,238.8
552,2022-08-30 00:00:00,235.15,233.2,238.0,232.95
553,2022-10-11 00:00:00,217.65,222.5,222.65,216.05
554,2022-11-28 00:00:00,197.5,199.35,202.0,196.5
555,2022-12-01 00:00:00,202.85,201.0,204.9,200.45
556,2022-12-16 00:00:00,206.0,206.0,208.0,204.0
557,2022-12-20 00:00:00,204.7,207.0,207.55,204.0
558,2022-12-21 00:00:00,202.0,205.0,206.95,198.8
559,2022-12-26 00:00:00,199.8,193.25,201.6,191.55
560,2023-01-27 00:00:00,176.0,172.0,184.0,172.0
561,2023-02-27 00:00:00,173.9,176.15,176.2,173.0
562,2023-03-16 00:00:00,179.05,173.8,180.0,170.7
563,2023-05-12 00:00:00,204.2,201.95,206.65,201.0
564,2023-05-19 00:00:00,180.9,176.35,182.9,175.55
565,2023-07-05 00:00:00,205.9,198.5,214.95,197.0
566,2021-02-05 00:00:00,97.9,99.5,99.5,96.8
567,2021-03-18 00:00:00,93.35,98.25,99.45,92.3
568,2021-04-15 00:00:00,87.25,89.0,89.6,86.0
569,2021-06-01 00:00:00,134.4,139.45,139.9,132.0
570,2021-06-22 00:00:00,134.75,134.75,138.35,134.05
571,2021-06-25 00:00:00,131.65,130.3,133.45,130.3
572,2021-07-02 00:00:00,156.8,154.6,159.8,152.65
573,2021-07-16 00:00:00,167.65,162.75,168.7,161.6
574,2021-07-26 00:00:00,192.55,180.4,194.9,178.05
575,2021-08-27 00:00:00,202.15,176.5,205.3,176.5
576,2021-09-14 00:00:00,204.6,206.5,207.9,203.0
577,2021-10-07 00:00:00,317.45,321.5,324.9,314.1
578,2021-11-17 00:00:00,246.1,248.75,254.9,245.45
579,2021-11-24 00:00:00,238.1,232.0,244.7,231.95
580,2021-12-03 00:00:00,234.8,231.7,240.65,229.55
581,2021-12-06 00:00:00,226.65,235.65,235.65,225.0
582,2021-12-27 00:00:00,218.8,216.4,225.6,216.0
583,2022-01-03 00:00:00,237.0,237.85,240.9,235.1
584,2022-04-21 00:00:00,313.8,311.0,318.6,305.25
585,2022-05-25 00:00:00,226.0,241.8,243.75,223.65
586,2022-06-27 00:00:00,246.75,248.0,254.4,245.4
587,2022-07-20 00:00:00,253.2,253.95,257.5,251.3
588,2022-08-08 00:00:00,225.0,227.15,228.45,224.1
589,2022-11-04 00:00:00,190.9,191.0,191.5,188.5
590,2022-11-15 00:00:00,199.95,202.0,202.5,199.0
591,2022-11-16 00:00:00,201.3,200.25,203.7,198.0
592,2022-11-30 00:00:00,199.5,202.9,202.95,198.95
593,2023-01-04 00:00:00,211.05,211.95,214.9,208.6
594,2023-02-08 00:00:00,173.75,176.0,177.45,173.5
595,2023-02-13 00:00:00,172.7,176.25,176.85,171.55
596,2023-03-08 00:00:00,192.85,193.0,195.0,188.5
597,2023-03-10 00:00:00,188.4,189.0,190.0,185.95
598,2023-03-22 00:00:00,179.9,184.15,184.5,178.5
599,2023-03-28 00:00:00,170.0,170.8,171.85,168.3
600,2023-05-23 00:00:00,179.3,177.25,182.0,177.1
601,2023-06-12 00:00:00,192.25,187.2,193.0,184.9
602,2023-06-15 00:00:00,191.7,189.1,194.7,189.1
603,2023-07-10 00:00:00,199.1,199.8,201.55,198.0
604,2023-07-13 00:00:00,189.9,192.35,194.5,187.55
605,2023-07-25 00:00:00,193.85,185.5,194.95,185.4
606,2023-07-31 00:00:00,202.35,194.0,203.0,194.0
607,2021-02-26 00:00:00,95.9,96.5,98.2,95.0
608,2021-04-19 00:00:00,86.5,88.8,88.8,85.25
609,2021-04-29 00:00:00,97.0,99.6,101.25,96.5
610,2021-05-20 00:00:00,125.75,122.0,130.0,122.0
611,2021-08-09 00:00:00,198.75,203.0,204.55,197.0
612,2021-08-17 00:00:00,190.3,191.35,195.75,189.15
613,2021-09-21 00:00:00,272.75,271.75,276.95,258.35
614,2021-09-30 00:00:00,304.75,302.1,309.4,298.9
615,2021-11-25 00:00:00,243.85,239.0,245.65,233.95
616,2021-12-24 00:00:00,219.65,227.0,227.9,218.65
617,2021-12-28 00:00:00,231.15,219.75,235.5,219.75
618,2022-01-04 00:00:00,238.95,238.1,246.4,237.2
619,2022-01-05 00:00:00,245.95,239.0,251.3,238.4
620,2022-01-14 00:00:00,260.15,256.1,266.4,255.35
621,2022-01-19 00:00:00,254.85,244.3,257.05,242.1
622,2022-01-28 00:00:00,260.45,239.65,272.7,239.65
623,2022-02-15 00:00:00,245.4,278.0,278.0,233.55
624,2022-03-31 00:00:00,266.0,264.4,269.45,257.8
625,2022-04-06 00:00:00,285.2,289.55,294.6,281.5
626,2022-04-18 00:00:00,297.75,303.0,303.0,293.5
627,2022-05-05 00:00:00,268.2,272.55,274.75,266.1
628,2022-06-03 00:00:00,258.15,267.35,267.55,257.0
629,2022-06-09 00:00:00,254.3,254.9,257.9,250.95
630,2022-06-15 00:00:00,231.75,234.0,235.15,230.05
631,2022-07-05 00:00:00,246.75,248.4,251.95,244.65
632,2022-08-04 00:00:00,221.65,224.85,226.25,218.55
633,2022-09-06 00:00:00,240.8,242.0,243.95,238.75
634,2022-09-14 00:00:00,245.35,245.95,255.2,244.1
635,2022-10-28 00:00:00,187.9,195.0,195.0,186.5
636,2022-11-02 00:00:00,190.6,190.95,194.9,189.5
637,2022-11-03 00:00:00,189.65,190.5,192.0,188.75
638,2022-11-25 00:00:00,199.35,202.0,202.05,198.35
639,2023-01-03 00:00:00,210.85,200.5,216.4,200.5
640,2023-01-20 00:00:00,196.2,198.5,199.55,195.3
641,2023-01-30 00:00:00,177.15,172.0,179.45,172.0
642,2023-03-31 00:00:00,171.8,179.0,179.0,171.0
643,2023-04-11 00:00:00,178.9,182.9,186.0,178.1
644,2023-04-18 00:00:00,193.75,183.1,196.75,182.4
645,2023-04-27 00:00:00,198.95,196.95,199.7,196.5
646,2023-05-25 00:00:00,178.2,180.1,180.85,177.3
647,2023-05-31 00:00:00,180.65,181.1,182.15,177.45
648,2023-06-07 00:00:00,191.95,193.1,195.75,191.25
649,2023-06-13 00:00:00,191.15,192.25,195.95,190.6
650,2023-07-20 00:00:00,190.3,189.7,194.15,189.1
651,2023-07-21 00:00:00,189.2,189.7,191.85,187.5
652,2023-07-24 00:00:00,185.1,188.0,188.8,184.8
653,2023-08-03 00:00:00,208.7,207.6,212.45,205.0
654,2023-08-10 00:00:00,201.95,206.0,207.2,201.25
